168.000000
169.289062
173.156250
173.414062
173.414062
173.414062
173.414062
173.414062
173.414062
173.414062
173.414062
173.414062
173.414062
173.414062
173.414062
173.414062
173.414062
173.414062
173.414062
173.414062
173.414062
173.414062
173.414062
173.414062
173.414062
173.414062
173.414062
173.414062
173.414062
173.414062
173.414062
173.414062
173.414062
173.414062
173.414062
173.414062
173.414062
173.414062
173.414062
173.414062
173.414062
173.414062
173.414062
173.414062
173.414062
173.414062
173.414062
173.414062
174.726562
174.726562
174.726562
174.726562
174.726562
174.726562
174.726562
174.726562
174.726562
174.726562
174.726562
174.726562
174.726562
174.726562
174.726562
174.726562
174.726562
174.726562
174.726562
174.726562
174.726562
174.726562
174.726562
174.726562
174.726562
174.726562
174.726562
174.726562
174.726562
174.726562
174.726562
174.726562
174.726562
174.726562
174.726562
174.726562
174.726562
174.726562
174.726562
174.726562
174.726562
174.726562
174.726562
174.726562
174.726562
174.726562
174.726562
174.726562
174.726562
174.726562
174.726562
174.726562
174.726562
174.726562
174.726562
174.726562
174.726562
174.726562
174.726562
174.726562
174.726562
174.726562
174.726562
174.726562
174.726562
174.726562
174.726562
174.726562
174.726562
174.726562
174.726562
174.726562
174.726562
174.726562
174.726562
174.726562
174.726562
174.726562
174.726562
174.726562
174.726562
174.726562
174.726562
174.726562
174.726562
174.726562
174.726562
174.726562
174.726562
174.726562
174.726562
174.726562
174.726562
174.726562
174.726562
174.726562
174.726562
174.726562
174.726562
174.726562
174.726562
174.726562
174.726562
174.726562
174.726562
174.726562
174.726562
174.726562
174.726562
174.726562
174.726562
174.726562
174.726562
174.726562
174.726562
174.726562
174.726562
174.726562
174.726562
174.726562
174.726562
174.726562
174.726562
174.726562
174.726562
174.726562
174.726562
174.726562
174.726562
174.726562
174.726562
174.726562
174.726562
174.726562
174.726562
174.726562
174.726562
174.726562
174.726562
174.726562
174.726562
174.726562
174.726562
174.726562
174.726562
174.726562
175.242188
175.242188
175.242188
175.242188
175.242188
175.242188
175.242188
175.242188
175.242188
175.242188
175.242188
175.242188
175.242188
175.242188
175.242188
175.242188
175.242188
175.242188
175.242188
175.242188
175.242188
176.015625
176.015625
176.015625
177.046875
177.046875
177.046875
177.046875
177.046875
177.046875
177.046875
177.046875
177.046875
177.046875
177.046875
177.046875
177.046875
177.046875
177.046875
177.046875
177.046875
177.046875
177.046875
177.046875
177.046875
177.820312
177.820312
177.820312
177.820312
177.820312
177.820312
177.820312
177.820312
177.820312
177.820312
177.820312
177.820312
177.820312
177.820312
177.820312
177.820312
177.820312
177.820312
177.820312
177.820312
177.820312
177.820312
177.820312
177.820312
177.820312
177.820312
177.820312
177.820312
177.820312
177.820312
177.820312
177.820312
177.820312
177.820312
177.820312
177.820312
177.820312
177.820312
177.820312
177.820312
177.820312
177.820312
177.820312
177.820312
177.820312
177.820312
177.820312
177.820312
177.820312
177.820312
177.820312
177.820312
177.820312
177.820312
177.820312
177.820312
177.820312
177.820312
177.820312
177.820312
177.820312
177.820312
177.820312
177.820312
177.820312
177.820312
177.820312
177.820312
177.820312
177.820312
177.820312
177.820312
177.820312
177.820312
177.820312
177.820312
177.820312
177.820312
177.820312
177.820312
177.820312
177.820312
177.820312
177.820312
177.820312
177.820312
177.820312
177.820312
177.820312
177.820312
177.820312
177.820312
177.820312
177.820312
177.820312
177.820312
177.820312
177.820312
177.820312
177.820312
177.820312
177.820312
177.820312
177.820312
177.820312
177.820312
177.820312
177.820312
177.820312
177.820312
177.820312
177.820312
177.820312
177.820312
177.820312
179.625000
179.625000
179.625000
179.625000
179.625000
179.625000
179.625000
179.625000
179.625000
179.625000
179.625000
179.625000
179.625000
179.625000
179.625000
179.625000
179.625000
179.625000
179.625000
179.625000
179.625000
179.625000
179.625000
179.625000
179.625000
179.625000
179.625000
179.625000
179.625000
179.625000
179.625000
179.625000
179.625000
179.625000
179.625000
179.625000
179.625000
179.625000
179.625000
179.625000
179.625000
179.625000
179.625000
179.625000
179.625000
179.625000
179.625000
179.625000
179.625000
179.625000
179.625000
179.625000
179.625000
179.625000
179.625000
179.625000
179.625000
179.625000
179.625000
179.625000
179.625000
179.625000
180.140625
180.140625
180.140625
180.140625
180.140625
180.140625
180.140625
180.140625
180.140625
180.140625
180.656250
180.656250
180.656250
180.656250
180.656250
180.656250
180.656250
180.656250
180.656250
180.656250
180.656250
180.656250
180.656250
180.656250
180.656250
180.656250
180.656250
180.656250
180.656250
180.656250
180.656250
180.656250
180.656250
180.656250
180.656250
180.656250
180.656250
180.656250
180.656250
180.656250
180.656250
180.656250
180.656250
180.656250
180.656250
180.656250
180.656250
180.656250
180.656250
180.656250
180.656250
180.656250
180.656250
180.656250
180.656250
180.656250
180.656250
180.656250
180.656250
180.656250
180.656250
180.656250
180.656250
180.656250
180.656250
180.656250
180.656250
180.656250
180.656250
180.656250
180.656250
180.656250
180.656250
180.656250
180.656250
180.656250
180.656250
184.781250
184.781250
184.781250
184.781250
184.781250
184.781250
184.781250
184.781250
188.132812
188.132812
188.132812
188.132812
188.132812
188.132812
188.132812
188.132812
188.132812
188.132812
188.132812
188.132812
188.132812
188.132812
188.132812
188.132812
188.132812
188.132812
188.132812
188.132812
188.132812
188.132812
188.132812
188.132812
188.132812
188.132812
188.132812
188.132812
188.132812
188.132812
188.132812
188.132812
188.132812
188.132812
188.132812
188.132812
188.132812
188.132812
188.132812
188.648438
188.648438
188.648438
188.648438
188.648438
188.648438
188.648438
188.648438
188.648438
188.648438
188.648438
188.648438
188.648438
188.648438
188.648438
188.648438
188.648438
188.648438
188.648438
188.648438
188.648438
188.648438
188.648438
188.648438
188.648438
188.648438
188.648438
188.648438
188.648438
188.648438
188.648438
188.648438
188.648438
188.648438
188.648438
188.648438
188.648438
188.648438
188.648438
188.648438
188.648438
188.648438
188.648438
188.648438
188.648438
188.648438
188.648438
188.648438
188.648438
188.648438
188.648438
188.648438
188.648438
188.648438
188.648438
188.648438
188.648438
188.648438
188.648438
188.648438
188.648438
188.648438
188.648438
188.648438
188.648438
188.648438
188.648438
188.648438
188.648438
188.648438
188.648438
188.648438
188.648438
188.648438
188.648438
188.648438
188.648438
188.648438
188.648438
188.648438
188.648438
188.648438
188.648438
188.648438
188.648438
188.648438
188.648438
188.648438
188.648438
188.648438
188.648438
188.648438
188.648438
188.648438
188.648438
188.648438
188.648438
188.648438
188.648438
188.648438
188.648438
188.648438
188.648438
188.648438
188.648438
188.648438
188.648438
188.648438
188.648438
188.648438
188.648438
188.648438
188.648438
188.648438
188.648438
188.648438
188.648438
188.648438
188.648438
188.648438
188.648438
188.648438
188.648438
188.648438
188.648438
188.648438
210.562500
210.562500
210.562500
210.562500
210.562500
210.562500
210.562500
210.562500
210.562500
210.562500
210.562500
210.562500
210.562500
210.562500
210.562500
210.562500
210.562500
210.562500
210.562500
210.562500
210.562500
210.562500
210.562500
210.562500
210.562500
210.562500
210.562500
210.562500
210.562500
210.562500
210.562500
210.562500
210.562500
210.562500
210.562500
210.562500
210.562500
210.562500
210.562500
210.562500
210.562500
210.562500
210.562500
210.562500
210.562500
210.562500
210.562500
210.562500
210.562500
210.562500
210.562500
210.562500
210.562500
210.562500
210.562500
210.562500
210.562500
210.562500
210.562500
210.562500
210.562500
210.562500
210.562500
210.562500
210.562500
210.562500
210.562500
210.562500
210.562500
210.562500
210.562500
210.562500
210.562500
210.562500
210.562500
210.562500
210.562500
210.562500
210.562500
210.562500
210.562500
210.562500
210.562500
210.562500
210.562500
210.562500
210.562500
210.562500
210.562500
210.562500
210.562500
210.562500
210.562500
210.562500
210.562500
210.562500
210.562500
210.562500
210.562500
210.562500
210.562500
210.562500
210.562500
210.562500
210.562500
210.562500
210.562500
210.562500
210.562500
210.562500
210.562500
210.562500
210.562500
210.562500
210.562500
210.562500
210.562500
210.562500
210.562500
210.562500
210.562500
210.562500
210.562500
210.562500
210.562500
210.562500
210.562500
210.562500
210.562500
210.562500
210.562500
210.562500
210.562500
210.562500
210.562500
210.562500
210.562500
210.562500
210.562500
210.562500
210.562500
210.562500
210.562500
210.562500
210.562500
210.562500
210.562500
210.562500
210.562500
210.562500
210.562500
210.562500
210.562500
210.562500
210.562500
210.562500
210.562500
210.562500
210.562500
210.562500
210.562500
210.562500
210.562500
210.562500
210.562500
210.562500
210.562500
210.562500
210.562500
210.562500
210.562500
210.562500
210.562500
210.562500
210.562500
210.562500
210.562500
