2.11096
2.61091
3.111
3.62598
4.11099
4.61089
5.11102
5.61091
6.11098
6.61093
7.11103
7.61105
8.11101
8.61121
9.111
9.61092
10.111
10.6109
11.1109
11.6111
12.111
12.6109
13.1109
13.611
14.111
14.611
15.111
15.6194
16.111
16.6109
17.1111
17.6109
18.1109
18.611
19.1136
19.643
20.1124
20.611
21.111
21.6111
22.1205
22.6168
23.111
23.6124
24.1492
24.6135
25.1109
25.611
26.1133
26.6109
27.1111
27.611
28.111
28.6155
29.111
29.6109
30.1109
30.611
31.1111
31.6111
32.1109
32.6111
33.1111
33.6111
34.115
34.6111
35.1112
35.6119
36.1109
36.611
37.111
37.6191
38.1109
38.611
39.111
39.6111
40.111
40.6111
41.1109
41.611
42.111
42.6675
43.1109
43.6111
44.111
44.6111
45.111
45.6163
46.111
46.611
47.1109
47.6132
48.1111
48.611
49.111
49.6109
50.111
50.6497
51.1109
51.611
52.1148
52.611
53.111
53.611
54.1109
54.611
55.111
55.611
56.111
56.611
57.111
57.611
58.111
58.6132
59.1111
59.611
60.1146
60.6119
61.1156
61.6109
62.1181
62.6199
63.1123
63.6317
64.1126
64.6168
65.1109
65.6109
66.1111
66.6185
67.111
67.6114
68.1137
68.611
69.1109
69.6109
70.111
70.6111
71.1164
71.644
72.111
72.611
73.111
73.6111
74.111
74.6406
75.1194
75.6211
76.1115
76.611
77.119
77.6115
78.111
78.6183
79.1138
79.6205
80.1118
80.6115
81.1187
81.6109
82.1109
82.6109
83.1109
83.6155
84.111
84.6128
85.111
85.611
86.1117
86.6174
87.111
87.6281
88.1116
88.6136
89.1378
89.6111
90.121
90.6191
91.119
91.6111
92.1186
92.6357
93.1134
93.6131
94.1122
94.6212
95.1194
95.6188
96.1194
96.6197
97.1153
97.6298
98.1183
98.6138
99.1128
99.6148
100.117
100.615
101.112
101.614
102.113
102.619
103.117
103.619
104.114
104.619
105.115
105.633
106.113
106.62
107.111
107.614
108.115
108.617
109.119
109.622
110.114
110.615
111.112
111.623
112.111
112.612
113.117
113.62
114.118
114.615
115.111
115.615
116.111
116.612
117.111
117.615
118.112
118.615
119.112
119.611
120.111
120.63
121.111
121.611
122.113
122.643
123.127
123.62
124.121
124.613
125.117
125.611
126.115
126.614
127.111
127.611
128.113
128.611
129.113
129.611
130.112
130.617
131.111
131.611
132.111
132.618
133.111
133.611
134.113
134.616
135.111
135.611
136.115
136.615
137.111
137.611
138.112
138.62
139.111
139.611
140.111
140.617
141.111
141.611
142.147
142.611
143.112
143.611
144.122
144.611
145.111
145.614
146.111
146.611
147.111
147.611
148.146
148.611
149.111
149.662
150.111
150.611
151.124
151.612
152.113
152.611
153.111
153.622
154.112
154.611
155.114
155.621
156.111
156.611
157.113
157.612
158.118
158.611
159.113
159.616
160.114
160.612
161.113
161.616
162.114
162.613
163.112
163.619
164.134
164.613
165.121
165.623
166.126
166.614
167.137
167.623
168.114
168.621
169.117
169.62
170.143
170.616
171.115
171.623
172.116
172.633
173.147
173.617
174.127
174.621
175.125
175.621
176.12
176.62
177.12
177.624
178.12
178.655
179.138
179.623
180.126
180.639
181.124
181.627
182.121
182.622
183.127
183.627
184.135
184.626
185.128
185.626
186.127
186.627
187.123
187.623
188.126
188.627
189.127
189.625
190.127
190.627
191.142
191.629
192.15
192.628
193.127
193.628
194.127
194.627
195.127
195.627
196.136
196.627
197.127
197.646
198.149
198.627
199.167
199.65
200.151
200.629
201.128
201.63
202.128
202.628
203.128
203.627
204.128
204.628
205.126
205.629
206.127
206.628
207.127
207.627
208.127
208.628
209.127
209.641
210.127
210.627
211.128
211.627
212.128
212.628
213.127
213.627
214.127
214.627
215.152
215.628
216.127
216.627
217.134
217.652
218.127
218.628
219.15
219.627
220.127
220.627
221.127
221.627
222.128
222.627
223.131
223.623
224.124
224.624
225.126
225.72
226.122
226.623
227.144
227.625
228.127
228.623
229.127
229.623
230.119
230.621
231.201
231.622
232.121
232.623
233.17
233.627
234.12
234.664
235.12
235.622
236.12
236.63
237.12
237.621
238.121
238.648
239.125
239.619
240.118
240.616
241.114
241.619
242.116
242.614
243.117
243.611
244.111
244.611
245.115
245.616
246.116
246.616
247.117
247.613
248.112
248.612
249.112
249.62
250.111
250.617
251.123
251.612
252.114
252.617
253.112
253.613
254.119
254.615
255.3
255.635
256.111
256.618
257.112
257.614
258.111
258.616
259.111
259.611
260.112
260.614
261.113
261.613
262.117
262.616
263.112
263.616
264.113
264.615
265.111
265.617
266.111
266.677
267.111
267.611
268.189
268.611
269.111
269.613
270.118
270.611
271.111
271.611
272.111
272.611
273.111
273.611
274.111
274.611
275.111
275.615
276.111
276.611
277.111
277.611
278.111
278.611
279.111
279.611
280.111
280.611
281.111
281.611
282.112
282.612
283.111
283.611
284.133
284.611
285.111
285.631
286.111
286.611
287.111
287.614
288.111
288.654
289.239
289.617
290.111
290.611
291.111
291.651
292.111
292.622
293.111
293.611
294.111
294.611
295.111
295.611
296.111
296.611
297.117
297.615
298.113
298.611
299.114
299.613
300.117
300.622
301.111
301.614
302.111
302.611
303.111
303.615
304.111
304.611
305.111
305.611
306.111
306.611
307.113
307.611
308.111
308.612
309.111
309.739
310.111
310.611
311.111
311.611
312.111
312.611
313.111
313.611
314.111
314.611
315.111
315.611
316.111
316.611
317.111
317.611
318.111
318.611
319.111
319.611
320.111
320.611
321.122
321.611
322.111
322.611
323.111
323.617
324.111
324.611
325.111
325.611
326.13
326.611
327.112
327.611
328.112
328.611
329.111
329.611
330.111
330.611
331.111
331.625
332.111
332.611
333.111
333.611
334.111
334.611
335.111
335.611
336.111
336.617
337.111
337.611
338.111
338.621
339.111
339.611
340.111
340.622
341.111
341.611
342.111
342.618
343.111
343.611
344.111
344.616
345.111
345.611
346.111
346.618
347.111
347.611
348.111
348.616
349.111
349.611
350.111
350.616
351.111
351.611
352.111
352.622
353.111
353.611
354.111
354.62
355.111
355.611
356.111
356.621
357.111
357.611
358.111
358.616
359.111
359.611
360.111
360.618
361.111
361.611
362.111
362.615
363.111
363.611
364.111
364.628
365.111
365.611
366.111
366.623
367.111
367.611
368.111
368.62
369.111
369.611
370.111
370.631
371.111
371.611
372.111
372.617
373.111
373.611
374.111
374.622
375.111
375.611
376.111
376.611
377.111
377.611
378.111
378.611
379.111
379.611
380.111
380.617
381.111
381.611
382.111
382.62
383.111
383.611
384.111
384.618
385.111
385.611
386.111
386.621
387.111
387.611
388.111
388.614
389.111
389.611
390.111
390.618
391.111
391.611
392.111
392.618
393.111
393.611
394.111
394.617
395.111
395.611
396.111
396.611
397.111
397.611
398.111
398.611
399.111
399.611
400.111
400.621
401.111
401.611
402.111
402.617
403.111
403.611
404.111
404.617
405.111
405.611
406.111
406.619
407.111
407.611
408.111
408.611
409.111
409.611
410.111
410.621
411.111
411.611
412.111
412.611
413.111
413.611
414.111
414.625
415.111
415.611
416.111
416.617
417.111
417.611
418.111
418.62
419.111
419.611
420.111
420.62
421.111
421.611
422.111
422.617
423.111
