0.000000
0.000000
0.144168
0.367981
0.538982
0.653466
0.639643
0.696002
0.828405
0.945678
1.040756
1.122060
1.196513
1.242256
1.294196
1.331086
1.369599
1.403750
1.441530
1.468965
1.492345
1.513835
1.534000
1.551899
1.568986
1.589330
1.604242
1.617172
1.630647
1.642413
1.652737
1.666315
1.676205
1.674898
1.681265
1.687532
1.697833
1.703339
1.702114
1.705567
1.709849
1.717393
1.724036
1.728679
1.714426
1.700927
1.702490
1.708171
1.713757
1.718157
1.723301
1.730481
1.733640
1.730198
1.708177
1.695761
1.698966
1.703843
1.710807
1.715334
1.719101
1.722633
1.726934
1.729394
1.732050
1.733291
1.735951
1.739561
1.743126
1.746480
1.746925
1.747878
1.750844
1.753888
1.756981
1.759898
1.762554
1.765260
1.769633
1.772338
1.773641
1.766252
1.761733
1.763181
1.767076
1.769768
1.771999
1.774171
1.775926
1.776927
1.780048
1.783998
1.785821
1.787582
1.789613
1.791542
1.793509
1.795203
1.797073
1.798876
1.800258
1.802101
1.803875
1.804341
1.799584
1.798096
1.799871
1.801353
1.801309
1.802844
1.804360
1.807035
1.808042
1.809272
1.810921
1.813368
1.819632
1.823014
1.820886
1.813133
1.804236
1.804078
1.806539
1.806968
1.809195
1.810031
1.811547
1.811934
1.807258
1.804071
1.800685
1.801549
1.802825
1.800354
1.790946
1.787680
1.788817
1.787162
1.785947
1.787058
1.789312
1.788692
1.784386
1.784348
1.785532
1.782696
1.777328
1.768796
1.768087
1.769076
1.770496
1.771049
1.771191
1.772493
1.773834
1.774879
1.775231
1.773889
1.774740
1.775695
1.770896
1.764390
1.763448
1.765530
1.766904
1.768175
1.769493
1.770769
1.772029
1.773188
1.775360
1.776080
1.777720
1.778541
1.778476
1.779637
1.779473
1.781149
1.781554
1.777375
1.769672
1.763915
1.761933
1.763764
1.762540
1.757522
1.757136
1.758226
1.758180
1.756013
1.753293
1.752375
1.753715
1.754056
1.751537
1.750957
1.752766
1.753624
1.752540
1.753480
1.755770
1.756616
1.757350
1.758980
1.760170
1.761119
1.762256
1.762973
1.764203
1.765073
1.766883
1.767902
1.768868
1.769847
1.770775
1.771693
1.773366
1.774180
1.775208
1.774499
1.772460
1.772414
1.773239
1.774645
1.775441
1.776352
1.777170
1.776327
1.774627
1.770738
1.768855
1.769931
1.770828
1.771597
1.770849
1.770356
1.771654
1.772438
1.773361
1.772521
1.772455
1.771667
1.769628
1.768016
1.765444
1.760089
1.759151
1.760493
1.759398
1.754503
1.747545
1.742462
1.739324
1.737542
1.738956
1.740351
1.741687
1.742379
1.741919
1.739575
1.740635
1.742775
1.744601
1.744036
1.742905
1.745120
1.748563
1.748964
1.748445
1.749740
1.750814
1.751709
1.752527
1.753288
1.754168
1.754862
1.756146
1.756914
1.757762
1.758573
1.758912
1.760127
1.761367
1.762156
1.762795
1.763692
1.764429
1.763190
1.761711
1.763014
1.763571
1.764239
1.764553
1.765550
1.766106
1.767125
1.767971
1.768571
1.769118
1.769702
1.770332
1.770695
1.771406
1.771456
1.771886
1.772528
1.773026
1.772757
1.773570
1.774576
1.775087
1.774443
1.774350
1.775083
1.775694
1.775589
1.773091
1.772469
1.772934
1.773538
1.774209
1.774844
1.775030
1.774683
1.774787
1.775613
1.775988
1.775080
1.772061
1.770920
1.771134
1.771893
1.772577
1.772397
1.772578
1.773124
1.773150
1.774155
1.774842
1.775266
1.775752
1.775793
1.776320
1.777160
1.776971
1.777147
1.777978
1.778009
1.778892
1.779467
1.780041
1.780505
1.781087
1.781304
1.781984
1.783027
1.783560
1.783977
1.780681
1.778329
1.778946
1.779980
1.780489
1.781037
1.781529
1.782148
1.782549
1.781977
1.781264
1.781831
1.782421
1.782952
1.783401
1.783916
1.784457
1.785328
1.785870
1.786156
1.786446
1.785597
1.785396
1.786310
1.785264
1.784993
1.784387
1.784234
1.784981
1.785330
1.785832
1.785232
1.784116
1.783817
1.781351
1.780286
1.780585
1.779834
1.779185
1.778999
1.778553
1.778814
1.779555
1.780423
1.780910
1.781418
1.781913
1.781732
1.778669
1.775620
1.774856
1.775427
1.775828
1.776399
1.776618
1.777108
1.777914
1.778231
1.778824
1.779254
1.779375
1.779873
1.780237
1.781009
1.781444
1.781923
1.781734
1.780080
1.779197
1.779915
1.780428
1.781036
1.781169
1.781613
1.782118
1.782530
1.783108
1.783745
1.784201
1.784715
1.785182
1.785616
1.786065
1.786807
1.787220
1.787675
1.788112
1.787914
1.788555
1.788035
1.788747
1.789159
1.789360
1.789845
1.790246
1.789452
1.787424
1.787250
1.787641
1.787295
1.785637
1.785727
1.786370
1.786770
1.786753
1.786856
1.784005
1.782285
1.783308
1.784518
1.785106
1.785738
1.786238
1.786636
1.787060
1.787268
1.788118
1.788568
1.788949
1.789331
1.788865
1.788569
1.789507
1.788942
1.787531
1.785287
1.784550
1.785046
1.785431
1.786082
1.786495
1.786874
1.787225
1.787640
1.788026
1.788468
1.787940
1.787477
1.787878
1.788325
1.788658
1.789154
1.789785
1.790146
1.790559
1.790935
1.791201
1.791508
1.790601
1.792330
1.792808
1.792857
1.793249
1.793589
1.793972
1.794272
1.793930
1.794075
1.794424
1.794493
1.794729
1.795086
1.795500
1.795532
1.795890
1.796185
1.796564
1.796878
1.797658
1.798791
1.799203
1.799306
1.799836
1.800190
1.800493
1.801085
1.801425
1.801746
1.802011
1.802146
1.802265
1.802496
1.802530
1.801845
1.799932
1.798080
1.795465
1.794671
1.795076
1.795394
1.795756
1.795931
1.796249
1.796637
1.796967
1.797565
1.797906
1.798223
1.798583
1.798899
1.799213
1.799747
1.800065
1.800390
1.800716
1.801034
1.801209
1.801669
1.802232
1.802378
1.802865
1.803199
1.803432
1.803730
1.804029
1.804522
1.804074
1.804887
1.805186
1.805481
1.805783
1.806048
1.806253
1.805855
1.806205
1.806503
1.806806
1.807068
1.807572
1.807878
1.808170
1.808444
1.808702
1.808599
1.808398
1.808636
1.808773
1.809091
1.808757
1.808146
1.808199
1.808395
1.808191
1.808271
1.808545
1.808549
1.808507
1.808621
1.809102
1.809389
1.809659
1.809929
1.810213
1.810503
1.811012
1.811291
1.811549
1.811236
1.812046
1.811586
1.809988
1.809418
1.809800
1.810226
1.810000
1.809793
1.810026
1.810485
1.810816
1.811073
1.811339
1.811613
1.811821
1.812070
1.812547
1.812786
1.813043
1.813260
1.812044
1.811772
1.811989
1.812529
1.812764
1.812921
1.813208
1.813242
1.812450
1.812095
1.812334
1.812611
1.812738
1.812829
1.812116
1.810756
1.809952
1.809012
1.807461
1.807062
1.807325
1.807574
1.808104
1.808290
1.808549
1.808710
1.808969
1.809204
1.809435
1.844703
1.841936
1.839178
1.836428
1.833651
1.830952
1.828227
1.825509
1.822744
1.820099
1.817405
1.814719
1.811982
1.809373
1.806711
1.804057
1.801376
1.798772
1.796142
1.793519
1.790876
1.788296
1.785696
1.783103
1.780482
1.777941
1.775370
1.772808
1.770228
1.767705
1.765164
1.762630
1.760078
1.757586
1.755074
1.752569
1.750016
1.747582
1.745098
1.742622
1.740110
1.737692
1.735237
1.732788
1.730298
1.727913
1.725485
1.723064
1.720624
1.718243
1.715842
1.713449
1.711029
1.708681
1.706306
1.703940
1.701558
1.699225
1.696877
1.694535
1.692121
1.689873
1.687551
1.685235
1.682872
1.680622
1.678326
1.676036
1.673712
1.671473
1.669202
1.666936
1.664586
1.662424
1.660177
1.657935
1.655674
1.653471
1.651248
1.649031
1.646772
1.644614
1.642415
1.640222
1.638034
1.635852
1.633676
1.631505
1.629342
1.627183
1.625030
1.622882
1.620714
1.618605
1.616475
1.614350
1.612190
1.610117
1.608009
1.605906
1.603781
1.601717
1.599631
1.597550
1.595435
1.593405
1.591340
1.589281
1.587215
1.585179
1.583135
1.581097
1.579034
1.577037
1.575014
1.572997
1.570957
1.568978
1.566977
1.564980
1.562963
1.561002
1.559020
1.557043
1.555072
1.553105
1.551144
1.549187
1.547236
1.545289
1.543347
1.541410
1.539440
1.537551
1.535628
1.533710
1.531774
1.529889
1.527986
1.526087
1.524169
1.522304
1.520419
1.518540
1.516633
1.514793
1.512927
1.511066
1.509210
1.507357
1.505509
1.503666
1.501792
1.499993
1.498163
1.496338
1.494517
1.492701
1.490889
1.489081
1.487229
1.485479
1.483684
1.481894
1.480088
1.478327
1.476549
1.474776
1.472975
1.471243
1.469483
1.467726
1.465944
1.464227
1.462483
1.460744
1.458987
1.457277
