0.000000
0.000000
0.002000
0.002000
34.396000
46.020000
49.521000
60.017000
66.565000
73.597000
79.386000
83.011000
91.702000
98.680000
107.112000
116.943000
129.748000
142.055000
156.669000
169.651000
175.444000
184.685000
195.037000
213.589000
226.519000
235.124000
239.828000
246.481000
253.481000
260.927000
265.145000
271.592000
273.465000
281.228000
285.941000
287.596000
292.718000
304.476000
320.966000
349.199000
353.117000
364.515000
368.910000
370.884000
371.008000
371.037000
371.051000
371.176000
371.309000
371.752000
375.358000
379.107000
380.885000
385.966000
392.367000
395.402000
395.838000
395.929000
395.944000
395.944000
395.944000
399.180000
406.213000
416.022000
424.514000
429.563000
430.665000
436.235000
440.226000
440.613000
441.145000
444.396000
448.419000
454.390000
463.156000
474.775000
480.654000
489.900000
503.434000
519.670000
532.434000
544.290000
551.989000
565.657000
569.767000
575.352000
577.945000
581.680000
590.413000
596.286000
598.814000
603.241000
609.191000
617.121000
625.254000
641.460000
652.289000
665.673000
675.064000
679.433000
680.875000
685.057000
691.384000
701.043000
711.229000
720.841000
724.367000
728.936000
735.800000
742.560000
749.163000
758.661000
769.628000
786.770000
801.336000
813.874000
824.890000
826.664000
827.310000
827.923000
828.204000
828.244000
828.393000
828.854000
832.263000
843.518000
848.593000
849.387000
859.966000
867.604000
867.983000
877.534000
883.103000
886.459000
894.487000
896.892000
897.095000
897.214000
899.962000
901.205000
901.357000
902.749000
909.891000
915.302000
917.617000
923.844000
925.594000
925.768000
925.799000
925.814000
925.814000
925.814000
925.829000
925.842000
925.854000
926.509000
932.765000
947.419000
951.802000
955.833000
960.071000
961.816000
962.364000
962.546000
962.631000
962.692000
962.737000
962.742000
962.742000
962.753000
962.753000
962.755000
962.951000
971.390000
986.017000
994.787000
999.345000
1003.106000
1005.136000
1005.595000
1014.854000
1031.915000
1032.901000
1033.046000
1035.415000
1046.465000
1049.672000
1052.575000
1062.526000
1081.981000
1091.457000
1096.693000
1103.191000
1117.707000
1127.362000
1135.040000
1136.628000
1140.325000
1147.172000
1149.436000
1150.713000
1155.286000
1158.003000
1159.075000
1159.544000
1159.708000
1160.464000
1165.917000
1174.591000
1183.992000
1190.832000
1194.739000
1205.709000
1211.151000
1214.320000
1223.749000
1231.977000
1244.125000
1252.740000
1257.036000
1259.342000
1261.624000
1263.150000
1265.848000
1270.870000
1275.333000
1278.367000
1284.846000
1285.616000
1285.955000
1286.233000
1286.425000
1286.506000
1286.521000
1288.096000
1296.614000
1300.037000
1305.919000
1314.753000
1321.772000
1324.426000
1326.234000
1327.896000
1328.260000
1328.281000
1328.299000
1328.306000
1328.320000
1328.357000
1328.369000
1328.376000
1328.388000
1328.388000
1328.390000
1328.394000
1328.414000
1329.418000
1329.509000
1329.517000
1329.537000
1329.537000
1329.537000
1329.537000
1329.543000
1333.247000
1340.044000
1342.300000
1346.621000
1352.515000
1354.686000
1354.864000
1355.358000
1355.734000
1355.771000
1355.793000
1355.851000
1355.884000
1355.890000
1355.963000
1356.035000
1356.092000
1356.188000
1356.274000
1356.286000
1356.765000
1362.486000
1372.300000
1386.735000
1396.489000
1404.734000
1408.673000
1416.748000
1420.376000
1425.693000
1432.584000
1439.384000
1444.286000
1451.743000
1460.487000
1469.786000
1477.663000
1483.944000
1491.227000
1503.361000
1509.199000
1514.365000
1520.561000
1526.474000
1533.743000
1537.048000
1542.601000
1549.952000
1560.186000
1571.700000
1583.797000
1590.493000
1592.446000
1593.701000
1593.929000
1594.504000
1595.034000
1596.234000
1608.470000
1625.893000
1632.998000
1644.663000
1652.768000
1658.577000
1659.779000
1660.504000
1667.260000
1672.722000
1677.917000
1683.842000
1688.012000
1693.861000
1699.615000
1709.393000
1717.288000
1727.164000
1741.150000
1755.489000
1766.998000
1776.624000
1785.215000
1793.387000
1798.525000
1806.395000
1820.271000
1833.630000
1839.652000
1851.096000
1864.388000
1869.065000
1873.308000
1880.809000
1889.824000
1898.404000
1904.070000
1913.137000
1919.212000
1919.719000
1919.815000
1920.872000
1924.476000
1931.027000
1938.942000
1957.265000
1970.934000
1989.415000
1996.257000
2007.753000
2018.142000
2033.603000
2047.021000
2055.119000
2062.343000
2072.742000
2088.107000
2104.911000
2123.705000
2139.646000
2146.901000
2155.481000
2157.993000
2165.997000
2172.010000
2172.399000
2178.796000
2187.447000
2193.046000
2193.491000
2193.501000
2193.527000
2193.541000
2194.035000
2197.281000
2197.859000
2197.974000
2197.998000
2198.080000
2198.119000
2199.135000
2201.706000
2204.352000
2207.549000
2210.855000
2214.682000
2215.687000
2218.237000
2223.619000
2233.463000
2241.862000
2251.460000
2257.852000
2263.177000
2269.113000
2274.686000
2276.928000
2279.943000
2283.321000
2291.365000
2295.436000
2300.420000
2306.859000
2313.800000
2317.555000
2321.898000
2327.374000
2333.987000
2340.053000
2347.288000
2354.809000
2360.603000
2364.046000
2370.203000
2374.384000
2378.514000
2380.457000
2382.179000
2382.493000
2382.621000
2382.714000
2388.440000
2396.072000
2404.561000
2412.290000
2422.870000
2434.285000
2445.391000
2458.318000
2472.612000
2482.969000
2497.566000
2501.636000
2503.743000
2504.367000
2510.054000
2527.277000
2530.414000
2534.190000
2539.583000
2543.068000
2546.747000
2548.178000
2548.701000
2548.844000
2549.053000
2549.219000
2549.409000
2549.482000
2550.661000
2550.693000
2550.817000
2551.892000
2557.947000
2565.364000
2571.463000
2579.534000
2591.135000
2594.261000
2596.582000
2599.195000
2599.463000
2599.622000
2599.793000
2600.015000
2600.160000
2601.245000
2602.367000
2603.015000
2603.166000
2603.199000
2603.216000
2603.220000
2603.316000
2603.337000
2603.338000
2603.338000
2603.364000
2603.583000
2603.799000
2603.800000
2603.881000
2604.385000
2609.987000
2615.332000
2623.118000
2637.615000
2662.169000
2671.249000
2675.267000
2686.290000
2691.066000
2697.234000
2701.604000
2712.192000
2719.937000
2724.586000
2732.590000
2739.696000
2748.885000
2755.911000
2762.596000
2765.758000
2770.665000
2775.634000
2779.090000
2781.613000
2783.750000
2784.640000
2784.751000
2784.791000
2784.897000
2784.965000
2785.093000
2785.273000
2785.422000
2785.486000
2785.502000
2785.503000
2785.533000
2785.558000
2785.559000
2785.559000
2785.559000
2785.559000
2785.559000
2785.559000
2785.567000
2785.577000
2785.580000
2785.582000
2785.590000
2785.735000
2785.891000
2786.030000
2786.286000
2786.315000
2788.195000
2792.062000
2793.809000
2793.973000
2794.020000
2794.094000
2794.147000
2794.479000
2794.974000
2798.824000
2810.004000
2814.011000
2821.893000
2834.017000
2847.387000
2858.452000
2861.520000
2864.909000
2867.985000
2874.642000
2882.587000
2888.133000
2900.412000
2911.924000
2922.059000
2929.058000
2937.276000
2946.294000
2954.174000
2957.255000
2961.395000
2967.790000
2976.016000
2990.253000
2992.812000
2997.822000
3005.251000
3006.166000
3010.046000
3018.675000
3025.830000
3027.336000
3028.070000
3028.099000
3028.100000
3028.100000
3028.100000
3028.100000
3028.100000
3028.246000
3028.389000
3028.490000
3028.518000
3028.537000
3028.572000
3030.235000
3035.231000
3041.271000
3046.146000
3048.634000
3050.470000
3050.599000
3050.620000
3050.658000
3050.658000
3050.685000
3051.514000
3052.916000
3054.766000
3055.922000
3056.189000
3056.230000
3056.234000
3056.244000
3056.664000
3059.813000
3064.895000
3069.704000
3079.955000
3083.563000
3088.393000
3093.908000
3102.371000
3108.559000
3109.388000
3113.685000
3128.186000
3130.675000
3132.321000
3141.358000
3148.142000
3150.874000
3151.625000
3151.849000
3152.002000
3152.055000
3152.084000
3152.143000
3152.168000
3152.283000
3152.617000
3154.780000
3158.406000
3159.579000
3159.727000
3159.746000
3159.754000
3159.756000
3159.758000
3159.758000
3159.758000
3159.758000
3159.758000
3159.758000
3159.758000
3159.758000
3159.758000
3159.758000
3159.758000
3159.758000
3159.758000
3159.758000
3159.758000
3159.758000
3159.758000
3159.758000
3159.758000
3159.758000
3159.758000
3159.758000
3159.758000
3159.758000
3159.758000
3159.758000
3159.758000
3159.758000
3159.758000
3159.758000
3159.758000
3159.758000
3159.758000
3159.758000
3159.758000
3159.758000
3159.758000
3159.758000
3159.758000
3159.758000
3159.758000
3159.758000
3159.758000
3159.758000
3159.758000
3159.758000
3159.758000
3159.758000
3159.758000
3159.758000
3159.758000
3159.758000
3159.758000
3159.758000
3159.758000
3159.758000
3159.758000
3159.758000
3159.758000
3159.758000
3159.758000
3159.758000
3159.758000
3159.758000
3159.758000
3159.758000
3159.758000
3159.758000
3159.758000
3159.758000
3159.758000
3159.758000
3159.758000
3159.758000
3159.758000
3159.758000
3159.758000
3159.758000
3159.758000
3159.758000
3159.758000
3159.758000
3159.758000
3159.758000
3159.758000
3159.758000
3159.758000
3159.758000
3159.758000
3159.758000
3159.758000
3159.758000
3159.758000
3159.758000
3159.758000
3159.758000
3159.758000
3159.758000
3159.758000
3159.758000
3159.758000
3159.758000
3159.758000
3159.758000
3159.758000
3159.758000
3159.758000
3159.758000
3159.758000
3159.758000
3159.758000
3159.758000
3159.758000
3159.758000
3159.758000
3159.758000
3159.758000
3159.758000
3159.758000
3159.758000
3159.758000
3159.758000
3159.758000
3159.758000
3159.758000
3159.758000
3159.758000
3159.758000
3159.758000
3159.758000
3159.758000
3159.758000
3159.758000
3159.758000
3159.758000
3159.758000
3159.758000
3159.758000
3159.758000
3159.758000
3159.758000
3159.758000
3159.758000
3159.758000
3159.758000
3159.758000
3159.758000
3159.758000
3159.758000
3159.758000
3159.758000
3159.758000
3159.758000
3159.758000
3159.758000
3159.758000
3159.758000
3159.758000
3159.758000
3159.758000
3159.758000
3159.758000
3159.758000
3159.758000
3159.758000
3159.758000
3159.758000
3159.758000
3159.758000
3159.758000
3159.758000
3159.758000
3159.758000
3159.758000
3159.758000
3159.758000
3159.758000
3159.758000
