1.61262
1.61326
2.1127
2.61273
3.11334
3.62848
4.11274
4.6132
5.11326
5.62699
6.11289
6.61344
7.11392
7.63253
8.11268
8.61363
9.11359
9.63037
10.1127
10.6136
11.1135
11.6285
12.1128
12.6133
13.1133
13.6185
14.1127
14.6139
15.1136
15.6262
16.1129
16.6131
17.1132
17.6619
18.1127
18.6139
19.1143
19.6561
20.1132
20.6137
21.1129
21.6304
22.1206
22.6175
23.1151
23.6162
24.1492
24.6141
25.1127
25.6226
26.1137
26.6137
27.1128
27.6219
28.1132
28.6169
29.1128
29.6292
30.1133
30.613
31.1129
31.6299
32.1136
32.6132
33.1128
33.6325
34.1156
34.6369
35.1135
35.6238
36.1127
36.6156
37.1135
37.631
38.1127
38.6142
39.1129
39.6307
40.1141
40.614
41.1127
41.6365
42.1138
42.668
43.1134
43.6219
44.1128
44.6134
45.1133
45.6254
46.1127
46.6136
47.1134
47.6227
48.1128
48.6142
49.1127
49.6289
50.1133
50.6502
51.1208
51.6297
52.1151
52.6136
53.1128
53.6257
54.1135
54.6134
55.1128
55.6277
56.1134
56.6133
57.1128
57.6287
58.1128
58.6142
59.1135
59.6191
60.1146
60.6131
61.116
61.6202
62.1182
62.6277
63.1137
63.642
64.1127
64.6177
65.1136
65.624
66.1128
66.6194
67.1133
67.6233
68.1137
68.6132
69.1128
69.6174
70.1135
70.6133
71.1164
71.6492
72.1135
72.6135
73.1128
73.6182
74.1135
74.6411
75.1194
75.6261
76.1131
76.6137
77.1191
77.6185
78.1135
78.619
79.1138
79.626
80.1133
80.6148
81.1188
81.6162
82.1136
82.6134
83.1127
83.6199
84.1137
84.6147
85.1143
85.6218
86.1127
86.6186
87.1134
87.6409
88.1127
88.6148
89.1382
89.6258
90.121
90.6198
91.1194
91.6263
92.1186
92.6363
93.1139
93.628
94.1127
94.6219
95.1198
95.631
96.1194
96.6206
97.1157
97.6393
98.1184
98.6148
99.1134
99.6184
100.117
100.616
101.113
101.617
102.113
102.62
103.117
103.626
104.114
104.624
105.116
105.643
106.113
106.621
107.114
107.643
108.115
108.618
109.119
109.64
110.114
110.627
111.113
111.632
112.113
112.614
113.118
113.627
114.118
114.615
115.114
115.623
116.113
116.613
117.113
117.636
118.119
118.616
119.113
119.62
120.114
120.631
121.113
121.618
122.114
122.644
123.127
123.632
124.121
124.614
125.118
125.629
126.115
126.614
127.113
127.618
128.113
128.613
129.114
129.624
130.113
130.618
131.114
131.619
132.113
132.619
133.113
133.617
134.113
134.617
135.113
135.625
136.115
136.616
137.114
137.617
138.113
138.621
139.114
139.617
140.113
140.618
141.113
141.618
142.147
142.613
143.113
143.625
144.123
144.617
145.113
145.623
146.114
146.639
147.113
147.624
148.147
148.613
149.113
149.67
150.119
150.613
151.124
151.625
152.114
152.613
153.113
153.629
154.113
154.613
155.114
155.631
156.113
156.613
157.113
157.617
158.119
158.613
159.113
159.625
160.115
160.614
161.113
161.632
162.115
162.614
163.113
163.633
164.135
164.614
165.121
165.633
166.127
166.623
167.137
167.631
168.114
168.621
169.117
169.627
170.144
170.617
171.116
171.631
172.117
172.637
173.147
173.629
174.127
174.622
175.125
175.634
176.12
176.621
177.12
177.64
178.12
178.656
179.139
179.637
180.126
180.64
181.125
181.64
182.121
182.623
183.138
183.64
184.135
184.628
185.129
185.648
186.127
186.635
187.123
187.639
188.126
188.628
189.128
189.643
190.127
190.628
191.142
191.645
192.15
192.629
193.127
193.639
194.127
194.628
195.127
195.638
196.136
196.628
197.127
197.656
198.149
198.628
199.167
199.659
200.151
200.63
201.128
201.638
202.128
202.63
203.128
203.645
204.128
204.628
205.127
205.648
206.127
206.629
207.128
207.644
208.127
208.629
209.127
209.667
210.127
210.628
211.128
211.644
212.128
212.628
213.128
213.645
214.127
214.628
215.153
215.66
216.131
216.628
217.135
217.669
218.128
218.642
219.151
219.639
220.127
220.628
221.128
221.64
222.128
222.628
223.132
223.639
224.124
224.625
225.126
225.737
226.122
226.624
227.144
227.641
228.127
228.624
229.128
229.641
230.12
230.622
231.201
231.634
232.121
232.626
233.17
233.635
234.12
234.665
235.121
235.632
236.12
236.639
237.12
237.632
238.121
238.649
239.125
239.632
240.119
240.617
241.114
241.624
242.117
242.628
243.118
243.618
244.113
244.613
245.115
245.622
246.117
246.617
247.117
247.621
248.113
248.613
249.113
249.633
250.113
250.618
251.124
251.641
252.114
252.619
253.113
253.624
254.119
254.617
255.301
255.669
256.113
256.62
257.114
257.626
258.113
258.617
259.113
259.625
260.113
260.615
261.113
261.624
262.118
262.617
263.113
263.624
264.121
264.626
265.113
265.634
266.113
266.695
267.113
267.62
268.19
268.614
269.113
269.621
270.119
270.614
271.113
271.62
272.114
272.614
273.113
273.619
274.114
274.614
275.113
275.62
276.114
276.614
277.113
277.62
278.114
278.613
279.113
279.621
280.113
280.614
281.114
281.628
282.113
282.613
283.114
283.623
284.133
284.614
285.114
285.644
286.113
286.623
287.114
287.624
288.113
288.655
289.239
289.63
290.113
290.615
291.113
291.66
292.113
292.624
293.113
293.621
294.113
294.635
295.113
295.618
296.113
296.613
297.117
297.626
298.114
298.614
299.114
299.618
300.117
300.635
301.113
301.617
302.113
302.613
303.113
303.619
304.113
304.613
305.114
305.645
306.113
306.626
307.114
307.62
308.113
308.614
309.113
309.743
310.113
310.613
311.113
311.618
312.114
312.629
313.113
313.624
314.114
314.614
315.113
315.627
316.114
316.615
317.113
317.63
318.114
318.63
319.113
319.626
320.114
320.614
321.123
321.62
322.113
322.614
323.114
323.625
324.113
324.614
325.114
325.62
326.13
326.614
327.113
327.619
328.113
328.614
329.113
329.621
330.113
330.613
331.114
331.655
332.113
332.615
333.114
333.62
334.113
334.713
335.113
335.621
336.113
336.619
337.113
337.623
338.113
338.623
339.113
339.624
340.113
340.624
341.113
341.62
342.113
342.619
343.113
343.621
344.113
344.618
345.113
345.622
346.113
346.619
347.113
347.62
348.113
348.617
349.113
349.62
350.113
350.618
351.113
351.621
352.113
352.624
353.113
353.621
354.113
354.621
355.113
355.62
356.113
356.622
357.113
357.62
358.113
358.618
359.113
359.623
360.113
360.619
361.113
361.621
362.113
362.617
363.113
363.621
364.113
364.63
365.113
365.621
366.113
366.624
367.113
367.62
368.113
368.621
369.113
369.621
370.113
370.633
371.113
371.62
372.113
372.618
373.113
373.62
374.113
374.623
375.113
375.63
376.113
376.628
377.113
377.62
378.113
378.625
379.113
379.619
380.113
380.619
381.113
381.631
382.113
382.622
383.113
383.622
384.113
384.619
385.113
385.62
386.113
386.622
387.113
387.621
388.113
388.615
389.113
389.62
390.113
390.62
391.113
391.621
392.113
392.619
393.113
393.621
394.113
394.619
395.113
395.62
396.113
396.632
397.113
397.621
398.113
398.625
399.113
399.622
400.113
400.622
401.113
401.621
402.113
402.618
403.113
403.622
404.113
404.619
405.113
405.621
406.113
406.621
407.113
407.623
408.113
408.624
409.113
409.622
410.113
410.622
411.113
411.622
412.113
412.625
413.113
413.621
414.113
414.626
415.113
415.621
416.113
416.618
417.113
417.621
418.113
418.622
419.113
419.621
420.113
420.621
421.113
421.62
422.113
422.619
423.113
