4.88086
5.70002
6.79878
8.18457
8.9832
9.66331
10.7437
11.6267
12.5425
13.3619
14.3324
14.6873
15.4952
16.7716
18.4003
19.7191
21.1159
22.3154
23.5274
24.5945
26.0421
27.4314
28.8356
29.619
30.1706
31.2829
32.1596
32.9747
34.3283
35.5491
36.5183
37.7056
39.1157
40.5449
41.5611
42.7493
44.1883
45.0465
46.5218
47.7661
48.6642
49.7548
51.0484
51.7772
52.8007
53.1851
54.3723
55.4905
55.9416
57.1164
57.7136
58.9187
59.4538
60.768
61.7586
61.8426
62.8213
64.892
65.3635
66.5268
67.8705
69.3359
69.9341
71.3739
72.7559
73.2936
74.5482
75.1268
76.3158
76.8985
78.323
79.5119
80.1958
81.6266
82.9541
83.5427
84.7308
86.2708
87.4326
88.4454
89.1772
90.1906
90.9476
91.6224
92.0348
93.418
94.5673
95.4378
96.8328
97.5109
98.9099
100.094
101.103
102.446
103.539
104.036
105.155
105.248
106.671
107.807
109.017
109.819
110.853
112.343
113.554
114.692
116.276
117.554
118.591
119.687
121.012
122.091
122.334
123.581
124.827
125.95
126.598
127.293
128.504
129.539
129.779
130.724
131.441
132.96
134.327
135.42
136.231
136.995
138.202
139.194
140.369
140.738
142.141
143.39
144.316
145.249
145.983
147.394
148.668
149.049
149.864
150.983
151.372
152.571
153.665
154.969
156.242
157.655
159.001
160.022
161.39
162.6
163.356
164.104
165.577
166.515
167.816
168.207
168.992
170.247
170.733
171.393
172.535
173.608
174.002
175.216
176.053
176.221
177.64
178.604
178.762
179.794
180.338
181.769
182.232
183.282
184.369
185.045
186.295
186.862
188.248
188.761
189.988
190.579
191.791
192.356
193.496
194.065
195.208
195.849
196.964
197.215
197.575
198.848
199.116
200.444
201.004
201.479
202.917
204.129
204.522
204.636
205.952
206.48
207.721
208.234
209.513
210.013
211.254
211.458
212.45
213.133
214.534
215.134
215.863
217.245
219.18
219.946
220.504
221.693
222.153
223.341
224.717
225.64
226.184
227.188
227.767
228.932
230.019
230.176
231.365
232.834
234.271
235.123
236.148
237.819
239.043
239.997
241.005
241.304
242.71
243.12
244.183
245.576
246.678
247.85
248.632
249.461
250.716
251.983
253.31
254.133
255.105
256.513
257.535
258.188
258.782
260.166
262.311
263.639
264.477
265.793
266.786
267.83
269.01
269.379
270.214
270.59
271.453
272.857
273.239
274.245
275.608
277.005
277.609
278.551
279.986
280.176
281.603
283.006
283.974
285.389
285.963
286.596
287.969
289.028
289.948
290.324
291.778
293.068
294.208
295.252
296.798
297.186
298.65
299.48
300.108
300.799
302.053
302.485
303.508
305.007
305.399
306.822
307.767
309.147
310.048
311.178
312.589
313.991
315.124
316.231
317.383
318.784
319.522
320.771
322.047
323.334
323.998
324.704
325.588
326.714
328.053
329.446
330.85
331.48
332.655
333.431
334.6
335.506
336.222
337.925
338.782
340.22
341.135
341.757
343.128
344.337
345.475
346.439
347.008
348.436
349.266
350.241
351.26
352.641
353.242
354.556
355.234
356.355
357.764
358.433
359.341
361.239
362.646
363.945
364.641
365.785
370.089
371.499
377.829
379.156
379.824
385.684
387.028
388.34
392.642
393.948
394.853
395.13
396.524
397.25
398.643
400.019
400.957
401.772
402.978
403.582
404.192
405.461
406.856
408.226
408.99
410.403
410.734
412.189
413.132
416.081
422.88
424.962
426.4
427.35
428.231
429.184
430.071
430.998
432.124
432.994
434.416
435.586
436.247
437.82
439.218
439.928
440.538
441.77
443.208
444.319
445.794
446.829
447.922
449.124
450.186
451.596
452.984
454.056
455.343
456.807
459.42
460.764
462.081
463.241
465.414
466.971
467.655
469.103
470.41
471.005
472.394
472.996
473.766
474.699
476.151
477.14
477.603
478.808
479.857
480.141
480.403
481.794
482.808
482.97
486.469
487.802
502.405
505.232
506.558
507.074
508.623
513.887
520.646
522.855
524.301
525.219
526.649
527.296
528.508
529.132
530.262
530.818
532.075
533.463
534.632
535.493
536.872
537.812
539.043
541.459
542.785
544.006
545.452
546.586
547.378
548.548
549.949
550.944
552.355
552.631
554.022
555.195
556.247
557.449
558.828
560.185
561.434
562.861
563.747
565.202
565.761
566.786
568.254
569.699
571.049
572.021
573.474
574.636
576.073
577.484
578.838
580.259
581.488
582.543
585.15
586.636
587.984
591.12
592.491
595.148
600.324
602.18
603.6
605.134
606.185
607.351
610.427
612.067
616.733
618.315
619.685
620.873
629.459
636.547
644.217
650.388
651.772
654.408
657.077
658.397
661.512
662.822
663.034
664.05
665.273
666.791
667.823
669.023
670.156
671.548
672.653
673.225
674.594
675.777
677.251
681.033
684.769
687.148
689.355
690.746
692.124
693.879
695.308
696.03
697.38
699.095
699.683
701.012
702.436
703.293
704.691
705.973
707.364
707.871
709.28
709.54
710.265
711.7
713.124
713.814
714.864
716.261
717.533
723.422
724.837
726.235
727.38
728.755
729.74
731.148
732.519
733.083
734.468
735.584
736.237
737.624
738.383
739.787
740.811
742.225
743.627
745.25
746.769
749.432
752.976
754.268
755.706
756.672
757.79
759.216
760.503
761.374
762.759
763.53
764.937
765.717
767.107
768.501
769.512
770.597
771.239
772.648
773.222
774.722
776.133
776.557
777.549
778.733
779.248
780.64
782.047
783.259
784.726
786.303
789.143
792.044
793.506
798.283
804.197
805.516
805.767
807.24
808.257
809.697
810.27
813.421
815.605
816.993
817.966
818.602
819.966
820.729
821.469
823.383
824.396
825.776
826.476
827.869
828.577
829.205
829.789
830.732
832.149
833.054
834.137
834.612
835.969
837.052
838.399
839.468
840.534
842.29
843.582
843.963
844.863
845.695
846.721
848.136
849.366
850.726
851.957
853.35
854.048
855.476
856.227
857.765
858.835
859.989
860.985
862.386
863.584
864.563
865.978
867.38
868.329
869.471
870.704
872.081
872.719
874.047
874.193
874.286
874.381
875.763
876.97
877.5
878.457
879.843
880.95
881.52
883.185
884.304
885.596
886.688
887.449
888.335
888.997
890.452
891.145
892.146
893.549
894.55
895.126
896.181
896.689
898.299
899.485
900.503
901.389
902.779
904.226
905.199
906.381
907.079
907.202
908.06
908.215
912.314
913.838
915.232
916.257
917.688
918.845
920.236
921.626
922.214
923.538
924.724
926.138
927.434
927.781
928.519
929.933
931.226
932.464
933.201
934.226
934.945
935.85
937.15
938.523
939.983
941.386
942.53
943.866
944.697
946.159
947.6
948.31
949.777
951.194
952.587
953.99
955.373
956.589
957.373
958.816
959.84
959.977
961.379
962.314
963.258
965.181
966.598
967.363
968.748
969.776
971.041
981.524
984.211
990.681
991.272
992.881
993.191
993.79
994.229
996.795
1001.63
1003.02
1004.05
1005.23
1006.81
1008.35
1010.5
1012.57
1014.32
1015.52
1016.95
1018.6
1020.03
1021.5
1022.56
1023.2
1023.83
1025.22
1025.62
1026.23
1027.32
1028.02
1028.85
1030.24
1031.53
1031.73
1033.35
1034.48
1035.53
1036.25
1037.21
1038.22
1039.6
1040.45
1041.47
1042.47
1043.86
1044.04
1044.36
1045.76
1046.33
1047.49
1048.28
1049.56
1050.88
1051.84
1052.76
1055.73
1057.11
1057.62
1058.34
1059.63
1060.62
1061.78
1063.22
1063.84
1065.1
1066.57
1067.48
1068.43
1069.82
1071.24
1071.64
1072.77
1074.18
1074.63
1075.95
1077.11
1078.46
1079.84
1080.97
1081.57
1082.96
1084.34
1085.96
1086.86
1088.24
1088.58
1090.51
1091.6
1093.02
1094.05
1095.45
1095.83
1096.98
1097.25
1098.64
1100.04
1102.27
1103.75
1104.12
1104.36
1104.53
1105.96
1107.38
1108.8
1109.02
1110.46
1111.77
1112.63
1113.75
1115.15
1116.55
1117.99
1119.38
1120.77
1122.04
1123.04
1124.14
1124.75
1126.24
1127.72
1129.08
1129.8
1131.23
1131.99
1133.37
1134.24
1134.74
1136.1
1137.51
1138.96
1140.25
1141.68
1142.55
1144.01
1145.4
1146.62
1147.47
1148.93
1149.25
1150.63
1151.59
1152.37
1153.34
1154.74
1156.13
1157.26
1158.5
1159.45
1160.85
1161.39
1162.94
1164.24
1165.65
1166.37
1167.81
1169.21
1170.55
1171.76
1173.16
1173.81
1174.87
1176.27
1177.69
1179.18
1180.46
1180.73
1182.13
1183.11
1184.55
1185.79
1187.05
1188.2
1189.35
1190.73
1191.34
1192.73
1194.21
1195.6
1195.75
1195.85
1196
1196.13
1196.28
1196.47
1197.81
1199.01
1200.52
1201.74
1203
1203.56
1204.44
1205.85
1206.74
1208.06
1209.38
1210.78
1211.15
1212.7
1212.84
1213.56
1213.95
1214.23
1214.97
1216.38
1217.6
1219.02
1220.45
1222.9
1224.34
1225.82
1227.55
1229.25
1230.64
1232.07
1239.66
1241.05
1242.48
1243.9
1246.44
1247.85
1249.26
1250.29
1250.94
1252.07
1253.06
1253.98
1255.37
1256.73
1258.36
1259.64
1261.24
1262.34
1263.53
1264.54
1265.76
1267.21
1268.36
1269.76
1271.21
1272.05
1272.86
1274.24
1275.8
1277.33
1278.74
1280.17
1281.55
1282.97
1286.26
1287.65
1289.06
1290.47
1291.86
1292.61
1293.79
1294.46
1295.19
1296.25
1297.02
1298.48
1299.78
1300.98
1301.73
1303.03
1304.27
1305.18
1306.34
1307.31
1308.71
1309.43
1310.91
1312.2
1313.21
1314.6
1315.76
1316.74
1317.97
1318.93
1320.14
1320.86
1322.04
1323.24
1324.52
1325.9
1327.25
1328.24
1329.09
1330.46
1331.04
1331.96
1333.35
1333.95
1335.56
1336.86
1337.63
1338.54
1339.57
1340.99
1341.95
1342.76
1343.54
1344.98
1346.32
1347.06
1348.45
1349.51
1350.76
1352.05
1353.46
1354.48
1355.77
1356.73
1357.48
1358.24
1359.09
1359.8
1361.21
1362.64
1363.6
1364.98
1366.39
1367.26
1368.51
1373.68
1376.13
1377.34
1378.71
1379.73
1380.33
1381.47
1382.51
1383.76
1385.2
1386.6
1387.76
1388.51
1389.61
1391.01
1392.22
1393.35
1394.33
1395.74
1397.12
1398.24
1399.09
1399.47
1400.87
1401.73
1402.55
1403.81
1405.18
1406.45
1406.52
1407.82
1408.79
1409.29
1410.73
1410.93
1412.3
1413.73
1415
1417.09
1418.23
1419.64
1420.28
1421.69
1423.09
1423.95
1424.73
1426.31
1427.47
1428.21
1429.62
1430.87
1431.7
1432.25
1433.41
1434.7
1436.08
1436.62
1438.02
1439.36
1440.61
1442
1443.35
1444.71
1447.72
1449.58
1451.01
1452.39
1453.79
1455.12
1456.23
1457.63
1458.93
1460.32
1461.58
1462.4
1463.79
1465.22
1466.2
1467.6
1469.05
1470.3
1471.24
1472.62
1473.6
1475.01
1475.96
1478.3
1479.6
1480.59
1481.74
1483.13
1484.44
1485.71
1487.12
1487.95
1489.32
1490.59
1491.96
1493.37
1494.75
1495.32
1496.72
1497.27
1498.71
1499.83
1500.47
1501.85
1502.84
1503.77
1505.2
1506.59
1507.71
1509.13
1510.51
1511.86
1513.25
1514.68
1515.99
1517.4
1518.34
1519.75
1521.03
1522.33
1523.76
1525.2
1526.76
1527.79
1529.1
1530.55
1531.93
1532.01
1532.12
1533.22
1534.56
1535.76
1536.85
1537.81
1539.19
1539.43
1540.91
1542.3
1543.56
1544.37
1545.05
1546.45
1547.85
1549.17
1550
1551.39
1552.15
1553.39
1554.57
1555.94
1557.33
1558.72
1559.84
1560.3
1561.75
1562.73
1564.12
1565.19
1566.09
1567.38
1568.76
1569.86
1571.25
1572.64
1574.36
1575.74
1577.2
1577.87
1579.24
1580.25
1582.36
1584.41
1586.2
1587.61
1593.55
1594.85
1596.27
1597.27
1598.28
1599.05
1599.69
1601.16
1601.83
1602.81
1603.72
1604.43
1605.47
1606.6
1608.01
1609.4
1610.34
1610.98
1612.43
1612.98
1614.45
1615.84
1616.77
1618.06
1619.47
1620.44
1622.03
1622.81
1624.29
1625.72
1628.32
1629.64
1631.02
1632.44
1633.32
1634.79
1635.48
1636.85
1637.73
1639.11
1639.93
1640.99
1642.37
1643.78
1644.78
1645.95
1647.56
1648.93
1650.32
1651.21
1652.44
1654.84
1656.24
1657.64
1657.87
1658.15
1659.06
1659.8
1661.2
1661.33
1662.64
1663.24
1664.63
1665.97
1667.36
1668.74
1669.68
1670.22
1671.61
1673.04
1674.28
1675.68
1677.1
1678.5
1679.91
1680.3
1681.58
1682.91
1684.31
1686.71
1687.73
1689.12
1690.12
1691.51
1692.57
1693.9
1694.58
1695.74
1696.71
1697.99
1699.29
1700.21
1701.6
1702.4
1703
1704.41
1705.28
1706.06
1707.45
1708.58
1710.82
1712.2
1713.37
1715.43
1716.47
1717.85
1718.85
