0.005902
0.007536
0.010473
0.007458
0.007843
0.006513
0.007627
0.006862
0.007385
0.006838
0.008254
0.007956
0.008985
0.007735
0.008265
0.006028
0.007787
0.006438
0.007440
0.007255
0.006643
0.008762
0.005592
0.005861
0.006558
0.007849
0.007659
0.007406
0.007710
0.008667
0.007824
0.006109
0.008942
0.008484
0.008560
0.007681
0.008045
0.008792
0.009030
0.008043
0.008946
0.010169
0.007066
0.008456
0.007196
0.008288
0.006323
0.007170
0.007585
0.006391
0.006770
0.007220
0.006885
0.007687
0.005038
0.007636
0.009721
0.007052
0.009042
0.008582
0.009995
0.009507
0.008000
0.006938
0.007138
0.007771
0.007540
0.006640
0.006110
0.008443
0.010967
0.005547
0.008210
0.008803
0.006137
0.006498
0.007047
0.006126
0.008952
0.006747
0.008238
0.006711
0.007439
0.009177
0.006852
0.006304
0.005238
0.008795
0.007605
0.008319
0.007250
0.006471
0.005919
0.008249
0.007584
0.007509
0.007433
0.008333
0.009000
0.007298
0.008774
0.008108
0.007399
0.007596
0.007813
0.006941
0.006187
0.007836
0.007563
0.008733
0.009408
0.008154
0.008417
0.007581
0.007410
0.007312
0.008179
0.007502
0.007377
0.009244
0.005982
0.007846
0.008090
0.009235
0.007788
0.008114
0.006288
0.007462
0.008746
0.007040
0.007587
0.008028
0.006516
0.008086
0.008920
0.008986
0.009157
0.006019
0.007996
0.006834
0.008245
0.008476
0.008823
0.008558
0.005310
0.005991
0.005227
0.005087
0.006670
0.007506
0.008236
0.007137
0.005861
0.005805
0.006660
0.008867
0.006158
0.008687
0.008576
0.007033
0.006960
0.009166
0.010315
0.008437
0.006702
0.006224
0.008991
0.008509
0.006392
0.007722
0.007525
0.008801
0.007682
0.007877
0.008179
0.007015
0.008844
0.008001
0.007554
0.008920
0.007183
0.007327
0.008178
0.006866
0.007173
0.005766
0.006350
0.007126
0.007655
0.006679
0.008303
0.006117
0.006605
0.006089
0.007641
0.007717
0.005385
0.008723
0.008947
0.007890
0.008067
0.009187
0.007788
0.009805
0.007300
0.009903
0.007123
0.009060
0.007860
0.008798
0.006769
0.008994
0.008923
0.008815
0.009284
0.007501
0.008466
0.006612
0.008726
0.007830
0.009180
0.008862
0.006832
0.007083
0.008779
0.007292
0.008811
0.007527
0.007198
0.008938
0.008737
0.008811
0.009128
0.008836
0.006399
0.009384
0.007161
0.008834
0.007086
0.009566
0.007121
0.008895
0.009830
0.008729
0.008624
0.007460
0.008600
0.008357
0.007273
0.005708
0.007323
0.007826
0.008929
0.007054
0.007167
0.007099
0.005756
0.005704
0.006239
0.007125
0.006887
0.008887
0.007558
0.008613
0.005473
0.005762
0.005714
0.006229
0.006466
0.009059
0.007312
0.010046
0.008525
0.007338
0.006666
0.005676
0.007761
0.009803
0.009953
0.006855
0.009727
0.008720
0.008463
0.006740
0.008347
0.007742
0.008868
0.005558
0.008346
0.005928
0.008832
0.006631
0.008709
0.008726
0.006435
0.008888
0.005745
0.009851
0.008013
0.006644
0.008382
0.007676
0.008532
0.007931
0.007448
0.007110
0.006479
0.005984
0.009004
0.009438
0.008331
0.009156
0.007396
0.007185
0.008721
0.006493
0.009230
0.007532
0.005672
0.005562
0.007634
0.007196
0.010422
0.007253
0.007140
0.009438
0.011084
0.009362
0.008804
0.006093
0.007145
0.008241
0.007475
0.008191
0.007612
0.005614
0.005794
0.008919
0.007525
0.008245
0.009866
0.007716
0.007499
0.007834
0.008605
0.007040
0.008447
0.006566
0.007388
0.006545
0.007874
0.006340
0.010045
0.009870
0.007583
0.007347
0.006784
0.008128
0.008784
0.007912
0.009568
0.009395
0.008749
0.011131
0.010727
0.008705
0.008939
0.008288
0.007061
0.010246
0.008149
0.005984
0.011551
0.008800
0.008698
0.009039
0.007608
0.007771
0.007894
0.006027
0.008450
0.007414
0.006622
0.008414
0.008819
0.008013
0.008669
0.011955
0.012506
0.010535
0.007495
0.007899
0.007790
0.008241
0.009078
0.007271
0.005998
0.007089
0.008485
0.007552
0.006903
0.008731
0.007756
0.007550
0.008631
0.008421
0.007869
0.008094
0.005909
0.007466
0.007642
0.005300
0.006487
0.009537
0.007094
0.008760
0.006379
0.008683
0.010945
0.009827
0.010039
0.008805
0.007736
0.006311
0.008853
0.006749
0.007874
0.007741
0.005837
0.008895
0.009436
0.007807
0.008731
0.009176
0.007171
0.009097
0.007679
0.006220
0.010304
0.008208
0.008041
0.010225
0.009050
0.007912
0.007457
0.008886
0.007300
0.009960
0.007213
0.011416
0.010826
0.009892
0.008795
0.010484
0.007442
0.009251
0.007981
0.007586
0.007526
0.005622
0.007118
0.006442
0.006997
0.005362
0.006213
0.010339
0.007970
0.006403
0.009681
0.007656
0.008255
0.007712
0.006793
0.008788
0.005695
0.007462
0.006190
0.008692
0.006748
0.010057
0.008818
0.009445
0.005015
0.009633
0.008472
0.007583
0.007040
0.007251
0.007566
0.008678
0.005620
0.009338
0.005923
0.007474
0.008006
0.008952
0.008062
0.010652
0.009092
0.007063
0.007551
0.009852
0.009762
0.009893
0.012808
0.008016
0.008838
0.008945
0.011532
0.010479
0.007988
0.008791
0.007905
0.006062
0.006254
0.010936
0.007764
0.007346
0.005694
0.006383
0.011038
0.011459
0.010904
0.009527
0.009588
0.008673
0.012782
0.013411
0.010494
0.009358
0.007598
0.009279
0.006423
0.006270
0.007790
0.008552
0.006892
0.006830
0.007088
0.005832
0.007094
0.007506
0.009135
0.011766
0.010924
0.010978
0.011456
0.011852
0.008563
0.006153
0.006764
0.008468
0.005498
0.006705
0.008663
0.009170
0.005138
0.006776
0.006008
0.011115
0.009823
0.008725
0.008430
0.008363
0.010057
0.009621
0.006471
0.010520
0.005851
0.008354
0.007162
0.009467
0.011279
0.005540
0.007318
0.005432
0.003384
0.005287
0.005787
0.009151
0.008091
0.007792
0.007590
0.007468
0.008637
0.008180
0.008308
0.006393
0.007698
0.012576
0.009830
0.009531
0.012142
0.012240
0.010025
0.007102
0.006354
0.008240
0.006136
0.007921
0.005871
0.007625
0.006617
0.007640
0.007601
0.008804
0.006752
0.005009
0.009351
0.007327
0.007710
0.008781
0.008431
0.006080
0.008325
0.010329
0.009609
0.008558
0.005063
0.010329
0.007712
0.008844
0.012518
0.011348
0.011634
0.010357
0.008883
0.009288
0.006580
0.009079
0.008566
0.007482
0.006408
0.011685
0.011584
0.011504
0.008924
0.010159
0.006456
0.006538
0.007779
0.008112
0.008714
0.009091
0.010939
0.008630
0.007816
0.008880
0.007183
0.006197
0.007928
0.010134
0.006713
0.007537
0.007447
0.006275
0.007688
0.009257
0.009530
0.006400
0.008036
0.006018
0.007942
0.007720
0.009729
0.008337
0.010486
0.008360
0.008926
0.009780
0.007472
0.007668
0.007109
0.006160
0.007522
0.007786
0.008233
0.006506
0.007103
0.007659
0.009523
0.010015
0.007159
0.007350
0.008945
0.006121
0.007760
0.006139
0.006319
0.005786
0.010224
0.008458
0.008953
0.006525
0.007390
0.008336
0.008546
0.006892
0.006753
0.008646
0.007514
0.005910
0.008214
0.007673
0.008359
0.007828
0.007572
0.006936
0.009988
0.010651
0.006379
0.006303
0.007220
0.007336
0.008451
0.006774
0.009140
0.007389
0.008214
0.008788
0.007432
0.008474
0.008080
0.008878
0.009004
0.012125
0.010005
0.008802
0.007690
0.006652
0.008809
0.011115
0.007714
0.008820
0.008460
0.007412
0.004998
0.009023
0.007936
0.010168
0.009873
0.008598
0.007959
0.007521
0.007909
0.005876
0.007682
0.007245
0.008317
0.007556
0.010014
0.007128
0.008043
0.005649
0.008949
0.007012
0.005888
0.009844
0.007003
0.008106
0.007931
0.007670
0.007247
0.006998
0.006248
0.008254
0.008586
0.009217
0.007951
0.006973
0.006928
0.009060
0.010333
0.007444
0.007068
0.006594
0.011329
0.010881
0.011063
0.010240
0.010572
0.011290
0.011874
0.012346
0.011465
0.008605
0.007218
0.009301
0.011542
0.012780
0.011741
0.011570
0.012575
0.008861
0.009924
0.012063
0.008681
0.006140
0.004009
0.006876
0.007649
0.008356
0.009337
0.007091
0.007908
0.007779
0.008970
0.006041
0.007467
0.007694
0.008024
0.006036
0.008050
0.008341
0.009043
0.007942
0.006575
0.005396
0.007535
0.004023
0.008255
0.007215
0.005640
0.007949
0.007650
0.008797
0.006894
0.007707
0.009182
0.006026
0.008197
0.007596
0.007907
0.007926
0.007620
0.008470
0.008073
0.007981
0.008961
0.005664
0.011789
0.007137
0.008039
0.004526
0.004130
0.003984
0.008076
0.006742
0.008652
0.007782
0.008790
0.008562
0.008495
0.008829
0.007879
0.007535
0.008686
0.007867
0.009154
0.011828
0.009874
0.009883
0.008565
0.006931
0.006381
0.008878
0.004809
0.004150
0.008343
0.005827
0.009674
0.009378
0.003720
0.011631
0.011549
0.017657
0.010646
0.011812
0.008438
0.009790
0.008595
0.008944
0.007683
0.007562
0.011306
0.013277
0.013155
0.010381
0.010416
0.009022
0.008869
0.008563
0.003492
0.003805
0.008458
0.007256
0.006790
0.008205
0.006162
0.009092
0.010194
0.008353
0.006282
0.010646
0.008358
0.009052
0.007425
0.006389
0.008575
0.006269
0.009704
0.009001
0.006890
0.008556
0.007852
0.008279
0.009054
0.007768
0.007156
0.007796
0.007444
0.005958
0.009013
0.007183
0.007995
0.008925
0.005214
0.005922
0.006195
0.008147
0.007829
0.010095
0.008941
0.009176
0.007160
0.008896
0.006407
0.007369
0.009500
0.009499
0.008090
0.006635
0.008593
0.008233
0.009046
0.010138
0.007646
0.007534
0.008241
0.009969
0.008281
0.007265
0.008695
0.007792
0.008016
0.008400
0.009014
0.008246
0.008199
0.007420
0.006644
0.009049
0.008665
0.007590
0.006342
0.008981
0.006601
0.009189
0.007695
0.006559
0.007095
0.005765
0.007980
0.009660
0.007757
0.007534
0.007814
0.007675
0.007066
0.009689
0.007682
0.008372
0.011157
0.009931
0.012432
0.013873
0.010971
0.012066
0.010261
0.009094
0.007672
0.013041
0.013231
0.012290
0.011721
0.009606
0.009293
0.008573
0.005354
0.009077
0.008086
0.007028
0.008106
0.007485
0.009059
0.007480
0.007977
0.002890
0.008955
0.003057
0.007581
0.007773
0.009207
0.005899
0.007691
0.007750
0.008768
0.003742
0.006239
0.007600
0.016460
0.013801
0.015008
0.016638
0.006679
0.012746
0.011907
0.013123
0.007069
0.008135
0.007836
0.007050
0.006381
0.005798
0.008066
0.010082
0.009509
0.008978
0.006149
0.009785
0.007153
0.007952
0.006915
0.008788
0.009435
0.006924
0.005772
0.009057
0.005828
0.010387
0.009148
0.006136
0.007913
0.008949
0.007589
0.005686
0.009283
0.007706
0.009398
0.005530
0.006639
0.008770
0.009057
0.008542
0.006966
0.009095
0.009985
0.008485
0.007881
0.010175
0.009310
0.008943
0.008849
0.009177
0.007390
0.007907
0.008044
0.007828
0.009664
0.007404
0.011307
0.008685
0.005652
0.007724
0.010124
0.009663
0.009507
0.006751
0.006035
0.006988
0.006394
0.006523
0.010542
0.007230
0.010068
0.006962
0.009172
0.007335
0.009475
0.007353
0.011848
0.010434
0.006676
0.007686
0.007241
0.009342
0.005427
0.008828
0.008133
0.007606
0.008874
0.007043
0.007754
0.006710
0.008562
0.008479
0.010317
0.008984
0.009790
0.006125
0.009648
0.010939
0.009581
0.011530
0.008526
0.009186
0.006850
0.008742
0.006544
0.008862
0.008606
0.006069
0.006438
0.010215
0.007906
0.008518
0.006880
0.006126
0.009002
0.008126
0.006741
0.009528
0.009076
0.006951
0.006783
0.005380
0.008581
0.007422
0.005071
0.007366
0.007671
0.008089
0.008978
0.008196
0.005671
0.009096
0.008732
0.009127
0.007536
0.008156
0.008659
0.009244
0.009747
0.010963
0.011886
0.008874
0.008443
0.008595
0.006947
0.009974
0.007381
0.007925
0.008736
0.006520
0.009050
0.006926
0.008422
0.009826
0.008467
0.008080
0.005841
0.005423
0.007844
0.006655
0.009593
0.008091
0.008564
0.008591
0.007843
0.006502
0.008107
0.008096
0.005168
0.007849
0.006882
0.007220
0.006641
0.008922
0.009153
0.005672
0.005463
0.007082
0.008621
0.009139
0.006806
0.010780
0.009898
0.006456
0.006294
0.009902
0.008217
0.007366
0.007683
0.007646
0.006391
0.008727
0.008444
0.008932
0.008872
0.007535
0.007518
0.007122
0.005118
0.009520
0.007985
0.007778
0.006051
0.007722
0.008647
0.008328
0.008575
0.007677
0.007523
0.009224
0.008077
0.007448
0.008989
0.007501
0.009303
0.009946
0.008066
0.007437
0.007372
0.009123
0.009867
0.007773
0.007153
0.009138
0.009047
0.005896
0.007440
0.010418
0.007254
0.008269
0.009864
0.007445
0.011366
0.010064
0.008723
0.009435
0.006421
0.004463
0.008467
0.008116
0.010289
0.007990
0.009243
0.011867
0.011654
0.010837
0.008570
0.006154
0.009237
0.014151
0.014341
0.010812
0.007918
0.011220
0.007703
0.007298
0.007739
0.007755
0.007412
0.008842
0.007755
0.008767
0.008959
0.007640
0.007649
0.007166
0.007717
0.008585
0.007814
0.008014
0.008739
0.006145
0.005764
0.008739
0.009167
0.005512
0.008027
0.008776
0.007740
0.006404
0.009881
0.010046
0.009037
0.015899
0.016340
0.012337
0.012303
0.009892
0.010785
0.008218
0.007078
0.008889
0.008091
0.007794
0.011313
0.011016
0.008832
0.008551
0.009691
0.007409
0.008634
0.006480
0.004202
0.008523
0.008273
0.006271
0.008231
0.007198
0.007299
0.008079
0.004862
0.004854
0.008551
0.007537
0.010370
0.009970
0.009239
0.006195
0.006385
0.007531
0.007522
0.004870
0.006518
0.011020
0.010868
0.011203
0.007458
0.007320
0.011873
0.011163
0.006923
0.009186
0.006060
0.008483
0.009183
0.005760
0.008394
0.006837
0.005943
0.008193
0.011209
0.006353
0.008614
0.005103
0.007112
0.006718
0.005990
0.009051
0.007185
0.007169
0.004529
0.004799
0.014027
0.005846
0.005020
0.008047
0.004580
0.008137
0.007851
0.009608
