0.011472
0.009034
0.006804
0.006802
0.008758
0.008640
0.008676
0.008613
0.005788
0.005697
0.005862
0.004392
0.004836
0.005030
0.009706
0.012949
0.012376
0.011544
0.014082
0.015601
0.015286
0.014068
0.016112
0.021027
0.021186
0.015453
0.014167
0.009534
0.011011
0.010461
0.010280
0.006109
0.014132
0.012428
0.009262
0.014816
0.011434
0.012035
0.013081
0.010036
0.015311
0.012704
0.012988
0.010558
0.014060
0.012700
0.010864
0.009157
0.008414
0.016497
0.012050
0.017226
0.012157
0.011145
0.013731
0.008484
0.008443
0.007042
0.016008
0.016444
0.017858
0.014246
0.009110
0.013098
0.014759
0.019567
0.016079
0.020266
0.019343
0.021006
0.014672
0.012176
0.020867
0.015761
0.016970
0.015372
0.015052
0.023032
0.025282
0.017027
0.015332
0.013769
0.013572
0.015511
0.013813
0.018339
0.025076
0.025830
0.013024
0.009773
0.012216
0.016568
0.008685
0.009425
0.014078
0.012668
0.013116
0.012083
0.014579
0.025485
0.020425
0.020432
0.023828
0.025231
0.020999
0.018407
0.013868
0.016346
0.014414
0.016236
0.016006
0.017573
0.012226
0.017004
0.013658
0.013274
0.008192
0.013563
0.010695
0.014690
0.017688
0.012666
0.011597
0.007560
0.008718
0.011580
0.014966
0.017310
0.010930
0.012019
0.016915
0.017051
0.014300
0.011005
0.009361
0.012421
0.009878
0.008438
0.013581
0.013794
0.013367
0.006516
0.005006
0.003913
0.007181
0.009671
0.006458
0.005685
0.006150
0.007584
0.004878
0.005260
0.006197
0.005162
0.006312
0.006250
0.009315
0.007325
0.009719
0.021007
0.022375
0.023055
0.020185
0.027007
0.015614
0.015047
0.016680
0.015496
0.015717
0.016675
0.016230
0.016263
0.012007
0.018368
0.009374
0.005316
0.005126
0.005978
0.005269
0.006709
0.009248
0.009834
0.012153
0.013844
0.011730
0.015578
0.016171
0.016585
0.009092
0.013299
0.011199
0.007508
0.009548
0.012998
0.018898
0.013727
0.012515
0.013943
0.008168
0.008030
0.005466
0.005741
0.005225
0.004211
0.005838
0.006411
0.009239
0.009172
0.008086
0.008879
0.006719
0.003878
0.008817
0.009326
0.007591
0.010078
0.009678
0.012942
0.013863
0.009400
0.017477
0.016954
0.018657
0.013363
0.012686
0.006626
0.009678
0.007496
0.007144
0.007401
0.008692
0.011168
0.009530
0.009596
0.008224
0.007668
0.007022
0.007356
0.007977
0.009106
0.015712
0.016483
0.012938
0.011819
0.018080
0.012368
0.009233
0.010275
0.010676
0.013201
0.018765
0.012458
0.013395
0.012096
0.013267
0.014007
0.026835
0.018741
0.018138
0.019781
0.018034
0.025317
0.026274
0.026585
0.029631
0.030468
0.022766
0.016974
0.011445
0.008940
0.007551
0.007679
0.012198
0.016460
0.011666
0.009508
0.010044
0.013260
0.008438
0.004963
0.005992
0.008110
0.008960
0.010193
0.012751
0.007910
0.006704
0.007659
0.005612
0.014200
0.010200
0.010070
0.008210
0.013935
0.014333
0.018995
0.016377
0.013766
0.012682
0.010282
0.013032
0.015302
0.013906
0.012455
0.010058
0.013093
0.013294
0.012984
0.015685
0.013147
0.011362
0.010565
0.007812
0.009979
0.009105
0.007725
0.006642
0.003119
0.008999
0.008124
0.010402
0.010281
0.009168
0.009320
0.007548
0.009217
0.015071
0.017590
0.017092
0.018480
0.013652
0.013276
0.009878
0.013883
0.010994
0.023044
0.019434
0.028575
0.025359
0.027185
0.025913
0.028765
0.025513
0.028690
0.023620
0.023764
0.024874
0.017684
0.018374
0.020619
0.023173
0.020135
0.021070
0.015098
0.015697
0.022119
0.023507
0.019378
0.017441
0.012971
0.011195
0.007463
0.008338
0.004609
0.011052
0.008933
0.013768
0.012334
0.011363
0.010417
0.016044
0.010166
0.011900
0.015507
0.010446
0.008453
0.013644
0.015670
0.020706
0.015146
0.010947
0.013849
0.013052
0.015220
0.021404
0.019926
0.017261
0.014456
0.022509
0.015641
0.012523
0.013562
0.019790
0.014662
0.012664
0.005128
0.004769
0.004203
0.002894
0.005434
0.003871
0.006064
0.007386
0.013157
0.012643
0.015578
0.019853
0.009664
0.007697
0.009486
0.010805
0.007474
0.013579
0.012329
0.018037
0.017668
0.012836
0.020828
0.022180
0.013413
0.011864
0.013367
0.011995
0.009766
0.005763
0.008047
0.014036
0.015496
0.014427
0.008785
0.014841
0.008514
0.005013
0.002604
0.009146
0.006870
0.008743
0.014069
0.009745
0.006257
0.006549
0.006495
0.006361
0.005180
0.006264
0.004474
0.006527
0.009281
0.007780
0.009207
0.006664
0.014364
0.015677
0.010819
0.009459
0.009115
0.006408
0.010309
0.007529
0.015509
0.020309
0.015444
0.011269
0.009368
0.012394
0.014548
0.012830
0.012906
0.010515
0.021467
0.017373
0.011348
0.008310
0.011271
0.012787
0.008948
0.009763
0.012087
0.017675
0.014079
0.010923
0.008227
0.007521
0.012020
0.011425
0.012412
0.019054
0.014653
0.017216
0.028659
0.029772
0.033108
0.018715
0.014723
0.017447
0.012198
0.014436
0.019896
0.014086
0.009760
0.018869
0.012519
0.015458
0.017633
0.014236
0.014979
0.013473
0.016425
0.009778
0.015472
0.021415
0.024527
0.023771
0.023043
0.018940
0.011189
0.008170
0.006214
0.014507
0.013061
0.019518
0.007066
0.018647
0.014280
0.014101
0.013012
0.011906
0.015819
0.015537
0.021192
0.014684
0.012956
0.014271
0.009276
0.006306
0.006130
0.004471
0.004917
0.007483
0.006625
0.007807
0.007200
0.011063
0.025060
0.022002
0.017141
0.020760
0.010896
0.009335
0.012743
0.021642
0.030553
0.021330
0.016539
0.005770
0.022384
0.028029
0.022598
0.013671
0.007674
0.004719
0.002931
0.010519
0.009224
0.014213
0.015300
0.007879
0.011521
0.008504
0.009046
0.005022
0.018523
0.016481
0.014756
0.017258
0.021321
0.018190
0.009404
0.016995
0.022977
0.025230
0.022614
0.022812
0.026190
0.023067
0.020772
0.022040
0.026831
0.016862
0.024917
0.023458
0.018955
0.009870
0.013197
0.012558
0.010143
0.009949
0.008952
0.006861
0.018204
0.015617
0.013583
0.014152
0.026537
0.030299
0.021541
0.012254
0.010381
0.017516
0.020375
0.014049
0.010342
0.015766
0.027066
0.020490
0.025981
0.012423
0.010311
0.009749
0.016229
0.022573
0.033396
0.015690
0.015190
0.010627
0.008007
0.020540
0.022321
0.014079
0.012949
0.020325
0.015039
0.009897
0.011646
0.010712
0.024035
0.021022
0.012114
0.014518
0.011682
0.016902
0.010201
0.008943
0.014692
0.014013
0.014107
0.018873
0.012023
0.009458
0.010385
0.005901
0.010828
0.008741
0.012228
0.015222
0.018595
0.012463
0.007418
0.004507
0.013793
0.013799
0.014757
0.014862
0.017944
0.018640
0.018675
0.025108
0.040152
0.021232
0.016040
0.012614
0.010360
0.010409
0.016147
0.013788
0.014782
0.015639
0.016541
0.014688
0.018193
0.016414
0.021487
0.018033
0.016732
0.023224
0.030715
0.028586
0.014346
0.025080
0.033984
0.031912
0.034294
0.018709
0.025962
0.025972
0.017256
0.018962
0.018400
0.013199
0.011795
0.016889
0.012767
0.010075
0.006844
0.007982
0.024778
0.018147
0.008960
0.007491
0.007693
0.026489
0.029474
0.035933
0.034306
0.023092
0.022707
0.022263
0.023001
0.039005
0.031058
0.029789
0.022166
0.016390
0.014180
0.017202
0.021178
0.020294
0.021961
0.015965
0.020438
0.019903
0.029760
0.018132
0.028123
0.018727
0.028947
0.020762
0.019058
0.016019
0.021841
0.013781
0.022803
0.022152
0.030441
0.029054
0.022071
0.024107
0.025335
0.022984
0.021655
0.020127
0.018275
0.014381
0.010402
0.009820
0.006980
0.009011
0.012921
0.010828
0.021866
0.042845
0.045268
0.027263
0.033779
0.039806
0.054132
0.046345
0.037694
0.031148
0.018363
0.015145
0.006257
0.007597
0.005748
0.014687
0.013425
0.006137
0.004447
0.015599
0.022910
0.007863
0.006165
0.003481
0.019483
0.013098
0.014805
0.015085
0.013240
0.019897
0.025130
0.020509
0.022968
0.015971
0.016069
0.012866
0.005252
0.006178
0.006210
0.004629
0.010571
0.008869
0.012776
0.017623
0.012272
0.008009
0.011935
0.006330
0.006915
0.007709
0.012864
0.008746
0.011908
0.006515
0.004836
0.008954
0.009241
0.010239
0.012919
0.010730
0.010918
0.013739
0.011199
0.009290
0.006416
0.009408
0.013264
0.012540
0.010741
0.011899
0.017332
0.018170
0.019876
0.019349
0.007884
0.006710
0.006706
0.006732
0.004586
0.011628
0.012918
0.013037
0.016851
0.031790
0.024720
0.012651
0.009052
0.011948
0.016534
0.018493
0.007461
0.007597
0.007743
0.010838
0.011610
0.017791
0.021032
0.008638
0.009618
0.026769
0.027182
0.022846
0.023781
0.014362
0.013562
0.010597
0.015825
0.008761
0.008995
0.011940
0.012430
0.010499
0.018646
0.018474
0.010103
0.004859
0.008746
0.009082
0.020417
0.027043
0.015656
0.011255
0.008031
0.011885
0.015731
0.015819
0.013364
0.006605
0.004113
0.002979
0.003130
0.002029
0.002996
0.008690
0.034379
0.028009
0.019467
0.010497
0.027048
0.029101
0.027216
0.020508
0.017503
0.016063
0.012930
0.019507
0.012636
0.020043
0.019826
0.019117
0.025038
0.023369
0.024592
0.016725
0.025505
0.033143
0.027925
0.037721
0.035280
0.032398
0.029934
0.017444
0.023788
0.017731
0.016653
0.022497
0.020091
0.024835
0.022220
0.012998
0.016743
0.018696
0.014318
0.013800
0.008602
0.007976
0.008229
0.010237
0.010056
0.028634
0.014177
0.015127
0.015064
0.017194
0.008377
0.007386
0.010260
0.013062
0.011577
0.016131
0.015059
0.010282
0.015512
0.018687
0.016446
0.013929
0.019155
0.016166
0.015526
0.011695
0.012910
0.011739
0.010574
0.011967
0.010042
0.013029
0.012810
0.011969
0.015950
0.012929
0.008919
0.014087
0.010710
0.012049
0.010943
0.011436
0.014575
0.015133
0.013251
0.008904
0.012057
0.009813
0.029203
0.016650
0.015900
0.015270
0.011570
0.007240
0.005275
0.014592
0.014477
0.016725
0.014547
0.021943
0.015625
0.016737
0.016667
0.013876
0.016914
0.014530
0.011602
0.014590
0.013824
0.015022
0.018005
0.013818
0.014076
0.013665
0.014683
0.010935
0.025040
0.026507
0.020358
0.018029
0.015641
0.013355
0.021307
0.024890
0.018111
0.018800
0.019360
0.022027
0.019418
0.021310
0.021630
0.021715
0.021753
0.018636
0.018500
0.022401
0.014506
0.019486
0.020564
0.013456
0.022307
0.019970
0.013527
0.014315
0.012855
0.011447
0.016081
0.016878
0.015112
0.015425
0.013999
0.013335
0.012774
0.009861
0.013649
0.015426
0.014044
0.015119
0.007234
0.009666
0.015517
0.007194
0.006741
0.013722
0.014411
0.016192
0.017417
0.014249
0.011707
0.011821
0.015284
0.017171
0.019565
0.027603
0.023593
0.022480
0.024120
0.013333
0.024072
0.021838
0.033668
0.024978
0.021951
0.022377
0.023112
0.020672
0.025065
0.026323
0.033947
0.026322
0.021377
0.020836
0.012790
0.021723
0.019887
0.024588
0.024976
0.022744
0.022979
0.015239
0.003671
0.009217
0.008031
0.008047
0.014132
0.014085
0.016060
0.025878
0.019109
0.013627
0.014827
0.016570
0.005806
0.007793
0.007950
0.009703
0.009753
0.009726
0.009789
0.008652
0.007568
0.015574
0.012450
0.011667
0.011583
0.014464
0.008207
0.016071
0.015116
0.007026
0.006062
0.008996
0.016843
0.014175
0.014481
0.022210
0.015437
0.013839
0.022749
0.020314
0.012495
0.010129
0.010924
0.010918
0.011403
0.010535
0.005855
0.009847
0.015213
0.014646
0.011716
0.015972
0.015486
0.014134
0.013110
0.013711
0.021544
0.020611
0.016613
0.012226
0.014201
0.016438
0.014679
0.013499
0.013646
0.021207
0.018810
0.010286
0.026719
0.021035
0.018319
0.016328
0.014676
0.013803
0.012768
0.019310
0.019176
0.013752
0.014376
0.012966
0.028368
0.025033
0.018972
0.018779
0.016711
0.014060
0.008292
0.002618
0.009962
0.010088
0.015585
0.014824
0.019899
0.019585
0.026364
0.018482
0.007248
0.012143
0.007638
0.012944
0.016882
0.011558
0.008476
0.016454
0.017934
0.016228
0.011127
0.010087
0.011224
0.010163
0.010172
0.015500
0.014273
0.026089
0.024744
0.022265
0.017497
0.013779
0.010180
0.017981
0.011262
0.010601
0.017097
0.008395
0.020414
0.014996
0.013402
0.010962
0.015672
0.015698
0.013994
0.009914
0.010288
0.008579
0.006340
0.011233
0.007962
0.009487
0.013535
0.012544
0.007389
0.011058
0.007626
0.004799
0.012498
0.013335
0.039000
0.058015
0.024599
0.024276
0.015851
0.010263
0.012545
0.006680
0.007394
0.007504
0.016520
0.015393
0.013181
0.013597
0.016451
0.020115
0.016134
0.016719
0.016879
0.019694
0.016917
0.016305
0.017465
0.016372
0.014808
0.021455
0.024875
0.019639
0.014577
0.014393
0.019284
0.028360
0.019581
0.027489
0.024084
0.022444
0.036070
0.020496
0.032191
0.015953
0.015425
0.018415
0.018560
0.007593
0.016353
0.016909
0.029457
0.020541
0.026082
0.022574
0.023273
0.022827
0.014363
0.018258
0.015747
0.021369
0.019312
0.016639
0.013456
0.010012
0.009025
0.009038
0.011531
0.016542
0.016036
0.025186
0.023905
0.022161
0.022636
0.020008
0.019369
0.023215
0.015918
0.015487
0.015421
0.018057
0.015803
0.022584
0.022005
0.020865
0.019222
0.017253
0.017007
0.015540
0.021912
0.018462
0.014395
0.016960
0.019507
0.016598
0.016343
0.013597
0.016082
0.015242
0.017822
0.019745
0.015396
0.024132
0.022587
0.022631
0.017548
0.019866
0.017660
0.016515
0.018671
0.018174
0.027734
0.028606
0.025255
0.023229
0.021432
0.022348
0.020666
0.019239
0.016326
0.018481
0.021773
0.023105
0.019558
0.019750
0.021732
0.015841
0.020428
0.021461
0.027636
0.028954
0.024664
0.024867
0.019351
0.026232
0.026716
0.028927
0.020907
0.020662
0.033206
0.038027
0.037791
0.034315
0.038647
0.033542
0.037967
0.018450
0.017538
0.015814
0.013804
0.013033
0.010336
0.011667
0.011299
0.008037
0.009398
0.004917
0.009570
0.004881
0.008684
0.009765
0.005539
0.019437
0.022649
0.017148
0.019512
0.021827
0.025719
0.020439
0.025020
0.026957
0.019331
0.018981
0.017109
0.018087
0.018617
0.022687
0.015820
0.012874
0.007137
0.015642
0.007530
0.006873
0.013126
0.014095
0.011390
0.016060
0.016419
0.010798
0.009510
0.008485
0.015317
0.007584
0.014226
0.006560
0.007150
0.007138
0.007210
0.004280
0.008447
0.005008
0.010452
0.010596
0.008077
0.006586
0.015316
0.012984
0.013170
0.013597
0.011799
0.018240
0.029601
0.025265
0.030801
0.018299
0.018479
0.013232
0.010644
0.004525
0.007692
0.012043
0.013754
0.008524
0.008331
0.009141
0.003505
0.011488
0.012456
0.019747
0.014616
0.013601
0.019086
0.020232
0.020390
0.029028
0.024544
0.015526
0.019908
0.012817
0.013334
0.016146
0.016523
0.010478
