4.94298
5.84219
7.28769
7.34902
7.94305
8.01432
8.07556
8.14353
8.19784
8.23689
8.2991
9.45885
9.96347
11.225
11.7391
12.7168
13.7078
14.3364
15.4254
15.7688
17.1029
18.4819
19.3057
20.3592
21.7742
22.8939
23.9769
24.5406
25.3228
26.1548
26.9458
28.1549
29.4228
30.7158
31.5427
32.9023
33.9355
34.8891
34.9582
35.8948
37.2795
37.7638
38.6978
39.7633
40.1825
41.49
42.5744
43.6106
44.6782
45.1053
46.4717
47.0746
48.2354
48.7957
48.9422
50.2216
51.224
51.7955
53.0634
54.423
55.8301
56.9621
57.4133
58.6649
59.1975
60.6078
60.9524
62.124
63.02
64.2128
65.4909
66.1082
66.4459
67.6277
68.8183
69.5324
70.7127
71.951
72.6887
73.3375
74.505
75.4436
76.0224
77.2454
77.7589
78.3777
79.6068
80.429
81.0424
82.3112
83.2687
83.7668
84.5964
85.7118
85.919
87.166
87.6239
88.4736
88.9659
90.0548
91.4384
92.3129
93.7006
94.3394
94.8411
95.8649
96.4501
97.0283
97.6078
98.2167
99.0868
100.013
101.292
102.253
103.13
104.522
105.745
106.514
108.249
109.243
110.151
111.13
112.455
113.231
114.119
115.06
116.153
116.94
118.04
119.238
120.23
121.325
122.63
123.715
124.66
125.615
126.995
127.575
128.321
129.411
130.819
132.232
133.657
134.933
136.334
137.421
138.648
139.932
140.656
141.625
143.062
144.33
145.444
146.572
147.747
148.215
149.501
150.019
150.987
152.464
153.536
154.325
155.619
156.828
158.185
158.933
159.529
160.559
161.828
162.356
162.994
163.97
165.844
166.948
168.147
168.997
170.437
171.598
172.715
173.768
175.036
176.23
177.433
177.968
178.751
180.002
180.745
182.023
182.592
183.877
184.33
185.489
186.273
187.014
188.284
189.526
190.31
191.527
192.397
193.463
194.77
195.84
197.042
197.789
198.855
199.372
200.582
201.65
202.553
202.806
204.24
204.842
206.243
206.648
207.616
209.029
210.201
211.022
212.092
212.984
214.13
214.722
215.046
216.546
217.943
219.162
220.587
221.999
222.946
224.227
224.977
225.925
227.312
227.819
228.769
229.619
230.921
231.774
233.03
233.992
234.968
235.838
236.78
237.42
237.999
239.335
240.595
241.905
242.579
243.539
246.808
248.239
249.254
249.772
252.48
253.794
255.265
255.458
256.278
256.819
257.598
259.026
260.712
261.515
269.168
271.073
272.55
273.589
274.62
275.765
276.842
278.185
279.497
280.77
281.871
282.964
285.373
286.737
288.273
289.395
290.64
291.658
292.369
293.241
294.023
295.144
296.318
297.132
298.278
299.604
300.598
301.124
302.334
302.945
304.136
304.635
305.84
306.819
307.328
308.5
308.984
309.423
310.832
311.637
312.954
314.332
315.132
316.236
317.145
317.796
319.343
320.321
320.969
322.636
323.775
324.772
325.835
326.824
327.559
328.733
329.416
330.693
331.296
332.737
333.966
334.557
335.878
336.974
337.847
338.704
340.046
341.184
342.32
342.755
344.152
344.449
345.851
346.362
346.877
348.258
348.768
350.073
350.514
351.92
352.327
353.725
354.18
355.539
356.947
357.311
358.714
359.236
360.522
360.981
362.312
362.835
363.411
364.793
365.027
365.971
366.212
367.596
368.484
369.508
370.722
372.127
373.014
374.449
375.115
376.503
377.525
378.266
379.326
380.232
380.913
382.277
383.245
383.969
385.226
386.212
387.064
387.985
389.124
390.151
393.98
397.607
398.953
399.49
400.984
402.158
403.698
404.025
405.291
408.768
410.138
410.762
412.22
413.046
414.585
415.39
416.623
418.08
419.528
420.568
422.168
423.58
425.258
426.501
427.783
428.049
429.21
430.606
431.529
432.935
434.434
435.067
436.289
437.454
441.009
442.355
443.751
444.452
445.624
446.784
448.209
449.706
451.548
452.789
453.313
454.296
455.734
457.113
458.6
459.775
460.772
462.038
462.983
463.513
464.486
465.846
467.187
467.891
468.687
469.524
470.239
471.097
472.709
474.308
475.742
476.361
477.51
478.051
479.332
480.765
481.407
482.264
483.233
483.991
484.254
485.306
486.313
489.045
490.511
491.492
493.017
494.195
494.92
495.743
496.808
497.948
498.993
499.571
500.375
501.265
502.14
502.542
503.787
504.817
506.158
507.592
508.273
509.586
510.988
511.855
513.036
514.368
515.588
516.987
518.258
518.801
519.775
521.255
522.28
522.822
524.651
526.312
527.395
536.834
545.612
547.807
550.492
551.777
552.575
553.6
554.432
555.769
557.119
558.203
561.962
563.981
565.478
566.911
567.824
568.518
569.625
570.364
571.862
573.371
574.727
576.129
577.265
578.533
579.575
580.983
581.657
582.261
583.104
583.988
585.464
586.91
587.969
589.354
590.745
591.955
592.821
594.216
595.091
595.492
596.698
597.239
598.684
599.612
600.223
601.38
602.608
603.495
604.281
605.133
606.53
608.115
609.124
610.266
611.058
612.007
612.988
618.852
620.222
621.608
622.984
623.96
625.346
626.682
628.217
629.582
629.997
631.323
631.828
633.031
634.462
635.425
636.82
637.563
638.84
639.796
640.313
641.327
642.705
643.58
644.609
646.029
647.007
647.543
648.742
649.957
651.339
652.136
652.734
653.967
655.338
656.596
657.97
658.943
659.758
661.192
662.608
662.828
663.123
664.502
665.936
666.992
668.114
669.129
669.629
670.799
672.115
673.119
674.513
675.753
676.364
677.74
678.791
680.551
681.75
683.215
684.593
685.799
686.579
687.961
689.373
689.765
691.258
692.659
694.048
695.491
696.565
697.32
698.723
700.156
701.099
702.54
704.035
705.483
706.642
707.334
708.579
709.478
710.757
711.353
712.576
713.498
714.72
715.993
716.615
717.478
718.887
720.593
721.983
723.222
724.364
725.093
725.962
727.056
728.494
729.13
730.258
731.379
736.002
737.368
738.803
740.029
740.226
740.356
740.623
740.813
741.132
742.853
748.936
753.588
755.018
756.403
756.976
758.375
758.684
759.463
760.911
761.872
762.729
763.487
764.337
765.228
766.217
767.759
768.593
769.744
770.815
771.976
773.016
774.242
781.798
782.521
783.937
785.064
786.494
787.733
789.457
790.233
791.318
792.237
793.225
793.975
794.778
795.536
796.508
796.979
797.592
798.119
807.788
809.202
810.611
812.03
813.979
815.955
816.996
828.31
829.571
830.763
832.249
833.481
837.176
839.259
840.533
841.967
843.357
844.55
845.961
847.486
848.892
849.386
851.316
852.742
852.836
853.517
853.637
854.534
855.937
857.235
858.631
859.499
860.632
862.02
862.777
864.122
865.508
866.93
868.309
869.493
870.045
871.432
872.839
874.225
875.614
875.909
876.797
877.493
878.94
880.313
881.065
882.523
884.406
887.516
889.048
893.086
900.418
903.052
904.522
906.557
907.527
909.923
911.402
913.186
914.606
917.962
920.62
922.053
924.865
928.397
929.863
931.401
932.834
934.525
934.958
936.364
938.486
941.427
942.831
943.54
944.981
945.871
946.604
947.933
949.335
950.121
951.232
952.499
953.252
954.696
956.214
957.63
959.031
960.51
961.934
963.331
964.733
965.524
966.281
967.607
968.977
970.368
971.089
971.973
972.695
973.536
976.335
977.743
978.967
980.362
981.741
983.252
984.234
985.362
985.954
987.222
988.606
989.452
990.214
991.724
992.564
993.706
994.852
996.25
997.773
998.953
1002.6
1004.82
1006.22
1006.32
1006.46
1006.59
1007.37
1008.77
1010.19
1010.98
1012
1014.29
1015.89
1017.37
1018.62
1019.51
1020.05
1021.43
1022.1
1023.51
1024.51
1025.95
1027.23
1028.04
1029.21
1030.61
1031.22
1032.61
1033.13
1034.53
1036.82
1039.14
1040.6
1041.51
1042.2
1043.62
1044.63
1045.5
1046.33
1047.24
1048.65
1049.72
1050.98
1051.84
1053.24
1054.56
1055.5
1056.69
1058.11
1059.48
1060.75
1061.99
1062.08
1063.37
1064.75
1065.36
1066.76
1067.78
1068.3
1069.74
1070.78
1072.23
1073.61
1074.97
1076.13
1077.53
1078.98
1079.97
1081.38
1082.11
1084.34
1085.78
1088.26
1089.56
1090.22
1091.61
1092.33
1095.88
1100.02
1102.73
1107.87
1109.97
1116.03
1117.66
1119.18
1120.99
1122.37
1123.77
1123.87
1125.3
1126.28
1127.38
1128.85
1130.21
1131.51
1132.76
1134.14
1135.34
1136.72
1138.14
1139
1139.96
1140.95
1141.96
1142.84
1143.52
1144.54
1145.75
1147.06
1148.35
1149.53
1150.95
1151.98
1153.38
1154.09
1155.5
1155.97
1156.58
1157.97
1158.84
1160.27
1161.5
1163.8
1166.56
1167.95
1168.94
1170.35
1171.44
1172.83
1173.74
1174.65
1175.5
1176.56
1176.77
1177.11
1177.25
1178.7
1179.95
1181.09
1182.05
1183.34
1184.75
1185.57
1186.37
1187.23
1188.36
1189.37
1190.77
1191.75
1193.23
1194.46
1195.86
1197.15
1198.51
1199.87
1200.4
1201.83
1203.12
1203.55
1204.11
1205.52
1206.72
1207.73
1208.72
1210.08
1210.83
1211.7
1212.76
1213.75
1215.18
1215.97
1216.73
1217.24
1218.58
1219.12
1220.2
1221.59
1221.87
1223.32
1224.72
1226.14
1227.14
1227.98
1229.38
1230.8
1232.16
1233.56
1235.04
1236.35
1237.76
1238.84
1240.01
1241.07
1242
1243.5
1244.98
1245.8
1247.21
1247.8
1249.25
1250.7
1252.16
1253.58
1254.84
1255.77
1257.2
1258.58
1259.54
1260.94
1261.56
1262.52
1263.28
1264.47
1265.34
1266.56
1267.96
1269.36
1270.76
1272.2
1273.34
1273.85
1275.3
1276.64
1278.02
1278.43
1279.88
1281.28
1282.21
1283.44
1284.25
1285.29
1286.33
1287.58
1288.78
1290.26
1291.46
1292.86
1294.26
1295.8
1297.29
1298.73
1299.75
1300.71
1301.74
1302.77
1304.15
1305.54
1306.28
1307.6
1309.02
1310.39
1311.79
1313.21
1314.49
1315.71
1317.11
1317.39
1318.8
1320.28
1321.08
1322.46
1323.74
1324.98
1326.36
1327.63
1329.06
1330.49
1331.32
1332.3
1333.43
1334.83
1335.84
1336.79
1338.13
1339.61
1339.78
1339.88
1340.02
1340.19
1340.31
1340.44
1340.56
1340.69
1340.79
1342.13
1342.73
1343.53
1344.84
1346.23
1347.48
1348.75
1350.23
1351.65
1352.98
1354.33
1355.01
1355.84
1356.97
1357.92
1359.31
1360.49
1361.31
1362.59
1364
1364.65
1364.97
1366.38
1367.32
1367.89
1369.3
1370.73
1371.75
1372.43
1373.57
1374.94
1376.37
1377.33
1378.61
1379.58
1380.97
1382.01
1383.36
1384.38
1385.24
1386.32
1387.72
1389.11
1390.5
1391.92
1392.98
1394.38
1395.5
1396.52
1397.94
1399.32
1400.71
1400.94
1402.36
1403.73
1404.96
1406.35
1407.36
1408.78
1410.57
1411.98
1413.48
1414.9
1416.88
1417.71
1418.61
1420.02
1420.69
1422.1
1423.7
1424.97
1426.38
1427.76
1428.99
1430.38
1431.59
1433
1433.98
1435.06
1436.47
1437.96
1439.36
1440.75
1441.19
1442.55
1442.97
1444.45
1445.83
1446.68
1448.1
1449.51
1451.07
1452.11
1453.58
1454.98
1455.71
1456.1
1457.41
1458.82
1459.48
1461.44
1462.83
1464.2
1465.58
1466.51
1467.72
1469.1
1470.48
1470.7
1471.84
1472.85
1473.71
1474.67
1475.61
1477.22
1478.68
1480.13
1480.46
1481.89
1482.65
1484.04
1486.63
1488.6
1490.35
1492.29
1494.11
1495.65
1497.28
1498.89
1500.32
1501.96
1503.37
1504.22
1506.13
1507.56
1508.99
1509.94
1510.96
1512.68
1514.14
1515.53
1516.39
1517.07
1518.46
1519.47
1520.12
1520.75
1522.14
1523.04
1523.99
1525.37
1526.38
1527.31
1527.8
1529.26
1530.63
1532.05
1532.79
1533.96
1534.75
1536.12
1537.4
1538.51
1539.57
1540.09
1541.49
1542.94
1543.95
1545.36
1546.78
1548.05
1549.2
1550.59
1551.48
1552.21
1553.6
1554.79
1555.58
1556.97
1558.06
1559
1560.38
1561.32
1562.23
1563
1564.21
1565.6
1566.96
1567.81
1569.23
1570.02
1571.44
1572.82
1573.86
1574.75
1575.79
1576.47
1577.79
1579.22
1580.21
1581.6
1582.97
1584.13
1584.79
1585.61
1586.32
1586.73
1588.12
1589.5
1590.31
1591.23
1592.64
1594.03
1595.45
1596.45
1597.32
1598.46
1599.34
1600.2
1601.59
1603.14
1604.52
1605.59
1606.44
1607.38
1608.48
1609.5
1610.94
1612.1
1612.71
1614.24
1615.64
1617.03
1617.99
1619.23
1620.27
1621.05
1622.44
1623.38
1624.69
1626.04
1626.98
1628.3
1629.2
1630.57
1631.81
1633.2
1633.57
1634.96
1635.75
1637.23
1638.62
1639.44
1640.84
1641.69
1642.82
1644.21
1645
1645.8
1647.22
1648.6
1649.4
1650.78
1652.16
1653.24
1654.62
1656.04
1657.47
1658.86
1660.25
1661.72
1663.11
1664.53
1665.97
1667.37
1668.78
1670.31
1671.68
1673.14
1674.14
1675.61
1677.09
1678.55
1679.85
1681.26
1682.69
1684.36
1685.53
1687
1688.38
1689.81
1690.98
1691.91
1692.74
1694.38
1695.78
1697.23
1697.79
1698.98
1700.37
1701.5
1702.13
1703.51
1704.24
1705.44
1706.22
1707.38
1708.77
1709.3
1710.21
1711.18
1712.2
1713.27
1715.45
1715.52
1715.88
1717.28
1719.54
1720.93
1722.28
1722.53
1723.95
1724.72
1726.24
1728.36
1729.21
1730.02
1731.37
1731.99
1733.39
1734.79
1735.4
1736.79
1738.2
1739.09
1740.48
1741.46
1742.3
1743.73
1745.12
1745.71
1746.96
1748.35
1749.55
1750.67
1751.75
1753.16
1754.1
1755.51
1756.95
1758.38
1759.49
1761.39
1762.79
1763.97
1764.54
1765.95
1766.61
1767.5
1768.3
1769.89
