0.002837
0.003218
0.003969
0.004163
0.004080
0.003850
0.004182
0.004196
0.003933
0.004172
0.004204
0.004378
0.004521
0.004914
0.005409
0.006624
0.005025
0.005702
0.005896
0.005701
0.005793
0.006027
0.005812
0.005229
0.005088
0.005748
0.006833
0.007373
0.007183
0.006939
0.006902
0.006809
0.007740
0.008378
0.008661
0.008921
0.008850
0.008556
0.008621
0.008515
0.008691
0.009067
0.009445
0.009857
0.010243
0.010390
0.010870
0.011636
0.012154
0.012196
0.013011
0.013033
0.014010
0.013523
0.013675
0.013701
0.011966
0.012131
0.014251
0.016376
0.013903
0.015043
0.016234
0.012443
0.013004
0.012878
0.013542
0.011354
0.012262
0.011970
0.013341
0.012183
0.011977
0.013170
0.013198
0.012048
0.010450
0.012143
0.012930
0.013013
0.012613
0.013581
0.014276
0.014680
0.012926
0.009636
0.010384
0.010414
0.010325
0.009597
0.010087
0.010318
0.010043
0.009244
0.008381
0.008487
0.009134
0.008909
0.008992
0.016594
0.016106
0.015712
0.016624
0.015732
0.017523
0.018087
0.017980
0.017027
0.016316
0.015994
0.015872
0.015911
0.015164
0.014370
0.014889
0.015748
0.016517
0.015648
0.016321
0.015256
0.016320
0.017344
0.018805
0.019967
0.021382
0.022391
0.022633
0.021209
0.024272
0.026558
0.023387
0.024393
0.018005
0.019130
0.017877
0.016197
0.015970
0.016509
0.015766
0.015661
0.011909
0.013371
0.011958
0.011753
0.012856
0.016345
0.013841
0.016036
0.015783
0.016915
0.019363
0.018434
0.020278
0.023282
0.023591
0.023418
0.028413
0.030288
0.031584
0.030698
0.030939
0.031211
0.030762
0.034366
0.034430
0.033628
0.032689
0.030525
0.027954
0.026698
0.026899
0.029397
0.024233
0.024952
0.027880
0.021464
0.022158
0.021333
0.022533
0.024238
0.025866
0.029294
0.033473
0.032068
0.033011
0.033336
0.034897
0.037736
0.040238
0.040440
0.039811
0.035466
0.034865
0.037359
0.035589
0.035915
0.034838
0.035005
0.033828
0.031723
0.032462
0.033097
0.027996
0.026787
0.028115
0.028228
0.033197
0.033947
0.031780
0.031381
0.037364
0.037309
0.036790
0.037052
0.032715
0.031784
0.031804
0.028723
0.027625
0.028075
0.025393
0.024582
0.022943
0.023263
0.022326
0.019705
0.019366
0.015371
0.016100
0.016464
0.016344
0.017174
0.017365
0.017477
0.013289
0.012047
0.013032
0.013719
0.016671
0.020722
0.022581
0.021736
0.023002
0.023423
0.024756
0.024417
0.026866
0.027882
0.029871
0.029381
0.036556
0.038385
0.032391
0.034658
0.035086
0.037842
0.039324
0.039820
0.040132
0.040075
0.045548
0.044068
0.046037
0.045892
0.052530
0.047027
0.038680
0.040969
0.028788
0.029988
0.021631
0.022490
0.021938
0.032187
0.027155
0.027100
0.032764
0.033012
0.042258
0.037189
0.037813
0.031609
0.032258
0.032571
0.036660
0.034876
0.036731
0.037054
0.028530
0.027352
0.029060
0.029674
0.028500
0.029081
0.027314
0.027157
0.024240
0.023951
0.021691
0.021211
0.017635
0.019575
0.017406
0.017810
0.018746
0.029989
0.026949
0.027781
0.034859
0.038181
0.039760
0.031538
0.031022
0.027594
0.029503
0.028284
0.022914
0.027355
0.023125
0.020181
0.020634
0.017233
0.017796
0.015320
0.014125
0.012779
0.014855
0.019687
0.019692
0.020428
0.026427
0.028594
0.028814
0.029330
0.031952
0.032320
0.036937
0.040324
0.038178
0.040117
0.039314
0.031837
0.031107
0.033515
0.031681
0.027036
0.023507
0.023911
0.020496
0.020466
0.023457
0.023610
0.028538
0.027977
0.032147
0.034331
0.032593
0.031591
0.034000
0.031868
0.031180
0.033231
0.030627
0.030726
0.030639
0.034433
0.034417
0.027727
0.026782
0.023245
0.024422
0.024422
0.025937
0.021138
0.021379
0.021484
0.021410
0.023717
0.025117
0.021765
0.027513
0.030035
0.036848
0.033087
0.043442
0.039931
0.040777
0.038052
0.046833
0.046110
0.048155
0.046556
0.050692
0.049533
0.050207
0.047899
0.048267
0.049331
0.044912
0.044741
0.046600
0.043934
0.044943
0.040117
0.045136
0.041641
0.044028
0.043084
0.034717
0.035739
0.028142
0.027523
0.022148
0.020662
0.024500
0.023487
0.022112
0.026334
0.029571
0.029936
0.024279
0.024100
0.024728
0.024361
0.024565
0.023671
0.024581
0.024701
0.023729
0.020787
0.019162
0.019101
0.020817
0.022746
0.022598
0.022466
0.022327
0.022154
0.024521
0.025090
0.027991
0.022297
0.024406
0.029737
0.031113
0.030133
0.042658
0.032702
0.032040
0.032140
0.032037
0.032385
0.031806
0.024224
0.024351
0.025778
0.031427
0.031914
0.031099
0.030976
0.040587
0.036180
0.044152
0.037304
0.031840
0.023737
0.023780
0.020213
0.025410
0.022169
0.021645
0.025297
0.025686
0.026672
0.039390
0.030835
0.033708
0.033579
0.035038
0.034909
0.034717
0.034340
0.034710
0.034831
0.035548
0.029495
0.030452
0.034909
0.037539
0.034555
0.034238
0.036598
0.041672
0.042226
0.047495
0.048398
0.053577
0.052893
0.037833
0.040151
0.041179
0.039457
0.039057
0.032079
0.033368
0.033763
0.034004
0.033365
0.042355
0.034892
0.034840
0.033468
0.033341
0.025226
0.027890
0.026224
0.028265
0.026325
0.033458
0.034548
0.032902
0.032793
0.031515
0.031887
0.033566
0.030503
0.030294
0.028392
0.022091
0.026946
0.019705
0.021600
0.021092
0.021826
0.018032
0.022197
0.022512
0.023470
0.024370
0.024249
0.027640
0.029443
0.030624
0.031099
0.031869
0.033608
0.033387
0.033642
0.033493
0.026418
0.026365
0.036259
0.035522
0.032786
0.031992
0.039714
0.033681
0.033334
0.026314
0.026667
0.026832
0.031621
0.032912
0.030363
0.026673
0.026339
0.027456
0.022992
0.019660
0.020913
0.019698
0.020922
0.023097
0.023944
0.023118
0.027621
0.026444
0.027686
0.025555
0.031810
0.026984
0.027043
0.022981
0.027437
0.026462
0.024031
0.024021
0.027342
0.025908
0.027595
0.026288
0.023430
0.024407
0.024147
0.024691
0.023891
0.023055
0.019184
0.023333
0.020459
0.024554
0.023866
0.023486
0.027825
0.026699
0.023108
0.023096
0.019920
0.022978
0.023664
0.023509
0.021615
0.022331
0.020255
0.023628
0.023481
0.026221
0.023143
0.027900
0.026450
0.028845
0.026158
0.025856
0.022746
0.022573
0.024766
0.023860
0.035776
0.026434
0.034828
0.031720
0.032072
0.024619
0.023161
0.027708
0.029080
0.024997
0.026237
0.021380
0.022513
0.023081
0.020946
0.019009
0.019667
0.018183
0.018624
0.021706
0.021773
0.026713
0.023098
0.030220
0.032766
0.034145
0.033633
0.035386
0.037086
0.041365
0.045881
0.048296
0.048729
0.046529
0.046031
0.047849
0.046991
0.050287
0.054434
0.048330
0.042936
0.043115
0.035130
0.040623
0.035920
0.036085
0.032073
0.030611
0.037107
0.025589
0.026108
0.025380
0.023217
0.021552
0.020114
0.021594
0.022007
0.026926
0.032689
0.031438
0.042132
0.037260
0.030290
0.032850
0.031014
0.025709
0.024892
0.024254
0.023821
0.026097
0.026481
0.026172
0.025441
0.024317
0.030620
0.031861
0.031670
0.032346
0.040173
0.046619
0.047503
0.040451
0.040407
0.049683
0.040851
0.040873
0.048044
0.035335
0.032456
0.031796
0.039226
0.042182
0.041667
0.032056
0.032411
0.023223
0.020280
0.025503
0.020722
0.023262
0.023242
0.022845
0.027107
0.026259
0.021759
0.021543
0.023345
0.018778
0.021337
0.026228
0.022620
0.021474
0.020562
0.026347
0.025497
0.024793
0.021993
0.022380
0.026333
0.025785
0.027613
0.031411
0.028934
0.031136
0.026459
0.032442
0.031397
0.037951
0.040930
0.044798
0.040448
0.047535
0.053066
0.053832
0.056096
0.047678
0.037810
0.040633
0.046785
0.045714
0.047456
0.051921
0.057623
0.053459
0.056393
0.060097
0.053618
0.056300
0.046112
0.052574
0.055476
0.053393
0.050028
0.051090
0.054498
0.050461
0.040603
0.032319
0.031947
0.025485
0.036466
0.023146
0.023722
0.025281
0.024905
0.022003
0.027154
0.028682
0.031043
0.035454
0.033951
0.031224
0.023873
0.027433
0.025664
0.030701
0.029934
0.033428
0.034188
0.034568
0.027779
0.028618
0.024095
0.030746
0.031930
0.031781
0.030370
0.030289
0.024003
0.025087
0.027689
0.026384
0.028591
0.029624
0.028872
0.026516
0.028071
0.028655
0.024608
0.023854
0.026057
0.027260
0.032030
0.028981
0.031045
0.036091
0.034563
0.032375
0.032450
0.033564
0.032545
0.029495
0.028821
0.025925
0.030710
0.034729
0.040695
0.039655
0.034284
0.032832
0.030122
0.025880
0.020802
0.021245
0.028075
0.027997
0.030289
0.029408
0.029898
0.021961
0.029219
0.030159
0.033998
0.030101
0.029150
0.033887
0.029180
0.028375
0.029092
0.021752
0.022804
0.023242
0.023443
0.031123
0.031164
0.033952
0.032548
0.038067
0.027730
0.024852
0.022941
0.026777
0.024681
0.023827
0.019917
0.021234
0.020958
0.019787
0.023380
0.027414
0.022502
0.029899
0.029775
0.028230
0.028149
0.032075
0.027754
0.024066
0.019143
0.021126
0.027000
0.027996
0.020125
0.027089
0.026999
0.032531
0.036438
0.044259
0.042446
0.042697
0.036403
0.038139
0.043748
0.052742
0.045089
0.043030
0.045895
0.058803
0.059524
0.051361
0.042754
0.035296
0.034055
0.031183
0.030346
0.030894
0.038320
0.038853
0.038605
0.032405
0.032282
0.031427
0.031685
0.023688
0.029517
0.029153
0.024422
0.021657
0.022304
0.018463
0.023376
0.022638
0.022012
0.026783
0.029742
0.030303
0.029612
0.029704
0.027787
0.028177
0.025579
0.025686
0.023386
0.024107
0.030191
0.031914
0.037214
0.036988
0.029799
0.025466
0.022671
0.022275
0.018259
0.017429
0.015053
0.018504
0.022588
0.027242
0.025728
0.026308
0.025838
0.030430
0.025401
0.026626
0.026578
0.018339
0.019320
0.017408
0.017421
0.021188
0.017121
0.018639
0.024229
0.024827
0.030768
0.026428
0.021945
0.023496
0.015931
0.014984
0.014637
0.015165
0.017845
0.018188
0.017905
0.017806
0.017404
0.017136
0.021532
0.018928
0.020889
0.017420
0.022602
0.017874
0.017832
0.018000
0.022094
0.022747
0.025037
0.025964
0.028750
0.028793
0.030537
0.034298
0.034558
0.026504
0.029090
0.028831
0.031169
0.035333
0.035838
0.031058
0.028274
0.028178
0.023055
0.025527
0.028886
0.030308
0.037584
0.038167
0.036502
0.037016
0.030880
0.029728
0.025095
0.030843
0.031046
0.035416
0.035444
0.030799
0.032998
0.029742
0.024728
0.024870
0.021509
0.020881
0.017967
0.018327
0.017675
0.022243
0.027156
0.026619
0.028922
0.026942
0.020909
0.022641
0.021822
0.023776
0.015505
0.015530
0.015843
0.015120
0.016007
0.023158
0.021847
0.017078
0.027780
0.024195
0.029449
0.030944
0.029848
0.030161
0.031298
0.031612
0.022229
0.030620
0.031323
0.031786
0.030243
0.036144
0.036878
0.030356
0.060419
0.031695
0.036326
0.029295
0.030145
0.030643
0.030001
0.021864
0.024273
0.022650
0.029482
0.041127
0.035868
0.030993
0.027983
0.029044
0.021261
0.020806
0.022932
0.022680
0.023513
0.023430
0.023510
0.022332
0.032042
0.025672
0.030898
0.036800
0.037165
0.037438
0.038367
0.036770
0.032463
0.032402
0.031977
0.032447
0.031732
0.027217
0.024948
0.024556
0.035119
0.030829
0.032029
0.029730
0.029234
0.029711
0.031021
0.025017
0.025310
0.024793
0.020849
0.017833
0.014412
0.021337
0.021270
0.021970
0.030836
0.031592
0.030631
0.035635
0.029556
0.028625
0.027655
0.025301
0.024789
0.025609
0.021951
0.020726
0.017312
0.017436
0.022440
0.025413
0.026153
0.025360
0.024179
0.023011
0.024359
0.019345
0.017583
0.018702
0.017565
0.022397
0.025850
0.026418
0.025888
0.021758
0.022524
0.014667
0.018739
0.018394
0.022043
0.021553
0.021091
0.024054
0.026218
0.030733
0.030708
0.031316
0.030382
0.030029
0.020731
0.020931
0.017063
0.016268
0.015194
0.015504
0.014812
0.021288
0.022505
0.026745
0.021391
0.021392
0.021995
0.021230
0.024874
0.025002
0.020009
0.023252
0.023015
0.021230
0.022465
0.016788
0.018475
0.026461
0.023529
0.022210
0.022037
0.025950
0.032631
0.030778
0.026085
0.026493
0.026358
0.025434
0.017649
0.019618
0.018457
0.016431
0.018012
0.022026
0.021818
0.018200
0.018228
0.017523
0.017426
0.017664
0.016541
0.014035
0.017731
0.018205
0.020631
0.026056
0.024833
0.028612
0.028517
0.036948
0.035622
0.030863
0.037992
0.043473
0.057012
0.058327
0.056386
0.056874
0.059537
0.055217
0.055081
0.048704
0.048861
0.049068
0.048647
0.041733
0.039495
0.033544
0.035677
0.028449
0.035455
0.033346
0.033566
0.033123
0.033431
0.033469
0.033490
0.032130
0.032934
0.034019
0.033830
0.031262
0.029710
0.026625
0.026870
0.023747
0.019191
0.026785
0.026657
0.035749
0.031487
0.030573
0.025702
0.025553
0.023212
0.022321
0.023700
0.026577
0.027033
0.031452
0.026045
0.026881
0.026462
0.025714
0.030065
0.029899
0.033750
0.033965
0.034009
0.032259
0.032812
0.033153
0.031399
0.032129
0.030377
0.029783
0.030472
0.030535
0.030313
0.025044
0.031293
0.029673
0.032691
0.030921
0.033740
0.032174
0.031547
0.034171
0.034475
0.034732
0.033828
0.031341
0.026749
0.033256
0.028192
0.029085
0.025697
0.024569
0.021701
0.020836
0.024642
0.026668
0.031060
0.025896
0.022499
0.022284
0.024611
0.026655
0.023863
0.029545
0.032234
0.033736
0.031733
0.028529
0.029158
0.023283
0.021485
0.022442
0.021058
0.025096
0.025602
0.030615
0.030941
0.027721
0.027705
0.020043
0.025119
0.017734
0.021214
0.024508
0.028887
0.028605
0.029080
0.021116
0.025568
0.021131
0.024590
0.024826
0.026530
0.024705
0.028110
0.026376
0.025481
0.027763
0.025967
0.024825
0.030548
0.030415
0.025171
0.026090
0.026453
0.023660
0.028698
0.026777
0.028939
0.032051
0.026874
0.032991
0.033768
0.034045
0.032248
0.030747
0.032259
0.029997
0.030864
0.028790
0.027666
0.025943
0.025310
0.031826
0.033603
0.036852
0.038099
0.030869
0.033882
0.028772
0.030691
0.039501
0.034658
0.035516
0.028909
0.030231
0.028298
0.038107
0.033766
0.044758
0.036283
0.037097
0.035461
0.030771
0.026267
0.027282
0.020505
0.020957
0.025537
0.030604
0.028553
0.027634
0.020248
0.020069
0.021012
0.022667
0.022378
0.014273
0.018380
0.017650
0.018607
0.021384
0.020489
0.024653
0.025519
0.023253
0.035764
0.035015
0.036886
0.032372
0.025546
0.029356
0.024523
0.020955
0.021186
0.026924
0.026047
0.032041
0.025163
0.027166
0.020809
0.025452
0.024765
0.021228
0.023969
0.017887
0.018550
0.022903
0.021972
0.025770
0.024946
0.026247
0.027183
0.027463
0.028708
0.036301
0.036616
0.033567
0.035202
0.030737
0.031929
0.027129
0.026431
0.026220
0.021715
0.022014
