0.007583
0.008452
0.008253
0.008074
0.006256
0.006452
0.006809
0.007047
0.007686
0.007321
0.007949
0.006478
0.006312
0.007158
0.009613
0.006576
0.007132
0.006264
0.006723
0.007565
0.005668
0.006622
0.007474
0.010922
0.008466
0.009789
0.007709
0.006978
0.009131
0.009091
0.010914
0.008095
0.009545
0.007799
0.007123
0.009612
0.008439
0.007084
0.010753
0.007240
0.006194
0.007857
0.006380
0.007589
0.008469
0.008590
0.006603
0.007649
0.007334
0.009144
0.007067
0.009092
0.007299
0.005735
0.007582
0.008945
0.006881
0.007512
0.008956
0.006527
0.006035
0.007303
0.006541
0.006497
0.006850
0.007400
0.007889
0.007829
0.008389
0.008549
0.007647
0.007877
0.008222
0.009129
0.006081
0.007855
0.007239
0.008523
0.008461
0.008066
0.006536
0.007617
0.007096
0.007501
0.007093
0.007759
0.008772
0.008511
0.007258
0.007119
0.006499
0.008964
0.006643
0.006477
0.008929
0.007024
0.007830
0.007874
0.006175
0.008391
0.008790
0.009572
0.009492
0.010008
0.010140
0.007311
0.006506
0.008730
0.007928
0.007143
0.007530
0.008301
0.006284
0.007064
0.008061
0.007507
0.007294
0.009344
0.007652
0.009603
0.008961
0.006479
0.008782
0.007199
0.007211
0.007770
0.007133
0.008854
0.007563
0.008236
0.008137
0.008683
0.008626
0.008829
0.007614
0.007202
0.008123
0.007850
0.007791
0.006180
0.008442
0.012218
0.010373
0.005488
0.005509
0.007658
0.006796
0.006960
0.005265
0.007710
0.007509
0.006352
0.006078
0.007452
0.006410
0.005814
0.006657
0.009857
0.008598
0.009249
0.008676
0.008639
0.007327
0.008894
0.007855
0.006255
0.007916
0.007382
0.007574
0.008818
0.006493
0.007250
0.006158
0.008429
0.009953
0.007864
0.009335
0.010118
0.006455
0.008350
0.008929
0.009649
0.006830
0.008481
0.006572
0.007955
0.006840
0.007917
0.007429
0.007571
0.007832
0.006566
0.007900
0.008155
0.009571
0.007664
0.006812
0.008886
0.008950
0.009608
0.009157
0.006913
0.007688
0.006202
0.006950
0.005397
0.007969
0.009269
0.007233
0.007133
0.009313
0.007030
0.009998
0.009291
0.007764
0.007040
0.007353
0.010205
0.010170
0.007952
0.007935
0.008580
0.008790
0.006777
0.008835
0.007593
0.009692
0.008240
0.010271
0.006256
0.007054
0.009412
0.007695
0.006846
0.007998
0.008780
0.006654
0.006203
0.007109
0.006659
0.008918
0.009844
0.008695
0.007080
0.008762
0.008191
0.006993
0.006274
0.005602
0.008713
0.009789
0.008647
0.007738
0.008368
0.008139
0.007902
0.009982
0.007987
0.006720
0.007363
0.005967
0.010591
0.008906
0.007983
0.008588
0.011305
0.008736
0.008254
0.008485
0.007654
0.008499
0.008850
0.010568
0.009573
0.006706
0.006305
0.008841
0.011526
0.007396
0.010586
0.007916
0.005494
0.006090
0.006949
0.010137
0.005548
0.007778
0.007055
0.006248
0.009536
0.006325
0.009252
0.007523
0.009143
0.006706
0.009258
0.007263
0.009014
0.009178
0.007795
0.006840
0.008355
0.006960
0.007728
0.008707
0.009855
0.007511
0.007334
0.008699
0.006297
0.008086
0.007134
0.007215
0.007791
0.008253
0.007945
0.006997
0.007736
0.008636
0.006125
0.007038
0.006665
0.008765
0.009942
0.007659
0.005611
0.009895
0.008980
0.008712
0.009264
0.007352
0.009309
0.008075
0.009054
0.007560
0.009097
0.007176
0.009464
0.009046
0.008641
0.008883
0.007513
0.006165
0.006501
0.007200
0.008331
0.009008
0.008873
0.008563
0.007077
0.006427
0.006519
0.007934
0.007545
0.006365
0.007439
0.010813
0.006938
0.009766
0.006509
0.007927
0.006792
0.007817
0.006931
0.007174
0.005880
0.008671
0.007979
0.007763
0.006011
0.008144
0.006439
0.008704
0.008981
0.006584
0.007418
0.009395
0.007205
0.008945
0.008729
0.007829
0.007325
0.008987
0.010037
0.012440
0.009844
0.008526
0.008549
0.008833
0.007939
0.005654
0.009325
0.007700
0.007206
0.007666
0.009968
0.006140
0.007130
0.007507
0.009034
0.008504
0.009431
0.010522
0.010057
0.008708
0.007427
0.008866
0.008314
0.006360
0.008842
0.010423
0.006577
0.011081
0.007939
0.009049
0.007313
0.006109
0.008569
0.011590
0.009172
0.007590
0.007668
0.011337
0.008528
0.005894
0.005989
0.007530
0.006903
0.006012
0.009222
0.007425
0.007212
0.007576
0.007302
0.007524
0.006669
0.006066
0.008967
0.009536
0.006444
0.008879
0.005640
0.009676
0.007224
0.008965
0.007500
0.005452
0.008229
0.007529
0.007018
0.007655
0.007306
0.010082
0.008619
0.008667
0.011309
0.007756
0.009846
0.009215
0.008245
0.008825
0.006368
0.007759
0.009250
0.006114
0.008564
0.007342
0.006186
0.007636
0.009424
0.007463
0.008377
0.009297
0.008278
0.007076
0.006622
0.007923
0.006150
0.009341
0.010471
0.008629
0.007595
0.005823
0.009937
0.008039
0.007059
0.010332
0.009349
0.009233
0.009730
0.008692
0.010793
0.005711
0.007074
0.005574
0.008435
0.011366
0.011347
0.012918
0.008700
0.010090
0.008625
0.010110
0.008804
0.006503
0.007603
0.008595
0.007011
0.010202
0.010799
0.009383
0.008475
0.008417
0.008417
0.007915
0.008760
0.009940
0.009266
0.007509
0.007674
0.008661
0.005548
0.009354
0.008698
0.009028
0.008471
0.007666
0.007493
0.008807
0.007134
0.007519
0.009871
0.009039
0.005540
0.007487
0.006687
0.008130
0.006536
0.006583
0.006541
0.006217
0.006627
0.006392
0.010212
0.007770
0.006774
0.009800
0.010263
0.007086
0.009044
0.008764
0.009791
0.008931
0.009097
0.005966
0.011831
0.011060
0.010895
0.005538
0.009653
0.009871
0.007116
0.009725
0.006961
0.006914
0.007117
0.006136
0.009501
0.005830
0.008435
0.007976
0.008906
0.006529
0.008164
0.008953
0.006652
0.006773
0.003550
0.009856
0.008779
0.008859
0.006047
0.009499
0.010008
0.008984
0.005656
0.008668
0.008542
0.007378
0.008873
0.008634
0.010053
0.009797
0.005975
0.006599
0.005489
0.006588
0.009019
0.008553
0.009147
0.006376
0.006339
0.008177
0.008954
0.008068
0.009650
0.009781
0.008307
0.008910
0.008898
0.009730
0.009499
0.010104
0.009772
0.007162
0.007686
0.006104
0.007393
0.007733
0.007041
0.005915
0.009925
0.008245
0.009762
0.007790
0.007626
0.010087
0.008976
0.004999
0.002970
0.013537
0.011234
0.007440
0.010326
0.008175
0.008521
0.007803
0.005706
0.007804
0.009064
0.008712
0.005704
0.007183
0.011485
0.008696
0.008680
0.009149
0.006872
0.008574
0.007899
0.008351
0.011350
0.007309
0.008449
0.008376
0.008460
0.012043
0.011450
0.009164
0.009194
0.007972
0.010122
0.010559
0.011988
0.011889
0.011916
0.008751
0.012844
0.010918
0.007898
0.009125
0.007986
0.007354
0.007690
0.007704
0.007200
0.007130
0.006452
0.006057
0.006709
0.007166
0.007282
0.007073
0.005331
0.008563
0.010284
0.009798
0.008938
0.008026
0.010495
0.010669
0.010578
0.006648
0.007695
0.008737
0.008615
0.008373
0.008830
0.007467
0.009129
0.009784
0.008024
0.006191
0.008174
0.006513
0.010847
0.010488
0.008740
0.009260
0.008497
0.010876
0.009065
0.010091
0.011020
0.008352
0.007931
0.008173
0.007195
0.013845
0.009472
0.011057
0.009622
0.008173
0.007739
0.007773
0.011139
0.008894
0.010062
0.007957
0.008821
0.008014
0.009791
0.006221
0.010058
0.007960
0.009880
0.008774
0.008793
0.007779
0.006773
0.006795
0.010431
0.008850
0.011438
0.009899
0.008245
0.007582
0.007299
0.010304
0.007870
0.008200
0.008330
0.007619
0.003962
0.004149
0.003590
0.009055
0.010838
0.008960
0.010296
0.012171
0.010489
0.012177
0.010097
0.010140
0.011459
0.011276
0.012174
0.011631
0.009050
0.009804
0.008813
0.011180
0.007904
0.011101
0.009573
0.009672
0.009072
0.018222
0.014311
0.015723
0.014260
0.006472
0.011348
0.009307
0.008534
0.008962
0.006463
0.007923
0.009192
0.006897
0.008583
0.007468
0.008772
0.006173
0.008835
0.011139
0.005627
0.005549
0.006281
0.007581
0.009416
0.008349
0.007527
0.007020
0.008197
0.005620
0.006260
0.007282
0.006985
0.007321
0.006179
0.007674
0.005775
0.008498
0.007679
0.005463
0.006338
0.007872
0.007911
0.007639
0.006528
0.007944
0.007485
0.007719
0.006294
0.007508
0.005872
0.008515
0.007843
0.008585
0.009251
0.010947
0.007879
0.007670
0.007309
0.006110
0.007921
0.006676
0.007832
0.005544
0.007518
0.009475
0.015180
0.013106
0.008725
0.008150
0.007922
0.007132
0.005330
0.010240
0.009836
0.007305
0.007648
0.005901
0.008891
0.006220
0.008777
0.009694
0.009473
0.010671
0.009478
0.010839
0.004988
0.005008
0.007962
0.008296
0.005859
0.007994
0.007597
0.008327
0.009711
0.010741
0.008150
0.004740
0.005829
0.006541
0.009748
0.008886
0.011631
0.010388
0.006171
0.005441
0.009362
0.010265
0.007266
0.007739
0.009645
0.007772
0.007201
0.003640
0.008031
0.008734
0.010731
0.009094
0.008836
0.007687
0.008499
0.008835
0.006891
0.008124
0.008912
0.009726
0.006339
0.010080
0.009949
0.010567
0.008419
0.009963
0.010947
0.012211
0.011722
0.012575
0.010937
0.013276
0.012499
0.012465
0.011174
0.009567
0.007494
0.007659
0.009408
0.009128
0.007820
0.006257
0.006034
0.008737
0.007800
0.009174
0.005985
0.008855
0.006038
0.008610
0.008183
0.008797
0.009263
0.009259
0.008694
0.009789
0.008740
0.010163
0.008518
0.009716
0.008908
0.008168
0.008909
0.008839
0.007164
0.007890
0.010666
0.007527
0.006886
0.009659
0.011219
0.010577
0.006858
0.008442
0.011479
0.008551
0.009233
0.009098
0.008730
0.009859
0.008560
0.009204
0.007764
0.007560
0.007916
0.007718
0.007134
0.010400
0.006316
0.007778
0.006602
0.006328
0.008048
0.008514
0.008940
0.006720
0.005556
0.006067
0.010367
0.005622
0.008546
0.010336
0.009694
0.007703
0.005709
0.010945
0.008820
0.008335
0.008432
0.009715
0.005948
0.009144
0.008983
0.009255
0.008875
0.008562
0.007481
0.009031
0.007464
0.007650
0.006732
0.008693
0.006118
0.007072
0.006855
0.006425
0.009720
0.008627
0.009032
0.008594
0.007742
0.006750
0.010153
0.006433
0.005755
0.008105
0.009950
0.008627
0.008096
0.007604
0.006207
0.007709
0.007173
0.005583
0.007722
0.009274
0.005212
0.007514
0.009828
0.008577
0.010002
0.007099
0.007830
0.008141
0.007637
0.005377
0.008680
0.008754
0.006360
0.009205
0.007107
0.007380
0.005972
0.006464
0.008853
0.008043
0.006037
0.009922
0.008116
0.008803
0.009678
0.005121
0.008093
0.006745
0.009212
0.008439
0.009206
0.006921
0.008261
0.007841
0.008142
0.008587
0.010738
0.009828
0.009029
0.008583
0.009057
0.007180
0.008100
0.007564
0.009567
0.007408
0.006742
0.007612
0.005920
0.007642
0.007740
0.007710
0.009328
0.008398
0.005992
0.009514
0.007290
0.008308
0.007444
0.008835
0.008802
0.005867
0.005853
0.009079
0.004485
0.006273
0.006362
0.009328
0.009155
0.008558
0.008765
0.008731
0.009750
0.011493
0.009751
0.010370
0.009867
0.007545
0.006255
0.005748
0.006693
0.007460
0.006269
0.006906
0.007715
0.010349
0.008653
0.006664
0.006109
0.009084
0.006123
0.010594
0.010234
0.007725
0.008575
0.007474
0.009626
0.009065
0.007142
0.011567
0.009280
0.006898
0.010005
0.008491
0.008262
0.005532
0.006342
0.006726
0.007403
0.006482
0.006834
0.008336
0.011282
0.009972
0.008859
0.007978
0.008023
0.008362
0.007702
0.008106
0.007849
0.009564
0.008623
0.007706
0.008858
0.007760
0.005863
0.006512
0.006569
0.009596
0.010203
0.007157
0.010060
0.006702
0.008795
0.007208
0.008637
0.008948
0.007738
0.008876
0.009502
0.006680
0.006265
0.006509
0.010828
0.009336
0.008240
0.008213
0.009414
0.011188
0.008969
0.004548
0.006215
0.007554
0.010616
0.008626
0.010134
0.008099
0.011014
0.008737
0.007512
0.009849
0.009299
0.010021
0.006274
0.007083
0.009896
0.009719
0.009464
0.008675
0.006238
0.005468
0.005872
0.006432
0.006913
0.009905
0.008754
0.010251
0.007407
0.009732
0.011315
0.008573
0.006970
0.007586
0.007151
0.006339
0.012188
0.002685
0.010072
0.007388
0.005468
0.009227
0.009123
0.010988
0.008411
0.006926
0.006011
0.006030
0.006259
0.007508
0.002767
0.004261
0.009131
0.008641
0.003654
0.007178
0.007733
0.007569
0.011531
0.011280
0.011208
0.017437
0.015215
0.014866
0.011023
0.010674
0.011793
0.009071
0.009140
0.007255
0.012611
0.010073
0.009159
0.008598
0.007672
0.007083
0.008294
0.007847
0.007990
0.008744
0.007674
0.007830
0.007832
0.007614
0.008444
0.008861
0.008498
0.008669
0.006771
0.008216
0.008465
0.010082
0.008605
0.008359
0.008136
0.006837
0.010739
0.007371
0.010798
0.007487
0.005555
0.007133
0.008895
0.003842
0.008504
0.007677
0.007877
0.007318
0.008631
0.007724
0.007458
0.007767
0.007710
0.008590
0.006189
0.008670
0.005226
0.009505
0.008690
0.006680
0.007527
0.006417
0.008928
0.008869
0.007769
0.007510
0.008706
0.008759
0.009928
0.008781
0.007759
0.008388
0.006695
0.008067
0.007583
0.007376
0.007938
0.008831
0.008535
0.008172
0.007997
0.007241
0.008073
0.006681
0.008866
0.008376
0.008617
0.007531
0.006649
0.008151
0.008398
0.006307
0.007699
0.007532
0.008372
0.008089
0.007915
0.008591
0.008373
0.007450
0.007969
0.008107
0.008040
0.008640
0.008033
0.008185
0.008376
0.008743
0.007538
0.008857
0.006612
0.007522
0.007804
0.008723
0.007352
0.006354
0.008545
0.007004
0.007298
0.007390
0.008562
0.005996
0.008130
0.007172
0.008953
0.008739
0.006375
0.009028
0.007683
0.008404
0.008478
0.008607
0.008923
0.009354
0.008144
0.011479
0.012973
0.011099
0.011546
0.012041
0.011841
0.007795
0.009544
0.004549
0.004223
0.004387
0.004140
0.004117
0.004168
0.004371
0.003456
0.002980
0.007519
0.005775
0.008433
0.008727
0.008869
0.009131
0.010801
0.006202
0.009074
0.008566
0.007676
0.007715
0.010792
0.008796
0.006786
0.005662
0.007990
0.009384
0.007759
0.009739
0.009106
0.007786
0.004833
0.008725
0.005893
0.007131
0.007833
0.007044
0.008144
0.008223
0.007900
0.009641
0.008644
0.007163
0.008471
0.004120
0.007651
0.004007
0.009272
0.007760
0.006952
0.004229
0.008569
0.002924
0.008348
0.009155
0.007820
0.006373
0.010578
0.008325
0.007152
0.008526
0.008179
0.008492
0.009313
0.008162
0.007475
0.008415
0.006679
0.010068
0.009547
0.005172
0.007906
0.008528
0.005868
0.002611
0.005324
0.007192
0.003887
0.003493
0.003527
0.006283
0.003822
0.002889
0.007864
0.006116
0.011643
0.009505
0.008489
0.003856
0.008898
0.007978
0.007237
0.007768
0.008799
0.003066
