0.006549
0.002054
0.002139
0.002400
0.001937
0.002106
0.002543
0.002404
0.002578
0.007378
0.002802
0.002633
0.003223
0.002771
0.003100
0.003392
0.003330
0.003539
0.003836
0.003666
0.003385
0.003297
0.003558
0.003424
0.003673
0.002763
0.003078
0.002997
0.002917
0.003214
0.003146
0.002600
0.003211
0.003274
0.002872
0.003433
0.003536
0.003210
0.002390
0.002687
0.002520
0.002679
0.002928
0.003241
0.003269
0.003049
0.003082
0.002277
0.002509
0.002518
0.003056
0.003061
0.002938
0.005121
0.003479
0.002474
0.002192
0.002430
0.002449
0.002331
0.002551
0.002282
0.002441
0.002256
0.002261
0.002770
0.002979
0.003171
0.003079
0.003123
0.002828
0.003011
0.002871
0.002871
0.003349
0.003096
0.003409
0.003179
0.003311
0.002862
0.004062
0.002845
0.002996
0.002626
0.003177
0.002936
0.003440
0.003410
0.002849
0.002841
0.003335
0.003166
0.003340
0.003486
0.003376
0.003264
0.002864
0.003743
0.003323
0.003063
0.003421
0.003542
0.003117
0.003378
0.003723
0.003356
0.003823
0.004072
0.004284
0.004522
0.004163
0.004465
0.004127
0.003099
0.002360
0.002680
0.002324
0.002414
0.002443
0.002949
0.002715
0.002475
0.002405
0.002729
0.002536
0.002666
0.002493
0.002565
0.002437
0.002410
0.002294
0.002425
0.002060
0.002402
0.002074
0.002238
0.002000
0.002062
0.001978
0.002610
0.003505
0.003466
0.003618
0.003763
0.003406
0.003509
0.003456
0.003559
0.003753
0.003526
0.003685
0.003631
0.003449
0.003925
0.004493
0.004014
0.004499
0.003776
0.004499
0.004290
0.004250
0.004738
0.004878
0.004917
0.004901
0.004390
0.004048
0.004179
0.004458
0.003785
0.004968
0.005273
0.004935
0.004827
0.004730
0.005053
0.004650
0.004933
0.005915
0.005054
0.009434
0.005333
0.005032
0.005205
0.005504
0.005227
0.005480
0.005152
0.004663
0.004855
0.004702
0.004693
0.005040
0.004810
0.004401
0.004435
0.004929
0.005105
0.005067
0.004567
0.005068
0.004354
0.005092
0.005098
0.005065
0.004301
0.004726
0.004581
0.004543
0.004738
0.004407
0.004698
0.005255
0.005064
0.005022
0.005483
0.005043
0.005320
0.005355
0.005246
0.005745
0.005473
0.006107
0.005230
0.005569
0.004915
0.004966
0.004445
0.004566
0.004488
0.004385
0.004691
0.004267
0.004454
0.004665
0.004577
0.004454
0.004592
0.004932
0.004480
0.004568
0.004129
0.004165
0.004583
0.005528
0.004043
0.004370
0.004211
0.004076
0.003150
0.003655
0.003884
0.003370
0.003160
0.004092
0.004190
0.003995
0.004711
0.004435
0.004897
0.004635
0.004683
0.004643
0.004512
0.005511
0.005767
0.005777
0.004781
0.004933
0.004759
0.004675
0.003586
0.004074
0.004246
0.003843
0.003784
0.003976
0.003650
0.003481
0.004482
0.003647
0.003217
0.003526
0.003418
0.003083
0.003298
0.003305
0.003410
0.003626
0.003598
0.003547
0.003902
0.003308
0.003648
0.003660
0.003324
0.003463
0.003734
0.004118
0.003385
0.003755
0.003595
0.003603
0.003157
0.003045
0.003389
0.003049
0.003374
0.003604
0.003195
0.003278
0.003124
0.003209
0.003315
0.003373
0.002888
0.003149
0.003017
0.003190
0.003498
0.003484
0.003448
0.003162
0.003820
0.003884
0.003389
0.003454
0.003244
0.003657
0.003327
0.003104
0.003787
0.004067
0.003973
0.004048
0.004750
0.004213
0.005125
0.005092
0.005191
0.010987
0.005009
0.004705
0.004733
0.004336
0.004205
0.004554
0.004368
0.004334
0.004385
0.004525
0.004735
0.004149
0.004180
0.004312
0.004023
0.004731
0.004563
0.004820
0.004481
0.004338
0.004725
0.004638
0.004469
0.004142
0.004308
0.004662
0.007751
0.004674
0.004962
0.004621
0.004237
0.004818
0.004282
0.004234
0.004186
0.004375
0.005694
0.003864
0.003658
0.003556
0.004102
0.004065
0.004191
0.004741
0.008676
0.004821
0.007732
0.006110
0.004981
0.005276
0.005963
0.006117
0.006419
0.006519
0.006121
0.006169
0.006232
0.005762
0.005824
0.005919
0.006276
0.005308
0.005772
0.006003
0.005454
0.005708
0.005006
0.005762
0.004532
0.004386
0.006591
0.007056
0.004851
0.005990
0.006187
0.006158
0.006185
0.005758
0.006659
0.005421
0.005155
0.005812
0.005826
0.006460
0.005379
0.005911
0.005398
0.005529
0.006158
0.005209
0.006586
0.006289
0.006411
0.009351
0.005872
0.006075
0.006511
0.005871
0.005823
0.005721
0.006543
0.005841
0.006263
0.006522
0.006060
0.006087
0.005183
0.005125
0.006168
0.006305
0.006039
0.005781
0.005998
0.006024
0.005991
0.006603
0.006056
0.006131
0.006218
0.008147
0.006197
0.005897
0.005684
0.006327
0.005884
0.005480
0.005490
0.005855
0.005375
0.008571
0.005111
0.004765
0.005068
0.005501
0.005205
0.009568
0.005611
0.005463
0.005517
0.005573
0.005121
0.005417
0.006275
0.005193
0.004800
0.004849
0.005228
0.004907
0.004480
0.004595
0.004414
0.004441
0.004336
0.004282
0.003934
0.003860
0.003899
0.004186
0.003726
0.004074
0.003554
0.006357
0.004725
0.003854
0.003986
0.004222
0.003566
0.004801
0.004040
0.004020
0.007979
0.004578
0.005052
0.005768
0.005870
0.005694
0.006914
0.005685
0.006405
0.006829
0.006636
0.006244
0.007273
0.006891
0.007569
0.006170
0.005401
0.005157
0.006042
0.006000
0.008065
0.006128
0.005673
0.005742
0.005398
0.005421
0.004907
0.007442
0.007242
0.004943
0.004726
0.008644
0.004852
0.005323
0.005094
0.004541
0.004254
0.004401
0.004156
0.004203
0.004170
0.004142
0.004025
0.004273
0.005067
0.006529
0.004752
0.004637
0.004377
0.004798
0.004502
0.004403
0.004870
0.004278
0.004267
0.004823
0.004722
0.003746
0.003976
0.003600
0.003644
0.006836
0.004163
0.004323
0.005054
0.004002
0.003975
0.004537
0.005313
0.005343
0.005357
0.005598
0.006575
0.007343
0.006058
0.006431
0.006307
0.006688
0.006653
0.007257
0.006991
0.006783
0.007110
0.003356
0.003756
0.007086
0.007387
0.006941
0.006855
0.006686
0.006821
0.007233
0.007693
0.006831
0.007208
0.007925
0.007168
0.007487
0.008080
0.007277
0.007414
0.007281
0.006947
0.007634
0.006641
0.006730
0.006160
0.006247
0.006133
0.006097
0.006094
0.006137
0.006058
0.005937
0.005507
0.005008
0.005342
0.005505
0.005327
0.005081
0.005485
0.005129
0.004962
0.004720
0.004474
0.004590
0.004899
0.004619
0.004747
0.004719
0.004692
0.004715
0.005365
0.004840
0.004937
0.005048
0.005583
0.005410
0.004983
0.004987
0.005605
0.005055
0.004806
0.004622
0.004762
0.005240
0.004591
0.004999
0.005124
0.007842
0.004712
0.004611
0.004887
