0.000000
0.000000
0.066667
0.600000
1.126667
1.726667
2.303782
3.138625
4.099019
5.081727
6.065461
7.031609
7.964029
8.952850
9.662740
10.361003
11.197727
12.271145
13.245800
14.237361
15.130146
15.884308
16.942086
17.946319
19.000480
19.991823
20.962421
21.931973
22.917642
23.866260
24.804163
25.865968
26.824345
27.711717
28.653242
29.651096
30.637136
31.695348
32.681311
33.672869
34.661794
35.644220
36.627622
37.618434
38.665334
39.649046
40.690944
41.668429
42.665052
43.655826
44.705343
45.696380
46.686684
47.661134
48.655823
49.629524
50.614551
51.671344
52.631811
53.447733
54.306503
55.242958
56.215690
57.172570
58.244088
59.230625
60.212642
61.178246
61.918546
62.649068
63.323064
64.022226
64.858292
65.408161
65.919871
66.771782
67.764584
68.786848
69.739336
70.770715
71.747200
72.676836
73.643346
74.639073
75.603165
76.278297
76.595527
77.319855
78.298548
79.292598
80.320282
81.301574
82.268571
83.261042
84.252959
85.237653
86.230352
87.272015
88.259392
89.004741
89.554762
90.435960
91.443433
92.478228
93.466266
94.445850
95.431909
96.428013
97.419003
98.402626
99.456922
100.438582
101.197992
101.847171
102.758289
103.748395
104.791893
105.765180
106.749851
107.740519
108.736046
109.699364
110.678841
111.722938
112.691682
113.678445
114.665061
115.611248
116.392069
117.149254
117.719477
118.649281
119.619404
120.251732
120.527496
121.259604
122.311958
123.310593
124.297119
125.281900
126.265395
127.247332
128.220120
129.280999
130.238411
131.195002
132.096720
133.045074
134.030189
135.082723
136.062807
137.101663
138.375319
139.831446
141.179263
142.108086
143.054351
144.058355
145.044332
146.033836
147.018742
148.000938
148.984608
150.014325
151.007349
151.999005
152.961999
153.861046
154.806172
155.837695
156.791586
157.781928
158.759928
159.661424
160.530270
161.487423
162.542177
163.518612
164.504508
165.482153
166.470436
167.454658
168.526901
169.512044
170.498820
171.490343
172.464648
173.406996
174.380610
175.424381
176.371931
177.200440
178.128611
179.047979
179.697009
180.557998
181.559748
182.531915
183.513052
184.491239
185.484085
186.572868
187.628405
188.620440
189.607559
190.577871
191.368535
192.313592
193.299912
194.283962
195.300904
196.326397
197.240645
198.206579
199.197193
200.257122
201.245711
202.226772
203.213580
204.187757
205.175270
206.164612
207.219066
208.210043
209.200832
210.190886
211.189963
212.221517
213.161823
214.138665
214.991861
215.960801
216.956700
217.942832
218.922387
219.914332
220.869438
221.862399
222.845561
223.826144
224.814732
225.663530
226.656323
227.639044
228.632031
229.611143
230.624752
231.380465
232.386316
233.378160
234.358639
235.270138
236.273634
237.251387
238.242312
239.297677
240.291939
241.286125
242.277085
243.264535
244.033513
244.947252
245.911216
246.661373
247.571162
248.558783
249.546025
250.497117
251.544312
252.469661
253.449607
254.440062
255.432025
256.418028
257.440117
258.402668
258.797866
259.048302
259.550390
260.386697
261.243003
262.335538
263.310178
264.176917
264.730615
264.989534
265.803524
266.788842
267.876491
268.874378
269.864733
270.855315
271.845497
272.836066
273.797820
274.723351
275.661113
276.662235
277.497904
278.131066
278.419478
278.942812
279.762057
280.281352
280.664377
281.017743
281.829273
282.812537
283.889070
284.883569
285.872756
286.863253
287.853887
288.841467
289.877426
290.856454
291.727494
292.554638
293.545875
294.535883
295.502326
296.481111
297.485220
298.473159
299.465855
300.450470
301.422833
302.399211
303.455593
304.441139
305.425794
306.406683
307.387707
308.352857
309.219490
310.167684
311.155281
312.146041
313.134735
314.098583
315.092634
316.142673
317.120685
318.123053
319.109309
320.100999
321.092685
322.148573
323.099372
324.029905
325.048797
325.986341
326.897756
327.864772
328.905656
329.895822
330.880266
331.606380
332.104582
332.924298
333.738657
334.750074
335.713344
336.625719
337.453103
337.985463
338.240158
338.934475
339.867270
340.863779
341.838726
342.851411
344.273800
345.758034
346.914780
347.693502
347.992199
348.658889
349.566389
350.483734
351.551609
352.198217
352.459909
353.200516
354.187600
355.177222
356.164136
357.226361
358.199048
358.935173
359.456554
360.362758
361.363622
362.339348
363.433556
364.513488
365.485399
365.880051
366.364519
367.241175
368.294316
369.287122
370.278172
371.268341
372.256479
373.241053
374.176888
375.207972
376.068873
377.048202
377.977960
378.933652
379.861192
380.905038
381.885289
382.876616
383.806973
384.533527
385.090636
386.019041
387.093720
388.218794
389.231348
390.177899
391.163985
392.156838
393.141029
394.179544
395.181972
396.054676
396.935843
397.477443
397.740069
398.368744
399.138227
400.040102
400.776204
401.581133
402.537320
403.533115
404.476583
405.202772
406.085242
407.100647
408.073115
409.067484
410.130246
411.103530
412.156725
413.190190
414.359015
415.484007
416.440130
417.474950
418.469003
419.458002
420.449709
421.442621
422.423223
423.392974
424.392631
425.205609
426.195560
427.188430
428.167542
429.138297
430.161060
430.994729
432.015570
432.985812
433.906041
434.693526
435.165936
435.503178
436.337221
437.335619
438.323430
439.322782
440.323701
441.378996
442.370321
443.366984
444.359862
445.341262
446.325837
447.306512
448.355174
449.318790
450.298488
451.285890
452.276158
453.250040
454.220304
455.113890
455.963541
456.912964
457.860435
458.823559
459.816851
460.685299
461.372746
461.937682
462.789462
463.758522
464.756949
465.732016
466.789563
467.781556
468.754830
469.728214
470.720476
471.728859
472.774287
473.767395
474.758976
475.754438
476.726863
477.699372
478.714704
479.764587
480.755752
481.750807
482.736739
483.742459
484.618717
485.220914
486.202967
487.165955
488.165792
489.153283
490.151722
491.142377
492.089569
492.987906
493.927834
494.770772
495.542222
496.513077
497.489805
498.504220
499.472373
500.331790
501.213848
502.142989
502.605037
503.484998
504.288276
505.388531
506.196998
506.501818
507.053993
507.984396
509.055979
510.052627
511.041739
512.009579
512.938839
513.884109
514.898824
515.976840
516.956922
517.942719
519.126056
520.186966
521.293015
522.508630
523.484195
524.478631
525.468753
526.446641
527.444488
528.432932
529.486546
530.477818
531.445166
532.425650
533.420312
534.413410
535.468938
536.457743
537.450120
538.326919
539.285901
540.240071
540.859703
541.695840
542.682300
543.655046
544.645401
545.614870
546.609158
547.598444
548.657498
549.644797
550.637114
551.623108
552.533870
553.120073
553.459134
554.267993
555.253647
556.248675
557.234993
558.225850
559.217373
560.270663
561.255088
562.103795
562.476041
562.478952
562.478952
562.478952
562.478952
562.478952
562.478952
562.478952
562.478952
562.478952
562.478952
562.478952
562.478952
562.478952
562.478952
562.478952
562.478952
562.478952
562.478952
562.478952
562.478952
562.478952
562.478952
562.478952
562.478952
562.478952
562.478952
562.478952
562.478952
562.478952
562.478952
562.478952
562.478952
562.478952
562.478952
562.478952
562.478952
562.478952
562.478952
562.478952
562.478952
562.478952
562.478952
562.478952
562.478952
562.478952
562.478952
562.478952
562.478952
562.478952
562.478952
562.478952
562.478952
562.478952
562.478952
562.478952
562.478952
562.478952
562.478952
562.478952
562.478952
562.478952
562.478952
562.478952
