4.97727
5.07309
5.20156
5.4739
5.59832
5.87219
6.9393
7.46303
8.42746
9.43012
10.5363
11.0664
11.9898
12.7931
13.6499
14.6614
14.7884
15.5879
15.7303
15.7594
15.8577
15.8925
15.9246
15.9655
16.1207
16.3738
17.3225
17.3466
17.8554
17.8881
18.3736
18.3979
18.4296
18.4592
18.502
19.1725
19.3285
19.3659
20.3826
21.1879
21.8594
22.2639
22.2916
22.5273
23.332
23.5836
23.6155
25.0028
25.0485
25.7321
26.5366
26.9344
27.8585
27.9002
27.9378
27.9806
28.0077
28.0406
28.066
28.7875
28.9416
29.1892
29.2301
29.2666
29.3078
30.5386
31.3381
31.4659
31.7339
32.3292
32.6579
32.6897
32.7184
33.8716
34.2715
34.6554
36.0456
36.2631
36.2975
37.0589
37.0894
37.1171
37.1623
37.1967
37.2252
37.2541
37.2855
37.3199
37.3461
37.3759
37.405
37.4377
37.4632
37.4973
37.5236
37.5627
37.5972
37.6284
37.6569
37.6853
37.7164
37.7465
37.7783
37.8123
39.1819
40.3776
41.5759
42.0183
42.5138
42.6542
42.688
42.7205
42.7493
43.5796
43.6121
43.6404
43.6686
43.6995
43.7286
43.7589
43.7881
43.8206
43.8627
43.8919
43.9236
43.9677
44.0074
44.038
44.0715
44.1146
44.1438
44.1711
44.2046
44.2403
44.2734
44.3041
44.3329
44.3705
44.4048
44.4374
44.4678
45.8574
47.2309
47.5813
47.6153
47.6563
49.0424
49.9073
50.1251
50.2614
51.0546
51.0937
51.3233
52.7376
52.9315
53.8721
54.6774
55.08
55.3436
56.2695
56.3204
56.4722
57.2768
57.544
58.3454
58.748
59.2799
59.5443
60.196
60.8951
61.6742
61.7936
61.9401
63.1514
63.3963
63.5537
63.6013
64.3332
65.1468
66.4501
66.4915
66.5789
66.6099
66.6395
67.6545
67.692
67.7224
67.7519
67.7911
67.8209
67.8581
67.9065
67.9426
67.9772
68.0317
69.4102
70.7869
71.1197
71.1511
71.18
71.6497
71.684
72.1813
72.3365
72.3721
73.7434
73.7846
74.0524
74.0911
74.1266
74.1788
75.3845
76.0562
76.095
76.1304
76.1759
76.2178
76.2589
76.312
76.3648
76.4071
76.986
77.0353
77.0822
77.1375
77.9249
79.3192
80.7071
81.5304
81.6591
82.07
82.7381
83.3849
84.7343
85.0029
85.84
86.1882
86.2194
86.2533
86.3089
86.3593
86.4003
86.9783
87.3812
87.525
88.3232
89.3384
89.9268
90.064
90.8607
91.6486
91.7809
91.8216
91.8598
93.0411
93.3924
93.4247
94.7389
94.8834
94.9218
95.5406
96.7285
96.8857
97.1403
98.0646
99.4441
99.5286
99.6504
100.988
101.864
102.19
103.253
104.322
104.981
105.649
105.68
105.918
105.951
105.979
106.015
106.054
106.084
107.388
107.777
107.804
107.836
107.877
109.255
109.282
109.937
110.589
110.638
110.67
110.726
110.764
110.792
110.847
111.92
112.182
112.21
112.33
113.384
113.648
113.678
114.778
115.144
115.172
115.789
116.338
116.729
116.869
117.722
118.057
118.089
119.139
119.257
119.295
120.383
120.875
121.938
122.19
122.335
122.39
123.537
125.241
125.926
125.964
126.657
126.888
126.982
127.01
127.037
128.05
129.427
130.837
131.732
132.395
133.311
133.883
134.655
134.706
134.743
134.785
134.817
135.88
135.906
135.94
135.98
136.027
136.064
136.108
136.165
136.206
136.253
136.296
137.665
139.051
139.078
139.134
139.172
139.217
139.733
139.765
139.806
139.876
139.916
139.97
140.015
140.056
140.112
140.164
140.196
140.24
140.28
141.052
141.08
141.313
142.698
143.061
143.169
143.463
144.844
146.213
147.582
148.955
150.33
151.327
152.701
154.079
155.455
156.878
158.261
159.456
160.145
160.544
161.534
161.728
161.891
162.964
163.339
163.473
163.731
163.995
164.542
164.657
165.065
165.185
165.983
166.27
166.787
167.741
168.711
169.482
169.899
170.793
170.93
171.461
172.145
172.923
174.303
174.649
175.058
175.587
175.989
176.036
176.786
176.832
176.89
176.941
176.974
177.01
177.732
177.898
178.399
178.442
178.481
178.532
178.572
179.461
180.153
181.183
181.53
181.683
182.57
182.733
182.876
183.152
184.523
185.248
185.398
186.777
187.147
187.253
188.648
188.985
190.393
191.754
193.147
195.144
195.661
195.703
195.741
195.783
196.977
197.016
198.129
198.453
198.481
198.514
199.398
199.431
199.472
199.511
200.876
202.254
203.662
203.787
204.313
204.344
204.418
204.455
205.177
206.257
206.294
207.401
207.722
207.755
208.261
208.396
208.922
209.052
209.722
209.753
209.782
209.813
209.872
209.915
209.944
209.988
210.017
210.051
210.092
210.162
210.203
210.242
210.276
210.32
210.391
210.439
210.488
210.535
211.917
213.285
214.644
216.021
217.058
218.432
219.809
220.026
220.836
222.21
223.584
224.957
226.336
226.789
228.169
229.535
229.983
230.26
231.647
233.026
233.07
233.199
233.34
233.722
234.917
234.955
236.342
236.4
236.433
237.18
237.214
237.264
237.289
237.326
237.366
237.403
237.449
237.565
237.609
237.643
237.672
237.717
237.76
239.123
240.495
241.869
243.238
244.214
244.661
244.788
244.829
244.868
245.181
246.128
246.158
246.523
247.179
247.874
248.126
248.243
248.27
249.521
249.578
249.718
251.114
251.31
251.599
252.971
254.252
255.627
257.001
258.378
259.745
261.115
261.576
262.96
263.186
263.596
264.139
264.795
265.076
265.187
266.525
267.728
268.142
268.923
270.139
270.393
270.527
270.923
271.185
271.865
273.233
274.378
275.049
275.475
275.599
276.978
278.353
279.733
281.121
282.5
283.861
285.24
285.856
287.244
288.525
288.566
288.605
288.648
288.68
288.71
288.741
288.785
290.138
290.666
291.053
291.721
291.86
291.891
291.98
292.009
292.041
292.069
292.109
292.148
292.177
292.209
292.252
292.282
292.311
293.684
293.733
293.778
293.824
293.873
295.24
296.609
298.012
298.65
299.579
299.616
299.648
299.681
299.715
299.744
299.78
299.823
299.872
299.92
301.286
302.651
303.97
