2.0906
2.59054
3.0905
3.59052
4.10115
4.59052
5.09052
5.59838
6.09048
6.59053
7.09053
7.5906
8.09661
8.59058
9.09056
9.59085
10.101
10.5905
11.0905
11.5905
12.1013
12.5905
13.0908
13.5906
14.102
14.5905
15.0907
15.5905
16.0924
16.5907
17.0905
17.5905
18.1066
18.5906
19.0906
19.5906
20.1022
20.5905
21.0906
21.5906
22.098
22.5906
23.0906
23.5935
24.1039
24.5905
25.0906
25.5906
26.1031
26.5907
27.0905
27.5906
28.0905
28.5906
29.0907
29.5906
30.1012
30.5905
31.0906
31.5906
32.11
32.5906
33.0906
33.5906
34.0905
34.5906
35.0905
35.5957
36.0906
36.5922
37.0933
37.5973
38.1065
38.5904
39.0905
39.5906
40.1029
40.5907
41.0906
41.5906
42.1033
42.5905
43.0905
43.5905
44.1003
44.5907
45.0905
45.5907
46.0922
46.5905
47.0908
47.5931
48.1
48.5906
49.0904
49.5905
50.0939
50.5906
51.0977
51.5914
52.1007
52.5915
53.0925
53.5912
54.0906
54.5918
55.0905
55.595
56.1065
56.5906
57.1056
57.5929
58.0912
58.5929
59.1121
59.5972
60.0937
60.5978
61.114
61.5964
62.0938
62.5926
63.1306
63.6014
64.0944
64.5941
65.1028
65.5935
66.0906
66.5923
67.0966
67.5905
68.0933
68.5933
69.0954
69.5939
70.0955
70.5963
71.1017
71.5936
72.0945
72.5932
73.1041
73.5966
74.0995
74.5909
75.1049
75.6003
76.1026
76.5905
77.1037
77.5904
78.0935
78.5906
79.0972
79.5905
80.0941
80.5932
81.1067
81.5948
82.0906
82.5907
83.0954
83.5905
84.0948
84.5933
85.1167
85.5905
86.0941
86.5931
87.1034
87.5905
88.0905
88.5905
89.1003
89.5906
90.0951
90.5906
91.1072
91.5906
92.0959
92.5904
93.0982
93.5906
94.0965
94.5905
95.1086
95.5905
96.1045
96.6001
97.1228
97.5984
98.0905
98.5905
99.1012
99.5905
100.091
100.591
101.1
101.598
102.097
102.592
103.103
103.602
104.103
104.591
105.103
105.591
106.096
106.591
107.104
107.596
108.103
108.592
109.105
109.603
110.1
110.606
111.117
111.603
112.103
112.601
113.117
113.603
114.104
114.603
115.118
115.603
116.103
116.604
117.108
117.603
118.113
118.605
119.125
119.603
120.102
120.605
121.117
121.604
122.103
122.604
123.123
123.604
124.105
124.604
125.118
125.605
126.104
126.604
127.117
127.604
128.103
128.605
129.12
129.605
130.104
130.605
131.105
131.605
132.117
132.603
133.103
133.603
134.122
134.604
135.104
135.604
136.133
136.603
137.105
137.604
138.121
138.603
139.105
139.604
140.137
140.604
141.106
141.603
142.105
142.603
143.103
143.603
144.118
144.608
145.103
145.604
146.127
146.604
147.105
147.608
148.115
148.603
149.104
149.605
150.115
150.604
151.103
151.603
152.104
152.603
153.103
153.603
154.117
154.604
155.104
155.604
156.118
156.603
157.103
157.604
158.119
158.605
159.104
159.604
160.123
160.604
161.104
161.604
162.115
162.603
163.105
163.604
164.128
164.604
165.104
165.603
166.117
166.604
167.104
167.615
168.125
168.612
169.104
169.604
170.117
170.607
171.103
171.605
172.116
172.603
173.105
173.604
174.115
174.604
175.104
175.613
176.122
176.606
177.104
177.604
178.131
178.603
179.103
179.604
180.118
180.603
181.104
181.604
182.104
182.603
183.119
183.603
184.104
184.604
185.116
185.604
186.103
186.604
187.122
187.604
188.103
188.603
189.12
189.605
190.105
190.603
191.104
191.603
192.104
192.603
193.116
193.604
194.104
194.603
195.123
195.604
196.103
196.604
197.12
197.604
198.129
198.604
199.126
199.605
200.103
200.604
201.124
201.603
202.103
202.604
203.115
203.604
204.103
204.604
205.103
205.604
206.131
206.603
207.104
207.604
208.12
208.604
209.103
209.604
210.131
210.604
211.103
211.604
212.115
212.604
213.103
213.603
214.117
214.603
215.103
215.603
216.115
216.603
217.102
217.602
218.114
218.601
219.102
219.601
220.114
220.6
221.105
221.601
222.112
222.602
223.102
223.608
224.114
224.603
225.104
225.6
226.113
226.603
227.095
227.6
228.103
228.591
229.103
229.591
230.109
230.591
231.094
231.597
232.105
232.591
233.093
233.592
234.105
234.594
235.093
235.593
236.103
236.591
237.1
237.609
238.102
238.591
239.09
239.59
240.1
240.592
241.091
241.59
242.101
242.591
243.098
243.592
244.102
244.591
245.091
245.591
246.102
246.593
247.098
247.591
248.102
248.594
249.091
249.59
250.092
250.59
251.098
251.608
252.098
252.591
253.09
253.59
254.099
254.59
255.091
255.591
256.099
256.591
257.09
257.59
258.091
258.59
259.091
259.591
260.097
260.591
261.097
261.591
262.1
262.591
263.091
263.604
264.098
264.597
265.091
265.591
266.098
266.597
267.097
267.59
268.101
268.591
269.096
269.597
270.098
270.594
271.096
271.597
272.098
272.59
273.091
273.591
274.095
274.59
275.094
275.602
276.097
276.59
277.09
277.59
278.094
278.59
279.09
279.591
280.092
280.591
281.121
281.591
282.091
282.591
283.091
283.591
284.093
284.59
285.09
285.59
286.092
286.591
287.09
287.59
288.094
288.605
289.09
289.591
290.09
290.591
291.091
291.59
292.11
292.591
293.091
293.591
294.093
294.59
295.09
295.591
296.09
296.61
297.09
297.59
298.09
298.591
299.091
299.591
300.091
300.591
301.091
301.59
302.091
302.59
303.091
303.591
304.092
304.591
305.091
305.591
306.092
306.591
307.09
307.591
308.091
308.59
309.091
309.591
310.091
310.591
311.091
311.591
312.095
312.59
313.091
313.591
314.091
314.59
315.091
315.591
316.091
316.591
317.091
317.591
318.091
318.591
319.091
319.591
320.091
320.59
321.091
321.59
322.091
322.591
323.091
323.591
324.091
324.591
325.091
325.591
326.098
326.591
327.091
327.59
328.095
328.59
329.091
329.591
330.09
330.59
331.091
331.591
332.092
332.591
333.091
333.59
334.092
334.591
335.091
335.59
336.092
336.591
337.091
337.591
