0.007717
0.007348
0.006830
0.008909
0.007565
0.008821
0.009322
0.006766
0.008583
0.008572
0.006195
0.006171
0.006612
0.005740
0.005838
0.005249
0.005384
0.007114
0.007405
0.006602
0.006412
0.005311
0.007063
0.006172
0.006323
0.005681
0.007783
0.005040
0.008206
0.005659
0.005709
0.005108
0.006165
0.005553
0.006169
0.006001
0.007147
0.009512
0.006899
0.007820
0.007454
0.006771
0.007677
0.006952
0.006382
0.006907
0.007024
0.008934
0.008752
0.005508
0.007438
0.006867
0.007202
0.007830
0.007690
0.007143
0.007015
0.007419
0.005545
0.006404
0.007728
0.007647
0.007519
0.005961
0.007054
0.007046
0.007355
0.007312
0.007838
0.008298
0.005983
0.007292
0.006552
0.007262
0.008898
0.007375
0.009953
0.009676
0.007837
0.006367
0.005205
0.005234
0.005069
0.005954
0.005948
0.005006
0.005974
0.006847
0.007056
0.006981
0.005992
0.004669
0.004865
0.007685
0.004786
0.004280
0.007736
0.006751
0.005492
0.006138
0.004329
0.005749
0.008371
0.009317
0.007130
0.008462
0.007159
0.007527
0.007179
0.007418
0.005373
0.008023
0.006896
0.007586
0.008640
0.008254
0.007453
0.007078
0.007390
0.005929
0.005687
0.007715
0.007309
0.006884
0.008044
0.008430
0.009292
0.006955
0.007150
0.007178
0.007372
0.005071
0.007735
0.008316
0.006952
0.007233
0.006320
0.007727
0.007756
0.008009
0.006956
0.009483
0.006314
0.006960
0.007967
0.009331
0.008612
0.007582
0.006994
0.005923
0.008995
0.007550
0.005300
0.008611
0.006605
0.006604
0.007579
0.007653
0.008561
0.007508
0.008303
0.008513
0.007380
0.005615
0.007761
0.005992
0.006514
0.006555
0.007616
0.008223
0.006658
0.006732
0.006156
0.006777
0.007315
0.007940
0.006103
0.005176
0.008291
0.005550
0.008065
0.008704
0.008871
0.009406
0.009926
0.007322
0.008249
0.007993
0.007592
0.007182
0.009565
0.006570
0.006194
0.010542
0.011597
0.012009
0.008578
0.008022
0.007742
0.006879
0.005197
0.008621
0.007407
0.006583
0.009368
0.006445
0.005157
0.007221
0.006052
0.005105
0.009914
0.006486
0.006618
0.006694
0.006378
0.005934
0.008326
0.008503
0.008443
0.009574
0.008313
0.008308
0.010248
0.008120
0.008613
0.008541
0.012446
0.005923
0.006588
0.005925
0.006230
0.008361
0.005593
0.007275
0.008999
0.005095
0.007649
0.005468
0.008785
0.007925
0.004842
0.009598
0.005553
0.007267
0.007666
0.008729
0.006993
0.006995
0.006252
0.007519
0.006777
0.005050
0.007784
0.006929
0.007394
0.007790
0.007002
0.007302
0.005790
0.007657
0.006909
0.007144
0.007833
0.008677
0.008845
0.005378
0.006994
0.009240
0.009637
0.007314
0.008545
0.008203
0.007481
0.005738
0.007473
0.008177
0.006781
0.007306
0.007440
0.007923
0.007099
0.008616
0.007874
0.007781
0.005442
0.007466
0.006706
0.007793
0.006317
0.007217
0.008127
0.006811
0.005940
0.009135
0.006908
0.005639
0.008090
0.007092
0.008790
0.005728
0.007344
0.007133
0.006343
0.006984
0.006291
0.008622
0.006464
0.007033
0.007010
0.005262
0.006193
0.007873
0.007159
0.008467
0.005820
0.009089
0.008968
0.007307
0.006201
0.006390
0.008677
0.010121
0.009450
0.007660
0.008769
0.008025
0.008303
0.007912
0.006952
0.005785
0.007831
0.005072
0.006911
0.005920
0.009483
0.007471
0.007349
0.006913
0.007550
0.007390
0.007687
0.006451
0.006701
0.007354
0.008930
0.006657
0.008410
0.009191
0.011359
0.008275
0.009357
0.009535
0.009954
0.010885
0.009980
0.008134
0.007481
0.007199
0.007483
0.007754
0.006856
0.006615
0.007559
0.008809
0.008564
0.008780
0.008473
0.009282
0.007949
0.008440
0.005083
0.008467
0.008858
0.008778
0.007119
0.007328
0.006872
0.007376
0.008246
0.007447
0.011935
0.014437
0.010424
0.010048
0.011772
0.009196
0.010716
0.008801
0.008978
0.007721
0.007612
0.006075
0.006713
0.007215
0.006276
0.008306
0.007612
0.006127
0.005830
0.009528
0.006881
0.006719
0.006490
0.008955
0.007013
0.008332
0.008779
0.008117
0.007477
0.007347
0.008541
0.005738
0.006464
0.006241
0.006329
0.006654
0.006420
0.007523
0.007816
0.010518
0.006372
0.008590
0.006793
0.006741
0.006182
0.007890
0.008604
0.008179
0.007516
0.005531
0.005446
0.006351
0.008636
0.005183
0.007262
0.008136
0.010187
0.006784
0.006994
0.006852
0.006308
0.007361
0.007545
0.007781
0.008437
0.007191
0.009313
0.006773
0.008143
0.008454
0.010142
0.011038
0.009730
0.006396
0.008378
0.013360
0.007625
0.009110
0.008767
0.007428
0.008716
0.007074
0.007340
0.009007
0.007088
0.007159
0.008090
0.005621
0.008213
0.007653
0.007859
0.008923
0.005937
0.006336
0.007711
0.007569
0.007959
0.006230
0.007300
0.006218
0.007117
0.008766
0.007817
0.007106
0.007406
0.008538
0.009812
0.007183
0.007150
0.007942
0.007817
0.007998
0.008695
0.008021
0.007754
0.006522
0.007302
0.007505
0.009794
0.008709
0.010870
0.010736
0.008719
0.009223
0.007488
0.010079
0.010690
0.008943
0.011153
0.011935
0.014353
0.014120
0.009388
0.008478
0.009063
0.016620
0.017154
0.018000
0.017068
0.013750
0.012100
0.010452
0.009622
0.008499
0.009492
0.008897
0.008132
0.007597
0.015520
0.009440
0.009996
0.008975
0.007709
0.007613
0.006124
0.005411
0.008674
0.006714
0.007719
0.007391
0.007352
0.007635
0.007978
0.007085
0.006726
0.009094
0.007463
0.009059
0.003904
0.007196
0.006258
0.005631
0.007295
0.009800
0.008241
0.008391
0.008116
0.005909
0.007023
0.008353
0.008529
0.006892
0.007591
0.006438
0.005360
0.005860
0.009403
0.006020
0.009100
0.007320
0.006078
0.005907
0.005706
0.007480
0.007791
0.005753
0.007509
0.017504
0.014287
0.015480
0.010606
0.011140
0.008416
0.005517
0.005457
0.005986
0.008140
0.007384
0.007867
0.005601
0.007031
0.008455
0.008156
0.006394
0.007102
0.006726
0.007116
0.007115
0.006966
0.006516
0.007151
0.007384
0.010862
0.005944
0.007970
0.008071
0.017084
0.013836
0.017340
0.015800
0.013882
0.014814
0.014591
0.009408
0.009590
0.007514
0.009288
0.006760
0.008415
0.006145
0.004893
0.006915
0.006860
0.007345
0.009618
0.008613
0.006681
0.008210
0.009343
0.007555
0.008315
0.006765
0.006203
0.005610
0.008092
0.008478
0.007834
0.006860
0.008521
0.008433
0.007412
0.007297
0.007319
0.009320
0.009790
0.012177
0.012655
0.011385
0.009089
0.008637
0.009055
0.007200
0.006537
0.004499
0.007431
0.007576
0.008763
0.012535
0.010301
0.012478
0.011413
0.010407
0.010394
0.001325
