0.000000
0.000000
0.050977
0.331890
0.485956
0.614948
0.696475
0.822556
0.951537
1.056983
1.142753
1.210709
1.261351
1.315077
1.322255
1.326953
1.346158
1.393220
1.423083
1.451642
1.466296
1.469716
1.498236
1.519861
1.542331
1.560915
1.575187
1.588374
1.601549
1.611726
1.620368
1.636284
1.643261
1.648743
1.655502
1.665058
1.672378
1.685228
1.692647
1.699973
1.706195
1.713021
1.718975
1.724763
1.732221
1.738401
1.745805
1.750193
1.754288
1.759751
1.766468
1.770638
1.774629
1.777878
1.781746
1.784729
1.787334
1.793661
1.795825
1.793075
1.790683
1.793145
1.795579
1.797434
1.802788
1.805380
1.807766
1.809312
1.804791
1.799770
1.793312
1.787602
1.785559
1.777023
1.766918
1.766082
1.768377
1.772493
1.774184
1.777804
1.779418
1.780956
1.782796
1.785288
1.786567
1.781871
1.768633
1.764973
1.767084
1.769618
1.772761
1.774740
1.776195
1.778783
1.780956
1.782926
1.784894
1.788071
1.789705
1.786933
1.779776
1.779928
1.782181
1.785001
1.786846
1.788439
1.790204
1.791932
1.793302
1.795411
1.797754
1.799646
1.797206
1.792762
1.792417
1.794505
1.797122
1.798265
1.799217
1.801269
1.802920
1.803972
1.804118
1.807268
1.808516
1.809838
1.810919
1.811781
1.809920
1.807592
1.802364
1.802966
1.803925
1.799890
1.790560
1.788193
1.790470
1.791951
1.793116
1.794588
1.795793
1.797011
1.797780
1.800223
1.800941
1.801926
1.801593
1.802349
1.803421
1.805729
1.806439
1.808544
1.813313
1.820534
1.826039
1.826400
1.826738
1.827908
1.828505
1.829720
1.830688
1.831514
1.832244
1.833743
1.834571
1.835501
1.835530
1.835880
1.836125
1.837483
1.837674
1.838784
1.839463
1.839253
1.838465
1.839100
1.840537
1.841263
1.841650
1.842623
1.843258
1.844058
1.845546
1.846379
1.846949
1.847802
1.847982
1.848536
1.848784
1.850129
1.849923
1.849389
1.849577
1.849520
1.846483
1.846050
1.846849
1.847342
1.847745
1.848331
1.849027
1.850753
1.851830
1.852511
1.853078
1.853727
1.852194
1.852591
1.853075
1.853715
1.854336
1.855403
1.855150
1.855707
1.856068
1.857317
1.857921
1.858297
1.858642
1.859288
1.859812
1.860383
1.861229
1.862008
1.862525
1.863053
1.863405
1.864534
1.864597
1.864977
1.864226
1.864621
1.865001
1.865591
1.865667
1.866529
1.866730
1.867176
1.867408
1.868000
1.868465
1.867743
1.867946
1.868638
1.869101
1.869476
1.869894
1.868644
1.869241
1.869692
1.869873
1.869879
1.870428
1.870746
1.870959
1.872106
1.872583
1.873020
1.873433
1.873824
1.872366
1.872392
1.872602
1.871193
1.870735
1.871378
1.871769
1.871874
1.872297
1.872640
1.872929
1.873343
1.873523
1.874123
1.874715
1.874912
1.870544
1.866058
1.862932
1.862295
1.861729
1.862907
1.863217
1.862759
1.859910
1.855344
1.854615
1.855002
1.855817
1.856589
1.857010
1.857395
1.857733
1.858296
1.858510
1.858466
1.858408
1.859021
1.858406
1.856433
1.852159
1.849509
1.848809
1.846143
1.842420
1.838863
1.838160
1.838575
1.839435
1.840092
1.840532
1.840974
1.841246
1.841845
1.842588
1.842943
1.842403
1.842034
1.842475
1.842910
1.843064
1.843554
1.844043
1.844459
1.844622
1.845275
1.845587
1.845921
1.846572
1.847098
1.847468
1.847693
1.847919
1.848313
1.848055
1.848201
1.848438
1.848938
1.849361
1.849570
1.849861
1.850728
1.851018
1.851479
1.851715
1.852211
1.852587
1.853236
1.853274
1.853472
1.854016
1.854077
1.853702
1.854223
1.854863
1.855215
1.855378
1.854407
1.852013
1.851422
1.850803
1.851286
1.851332
1.851421
1.850866
1.848722
1.844949
1.843829
1.843893
1.844293
1.844395
1.845056
1.847755
1.850753
1.851816
1.851183
1.847856
1.846510
1.846422
1.846398
1.847145
1.845708
1.842129
1.841302
1.841646
1.842012
1.842166
1.843066
1.843342
1.842384
1.840184
1.840261
1.840441
1.840954
1.841631
1.842629
1.842904
1.840243
1.837873
1.837858
1.838527
1.838886
1.839143
1.839592
1.839936
1.840243
1.840334
1.840865
1.840330
1.840872
1.840911
1.841083
1.840972
1.841714
1.842006
1.842334
1.842145
1.841449
1.839717
1.839755
1.840395
1.841463
1.841899
1.842024
1.842208
1.842667
1.842963
1.843509
1.843781
1.843656
1.843478
1.841712
1.838571
1.837342
1.836641
1.836578
1.835633
1.835239
1.835372
1.835755
1.835780
1.835000
1.834835
1.835234
1.835426
1.835861
1.836506
1.836782
1.837272
1.837871
1.839044
1.839914
1.840048
1.840650
1.840875
1.841277
1.841440
1.841900
1.842141
1.842325
1.842599
1.842246
1.842525
1.842842
1.842989
1.843285
1.843726
1.843354
1.843696
1.844001
1.843917
1.843279
1.841436
1.839057
1.838698
1.839030
1.839244
1.839640
1.839985
1.840554
1.840769
1.841165
1.841411
1.841704
1.841892
1.842224
1.842748
1.842922
1.843084
1.843407
1.843651
1.843920
1.844032
1.843974
1.843708
1.843821
1.843913
1.844089
1.844319
1.844031
1.843163
1.841799
1.841525
1.841717
1.841962
1.842238
1.842776
1.843054
1.843200
1.843460
1.843738
1.844076
1.844556
1.844833
1.845101
1.845384
1.845527
1.845769
1.846076
1.846613
1.846810
1.847148
1.847387
1.847606
1.847465
1.846251
1.846519
1.846670
1.846906
1.847156
1.847440
1.847736
1.847749
1.847726
1.847748
1.847442
1.846864
1.847066
1.847253
1.847582
1.847743
1.847553
1.847397
1.847419
1.845693
1.845567
1.845106
1.845702
1.845320
1.843113
1.841772
1.841806
1.842331
1.842624
1.842869
1.843035
1.843054
1.843148
1.843277
1.844040
1.844247
1.844473
1.845400
1.845892
1.846524
1.847575
1.847758
1.848007
1.848229
1.848427
1.848686
1.848910
1.849338
1.849499
1.849742
1.849934
1.850177
1.850411
1.850862
1.851081
1.851190
1.851144
1.851258
1.851356
1.850291
1.850005
1.850215
1.850377
1.850598
1.850628
1.850982
1.851197
1.851648
1.851854
1.852077
1.852278
1.852226
1.851090
1.849130
1.848745
1.848948
1.849183
1.849388
1.849607
1.849821
1.850252
1.850447
1.850195
1.848369
1.845352
1.842334
1.839321
1.836319
1.833327
1.830344
1.827370
1.824406
1.821453
1.818508
1.815573
1.812620
1.809732
1.806826
1.803928
1.801040
1.798162
1.795292
1.792431
1.789580
1.786737
1.783904
1.781080
1.778264
1.775458
1.772659
1.769871
1.767091
1.764320
1.761557
1.758803
1.756057
1.753320
1.750592
1.747872
1.745161
1.742458
1.739763
1.737076
1.734361
1.731728
1.729066
1.726414
1.723744
1.721131
1.718501
1.715880
1.713267
1.710662
1.708064
1.705475
1.702885
1.700319
1.697753
1.695195
1.692634
1.690101
1.687566
1.685039
1.682512
1.680005
1.677497
1.675002
