1.59188
1.59225
2.09199
2.59231
3.09197
3.59466
4.10155
4.59208
5.09244
5.60922
6.09256
6.59371
7.09379
7.61445
8.09761
8.59329
9.09329
9.61754
10.1014
10.5921
11.093
11.6195
12.1016
12.5928
13.0941
13.6168
14.1024
14.5998
15.0941
15.6019
16.0929
16.5925
17.0936
17.6111
18.1124
18.5923
19.0936
19.6123
20.1026
20.5924
21.0931
21.6099
22.0984
22.5925
23.0936
23.6012
24.1043
24.5997
25.0938
25.609
26.1035
26.5925
27.0935
27.608
28.0923
28.5929
29.0936
29.6094
30.1016
30.5921
31.0935
31.6087
32.1104
32.5924
33.0929
33.6083
34.0924
34.6057
35.0943
35.6057
36.0925
36.5928
37.0937
37.6015
38.1071
38.5922
39.0928
39.6011
40.1033
40.5925
41.093
41.5974
42.1039
42.5921
43.0932
43.596
44.1008
44.5922
45.0929
45.603
46.0927
46.5922
47.0935
47.5994
48.1006
48.5921
49.0936
49.601
50.0945
50.5923
51.0983
51.6042
52.1012
52.5923
53.0931
53.6111
54.0923
54.5923
55.0926
55.6177
56.1069
56.5929
57.1061
57.6106
58.0926
58.5983
59.1126
59.6151
60.0942
60.602
61.1144
61.6199
62.0945
62.6
63.1311
63.6186
64.095
64.5955
65.1035
65.6063
66.0931
66.5932
67.0974
67.5997
68.0939
68.5939
69.096
69.6061
70.0961
70.597
71.1022
71.6
72.0952
72.5941
73.1046
73.6062
74.1004
74.5928
75.1055
75.6113
76.1032
76.5929
77.1044
77.5976
78.0941
78.5927
79.098
79.6128
80.0947
80.5941
81.1072
81.6098
82.0924
82.5927
83.0958
83.6099
84.1088
84.5987
85.1171
85.6075
86.0945
86.5973
87.1039
87.6019
88.0927
88.5929
89.1008
89.6114
90.0957
90.5927
91.1076
91.6027
92.0963
92.6001
93.0986
93.6033
94.0971
94.5926
95.1091
95.6056
96.1052
96.6007
97.1232
97.6162
98.0925
98.5958
99.1018
99.6049
100.093
100.593
101.101
101.612
102.098
102.597
103.104
103.611
104.103
104.593
105.103
105.597
106.096
106.593
107.104
107.602
108.104
108.593
109.105
109.614
110.101
110.607
111.118
111.611
112.103
112.602
113.118
113.609
114.104
114.604
115.118
115.613
116.104
116.605
117.11
117.61
118.114
118.608
119.126
119.615
120.102
120.607
121.117
121.616
122.104
122.606
123.123
123.616
124.105
124.605
125.119
125.617
126.104
126.606
127.117
127.626
128.104
128.605
129.12
129.619
130.104
130.605
131.106
131.615
132.117
132.604
133.104
133.621
134.122
134.604
135.104
135.61
136.134
136.603
137.106
137.61
138.121
138.603
139.105
139.61
140.138
140.604
141.107
141.608
142.106
142.604
143.104
143.606
144.118
144.608
145.103
145.607
146.129
146.605
147.106
147.62
148.115
148.604
149.104
149.621
150.115
150.608
151.104
151.607
152.105
152.603
153.103
153.607
154.118
154.604
155.105
155.611
156.118
156.61
157.104
157.616
158.12
158.605
159.104
159.623
160.124
160.605
161.105
161.621
162.116
162.604
163.106
163.622
164.129
164.605
165.104
165.631
166.118
166.611
167.105
167.633
168.126
168.631
169.105
169.641
170.118
170.608
171.104
171.628
172.116
172.604
173.106
173.615
174.115
174.604
175.105
175.627
176.123
176.607
177.105
177.616
178.132
178.604
179.104
179.618
180.119
180.615
181.104
181.63
182.104
182.605
183.125
183.613
184.105
184.605
185.116
185.616
186.104
186.605
187.123
187.612
188.103
188.62
189.121
189.615
190.106
190.61
191.104
191.61
192.105
192.605
193.116
193.614
194.105
194.608
195.123
195.613
196.104
196.605
197.121
197.623
198.129
198.605
199.127
199.612
200.104
200.607
201.125
201.609
202.104
202.605
203.115
203.623
204.104
204.605
205.103
205.613
206.132
206.604
207.104
207.611
208.12
208.604
209.104
209.608
210.131
210.606
211.104
211.608
212.115
212.604
213.104
213.608
214.118
214.604
215.104
215.622
216.117
216.604
217.102
217.607
218.115
218.601
219.103
219.606
220.115
220.6
221.105
221.608
222.113
222.602
223.103
223.617
224.115
224.604
225.104
225.624
226.114
226.603
227.096
227.609
228.104
228.598
229.104
229.6
230.11
230.593
231.094
231.611
232.106
232.593
233.094
233.603
234.106
234.595
235.094
235.603
236.103
236.593
237.101
237.618
238.102
238.592
239.099
239.6
240.1
240.593
241.093
241.604
242.101
242.593
243.098
243.602
244.102
244.596
245.093
245.6
246.103
246.594
247.099
247.598
248.102
248.595
249.095
249.597
250.092
250.6
251.098
251.612
252.099
252.593
253.092
253.596
254.1
254.601
255.093
255.596
256.099
256.602
257.092
257.61
258.093
258.592
259.093
259.602
260.098
260.592
261.098
261.624
262.1
262.593
263.092
263.622
264.099
264.599
265.092
265.626
266.099
266.598
267.097
267.606
268.102
268.611
269.097
269.618
270.099
270.595
271.097
271.607
272.098
272.616
273.093
273.616
274.096
274.593
275.095
275.613
276.097
276.593
277.093
277.611
278.094
278.592
279.093
279.604
280.092
280.593
281.122
281.604
282.093
282.592
283.093
283.604
284.094
284.593
285.093
285.604
286.093
286.608
287.093
287.605
288.096
288.606
289.093
289.602
290.092
290.594
291.094
291.606
292.11
292.594
293.094
293.597
294.094
294.608
295.093
295.607
296.093
296.61
297.094
297.601
298.093
298.6
299.094
299.601
300.093
300.593
301.095
301.596
302.093
302.592
303.095
303.596
304.093
304.593
305.093
305.601
306.093
306.593
307.093
307.597
308.095
308.598
309.098
309.603
310.094
310.598
311.097
311.602
312.096
312.599
313.098
313.601
314.094
314.599
315.097
315.601
316.096
316.597
317.098
317.6
318.095
318.598
319.097
319.602
320.095
320.599
321.097
321.602
322.096
322.599
323.097
323.597
324.095
324.599
325.098
325.597
326.099
326.598
327.098
327.603
328.096
328.599
329.098
329.601
330.095
330.599
331.097
331.603
332.093
332.598
333.098
333.603
334.093
334.599
335.093
335.599
336.092
336.593
337.093
337.597
