168.035156
169.324219
173.449219
173.449219
173.449219
173.449219
173.449219
173.449219
173.449219
173.449219
173.449219
173.449219
173.449219
173.449219
173.449219
173.449219
173.449219
173.449219
173.449219
173.449219
173.449219
173.449219
173.449219
173.449219
173.449219
173.449219
173.449219
173.449219
173.449219
173.449219
173.449219
173.449219
173.449219
173.449219
173.449219
173.449219
173.449219
173.449219
173.449219
173.449219
173.449219
173.449219
173.449219
173.449219
174.964844
174.964844
174.964844
174.964844
174.964844
174.964844
174.964844
174.964844
174.964844
174.964844
174.964844
174.964844
174.964844
174.964844
174.964844
174.964844
174.964844
174.964844
174.964844
174.964844
174.964844
174.964844
174.964844
174.964844
174.964844
174.964844
174.964844
174.964844
174.964844
174.964844
174.964844
174.964844
174.964844
174.964844
174.964844
174.964844
174.964844
174.964844
174.964844
174.964844
174.964844
174.964844
174.964844
174.964844
174.964844
174.964844
174.964844
174.964844
174.964844
174.964844
174.964844
174.964844
174.964844
174.964844
174.964844
174.964844
174.964844
174.964844
174.964844
174.964844
174.964844
174.964844
174.964844
174.964844
174.964844
174.964844
174.964844
174.964844
174.964844
174.964844
174.964844
174.964844
174.964844
174.964844
174.964844
174.964844
174.964844
174.964844
174.964844
174.964844
174.964844
174.964844
174.964844
174.964844
174.964844
174.964844
174.964844
174.964844
174.964844
174.964844
174.964844
174.964844
174.964844
174.964844
174.964844
174.964844
174.964844
174.964844
174.964844
174.964844
174.964844
174.964844
174.964844
174.964844
174.964844
174.964844
174.964844
174.964844
174.964844
174.964844
174.964844
174.964844
174.964844
174.964844
174.964844
174.964844
174.964844
174.964844
174.964844
174.964844
174.964844
174.964844
174.964844
174.964844
174.964844
174.964844
174.964844
174.964844
174.964844
174.964844
174.964844
174.964844
174.964844
174.964844
174.964844
174.964844
174.964844
174.964844
174.964844
174.964844
174.964844
174.964844
174.964844
174.964844
174.964844
174.964844
174.964844
174.964844
174.964844
174.964844
175.480469
175.480469
175.480469
175.480469
175.480469
175.480469
175.480469
175.480469
175.480469
175.480469
175.480469
175.480469
175.480469
175.480469
175.480469
175.480469
175.480469
175.480469
175.480469
175.480469
175.480469
175.480469
175.480469
175.480469
175.480469
175.480469
175.480469
175.480469
175.480469
175.480469
175.480469
175.480469
175.480469
175.480469
175.480469
175.480469
175.480469
175.480469
175.480469
178.058594
178.058594
178.058594
178.058594
178.058594
178.058594
178.058594
178.058594
178.058594
178.058594
178.058594
178.058594
178.058594
178.058594
178.058594
178.058594
178.058594
178.058594
178.058594
178.058594
178.058594
178.058594
178.058594
178.058594
178.058594
178.058594
178.058594
178.058594
178.058594
178.058594
178.058594
178.058594
178.058594
178.058594
178.058594
178.058594
178.058594
178.058594
178.058594
178.058594
178.058594
178.058594
178.058594
178.058594
178.058594
178.058594
178.058594
178.058594
178.058594
178.058594
178.058594
178.058594
178.316406
178.316406
178.574219
178.574219
178.574219
178.574219
178.574219
178.574219
178.574219
178.574219
178.574219
178.574219
178.574219
178.574219
178.574219
178.574219
178.574219
178.574219
178.574219
178.574219
178.574219
178.574219
178.574219
178.574219
178.574219
178.574219
178.574219
178.574219
178.574219
178.574219
178.574219
178.574219
178.574219
178.574219
178.574219
178.574219
178.574219
178.574219
178.574219
178.574219
178.574219
178.574219
178.574219
178.574219
178.574219
178.574219
178.574219
178.574219
178.574219
178.574219
178.574219
178.574219
178.574219
178.574219
178.574219
178.574219
178.574219
178.574219
178.574219
178.574219
178.574219
178.574219
178.574219
178.574219
178.574219
178.574219
178.574219
178.574219
178.574219
178.574219
178.574219
178.574219
178.574219
178.574219
178.574219
178.574219
178.574219
178.574219
178.574219
178.574219
178.574219
178.574219
178.574219
178.574219
178.574219
178.574219
178.574219
178.574219
178.574219
179.347656
179.347656
179.347656
179.347656
179.347656
179.347656
179.347656
179.347656
179.347656
179.347656
179.347656
179.347656
179.347656
179.347656
179.347656
179.347656
179.347656
179.347656
179.347656
179.347656
179.347656
179.347656
179.347656
179.605469
179.605469
179.605469
179.605469
179.605469
179.605469
182.183594
182.183594
182.183594
182.183594
182.183594
182.183594
182.183594
182.183594
182.183594
182.183594
182.183594
182.183594
182.183594
182.183594
182.183594
182.183594
182.183594
182.183594
182.183594
182.183594
182.183594
182.183594
182.183594
182.183594
182.183594
182.183594
182.183594
182.183594
182.183594
182.183594
182.183594
182.183594
182.183594
182.183594
182.183594
182.183594
182.183594
182.183594
182.183594
182.183594
182.183594
182.183594
182.183594
182.183594
182.183594
182.183594
182.183594
182.183594
182.183594
182.183594
182.183594
182.183594
182.183594
182.183594
182.183594
182.183594
182.183594
182.183594
182.183594
182.183594
183.730469
183.730469
183.730469
183.730469
183.730469
183.730469
183.730469
183.730469
183.730469
183.730469
183.730469
183.730469
183.730469
183.730469
183.730469
183.730469
183.730469
186.824219
186.824219
186.824219
186.824219
186.824219
186.824219
186.824219
186.824219
186.824219
186.824219
186.824219
186.824219
186.824219
186.824219
186.824219
186.824219
186.824219
186.824219
186.824219
186.824219
186.824219
186.824219
186.824219
186.824219
186.824219
186.824219
186.824219
186.824219
186.824219
186.824219
186.824219
186.824219
186.824219
186.824219
186.824219
186.824219
186.824219
186.824219
186.824219
186.824219
186.824219
186.824219
186.824219
186.824219
186.824219
186.824219
186.824219
186.824219
186.824219
186.824219
186.824219
186.824219
186.824219
186.824219
186.824219
186.824219
186.824219
186.824219
186.824219
186.824219
186.824219
186.824219
186.824219
186.824219
186.824219
186.824219
186.824219
186.824219
186.824219
186.824219
186.824219
186.824219
186.824219
186.824219
186.824219
186.824219
186.824219
186.824219
186.824219
186.824219
186.824219
186.824219
186.824219
186.824219
186.824219
186.824219
186.824219
186.824219
186.824219
186.824219
186.824219
186.824219
186.824219
186.824219
186.824219
186.824219
186.824219
186.824219
186.824219
186.824219
186.824219
186.824219
186.824219
186.824219
186.824219
186.824219
186.824219
186.824219
186.824219
186.824219
186.824219
186.824219
186.824219
186.824219
186.824219
186.824219
186.824219
186.824219
186.824219
186.824219
186.824219
186.824219
186.824219
186.824219
186.824219
186.824219
186.824219
186.824219
