4.85007
4.99225
5.27591
5.52567
5.67387
6.71403
7.38354
8.78405
8.87292
10.0774
11.1204
11.3926
11.7925
12.7159
12.7471
12.7788
12.833
12.8808
12.9157
12.9596
13.0069
13.7833
14.0669
14.181
14.2141
14.9784
15.0184
16.2565
16.5768
16.6082
16.6366
16.6974
17.838
18.7646
18.869
18.9796
19.1106
19.1425
19.1723
19.204
20.4854
20.52
20.7204
21.1125
22.0656
22.1795
22.8569
22.895
22.9249
22.9605
22.9927
23.0278
23.0528
23.0959
23.127
23.1579
23.1889
24.316
24.356
24.3955
25.1122
26.4798
26.9766
27.0143
27.0419
27.0829
27.5079
27.5433
27.573
27.604
27.648
27.6745
27.7023
27.7356
27.7769
27.8049
27.8357
27.8653
27.9005
27.9354
28.7027
29.1066
29.2438
29.6435
30.437
30.7122
31.7739
32.307
32.3412
32.3693
33.245
33.5076
33.7738
33.8017
34.7033
34.8446
34.8787
34.9121
36.3111
36.3414
36.3714
36.4006
36.4418
36.4758
37.0518
37.8524
38.1807
39.1131
39.1445
39.1713
39.92
40.187
40.3119
40.3519
40.3916
40.4301
41.6712
42.5883
42.8705
43.3906
43.6489
43.7771
43.8077
45.1207
45.7834
46.447
46.5803
47.1065
47.145
47.1718
47.2046
47.2449
47.2798
47.3163
47.3532
47.3982
47.4362
47.4635
47.496
47.5212
47.5555
47.5786
47.6244
47.6688
47.7034
47.7378
49.1045
50.1761
51.5034
51.5404
52.4426
52.9716
53.0003
53.0299
53.0585
53.5117
53.6335
53.6733
53.7021
53.733
53.7749
53.8032
53.8354
53.8679
53.9118
54.4386
54.4688
54.5707
54.8386
55.6488
55.6853
55.7131
56.8427
56.9652
57.9304
58.3206
58.5881
58.6187
59.9954
60.0443
60.0852
60.1165
60.1678
60.2127
60.2521
60.2957
60.342
60.3734
60.422
61.2661
61.4015
62.4849
63.3987
63.7913
65.1898
65.9203
66.1961
67.274
67.3987
68.0702
69.115
70.2011
71.4655
72.3238
72.713
73.5257
73.6872
74.5939
74.709
75.1281
75.5335
76.5925
77.5184
78.1978
78.309
78.4412
79.6635
80.3039
81.5324
82.4479
83.9104
84.0482
84.0898
84.1286
84.1874
85.5086
85.6392
85.6954
87.0155
87.2367
87.2699
87.7719
88.4174
88.572
89.2464
89.7717
90.1922
90.5736
90.6148
90.8421
90.8823
91.1089
91.1615
92.3027
93.693
94.3196
95.4228
95.826
95.9277
96.2998
96.3391
96.3742
96.4361
96.834
96.8649
96.9186
96.9692
97.009
97.0394
97.0897
97.1266
97.1789
97.2122
97.2577
97.296
97.3262
97.3681
97.4184
97.4593
97.4977
97.5295
97.5668
97.5973
97.6601
97.6995
97.7259
97.763
97.7998
97.8304
97.8565
97.9229
97.9568
97.9932
98.0344
98.0675
98.1055
98.1851
98.2232
98.2538
98.2858
98.323
98.3621
98.4229
98.4776
98.5259
98.5706
98.617
98.6888
98.8347
98.9906
99.1888
99.3495
99.5008
99.8269
101.189
102.17
102.232
102.3
102.373
102.426
102.459
103.57
103.834
103.866
105.187
105.7
106.375
106.664
107.296
107.567
107.972
108.489
108.523
108.554
108.583
108.621
108.673
108.703
108.733
108.771
108.809
108.838
108.886
108.941
108.986
110.372
110.429
111.799
113.185
113.444
114.668
115.634
115.716
116.24
116.375
117.747
119.115
119.574
120.239
120.277
120.366
120.768
120.796
122.099
122.138
122.204
122.236
122.766
122.797
122.827
122.852
122.916
122.958
122.996
123.042
123.084
123.123
123.185
123.218
123.262
124.233
124.265
124.304
124.365
124.416
125.785
127.182
127.837
127.971
128.368
128.772
128.926
129.853
129.918
129.98
130.674
131.315
132.11
132.252
133.053
133.206
134.12
134.264
135.714
136.594
137.284
137.94
138.066
138.452
138.979
139.111
140.487
141.267
141.795
142.695
143.514
143.938
144.576
145.385
146.767
148.163
149.088
149.298
150.233
151.04
151.07
151.098
151.14
151.2
151.231
151.26
151.29
151.319
151.374
151.428
151.477
151.524
151.572
151.618
151.686
151.731
151.776
151.823
153.184
154.194
156.175
157.561
158.306
159.359
159.766
159.907
160.195
161.572
162.948
163.101
163.233
163.447
163.58
164.976
166.362
167.307
167.363
168.265
168.86
170.246
171.568
172.078
172.472
172.52
173.511
173.786
173.819
173.862
173.93
174.873
175.383
176.582
176.982
177.013
177.053
177.107
177.94
178.062
178.705
179.777
180.922
181.105
181.165
182.04
182.572
182.987
183.376
183.431
184.043
184.577
184.709
185.239
186.041
186.315
186.35
187.37
188.443
188.577
188.609
188.662
188.707
188.74
189.935
190.194
190.235
190.587
191.12
191.778
192.32
193.167
194.494
194.712
196.182
196.449
196.568
197.938
199.317
200.72
201.698
202.196
202.317
202.438
203.819
203.939
205.246
205.371
205.784
207.207
208.306
208.979
209.024
209.239
209.282
209.325
210.702
211.11
211.171
212.239
212.432
213.376
213.934
213.973
214.002
214.698
214.972
215.238
215.276
215.305
216.19
217.245
218.434
218.695
219.38
220.039
220.068
220.695
220.724
220.847
220.877
220.928
220.966
222.34
223.099
224.474
225.111
226.485
227.858
229.243
230.874
232.207
233.502
233.777
234.586
234.704
235.509
235.664
237.049
238.439
239.808
241.241
241.298
241.346
241.396
241.533
241.683
241.836
243.107
244.53
244.725
244.994
245.128
246.181
246.982
247.861
248.041
248.177
249.276
249.497
250.301
251.114
252.447
252.576
253.956
254.043
254.182
254.971
255.775
255.908
256.044
256.572
257.107
257.371
258.746
258.79
258.835
258.879
258.924
258.968
259.012
259.056
259.1
259.155
259.197
259.24
259.282
259.324
259.445
259.495
259.537
259.579
259.63
259.673
259.713
259.845
261.095
261.238
261.501
264.776
266.149
267.518
268.923
270.322
271.696
273.1
273.777
274.838
274.869
274.908
274.938
275.383
276.044
276.085
276.706
276.737
276.768
276.797
276.84
276.872
276.911
276.941
276.983
277.014
277.045
277.085
277.123
277.152
277.183
277.23
277.269
277.299
277.331
277.375
277.416
277.461
277.51
277.555
278.926
280.301
280.444
280.569
280.702
280.847
280.903
281.097
281.366
282.168
283.547
284.541
284.595
284.65
284.784
284.91
285.04
285.098
285.901
285.944
287.327
288.699
290.077
290.705
291.24
291.512
292.298
292.326
292.974
293.898
294.658
294.844
294.88
294.91
294.957
294.992
295.767
295.796
295.827
295.86
296.029
296.06
296.095
296.133
296.177
296.207
296.236
296.267
296.309
296.339
296.374
296.424
296.46
296.489
296.52
296.555
296.589
296.616
296.649
296.685
296.721
296.749
296.785
296.827
296.867
298.24
299.608
300.3
300.331
300.36
300.391
300.441
300.84
300.868
300.97
301.001
301.04
301.098
301.139
301.184
301.244
301.292
301.341
301.381
301.407
301.452
301.494
301.53
302.902
304.283
304.571
305.641
305.67
305.696
305.73
305.772
305.804
305.83
305.864
305.904
305.928
