0.001910
0.001928
0.002008
0.001866
0.002029
0.002171
0.002002
0.002822
0.002776
0.002650
0.002999
0.002746
0.003248
0.003273
0.003204
0.003214
0.003073
0.003115
0.002932
0.003184
0.003457
0.003143
0.003404
0.003659
0.003316
0.003733
0.003432
0.005326
0.003956
0.003342
0.003411
0.003392
0.003008
0.003183
0.003149
0.003426
0.003171
0.003055
0.003068
0.002939
0.003411
0.003417
0.003246
0.003883
0.003526
0.004117
0.004043
0.003835
0.003867
0.004170
0.003779
0.003850
0.003726
0.003924
0.003557
0.003811
0.003920
0.003945
0.003736
0.003369
0.004007
0.003531
0.003681
0.003929
0.003395
0.003515
0.004491
0.003157
0.003093
0.003530
0.002911
0.003145
0.002931
0.002988
0.003260
0.003132
0.003442
0.003472
0.002918
0.003118
0.003087
0.003222
0.003378
0.003189
0.002746
0.002981
0.003297
0.002966
0.003465
0.003096
0.003180
0.003274
0.003557
0.003581
0.003262
0.002898
0.003220
0.002767
0.003000
0.002954
0.002900
0.002615
0.003024
0.002997
0.002930
0.003682
0.002688
0.002681
0.002705
0.002666
0.003004
0.003088
0.003114
0.003037
0.002985
0.003233
0.003512
0.004156
0.003767
0.003828
0.003648
0.004108
0.003472
0.003872
0.004529
0.004627
0.003862
0.003384
0.003721
0.003471
0.003603
0.004025
0.003639
0.003512
0.003771
0.003969
0.006018
0.003296
0.003549
0.003208
0.004314
0.003440
0.003562
0.003546
0.003676
0.003556
0.004105
0.004020
0.004022
0.003690
0.003957
0.004134
0.003676
0.003710
0.003590
0.003968
0.004415
0.004406
0.004150
0.003631
0.004171
0.004113
0.004250
0.004191
0.003805
0.004409
0.004257
0.004566
0.004477
0.003668
0.003973
0.003709
0.003919
0.003933
0.003728
0.004111
0.004292
0.003981
0.004611
0.004769
0.004692
0.004352
0.004385
0.004411
0.005090
0.004335
0.004297
0.004630
0.004181
0.004691
0.004693
0.004616
0.004263
0.004251
0.004579
0.004248
0.004838
0.005209
0.004985
0.005094
0.005276
0.005209
0.005582
0.005234
0.005648
0.005162
0.004990
0.005779
0.005511
0.005455
0.005768
0.005713
0.005883
0.006233
0.006049
0.005991
0.005718
0.005941
0.005806
0.006613
0.006499
0.007152
0.006680
0.006863
0.007132
0.005521
0.005532
0.005687
0.005854
0.005944
0.005982
0.006345
0.006077
0.006130
0.005862
0.005862
0.005971
0.006035
0.005945
0.006025
0.005817
0.005769
0.005416
0.005653
0.006366
0.006607
0.006290
0.006264
0.006066
0.007102
0.007271
0.012431
0.006366
0.006840
0.006591
0.006533
0.006692
0.006688
0.006531
0.006620
0.006350
0.006419
0.006392
0.006414
0.006335
0.006251
0.006562
0.006329
0.006552
0.006230
0.006350
0.006568
0.006305
0.006509
0.006207
0.006233
0.006206
0.006379
0.006127
0.005969
0.005997
0.006238
0.005892
0.005914
0.005784
0.005721
0.005945
0.005753
0.005672
0.005706
0.005503
0.005587
0.005385
0.006073
0.006029
0.006029
0.008313
0.006080
0.006338
0.006136
0.006319
0.006257
0.006273
0.006380
0.006142
0.006187
0.008014
0.006396
0.006174
0.006100
0.005945
0.006438
0.006244
0.006289
0.006170
0.006209
0.006898
0.006349
0.006526
0.006648
0.009909
0.005721
0.005555
0.006016
0.005721
0.005460
0.005778
0.005658
0.005592
0.005523
0.005607
0.005545
0.005392
0.005440
0.005509
0.005453
0.005884
0.006479
0.006809
0.007545
0.007662
0.006050
0.006273
0.006220
0.005826
0.006742
0.005774
0.005942
0.006950
0.005677
0.005713
0.005722
0.005642
0.005693
0.005650
0.005702
0.005594
0.005438
0.005722
0.005644
0.005354
0.005322
0.005833
0.005530
0.005219
0.005507
0.005345
0.005210
0.005210
0.004882
0.005532
0.005153
0.005522
0.005451
0.005111
0.004978
0.005123
0.005071
0.005101
0.004814
0.005372
0.005489
0.005546
0.006951
0.005618
0.005874
0.005750
0.005995
0.006345
0.005920
0.006161
0.005704
0.005867
0.006203
0.006766
0.006921
0.007463
0.007355
0.006691
0.007127
0.006944
0.007305
0.007386
0.006386
0.006862
0.006422
0.005930
0.007035
0.006197
0.008027
0.005943
0.005636
0.005706
0.005926
0.005450
0.006723
0.005121
0.011666
0.005221
0.005173
0.004839
0.005089
0.004952
0.007765
0.005395
0.005535
0.005459
0.005605
0.005277
0.005496
0.005470
0.005382
0.005212
0.005154
0.005778
0.005199
0.010086
0.005837
0.004483
0.004714
0.004679
0.005313
0.005952
0.009505
0.004524
0.004947
0.004799
0.005072
0.005603
0.005374
0.005762
0.005354
0.006955
0.005917
0.008906
0.005584
0.006083
0.006196
0.006254
0.005759
0.006072
0.005896
0.005753
0.006665
0.006379
0.006558
0.005594
0.005920
0.005424
0.005615
0.006000
0.006291
0.005916
0.006133
0.005970
0.005800
0.006090
0.005655
0.005996
0.005240
0.005520
0.005451
0.004993
0.005000
0.005674
0.005705
0.006114
0.005486
0.009626
0.005320
0.005772
0.005614
0.006158
0.005725
0.005806
0.006190
0.005798
0.006147
0.006441
0.005987
0.006171
0.005937
0.006107
0.005806
0.006448
0.006654
0.006347
0.006882
0.007465
0.006904
0.006191
0.006200
0.006921
0.006910
0.007491
0.007415
0.007259
0.007290
0.007066
0.006954
0.006696
0.006495
0.006836
0.006791
0.007014
0.007423
0.006780
0.006721
0.006979
0.007374
0.006430
0.006287
0.006081
0.005831
0.005924
0.005756
0.006016
0.006700
0.005831
0.005959
0.006410
0.006121
0.006037
0.005819
0.011640
0.004907
0.005602
0.005410
0.005373
0.005420
0.005455
0.005424
0.005283
0.005476
0.004736
0.005168
0.007136
0.005274
0.005739
0.006649
0.006216
0.006016
0.006850
0.006828
0.011605
0.007132
0.007679
0.007039
0.007351
0.006806
0.006407
0.008517
0.006678
0.006740
0.007324
0.006913
0.006856
0.006632
0.006633
0.006635
0.009152
0.006505
0.007377
0.007181
0.006930
0.006858
0.007074
0.007258
0.007704
0.007129
0.007139
0.007119
0.006986
0.007366
0.007206
0.004660
0.004495
0.004304
0.005147
0.004862
0.004553
0.004653
0.004051
0.004328
0.006100
0.006440
0.005985
0.006325
0.006196
0.006155
0.006089
0.005922
0.006189
0.005986
0.008424
0.006260
0.005898
0.005851
0.006063
0.006311
0.006212
0.006182
0.005981
0.006066
0.006076
0.006115
0.006010
0.005806
0.006567
0.004033
0.004164
0.003387
0.007719
0.007682
0.007561
0.007958
0.007949
0.007347
0.006833
0.006267
0.005715
0.005941
0.005977
0.005955
0.005984
0.005262
0.006120
0.005762
0.005852
0.005466
0.005492
0.005278
0.005639
0.005512
0.005692
0.005573
0.005782
0.005456
0.005639
0.005183
0.005498
0.005507
0.005836
0.006037
0.005542
0.005536
0.005452
0.005260
0.005455
0.005020
0.005405
0.005900
0.006752
0.005636
0.005734
0.006216
0.005559
0.005830
0.005990
0.006018
0.005251
0.005023
0.005510
0.005454
0.007144
0.005980
0.005707
0.005763
0.005547
0.005659
0.005744
0.006018
0.005492
0.004887
0.005575
0.005329
0.004959
0.005259
0.004944
0.004925
0.005230
0.004617
0.004714
0.004956
0.004537
0.004756
0.004569
0.004072
0.003923
0.003844
0.003825
0.004020
0.004047
0.006981
0.004975
0.004247
0.004070
0.004147
0.003759
0.004140
0.003988
0.006926
0.003758
0.004041
0.003643
0.003578
0.003680
0.003540
0.003473
0.003899
0.003635
0.003646
0.003472
0.003733
0.004419
0.004756
0.004988
0.004724
0.005332
0.004569
0.004899
0.004608
0.004856
0.004900
0.004817
0.005043
0.004473
0.004503
0.004207
0.004313
0.004437
0.004563
0.004537
0.004811
0.004131
0.004177
0.004030
0.004152
0.003723
0.005402
0.005010
0.004791
0.005276
0.005160
0.005344
0.005435
0.005607
0.005589
0.005307
0.005032
0.004751
0.004689
