0.006924
0.007671
0.009039
0.008000
0.009710
0.008904
0.008169
0.008023
0.006947
0.007079
0.006213
0.007093
0.008876
0.008575
0.006762
0.008625
0.008906
0.005727
0.007454
0.007580
0.007485
0.006857
0.007160
0.007471
0.008729
0.007474
0.009455
0.007676
0.005595
0.007795
0.006190
0.006147
0.007112
0.005774
0.008890
0.008715
0.006580
0.006591
0.006916
0.008387
0.006765
0.007174
0.007463
0.005739
0.007646
0.006650
0.005581
0.007132
0.007572
0.003984
0.004403
0.007677
0.004436
0.006678
0.007311
0.007067
0.007034
0.010939
0.007228
0.008102
0.009953
0.007370
0.007381
0.004987
0.005840
0.006377
0.005873
0.005383
0.006249
0.006622
0.009645
0.006489
0.006125
0.008847
0.008217
0.005724
0.007671
0.006936
0.005063
0.006186
0.006976
0.007133
0.007192
0.005443
0.007887
0.008597
0.007097
0.006515
0.009419
0.008189
0.006835
0.005618
0.005541
0.008868
0.005996
0.007531
0.007380
0.010208
0.008519
0.008802
0.009034
0.008452
0.008867
0.009028
0.006948
0.006043
0.006128
0.007431
0.007736
0.006128
0.008995
0.007459
0.007513
0.007622
0.005566
0.006455
0.007065
0.007477
0.008145
0.008005
0.007895
0.006194
0.005808
0.008861
0.007600
0.007900
0.007392
0.005861
0.007536
0.006681
0.009336
0.007763
0.008488
0.008114
0.005112
0.008464
0.007097
0.007833
0.004070
0.006199
0.005853
0.004294
0.004517
0.007525
0.007192
0.008440
0.007536
0.008430
0.007308
0.006357
0.007718
0.006511
0.007353
0.007810
0.006385
0.006078
0.006088
0.005946
0.005755
0.006848
0.007686
0.005773
0.007227
0.008399
0.008843
0.005843
0.006562
0.007291
0.006605
0.006442
0.007826
0.005563
0.006771
0.005190
0.010083
0.009376
0.008531
0.007728
0.007595
0.006665
0.007321
0.007236
0.006708
0.007320
0.007456
0.007264
0.006240
0.005732
0.005297
0.006302
0.007913
0.007113
0.006496
0.010087
0.009879
0.007350
0.006952
0.007204
0.006975
0.007348
0.006608
0.009637
0.006335
0.008644
0.006622
0.006284
0.005962
0.008270
0.005978
0.007635
0.008909
0.007337
0.006214
0.005649
0.008839
0.007485
0.009203
0.007430
0.008517
0.008641
0.007362
0.006714
0.008931
0.006566
0.005923
0.006010
0.007003
0.006146
0.006538
0.006210
0.007754
0.006885
0.006422
0.005604
0.007639
0.007405
0.008524
0.006590
0.008184
0.007575
0.008917
0.007497
0.005764
0.005838
0.007549
0.008371
0.007633
0.007184
0.006571
0.006649
0.007425
0.007246
0.006948
0.005253
0.006331
0.007742
0.008403
0.008377
0.008242
0.006356
0.006741
0.006429
0.008926
0.007029
0.008265
0.008242
0.006387
0.005466
0.006052
0.006008
0.009295
0.006416
0.006652
0.004163
0.006979
0.006026
0.006181
0.006849
0.007694
0.004362
0.008718
0.004417
0.008743
0.008990
0.004328
0.008202
0.007289
0.008279
0.006079
0.006960
0.007259
0.004719
0.005978
0.011627
0.009140
0.011128
0.010743
0.010052
0.012097
0.010822
0.011379
0.010294
0.010269
0.008408
0.008631
0.009675
0.008533
0.007241
0.008446
0.006069
0.008671
0.008460
0.007558
0.008638
0.006675
0.009342
0.007216
0.005080
0.008175
0.007051
0.008698
0.003965
0.007283
0.007603
0.006715
0.006003
0.007509
0.006939
0.005973
0.008490
0.007255
0.006544
0.008720
0.008483
0.010025
0.012789
0.007282
0.007388
0.005253
0.006552
0.008486
0.006747
0.008614
0.007299
0.009522
0.007969
0.007051
0.005660
0.006278
0.006303
0.007313
0.006095
0.006325
0.007716
0.006635
0.005509
0.005906
0.006474
0.007200
0.006916
0.003417
0.007927
0.008127
0.006056
0.008943
0.009050
0.006378
0.007464
0.003192
0.007208
0.007520
0.008066
0.007190
0.008928
0.009664
0.008045
0.005827
0.008482
0.009007
0.007365
0.006312
0.008438
0.009072
0.007334
0.009295
0.007475
0.007500
0.008596
0.006615
0.007761
0.005254
0.006691
0.006886
0.007675
0.008117
0.006034
0.007542
0.005849
0.006970
0.008849
0.005928
0.008615
0.005971
0.008800
0.005358
0.007459
0.006499
0.008339
0.007728
0.006282
0.006467
0.009660
0.006322
0.007561
0.007843
0.007307
0.006200
0.009539
0.007421
0.007910
0.007047
0.007782
0.006514
0.011716
0.012105
0.011506
0.010427
0.011666
0.010470
0.008755
0.009740
0.009564
0.012520
0.011559
0.009753
0.008171
0.009045
0.006716
0.005380
0.008494
0.005180
0.010350
0.009847
0.010840
0.006435
0.007150
0.009586
0.008181
0.008738
0.008947
0.008737
0.006570
0.008569
0.004884
0.005466
0.006603
0.008718
0.007794
0.008565
0.007512
0.008675
0.008313
0.009760
0.006592
0.009095
0.008415
0.006252
0.007807
0.007927
0.007622
0.007191
0.008663
0.006808
0.006528
0.009637
0.007411
0.007759
0.009720
0.006944
0.006651
0.007226
0.007495
0.006532
0.008406
0.006889
0.008654
0.009612
0.005456
0.006476
0.006263
0.007357
0.007948
0.005590
0.007425
0.006915
0.005747
0.009064
0.007977
0.008112
0.006641
0.008414
0.005319
0.007103
0.007514
0.008778
0.005313
0.007435
0.007240
0.012661
0.005955
0.008745
0.007487
0.008605
0.007385
0.007459
0.008304
0.006042
0.007075
0.008944
0.008926
0.007169
0.010580
0.009758
0.005532
0.007325
0.008559
0.007912
0.008296
0.008300
0.006602
0.007131
0.005722
0.007075
0.005229
0.007909
0.008112
0.007400
0.005904
0.005621
0.005994
0.007398
0.005762
0.006269
0.008412
0.007668
0.007541
0.007355
0.006570
0.006993
0.006140
0.007690
0.007544
0.008641
0.007172
0.005901
0.009552
0.010019
0.009697
0.009071
0.013990
0.012233
0.013830
0.011825
0.009746
0.010108
0.007054
0.007620
0.007479
0.007334
0.008600
0.012371
0.013234
0.013170
0.012066
0.011821
0.011001
0.010989
0.010651
0.008794
0.008466
0.007469
0.008478
0.007554
0.007235
0.005484
0.008037
0.006686
0.010339
0.007376
0.008087
0.006922
0.006473
0.006985
0.005958
0.008453
0.006822
0.006265
0.005865
0.006143
0.007442
0.010446
0.007319
0.008056
0.010212
0.009534
0.009384
0.009930
0.010051
0.010022
0.009024
0.009887
0.010081
0.009530
0.010044
0.008343
0.010430
0.010257
0.009400
0.009404
0.008322
0.009316
0.008399
0.008552
0.008634
0.009317
0.009054
0.008839
0.007439
0.009182
0.006504
0.008224
0.007688
0.015789
0.013885
0.013362
0.010180
0.008547
0.007327
0.006835
0.010981
0.005766
0.005423
0.008040
0.007492
0.009541
0.008875
0.008243
0.005581
0.006598
0.007302
0.006534
0.007304
0.007318
0.007608
0.007314
0.005232
0.006423
0.007394
0.005473
0.006949
0.005933
0.006546
0.008213
0.006592
0.007079
0.009003
0.008744
0.007879
0.007169
0.010303
0.009936
0.006698
0.008769
0.006754
0.009628
0.008715
0.009454
0.007002
0.008238
0.009006
0.008457
0.008696
0.008987
0.014509
0.014663
0.014866
0.014715
0.011470
0.012764
0.011364
0.007217
0.008603
0.006824
0.006881
0.007154
0.005517
0.007022
0.005946
0.007206
0.007341
0.005808
0.007698
0.005881
0.007812
0.007196
0.007784
0.006076
0.007385
0.006592
0.006979
0.009194
0.006159
0.007455
0.008555
0.007236
0.007998
0.008029
0.007993
0.008266
0.008404
0.008559
0.007426
0.007664
0.006438
0.007080
0.007139
0.003948
0.006472
0.004564
0.005934
0.006969
0.007433
0.006006
0.009433
0.008963
0.007823
0.009948
0.007463
0.006447
0.006682
0.006648
0.007534
0.007768
0.006903
0.005928
0.007107
0.007796
0.009416
0.010073
0.008901
0.008947
0.012761
0.009412
0.010706
0.008632
0.006098
0.012780
0.006373
0.005881
0.007013
0.006379
0.008707
0.008756
0.008149
0.004379
0.007821
0.006868
0.008402
0.005634
0.008386
0.006983
0.003134
