0.000000
0.000000
0.233333
0.733333
1.326667
1.926667
2.557193
3.500287
4.484015
5.474464
6.454042
7.421966
8.348164
9.340012
10.274066
10.872958
11.086857
11.435897
12.386980
13.377481
14.368225
15.358820
16.337941
17.326450
18.312600
19.345740
20.334796
21.314251
22.315307
23.302659
24.269929
25.313751
26.292162
27.261066
28.242271
29.190220
30.174106
31.162283
32.218160
33.108742
34.031437
35.007940
35.995023
36.798104
37.543233
38.456050
39.363265
40.328389
41.322295
42.317429
43.270788
44.323253
45.289777
46.218545
47.209942
48.104440
48.956669
49.928069
50.980461
51.955265
52.968694
53.961261
54.940692
55.935661
56.994003
57.982267
58.975673
59.965391
60.955622
61.947026
62.932020
63.990760
64.978456
65.961128
66.951670
67.917121
68.909061
69.945579
70.877369
71.883191
72.874319
73.857626
74.788723
75.727839
76.775112
77.749932
78.757193
79.733291
80.693294
81.666080
82.719862
83.705824
84.610571
85.170652
85.747800
86.656673
87.648255
88.634152
89.640426
90.498594
90.980684
91.470595
92.112038
93.012189
94.031260
95.012030
95.994351
96.995268
97.868772
98.481859
99.378411
100.350234
101.341040
102.405989
103.475491
104.365793
105.148418
106.092824
107.059405
108.049193
109.031636
110.020421
111.002313
112.057841
113.019100
113.547970
113.949360
114.766638
115.756933
116.743280
117.815273
118.768831
119.731198
120.632031
121.508868
122.458125
123.461781
124.375238
125.016796
125.848483
126.548110
127.485066
128.391795
129.446766
130.421635
131.407667
132.393131
133.351410
134.249405
135.237057
136.276640
137.090604
137.687709
138.569569
139.538249
140.529099
141.583015
142.561592
143.448140
144.437525
145.336009
146.144601
147.062495
148.140303
149.124618
150.056529
150.875511
151.433833
151.899269
152.779280
153.844666
154.832227
155.818398
156.808622
157.782600
158.776123
159.833099
160.819964
161.780090
162.727839
163.718424
164.525351
164.880455
165.594616
166.580382
167.557109
168.217869
168.966704
169.940463
170.735926
171.654467
172.558957
173.084911
173.543449
174.390423
175.333366
176.377705
177.370270
178.358020
179.346818
180.333724
181.308979
182.176145
183.205867
184.210910
185.182147
186.168650
187.094818
187.882804
188.903380
189.811550
190.794694
191.781490
192.722298
193.637498
194.125322
194.459573
195.288626
196.244724
197.263109
198.282749
199.273613
200.265470
201.232737
201.778439
202.563757
203.557714
204.548510
205.528216
206.568319
207.138168
207.436635
208.280538
209.268502
210.248978
211.242265
212.244692
213.083124
214.018584
214.906037
215.839506
216.777014
217.739524
218.612521
219.129137
219.977026
220.942383
221.927287
222.926897
223.990228
224.980683
225.971164
226.961061
227.949243
228.942421
229.919732
230.979592
231.948206
232.929368
233.876636
234.842224
235.824238
236.879106
237.825843
238.820552
239.801017
240.782398
241.775979
242.745298
243.788295
244.767196
245.752854
246.736015
247.588973
248.513404
249.510682
250.176485
250.980944
251.965174
252.945059
253.907015
254.546466
254.786333
255.506583
256.486894
257.358914
258.252562
259.240100
260.179701
261.141963
262.130105
263.119928
264.108680
265.080079
266.072258
267.124415
268.120625
269.105557
270.086897
271.036947
271.660081
271.934359
272.741560
273.713245
274.648248
275.263485
275.585121
275.841327
276.752676
277.746689
278.736264
279.728622
280.742898
281.646085
282.629709
283.686503
284.630210
285.333205
285.553665
286.137669
287.108209
288.178960
289.163217
290.172403
291.239164
292.275312
293.253625
294.223386
295.278491
296.266737
297.266788
298.250546
299.234595
300.160199
301.028672
301.996891
303.039195
304.021823
304.994425
306.016523
306.990543
308.043705
308.974365
309.929852
310.857006
311.833547
312.822010
313.862261
314.913656
315.916533
316.857875
317.797756
318.770587
319.599796
320.243587
321.119305
322.104401
323.092934
324.063629
325.045447
326.033657
327.050347
328.039796
329.023245
330.004523
330.990252
331.908753
332.872165
333.934865
334.681326
335.296591
336.210810
337.207273
338.179845
339.013241
339.982266
340.973446
341.949730
342.931938
343.902871
344.898695
345.916654
346.906495
347.880827
348.870572
349.860685
350.632592
351.376308
352.307437
353.337323
354.218022
354.561832
355.095845
356.016735
357.079241
358.070408
359.065974
360.056144
361.045901
362.033014
362.990370
364.042031
364.932236
365.824006
366.735684
367.637406
368.640671
369.683364
370.631108
371.603545
372.610004
373.600996
374.591679
375.580955
376.639180
377.609845
378.548851
379.530636
380.527893
381.520135
382.576862
383.565016
384.549042
385.547095
386.534339
387.524102
388.514520
389.551621
390.508165
391.518919
392.483673
393.454176
394.300230
395.256281
396.192517
397.143141
398.133428
399.126290
400.065553
400.789610
401.449769
402.316691
403.316207
404.299428
405.289775
406.276661
407.269244
408.142839
408.557081
408.830811
409.633289
410.604068
411.613948
412.729721
413.728551
414.698785
415.693234
416.681575
417.670108
418.647783
419.704735
420.683383
421.673389
422.660179
423.639021
424.546870
425.452539
426.509124
427.409983
427.867522
428.395276
429.282309
430.264938
431.339267
432.343153
433.318092
434.372950
435.381881
436.358124
437.311516
438.301551
439.289868
440.275377
441.283788
442.272051
443.262642
444.305678
445.293340
446.182986
446.674384
447.246267
447.877715
448.818823
449.875047
450.865834
451.856068
452.846479
453.833431
454.815263
455.758227
456.682965
457.673763
458.662114
459.652662
460.640739
461.600575
462.656293
463.540943
464.396889
465.054351
465.928665
466.908017
467.504623
467.798145
468.546436
469.388850
470.137456
471.056128
472.249432
473.357521
474.117874
474.765385
475.700271
476.768464
477.795197
478.749591
479.752714
480.723035
481.713646
482.708255
483.698772
484.688523
485.679486
486.736095
487.726458
488.716588
489.706736
490.696756
491.684083
492.742506
493.735327
494.725816
495.713893
496.715387
497.708732
498.702341
499.758351
500.713939
501.686125
502.698130
503.677391
504.648111
505.561345
506.465918
507.457953
508.412083
509.417637
510.413899
511.421169
512.366844
513.319528
514.299507
515.275208
516.281743
517.314391
518.309736
519.359685
520.342283
521.318864
522.074669
522.402812
523.122499
524.165399
525.158995
526.148788
527.144059
528.154661
529.133783
530.110982
530.996937
531.956917
532.940385
533.901059
534.888928
535.839085
536.787046
537.835462
538.789468
539.783692
540.757747
541.536121
541.954755
542.736224
543.744446
544.731451
545.721478
546.713148
547.702072
548.681468
549.574514
549.973350
550.432608
551.334142
552.368550
553.361157
554.400009
555.291953
556.044129
