2.131
2.63098
3.13097
3.63429
4.14982
4.63351
5.13108
5.64444
6.15296
6.63095
7.13096
7.63105
8.14565
8.63099
9.13109
9.63107
10.1479
10.631
11.1311
11.631
12.1486
12.631
13.1316
13.6311
14.1462
14.631
15.1312
15.6311
16.1534
16.6366
17.131
17.631
18.1464
18.6311
19.1425
19.631
20.1432
20.6313
21.1311
21.6309
22.1447
22.631
23.1404
23.6312
24.1371
24.631
25.1311
25.631
26.1461
26.6311
27.1311
27.648
28.1466
28.631
29.1311
29.6317
30.1448
30.6311
31.1309
31.631
32.1494
32.6311
33.1311
33.6311
34.1493
34.6311
35.1311
35.6345
36.1521
36.631
37.1311
37.6311
38.1533
38.631
39.1446
39.6312
40.1503
40.6314
41.131
41.6409
42.1479
42.6329
43.1363
43.649
44.1522
44.6337
45.131
45.6311
46.1495
46.632
47.1451
47.6312
48.1526
48.6365
49.1312
49.6368
50.144
50.637
51.1322
51.631
52.1498
52.6349
53.1338
53.6391
54.1397
54.6339
55.1373
55.6488
56.1418
56.631
57.1387
57.6311
58.1423
58.6311
59.1387
59.6377
60.1678
60.6445
61.1399
61.6388
62.1537
62.6451
63.1422
63.6411
64.1573
64.6448
65.1446
65.6419
66.1545
66.6373
67.1436
67.638
68.1528
68.6519
69.1327
69.6432
70.1595
70.6365
71.145
71.6353
72.1483
72.6414
73.1459
73.6587
74.1595
74.6433
75.1458
75.6385
76.158
76.6458
77.1459
77.6421
78.1588
78.6468
79.1462
79.6635
80.1518
80.6395
81.1462
81.6459
82.1586
82.64
83.1461
83.6384
84.1589
84.6466
85.1453
85.6608
86.1559
86.6424
87.1478
87.6464
88.1556
88.6462
89.1474
89.6422
90.1594
90.6459
91.1736
91.6459
92.1595
92.6458
93.1457
93.6455
94.1584
94.6457
95.1465
95.6464
96.1609
96.6459
97.1529
97.6602
98.1851
98.6644
99.1889
99.6459
100.146
100.646
101.159
101.647
102.147
102.646
103.159
103.646
104.147
104.643
105.155
105.642
106.144
106.664
107.159
107.642
108.146
108.646
109.158
109.646
110.147
110.643
111.159
111.644
112.146
112.643
113.156
113.643
114.144
114.668
115.157
115.656
116.143
116.643
117.154
117.643
118.145
118.646
119.156
119.642
120.144
120.644
121.16
121.644
122.177
122.646
123.16
123.643
124.143
124.64
125.154
125.643
126.141
126.641
127.164
127.64
128.145
128.64
129.154
129.65
130.146
130.653
131.162
131.647
132.141
132.644
133.16
133.643
134.144
134.656
135.16
135.675
136.16
136.647
137.147
137.644
138.162
138.646
139.142
139.643
140.159
140.647
141.147
141.648
142.16
142.646
143.146
143.641
144.161
144.646
145.146
145.642
146.158
146.646
147.147
147.642
148.177
148.639
149.16
149.647
150.146
150.645
151.173
151.655
152.159
152.648
153.146
153.642
154.159
154.645
155.147
155.639
156.153
156.646
157.146
157.643
158.16
158.646
159.146
159.64
160.159
160.644
161.146
161.645
162.157
162.647
163.138
163.638
164.149
164.646
165.146
165.637
166.159
166.647
167.147
167.639
168.161
168.647
169.143
169.637
170.157
170.644
171.146
171.638
172.16
172.646
173.146
173.643
174.159
174.646
175.146
175.641
176.165
176.647
177.141
177.646
178.161
178.647
179.147
179.645
180.16
180.646
181.165
181.645
182.16
182.646
183.146
183.646
184.161
184.647
185.148
185.646
186.159
186.647
187.146
187.647
188.166
188.662
189.146
189.645
190.16
190.646
191.146
191.647
192.16
192.646
193.146
193.646
194.16
194.648
195.146
195.646
196.161
196.647
197.146
197.646
198.158
198.646
199.146
199.646
200.159
200.662
201.147
201.666
202.158
202.647
203.146
203.646
204.159
204.646
205.147
205.646
206.16
206.646
207.179
207.647
208.16
208.647
209.146
209.646
210.16
210.646
211.153
211.646
212.16
212.648
213.147
213.646
214.163
214.646
215.146
215.649
216.16
216.647
217.149
217.646
218.159
218.646
219.147
219.647
220.163
220.647
221.147
221.645
222.158
222.647
223.146
223.644
224.16
224.643
225.135
225.636
226.154
226.647
227.146
227.635
228.15
228.646
229.142
229.637
230.157
230.648
231.14
231.635
232.156
232.641
233.143
233.639
234.158
234.645
235.137
235.664
236.154
236.636
237.138
237.632
238.153
238.641
239.138
239.632
240.156
240.632
241.134
241.637
242.145
242.642
243.131
243.638
244.153
244.631
245.137
245.631
246.15
246.64
247.14
247.631
248.15
248.646
249.142
249.634
250.162
250.635
251.133
251.631
252.147
252.631
253.138
253.634
254.151
254.634
255.145
255.633
256.148
256.634
257.135
257.632
258.144
258.631
259.155
259.641
260.146
260.631
261.131
261.631
262.139
262.631
263.131
263.631
264.137
264.631
265.131
265.631
266.167
266.632
267.131
267.631
268.148
268.631
269.131
269.631
270.139
270.631
271.131
271.631
272.151
272.632
273.131
273.631
274.139
274.631
275.131
275.631
276.142
276.635
277.134
277.631
278.138
278.631
279.131
279.631
280.137
280.631
281.131
281.631
282.14
282.631
283.131
283.631
284.137
284.652
285.131
285.631
286.139
286.631
287.131
287.631
288.137
288.631
289.131
289.631
290.138
290.631
291.131
291.631
292.149
292.631
293.131
293.631
294.139
294.641
295.131
295.631
296.149
296.631
297.131
297.631
298.147
298.631
299.131
299.631
300.14
300.631
301.139
301.631
302.138
302.631
303.131
303.631
304.145
304.631
305.131
305.641
