0.000000
0.000000
0.177928
0.404102
0.569324
0.684688
0.772214
0.915139
1.034760
1.137817
1.215133
1.277121
1.319643
1.371229
1.405190
1.391917
1.331223
1.297851
1.330279
1.363455
1.391059
1.420612
1.444297
1.466914
1.485616
1.510043
1.527597
1.543227
1.556823
1.572692
1.585087
1.600980
1.610363
1.621573
1.630338
1.638850
1.646730
1.656537
1.668340
1.671200
1.674350
1.682153
1.688254
1.687089
1.682232
1.685828
1.688576
1.693660
1.698651
1.705556
1.709529
1.716063
1.720275
1.723838
1.728573
1.729621
1.728378
1.732918
1.739272
1.742799
1.746424
1.751335
1.754648
1.758347
1.762895
1.767133
1.770430
1.773342
1.775449
1.779505
1.782197
1.786876
1.788377
1.791864
1.793748
1.796199
1.797751
1.802172
1.802972
1.805143
1.807026
1.809645
1.810134
1.810397
1.813617
1.815986
1.818391
1.819917
1.820289
1.822396
1.825019
1.827176
1.826140
1.819226
1.812406
1.812248
1.813746
1.815625
1.817798
1.816826
1.807675
1.800060
1.795059
1.794924
1.797228
1.798982
1.800422
1.801906
1.801633
1.796739
1.796455
1.798020
1.799292
1.802558
1.805253
1.805070
1.802083
1.803535
1.804768
1.806262
1.807131
1.808787
1.810137
1.812603
1.813012
1.807362
1.799437
1.798222
1.799286
1.801102
1.803552
1.804492
1.804996
1.804995
1.805129
1.805537
1.806584
1.807336
1.803333
1.802581
1.799381
1.800083
1.800061
1.801898
1.802899
1.804462
1.805535
1.806467
1.805922
1.807347
1.809151
1.808045
1.803630
1.803652
1.804530
1.805266
1.807468
1.808700
1.808324
1.809396
1.809034
1.808263
1.808297
1.810590
1.811099
1.811685
1.810672
1.806197
1.801114
1.801158
1.802976
1.804008
1.804791
1.805997
1.806784
1.807918
1.809299
1.810499
1.810552
1.811583
1.812249
1.811429
1.805404
1.803353
1.804013
1.805064
1.802459
1.800835
1.801337
1.800511
1.800571
1.800478
1.796128
1.791974
1.791020
1.792293
1.793796
1.794769
1.795445
1.796563
1.797459
1.798223
1.797681
1.799194
1.800214
1.800978
1.801588
1.802062
1.800954
1.801754
1.801910
1.802970
1.803701
1.804064
1.803993
1.800352
1.795116
1.794550
1.794820
1.796175
1.797234
1.798121
1.798747
1.799553
1.796389
1.795009
1.796030
1.796860
1.797772
1.799012
1.795981
1.790975
1.790498
1.791283
1.791853
1.792880
1.793760
1.793259
1.793341
1.793514
1.793321
1.794117
1.794458
1.794503
1.791398
1.791043
1.791408
1.792289
1.793156
1.794490
1.794900
1.795985
1.796643
1.797411
1.797959
1.798635
1.799937
1.800372
1.800873
1.801444
1.802022
1.802597
1.803544
1.804120
1.804815
1.805236
1.805772
1.806241
1.806943
1.808155
1.808701
1.809340
1.809677
1.809508
1.809708
1.810363
1.808427
1.807865
1.808443
1.808968
1.809219
1.807518
1.802818
1.801612
1.801913
1.801903
1.801848
1.802499
1.802573
1.803139
1.803724
1.804381
1.804548
1.805483
1.805838
1.807004
1.807636
1.808192
1.808369
1.808897
1.806983
1.802939
1.802339
1.802856
1.802869
1.801157
1.797362
1.793282
1.793217
1.793927
1.794518
1.795166
1.795721
1.795911
1.796455
1.797532
1.797593
1.796533
1.792256
1.790314
1.790650
1.791856
1.792502
1.793199
1.794126
1.795009
1.795507
1.796048
1.796756
1.797441
1.798054
1.798651
1.798921
1.799225
1.799078
1.799560
1.800192
1.800818
1.801225
1.802022
1.802220
1.803253
1.803423
1.803774
1.803747
1.804313
1.804810
1.805657
1.806259
1.807022
1.807296
1.807451
1.807694
1.807413
1.805942
1.805811
1.806117
1.806740
1.806926
1.807556
1.807880
1.808644
1.809107
1.809548
1.809821
1.810397
1.810460
1.810795
1.811517
1.810774
1.809223
1.809265
1.809571
1.809976
1.809744
1.810095
1.810407
1.810918
1.811323
1.811663
1.812011
1.812725
1.813168
1.813521
1.813820
1.814367
1.813679
1.812836
1.812823
1.813596
1.813465
1.810589
1.808589
1.808781
1.809589
1.810020
1.810362
1.810760
1.811317
1.811553
1.811885
1.812712
1.812635
1.812570
1.812474
1.812573
1.813042
1.813714
1.813795
1.814238
1.814425
1.815119
1.815410
1.815913
1.816645
1.816946
1.816973
1.817445
1.817810
1.818267
1.818847
1.819326
1.819681
1.820107
1.820328
1.820844
1.821217
1.821789
1.821907
1.822477
1.822715
1.823013
1.822598
1.822916
1.823017
1.823204
1.823429
1.823935
1.824059
1.823214
1.821970
1.821863
1.822268
1.822608
1.822835
1.823310
1.823737
1.823564
1.821193
1.818419
1.817954
1.818320
1.818640
1.819586
1.820005
1.820315
1.820520
1.820935
1.821335
1.821666
1.822135
1.822550
1.822872
1.823229
1.823373
1.823454
1.823493
1.823897
1.823932
1.822136
1.820491
1.820443
1.820581
1.821372
1.821785
1.822102
1.822522
1.823112
1.823366
1.823519
1.823784
1.824122
1.824511
1.824859
1.825057
1.825543
1.826030
1.826384
1.826143
1.824496
1.823108
1.822039
1.822019
1.822639
1.822986
1.823367
1.823478
1.823973
1.824269
1.824407
1.824343
1.824769
1.825025
1.825366
1.825542
1.825847
1.826328
1.826304
1.825972
1.825072
1.824917
1.825194
1.823882
1.821562
1.820762
1.820600
1.819937
1.820073
1.821166
1.821927
1.821296
1.820338
1.820433
1.821038
1.821438
1.821647
1.821997
1.822222
1.822276
1.822828
1.823136
1.823430
1.823612
1.824270
1.824562
1.824853
1.825091
1.825431
1.825708
1.826248
1.826411
1.826820
1.827103
1.827426
1.827664
1.828011
1.828531
1.828681
1.828818
1.829222
1.829465
1.829685
1.829634
1.829643
1.829921
1.830062
1.830347
1.830677
1.831006
1.831115
1.831192
1.831476
1.831690
1.832010
1.832383
1.832571
1.833176
1.833408
1.833568
1.833053
1.830992
1.830306
1.830715
1.831024
1.831283
1.831560
1.831848
1.832109
1.832319
1.832214
1.832253
1.832597
1.832751
1.832995
1.833060
1.833155
1.833667
1.833793
1.833946
1.834249
1.833779
1.832096
1.831542
1.831953
1.832191
1.832439
1.832639
1.832935
1.833096
1.833068
1.831298
1.829826
1.829781
1.830177
1.830349
1.830843
1.830765
1.830166
