0.000000
0.000000
0.002000
0.002000
41.629000
46.174000
52.213000
60.093000
70.175000
80.567000
86.148000
92.226000
98.192000
105.294000
111.519000
123.609000
142.513000
152.345000
167.216000
174.675000
188.345000
201.742000
209.864000
215.666000
228.100000
247.268000
260.768000
268.426000
274.936000
280.698000
288.707000
294.195000
299.239000
305.551000
308.614000
310.134000
321.937000
327.955000
334.789000
344.374000
373.548000
381.772000
394.391000
405.743000
414.031000
415.783000
417.820000
422.990000
423.243000
424.082000
425.982000
427.939000
431.667000
450.992000
453.665000
457.543000
466.654000
468.371000
471.626000
474.881000
479.334000
483.694000
488.460000
493.074000
499.997000
508.500000
519.148000
522.979000
527.624000
532.792000
538.677000
544.002000
554.552000
571.638000
584.491000
591.746000
601.957000
606.691000
613.042000
618.285000
627.034000
640.186000
649.216000
653.096000
658.396000
667.455000
673.563000
679.091000
689.548000
702.999000
717.150000
726.217000
738.592000
742.453000
743.136000
743.420000
743.636000
743.799000
751.288000
764.411000
773.573000
777.929000
778.950000
780.200000
783.896000
793.444000
802.519000
805.175000
810.831000
817.579000
827.875000
830.751000
838.408000
847.926000
860.639000
875.103000
886.202000
888.806000
895.524000
901.948000
911.084000
917.209000
924.702000
941.840000
956.987000
966.260000
977.049000
979.616000
979.758000
979.808000
985.817000
994.423000
1013.728000
1026.419000
1040.294000
1045.856000
1057.581000
1074.519000
1083.276000
1089.272000
1094.566000
1100.192000
1109.151000
1130.643000
1156.495000
1170.073000
1183.555000
1191.074000
1198.640000
1204.715000
1209.006000
1217.797000
1228.687000
1232.581000
1235.898000
1239.111000
1242.000000
1243.346000
1245.491000
1247.701000
1251.123000
1262.737000
1271.606000
1280.509000
1297.204000
1314.303000
1326.927000
1330.554000
1334.673000
1354.264000
1358.244000
1363.018000
1371.925000
1381.882000
1392.605000
1401.381000
1412.680000
1425.732000
1437.097000
1445.001000
1450.938000
1453.774000
1462.161000
1470.176000
1472.476000
1473.571000
1482.031000
1488.146000
1490.441000
1493.558000
1508.111000
1515.194000
1523.999000
1524.452000
1524.813000
1525.628000
1526.527000
1526.636000
1526.814000
1526.845000
1526.877000
1526.890000
1529.891000
1531.991000
1532.113000
1532.644000
1537.911000
1542.348000
1545.786000
1550.620000
1557.808000
1567.337000
1572.275000
1576.194000
1585.587000
1591.133000
1594.599000
1594.973000
1595.129000
1595.270000
1595.728000
1595.953000
1596.028000
1596.028000
1596.029000
1596.843000
1597.117000
1598.029000
1602.118000
1607.814000
1615.843000
1618.292000
1619.133000
1619.191000
1619.224000
1622.065000
1628.186000
1633.189000
1641.461000
1652.890000
1660.500000
1664.540000
1672.487000
1679.281000
1684.438000
1685.041000
1685.948000
1689.114000
1691.339000
1691.541000
1691.871000
1691.895000
1691.906000
1692.614000
1698.355000
1706.686000
1715.246000
1722.473000
1735.357000
1748.086000
1760.906000
1769.840000
1784.056000
1795.097000
1805.560000
1819.295000
1836.854000
1851.531000
1862.810000
1870.343000
1882.812000
1893.564000
1914.847000
1927.204000
1936.834000
1943.835000
1949.008000
1950.653000
1952.037000
1952.426000
1952.704000
1961.711000
1967.735000
1974.162000
1977.801000
1983.416000
2001.747000
2008.436000
2009.629000
2014.225000
2014.993000
2015.072000
2015.288000
2015.355000
2015.414000
2018.131000
2021.963000
2024.892000
2029.448000
2034.762000
2038.237000
2042.716000
2043.794000
2043.974000
2044.253000
2044.614000
2044.626000
2044.626000
2044.626000
2044.626000
2044.638000
2044.644000
2044.647000
2044.652000
2046.345000
2048.482000
2049.778000
2053.798000
2062.456000
2063.547000
2063.915000
2063.935000
2063.979000
2063.983000
2063.983000
2063.985000
2063.985000
2063.985000
2063.988000
2064.017000
2064.058000
2064.519000
2069.523000
2078.802000
2090.734000
2099.419000
2108.180000
2114.441000
2118.759000
2122.331000
2128.623000
2138.746000
2155.838000
2165.384000
2176.069000
2188.792000
2197.249000
2202.352000
2208.622000
2216.811000
2226.080000
2236.594000
2250.107000
2262.571000
2272.660000
2277.860000
2286.331000
2291.604000
2299.806000
2303.876000
2309.395000
2319.321000
2333.378000
2340.046000
2350.238000
2360.430000
2372.379000
2380.475000
2388.976000
2394.714000
2398.813000
2400.858000
2403.542000
2409.916000
2412.430000
2419.661000
2427.181000
2431.620000
2436.207000
2443.348000
2447.960000
2452.693000
2456.700000
2460.750000
2470.574000
2481.392000
2488.210000
2496.028000
2506.177000
2506.938000
2515.695000
2520.829000
2523.775000
2524.149000
2524.325000
2524.383000
2524.437000
2524.902000
2528.028000
2531.395000
2540.788000
2553.052000
2561.400000
2568.983000
2574.761000
2576.264000
2578.563000
2578.725000
2580.496000
2582.514000
2585.897000
2587.481000
2588.107000
2588.152000
2588.213000
2588.363000
2591.276000
2595.241000
2599.753000
2604.485000
2610.733000
2617.261000
2623.780000
2628.236000
2634.020000
2641.848000
2650.243000
2656.210000
2663.784000
2670.645000
2676.960000
2681.807000
2688.015000
2694.837000
2696.348000
2699.434000
2706.444000
2717.306000
2726.449000
2731.597000
2734.828000
2736.387000
2736.671000
2737.310000
2739.057000
2739.664000
2739.752000
2739.860000
2742.087000
2744.814000
2745.278000
2745.282000
2745.282000
2745.285000
2745.328000
2745.405000
2745.452000
2745.735000
2745.785000
2745.833000
2745.896000
2746.073000
2746.173000
2746.230000
2746.366000
2749.904000
2755.449000
2759.087000
2766.665000
2774.461000
2778.598000
2778.848000
2779.090000
2779.213000
2779.256000
2779.266000
2779.315000
2779.328000
2779.328000
2779.385000
2779.723000
2779.809000
2779.919000
2780.039000
2787.326000
2793.802000
2804.600000
2817.396000
2829.723000
2834.107000
2840.370000
2842.307000
2844.862000
2848.618000
2855.882000
2859.064000
2863.619000
2868.165000
2872.710000
2880.992000
2889.499000
2899.288000
2907.940000
2913.696000
2921.958000
2927.469000
2932.165000
2936.519000
2943.078000
2946.751000
2948.477000
2950.259000
2951.496000
2953.686000
2955.340000
2955.463000
2955.495000
2955.519000
2955.539000
2955.553000
2955.627000
2957.652000
2958.382000
2958.678000
2958.866000
2959.036000
2959.080000
2959.081000
2959.081000
2959.094000
2959.117000
2959.126000
2959.140000
2959.142000
2959.147000
2959.180000
2959.208000
2959.213000
2959.252000
2959.293000
2959.303000
2959.303000
2959.303000
2959.306000
2959.953000
2965.902000
2974.880000
2982.799000
2987.808000
2989.977000
2991.124000
2993.167000
2997.459000
3002.415000
3003.854000
3004.334000
3004.677000
3005.075000
3005.221000
3006.025000
3009.759000
3013.790000
3017.295000
3020.064000
3021.111000
3021.710000
3023.900000
3026.687000
3028.563000
3029.018000
3029.295000
3030.186000
3030.730000
3030.798000
3030.855000
3030.942000
3030.971000
3031.447000
3037.346000
3043.486000
3053.949000
3063.061000
3074.977000
3079.896000
3086.714000
3090.543000
3100.145000
3107.890000
3113.618000
3120.112000
3125.515000
3126.677000
3127.249000
3127.346000
3127.360000
3127.540000
3127.649000
3127.690000
3128.701000
3132.603000
3137.973000
3140.178000
3140.465000
3140.499000
3140.598000
3141.057000
3142.661000
3145.403000
3152.417000
3158.719000
