0.000000
0.000000
0.100000
0.600000
1.126667
1.726667
2.302755
3.128434
4.103663
5.094642
6.076056
6.900317
7.776552
8.834160
9.572078
10.243877
11.043303
12.075650
12.985530
13.751047
14.780998
15.728460
16.664275
17.406127
18.414731
19.353235
20.332289
21.162075
22.094297
22.942307
23.749937
24.740365
25.726613
26.750549
27.772460
28.744766
29.713419
30.666918
31.655164
32.699054
33.682412
34.340842
34.826713
35.726326
36.724939
37.713785
38.757714
39.732745
40.635085
41.461499
42.111784
42.984789
43.970945
44.982974
45.972310
46.960927
47.712955
48.447801
49.436426
50.430905
51.247032
52.216305
53.200302
54.188810
55.173024
56.159484
57.210949
58.192435
59.182696
60.173480
61.153926
62.133279
63.189350
64.187594
65.108753
65.757790
66.322778
66.523958
66.990167
67.965998
68.948921
69.921352
70.862893
71.847695
72.833631
73.715127
74.492746
74.810792
75.541117
76.511002
77.500657
78.489925
79.529418
80.515604
81.497774
82.489136
83.458889
84.481213
85.472760
86.521337
87.451017
88.335577
89.225837
90.207844
91.185415
92.141923
93.109247
94.066830
95.056310
96.028252
96.982009
97.957588
99.008612
99.992790
100.972186
101.922050
102.894507
103.879078
104.826130
105.881212
106.863288
107.609601
108.115206
108.902235
109.880627
110.936677
111.751595
112.232152
112.694612
113.035768
113.958779
114.952209
115.983122
116.905376
117.890887
118.824981
119.784595
120.778673
121.815601
122.827001
123.802372
124.792899
125.781754
126.764731
127.752685
128.806290
129.790994
130.781253
131.764030
132.753727
133.744623
134.599794
135.544130
136.535642
137.521266
138.508248
139.483401
140.460592
141.413187
142.244693
143.209687
144.173616
145.161784
146.144211
147.127354
148.141312
149.123619
150.091366
150.991255
151.887481
152.908235
153.949452
154.940449
155.929901
156.915772
157.886060
158.871933
159.873252
160.915753
161.884014
162.847208
163.830913
164.820360
165.811389
166.792611
167.848871
168.836035
169.819271
170.795686
171.780805
172.763139
173.810008
174.793269
175.767150
176.603825
177.599924
178.558578
179.201568
179.485609
180.163305
181.129778
182.117705
183.097282
184.088184
185.143553
186.135862
187.125048
188.113203
189.091918
190.084860
191.062947
192.116438
193.109943
194.100705
195.087322
196.036894
197.008845
197.881971
198.808126
199.781788
200.783417
201.771818
202.763511
203.793620
204.838054
205.778885
206.701879
207.405367
208.210258
209.096641
210.047565
211.104818
212.262923
213.260397
214.271002
215.090320
215.757329
216.374165
217.118001
218.024794
219.036756
219.993716
220.982247
221.958509
222.956129
223.847212
224.841264
225.770239
226.752184
227.759493
228.775558
229.806080
230.789679
231.779134
232.769274
233.759021
234.745117
235.800045
236.789548
237.769310
238.722662
239.714278
240.686978
241.677933
242.732929
243.663816
244.641105
245.631214
246.613642
247.601995
248.656528
249.647916
250.637309
251.625531
252.615534
253.604871
254.533861
255.352606
256.283346
257.251395
258.128002
259.007798
259.646708
260.155587
260.908903
261.728677
262.276381
263.169198
264.167582
265.170053
266.239115
267.238469
268.175704
269.162897
270.200856
271.042171
271.508484
272.338759
273.326722
274.314318
275.311514
276.261323
276.794759
276.995178
277.729209
278.710715
279.705214
280.689933
281.692864
282.660068
283.715684
284.706008
285.625831
286.565258
287.570797
288.543683
289.531156
290.590660
291.536845
292.453114
293.459088
294.434036
295.358935
296.359238
297.305816
298.307020
299.277620
300.271361
301.250376
301.972793
302.326016
303.065509
303.913597
304.668425
305.426547
306.351076
307.412498
308.402195
309.389956
310.383217
311.369969
312.347274
313.347026
314.404011
315.382175
316.372329
317.358460
318.357462
319.319182
319.971491
320.445424
321.276779
321.963492
322.400831
323.227387
324.230735
325.286028
326.279317
327.272972
328.262954
329.224282
330.211421
331.201715
332.227104
333.186554
334.151637
335.125825
336.107835
337.104842
338.145642
338.979074
339.778599
340.468402
341.448918
342.427898
343.326356
344.372373
345.371598
346.372522
347.351073
348.320732
348.952951
349.496613
350.400334
351.385700
352.376649
353.238991
353.835188
354.298065
355.293560
356.295105
357.288159
358.275802
359.265014
360.252172
361.216259
362.294787
363.279876
364.266830
365.252172
366.126544
367.014271
367.741112
368.615740
369.646288
370.649668
371.638609
372.629939
373.391794
373.759633
374.092545
374.713375
375.673888
376.685699
377.670001
378.658967
379.730761
380.686851
381.673798
382.662781
383.663021
384.610253
385.664781
386.653187
387.617873
388.590816
389.583744
390.546732
391.522120
392.579562
393.567087
394.557538
395.545958
396.536779
397.527707
398.584003
399.584200
400.550105
401.481811
402.454452
403.446240
404.439408
405.494854
406.482201
407.348753
408.019955
408.456658
408.785641
409.656413
410.697546
411.594097
412.492750
413.389532
414.139073
414.963313
415.552432
415.779854
416.504179
417.483322
418.472273
419.428139
420.390095
421.665787
423.073158
424.111197
425.050799
426.112580
426.752571
426.973960
427.653156
428.580258
429.568974
430.556218
431.542681
432.434339
433.086510
433.998385
435.026962
436.099377
437.248184
438.419641
439.575003
440.620637
441.864555
443.242841
444.556144
445.728601
446.699368
447.750250
448.718319
449.725948
450.622728
451.563393
452.551203
453.497010
454.438700
455.494426
456.591481
457.590326
458.571774
459.562020
460.621858
461.607742
462.598789
463.588629
464.579580
465.569540
466.561631
467.610268
468.599143
469.591286
470.577486
471.568351
472.556309
473.545815
474.601262
475.619748
476.604722
477.603908
478.577615
479.698811
480.744371
481.728115
482.654043
483.292894
483.917788
484.811528
485.803849
486.860226
487.604762
488.216216
488.503606
489.294763
490.285800
491.306772
492.262362
493.229237
494.213581
495.201552
496.166578
497.143185
497.962583
498.518608
499.350034
500.317759
501.304105
502.335088
503.360326
504.403918
505.387871
506.354452
507.346837
508.333366
509.314243
510.378126
511.373772
512.396045
513.380945
514.378357
515.393430
516.340309
517.293323
518.300393
519.386562
520.424188
521.410914
522.401363
523.457393
524.455867
525.440963
526.454603
527.457685
528.447870
529.438359
530.496576
531.431262
532.297754
532.774993
533.318391
534.245253
535.274046
536.317258
537.298216
538.326153
539.331225
540.290768
541.268759
542.347797
543.350327
544.347381
545.322966
546.217258
547.189906
548.179015
549.233341
550.221680
551.200859
552.249937
553.316674
554.308783
555.362939
556.355144
557.345664
558.334149
559.323153
560.327586
561.318293
562.375602
563.368051
564.357864
565.350906
566.336633
567.326845
568.317094
569.349142
569.877327
570.233346
571.080920
572.059493
573.051682
574.106394
575.098156
576.086811
577.037141
578.014449
578.991770
579.969852
580.623452
580.677095
580.677095
580.677095
580.677095
580.677095
580.677095
580.677095
580.677095
580.677095
580.677095
580.677095
580.677095
580.677095
580.677095
580.677095
580.677095
580.677095
580.677095
580.677095
580.677095
580.677095
580.677095
580.677095
580.677095
580.677095
580.677095
580.677095
580.677095
580.677095
580.677095
580.677095
580.677095
580.677095
580.677095
580.677095
580.677095
580.677095
580.677095
580.677095
580.677095
580.677095
580.677095
580.677095
580.677095
580.677095
580.677095
580.677095
580.677095
580.677095
580.677095
580.677095
580.677095
580.677095
580.677095
