2.10351
2.60355
3.10662
3.62447
4.10338
4.60346
5.11308
5.62783
6.10402
6.6034
7.10345
7.62413
8.1034
8.60348
9.10346
9.62405
10.1036
10.6035
11.1034
11.6241
12.1034
12.6034
13.1148
13.6201
14.1034
14.6035
15.1034
15.6265
16.1035
16.6034
17.1034
17.6246
18.1037
18.6034
19.1165
19.6297
20.1079
20.6035
21.1279
21.6244
22.1035
22.6132
23.1124
23.6249
24.1034
24.6034
25.1172
25.6253
26.1035
26.6034
27.1034
27.6185
28.1034
28.6034
29.1035
29.6218
30.1145
30.6035
31.1034
31.6229
32.1034
32.6034
33.1034
33.6238
34.1034
34.6035
35.1034
35.6294
36.1033
36.6033
37.1034
37.6217
38.1034
38.6034
39.1034
39.6158
40.1034
40.6033
41.1034
41.6176
42.1033
42.6034
43.1034
43.6212
44.1034
44.6034
45.1033
45.618
46.1034
46.6034
47.1034
47.6147
48.1035
48.6064
49.1034
49.6146
50.1034
50.6072
51.1033
51.618
52.1034
52.6039
53.1034
53.6217
54.1033
54.6034
55.1035
55.621
56.1034
56.606
57.1181
57.6154
58.1092
58.605
59.1034
59.62
60.1076
60.6093
61.113
61.6273
62.107
62.6068
63.1033
63.6208
64.11
64.6109
65.104
65.6249
66.1077
66.6034
67.1044
67.6259
68.1093
68.6135
69.1182
69.6196
70.1077
70.6033
71.1113
71.618
72.1033
72.6034
73.1034
73.6263
74.1034
74.6076
75.1038
75.6155
76.1035
76.6139
77.105
77.621
78.1097
78.6071
79.1058
79.6174
80.1108
80.6095
81.122
81.6269
82.1036
82.606
83.1071
83.6253
84.1114
84.6098
85.1053
85.6236
86.1034
86.6094
87.1034
87.6304
88.1035
88.6096
89.1171
89.6287
90.1053
90.6093
91.1126
91.6316
92.1115
92.61
93.1091
93.622
94.11
94.6089
95.1128
95.627
96.1145
96.6115
97.1078
97.6276
98.1119
98.6129
99.1126
99.6294
100.107
100.615
101.106
101.623
102.106
102.615
103.121
103.621
104.105
104.608
105.105
105.628
106.109
106.62
107.125
107.628
108.114
108.615
109.114
109.631
110.11
110.615
111.117
111.628
112.112
112.615
113.123
113.628
114.114
114.635
115.122
115.629
116.135
116.615
117.119
117.628
118.131
118.615
119.138
119.629
120.114
120.616
121.114
121.628
122.114
122.614
123.119
123.626
124.114
124.621
125.115
125.629
126.116
126.618
127.135
127.615
128.125
128.629
129.115
129.616
130.115
130.628
131.114
131.616
132.123
132.628
133.117
133.617
134.115
134.636
135.116
135.627
136.115
136.634
137.116
137.616
138.115
138.627
139.116
139.63
140.115
140.629
141.115
141.617
142.117
142.632
143.116
143.615
144.135
144.628
145.116
145.617
146.114
146.628
147.115
147.617
148.143
148.639
149.115
149.618
150.115
150.628
151.118
151.615
152.115
152.63
153.114
153.616
154.116
154.628
155.114
155.615
156.116
156.63
157.116
157.632
158.114
158.627
159.118
159.616
160.116
160.629
161.117
161.616
162.122
162.63
163.116
163.618
164.114
164.631
165.115
165.617
166.116
166.628
167.117
167.623
168.137
168.627
169.116
169.615
170.116
170.628
171.115
171.617
172.116
172.629
173.115
173.615
174.131
174.63
175.114
175.616
176.116
176.627
177.115
177.631
178.114
178.627
179.114
179.616
180.115
180.616
181.115
181.629
182.114
182.616
183.12
183.628
184.121
184.637
185.116
185.629
186.116
186.617
187.115
187.633
188.114
188.615
189.129
189.632
190.114
190.615
191.145
191.629
192.116
192.617
193.114
193.629
194.115
194.614
195.116
195.63
196.115
196.615
197.127
197.632
198.114
198.615
199.121
199.633
200.115
200.626
201.116
201.638
202.114
202.615
203.115
203.631
204.116
204.615
205.14
205.647
206.139
206.615
207.114
207.628
208.114
208.614
209.114
209.629
210.115
210.615
211.138
211.63
212.116
212.615
213.123
213.628
214.114
214.615
215.115
215.628
216.114
216.618
217.115
217.628
218.114
218.617
219.115
219.629
220.116
220.616
221.115
221.63
222.115
222.616
223.132
223.629
224.114
224.614
225.114
225.629
226.114
226.615
227.114
227.629
228.114
228.619
229.112
229.628
230.112
230.616
231.116
231.629
232.131
232.615
233.149
233.627
234.118
234.614
235.114
235.629
236.114
236.614
237.111
237.627
238.115
238.622
239.11
239.623
240.11
240.615
241.109
241.615
242.129
242.622
243.109
243.616
244.11
244.632
245.11
245.615
246.109
246.628
247.114
247.616
248.109
248.622
249.107
249.615
250.106
250.622
251.11
251.615
252.107
252.629
253.11
253.614
254.123
254.633
255.113
255.609
256.11
256.629
257.117
257.615
258.105
258.628
259.106
259.61
260.108
260.629
261.114
261.615
262.108
262.621
263.122
263.611
264.103
264.619
265.109
265.615
266.103
266.616
267.103
267.611
268.104
268.614
269.103
269.603
270.103
270.615
271.103
271.608
272.103
272.617
273.103
273.605
274.103
274.623
275.103
275.603
276.104
276.616
277.103
277.603
278.103
278.613
279.103
279.603
280.103
280.614
281.103
281.605
282.103
282.614
283.103
283.603
284.103
284.613
285.103
285.603
286.103
286.614
287.103
287.603
288.103
288.614
289.103
289.619
290.103
290.614
291.103
291.603
292.103
292.618
293.103
293.603
294.104
294.615
295.103
295.603
296.104
296.613
297.103
297.603
298.104
298.615
299.103
299.604
300.103
300.628
301.103
301.603
302.103
302.629
303.103
303.603
304.103
304.627
305.103
305.603
306.103
306.626
307.109
307.603
308.103
308.631
309.103
309.603
310.103
310.623
311.103
311.603
312.104
312.625
313.103
313.609
314.103
314.618
315.105
315.605
316.103
316.619
317.105
317.605
318.103
318.618
319.105
319.605
320.103
320.619
321.106
321.606
322.103
322.623
323.103
323.603
324.103
324.616
325.103
325.603
326.103
326.616
327.103
327.603
328.103
328.615
329.103
329.603
330.103
330.616
331.103
331.603
332.103
332.616
333.103
333.604
334.103
334.62
335.103
335.603
336.103
336.618
337.103
337.603
338.103
338.615
339.103
339.603
340.103
340.616
341.103
341.604
342.104
342.616
