0.008114
0.007396
0.007647
0.007296
0.008678
0.009562
0.005514
0.008773
0.007207
0.006951
0.006111
0.006672
0.006814
0.006745
0.004790
0.006551
0.006239
0.006263
0.006054
0.006361
0.007498
0.007556
0.006459
0.006744
0.005746
0.005285
0.006433
0.006635
0.007999
0.006549
0.006705
0.007615
0.005719
0.006780
0.007315
0.005871
0.009406
0.009452
0.006669
0.005557
0.006883
0.005937
0.008206
0.008353
0.006111
0.007352
0.007051
0.005656
0.005418
0.008286
0.007553
0.007717
0.005241
0.007406
0.008087
0.008966
0.007787
0.007441
0.007227
0.007498
0.005543
0.007990
0.007246
0.006286
0.007796
0.007958
0.005587
0.004896
0.007089
0.005259
0.008807
0.007810
0.007880
0.005714
0.005872
0.006745
0.007531
0.007353
0.007745
0.009238
0.005781
0.007452
0.006252
0.007167
0.008007
0.008013
0.007509
0.006361
0.007621
0.006143
0.007864
0.003352
0.006123
0.009031
0.006760
0.006892
0.007798
0.005766
0.008101
0.009578
0.006000
0.007008
0.008412
0.007528
0.005680
0.007311
0.006609
0.006697
0.008162
0.008018
0.008623
0.005886
0.005903
0.007888
0.007307
0.008425
0.005294
0.007036
0.005560
0.005431
0.009422
0.007541
0.008539
0.008008
0.008454
0.008052
0.008919
0.008675
0.008718
0.006939
0.006714
0.008448
0.010309
0.005934
0.010286
0.006557
0.006799
0.007412
0.007693
0.006495
0.006145
0.007644
0.007200
0.007124
0.007367
0.005216
0.008837
0.005035
0.007471
0.007773
0.008606
0.006659
0.005797
0.007346
0.007177
0.006380
0.005371
0.008822
0.008812
0.007413
0.006468
0.006577
0.006223
0.006751
0.008403
0.007156
0.008879
0.006837
0.008133
0.006008
0.007488
0.007593
0.006149
0.008833
0.006760
0.007441
0.006598
0.005852
0.006444
0.006123
0.006916
0.007154
0.006067
0.005357
0.009555
0.008368
0.008323
0.006791
0.008075
0.006215
0.005578
0.008545
0.008439
0.009369
0.005934
0.007162
0.007843
0.007379
0.009372
0.008856
0.006884
0.005289
0.007511
0.007735
0.006586
0.006296
0.007352
0.008038
0.007164
0.007325
0.006373
0.005633
0.006511
0.006790
0.007438
0.006159
0.005809
0.006913
0.005767
0.007480
0.005696
0.006225
0.008095
0.007826
0.007571
0.008631
0.008168
0.007224
0.007048
0.006874
0.007466
0.008527
0.005824
0.005847
0.005394
0.006580
0.005512
0.007661
0.006110
0.007707
0.009055
0.007488
0.005236
0.005779
0.005409
0.008957
0.007040
0.007353
0.006299
0.006871
0.008626
0.005791
0.006987
0.006385
0.006255
0.005530
0.005490
0.006712
0.005988
0.008429
0.007875
0.005295
0.008008
0.007951
0.008864
0.008609
0.008965
0.007871
0.006509
0.008919
0.008164
0.007444
0.007547
0.008875
0.006155
0.007801
0.006822
0.006635
0.008982
0.005410
0.007251
0.009818
0.007706
0.007610
0.006758
0.008021
0.005264
0.006287
0.009165
0.006691
0.006615
0.009027
0.006713
0.008659
0.006610
0.007445
0.008817
0.005759
0.007280
0.007158
0.008631
0.006538
0.006812
0.007241
0.005216
0.009083
0.006655
0.007221
0.007426
0.008405
0.006252
0.007463
0.006709
0.007823
0.005780
0.007586
0.007415
0.008513
0.009610
0.006871
0.008333
0.006249
0.003851
0.005768
0.005566
0.006168
0.008645
0.008045
0.007816
0.004097
0.008322
0.004781
0.009743
0.007614
0.008777
0.006542
0.007509
0.008787
0.005702
0.006230
0.007533
0.007449
0.007591
0.005639
0.006616
0.007648
0.003419
0.007755
0.008874
0.008323
0.008702
0.007712
0.006750
0.007169
0.005873
0.007509
0.009622
0.006455
0.006738
0.007467
0.006296
0.008044
0.008374
0.007396
0.006663
0.008758
0.005774
0.006758
0.008079
0.009480
0.010922
0.010937
0.010601
0.008330
0.009917
0.006372
0.007483
0.007525
0.008030
0.006792
0.005440
0.009485
0.008034
0.009596
0.007173
0.009013
0.006932
0.007497
0.006488
0.006480
0.006225
0.008715
0.007165
0.008046
0.005752
0.008060
0.006181
0.007113
0.008572
0.008458
0.004971
0.006272
0.007553
0.005198
0.008980
0.008567
0.007139
0.005925
0.008289
0.012303
0.010529
0.010711
0.007372
0.007449
0.006666
0.006506
0.006697
0.005487
0.009492
0.008759
0.005527
0.008337
0.007620
0.007120
0.009789
0.009645
0.008400
0.007860
0.008799
0.008188
0.008803
0.006915
0.006490
0.005354
0.007543
0.008666
0.005610
0.007402
0.008868
0.006434
0.005802
0.007089
0.006759
0.008837
0.007038
0.009315
0.009568
0.008150
0.011009
0.009541
0.005458
0.005704
0.005253
0.006471
0.007678
0.008823
0.008079
0.006975
0.008605
0.005989
0.007277
0.007708
0.008789
0.008664
0.009192
0.010104
0.008249
0.009300
0.009069
0.009066
0.007921
0.009598
0.008904
0.009347
0.010291
0.009856
0.008366
0.009738
0.009531
0.009554
0.009082
0.008240
0.009126
0.008375
0.007941
0.008214
0.007584
0.008392
0.009154
0.007195
0.007560
0.009324
0.007257
0.012584
0.009166
0.010994
0.007318
0.013478
0.012774
0.009768
0.006502
0.007755
0.010003
0.008503
0.007623
0.004964
0.009967
0.006451
0.008445
0.007285
0.007387
0.007680
0.008189
0.003307
0.007668
0.007700
0.006217
0.005851
0.008449
0.015734
0.008349
0.009225
0.010352
0.010662
0.010908
0.009754
0.010442
0.011043
0.011411
0.009583
0.011347
0.012106
0.011890
0.012032
0.005252
0.011003
0.008591
0.005256
0.011739
0.012370
0.012363
0.006605
0.012325
0.014914
0.013031
0.012099
0.012678
0.012247
0.011697
0.011514
0.011528
0.011321
0.009015
0.010613
0.006377
0.009017
0.007482
0.009037
0.008441
0.008648
0.009772
0.007891
0.007657
0.007689
0.008708
0.004784
0.006413
0.006010
0.004968
0.007568
0.006531
0.006014
0.007231
0.006092
0.007248
0.005095
0.007905
0.008261
0.006689
0.006180
0.006123
0.007229
0.008242
0.007871
0.006155
0.008444
0.006191
0.005912
0.007244
0.008577
0.006416
0.006161
0.008649
0.007658
0.007665
0.006931
0.006167
0.009265
0.010956
0.007082
0.008553
0.006163
0.012140
0.009856
0.016089
0.015166
0.013689
0.011960
0.012620
0.009735
0.015885
0.010900
0.009319
0.007549
0.006894
0.009082
0.005711
0.007769
0.005282
0.008858
0.006005
0.009883
0.007122
0.013034
0.009726
0.009749
0.009687
0.007701
0.011742
0.009135
0.016606
0.009439
0.012556
0.014505
0.012570
0.011503
0.011722
0.012548
0.009086
0.008952
0.008664
0.007422
0.007445
0.005082
0.007818
0.008013
0.007637
0.005691
0.008747
0.009209
0.010545
0.009699
0.005641
0.007526
0.007712
0.002145
0.002518
