1.60462
1.60499
2.1049
2.60524
3.10669
3.62719
4.10473
4.60529
5.1135
5.64184
6.10503
6.60649
7.10547
7.63678
8.10474
8.60578
9.10525
9.63841
10.1048
10.6069
11.1054
11.6409
12.1047
12.606
13.1153
13.6342
14.1047
14.607
15.1054
15.6427
16.1048
16.6061
17.1055
17.6385
18.1051
18.6062
19.1171
19.646
20.1079
20.6067
21.1282
21.6387
22.1049
22.6137
23.1128
23.6394
24.1047
24.6058
25.1178
25.6374
26.1049
26.6059
27.105
27.6313
28.1047
28.6064
29.1055
29.633
30.1145
30.6059
31.1052
31.6325
32.1047
32.6061
33.1058
33.6345
34.1048
34.6153
35.1053
35.6413
36.1047
36.6053
37.1057
37.6364
38.1047
38.6054
39.1055
39.6364
40.1047
40.6062
41.1053
41.6352
42.1047
42.6131
43.1055
43.6339
44.1048
44.6061
45.1053
45.6284
46.1049
46.6057
47.1062
47.6242
48.1047
48.6119
49.1059
49.6229
50.1047
50.6126
51.111
51.6272
52.1048
52.6054
53.1054
53.633
54.1047
54.6053
55.1054
55.6339
56.1047
56.6071
57.1187
57.6231
58.1092
58.6057
59.1052
59.6292
60.1076
60.61
61.1135
61.6329
62.1071
62.6078
63.1052
63.626
64.11
64.6117
65.1053
65.6308
66.1077
66.6058
67.1054
67.6354
68.1093
68.6144
69.1189
69.6273
70.1078
70.6057
71.1118
71.6272
72.1047
72.6058
73.1055
73.6432
74.1047
74.6085
75.1053
75.6298
76.1048
76.6148
77.1056
77.6369
78.1097
78.608
79.1062
79.633
80.1108
80.6101
81.1224
81.6351
82.1048
82.6068
83.1075
83.6345
84.1125
84.6232
85.1059
85.6313
86.1048
86.6103
87.1054
87.6391
88.1048
88.6155
89.1177
89.6345
90.1053
90.61
91.1131
91.6382
92.1115
92.6106
93.1095
93.6286
94.11
94.6096
95.1131
95.6397
96.1145
96.6123
97.1083
97.635
98.1119
98.6135
99.113
99.636
100.107
100.619
101.106
101.637
102.106
102.616
103.136
103.633
104.105
104.609
105.106
105.637
106.109
106.624
107.126
107.641
108.114
108.621
109.114
109.637
110.11
110.616
111.117
111.644
112.112
112.615
113.123
113.642
114.114
114.636
115.123
115.641
116.135
116.616
117.124
117.641
118.131
118.615
119.138
119.638
120.114
120.617
121.115
121.635
122.114
122.615
123.119
123.634
124.114
124.622
125.115
125.639
126.116
126.619
127.135
127.623
128.125
128.634
129.115
129.626
130.115
130.629
131.114
131.625
132.123
132.628
133.117
133.628
134.115
134.637
135.116
135.639
136.117
136.635
137.116
137.622
138.115
138.63
139.116
139.64
140.116
140.63
141.115
141.633
142.118
142.635
143.116
143.627
144.136
144.629
145.116
145.629
146.115
146.629
147.115
147.627
148.143
148.64
149.115
149.629
150.12
150.629
151.118
151.627
152.116
152.631
153.114
153.63
154.116
154.631
155.114
155.632
156.116
156.642
157.116
157.64
158.115
158.628
159.118
159.626
160.116
160.63
161.117
161.629
162.122
162.631
163.116
163.633
164.115
164.632
165.115
165.63
166.117
166.637
167.117
167.636
168.138
168.628
169.116
169.642
170.117
170.629
171.115
171.632
172.117
172.631
173.115
173.629
174.132
174.634
175.114
175.643
176.116
176.627
177.115
177.643
178.115
178.628
179.114
179.628
180.116
180.617
181.116
181.641
182.114
182.617
183.125
183.644
184.121
184.637
185.116
185.642
186.116
186.618
187.116
187.649
188.114
188.616
189.149
189.647
190.114
190.615
191.145
191.637
192.116
192.618
193.115
193.643
194.115
194.615
195.116
195.66
196.115
196.616
197.127
197.668
198.114
198.617
199.122
199.657
200.115
200.627
201.116
201.653
202.114
202.633
203.115
203.643
204.116
204.617
205.141
205.654
206.139
206.635
207.114
207.637
208.114
208.615
209.115
209.654
210.115
210.616
211.139
211.656
212.116
212.616
213.123
213.65
214.114
214.616
215.115
215.637
216.114
216.619
217.116
217.637
218.114
218.634
219.115
219.638
220.116
220.617
221.116
221.642
222.115
222.617
223.132
223.642
224.114
224.615
225.115
225.638
226.114
226.616
227.115
227.634
228.114
228.621
229.113
229.632
230.112
230.617
231.117
231.658
232.131
232.616
233.149
233.633
234.118
234.615
235.114
235.633
236.114
236.616
237.112
237.632
238.115
238.623
239.111
239.629
240.11
240.616
241.11
241.623
242.13
242.623
243.109
243.63
244.111
244.633
245.11
245.623
246.109
246.629
247.114
247.621
248.11
248.623
249.107
249.621
250.107
250.632
251.11
251.621
252.108
252.63
253.11
253.622
254.123
254.634
255.113
255.617
256.11
256.63
257.117
257.632
258.106
258.629
259.106
259.617
260.108
260.63
261.114
261.622
262.109
262.622
263.122
263.615
264.105
264.62
265.109
265.619
266.105
266.618
267.105
267.627
268.105
268.616
269.105
269.613
270.105
270.616
271.105
271.615
272.106
272.619
273.105
273.609
274.106
274.624
275.105
275.61
276.106
276.632
277.105
277.611
278.106
278.614
279.105
279.612
280.105
280.616
281.105
281.614
282.106
282.615
283.105
283.619
284.105
284.615
285.105
285.616
286.106
286.615
287.105
287.618
288.106
288.615
289.105
289.623
290.105
290.615
291.105
291.611
292.106
292.619
293.105
293.626
294.105
294.616
295.105
295.613
296.106
296.614
297.105
297.61
298.105
298.616
299.105
299.611
300.105
300.629
301.105
301.623
302.106
302.63
303.105
303.622
304.106
304.628
305.105
305.619
306.107
306.628
307.109
307.611
308.106
308.636
309.105
309.615
310.107
310.624
311.105
311.623
312.108
312.628
313.105
313.615
314.105
314.622
315.105
315.609
316.105
316.619
317.105
317.609
318.105
318.619
319.105
319.608
320.105
320.619
321.106
321.61
322.105
322.624
323.105
323.609
324.105
324.617
325.105
325.609
326.105
326.616
327.105
327.61
328.105
328.616
329.105
329.609
330.105
330.617
331.105
331.609
332.105
332.616
333.105
333.609
334.105
334.621
335.105
335.609
336.105
336.618
337.105
337.609
338.105
338.616
339.105
339.609
340.105
340.616
341.105
341.609
342.105
342.617
