0.002927
0.003087
0.001050
0.001148
0.000712
0.001148
0.000734
0.001235
0.000939
0.001570
0.001347
0.000898
0.000982
0.002388
0.002471
0.002966
0.002836
0.002220
0.004522
0.002104
0.002105
0.002511
0.002149
0.001165
0.002202
0.001735
0.001904
0.000836
0.001456
0.005284
0.002390
0.002508
0.003447
0.002539
0.002475
0.001243
0.001044
0.000963
0.002150
0.001896
0.001422
0.002430
0.002181
0.001844
0.001844
0.002268
0.002348
0.002656
0.002424
0.001894
0.002493
0.001687
0.002673
0.003722
0.002307
0.001865
0.002004
0.002254
0.001827
0.001651
0.001041
0.001493
0.001239
0.002636
0.003549
0.001741
0.002365
0.001650
0.001762
0.002298
0.003497
0.002303
0.003559
0.002952
0.002623
0.002557
0.001559
0.003561
0.001813
0.002813
0.001702
0.002264
0.002131
0.002103
0.002242
0.002731
0.002521
0.001959
0.002055
0.001790
0.002117
0.002207
0.001787
0.002674
0.002424
0.002624
0.001853
0.002873
0.002238
0.002419
0.002190
0.002687
0.002201
0.002405
0.002374
0.002989
0.002362
0.003500
0.002591
0.003392
0.007492
0.003005
0.002417
0.002670
0.002078
0.002219
0.002619
0.003009
0.002319
0.002441
0.002097
0.002363
0.002123
0.003333
0.002066
0.002319
0.002389
0.002728
0.001944
0.002352
0.002595
0.002176
0.003669
0.001545
0.001861
0.001865
0.001493
0.001239
0.002093
0.001075
0.000809
0.000563
0.000568
0.001188
0.001181
0.000460
0.001272
0.000885
0.001185
0.000570
0.000925
0.001956
0.001708
0.003555
0.000698
0.000701
0.000465
0.001605
0.000602
0.000901
0.001026
0.000992
0.001221
0.000699
0.000780
0.000933
0.000526
0.000873
0.000576
0.002220
0.000497
0.000861
0.000910
0.001967
0.001061
0.000593
0.000846
0.002730
0.001411
0.000670
0.000714
0.003861
0.000754
0.000910
0.001341
0.000572
0.001328
0.001013
0.001417
0.004290
0.003167
0.002322
0.004287
0.002586
0.005593
0.002519
0.003008
0.002178
0.001783
0.002038
0.001482
0.001204
0.001949
0.001823
0.001575
0.001440
0.002211
0.001314
0.001672
0.000781
0.001390
0.001159
0.000768
0.000810
0.001028
0.000689
0.001226
0.001818
0.000757
0.000798
0.000670
0.001250
0.001334
0.000610
0.000934
0.001991
0.001032
0.001198
0.001314
0.001217
0.001346
0.000510
