163.214844
164.503906
164.503906
164.503906
164.503906
164.503906
164.503906
164.503906
164.503906
164.503906
164.503906
164.503906
164.503906
164.503906
164.503906
164.503906
164.503906
164.503906
164.503906
164.503906
164.503906
164.503906
164.503906
164.503906
164.503906
164.503906
164.503906
164.503906
164.503906
164.503906
164.503906
164.503906
164.503906
164.503906
164.503906
164.503906
164.503906
164.503906
164.503906
164.503906
164.503906
164.503906
164.503906
164.503906
164.503906
164.503906
164.503906
164.503906
164.503906
164.503906
164.503906
164.503906
164.503906
164.503906
164.503906
164.503906
164.503906
164.503906
164.503906
164.503906
164.503906
164.503906
164.503906
164.503906
164.503906
164.503906
164.503906
164.503906
164.503906
164.503906
164.503906
164.503906
164.503906
164.503906
164.503906
164.503906
164.503906
164.503906
164.503906
164.503906
164.503906
164.503906
164.503906
164.503906
164.503906
164.503906
164.503906
164.984375
164.984375
164.984375
164.984375
164.984375
164.984375
164.984375
164.984375
164.984375
164.984375
164.984375
164.984375
164.984375
164.984375
164.984375
164.984375
164.984375
164.984375
164.984375
164.984375
164.984375
