2.12201
2.62191
3.12193
3.62186
4.12191
4.62857
5.12182
5.62181
6.12184
6.62476
7.12189
7.6219
8.12194
8.62187
9.1219
9.62195
10.1218
10.6219
11.122
11.6219
12.1219
12.6219
13.1219
13.6247
14.1218
14.6219
15.1269
15.6219
16.1219
16.622
17.1219
17.6219
18.1219
18.6219
19.1218
19.6219
20.1219
20.6219
21.1218
21.6219
22.1219
22.6219
23.1455
23.6219
24.122
24.6219
25.1219
25.622
26.122
26.6255
27.122
27.6219
28.1219
28.6219
29.1491
29.6219
30.1219
30.6219
31.1411
31.622
32.1219
32.6219
33.1219
33.622
34.1256
34.6267
35.1338
35.6232
36.1219
36.6219
37.1219
37.6219
38.1219
38.6219
39.1322
39.6236
40.1278
40.6219
41.1219
41.622
42.1219
42.6219
43.122
43.622
44.1219
44.6219
45.1219
45.6219
46.1219
46.6219
47.1218
47.6219
48.1218
48.6219
49.1219
49.6219
50.1219
50.6228
51.1219
51.622
52.1218
52.6219
53.1219
53.6219
54.1218
54.622
55.1219
55.6239
