4.91664
4.95171
6.25642
6.63658
7.57814
7.84517
8.88225
8.9154
9.83779
9.98086
10.8967
11.036
11.9757
12.3763
13.0301
13.1702
13.1991
13.2272
13.2639
13.3013
13.3309
13.3615
13.3899
13.4211
13.4483
13.4782
13.5069
13.5522
13.5815
13.6244
13.6577
13.6913
13.7214
13.7536
15.1266
16.509
17.8861
19.2879
19.446
19.6959
21.0732
21.3025
22.1019
22.2506
23.4397
23.6963
23.9802
25.0514
25.2988
25.4372
26.6253
26.8991
28.1176
28.3796
29.1705
30.2303
30.2587
30.3789
30.4142
30.4409
31.6573
31.8267
31.8547
33.1699
33.2106
33.242
33.2825
33.3133
33.3434
33.3769
33.4238
33.4559
33.4936
33.5187
33.5572
33.59
33.6167
33.6531
33.8582
34.1511
34.177
34.225
34.2597
34.2857
34.3157
34.3547
34.3875
34.417
34.4465
34.4823
34.5066
34.5387
34.5648
34.5969
34.6267
34.6574
34.6851
34.7185
34.7503
34.7768
34.8057
34.8409
34.8648
34.8994
34.9261
34.9578
34.9847
35.0272
35.0613
35.0919
35.1332
35.1672
35.1973
35.2287
35.2543
35.2913
35.3132
35.3482
35.377
35.4129
35.4349
35.4692
35.4987
35.529
35.5575
35.5881
35.6158
35.6479
35.6799
35.7098
35.7381
35.7666
35.8018
37.172
38.2329
38.2606
38.2906
38.3183
38.3607
38.3897
38.6819
38.7116
38.7505
38.7717
38.8022
38.8367
38.8619
38.8926
38.922
38.9516
38.9851
39.0238
39.0559
39.0929
39.1124
39.182
39.2126
39.2458
39.281
39.3052
39.3351
39.3648
39.397
39.4254
39.4532
39.4833
39.5118
39.56
39.5877
39.6231
39.6471
39.6898
39.7208
39.7528
39.7818
39.8238
39.8559
39.8887
39.9179
39.9527
39.9769
40.0211
40.0504
40.093
40.1276
40.1498
40.1855
40.2135
40.2465
40.2809
40.309
40.3338
40.3717
40.3921
43.6562
46.8977
48.2757
49.6831
50.3796
50.6332
51.8275
52.0928
53.2995
53.5732
54.7896
55.0396
55.0696
55.2958
55.3225
55.3467
55.3806
55.4281
55.4571
55.4858
55.5208
55.5571
55.5921
55.6238
55.6496
55.6815
55.7105
55.7384
55.7689
55.8134
55.847
55.8857
55.9142
55.9521
55.9727
56.003
56.0379
56.0572
