0.002452
0.002296
0.002191
0.002594
0.002810
0.002498
0.002023
0.002113
0.002602
0.002151
0.002238
0.002462
0.002519
0.002262
0.003287
0.002742
0.002332
0.002342
0.002142
0.002231
0.001877
0.002270
0.001902
0.002206
0.002041
0.002249
0.001927
0.002142
0.001761
0.004878
0.002125
0.002124
0.002068
0.002085
0.001893
0.002218
0.002019
0.002167
0.001847
0.002243
0.002182
0.002310
0.002452
0.002361
0.002725
0.002577
0.002362
0.002692
0.002542
0.002278
0.001879
0.001444
0.001631
0.001696
0.002360
0.002470
0.002537
0.002698
0.005072
0.003508
0.003067
0.002893
0.003125
0.004409
0.006985
0.003587
0.003042
0.003975
0.003756
0.004857
0.003994
0.003289
0.007354
0.004412
0.003117
0.003207
0.003225
0.005345
0.003039
0.004125
0.003142
0.002506
0.002711
0.002853
0.003158
0.002357
0.002337
0.002498
0.002436
0.002537
0.002197
0.002564
0.002582
0.002204
0.002427
0.002873
0.002302
0.003331
0.002517
0.002525
0.002270
0.002014
0.002189
0.002473
0.002079
0.002856
0.003231
0.002657
0.002676
0.003762
0.005867
0.002288
0.002713
0.002243
0.001993
0.002124
0.002077
0.002542
0.002067
0.002231
0.002087
0.002599
0.002411
0.002672
0.002246
0.002176
0.002329
0.002228
0.002073
0.002270
0.002842
0.002395
0.002654
0.002910
0.002731
0.003034
0.002899
0.002582
0.002818
0.002604
0.002916
0.002778
0.002695
0.002596
0.002730
0.002735
0.002685
0.002681
0.002634
0.002769
0.002909
0.002686
0.003092
0.005198
0.002745
0.002350
0.002800
0.002596
0.002815
0.002497
0.002654
0.002650
0.003145
0.002579
0.002367
0.002623
0.002433
0.002588
0.002366
0.004264
0.002506
0.002465
0.002898
0.003960
0.003153
0.002419
0.002123
0.003119
0.003294
0.001893
0.001983
0.002269
0.001957
0.001969
0.002228
0.001854
0.002958
0.002054
0.001770
0.002621
0.001638
0.001364
0.001787
0.001157
0.002106
0.002920
0.002280
0.001989
0.002557
0.002275
0.001878
0.002090
0.002171
0.002138
0.002725
0.002289
0.002754
0.003315
0.002205
0.002432
0.003461
0.002672
0.002597
0.002583
0.002763
0.002765
0.005209
0.005583
0.002017
0.002037
0.002377
0.001966
0.001954
0.001926
0.001791
0.002294
0.001927
0.001827
0.001863
0.002164
0.001677
0.001268
