0.000000
0.000000
0.166667
0.666667
1.206667
1.806667
2.420692
3.130526
4.019749
4.819578
5.647208
6.640060
7.613907
8.670205
9.658277
10.647712
11.638158
12.624930
13.611983
14.620500
15.610817
16.467412
17.433427
18.341983
19.111394
19.524933
20.138281
21.073433
22.077542
23.085196
24.081663
25.072277
26.062999
27.119200
28.110187
29.100768
30.086753
31.078508
32.071463
33.129587
34.118879
35.057183
36.024645
37.011698
37.963327
38.953424
40.011192
40.995379
41.982142
42.974202
43.956496
44.946955
46.003214
46.991409
47.979827
48.910023
49.540491
50.335208
51.290795
52.354169
53.342477
54.332170
55.322090
56.331009
57.411474
58.188933
58.506818
59.102192
60.031036
61.018692
62.009225
62.996888
64.032355
64.999502
65.876956
66.497574
66.790047
67.235001
67.634636
68.203813
69.107298
70.101517
71.093294
72.082587
73.071428
74.117989
75.105840
76.096874
77.085432
78.071486
79.060977
80.051459
81.108202
82.098583
83.087197
84.078146
85.068570
86.057888
87.040433
88.096360
89.088853
90.079986
91.069593
92.062164
93.054618
94.110290
95.104731
96.100527
