0.008114
0.008839
0.007180
0.007133
0.005435
0.009757
0.007248
0.009488
0.004992
0.009107
0.005218
0.006746
0.005521
0.008296
0.007909
0.005785
0.007321
0.006019
0.010759
0.008301
0.008188
0.008081
0.007251
0.007623
0.005424
0.005550
0.004434
0.007267
0.005811
0.011617
0.008496
0.008134
0.011168
0.014219
0.013402
0.013291
0.011958
0.008395
0.009773
0.006759
0.008395
0.009374
0.007384
0.006894
0.006950
0.007196
0.008154
0.007796
0.005863
0.006524
0.006737
0.005213
0.006488
0.009050
0.005497
0.006071
0.007514
0.009039
0.008230
0.005594
0.007053
0.005738
0.005004
0.006662
0.009830
0.005832
0.006302
0.004822
0.005152
0.007082
0.010863
0.006284
0.008568
0.007232
0.007334
0.006746
0.004540
0.006700
0.005318
0.006055
0.004136
0.005865
0.010474
0.006237
0.005787
0.009040
0.007618
0.007599
0.007130
0.007457
0.007319
0.008975
0.005430
0.006924
0.006862
0.006958
0.005982
0.007349
0.005967
0.006907
0.006345
0.009379
0.005460
0.009521
0.006660
0.006944
0.004148
0.010715
0.008689
0.007205
0.012349
0.008562
0.008739
0.010346
0.006843
0.008635
0.005145
0.009080
0.009219
0.007711
0.007088
0.010617
0.010771
0.009504
0.009246
0.010136
0.007611
0.009475
0.006688
0.011644
0.009064
0.008502
0.011945
0.010496
0.006358
0.008804
0.009285
0.007529
0.008561
0.004953
0.004720
0.004833
0.003886
0.004559
0.004763
0.004702
0.004529
0.005643
0.004798
0.004853
0.007822
0.009276
0.006963
0.010064
0.004818
0.004817
0.005271
0.005588
0.005306
0.007616
0.007354
0.007001
0.008404
0.007241
0.005988
0.005712
0.004671
0.007392
0.005596
0.007522
0.003923
0.007041
0.007308
0.007376
0.007902
0.005194
0.007409
0.006449
0.007491
0.006172
0.008643
0.019356
0.006329
0.007226
0.011144
0.004519
0.008323
0.006158
0.010403
0.010947
0.011134
0.007111
0.012205
0.005403
0.006665
0.008942
0.009275
0.006346
0.005744
0.005999
0.007017
0.005209
0.006392
0.006391
0.006479
0.006431
0.005819
0.008327
0.009649
0.004624
0.006896
0.006031
0.005417
0.004216
0.006442
0.004902
0.006795
0.007604
0.008102
0.004959
0.008672
0.006445
0.006878
0.005598
0.010652
0.007740
0.007643
0.005744
0.005876
0.006030
0.007055
0.001789
