4.91668
4.95175
6.25644
6.63661
7.57817
7.84519
8.88228
8.91542
9.83782
9.9809
10.8967
11.036
11.9757
12.3763
13.0302
13.1702
13.1991
13.2272
13.2639
13.3013
13.331
13.3615
13.39
13.4211
13.4484
13.4782
13.507
13.5522
13.5815
13.6244
13.6578
13.6913
13.7214
13.7536
15.1266
16.509
17.8861
19.2879
19.446
19.6959
21.0733
21.3025
22.1019
22.2507
23.4397
23.6963
23.9802
25.0514
25.2988
25.4372
26.6253
26.8992
28.1176
28.3797
29.1705
30.2303
30.2587
30.3789
30.4143
30.4409
31.6573
31.8267
31.8547
33.1699
33.2106
33.242
33.2825
33.3133
33.3435
33.377
33.4238
33.456
33.4936
33.5187
33.5572
33.59
33.6167
33.6531
33.8582
34.1511
34.177
34.2251
34.2598
34.2857
34.3158
34.3547
34.3875
34.417
34.4465
34.4823
34.5066
34.5388
34.5648
34.5969
34.6267
34.6575
34.6851
34.7186
34.7504
34.7768
34.8057
34.8409
34.8648
34.8994
34.9261
34.9578
34.9847
35.0272
35.0613
35.0919
35.1332
35.1673
35.1973
35.2287
35.2543
35.2914
35.3132
35.3482
35.377
35.413
35.435
35.4692
35.4987
35.529
35.5575
35.5881
35.6158
35.6479
35.6799
35.7098
35.7381
35.7666
35.8018
37.1721
38.2329
38.2606
38.2906
38.3183
38.3607
38.3897
38.682
38.7116
38.7506
38.7718
38.8022
38.8367
38.8619
38.8926
38.9221
38.9516
38.9851
39.0239
39.0559
39.0929
39.1125
39.1821
39.2127
39.2458
39.281
39.3052
39.3351
39.3648
39.397
39.4254
39.4532
39.4833
39.5118
39.56
39.5877
39.6232
39.6472
39.6898
39.7208
39.7529
39.7819
39.8238
39.856
39.8887
39.9179
39.9528
39.9769
40.0211
40.0505
40.093
40.1276
40.1499
40.1855
40.2135
40.2465
40.2809
40.309
40.3338
40.3717
40.3921
43.6562
46.8978
48.2758
49.6832
50.3796
50.6332
51.8275
52.0928
53.2995
53.5732
54.7896
55.0396
55.0697
55.2958
55.3225
55.3467
55.3806
55.4281
55.4572
55.4859
55.5208
55.5571
55.5921
55.6238
55.6497
55.6815
55.7106
55.7384
55.769
55.8134
55.847
55.8857
55.9142
55.9522
55.9727
56.0031
56.0379
56.0572
