2.12182
2.62187
3.12178
3.62177
4.12177
4.62854
5.12176
5.62175
6.12178
6.62473
7.12178
7.62177
8.1218
8.62179
9.12178
9.62177
10.1217
10.6218
11.1219
11.6218
12.1218
12.6218
13.1218
13.6247
14.1217
14.6218
15.1269
15.6218
16.1218
16.6219
17.1218
17.6218
18.1218
18.6218
19.1217
19.6218
20.1219
20.6218
21.1218
21.6218
22.1218
22.6218
23.1455
23.6218
24.1219
24.6218
25.1217
25.6218
26.1219
26.6255
27.1218
27.6218
28.1219
28.6218
29.149
29.6218
30.1218
30.6219
31.141
31.6219
32.1218
32.6218
33.1218
33.622
34.1256
34.6267
35.1337
35.6219
36.1218
36.6218
37.1218
37.6218
38.1218
38.6219
39.1322
39.6236
40.1278
40.6218
41.1218
41.6218
42.1218
42.6218
43.1218
43.6218
44.1218
44.6218
45.1218
45.6218
46.1218
46.6219
47.1218
47.6218
48.1218
48.6218
49.1218
49.6218
50.1218
50.6228
51.1218
51.6219
52.1218
52.6219
53.1218
53.6218
54.1217
54.6219
55.1218
55.6239
