0.000000
0.000000
0.124767
0.363145
0.516593
0.635573
0.725670
0.816134
0.927103
0.996033
1.058357
1.137813
1.201721
1.268347
1.316591
1.358852
1.396170
1.428835
1.458022
1.486451
1.510361
1.519710
1.537906
1.549322
1.549267
1.521126
1.509514
1.523109
1.540027
1.556031
1.570282
1.583264
1.595450
1.610798
1.621514
1.631591
1.640865
1.649964
1.658654
1.670188
1.677768
1.682540
1.686585
1.694998
1.699654
1.705801
1.714585
1.719906
1.725112
1.730071
1.734951
1.739715
1.746785
1.751067
1.753451
1.757090
1.748336
1.745573
1.747254
1.754737
1.758398
1.761984
1.765459
1.769412
1.775269
1.771850
1.754444
1.746730
1.748351
1.751607
1.754853
1.757931
1.762238
1.764569
1.763952
1.757445
1.741962
1.731262
1.719416
1.712121
1.713299
1.716664
1.719895
1.722986
1.725995
1.730281
1.733113
1.735952
1.738673
1.741271
1.743897
1.746483
1.750444
1.752901
1.755272
1.757640
1.759949
1.762152
1.764243
1.767729
1.769891
1.771975
1.773997
1.776034
1.778031
1.781179
1.783131
1.784996
