1.62318
1.62326
2.12555
2.6236
3.12326
3.62406
4.12482
4.62951
5.12326
5.63531
6.12359
6.62558
7.12328
7.6421
8.12518
8.62483
9.12325
9.6428
10.1244
10.627
11.1233
11.6336
12.1242
12.6249
13.1232
13.6305
14.1238
14.6245
15.1269
15.6387
16.1248
16.6243
17.1233
17.6473
18.1366
18.6244
19.1232
19.6432
20.125
20.6242
21.1232
21.6394
22.1242
22.6248
23.1463
23.6368
24.125
24.6302
25.1233
25.6407
26.1256
26.6263
27.1233
27.6431
28.1235
28.6251
29.1498
29.6419
30.125
30.6236
31.1416
31.6366
32.1244
32.6251
33.1233
33.625
34.126
34.6272
35.1338
35.6278
36.1247
36.624
37.1233
37.635
38.1247
38.6237
39.1329
39.6331
40.1284
40.6246
41.1232
41.6254
42.1253
42.6251
43.1233
43.6406
44.1253
44.6246
45.1232
45.6292
46.1255
46.6322
47.1233
47.6308
48.1248
48.6258
49.1233
49.6493
50.1266
50.6339
51.1289
51.6397
52.1248
52.6291
53.1232
53.6413
54.1248
54.624
55.1233
55.632
