0.000000
0.000000
35.157000
35.157000
35.719000
39.749000
42.256000
47.950000
51.855000
57.203000
69.268000
77.661000
82.154000
89.770000
98.244000
106.927000
114.201000
123.128000
131.370000
139.469000
145.422000
152.731000
159.727000
165.655000
170.625000
174.443000
175.180000
175.604000
175.999000
176.269000
176.611000
176.902000
177.127000
177.236000
177.353000
177.491000
177.615000
180.070000
184.068000
188.445000
192.394000
199.549000
208.992000
216.829000
221.728000
225.644000
232.023000
240.236000
245.736000
251.988000
257.431000
263.064000
267.451000
274.164000
282.423000
293.076000
307.723000
318.131000
328.814000
334.608000
339.646000
343.431000
348.646000
353.530000
357.463000
361.443000
362.424000
363.158000
363.422000
363.543000
363.707000
363.884000
363.962000
364.054000
365.371000
366.554000
366.924000
367.037000
367.212000
367.610000
367.875000
368.084000
368.281000
368.402000
368.537000
368.968000
370.296000
370.766000
370.949000
371.250000
371.512000
371.682000
371.781000
371.877000
371.932000
371.981000
372.003000
372.355000
380.660000
387.111000
392.398000
399.220000
406.736000
412.844000
417.378000
423.276000
429.093000
435.516000
440.301000
447.038000
