0.002819
0.004004
0.004500
0.004633
0.006589
0.004676
0.004040
0.005002
0.004961
0.006150
0.003993
0.004556
0.005413
0.004746
0.005232
0.007272
0.005687
0.005259
0.004521
0.003531
0.003241
0.002940
0.002757
0.002778
0.002234
0.004729
0.004342
0.003652
0.004082
0.006651
0.003177
0.004002
0.002666
0.003723
0.003100
0.004488
0.006576
0.009103
0.009121
0.008002
0.007595
0.007590
0.006737
0.005637
0.005136
0.003909
0.005645
0.005423
0.004174
0.005083
0.006883
0.004499
0.004111
0.003870
0.005008
0.005137
0.004196
0.004177
0.003501
0.002170
0.005364
0.006076
0.005477
0.005835
0.004385
0.005693
0.004755
0.006650
0.005206
0.007132
0.003521
0.004729
0.003427
0.002603
0.003497
0.005868
0.005253
0.004187
0.004340
0.003199
0.004196
0.004825
0.004597
0.004473
0.004474
0.009148
0.010366
0.007391
0.007709
0.007442
0.008250
0.006986
0.006405
0.008436
0.004725
0.004088
0.003491
0.003994
0.007017
0.009105
0.009728
0.014206
0.007588
0.006501
0.005980
0.009006
0.008518
0.007784
0.006834
0.006765
0.005479
0.005479
0.006193
0.006965
0.007340
0.007958
0.004946
0.003491
0.003705
0.003367
0.003345
0.005925
0.001547
