157.949219
157.949219
160.015625
166.632812
166.632812
166.632812
166.632812
167.113281
167.113281
167.113281
167.113281
167.113281
167.113281
167.113281
167.113281
167.113281
167.113281
167.113281
167.113281
167.113281
167.113281
167.113281
167.113281
167.113281
167.113281
167.113281
167.113281
167.113281
167.113281
167.113281
167.113281
167.113281
167.113281
167.113281
168.402344
168.402344
168.402344
168.402344
168.402344
168.402344
168.402344
168.402344
168.402344
168.402344
168.402344
168.402344
168.402344
168.402344
168.402344
168.402344
168.402344
168.402344
168.402344
168.402344
168.402344
168.402344
168.402344
168.402344
168.402344
168.402344
168.402344
168.402344
168.402344
168.402344
168.402344
168.402344
168.402344
168.402344
168.402344
168.402344
168.402344
168.402344
168.402344
168.402344
168.402344
168.402344
168.402344
168.402344
168.402344
168.402344
168.402344
168.402344
168.402344
168.402344
168.402344
168.402344
168.402344
168.402344
168.402344
168.402344
168.402344
168.402344
168.402344
168.402344
168.402344
168.402344
168.402344
168.402344
168.402344
168.402344
168.402344
168.402344
168.402344
168.402344
168.402344
168.402344
168.402344
168.402344
168.402344
168.402344
168.402344
168.402344
168.402344
168.402344
168.402344
168.402344
168.402344
168.402344
168.402344
168.402344
168.402344
168.402344
168.402344
168.402344
168.402344
168.402344
168.402344
168.402344
168.402344
168.402344
168.402344
168.402344
168.402344
168.402344
168.402344
168.402344
168.402344
168.917969
168.917969
168.917969
168.917969
168.917969
168.917969
168.917969
168.917969
168.917969
168.917969
168.917969
168.917969
168.917969
168.917969
168.917969
168.917969
168.917969
168.917969
168.917969
168.917969
168.917969
168.917969
168.917969
168.917969
168.917969
168.917969
168.917969
168.917969
168.917969
168.917969
168.917969
168.917969
168.917969
168.917969
168.917969
168.917969
168.917969
168.917969
168.917969
168.917969
168.917969
168.917969
168.917969
168.917969
168.917969
168.917969
168.917969
168.917969
168.917969
168.917969
168.917969
168.917969
168.917969
168.917969
168.917969
168.917969
168.917969
168.917969
168.917969
168.917969
168.917969
168.917969
168.917969
168.917969
168.917969
168.917969
168.917969
168.917969
168.917969
168.917969
168.917969
168.917969
168.917969
168.917969
168.917969
168.917969
168.917969
168.917969
168.917969
168.917969
168.917969
168.917969
168.917969
168.917969
168.917969
168.917969
168.917969
168.917969
