4.96929
5.51649
5.63039
6.44651
6.81892
7.75003
8.0276
8.14231
9.04324
9.62727
10.0931
10.7245
11.0662
11.6286
11.7545
11.8722
12.8121
13.8685
15.2284
16.1433
16.6538
16.9321
16.9593
16.9883
17.0181
17.1869
17.2204
18.6101
18.9369
18.9778
19.455
20.4104
21.7354
23.0528
23.1921
24.3977
24.6541
24.8051
26.1855
27.5572
27.8577
28.0484
28.2177
29.1938
30.5986
31.3397
31.7443
33.0477
33.2122
34.4695
34.6555
35.8871
36.0097
36.1258
37.4608
38.7275
39.2329
39.5432
40.4566
41.7444
42.0562
43.4396
44.8394
45.3916
46.3416
47.7347
48.478
48.7466
49.544
49.8252
50.7491
50.9906
52.3636
52.6009
53.001
53.1314
53.2612
54.6285
55.3904
56.0593
57.1374
57.5434
57.6598
57.9369
57.973
58.0593
59.438
60.8339
61.5452
61.9405
62.6134
63.2625
64.1919
64.3388
64.4581
65.3892
66.0711
66.761
66.9868
67.1408
68.5225
69.8966
71.2805
72.6555
74.0245
75.1377
76.5191
77.9018
79.273
79.3037
79.3401
79.3808
80.2063
80.4586
80.6042
81.7566
81.9362
82.9943
83.2495
83.6489
84.7212
84.7806
84.8076
