0.001783
0.001903
0.001949
0.001965
0.002104
0.002712
0.002604
0.002434
0.002601
0.002863
0.003109
0.003320
0.003379
0.002992
0.003160
0.002802
0.002937
0.003135
0.002147
0.002006
0.002103
0.002170
0.002135
0.001847
0.002314
0.002554
0.002644
0.002116
0.002249
0.003528
0.002371
0.003201
0.002307
0.002860
0.002898
0.002851
0.003092
0.003703
0.003341
0.003435
0.003263
0.003678
0.004218
0.003449
0.003029
0.003363
0.003966
0.003147
0.003962
0.004342
0.004850
0.003037
0.003297
0.003650
0.003051
0.002680
0.002740
0.002914
0.002768
0.002594
0.002528
0.002682
0.003412
0.002501
0.003090
0.003905
0.004065
0.003250
0.003600
0.003534
0.003507
0.003770
0.004352
0.004036
0.003651
0.004526
0.003450
0.003639
0.003364
0.003776
0.003450
0.003524
0.003259
0.003070
0.003320
0.003881
0.003461
0.003586
0.004338
0.004222
0.003882
0.003434
0.003241
0.003517
0.003452
0.006012
0.003187
0.004049
0.003230
0.003781
0.005934
0.005200
0.004491
0.004589
0.004538
0.004137
0.004160
0.004448
0.003820
0.003798
0.003707
0.003616
0.003395
0.003539
0.003298
0.005322
0.004204
0.002502
0.002530
0.002484
0.002270
0.008063
0.003563
