2.08319
2.58318
3.08314
3.60398
4.08316
4.58328
5.08318
5.60075
6.08315
6.58325
7.08326
7.58323
8.08315
8.58319
9.08315
9.59739
10.0931
10.5832
11.0832
11.6003
12.0832
12.5833
13.0837
13.5831
14.0832
14.5832
15.0833
15.5833
16.0831
16.5832
17.0834
17.5833
18.0833
18.594
19.0864
19.5832
20.0832
20.5833
21.0833
21.5833
22.0832
22.5832
23.0832
23.5832
24.0835
24.5832
25.0831
25.5832
26.0833
26.5833
27.0833
27.5833
28.0833
28.5832
29.0833
29.5833
30.0831
30.5842
31.0834
31.5833
32.0832
32.5833
33.0832
33.5834
34.0832
34.5831
35.0832
35.5832
36.0832
36.5831
37.0833
37.5832
38.0832
38.5832
39.0831
39.5832
40.0831
40.5831
41.0832
41.5832
42.0832
42.5833
43.0831
43.5833
44.0832
44.5831
45.0832
45.5832
46.0832
46.5833
47.0833
47.5831
48.0833
48.5833
49.0832
49.5832
50.0832
50.5832
51.0833
51.5832
52.0835
52.5873
53.0832
53.5831
54.0831
54.5833
55.0833
55.5831
56.0832
56.5833
57.0832
57.5833
58.0832
58.5832
59.0832
59.5833
60.0834
60.5832
61.0833
61.5832
62.0836
62.5935
63.0831
63.5832
64.0833
64.5832
65.0838
65.5842
66.0832
66.5832
67.0833
67.5831
68.0832
68.5837
69.0834
69.5836
70.0831
70.5832
71.0832
71.5832
72.0832
72.5834
73.0831
73.5832
74.0833
74.5832
75.0832
75.5832
76.0832
76.5832
77.0832
77.5832
78.0835
78.5835
79.0832
79.5831
80.0832
80.587
81.0832
81.5832
82.0831
82.5832
83.0832
83.5832
84.0833
84.5847
85.0833
85.5831
86.0831
86.5833
87.0853
87.5852
88.0834
88.5833
89.0832
89.5833
90.0833
90.5833
91.0832
91.5833
92.0833
92.5833
93.0833
93.5833
94.0833
94.5832
95.0832
95.5833
96.0833
96.5833
97.0831
97.5832
98.0833
98.5832
99.0831
99.5833
100.083
100.583
101.083
101.583
102.083
102.583
103.083
103.583
104.083
104.583
105.083
105.583
106.083
106.583
107.083
107.583
108.083
108.583
109.083
109.583
110.083
110.583
111.083
111.583
112.083
112.583
113.083
113.583
114.083
