0.000000
0.000000
0.054767
0.326025
0.490088
0.620690
0.715448
0.856981
0.990184
1.095536
1.179868
1.248424
1.302024
1.365409
1.411243
1.443953
1.469628
1.500283
1.525343
1.539029
1.568247
1.585556
1.603127
1.615569
1.628561
1.642652
1.660283
1.671304
1.682108
1.692116
1.701020
1.704884
1.688386
1.687985
1.691884
1.704012
1.714013
1.701734
1.695052
1.700894
1.697959
1.704661
1.711033
1.717279
1.721531
1.728434
1.736070
1.724957
1.710593
1.711290
1.716615
1.722039
1.726917
1.734730
1.738835
1.743344
1.747451
1.751442
1.754866
1.760723
1.764296
1.767790
1.771181
1.772948
1.776196
1.779131
1.783562
1.786133
1.789524
1.791028
1.793210
1.796068
1.799753
1.802172
1.803326
1.805219
1.807319
1.808860
1.809691
1.813005
1.810914
1.807230
1.792199
1.784868
1.785923
1.788251
1.791961
1.794114
1.796153
1.797236
1.794607
1.793065
1.794248
1.795478
1.797372
1.799346
1.801969
1.808721
1.811670
1.814815
1.816453
1.817935
1.818018
1.819104
1.812795
1.801231
1.798992
1.800657
1.802143
1.803872
1.805316
1.806980
1.809676
1.807000
1.795966
1.791293
1.792585
1.794276
1.795774
1.798252
1.799622
1.800083
1.801689
1.803152
1.804575
1.806835
1.807618
1.809003
1.810181
1.811469
1.812733
1.813044
1.806445
1.800196
1.800390
1.801402
1.802620
1.804033
1.806270
1.807483
1.808698
1.809965
1.811206
1.812390
1.813522
1.815503
1.816603
1.817588
1.818320
1.819186
1.817713
1.813208
1.807826
1.807701
1.808991
1.810070
1.811160
1.812117
1.813810
1.815031
1.815998
1.816943
1.817991
1.818797
1.819747
1.821382
1.819354
1.814519
1.810552
1.803688
1.793072
1.782616
1.772316
1.762099
1.751999
1.742011
1.732137
1.722376
1.712724
1.703177
1.693737
1.684403
1.675170
1.666038
1.657003
1.648070
1.639230
1.630483
1.621830
1.613268
1.604800
1.596416
1.588119
1.579910
1.571785
1.563741
1.555780
1.547900
1.540100
1.532377
1.524732
1.517162
1.509669
1.502248
1.494899
1.487622
1.480416
1.473279
1.466211
1.459210
1.452276
1.445407
1.438603
1.431861
1.425185
1.418570
1.412017
1.405522
1.399087
1.392713
1.386394
1.380132
1.373927
1.367779
1.361685
