1.58451
1.58461
2.08462
2.58469
3.08462
3.60497
4.08467
4.58571
5.08608
5.61679
6.08477
6.58788
7.08644
7.5971
8.08476
8.58717
9.08574
9.60916
10.108
10.5869
11.0852
11.6138
12.0846
12.5875
13.0859
13.6036
14.0847
14.5865
15.0864
15.5999
16.0849
16.5864
17.0862
17.6013
18.0883
18.5951
19.0871
19.5892
20.0846
20.5876
21.086
21.5963
22.0846
22.5971
23.0862
23.5913
24.0846
24.5875
25.086
25.594
26.0848
26.5872
27.0864
27.5971
28.0847
28.587
29.0871
29.5954
30.0846
30.5995
31.0861
31.5948
32.0846
32.5872
33.0865
33.602
34.0849
34.5939
35.0859
35.5922
36.0847
36.5881
37.0861
37.6088
38.0847
38.588
39.0859
39.6009
40.0859
40.5863
41.0847
41.593
42.0856
42.5851
43.0846
43.6053
44.0854
44.5864
45.0846
45.6085
46.0851
46.5855
47.0848
47.609
48.0863
48.5988
49.0846
49.6053
50.0856
50.5874
51.0847
51.6091
52.0859
52.588
53.0846
53.6047
54.0856
54.586
55.0847
55.603
56.0854
56.5916
57.0846
57.6045
58.0858
58.5863
59.0847
59.6041
60.0864
60.5865
61.0847
61.5972
62.0871
62.5943
63.0846
63.5972
64.0861
64.586
65.0847
65.6007
66.0854
66.5858
67.0846
67.5949
68.086
68.5999
69.0846
69.597
70.0858
70.5853
71.0987
71.5972
72.087
72.5868
73.0846
73.5945
74.0868
74.6047
75.0847
75.6051
76.0855
76.5862
77.0847
77.6041
78.0873
78.5854
79.0846
79.604
80.0865
80.5876
81.0853
81.605
82.0858
82.586
83.0847
83.5957
84.0891
84.5857
85.0846
85.5899
86.0861
86.5853
87.0854
87.59
88.0882
88.5871
89.0871
89.5928
90.0888
90.5855
91.0871
91.5904
92.0888
92.5854
93.0872
93.5929
94.0881
94.5867
95.0875
95.5929
96.0887
96.586
97.0872
97.5929
98.0883
98.5862
99.087
99.5929
100.088
100.588
101.087
101.593
102.088
102.586
103.087
103.59
104.088
104.586
105.087
105.592
106.089
106.586
107.087
107.592
108.089
108.588
109.087
109.59
110.089
110.588
111.087
111.593
112.089
112.589
113.087
113.593
114.087
