0.005488
0.005869
0.005585
0.007767
0.006818
0.005426
0.003719
0.004559
0.004006
0.005520
0.007039
0.005590
0.005745
0.004795
0.004883
0.005457
0.005647
0.005654
0.005240
0.005073
0.005479
0.007386
0.006707
0.005871
0.007419
0.004860
0.004369
0.006760
0.004731
0.003987
0.007706
0.004284
0.005511
0.003100
0.003562
0.005450
0.005075
0.005927
0.005736
0.005114
0.005341
0.005623
0.006032
0.005210
0.005851
0.007423
0.005047
0.006931
0.006335
0.007211
0.006052
0.004905
0.006423
0.006230
0.006335
0.006354
0.005348
0.005595
0.007724
0.005917
0.008166
0.006996
0.005645
0.004901
0.006206
0.006293
0.005991
0.006533
0.007206
0.005231
0.005227
0.006747
0.006339
0.006949
0.006700
0.005984
0.005522
0.004763
0.006258
0.005173
0.005701
0.004638
0.004871
0.005978
0.007259
0.007216
0.006540
0.006912
0.006449
0.006888
0.006482
0.005674
0.005212
0.006213
0.005467
0.005806
0.005762
0.003755
0.003879
0.005077
0.004751
0.003495
0.005784
0.005758
0.008227
0.005497
0.006005
0.004554
0.003474
0.003827
0.005296
0.004907
0.005279
0.004773
0.005667
0.006902
0.004774
0.005219
0.006099
0.004506
0.003499
0.004521
0.003514
0.004142
0.002896
0.002783
0.004338
0.002250
0.003091
0.004002
0.003486
0.004149
0.004108
0.007200
0.003974
0.003814
0.004134
0.006929
0.003623
0.006560
0.007110
0.004095
0.005486
0.005472
0.006870
0.004572
0.003623
0.003059
0.004720
0.005352
0.002483
0.003764
0.003613
0.004580
0.005951
0.003804
0.003013
0.006011
0.005183
0.004297
0.005367
0.004470
0.003705
0.003171
0.003958
0.003045
0.003708
0.005974
0.006003
0.005242
0.005097
0.004712
0.006060
0.003329
0.004037
0.003776
0.002859
0.004522
0.004097
0.003319
0.003724
0.003762
0.003923
0.003937
0.004092
0.003996
0.005483
0.005377
0.006831
0.004462
0.004975
0.004444
0.004973
0.005131
0.005143
0.003183
0.005346
0.005103
0.004681
0.006681
0.006227
0.005590
0.006202
0.006504
0.006777
0.007261
0.004335
0.005580
0.003780
0.004802
0.004875
0.005350
0.004311
0.006010
0.005471
0.006271
0.006188
0.003795
0.005359
0.004688
0.002061
0.002955
0.002678
0.003311
0.003035
0.003779
0.003138
0.003295
0.002714
0.002876
0.002925
0.002681
0.002809
0.002922
0.003654
0.002685
0.003254
0.005968
0.001635
0.001734
0.007712
0.007711
0.009141
0.010966
0.009345
0.008073
0.005075
0.005797
0.005770
0.004094
0.003235
0.004249
0.003721
0.003310
0.003565
0.004419
0.006385
0.005782
0.006254
0.008097
0.007356
0.005868
0.007211
0.007084
0.005976
0.009342
0.006866
0.006243
0.005540
0.005827
0.006401
0.006020
0.006643
0.007513
0.008920
0.008256
0.006665
0.005732
0.005890
0.006058
0.007869
0.007309
0.005308
0.004573
0.006341
0.005216
0.004331
0.004210
0.004096
0.003812
0.003992
0.004610
0.003864
0.013000
0.012556
0.011844
0.010053
0.008861
0.007787
0.008537
0.007860
0.006837
0.005993
0.007908
0.007972
0.008080
0.004357
0.005804
0.004340
0.004427
0.005249
0.005997
0.005074
0.007018
0.006389
0.005994
0.004818
0.005725
0.006534
0.004968
0.006382
0.005528
0.005517
0.007300
0.006513
0.004096
0.004528
0.005265
0.004887
0.004890
0.006548
0.009213
0.007972
0.005263
0.005642
0.006264
0.011576
0.009053
0.005657
0.004142
0.003811
0.005360
0.004200
0.004524
0.004231
0.004193
0.004637
0.004436
0.003992
0.003512
0.003512
0.003951
0.003071
0.004086
0.003755
0.003697
0.005068
0.003238
0.004466
0.004155
0.003855
0.007169
0.006830
0.006546
0.006557
0.006279
0.006227
0.004558
0.004752
0.004435
0.005472
0.004303
0.005265
0.004189
0.004919
0.004215
0.003938
0.003637
0.003370
0.002547
0.003616
0.003649
0.004082
0.003498
0.002812
0.003982
0.004298
0.004369
0.003360
0.002965
0.003968
0.004966
0.004210
0.004528
0.004307
0.005354
0.003537
0.004500
0.004504
0.004678
0.003018
0.004164
0.005875
0.005367
0.005280
0.007342
0.006132
0.005670
0.005326
0.002758
0.002090
0.002346
0.003688
0.004128
0.006849
0.004461
0.004385
0.002377
0.003950
0.002755
0.004200
0.003942
0.004239
0.004008
0.004027
0.003449
0.004176
0.004373
0.003387
0.005486
0.003317
0.007671
0.007864
0.006489
0.006374
0.008964
0.005629
0.005002
0.004091
0.003839
0.003114
0.003900
0.004595
0.004134
0.004560
0.005739
0.006667
0.006952
0.007624
0.008817
0.007612
0.008214
0.006561
0.006464
0.009073
0.005354
0.004561
0.004868
0.004209
0.004402
0.004829
0.004738
0.005187
0.005138
0.006522
0.004620
0.005705
0.005758
0.003704
0.003452
0.003772
0.003440
0.003597
0.004759
0.003679
0.003650
0.004065
0.003594
0.003988
0.004522
0.003155
0.004703
0.004189
0.003232
0.002799
0.003568
0.003703
0.002739
0.003567
0.003694
0.002736
0.003754
0.003710
0.003659
0.004585
0.004018
0.006126
0.006205
0.006502
0.006723
0.007215
0.007351
0.006127
0.006962
0.006700
0.005136
0.003369
0.005729
0.003228
0.003382
0.003280
0.003069
0.003095
0.003181
0.003238
0.002294
0.002630
0.002590
0.002977
0.002943
0.002974
0.003123
0.003139
0.004570
0.009669
0.004758
0.009258
0.009587
0.010623
0.011518
0.012003
0.014775
0.014692
0.009841
0.002768
0.003840
0.003804
0.004560
0.004606
0.004590
0.005261
0.003877
0.004603
0.004540
0.004034
0.005179
0.003617
0.004133
0.003496
0.003010
0.003472
0.009800
0.009997
0.008615
0.013030
0.012536
0.009992
0.010378
0.010972
0.012651
0.010778
0.008602
0.008661
0.009657
0.009108
0.005363
0.014481
0.015209
0.014571
0.013618
0.010345
0.006720
0.009422
0.009012
0.009634
0.009409
0.010070
0.007712
0.010056
0.010389
0.013302
0.009403
0.006760
0.009735
0.010502
0.009736
0.007777
0.013622
0.007129
0.007995
0.010390
0.010551
0.016626
0.015267
0.014968
0.011398
0.007268
0.012005
0.013558
0.014095
0.008786
0.013906
0.016639
0.016894
0.015525
0.017110
0.017184
0.015362
0.016935
0.012539
0.011086
0.011733
0.010362
0.008731
0.007359
0.008446
0.007057
0.005783
0.007294
0.006727
0.006047
0.006922
0.006895
0.007435
0.005729
0.007500
0.006595
0.007215
0.007470
0.006205
0.005786
0.005757
0.006880
0.005995
0.004467
0.003766
0.003734
0.005327
0.003601
0.004247
0.003762
0.003820
0.003763
0.004236
0.004231
0.004823
0.004829
0.005046
0.004886
0.004726
0.005417
0.005289
0.006193
0.006646
0.006937
0.006723
0.007765
0.006947
0.008302
0.009332
0.009549
0.009920
0.009816
0.004998
0.005196
0.003766
0.002464
0.004781
0.006598
0.006565
0.014792
0.014489
0.014458
0.013851
0.014251
0.012496
0.009574
0.009531
0.009591
0.009659
0.009607
0.010977
0.009383
0.006199
0.008492
0.006178
0.003651
0.003788
0.004273
0.002840
0.002054
0.001881
0.005210
0.005377
0.007298
0.007504
0.010188
0.006998
0.002044
0.002584
0.003330
0.006252
0.029629
0.026703
0.016088
0.017215
0.014376
0.006708
0.006722
0.006711
0.006711
0.006693
0.006706
0.006745
0.006727
0.006656
0.006671
0.006677
0.006670
0.007284
0.006670
0.006679
0.006767
0.006147
0.008048
0.006177
0.006223
0.006088
0.006691
0.006716
0.006706
0.006244
0.007712
0.006633
0.006527
0.006568
0.005504
0.004415
0.005445
0.003293
0.004819
0.006162
0.011122
0.011469
0.011014
0.007282
0.005689
0.005676
0.005594
