0.001759
0.001875
0.001893
0.002007
0.002016
0.002223
0.002024
0.002727
0.002676
0.002472
0.002944
0.003104
0.003772
0.003707
0.003536
0.003349
0.003613
0.003168
0.003398
0.003542
0.003748
0.004084
0.005974
0.004177
0.003833
0.003914
0.003897
0.003968
0.003817
0.003890
0.003852
0.003732
0.003369
0.003000
0.003186
0.003028
0.003202
0.003429
0.003649
0.003887
0.003951
0.003224
0.003676
0.003614
0.003541
0.003304
0.003526
0.003913
0.003905
0.003347
0.003579
0.003512
0.004008
0.004193
0.004414
0.004529
0.004155
0.004335
0.004093
0.004280
0.003940
0.003825
0.004469
0.004145
0.004887
0.005152
0.004276
0.004243
0.004358
0.003921
0.003982
0.003947
0.003843
0.003463
0.003536
0.003237
0.002955
0.003316
0.003296
0.003761
0.003501
0.003256
0.003208
0.003539
0.003471
0.003747
0.004274
0.003769
0.003789
0.003727
0.004192
0.004581
0.004648
0.004539
0.003858
0.003504
0.003345
0.003727
0.003337
0.004314
0.004144
0.003922
0.004161
0.004105
0.008230
0.004510
0.004221
0.003729
0.004011
0.004000
0.004033
0.004133
0.004131
0.004381
0.004528
0.004320
0.003737
0.003990
0.003826
0.004185
0.004277
0.004507
0.004782
0.004574
0.004348
0.004605
0.004646
0.004413
0.003932
0.003654
0.004008
0.003844
0.003886
0.003938
0.004153
0.003812
0.004017
0.004034
0.003608
0.003820
0.003599
0.003929
0.003886
0.003755
0.003831
0.003633
0.003606
0.003431
0.004040
0.003692
0.003597
0.003637
0.003645
0.003138
0.003703
0.003650
0.003351
0.003785
0.004403
0.004363
0.005023
0.004297
0.004184
0.003951
0.004150
0.003959
0.003805
0.004170
0.004392
0.004097
0.004369
0.004447
0.004557
0.004814
0.005119
0.005055
0.005013
0.005074
0.005104
0.005072
0.004980
0.004917
0.005169
0.005644
0.005450
0.006064
0.005651
0.005362
0.005378
0.005042
0.005220
0.005263
0.004423
0.004901
0.005226
0.005211
0.005815
0.005759
0.005146
0.005451
0.005388
0.005015
0.005050
0.005299
0.005030
0.004873
0.005572
0.005473
0.005381
0.005392
0.005907
0.005437
0.005643
0.005282
0.006334
0.005900
0.005619
0.005572
0.005888
0.005633
0.006376
0.006590
0.006397
0.006277
0.007114
0.007344
0.007257
0.007384
0.006423
0.006451
0.006644
0.006860
0.006579
0.006886
0.006819
0.006805
0.006682
0.006927
0.006644
0.006636
0.006678
0.008594
0.006342
0.006060
0.005989
0.006126
0.006107
0.005808
0.005854
0.006714
0.006339
0.006006
0.005914
0.005778
0.005807
0.005836
0.005798
0.006350
0.006559
0.006760
0.006281
0.006003
0.005918
0.005710
0.006130
0.005687
0.005415
0.005901
0.005557
0.005936
0.006196
0.006075
0.005789
0.005417
0.005852
0.005383
0.005788
0.005654
0.005503
0.005517
0.005810
0.005575
0.005940
0.005704
0.005447
0.005585
0.005686
0.005297
0.007283
0.005098
0.005477
0.005024
0.004673
0.005400
0.005368
0.005633
0.005955
0.005528
0.005973
0.006431
0.006333
0.006474
0.005759
0.006140
0.006138
0.006168
0.005860
0.006243
0.006697
0.006647
0.005696
0.005934
0.005962
0.006358
0.005723
0.005689
0.007128
0.005885
0.005952
0.005702
0.005795
0.005790
0.005715
0.005782
0.005639
0.005429
0.005160
0.011402
0.005418
0.005567
0.003934
0.010524
0.006510
0.005940
0.006058
0.006370
0.005804
0.005678
0.005837
0.005623
0.005576
0.005404
0.005502
0.005366
0.005728
0.005333
0.005958
0.005399
0.005418
0.005570
0.005179
0.005480
0.005722
0.006155
0.005621
0.006995
0.005071
0.007788
0.005657
0.005740
0.005888
0.005447
0.005495
0.006078
0.006384
0.005974
0.005821
0.006260
0.006191
0.006340
0.006553
0.005912
0.005939
0.006011
0.006113
0.006037
0.006151
0.005762
0.006296
0.006699
0.005880
0.005727
0.005987
0.005618
0.006229
0.006500
0.006105
0.006011
0.005867
0.006289
0.006031
0.006180
0.006150
0.006328
0.005419
0.005742
0.006151
0.005929
0.007725
0.006100
0.006090
0.005957
0.005864
0.006076
0.005951
0.005580
0.009849
0.005248
0.006225
0.009174
0.005988
0.006263
0.006187
0.011514
0.014113
0.006204
0.006324
0.006056
0.007123
0.005936
0.005628
0.007827
0.005878
0.005656
0.005512
0.005286
0.005295
0.005422
0.005115
0.005742
0.005342
0.004945
0.006033
0.005547
0.005929
0.013111
0.006095
0.005890
0.006621
0.006086
0.009947
0.006080
0.006074
0.006286
0.007246
0.007043
0.007503
0.007773
0.006977
0.007353
0.007855
0.007816
0.007381
0.007329
0.007545
0.007539
0.007490
0.007520
0.007569
0.007649
0.007365
0.007717
0.007745
0.007933
0.007300
0.007795
0.007464
0.007696
0.008148
0.010240
0.008003
0.007869
0.007583
0.006897
0.007076
0.007235
0.007034
0.007003
0.007042
0.006956
0.007158
0.007211
0.007084
0.006929
0.006874
0.006971
0.006936
0.012635
0.006658
0.007026
0.008043
0.006791
0.007127
0.006579
0.006546
0.006274
0.006568
0.006718
0.006849
0.007368
0.007323
0.007633
0.006763
0.006944
0.006877
0.006977
0.006961
0.006798
0.006235
0.006511
0.006478
0.006605
0.006694
0.009239
0.006364
0.006485
0.006741
0.007142
0.006764
0.006402
0.006674
0.006832
0.006720
0.006522
0.006080
0.006237
0.006264
0.006156
0.006549
0.006229
0.006122
0.006239
0.006097
0.005748
0.005853
0.008351
0.006567
0.006407
0.006244
0.006358
0.005844
0.006524
0.006790
0.006773
0.010255
0.006618
0.006896
0.006218
0.006103
0.005749
0.006012
0.005533
0.006295
0.005990
0.006598
0.007468
0.007807
0.008045
0.007285
0.007138
0.007703
0.006921
0.007076
0.006472
0.007120
0.007711
0.007534
0.007413
0.007238
0.007482
0.007259
0.007143
0.007061
0.007021
0.006918
0.006914
0.007529
0.006465
0.007155
0.006757
0.006754
0.007024
0.006887
0.007049
0.006310
0.006440
0.007260
0.007101
0.006589
0.007029
0.005912
0.007960
0.006981
0.009859
0.007027
0.007886
0.007009
0.006825
0.006781
0.007076
0.004978
0.007192
0.006565
0.008271
0.006924
0.006891
0.006880
0.006966
0.007097
0.006871
0.007247
0.007070
0.006576
0.006679
0.006259
0.006240
0.006523
0.006109
0.005915
0.006035
0.006103
0.005636
0.005837
0.005437
0.005563
0.006197
0.005887
0.006344
0.005818
0.005535
0.006033
0.005763
0.005709
0.006426
0.005527
0.005359
0.005661
0.005383
0.005446
0.004852
0.004961
0.005109
0.004755
0.006095
0.005057
0.004918
0.005177
0.004736
0.004890
0.004715
0.005208
0.004655
0.004748
0.004904
0.004915
0.005220
0.005955
0.004870
0.004924
0.004529
0.005055
0.004612
0.005116
0.005019
0.005234
0.009798
0.006701
0.005708
0.006246
0.011689
0.006118
0.009252
0.006261
0.005754
0.007080
0.006429
0.006844
0.006823
0.007220
0.009461
0.007339
0.008048
0.007726
0.008347
0.008454
0.008047
0.008566
0.008889
0.008826
0.004782
0.004193
0.004161
0.004225
0.004087
0.004338
0.003622
0.006769
0.007782
0.007706
0.004007
0.007673
0.007826
0.008152
0.008015
0.007864
0.008621
0.007871
0.004734
0.005067
0.005166
0.005127
0.005189
0.005189
0.005023
0.005101
0.005016
0.004925
0.004990
0.005157
0.008384
0.004790
0.004913
0.005444
0.005376
0.011004
0.005349
0.004892
0.005107
0.004817
0.004537
0.004556
0.005083
0.008561
0.007990
0.007777
0.007296
0.007097
0.006342
0.005824
0.005859
0.009467
0.005449
0.007082
0.005424
0.006398
0.006124
0.006326
0.005982
0.006165
