4.93701
4.97527
5.04885
5.31584
5.86208
6.79405
7.46407
8.88565
8.94492
10.374
11.5803
11.7222
12.9198
13.939
14.5062
14.5407
14.5713
14.6017
14.6416
15.9814
16.6455
17.0552
17.0976
17.1876
17.3175
17.3531
17.3819
17.4305
17.4707
17.5054
17.5381
17.579
18.9671
19.8451
19.9885
20.0282
21.0524
21.8553
22.6845
23.0584
23.0935
24.3823
25.7507
26.5222
26.5525
26.585
26.6244
26.663
26.6901
26.7229
26.764
26.8017
28.1108
29.4905
29.7138
29.7573
29.7951
29.8419
30.1157
30.1531
30.1889
31.5864
32.2507
32.9096
33.0539
33.9993
34.9948
35.325
35.4565
36.3965
36.5162
37.0607
37.7652
38.8
38.9268
39.7156
40.7093
41.0567
41.4599
42.2779
43.0551
43.5925
43.8516
44.5183
44.5514
45.1742
45.5906
45.6344
45.6747
45.7223
45.8474
46.1074
46.1451
46.177
47.0406
47.8447
47.8893
49.291
49.3271
50.4154
50.5103
50.5454
51.4815
51.7119
51.7573
52.5111
52.552
53.5347
53.8602
54.1205
54.7945
56.1326
56.2532
56.8062
57.3289
57.8531
58.5092
58.6583
59.5991
59.9993
61.3867
61.4386
62.5115
62.5517
62.5884
63.9689
64.6594
66.042
67.9584
67.9947
68.0244
68.0589
68.101
68.1479
68.1835
68.2233
68.2569
68.294
68.3307
68.3776
68.42
68.4541
68.5015
68.5452
68.5873
68.6459
68.6825
68.7072
68.7434
68.7872
68.817
68.8508
68.9579
69.1194
69.1722
69.2113
69.2438
69.408
70.7832
71.4358
71.4849
72.6032
72.7956
73.8007
74.2538
74.4004
74.5053
75.8508
75.8943
76.2563
76.9325
77.1839
77.99
79.3914
79.4501
79.4839
80.253
80.2896
80.7919
80.8237
80.8634
80.9293
81.9945
82.1159
82.2558
82.8083
82.8717
82.9477
83.2025
83.595
84.414
84.5224
85.2015
86.5737
87.9816
88.5155
89.4624
90.1152
91.0539
91.7051
91.7442
91.8451
91.8722
91.9407
91.98
92.0096
93.4146
93.6764
94.8533
94.988
95.0284
96.1918
96.5843
97.5098
97.5504
97.5906
98.5932
98.6563
98.7092
99.7903
101.165
101.41
102.081
102.122
102.777
102.994
103.151
103.191
103.79
103.824
103.868
103.944
103.984
104.027
104.078
104.716
104.751
104.797
104.851
104.924
104.971
106.359
107.564
107.933
108.998
109.686
110.596
110.982
111.687
112.592
112.712
113.692
114.779
114.993
115.533
116.336
116.594
117.416
118.194
118.465
119.271
120.665
121.107
121.17
122.309
122.598
122.855
124.044
124.179
125.105
125.247
125.278
125.317
126.456
126.708
127.253
127.413
128.305
128.706
128.746
129.777
130.177
130.306
131.101
131.158
131.199
131.784
132.843
133.936
133.964
134.041
135.416
135.65
135.936
137.31
138.609
140.035
141.418
142.792
144.195
145.416
145.514
146.178
146.315
146.452
147.846
149.226
149.777
150.455
150.493
150.978
151.017
151.045
152.431
152.585
152.625
152.68
152.975
153.015
153.044
153.076
153.115
153.172
154.039
154.082
154.118
154.179
154.315
154.353
154.403
154.443
157.706
157.752
159.107
159.792
159.936
160.873
162.071
162.917
163.69
163.72
163.762
165.166
165.196
165.406
165.78
166.589
166.648
168.047
168.175
168.204
168.235
168.265
168.31
168.339
168.371
168.434
168.47
168.501
168.531
168.565
168.606
168.664
170.064
170.229
170.372
170.517
170.859
170.915
171.792
171.838
172.181
172.222
172.26
172.317
173.413
173.791
174.315
174.346
174.396
174.44
174.478
174.508
174.536
174.577
174.608
174.663
174.705
174.732
174.761
174.796
174.843
174.91
174.95
174.989
175.019
175.046
175.08
176.452
176.48
176.508
176.539
176.581
176.622
177.922
177.963
178.006
178.059
179.433
180.811
181.41
181.437
181.677
181.792
182.322
182.361
182.426
182.459
182.495
182.519
182.567
182.607
182.663
182.704
182.733
182.764
182.793
182.834
182.864
182.923
182.961
182.993
183.036
183.079
183.121
184.506
185.876
187.263
188.407
188.506
188.538
188.577
189.709
190.417
191.194
191.941
192.123
192.798
193.19
193.235
193.722
193.769
193.811
193.867
193.931
193.982
194.787
195.051
195.449
195.482
195.528
195.587
196.125
196.183
196.249
196.927
196.968
197.182
198.31
199.006
199.44
199.479
200.406
200.456
200.507
201.048
201.087
201.116
201.187
201.227
201.261
201.306
201.336
201.844
201.929
202.109
202.163
202.196
202.239
202.276
202.304
202.337
202.404
202.447
202.495
202.535
202.565
203.94
205.31
205.359
205.434
205.48
205.533
205.581
205.625
205.705
205.742
207.157
208.241
208.279
208.405
208.777
208.804
210.184
210.399
210.666
210.697
210.729
211.584
211.614
211.667
211.702
211.74
211.77
211.813
211.853
211.914
211.976
212.028
212.083
212.134
212.206
212.263
212.314
212.366
213.743
214.103
214.674
214.925
214.954
214.986
215.023
215.06
215.579
215.62
215.694
215.734
217.113
217.91
218.376
218.774
219.042
220.424
221.799
223.181
224.563
225.92
226.117
226.242
227.045
228.418
229.796
230.789
231.185
231.981
233.362
233.727
233.802
235.191
236.569
238.779
239.453
240.11
240.169
240.214
240.256
240.3
240.341
240.409
240.453
240.675
240.72
240.766
240.812
240.861
240.928
240.971
241.021
241.064
241.108
241.174
242.549
242.939
242.998
244.386
245.758
246.267
246.321
246.38
246.433
246.473
249.736
252.996
253.144
253.377
253.523
253.685
253.869
255.246
256.617
257.989
259.266
260.661
262.039
263.343
263.578
263.618
263.678
265.045
265.305
265.333
266.239
266.509
266.54
266.65
267.709
268.24
268.282
268.324
268.372
268.413
269.434
269.706
269.747
270.857
271.178
271.205
272.313
273.071
273.302
273.972
274.102
274.139
274.177
274.207
274.25
274.28
274.31
274.34
274.391
274.432
274.471
274.516
274.561
275.932
275.974
276.019
276.058
276.097
276.146
276.192
276.238
276.284
276.326
277.699
279.071
280.438
281.139
281.36
282.738
283.657
286.249
286.39
286.524
286.713
288.07
289.444
289.594
289.715
291.095
292.26
293.466
293.728
294.408
294.681
295.595
296.518
296.915
296.957
297.31
298.517
298.779
299.711
299.842
299.984
300.339
301.718
303.091
304.46
305.036
305.973
306.266
306.693
306.781
308.13
309.506
310.876
312.234
312.265
312.294
312.324
312.364
312.403
312.433
312.464
312.507
312.538
312.578
312.607
312.74
312.779
312.808
312.94
312.977
313.114
313.251
313.389
313.428
313.467
313.579
313.618
313.748
317.01
318.392
319.764
319.839
321.219
322.59
322.784
324.151
325.535
326.253
326.791
328.162
329.543
330.909
332.268
332.779
333.185
