0.008239
0.007764
0.007758
0.005625
0.009184
0.009329
0.008257
0.008081
0.006885
0.006921
0.007180
0.007401
0.008458
0.008231
0.005779
0.005484
0.005636
0.006306
0.007291
0.007946
0.008047
0.007035
0.005700
0.005749
0.005699
0.005664
0.005853
0.007045
0.007298
0.006611
0.005591
0.006810
0.009681
0.007303
0.007305
0.009197
0.006165
0.005757
0.007124
0.006661
0.008419
0.007354
0.006245
0.007510
0.007144
0.008406
0.008755
0.005251
0.005131
0.007392
0.008781
0.006431
0.008634
0.006965
0.008858
0.009588
0.006446
0.008838
0.011277
0.007042
0.010684
0.008408
0.006221
0.006952
0.007823
0.006217
0.006830
0.007701
0.005304
0.006229
0.005898
0.007307
0.006212
0.007014
0.007130
0.005756
0.006880
0.006314
0.005901
0.005822
0.005766
0.007897
0.007535
0.007488
0.006224
0.006661
0.008129
0.007873
0.007663
0.006744
0.006544
0.007069
0.007598
0.008659
0.007166
0.008252
0.009548
0.006129
0.005750
0.006984
0.005363
0.005629
0.007443
0.007142
0.008664
0.006481
0.009856
0.008610
0.006452
0.008472
0.005414
0.008730
0.005287
0.006155
0.006430
0.006574
0.008068
0.007180
0.007754
0.009304
0.006644
0.005858
0.006281
0.008114
0.008080
0.006723
0.010696
0.004895
0.004114
0.008231
0.008277
0.008439
0.008270
0.007131
0.006084
0.003988
0.004754
0.008632
0.007911
0.011006
0.007376
0.004491
0.010096
0.009854
0.011161
0.006834
0.007728
0.004464
0.008539
0.008133
0.003523
0.006004
0.006375
0.008020
0.006585
0.007665
0.005374
0.008547
0.008611
0.006564
0.009866
0.007887
0.009930
0.009851
0.009620
0.005780
0.006251
0.006552
0.006258
0.006033
0.005550
0.006727
0.008807
0.007276
0.007070
0.006638
0.006341
0.007385
0.007352
0.006719
0.005634
0.007120
0.007883
0.008619
0.007545
0.008964
0.008240
0.008656
0.009686
0.007497
0.006753
0.006073
0.007335
0.005669
0.007298
0.006125
0.005871
0.006882
0.006175
0.007411
0.007306
0.006036
0.005419
0.007522
0.007149
0.006469
0.008372
0.008401
0.007476
0.007606
0.008029
0.006813
0.005366
0.006201
0.007278
0.007156
0.008336
0.007327
0.009918
0.008692
0.008869
0.008550
0.008089
0.008240
0.007480
0.005857
0.005757
0.005649
0.005481
0.006171
0.009511
0.008168
0.008345
0.006929
0.009001
0.007687
0.008459
0.008465
0.005077
0.002942
0.010254
0.008775
0.009014
0.007606
0.009105
0.006394
0.006780
0.007658
0.008695
0.008076
0.005138
0.008031
0.007336
0.007528
0.007140
0.008233
0.010073
0.006618
0.006380
0.008955
0.006377
0.006763
0.006842
0.008183
0.007247
0.011332
0.009884
0.008475
0.008436
0.006513
0.005713
0.007744
0.006969
0.007085
0.006520
0.008789
0.005968
0.007954
0.006249
0.007943
0.007059
0.007437
0.006204
0.005529
0.007452
0.010010
0.006453
0.005889
0.006189
0.007054
0.008562
0.007742
0.006232
0.014113
0.014584
0.014160
0.012953
0.012587
0.011330
0.008363
0.008267
0.007982
0.006180
0.007600
0.008730
0.009940
0.007304
0.006550
0.006945
0.006177
0.007028
0.006190
0.005615
0.006683
0.007509
0.007677
0.006444
0.007055
0.006656
0.007489
0.007916
0.006089
0.009191
0.009803
0.010168
0.006615
0.008381
0.008623
0.007318
0.008789
0.009602
0.011916
0.011897
0.005952
0.006352
0.008287
0.009207
0.007231
0.009505
0.006165
0.006455
0.006701
0.007646
0.006162
0.006868
0.007402
0.005783
0.004892
0.005347
0.007449
0.006935
0.007605
0.007837
0.007573
0.007277
0.007713
0.008902
0.004886
0.006247
0.006337
0.003930
0.007728
0.007154
0.008233
0.007610
0.008289
0.008870
0.007072
0.006959
0.006330
0.007573
0.005940
0.007209
0.006392
0.008406
0.005326
0.008582
0.006897
0.007916
0.003930
0.007879
0.008208
0.006927
0.006582
0.004534
0.006838
0.006869
0.007324
0.005654
0.004892
0.008543
0.009037
0.009043
0.009616
0.006757
0.006761
0.005458
0.008761
0.005924
0.005580
0.004706
0.004904
0.008865
0.009586
0.008131
0.007858
0.006454
0.009336
0.006805
0.007589
0.008113
0.005438
0.006903
0.005428
0.006918
0.008021
0.008366
0.004474
0.007521
0.004104
0.008925
0.008049
0.008511
0.007595
0.006254
0.008035
0.007036
0.007206
0.008577
0.010518
0.005325
0.007272
0.008266
0.010743
0.010057
0.007775
0.010191
0.007549
0.008334
0.008367
0.006172
0.008680
0.007727
0.007807
0.007102
0.006132
0.007112
0.006580
0.006483
0.006744
0.007529
0.008517
0.005592
0.005937
0.007569
0.007793
0.007148
0.005942
0.007349
0.005024
0.007936
0.008040
0.008103
0.007706
0.010655
0.005979
0.007444
0.009994
0.008148
0.007713
0.006021
0.006575
0.006674
0.007577
0.007057
0.007414
0.007410
0.006935
0.008970
0.008232
0.003388
0.006655
0.007547
0.005103
0.004375
0.007159
0.007475
0.005738
0.006531
0.006892
0.004433
0.007290
0.006490
0.005768
0.005860
0.009260
0.006480
0.007935
0.009753
0.010698
0.009562
0.009144
0.008673
0.009578
0.009683
0.010147
0.005630
0.008082
0.007894
0.007892
0.008708
0.006750
0.006645
0.007524
0.006674
0.006324
0.007218
0.008311
0.007357
0.007558
0.006017
0.006494
0.007751
0.006530
0.014819
0.008627
0.014788
0.014602
0.014615
0.016464
0.012673
0.012751
0.015519
0.015958
0.007013
0.004635
0.005809
0.008147
0.006877
0.006545
0.008250
0.006727
0.005773
0.006803
0.006509
0.005197
0.008208
0.008320
0.006247
0.011054
0.006415
0.013119
0.013514
0.010432
0.011406
0.010290
0.008972
0.008388
0.008920
0.008540
0.006741
0.005515
0.005192
0.009081
0.007625
0.006768
0.013484
0.009269
0.010412
0.009479
0.007575
0.006206
0.007529
0.007509
0.007499
0.005977
0.006174
0.006696
0.005816
0.006065
0.009315
0.007664
0.004107
0.008315
0.007439
0.006518
0.007495
0.009235
0.008903
0.008836
0.008568
0.007569
0.012214
0.013330
0.011296
0.012479
0.009444
0.015549
0.011625
0.011756
0.005562
0.006929
0.015711
0.015691
0.014160
0.011604
0.014635
0.014569
0.013109
0.011129
0.010854
0.010365
0.009425
0.008741
0.006619
0.007998
0.006131
0.005729
0.007097
0.006665
0.006197
0.006085
0.006472
0.007259
0.005929
0.007727
0.007020
0.008143
0.008368
0.006021
0.005639
0.006750
0.007581
0.008569
0.006900
0.008008
0.005200
0.009009
0.006711
0.008102
0.007546
0.008016
0.007877
0.007430
0.008557
0.007576
0.007413
0.007302
0.007566
0.009645
0.010484
0.008310
0.010531
0.013654
0.008481
0.009793
0.010991
0.007154
0.007496
0.010206
0.010688
0.011225
0.010993
0.011848
0.009789
0.008342
0.006537
0.008069
0.008089
0.009647
0.012502
0.014074
0.014064
0.014281
0.014557
0.012264
0.011173
0.010854
0.010535
0.008482
0.006567
0.007557
0.008142
0.006635
0.007679
0.008822
0.007333
0.009322
0.008434
0.005586
0.006182
0.005013
0.008248
0.007442
0.007818
0.010673
0.012180
0.011011
0.006242
0.009954
0.007805
0.008355
0.035139
0.031591
0.019081
0.014868
0.014890
0.006266
0.006577
0.006019
0.005778
0.006546
0.006276
0.006564
0.007307
0.007264
0.007948
0.007739
0.007047
0.007453
0.007334
0.007037
0.008179
0.005145
0.004801
0.005224
0.007179
0.007769
0.006587
0.007643
0.007608
0.006710
0.009736
0.010441
0.006624
0.008514
0.008380
0.007332
0.009172
0.007481
0.008579
0.009471
0.013781
0.012076
0.013488
0.011753
0.006483
0.007889
0.010426
