2.11651
2.61646
3.11661
3.62936
4.1166
4.63288
5.11656
5.61656
6.11663
6.61677
7.1165
7.61649
8.1166
8.62146
9.11648
9.61646
10.1166
10.6188
11.1165
11.6165
12.1165
12.6165
13.1165
13.6166
14.1165
14.625
15.1166
15.6166
16.1165
16.6184
17.1165
17.6167
18.1165
18.623
19.1201
19.6166
20.1165
20.6214
21.1164
21.6166
22.1165
22.6198
23.1165
23.6166
24.1166
24.6166
25.1165
25.6165
26.1165
26.6254
27.1165
27.6166
28.1165
28.6165
29.1165
29.6167
30.1169
30.6165
31.1165
31.6164
32.1166
32.619
33.1165
33.6166
34.1165
34.6234
35.1164
35.6264
36.1166
36.6235
37.1165
37.6166
38.1164
38.6165
39.1164
39.6165
40.1166
40.6164
41.1165
41.6166
42.1179
42.6254
43.1213
43.6166
44.1167
44.6182
45.1428
45.6345
46.1165
46.6194
47.1237
47.6219
48.1199
48.6165
49.1207
49.62
50.119
50.6228
51.1174
51.6218
52.1242
52.6203
53.1165
53.6243
54.1266
54.6239
55.1197
55.6248
56.1327
56.6231
57.1229
57.6245
58.1249
58.6244
59.1277
59.6165
60.1167
60.6181
61.1177
61.6271
62.1189
62.6165
63.1269
63.6331
64.1221
64.6275
65.1242
65.6275
66.1276
66.6278
67.1315
67.6286
68.1291
68.6301
69.1304
69.6291
70.1264
70.6209
71.1253
71.6332
72.1195
72.6286
73.1281
73.6312
74.1264
74.6279
75.1324
75.6325
76.1285
76.6256
77.1275
77.6317
78.1252
78.6321
79.1299
79.6326
80.1284
80.6366
81.134
81.6329
82.1331
82.6374
83.1331
83.6242
84.1308
84.6321
85.1471
85.6328
86.1423
86.6272
87.1291
87.6335
88.1332
88.6346
89.1331
89.6332
90.1356
90.6484
91.1332
91.6336
92.1333
92.6339
93.1326
93.6391
94.1336
94.633
95.1338
95.6315
96.1335
96.6327
97.1334
97.6329
98.1341
98.6563
99.1327
99.6394
100.134
100.634
101.134
101.647
102.148
102.644
103.151
103.646
104.133
104.634
105.133
105.645
106.134
106.635
107.133
107.641
108.133
108.633
109.134
109.655
110.134
110.633
111.134
111.643
112.133
112.633
113.134
113.661
114.133
114.633
115.133
115.641
116.135
116.633
117.133
117.642
118.138
118.633
119.139
119.642
120.133
120.645
121.133
121.633
122.134
122.633
123.134
123.638
124.133
124.634
125.133
125.65
126.133
126.635
127.134
127.634
128.135
128.634
129.134
129.634
130.133
130.634
131.158
131.644
132.134
132.633
133.136
133.633
134.133
134.634
135.134
135.65
136.133
136.634
137.132
137.633
138.133
138.635
139.133
139.633
140.133
140.633
141.133
141.634
142.133
142.633
143.133
143.633
144.134
144.634
145.133
145.633
146.133
146.633
147.134
147.633
148.133
148.633
149.133
149.633
150.134
150.634
151.139
151.633
152.133
152.651
153.141
153.633
154.145
154.635
155.134
155.633
156.134
156.634
157.133
157.633
158.134
158.633
159.133
159.634
160.133
160.635
161.133
161.642
162.135
162.633
163.134
163.645
164.134
164.634
165.148
165.637
166.133
166.648
167.133
167.644
168.134
168.644
169.134
169.633
170.134
170.635
171.133
171.643
172.133
172.634
173.133
173.641
174.134
174.634
175.134
175.645
176.134
176.648
177.134
177.641
178.133
178.635
179.133
179.634
180.134
180.637
181.133
181.648
182.133
182.634
183.148
183.643
184.134
184.633
185.133
185.644
186.133
186.643
187.134
187.634
188.134
188.636
189.134
189.633
190.134
190.643
191.134
191.633
192.148
192.644
193.134
193.633
194.134
194.643
195.135
195.634
196.151
196.638
197.133
197.635
198.133
198.648
199.133
199.646
200.133
200.644
201.142
201.633
202.135
202.633
203.133
203.633
204.134
204.634
205.134
205.652
206.134
206.648
207.157
207.633
208.134
208.637
209.134
209.633
210.133
210.645
211.133
211.641
212.161
212.634
213.133
213.633
214.134
214.648
215.135
215.646
216.133
216.636
217.139
217.634
218.136
218.646
219.133
219.634
220.133
220.641
221.135
221.633
222.134
222.634
223.133
223.633
224.135
224.635
225.133
225.634
226.142
226.641
227.135
227.634
228.133
228.637
229.134
229.634
230.133
230.646
231.134
231.633
232.133
232.633
233.133
233.637
234.133
234.645
235.133
235.634
236.133
236.633
237.133
237.634
238.159
238.642
239.134
239.634
240.136
240.645
241.133
241.634
242.133
242.635
243.134
243.633
244.133
244.63
245.13
245.633
246.133
246.625
247.128
247.621
248.127
248.621
249.121
249.625
250.128
250.619
251.13
251.631
252.121
252.627
253.155
253.627
254.119
254.628
255.125
255.628
256.126
256.641
257.123
257.626
258.133
258.624
259.133
259.621
260.125
260.633
261.123
261.633
262.119
262.627
263.124
263.629
264.126
264.621
265.131
265.628
266.121
266.632
267.131
267.628
268.124
268.622
269.12
269.625
270.124
270.628
271.13
271.627
272.133
272.625
273.128
273.629
274.139
274.623
275.126
275.626
276.122
276.62
277.121
277.63
278.127
278.621
279.123
279.624
280.12
280.621
281.139
281.627
282.117
282.624
283.119
283.618
284.116
284.617
285.116
285.619
286.127
286.624
287.122
287.617
288.117
288.622
289.116
289.617
290.122
290.617
291.117
291.617
292.12
292.616
293.117
293.617
294.118
294.631
295.12
295.617
296.118
296.617
297.117
297.619
298.116
298.617
299.126
299.619
300.124
300.616
301.124
301.622
302.119
302.626
303.12
303.622
304.117
304.617
305.122
305.624
306.121
306.619
307.117
307.617
308.132
308.616
309.116
309.617
310.117
310.619
311.116
311.616
312.116
312.624
313.117
313.62
314.117
314.617
315.116
315.617
316.116
316.616
317.116
317.617
318.116
318.619
319.116
319.617
320.117
320.616
321.117
321.617
322.117
322.617
323.117
323.616
324.116
324.616
325.117
325.616
326.117
326.623
327.117
327.617
328.116
328.617
329.116
329.617
330.117
330.618
331.117
331.617
332.116
332.617
333.117
