0.000000
0.000000
0.125425
0.362005
0.535332
0.649064
0.716277
0.845714
0.975290
1.079587
1.162665
1.234830
1.278744
1.327788
1.366710
1.358381
1.316695
1.266318
1.290938
1.327205
1.357481
1.386246
1.412369
1.425969
1.437443
1.464694
1.476645
1.486928
1.488777
1.479946
1.468474
1.465375
1.471208
1.485496
1.500097
1.513196
1.520550
1.525221
1.540380
1.551174
1.562214
1.572018
1.581354
1.588180
1.592349
1.598440
1.591721
1.568264
1.566395
1.574125
1.578303
1.584244
1.590189
1.583439
1.564232
1.563795
1.570749
1.579215
1.593358
1.599980
1.606125
1.611785
1.617815
1.623190
1.630872
1.635847
1.641332
1.645413
1.650658
1.655152
1.659793
1.665979
1.670379
1.674581
1.678071
1.680726
1.683167
1.688441
1.692139
1.695696
1.698907
1.701967
1.705502
1.708910
1.713564
1.716579
1.718405
1.721453
1.725042
1.727340
1.729636
1.733545
1.734643
1.735182
1.737901
1.740249
1.740263
1.742996
1.745148
1.747518
1.749596
1.752034
1.754269
1.756312
1.759607
1.761717
1.763803
1.764263
1.762901
1.762280
1.764871
1.766655
1.768481
1.770250
1.771234
1.773420
1.772628
1.771133
1.772859
1.774374
1.775915
1.777687
1.776531
1.778365
1.781524
1.782187
1.781117
1.775288
1.770640
1.765839
1.763306
1.764263
1.762908
1.756513
1.751252
1.747501
1.744040
1.746591
1.749248
1.750674
1.752618
1.754017
1.755604
1.758012
1.759663
1.761092
1.762252
1.763728
1.764915
1.764185
1.764719
1.765208
1.764457
1.763532
1.764927
1.765972
1.767307
1.769314
1.770490
1.770577
1.769593
1.768318
1.769126
1.771246
1.772077
1.772066
1.771883
1.773460
1.774485
1.775991
1.776259
1.770150
1.767016
1.767724
1.768718
1.770128
1.771864
1.772786
1.774246
1.775132
1.775945
1.776653
1.777841
1.779665
1.780878
1.781952
1.782883
1.782701
1.782443
1.783390
1.784452
1.782034
1.779956
1.780400
1.781519
1.782591
1.784336
1.784984
1.785909
1.786765
1.787595
1.788563
1.789400
1.788751
1.789721
1.789196
1.789670
1.788570
1.788092
1.788768
1.789528
1.790383
1.791186
1.792023
1.792421
1.792727
1.794537
1.795440
1.796244
1.796881
1.797774
1.798616
1.798643
1.799488
1.800599
1.801392
1.802152
1.802735
1.803497
1.804888
1.805462
1.805881
1.806498
1.807261
1.807676
1.808293
1.806838
1.804232
1.804768
1.805117
1.805522
1.806371
1.807591
1.808256
1.809043
1.809554
1.810232
1.810492
1.811416
1.812636
1.813228
1.813623
1.813994
1.814652
1.815282
1.815905
1.817072
1.817702
1.818046
1.818793
1.819548
1.820143
1.821129
1.820455
1.820343
1.820617
1.821279
1.821111
1.820308
1.817771
1.816358
1.816726
1.817289
1.818045
1.818614
1.819694
1.820262
1.820674
1.821213
1.821755
1.822302
1.822875
1.823972
1.826183
1.827324
1.827175
1.827567
1.828025
1.827815
1.828303
1.826950
1.822845
1.821906
1.822413
1.822868
1.824003
1.824487
1.824573
1.824616
1.824592
1.824079
1.824177
1.825081
1.825556
1.825944
1.826262
1.826472
1.826974
1.827845
1.828324
1.828826
1.829294
1.830150
1.833689
1.836103
1.837271
1.837753
1.837652
1.837238
1.838307
1.840265
1.841505
1.842536
1.842288
1.840350
1.837212
1.836374
1.836197
1.836928
1.837142
1.835952
1.833703
1.833688
1.834069
1.833508
1.830160
1.828703
1.829073
1.829511
1.828071
1.825655
1.825070
1.825455
1.825760
1.825922
1.823470
1.821891
1.821306
1.817856
1.815873
1.813998
1.811466
1.808212
1.805989
1.805731
1.806526
1.806842
1.806968
1.807532
1.807810
1.807492
1.807789
1.808147
1.806975
1.803135
1.801745
1.802036
1.802418
1.803349
1.803677
1.804263
1.804734
1.805212
1.805653
1.806478
1.806868
1.807605
1.807987
1.808258
1.807987
1.810092
1.812050
1.812488
1.812807
1.813195
1.813478
1.813990
1.814340
1.814128
1.814397
1.814809
1.814974
1.815391
1.815655
1.816562
1.816823
1.817337
1.817723
1.817762
1.817664
1.818487
1.818234
1.816032
1.813702
1.813517
1.814044
1.814425
1.814991
1.815180
1.813144
1.812647
1.813299
1.813687
1.813961
1.814402
1.813014
1.809510
1.806552
1.803228
1.801564
1.801872
1.801826
1.801526
1.802001
1.802402
1.802712
1.803217
1.803448
1.803816
1.804068
1.804425
1.804752
1.804773
1.804607
1.805402
1.804391
1.802154
1.802306
1.803241
1.805599
1.808981
1.810733
1.811762
1.813348
1.813885
1.814195
1.814611
1.815268
1.815570
1.815966
1.816978
1.817763
1.817764
1.817987
1.818745
1.819119
1.819444
1.819680
1.820105
1.820429
1.821067
1.820768
1.819462
1.819386
1.819481
1.817422
1.815057
1.814957
1.815273
1.815633
1.816008
1.816320
1.816467
1.817228
1.817566
1.817876
1.818242
1.818353
1.817916
1.817842
1.817909
1.817680
1.817913
1.817665
1.816377
1.816214
1.816527
1.817133
1.817466
1.817843
1.817392
1.814605
1.812826
1.812855
1.813155
1.813473
1.813669
1.813502
1.813493
1.813798
1.814470
1.814747
1.814873
1.815112
1.815061
1.815428
1.816069
1.816329
1.816678
1.816886
1.817357
1.817657
1.817913
1.817188
1.816572
1.816787
1.817521
1.817804
1.818168
1.818405
1.819068
1.819326
1.819661
1.819909
1.820034
1.820266
1.820682
1.820976
1.821312
1.821539
1.821761
1.822064
1.822382
1.822918
1.823170
1.823437
1.823737
1.823996
1.824281
1.824792
1.825031
1.825383
1.825898
1.827003
1.826237
1.825824
1.824735
1.823297
1.823085
1.822446
1.822025
1.822212
1.822526
1.823092
1.823369
1.823560
1.823851
1.824105
1.824295
1.824328
1.823701
1.823893
1.824184
1.824449
1.824132
1.822516
1.822450
1.822718
1.823040
1.823358
1.823756
1.824063
1.824611
1.824841
1.825153
1.825422
1.825568
1.825748
1.826003
1.826462
1.826709
1.826957
1.827200
1.827461
1.827709
1.827893
1.828431
1.828705
1.828907
1.829017
1.828894
1.828626
1.828749
1.829010
1.829168
1.829444
1.829650
1.830252
1.830753
1.830836
1.830991
1.831188
1.831500
1.831716
1.831997
1.832467
1.832191
1.832133
1.832406
1.832659
1.832817
1.833158
1.833704
1.834053
1.833816
1.833927
1.834130
1.834360
1.834606
1.835169
1.835354
1.835573
1.835746
1.835904
1.835778
1.836262
1.837042
1.838645
1.840056
1.841538
1.843545
1.844999
1.845526
1.845727
1.845959
1.846181
1.846343
1.846548
1.846969
1.847185
1.847391
1.847599
1.847746
1.847793
1.848018
1.848465
1.848650
1.848863
1.849054
1.848875
1.848649
1.848938
1.849386
1.849807
1.850054
1.850242
1.850665
1.850991
1.851386
1.851598
1.851808
1.852006
1.852221
