1.61749
1.61789
2.11767
2.61756
3.11768
3.62994
4.11925
4.63473
5.1176
5.63322
6.11906
6.6185
7.1176
7.648
8.11843
8.62365
9.11757
9.63988
10.1195
10.62
11.1176
11.6448
12.1191
12.619
13.1176
13.6422
14.1193
14.6256
15.1178
15.6345
16.1194
16.6191
17.1176
17.634
18.1287
18.626
19.1205
19.641
20.1181
20.6223
21.1176
21.6406
22.1193
22.6204
23.1176
23.6408
24.1185
24.6179
25.1177
25.6388
26.1187
26.6259
27.1176
27.6341
28.118
28.6182
29.1176
29.6451
30.1183
30.6188
31.1176
31.6358
32.1189
32.62
33.1176
33.6467
34.1187
34.6354
35.1176
35.6409
36.1192
36.6242
37.1176
37.6358
38.1181
38.6223
39.1176
39.6424
40.1186
40.6191
41.1177
41.6421
42.119
42.6266
43.1214
43.6322
44.1186
44.6188
45.1428
45.6453
46.1224
46.6199
47.1238
47.6307
48.121
48.6184
49.1207
49.6343
50.1195
50.6278
51.1242
51.6317
52.1248
52.621
53.1177
53.6388
54.127
54.6253
55.1197
55.6403
56.133
56.6275
57.123
57.6392
58.1254
58.6418
59.1278
59.6305
60.1182
60.6192
61.1177
61.6397
62.1198
62.618
63.127
63.6448
64.1226
64.628
65.1242
65.6333
66.128
66.6283
67.1315
67.6547
68.1295
68.6307
69.1304
69.6491
70.1268
70.6215
71.1253
71.6462
72.1201
72.6296
73.1282
73.6451
74.1268
74.6288
75.1326
75.6449
76.1289
76.6299
77.1276
77.6434
78.1257
78.6331
79.1299
79.6449
80.1291
80.6373
81.134
81.6452
82.1335
82.6382
83.1331
83.6371
84.1469
84.6387
85.1472
85.6464
86.1427
86.6284
87.1291
87.6486
88.1347
88.6388
89.1331
89.6482
90.1361
90.6493
91.1332
91.6397
92.1333
92.6347
93.1344
93.6569
94.1338
94.6341
95.1344
95.6458
96.1336
96.6334
97.134
97.6418
98.1356
98.6571
99.1333
99.6512
100.134
100.655
101.134
101.659
102.148
102.644
103.151
103.656
104.133
104.635
105.134
105.655
106.134
106.636
107.134
107.651
108.133
108.638
109.135
109.665
110.134
110.639
111.134
111.654
112.133
112.634
113.135
113.674
114.133
114.634
115.134
115.673
116.135
116.633
117.144
117.66
118.139
118.634
119.14
119.651
120.133
120.646
121.149
121.646
122.134
122.643
123.135
123.657
124.134
124.635
125.134
125.658
126.133
126.635
127.134
127.647
128.135
128.635
129.134
129.641
130.133
130.635
131.159
131.65
132.134
132.634
133.137
133.641
134.133
134.635
135.135
135.653
136.133
136.643
137.133
137.641
138.133
138.64
139.133
139.64
140.133
140.638
141.134
141.642
142.133
142.633
143.133
143.643
144.134
144.635
145.134
145.649
146.133
146.634
147.135
147.643
148.133
148.634
149.134
149.641
150.137
150.635
151.14
151.642
152.133
152.651
153.142
153.638
154.145
154.636
155.135
155.637
156.134
156.635
157.134
157.638
158.134
158.634
159.134
159.649
160.133
160.636
161.134
161.656
162.135
162.634
163.135
163.657
164.134
164.635
165.148
165.644
166.133
166.649
167.133
167.648
168.134
168.645
169.136
169.642
170.134
170.635
171.134
171.652
172.133
172.635
173.134
173.658
174.135
174.635
175.134
175.65
176.134
176.649
177.134
177.647
178.133
178.636
179.133
179.641
180.134
180.638
181.134
181.653
182.133
182.635
183.149
183.65
184.134
184.634
185.134
185.654
186.134
186.644
187.134
187.643
188.134
188.637
189.134
189.647
190.134
190.644
191.134
191.646
192.149
192.645
193.134
193.644
194.134
194.644
195.135
195.645
196.152
196.639
197.133
197.646
198.134
198.649
199.133
199.678
200.133
200.645
201.143
201.643
202.135
202.634
203.133
203.642
204.135
204.635
205.134
205.659
206.135
206.648
207.158
207.639
208.134
208.64
209.134
209.639
210.133
210.646
211.133
211.645
212.161
212.642
213.133
213.639
214.135
214.648
215.135
215.656
216.137
216.637
217.139
217.642
218.136
218.647
219.133
219.638
220.133
220.641
221.135
221.64
222.135
222.635
223.133
223.641
224.135
224.636
225.133
225.643
226.143
226.642
227.135
227.644
228.134
228.638
229.134
229.661
230.134
230.647
231.134
231.641
232.134
232.651
233.134
233.652
234.133
234.646
235.133
235.645
236.134
236.65
237.133
237.645
238.16
238.643
239.134
239.641
240.136
240.646
241.133
241.639
242.133
242.636
243.134
243.637
244.134
244.631
245.13
245.637
246.133
246.626
247.128
247.626
248.128
248.622
249.121
249.636
250.128
250.62
251.131
251.638
252.122
252.628
253.155
253.637
254.12
254.63
255.125
255.639
256.127
256.643
257.123
257.637
258.134
258.625
259.133
259.63
260.126
260.634
261.123
261.645
262.12
262.628
263.124
263.636
264.127
264.632
265.131
265.634
266.122
266.633
267.131
267.646
268.125
268.623
269.12
269.632
270.124
270.629
271.13
271.634
272.134
272.626
273.128
273.633
274.14
274.624
275.126
275.63
276.147
276.621
277.122
277.642
278.128
278.622
279.123
279.629
280.12
280.621
281.139
281.632
282.118
282.625
283.119
283.623
284.118
284.619
285.118
285.645
286.127
286.625
287.122
287.627
288.118
288.623
289.118
289.647
290.123
290.619
291.118
291.634
292.121
292.621
293.118
293.643
294.119
294.633
295.12
295.649
296.119
296.62
297.118
297.632
298.118
298.62
299.126
299.629
300.125
300.637
301.124
301.63
302.119
302.645
303.12
303.63
304.118
304.637
305.122
305.653
306.121
306.62
307.118
307.631
308.133
308.619
309.118
309.626
310.119
310.62
311.118
311.632
312.118
312.625
313.118
313.659
314.119
314.618
315.118
315.642
316.118
316.643
317.118
317.647
318.119
318.62
319.118
319.637
320.119
320.638
321.118
321.632
322.119
322.619
323.118
323.638
324.118
324.619
325.118
325.625
326.119
326.624
327.118
327.629
328.118
328.619
329.118
329.641
330.119
330.641
331.118
331.627
332.118
332.619
333.118
