0.000000
0.000000
0.002000
0.002000
0.002000
45.670000
50.244000
60.510000
67.188000
77.895000
83.539000
90.687000
94.796000
102.163000
106.827000
121.460000
137.848000
147.786000
154.399000
169.144000
179.995000
188.354000
198.804000
209.759000
219.438000
235.620000
247.027000
271.007000
274.568000
275.840000
283.664000
298.573000
312.900000
319.299000
322.393000
327.321000
331.900000
333.749000
340.671000
350.926000
357.590000
370.772000
391.876000
402.169000
409.484000
414.598000
414.942000
417.278000
417.384000
417.848000
424.053000
433.456000
440.925000
444.931000
446.562000
453.182000
454.270000
458.217000
465.256000
470.037000
471.572000
471.727000
471.833000
475.682000
481.216000
493.706000
511.128000
530.642000
541.593000
557.340000
568.627000
579.684000
587.821000
599.033000
609.081000
618.097000
630.014000
643.426000
663.395000
676.105000
684.077000
695.549000
708.258000
723.751000
735.943000
745.810000
755.327000
772.222000
786.860000
799.259000
810.538000
814.881000
821.823000
833.602000
848.472000
851.829000
852.602000
856.768000
862.496000
874.657000
884.675000
893.314000
901.997000
909.095000
912.929000
920.611000
932.103000
948.224000
953.863000
955.878000
963.825000
978.663000
994.302000
1007.707000
1018.255000
1025.006000
1029.570000
1038.069000
1046.738000
1058.299000
1066.510000
1073.863000
1082.966000
1095.214000
1096.484000
1098.589000
1108.139000
1115.904000
1116.333000
1116.545000
1116.832000
1117.705000
1119.572000
1119.923000
1120.004000
1120.040000
1120.088000
1120.098000
1120.099000
1120.219000
1120.433000
1123.502000
1128.699000
1136.763000
1144.762000
1155.742000
1165.483000
1173.677000
1179.297000
1189.415000
1202.010000
1214.947000
1225.847000
1239.290000
1248.537000
1265.276000
1273.992000
1285.329000
1297.409000
1309.769000
1320.560000
1324.830000
1334.085000
1344.550000
1351.862000
1358.869000
1365.612000
1372.081000
1378.816000
1389.735000
1397.143000
1408.044000
1421.491000
1424.411000
1424.648000
1428.182000
1436.973000
1452.589000
1459.817000
1470.035000
1480.547000
1493.133000
1496.565000
1499.759000
1504.604000
1510.977000
1517.146000
1523.285000
1530.993000
1541.563000
1552.105000
1566.208000
1577.900000
1588.049000
1592.388000
1597.061000
1605.798000
1610.687000
1615.069000
1621.262000
1628.971000
1634.951000
1640.225000
1656.460000
1674.897000
1681.607000
1685.853000
1687.116000
1692.298000
1698.996000
1701.054000
1701.884000
1701.897000
1702.185000
1706.381000
1710.396000
1712.917000
1719.643000
1724.771000
1735.340000
1744.140000
1752.252000
1758.272000
1768.904000
1777.925000
1785.445000
1789.948000
1795.144000
1799.627000
1805.902000
1809.237000
1816.368000
1826.800000
1838.454000
1846.720000
1854.323000
1855.546000
1856.762000
1856.882000
1857.044000
1863.915000
1866.661000
1867.416000
1868.334000
1870.736000
1875.580000
1881.557000
1892.473000
1901.979000
1908.419000
1913.521000
1922.216000
1929.402000
1936.197000
1942.459000
1951.493000
1960.342000
1969.132000
1975.828000
1983.922000
1990.906000
1998.102000
2003.630000
2012.205000
2027.600000
2032.078000
2037.267000
2042.108000
2045.147000
2052.784000
2057.525000
2058.865000
2059.571000
2059.629000
2059.651000
2059.653000
2059.658000
2059.667000
2059.693000
2059.715000
2059.726000
2059.733000
2059.743000
2059.743000
2059.778000
2059.793000
2059.817000
2066.343000
2067.469000
2074.065000
2077.546000
2079.560000
2080.244000
2080.332000
2080.428000
2081.909000
2088.857000
2095.582000
2101.269000
2112.038000
2121.794000
2126.902000
2131.022000
2143.449000
2152.762000
2158.731000
2160.157000
2166.916000
2167.444000
2167.728000
2167.800000
2167.822000
2168.073000
2168.674000
2169.449000
2171.337000
2172.272000
2176.908000
2181.049000
2183.401000
2190.009000
2193.097000
2194.774000
2209.870000
2218.852000
2232.728000
2239.600000
2244.919000
2252.224000
2263.021000
2270.755000
2274.981000
2286.017000
2286.314000
2289.275000
2294.378000
2295.083000
2295.227000
2295.370000
2296.418000
2303.712000
2313.677000
2322.497000
2327.328000
2330.446000
2331.836000
2343.438000
2350.560000
2352.255000
2352.935000
2352.980000
2352.986000
2352.987000
2352.987000
2352.989000
2352.998000
2353.001000
2353.045000
2353.054000
2353.065000
2357.933000
2374.010000
2380.208000
2386.836000
2388.896000
2389.391000
2389.444000
2390.523000
2392.117000
2392.131000
2392.132000
2392.161000
2392.161000
2392.165000
2392.248000
2398.848000
2401.553000
2405.353000
2411.229000
2419.391000
2427.020000
2444.226000
2461.534000
2481.232000
2494.200000
2507.228000
2518.347000
2526.329000
2532.483000
2543.521000
2555.552000
2561.206000
2564.161000
2568.864000
2575.119000
2585.111000
2600.122000
2608.911000
2621.570000
2626.521000
2628.530000
2631.813000
2635.026000
2636.541000
2636.787000
2636.945000
2637.116000
2637.267000
2637.279000
2638.215000
2639.347000
2640.529000
2643.317000
2648.515000
2651.040000
2657.674000
2663.580000
2663.934000
2664.134000
2678.194000
2680.660000
2682.881000
2686.875000
2689.161000
2689.468000
2690.029000
2690.597000
2692.181000
2694.152000
2698.262000
2702.449000
2705.709000
2709.801000
2714.818000
2718.517000
2724.354000
2728.381000
2731.200000
2731.371000
2731.374000
2731.374000
2731.593000
2732.001000
2732.197000
2732.529000
2735.039000
2735.592000
2736.176000
2736.191000
2736.423000
2737.048000
2739.014000
2740.489000
2741.505000
2742.470000
2742.907000
2743.983000
2745.217000
2745.295000
2746.655000
2751.365000
2755.444000
2758.425000
2759.858000
2760.126000
2761.412000
2762.143000
2762.255000
2762.352000
2762.423000
2762.452000
2762.509000
2762.610000
2762.695000
2762.703000
2762.716000
2762.859000
2766.837000
2774.294000
2778.308000
2781.217000
2783.897000
2785.215000
2785.862000
2786.935000
2788.550000
2788.847000
2788.875000
2789.047000
2789.059000
2789.085000
2789.142000
2789.142000
2789.219000
2789.221000
2789.221000
2789.222000
2789.249000
2789.281000
2789.403000
2789.517000
2789.551000
2789.578000
2789.630000
2789.649000
2789.683000
2789.719000
2789.832000
2789.953000
2789.961000
2789.998000
2790.003000
2790.003000
2790.022000
2790.120000
2790.121000
2790.125000
2790.152000
2790.184000
2790.188000
2790.192000
2790.198000
2790.203000
2790.544000
2794.677000
2800.897000
2804.410000
2809.620000
2815.007000
2820.207000
2822.338000
2823.559000
2826.116000
2833.839000
2841.777000
2849.555000
2855.433000
2863.290000
2870.825000
2876.363000
2880.070000
2884.590000
2889.731000
2895.878000
2903.007000
2916.982000
2927.215000
2930.863000
2931.450000
2931.589000
2931.818000
2931.910000
2931.911000
2932.046000
2932.166000
2932.398000
2932.979000
2933.133000
2933.209000
2933.375000
2933.412000
2938.749000
2939.233000
2939.329000
2939.376000
2939.895000
2940.633000
2941.889000
2942.209000
2942.396000
2942.400000
2942.407000
2942.424000
2942.430000
2942.431000
2942.439000
2942.626000
2942.763000
2942.815000
2942.841000
2943.356000
2948.498000
2953.128000
2965.792000
2974.924000
2985.250000
2999.180000
3010.267000
3016.397000
3023.965000
3032.340000
3048.262000
3063.263000
3072.749000
3077.177000
3081.763000
3085.326000
3090.190000
3094.903000
3097.340000
3098.070000
3098.193000
3098.270000
3098.380000
3098.510000
3098.616000
3098.747000
3103.332000
3107.922000
3112.306000
3115.709000
3118.141000
3120.016000
3121.288000
3121.678000
3122.001000
3122.034000
3122.073000
3122.078000
3122.105000
3122.152000
3122.158000
3122.166000
3122.210000
3122.249000
3122.359000
3122.373000
3122.373000
3122.375000
3122.377000
3122.393000
3122.404000
3122.600000
3122.873000
3123.091000
3123.236000
3123.362000
3126.098000
3128.812000
3130.336000
3130.511000
3130.740000
3130.853000
3131.188000
3131.683000
3131.775000
3132.233000
3132.468000
3132.648000
3135.598000
3142.803000
3151.341000
3152.363000
3154.101000
3154.692000
3154.770000
3154.771000
3154.833000
3154.840000
3154.840000
3154.851000
3154.858000
3154.984000
3156.137000
3158.152000
