0.011318
0.008541
0.006141
0.008333
0.014967
0.013969
0.011272
0.006720
0.006334
0.004901
0.007155
0.004321
0.003505
0.004770
0.001923
0.010792
0.003505
0.004403
0.012071
0.012499
0.008518
0.011662
0.008918
0.008001
0.009400
0.008151
0.008309
0.009799
0.007128
0.013431
0.009000
0.006504
0.009768
0.013738
0.014184
0.014802
0.014202
0.012640
0.018096
0.017681
0.014335
0.011380
0.007605
0.011497
0.008872
0.010710
0.010518
0.009182
0.007698
0.008471
0.007351
0.006511
0.008621
0.007785
0.008297
0.005968
0.005745
0.006775
0.004773
0.006915
0.006032
0.007072
0.009481
0.009512
0.014705
0.020100
0.011870
0.015445
0.006939
0.008537
0.006511
0.006236
0.008580
0.009305
0.011597
0.008193
0.011027
0.009994
0.011260
0.016342
0.015622
0.012459
0.012542
0.011630
0.015066
0.014747
0.014580
0.018254
0.021595
0.009531
0.007774
0.010348
0.009841
0.011441
0.016904
0.015794
0.016732
0.008857
0.007001
0.006839
0.009780
0.009414
0.006594
0.005156
0.006864
0.012357
0.012432
0.011818
0.009133
0.021033
0.017288
0.014257
0.011315
0.016635
0.010293
0.013809
0.012221
0.014593
0.018750
0.020326
0.018336
0.013811
0.016514
0.016281
0.012525
0.014589
0.009463
0.009646
0.006474
0.010462
0.010809
0.008098
0.007082
0.005704
0.004927
0.005930
0.005687
0.015681
0.008465
0.010009
0.007602
0.008442
0.010245
0.013400
0.020079
0.016157
0.024224
0.015921
0.011786
0.013246
0.010196
0.011404
0.011099
0.014262
0.007055
0.011006
0.009105
0.005936
0.006145
0.005877
0.010764
0.013023
0.006656
0.014636
0.010272
0.006238
0.009173
0.011227
0.011828
0.012167
0.011594
0.010185
0.011684
0.011464
0.013889
0.010793
0.008432
0.010772
0.008050
0.008847
0.008058
0.008157
0.008117
0.006563
0.007231
0.010621
0.010232
0.011848
0.008128
0.008572
0.003732
0.004265
0.006089
0.007191
0.008955
0.010345
0.009169
0.010754
0.012443
0.013320
0.012211
0.010816
0.010499
0.014457
0.012654
0.017045
0.021144
0.018887
0.021666
0.015448
0.013950
0.010502
0.008821
0.005894
0.005431
0.005752
0.007704
0.011323
0.010726
0.011074
0.011326
0.009609
0.008499
0.007842
0.004524
0.008782
0.007416
0.010428
0.006858
0.003955
0.008686
0.006944
0.008264
0.006415
0.014490
0.011971
0.018157
0.018933
0.018903
0.014051
0.013827
0.013322
0.013724
0.015673
0.012842
0.011044
0.011042
0.011066
0.006515
0.008916
0.010052
0.011690
0.014609
0.007115
0.006812
0.011320
0.007295
0.015053
0.011387
0.009572
0.017639
0.013484
0.024342
0.018741
0.019607
0.019872
0.019788
0.016925
0.010671
0.012372
0.009017
0.006732
0.010091
0.008783
0.006849
0.007214
0.013905
0.014506
0.012046
0.011039
0.009371
0.008032
0.019327
0.028562
0.031240
0.022667
0.017942
0.014078
0.011493
0.014477
0.013756
0.014912
0.008264
0.006120
0.003474
0.002089
0.004348
0.005190
0.006359
0.005555
0.007083
0.004235
0.010253
0.013716
0.014992
0.014700
0.017033
0.014888
0.012979
0.009624
0.006563
0.008335
0.020851
0.012163
0.011882
0.015437
0.015648
0.014103
0.010026
0.006160
0.006981
0.004518
0.004528
0.006415
0.008770
0.006618
0.002736
0.005622
0.008841
0.013119
0.019296
0.014313
0.010234
0.007787
0.013885
0.017246
0.028026
0.025415
0.017107
0.015606
0.013540
0.006958
0.013216
0.010015
0.007083
0.008635
0.013920
0.014510
0.017390
0.011419
0.011027
0.008418
0.007970
0.007452
0.017317
0.011471
0.010036
0.012100
0.007766
0.009189
0.014782
0.009524
0.011788
0.011069
0.012637
0.019629
0.024198
0.017571
0.018086
0.017828
0.021988
0.023194
0.023083
0.022273
0.024082
0.025271
0.025312
0.028147
0.027213
0.023361
0.031069
0.030353
0.023621
0.025470
0.022580
0.020425
0.027271
0.021449
0.021225
0.019008
0.011499
0.012509
0.007372
0.020093
0.019951
0.014867
0.013287
0.013732
0.019879
0.012268
0.010492
0.009929
0.009526
0.010564
0.010312
0.008717
0.006829
0.006221
0.005664
0.008201
0.013258
0.010349
0.006877
0.015300
0.014827
0.011601
0.012569
0.013810
0.017469
0.016015
0.009193
0.012119
0.008242
0.008546
0.009363
0.009968
0.008220
0.007834
0.011794
0.007398
0.007619
0.005838
0.007330
0.005879
0.004782
0.004825
0.005479
0.007888
0.007436
0.007968
0.009252
0.012184
0.012301
0.011058
0.011776
0.011417
0.011878
0.016299
0.016488
0.014161
0.009865
0.007881
0.007912
0.007868
0.005546
0.007861
0.009801
0.011870
0.005019
0.007915
0.007398
0.007846
0.009941
0.008535
0.007384
0.011303
0.012172
0.012840
0.011162
0.011438
0.012756
0.015876
0.013172
0.013747
0.014838
0.018883
0.016768
0.023164
0.020228
0.014709
0.015993
0.020039
0.020174
0.022078
0.025250
0.032896
0.030533
0.024394
0.026277
0.027715
0.016587
0.013811
0.008236
0.010056
0.009457
0.014137
0.007278
0.006228
0.007504
0.005975
0.011182
0.014140
0.011153
0.011464
0.009700
0.013875
0.012007
0.021914
0.024039
0.022268
0.035656
0.039528
0.019485
0.005617
0.006609
0.003723
0.011688
0.017047
0.018678
0.016290
0.016922
0.017574
0.026883
0.021502
0.022212
0.021978
0.014817
0.012053
0.010685
0.012931
0.008346
0.010025
0.010885
0.013116
0.012787
0.016060
0.016500
0.017156
0.012523
0.016569
0.013894
0.015153
0.016656
0.012107
0.010395
0.017287
0.017278
0.024542
0.023330
0.018964
0.016173
0.014298
0.014642
0.012015
0.014948
0.014579
0.010524
0.007896
0.005204
0.011480
0.008162
0.012687
0.011962
0.010490
0.007140
0.007092
0.011148
0.014214
0.015322
0.014638
0.013603
0.012490
0.022260
0.014780
0.013862
0.009815
0.010995
0.017550
0.015733
0.018895
0.017488
0.015145
0.012675
0.011568
0.005201
0.015779
0.016195
0.015881
0.013010
0.017006
0.017506
0.014602
0.020503
0.012116
0.016766
0.013255
0.013500
0.014274
0.015881
0.020833
0.020842
0.015850
0.012726
0.015331
0.017049
0.017493
0.008585
0.009119
0.005802
0.007650
0.008111
0.008158
0.008159
0.009656
0.011001
0.013220
0.013326
0.011135
0.012399
0.009309
0.007765
0.009095
0.006574
0.013303
0.009365
0.008406
0.012642
0.019420
0.022830
0.021563
0.021954
0.023590
0.018392
0.017501
0.019016
0.016155
0.011540
0.007921
0.011333
0.004183
0.005935
0.011309
0.013200
0.013990
0.009842
0.012405
0.013255
0.017809
0.016358
0.017574
0.008170
0.004205
0.006992
0.014112
0.009986
0.011748
0.023236
0.016034
0.020993
0.019404
0.015855
0.020105
0.033083
0.024328
0.013127
0.011337
0.012742
0.023918
0.011776
0.009042
0.008161
0.011273
0.008820
0.006965
0.007676
0.006731
0.007064
0.007537
0.011393
0.011211
0.012851
0.013027
0.009249
0.009324
0.008072
0.011626
0.009242
0.019642
0.032295
0.025824
0.016948
0.016660
0.016656
0.011860
0.015070
0.014471
0.018467
0.013418
0.015130
0.006070
0.002235
0.003971
0.003937
0.009438
0.012175
0.028933
0.025697
0.018972
0.014241
0.006928
0.004662
0.005008
0.007792
0.009278
0.016393
0.016170
0.031474
0.026093
0.023758
0.012918
0.012342
0.008749
0.010890
0.012881
0.016273
0.014588
0.009245
0.004833
0.006707
0.011553
0.015544
0.012945
0.016990
0.014184
0.015725
0.021695
0.017496
0.010861
0.010436
0.015894
0.024349
0.015000
0.014108
0.017753
0.023146
0.017372
0.016972
0.016745
0.017186
0.016656
0.013288
0.012042
0.009353
0.006310
0.006905
0.013749
0.011976
0.017080
0.018199
0.013364
0.018200
0.021003
0.017511
0.015777
0.013185
0.019420
0.014964
0.016578
0.015681
0.008929
0.008336
0.014833
0.013109
0.019484
0.021080
0.023605
0.028525
0.019165
0.016557
0.013302
0.011716
0.015845
0.014221
0.020213
0.018683
0.016813
0.009041
0.006651
0.008477
0.010494
0.034262
0.031210
0.020274
0.018358
0.017425
0.011917
0.015068
0.012293
0.011513
0.013022
0.014440
0.015190
0.021312
0.018383
0.017112
0.011271
0.009252
0.009391
0.009554
0.011049
0.015210
0.015366
0.009870
0.013324
0.012451
0.015075
0.013702
0.012330
0.007244
0.014919
0.009511
0.008836
0.009727
0.005801
0.010511
0.009251
0.010462
0.016962
0.016670
0.014656
0.011751
0.004973
0.006149
0.006825
0.003970
0.004575
0.012259
0.020383
0.017105
0.014625
0.014983
0.014370
0.014527
0.020488
0.014109
0.015302
0.005034
0.013207
0.008514
0.008657
0.006124
0.012227
0.007062
0.006679
0.010724
0.007030
0.013291
0.017569
0.010514
0.007543
0.008065
0.004742
0.004703
0.007199
0.006115
0.004344
0.014583
0.017245
0.008583
0.008351
0.009994
0.008276
0.010034
0.009228
0.013641
0.012779
0.006528
0.016119
0.006213
0.006234
0.006229
0.006208
0.006297
0.006211
0.006239
0.006234
0.013363
0.011828
0.012088
0.018241
0.017431
0.014767
0.010985
0.011233
0.007301
0.016580
0.014299
0.005635
0.006062
0.007148
0.010916
0.009431
0.006874
0.006910
0.006350
0.010915
0.007941
0.004328
0.011282
0.009448
0.007653
0.007212
0.014862
0.013181
0.007242
0.006934
0.004318
0.006106
0.012300
0.010540
0.011586
0.012261
0.018059
0.017689
0.013843
0.013213
0.013847
0.021623
0.020200
0.015771
0.021022
0.019718
0.017435
0.016814
0.015886
0.013905
0.012097
0.011657
0.016549
0.015962
0.017888
0.015650
0.013846
0.016374
0.013023
0.010174
0.017085
0.015940
0.015461
0.014284
0.011898
0.018741
0.015929
0.015350
0.014114
0.004411
0.002587
0.007480
0.007880
0.007638
0.007617
0.006591
0.006614
0.006591
0.006605
0.006562
0.006676
0.006660
0.006635
0.006672
0.006660
0.006655
0.006672
0.006665
0.007336
0.008546
0.005070
0.006981
0.005846
0.009120
0.014134
0.014179
0.014190
0.014307
0.014607
0.015195
0.011817
0.007470
0.006603
0.005388
0.006005
0.006276
0.006122
0.005176
0.004050
0.016196
0.029694
0.027251
0.026071
0.025917
0.020864
0.022659
0.022676
0.014832
0.011469
0.009651
0.009645
0.010576
0.006579
0.007295
0.007620
0.011226
0.009882
0.014308
0.015639
0.013134
0.008695
0.011524
0.007986
0.006702
0.029873
0.026617
0.018480
0.013073
0.004558
0.006984
0.011208
0.014314
0.024205
0.062825
0.064357
0.033034
0.035596
0.019309
0.042856
0.017103
0.017006
0.008757
0.026703
0.036329
0.035618
0.034136
0.026046
0.031697
0.031825
0.017459
0.012309
0.011140
0.013572
0.049109
0.036063
0.025348
0.025754
0.017618
0.019598
0.023452
0.018227
0.010711
0.009460
0.010310
0.011276
0.010494
0.005180
0.004892
0.006156
0.009710
0.003698
0.006485
0.006934
0.007180
0.007871
0.007062
0.006663
0.011383
0.016785
0.017016
0.009996
