0.000000
0.000000
0.200000
0.700000
1.246667
1.846667
2.474416
3.467799
4.472583
5.465683
6.455848
7.438290
8.289383
8.915449
9.667609
10.662930
11.622034
12.606099
13.590688
14.646682
15.636976
16.625961
17.546943
18.413297
19.056273
19.851763
20.899549
21.884221
22.879769
23.867670
24.848351
25.835475
26.717287
27.738234
28.405181
29.253756
30.241179
31.222485
32.209245
33.246959
34.179886
35.122075
36.110797
37.099366
38.085370
39.059852
40.112400
41.094732
42.078769
42.905160
43.764836
44.752230
45.802927
46.787311
47.757568
48.721473
49.581364
50.428408
51.410599
52.421576
53.324277
54.218371
55.130095
55.562220
55.803873
56.643750
57.545057
57.914548
58.654430
59.545547
60.529084
61.500646
62.524696
63.505456
64.491178
65.488420
66.475814
67.466135
68.453584
69.509756
70.499381
71.485684
72.476495
73.465486
74.453048
75.487253
76.443521
77.282537
78.267861
79.144859
79.886031
80.821611
81.840673
82.706009
83.550941
84.454080
85.348219
85.984175
86.735630
87.777436
88.745742
89.735537
90.721942
91.711696
92.682034
93.655705
94.448697
95.160147
95.980679
96.958893
97.839698
98.708900
99.779419
100.722294
101.599432
102.292147
102.994714
103.885539
104.751110
105.394381
106.173909
107.129680
108.116220
109.099188
109.989750
110.625088
111.257221
111.927106
112.782876
113.728589
114.231353
114.960500
116.019043
116.999409
117.862400
118.781710
119.768476
120.728745
121.688021
122.624045
123.259884
123.730157
124.546352
125.531606
126.501444
127.550466
128.537033
129.515565
130.433065
131.419392
132.382979
133.422068
134.406591
135.396641
136.360869
137.363208
138.221039
139.173594
140.224908
141.210919
142.173331
143.147398
144.134126
145.106528
146.081160
147.030850
148.002207
148.975917
149.915519
150.819029
151.786687
152.691019
153.356561
154.169213
155.081732
156.024197
157.000901
157.790447
158.456544
159.134721
160.077683
161.067472
161.976745
162.928042
163.790788
164.629783
165.319432
166.176925
167.176014
168.077596
169.053065
170.071690
171.033028
171.821263
172.680051
173.668891
174.651720
175.584470
176.313820
177.018967
177.714667
178.678398
179.668640
180.652699
181.708664
182.681603
183.655067
184.641366
185.328254
185.825687
186.657455
187.701348
188.429372
189.001554
189.801773
190.660956
191.611699
192.099092
192.728011
193.694297
194.562429
195.478390
196.449201
197.432170
198.455703
199.447097
200.435467
201.409583
202.393491
203.374165
204.350481
205.271783
206.114070
207.075892
208.051472
209.039121
210.028114
211.027453
211.701256
212.509209
213.350184
214.091923
215.087270
216.047291
217.076496
218.049652
218.874307
219.701596
220.602759
221.586540
222.645354
223.550416
224.136694
224.914025
225.804929
226.782422
227.756140
228.734919
229.714521
230.547478
231.419684
232.342143
233.320013
234.299488
235.355001
236.314481
237.117205
237.947275
238.880244
239.854106
240.889944
241.794297
242.756456
243.751637
244.685518
245.657033
246.644795
247.692781
248.650303
249.638758
250.612448
251.562073
252.550710
253.604260
254.582038
255.567858
256.555694
257.453623
258.192077
259.154275
260.208448
261.200473
262.183151
263.160849
264.154506
265.126349
266.091147
267.134701
268.092826
269.061901
270.035793
270.993420
271.772658
272.667001
273.632697
274.559505
275.362053
276.224165
277.194243
278.152204
279.171610
280.098994
281.043502
282.038249
282.988926
283.529214
284.230887
285.299204
286.297849
287.277539
288.233962
289.212754
290.193116
291.248051
292.206351
292.857789
293.422607
294.399125
295.388699
296.261709
296.895880
297.699379
298.678479
299.488341
300.032175
300.685196
301.272315
301.883272
302.593207
303.236757
304.162683
304.733402
304.915528
305.490096
306.436209
307.425381
308.405041
309.208865
310.021647
311.066003
312.057146
313.031991
313.961341
314.904152
315.897782
316.862366
317.894703
318.877559
319.860232
320.847857
321.836865
322.828703
323.796383
324.841096
325.825615
326.812300
327.785702
328.783451
329.756784
330.810452
331.794457
332.772427
333.746168
334.736894
335.698580
336.669977
337.721386
338.690573
339.677162
340.434197
341.397002
342.262176
343.213526
343.967133
344.536715
345.474646
346.353742
347.301960
348.213248
348.754626
349.372699
350.238815
350.776499
351.451540
352.415898
353.293566
354.304242
354.947373
355.663522
356.562070
357.526211
358.431937
359.444521
360.165776
360.781515
361.213550
361.413663
362.061068
362.969889
363.991084
364.725075
365.485487
366.290193
366.772131
367.700175
368.717485
369.653660
370.643912
371.603960
372.408761
373.319190
374.142518
375.080068
375.998297
376.912424
377.802943
378.721308
379.670924
380.622875
381.689134
382.651731
383.625776
384.586390
385.495165
386.368156
387.409339
388.350495
389.260775
390.004297
390.541381
391.174229
392.126826
393.087372
393.933360
394.633404
395.409391
396.383009
397.343374
398.390715
399.377082
400.351896
401.330432
402.324522
403.290082
404.279828
405.333599
406.445434
407.302849
408.289918
409.280861
410.265019
411.322587
411.879436
412.265477
413.182636
414.005438
414.563514
415.410022
416.463080
417.430816
418.131796
418.979235
419.787648
420.631695
421.570738
422.595219
423.535677
424.522425
425.337449
425.944888
426.879832
427.804270
428.651014
429.495334
430.485173
431.468792
432.361394
433.284929
433.930740
434.728540
435.706310
436.704271
437.701257
438.658790
439.641737
440.684724
441.675434
442.665713
443.615764
444.584712
445.573207
446.440488
447.406906
448.387456
449.376184
450.356476
451.329614
452.326220
453.399771
454.314339
455.215535
456.189832
457.222636
458.198212
458.971400
459.857859
460.844651
461.835344
462.811803
463.801722
464.791274
465.846186
466.829086
467.819521
468.799298
469.759604
470.622117
471.507955
472.528761
473.501962
474.324516
475.187470
476.046607
476.409163
477.049154
477.793943
478.353386
479.207858
479.854665
480.263451
480.897906
481.746817
482.701512
483.668613
484.643316
485.622022
486.611160
487.651339
488.593748
489.289315
490.250547
491.058602
492.225271
493.224568
494.219720
495.014711
495.956258
496.827531
497.741237
498.642291
499.640458
500.692487
501.676232
502.642646
503.631587
504.610305
505.473394
506.403961
507.235544
507.826874
508.674577
509.658096
510.542593
511.103140
511.103140
511.103140
511.103140
511.142962
511.697817
512.661422
513.707238
514.689107
515.676037
516.659691
517.650552
518.628951
519.608454
520.739995
521.493362
522.037550
522.935164
523.909806
524.898960
525.875192
526.772344
527.734901
528.703389
529.890060
530.660287
530.796218
530.796218
530.796218
530.796218
530.796218
531.102326
531.982062
532.953013
534.007189
534.455783
534.461463
534.819195
535.797908
536.943455
537.542133
537.722298
538.000735
538.000735
538.000735
538.000735
538.184499
539.037571
540.026787
541.011267
541.927746
542.918540
543.900516
544.850495
545.209039
545.209039
545.223808
545.673005
546.613140
547.571251
548.613825
549.667257
550.558422
551.545871
552.503464
553.094112
553.642519
554.325580
555.302640
555.872521
555.872521
555.872521
555.872521
556.132131
556.992304
557.990476
558.898220
559.947717
560.799261
561.685138
562.598014
563.296957
564.229522
565.285105
566.206486
566.338744
566.338744
566.338744
566.338744
566.338744
566.445623
567.139313
568.116563
569.177850
570.166256
571.117188
572.113150
573.081783
574.016182
574.875998
575.767894
576.730224
577.653544
578.628545
579.516472
580.448590
581.134475
581.462532
582.241653
583.226629
584.195942
585.251814
585.973510
585.973510
585.973510
585.973510
585.974299
586.274338
587.153165
588.137288
589.165804
590.153432
591.003360
591.815879
592.796580
593.632396
594.645178
595.599409
596.534265
597.476730
598.394257
598.966612
599.002959
599.002959
599.002959
599.002959
599.002959
599.074188
599.710277
600.756135
601.744506
602.735243
603.724740
604.714898
605.903644
606.637751
607.345159
608.112530
609.011754
609.925225
610.891474
611.739508
612.336076
613.320958
614.263019
615.354773
615.930173
616.765530
617.275508
617.618552
618.117013
619.042995
619.977509
620.800543
621.666656
622.656304
623.710055
624.676001
625.125446
625.125446
625.125446
625.135668
625.584136
626.544871
627.549566
628.509436
629.507051
630.357968
631.324558
632.351981
633.167485
633.777338
634.805695
635.656171
636.642457
637.633417
638.682128
639.668959
640.606739
641.288227
642.016449
642.944157
643.995017
644.865365
645.840511
646.604745
647.528602
648.511692
649.492484
650.489399
651.305446
652.294810
653.208509
654.147028
654.923516
655.839849
656.611590
656.938195
657.632685
658.572247
659.452743
660.443695
661.499390
662.483524
663.336456
663.734507
664.392412
665.385919
666.308355
667.349357
668.186416
668.958627
669.721905
670.422215
671.379710
672.290873
673.134620
674.124239
675.112095
676.093559
676.997666
677.889404
678.915949
679.717457
680.715805
681.592375
682.554379
683.479737
683.778416
683.778416
683.778416
683.778416
683.778416
683.872445
684.556167
685.676522
686.646553
687.629252
688.581800
689.481746
690.419170
691.376252
691.960460
692.407557
692.953610
693.810274
694.770838
695.557246
696.545390
697.452092
698.431929
699.303635
700.171103
701.126119
702.100994
703.162142
704.106540
705.022262
706.004406
707.049268
708.160001
708.210759
708.210759
708.210759
708.224610
708.669361
709.625534
710.576878
711.198151
712.029069
712.986724
713.715708
714.603276
715.311115
716.054437
717.082500
717.989105
718.968707
719.939129
720.899748
721.890310
722.945858
723.923252
724.975436
725.894374
726.881578
727.872424
728.852620
729.898462
730.866204
731.855878
732.840975
733.818453
734.631154
735.426043
736.373527
737.366329
738.352162
739.248170
740.221882
741.194225
742.037713
742.062078
742.568955
743.506348
744.756148
745.038190
745.038190
745.427200
746.320375
747.284056
747.913319
748.145985
749.096400
749.838951
750.448581
751.150263
752.400179
752.969393
753.252690
753.252690
753.252690
753.252690
753.252690
753.252690
753.391577
754.074650
755.148194
756.038575
756.752012
756.752012
756.976123
757.786359
758.905154
759.817273
760.684015
761.640096
762.671639
763.008814
763.243310
764.184006
765.892653
767.175483
768.088187
768.697342
769.519323
770.270387
771.306382
772.162780
772.424458
772.424458
772.424458
772.425425
772.730486
773.667880
774.647563
775.620587
776.481846
777.320059
778.422214
778.934087
779.721452
780.653795
781.518089
782.179270
782.179270
782.179270
782.179270
782.322064
783.070585
784.190480
785.027499
786.002313
786.977896
787.982674
788.843183
789.867420
790.755688
791.749634
792.732386
793.664717
794.752601
795.500143
796.497766
797.473869
798.454318
799.428061
800.300468
801.146243
801.990548
802.619551
803.318839
804.036079
805.001163
805.959951
806.653249
807.582898
808.441898
809.380699
810.273295
811.288378
812.220444
812.632120
813.546455
814.443158
815.061122
815.997113
816.966821
817.947212
818.935066
819.828700
820.280897
820.280897
820.280897
820.280897
820.280897
820.384254
821.078626
822.080813
823.058638
824.129829
825.118539
826.096472
827.087839
828.057978
829.029972
830.043339
830.810123
831.711127
832.698972
833.885871
834.630857
835.554226
836.411141
837.134233
837.964095
838.953296
839.825583
841.087205
841.647005
842.641849
843.631278
844.621855
845.608763
846.596325
847.567774
848.480511
849.416779
850.162336
850.842521
851.687254
852.451378
853.461147
854.214246
855.034314
855.617927
856.091354
856.969992
857.907192
858.847672
859.786447
860.739155
861.564191
862.370092
863.376091
864.356614
865.410276
866.397148
867.387984
868.377629
869.333699
870.315894
871.236731
872.286750
873.110911
874.055748
874.871932
875.398470
876.394232
877.431915
878.422163
879.395188
880.374580
881.149186
882.074000
883.124544
883.953579
884.313721
884.313721
884.320556
884.720062
885.635127
886.690809
887.680772
888.670554
889.729363
890.655031
891.557312
892.420995
893.471181
894.394602
895.395074
896.315719
897.138284
898.114725
899.103863
900.147057
901.138186
902.129058
903.107408
904.085574
905.078848
906.123469
907.115595
908.063040
908.970209
909.856331
910.790317
911.708600
912.290919
912.651641
913.406613
914.279315
915.253568
916.240520
917.294597
918.273839
919.248425
920.207060
921.146173
922.015577
923.005782
923.927490
924.780503
925.284360
926.143449
927.102576
928.014018
929.009500
930.062054
931.048628
931.953101
933.058785
933.572314
934.819401
935.352817
936.146903
937.118062
938.107475
939.095432
940.036957
941.028932
942.083279
943.053944
944.001032
944.991120
945.955631
946.940716
947.989240
948.984607
949.972610
950.962674
951.949574
952.937293
953.229488
953.229488
953.229488
953.229488
953.229488
953.229488
953.229488
953.427287
954.287979
955.292979
956.276050
957.266257
958.255128
959.303275
960.277150
961.238529
962.488053
963.261372
963.658876
963.658876
963.658876
963.658876
963.658876
963.658876
963.658876
963.658876
963.658876
963.658876
963.658876
963.658876
963.793069
964.503091
965.522198
966.513130
967.569709
968.546327
969.470426
970.403154
971.411616
972.355674
973.170513
973.914233
974.895785
975.849528
976.372848
976.690485
977.438575
978.829841
979.489517
980.611196
981.299905
982.273234
983.255131
984.080297
984.884095
985.866843
986.856742
987.829951
988.707802
989.474145
990.462544
991.444614
992.425859
993.399519
994.284940
995.275666
996.228748
997.245343
998.157753
999.160000
999.900103
999.900103
1000.189975
1001.088425
1002.136260
1002.802254
1003.724599
1004.846990
1005.768943
1006.583502
1007.053465
1007.053465
1007.053465
1007.053465
1007.053465
1007.053465
1007.053465
1007.053465
1007.053465
1007.053465
1007.053465
1007.053465
1007.053465
1007.053465
1007.078210
1007.588174
1008.503415
1009.665293
1010.760879
1011.935050
1013.016396
1013.932904
1014.921016
1015.911684
1016.900243
1017.885331
1018.690504
1019.537820
1019.931000
1020.038982
1020.738252
1021.713127
1022.644723
1023.115122
1023.159530
1023.159530
1023.159530
1023.159530
1023.159530
1023.210337
1023.857717
1024.877680
1025.837549
1026.841565
1027.883658
1028.798895
1029.821283
1030.818146
1031.803104
1032.793414
1033.776012
1034.732228
1035.551312
1036.565191
1037.509623
1038.432980
1039.130750
1039.699221
1040.548166
1041.521062
1042.581845
1043.496830
1044.427048
1045.290502
1046.288164
1047.233703
1048.289068
1049.132089
1049.789225
1050.669128
1051.659114
1052.629645
1053.603460
1054.424815
1055.066189
1055.935993
1056.860759
1057.780289
1058.787857
1059.826032
1060.790440
1061.767125
1062.692911
1063.663966
1064.568351
1065.542677
1066.307371
1066.940648
1067.913583
1068.784580
1069.767773
1070.746652
1071.734242
1072.775881
1073.665016
1074.283983
1074.939463
1075.915309
1076.900198
1077.982008
1078.721710
1079.584969
1080.588623
1081.550335
1082.548222
1083.407166
1084.441813
1085.369667
1086.357381
1087.675976
1087.998685
1087.998685
1087.998685
1087.998685
1087.998685
1088.004003
1088.747401
1089.461149
1090.569659
1091.551795
1092.185219
1093.017913
1093.943758
1094.901552
1095.891866
1096.881662
1098.079845
1099.391723
1100.485335
1101.415846
1102.614426
1103.963783
1105.249351
1106.230317
1107.141278
1107.755211
1108.412260
1109.334772
1110.325534
1111.378121
1112.371207
1113.354423
1114.328892
1115.244665
1116.263561
1117.011132
1117.952200
1118.946454
1119.929918
1120.919008
1121.739969
1122.153107
1122.701763
1123.621987
1124.600985
1125.597025
1126.568664
1127.564106
1128.445610
1129.051873
1129.796266
1130.919022
1131.857652
1132.817781
1133.345174
1133.608947
1134.380087
1135.309621
1136.308348
1137.315416
1138.221957
1139.160851
1140.193681
1141.139458
1142.127968
1143.115482
1144.055635
1144.836720
1145.748168
1146.736747
1147.691915
1148.685072
1149.498320
1150.139013
1151.140386
1152.072606
1153.050594
1153.771204
1154.433508
1155.363256
1156.273661
1157.128559
1157.843504
1158.700119
1159.623600
1160.067451
1160.851387
1161.846955
1162.878161
1163.817351
1164.815122
1165.778219
1166.765383
1167.746697
1168.606906
1169.426968
1170.283137
1171.158564
1171.984861
1172.951286
1173.858033
1174.742796
1175.443157
1176.382796
1177.381556
1178.280973
1178.979533
1179.737742
1180.602326
1181.541325
1182.549554
1183.370559
1184.363876
1185.270576
1186.247126
1187.175554
1188.061515
1189.039650
1189.984486
1190.971633
1191.687616
1192.595631
1193.551180
1194.368054
1195.277225
1196.261315
1197.229830
1198.214511
1199.016209
1199.828538
1200.875245
1201.849976
1202.836191
1203.807162
1204.863437
1205.841997
1206.813209
1207.773864
1208.416774
1208.957918
1209.764564
1210.388769
1210.958699
1211.745759
1212.701858
1213.685855
1214.668093
1215.591641
1216.112988
1216.315659
1217.096845
1217.936846
1218.559872
1219.546818
1220.360162
1221.049188
1221.984295
1223.213402
1223.281161
1223.281161
1223.281161
1223.281161
1223.281161
1223.281161
1223.281161
1223.451699
1224.156282
1225.206737
1226.160838
1227.102657
1228.114303
1229.114598
1230.083259
1231.130109
1231.943672
1232.862085
1233.928773
1234.894572
1235.761449
1236.744126
1237.722219
1238.752805
1239.741904
1240.658925
1241.621088
1242.596494
1243.141598
1243.859843
1244.901032
1246.028941
1247.077323
1247.842765
1248.304650
1248.977196
1249.895474
1250.875977
1251.842399
1252.834832
1253.738125
1254.709804
1255.636292
1256.621576
1257.610981
1258.633409
1259.513418
1260.502895
1261.493710
1262.035854
1262.257767
1263.096644
1264.048181
1264.694919
1265.248643
1266.142169
1267.198592
1268.250939
1269.179482
1270.157423
1271.169791
1272.121572
1272.121572
1272.450584
1273.315512
1274.359627
1275.023514
1275.023514
1275.182040
1276.026462
1277.012094
1277.724111
1278.826844
1280.137607
1281.216856
1281.915555
1282.761163
1283.959817
1284.823451
1285.744401
1286.740007
1287.733128
1288.788787
1289.772043
1290.596343
1290.596343
1290.596343
1290.596343
1290.596343
1290.596343
1290.596343
1290.596343
1290.596343
1290.596343
1290.596343
1290.596343
1290.596343
1290.596343
1290.596343
1290.596343
1290.596343
1290.596343
1290.680965
1291.338423
1292.576022
1293.303802
1294.289453
1295.473511
1296.280976
1296.377873
1297.058880
1298.014247
1298.538770
1299.172223
1300.029890
1301.005161
1301.967526
1302.902453
1303.853016
1304.751389
1305.700689
1306.550280
1307.537674
1308.517324
1309.412488
1310.389792
1311.390344
1312.357332
1313.144841
1314.075241
1315.077690
1316.069241
1317.055832
1318.039318
1318.970177
1320.044911
1321.027055
1321.989364
1322.911938
1323.891496
1324.636166
1325.219454
1326.017507
1326.965007
1327.805231
1328.454628
1329.452499
1330.378919
1331.434769
1332.428989
1333.388523
1334.364314
1335.312890
1335.987832
1336.031970
1336.031970
1336.031970
1336.087170
1336.682123
1337.645271
1338.634914
1339.226741
1339.226741
1339.228229
1339.574458
1340.441509
1341.433896
1342.414935
1343.398024
1343.555264
1343.555264
1343.558135
1343.918965
1344.795097
1345.853665
1346.839573
1347.830356
1348.868089
1349.575817
1350.501245
1351.482368
1352.531887
1353.423970
1354.282829
1355.229245
1356.103731
1357.097598
1358.066798
1359.117107
1360.104376
1361.096754
1362.063417
1362.861846
1363.586638
1364.831412
1365.238620
1365.373433
1365.378533
1365.775531
1366.675479
1367.666516
1368.005957
1368.005957
1368.005957
1368.005957
1368.005957
1368.005957
1368.005957
1368.005957
1368.005957
1368.005957
1368.005957
1368.005957
1368.005957
1368.029613
1368.523542
1369.442354
1370.434601
1371.423052
1372.412249
1373.398737
1374.444990
1375.340703
1376.285792
1377.114362
1377.939743
1378.707621
1379.565111
1380.418874
1381.186969
1382.164850
1383.199142
1384.321494
1385.081356
1386.133514
1387.118504
1387.849947
1388.611080
1389.581971
1389.774027
1390.282448
1390.875401
1391.441992
1391.778382
1392.543167
1393.723861
1394.058833
1395.086645
1395.923392
1396.794671
1397.764412
1398.688260
1399.709345
1400.620506
1401.568289
1402.457429
1403.410444
1404.282834
1405.174078
1406.044030
1406.721639
1407.534538
1408.500025
1409.466683
1410.262678
1411.197090
1412.176945
1413.226954
1414.140786
1414.907460
1416.327524
1416.848076
1417.794234
1418.757442
1419.679079
1420.638409
1421.577718
1422.327683
1423.145035
1424.113143
1425.156472
1426.146877
1427.132640
1428.121874
1429.062125
1430.019653
1431.013849
1432.065243
1433.027821
1433.964735
1434.803049
1435.721202
1436.617557
1437.615619
1438.536511
1438.891506
1438.891506
1438.891506
1438.891506
1438.891506
1438.891506
1438.891506
1438.966357
1439.610167
1440.605541
1441.584208
1442.443969
1443.287715
1443.861425
1444.398876
1444.408569
1444.408569
1444.408569
1444.408569
1444.684942
1445.517424
1446.508728
1447.490618
1448.480570
1449.469220
1450.525219
1451.643819
1452.494396
1453.425524
1453.475661
1453.909025
1454.882539
1455.872378
1456.862844
1457.945325
1458.682349
1459.577091
1460.558519
1461.419359
1462.333671
1463.289564
1464.225664
1465.040205
1466.032353
1467.078754
1467.967259
1468.862145
1469.790451
1470.757501
1471.668801
1472.495551
1473.530897
1474.266311
1474.693503
1475.466655
1476.574968
1477.393701
1478.151492
1479.168700
1480.130648
1481.024412
1481.959962
1482.949722
1483.781532
1484.598150
1485.586974
1486.555488
1487.534291
1488.498079
1489.211384
1490.193359
1490.895268
1491.842059
1492.825880
1493.815704
1494.803428
1495.800171
1496.783355
1497.725336
1498.733937
1499.684756
1500.670416
1501.611535
1502.602827
1503.603885
1504.480245
1505.264409
1506.240002
1507.169191
1508.156606
1509.144583
1510.109179
1510.521381
1510.917107
1511.819922
1512.794681
1513.763554
1514.818962
1515.778019
1516.758332
1517.748429
1518.734016
1519.723764
1520.607042
1521.615923
1522.521276
1523.345281
1524.238656
1525.137771
1526.012825
1527.034937
1527.886280
1528.796131
1529.678364
1530.706623
1531.609510
1532.588541
1533.837464
1534.568304
1535.506482
1536.412344
1537.108177
1537.837153
1538.808310
1539.843626
1540.835050
1541.761201
1542.712301
1543.659155
1544.582632
1545.635314
1546.559364
1547.541489
1548.435500
1549.375339
1550.078720
1551.017890
1552.065828
1553.036254
1554.023832
1554.965208
1555.962568
1556.909771
1557.954403
1558.884880
1559.602326
1560.388557
1561.321104
1562.311826
1563.262122
1564.261045
1565.149658
1566.077050
1567.024247
1567.987773
1568.943265
1569.862725
1570.709808
1571.703963
1572.477609
1573.408314
1574.374539
1575.370225
1576.306582
1577.283732
1578.156100
1579.045810
1579.828187
1580.791372
1581.770634
1582.769628
1583.725652
1584.452773
1585.349203
1586.381696
1587.223270
1588.251669
1589.191837
1590.063326
1590.978536
1591.931845
1592.780914
1593.697014
1594.746734
1595.845149
1596.695829
1597.590113
1598.379541
1599.339603
1600.251874
1601.205171
1602.149312
1603.106430
1603.882478
1604.553591
1605.533150
1606.532855
1607.503085
1608.381193
1609.367002
1610.349647
1611.195363
1612.129665
1613.141579
1613.801792
1614.326257
1615.217468
1615.911911
1615.966782
1616.435187
1617.364591
1618.262770
1618.710664
1619.260429
1620.202783
1621.182126
1622.153826
1623.064428
1623.880756
1624.874999
1626.116492
1626.957068
1627.206096
1627.613252
1628.521471
1629.515617
1630.376425
1630.605612
1631.395010
1632.435811
1633.390099
1634.373860
1635.361587
1635.865406
1636.280800
1637.193856
1638.646009
1639.306933
1640.193803
1640.766141
1640.813605
1640.813605
1640.813605
1640.813605
1640.813605
1640.813605
1640.813605
1640.813605
1640.813605
1641.074503
1641.900441
1643.119507
1643.883639
1644.843925
1645.832222
1646.825500
1647.888698
1648.879159
1649.853682
1650.932322
1652.304386
1653.345923
1654.027397
1654.318171
1655.048239
1656.002904
1656.990258
1657.978419
1658.916486
1659.945422
1660.929940
1661.914604
1662.893584
1663.879313
1664.830067
1665.707896
1666.714108
1667.687660
1668.674256
1669.671239
1670.621780
1671.507236
1672.516135
1673.519716
1674.485736
1675.477254
1676.461646
1677.447051
1678.436029
1679.396725
1680.299220
1681.102286
1681.970967
1682.956206
1683.940999
1684.984984
1685.613409
1685.810578
1686.493874
1687.574785
1688.564425
1689.553719
1690.602230
1691.594097
1692.777359
1693.555957
1694.550704
1695.475200
1696.526120
1697.490039
1698.022845
1698.524317
1699.461342
1700.350112
1701.218767
1702.262668
1703.259062
1704.229382
1705.132874
1706.129728
1707.031603
1707.554619
1708.243373
1709.191914
1710.167392
1711.150080
1712.139890
1713.126551
1714.183499
1715.125920
1715.928131
1716.808810
1717.797058
1718.867677
1719.779847
1720.837137
1721.733596
1722.339848
1723.234375
1724.214885
1725.182054
1726.282203
1727.189070
1728.158499
1728.758546
1729.317344
1730.256972
1731.167522
1731.590850
1732.042961
1732.800818
1733.385682
1733.669199
1734.168457
1734.989624
1736.054210
1737.006984
1737.759373
1738.475241
1739.392823
1740.381832
1741.438149
1742.420736
1743.412985
1744.400723
1745.261229
1746.086467
1747.246725
1748.390336
1749.262889
1750.241657
1751.239011
1752.231171
1753.207192
1753.842797
1754.162659
1754.786557
1755.727227
1756.557716
1757.357322
1758.360746
1759.386418
1760.376147
1761.326283
1762.306413
1763.261269
1764.201045
1765.192586
1766.248357
1767.239539
1768.186531
1769.055224
1769.573944
1770.360729
1771.385700
1772.376310
1773.289377
1774.224586
1775.222673
1776.182197
1777.359366
1778.147754
1778.991732
1779.912586
1780.815787
1781.816987
1782.541802
1782.876840
1783.539770
1784.478271
1785.512137
1786.277401
1787.214429
1788.212757
1789.291078
1790.197171
1791.021773
1791.833282
1792.598160
1793.545201
1794.328220
1795.380919
1796.064472
1796.905089
1797.992101
1798.810700
1799.178253
1799.921042
1801.179359
1802.170700
1802.982010
1803.851705
1804.813120
1805.724177
1806.791335
1807.611348
1808.354008
1809.294614
1810.224828
1811.180455
1812.235400
1813.223517
1814.213968
1815.203343
1816.191692
1817.169810
1818.028718
1819.075224
1819.679665
1820.125177
1820.587041
1821.175902
1821.973350
1822.907047
1823.938329
1825.220987
1826.201342
1827.031967
1827.832535
1828.813839
1829.860825
1830.844701
1831.840589
1832.830405
1833.764801
1834.350395
1834.656461
1835.300910
1835.788102
1836.273913
1837.005254
1837.622348
1838.331317
1839.012426
1839.934016
1840.924527
1841.853986
1842.682607
1843.620839
1844.318556
1845.278790
1846.150385
1846.974736
1847.878638
1848.916513
1849.855307
1850.794252
1851.573849
1852.000117
1852.618603
1853.350778
1854.027932
1854.948377
1855.949602
1856.864046
1857.650992
1858.639140
1859.332787
1860.261098
1861.379466
1862.390372
1863.348574
1864.298036
1864.858798
1865.504283
1865.999394
1866.517500
1867.147158
1867.919093
1868.453605
1868.739624
1869.429561
1870.623366
1871.889258
1872.571483
1873.069908
1873.767307
1874.580886
1875.532260
1876.617397
1877.715696
1878.497965
1879.393875
1880.295957
1881.265818
1882.215296
1883.170819
1884.049238
1885.018797
1885.975312
1886.945339
1887.934850
1888.906482
1890.133951
1891.394905
1892.174153
1892.659054
1893.288945
1893.999599
1894.950582
1895.929053
1896.907217
1897.769150
1898.381306
1899.341205
1900.102269
1900.351654
1900.857926
1901.725816
1902.774436
1903.789134
1904.816846
1905.833219
1906.828435
1907.449063
1908.326991
1909.272404
1910.281325
1911.216067
1912.243843
1913.239628
1914.014653
1914.931866
1915.850243
1916.804249
1917.786822
1918.832985
1919.813663
1920.748715
1921.317149
1921.907064
1922.745260
1923.349037
1923.635905
1924.374363
1925.241720
1926.156696
1926.765599
1927.586576
1928.642044
1929.592089
1930.523008
1931.479013
1931.977666
1932.352612
1933.221762
1934.275899
1935.273545
1936.206326
1937.153597
1938.137619
1939.126105
1940.168532
1941.091761
1941.542181
1941.816139
1942.655075
1943.603448
1944.076618
1944.407892
1944.959644
1945.922047
1946.889061
1947.841220
1948.527368
1949.025685
1949.473358
1950.187080
1951.089113
1952.060688
1953.028451
1953.980245
1955.009792
1955.964873
1956.912050
1957.896207
1958.779867
1959.195212
1959.632293
1960.599665
1961.583274
1962.522776
1963.370195
1964.361204
1965.340778
1966.262161
1967.033410
1967.900561
1968.800974
1969.794559
1970.715976
1971.689349
1972.732116
1973.367302
1974.212668
1975.118470
1975.797519
1976.487936
1977.365887
1978.107525
1978.469530
1979.137764
1980.081478
1980.881670
1981.719520
1982.335036
1982.765070
1983.998162
1984.806834
1984.969226
1985.155725
1985.618638
1986.577377
1987.705904
1988.560443
1989.541898
1990.532766
1991.529923
1992.590200
1993.575141
1994.564173
1995.737343
1996.770885
1997.737855
1998.736252
1999.791119
2000.773018
2001.765448
2002.732606
2003.995168
2005.492633
2006.664592
2007.585112
2008.514570
2009.469808
2010.432745
2011.675561
2012.408084
2013.564355
2014.741218
2015.644117
2016.254602
2017.203200
2018.078104
2019.030667
2020.029299
2021.003569
2021.941294
2022.932851
2023.916871
2024.902345
2025.756963
2026.477526
2027.386038
2028.111478
2028.850830
2029.607766
2030.538111
2031.583597
2032.568459
2033.532090
2034.425725
2035.659741
2036.391456
2037.365565
2038.354259
2039.343153
2040.285677
2040.985584
2041.366308
2041.445582
2041.445582
2041.445582
2041.445582
2041.883175
2042.780809
2043.758953
2044.624958
2045.587996
2046.550268
2046.956717
2047.260137
2048.079868
2049.069487
2049.982281
2050.886717
2052.140879
2053.183304
2053.632556
2054.243070
2054.785976
2055.577555
2056.508407
2057.558980
2058.552602
2059.545570
2060.732331
2061.594154
2062.490603
2062.812597
2062.874352
2063.412532
2064.465239
2065.413326
2066.342307
2067.253294
2068.328214
2069.245501
2070.232169
2071.220077
2072.594749
2073.226729
2074.192888
2075.188232
2076.176376
2076.931084
2077.153107
2077.773885
2078.701357
2079.689883
2080.658761
2081.606517
2082.261403
2082.928714
2083.945067
2084.685348
2085.207836
2085.986537
2086.932836
2087.921415
2088.974789
2090.155119
2090.942508
2091.921636
2092.912383
2093.970402
2094.895324
2095.860520
2096.592831
2096.817042
2097.283247
2098.176037
2099.169820
2100.160335
2101.186480
2102.155930
2103.208437
2104.125620
2105.116509
2106.108290
2107.161924
2108.155497
2109.145537
2110.167661
2111.266083
2112.349498
2113.561797
2114.490677
2114.900324
2115.527706
2116.434839
2117.425052
2118.404900
2118.963702
2119.365377
2120.149121
2121.319606
2122.512384
2123.517791
2124.688299
2125.788602
2126.889422
2127.784666
2128.711530
2129.639669
2130.473849
2130.867236
2131.623284
2132.583675
2133.559232
2134.515569
2135.493911
2136.481388
2137.484396
2138.434559
2139.422441
2140.412636
2141.398407
2142.384713
2143.373376
2144.429978
2145.419442
2146.409321
2147.400221
2148.390993
2149.446520
2150.432337
2151.416261
2152.418347
2153.472896
2154.397837
2155.388445
2156.371904
2157.390704
2158.416659
2159.401980
2160.455363
2161.371463
2162.254137
2163.044515
2164.063518
2165.065406
2165.797684
2166.117984
2166.968643
2167.959049
2168.975933
2169.954389
2170.944255
2171.863431
2172.538224
2173.363824
2174.095007
2174.982204
2175.948575
2176.931483
2177.883819
2178.967337
2179.956457
2180.991119
2181.980127
2182.928595
2183.795824
2184.771513
2185.733767
2186.414396
2187.251695
2188.223687
2189.212867
2190.164926
2191.122185
2192.122407
2193.069255
2194.107188
2194.891974
2195.685676
2196.406507
2197.012009
2197.902366
2198.967343
2199.955121
2200.897617
2201.827617
