0.007302
0.009075
0.006775
0.007596
0.008775
0.009850
0.008465
0.008143
0.009889
0.008321
0.009376
0.005728
0.007942
0.005964
0.007789
0.008621
0.007790
0.008403
0.011172
0.008464
0.007254
0.008988
0.007142
0.007503
0.006040
0.006681
0.006112
0.006666
0.007170
0.009890
0.007217
0.006744
0.007318
0.008031
0.007850
0.006773
0.006123
0.007015
0.007557
0.007608
0.009480
0.006456
0.007738
0.008693
0.005721
0.008717
0.009186
0.006141
0.007794
0.006045
0.006045
0.005903
0.008279
0.008493
0.008863
0.007275
0.007512
0.007815
0.005697
0.007882
0.005459
0.008032
0.005825
0.006532
0.008659
0.007230
0.006676
0.009390
0.006394
0.008368
0.007560
0.006366
0.008128
0.008129
0.008778
0.006353
0.007736
0.008919
0.007478
0.008622
0.008231
0.006971
0.007630
0.006369
0.008706
0.006985
0.008530
0.008401
0.008574
0.006300
0.007438
0.009111
0.007769
0.006374
0.009558
0.008904
0.009192
0.008478
0.007281
0.006216
0.006462
0.007412
0.005800
0.008118
0.005768
0.007022
0.005743
0.008508
0.007317
0.008811
0.009356
0.007818
0.006701
0.008823
0.005493
0.006180
0.007061
0.008183
0.008547
0.009878
0.009302
0.007633
0.007782
0.006736
0.008058
0.008560
0.007648
0.007796
0.006387
0.008594
0.007635
0.006242
0.008954
0.007702
0.005600
0.006576
0.005477
0.009495
0.007955
0.008552
0.006915
0.006649
0.006367
0.008009
0.008005
0.007763
0.008920
0.005302
0.007642
0.008857
0.006765
0.008058
0.006216
0.007883
0.006621
0.009483
0.008565
0.007843
0.006372
0.006829
0.009234
0.007030
0.006416
0.008901
0.006772
0.006711
0.007131
0.006670
0.007574
0.006969
0.007341
0.006813
0.007092
0.005794
0.007437
0.008152
0.009051
0.010873
0.007804
0.008145
0.006809
0.009194
0.008838
0.007849
0.006580
0.008737
0.007601
0.005656
0.006840
0.008358
0.006005
0.008425
0.006924
0.005755
0.007678
0.005073
0.009729
0.009717
0.005657
0.007809
0.007430
0.006643
0.007536
0.006965
0.007460
0.007745
0.009043
0.007905
0.007018
0.006931
0.007761
0.006024
0.007491
0.007451
0.007030
0.006957
0.008649
0.008264
0.008585
0.006461
0.008614
0.006498
0.005803
0.005572
0.006908
0.008626
0.007097
0.009206
0.008251
0.008141
0.009534
0.007816
0.008772
0.007832
0.008919
0.009388
0.007494
0.008700
0.009015
0.007404
0.007499
0.008515
0.006378
0.008531
0.007953
0.008182
0.006847
0.007858
0.006418
0.006763
0.009604
0.009701
0.008876
0.006651
0.006985
0.007481
0.007798
0.009562
0.005723
0.006971
0.008832
0.007007
0.009296
0.005600
0.006407
0.009105
0.009926
0.006023
0.007568
0.008950
0.005671
0.005728
0.009241
0.007466
0.006799
0.006777
0.007140
0.007803
0.008189
0.008854
0.008585
0.008821
0.010909
0.009346
0.010139
0.010095
0.009978
0.008615
0.009065
0.007088
0.007598
0.008804
0.007401
0.006624
0.009690
0.008158
0.011792
0.008927
0.009179
0.005689
0.007414
0.007169
0.007153
0.008546
0.007706
0.008508
0.010060
0.006698
0.006598
0.005141
0.007021
0.008624
0.010874
0.009386
0.010167
0.010090
0.008250
0.007855
0.009005
0.008423
0.009820
0.007773
0.005828
0.006651
0.010578
0.010768
0.008161
0.008326
0.008006
0.005364
0.008860
0.007487
0.006310
0.009545
0.007706
0.007244
0.008837
0.008518
0.007414
0.009098
0.008874
0.005992
0.009120
0.007910
0.005419
0.006984
0.007440
0.009253
0.008349
0.009267
0.007258
0.005793
0.006562
0.007948
0.009114
0.008366
0.005746
0.009385
0.006570
0.008768
0.008052
0.007776
0.009748
0.007655
0.007570
0.009103
0.008968
0.008875
0.007470
0.007773
0.007867
0.006617
0.006459
0.007832
0.006689
0.006770
0.006498
0.007977
0.007533
0.007704
0.009300
0.007405
0.006941
0.009898
0.009750
0.007793
0.010828
0.009060
0.007712
0.010015
0.009933
0.008838
0.007078
0.010422
0.008325
0.008907
0.007402
0.007690
0.009303
0.008735
0.008960
0.007427
0.005737
0.006931
0.007844
0.006562
0.007747
0.008433
0.007809
0.008613
0.006987
0.008939
0.007811
0.008680
0.005628
0.009222
0.008156
0.008505
0.007952
0.009400
0.007897
0.008690
0.007113
0.005485
0.007123
0.007531
0.007538
0.006626
0.009421
0.008278
0.009832
0.006783
0.010054
0.006439
0.008134
0.007633
0.008714
0.006205
0.007851
0.010734
0.010078
0.009821
0.007742
0.008048
0.005641
0.005319
0.005723
0.008942
0.007705
0.006938
0.009809
0.008866
0.009067
0.008617
0.005877
0.005349
0.008492
0.009285
0.006139
0.006973
0.008867
0.008283
0.007727
0.007414
0.005841
0.006859
0.010156
0.009353
0.007350
0.005692
0.005648
0.007673
0.005826
0.008303
0.007934
0.008745
0.007736
0.008836
0.008872
0.007247
0.005954
0.006016
0.008198
0.010213
0.009030
0.009179
0.008651
0.006942
0.009853
0.010653
0.008461
0.009168
0.007668
0.008980
0.007666
0.010921
0.008303
0.006522
0.007555
0.007655
0.008736
0.008304
0.008065
0.008125
0.007561
0.008900
0.007887
0.007390
0.008863
0.005766
0.008566
0.009437
0.010761
0.007070
0.008007
0.005452
0.008559
0.011711
0.009799
0.008791
0.008493
0.008378
0.011090
0.008558
0.008633
0.008379
0.008465
0.009639
0.009169
0.008672
0.007059
0.007252
0.005883
0.009874
0.008747
0.008595
0.007370
0.009117
0.007132
0.008949
0.006712
0.008197
0.010801
0.010117
0.009571
0.011300
0.011560
0.012124
0.012495
0.010193
0.008929
0.009569
0.008876
0.007792
0.009368
0.010938
0.007377
0.006271
0.004789
0.009048
0.005880
0.008641
0.006525
0.007127
0.006252
0.005588
0.007411
0.009854
0.008538
0.006557
0.007767
0.007124
0.010534
0.006812
0.007990
0.005836
0.007969
0.008105
0.005700
0.009710
0.006957
0.006757
0.006191
0.010117
0.007676
0.010562
0.008790
0.008428
0.008193
0.007577
0.006726
0.006353
0.009253
0.006123
0.008709
0.005799
0.004719
0.007635
0.007526
0.009947
0.007252
0.009124
0.006276
0.007987
0.008023
0.010145
0.005940
0.008349
0.008466
0.007909
0.008519
0.008641
0.007519
0.006771
0.007327
0.008595
0.007937
0.007300
0.007452
0.007930
0.003917
0.007729
0.006956
0.010899
0.008623
0.009238
0.006253
0.009748
0.010369
0.008696
0.009120
0.007865
0.012401
0.010324
0.009234
0.008004
0.009729
0.008111
0.007876
0.006649
0.007995
0.009309
0.007292
0.007035
0.007535
0.008790
0.008730
0.007915
0.009828
0.011318
0.008611
0.005275
0.008404
0.009576
0.008292
0.005560
0.008723
0.011801
0.010515
0.007122
0.006438
0.008446
0.008852
0.006910
0.006847
0.007192
0.008453
0.012868
0.009314
0.006115
0.007730
0.006896
0.005529
0.006993
0.005835
0.006496
0.006649
0.007571
0.005969
0.005355
0.008637
0.009872
0.008466
0.009499
0.005916
0.009915
0.007643
0.007434
0.009865
0.009061
0.006178
0.008537
0.009915
0.008173
0.009566
0.007623
0.009668
0.011773
0.011961
0.008677
0.004210
0.008488
0.007638
0.009454
0.009959
0.010696
0.008405
0.005241
0.010238
0.008693
0.008466
0.008029
0.007000
0.005161
0.009128
0.008266
0.009013
0.008325
0.009563
0.007318
0.007509
0.008936
0.005098
0.007252
0.008494
0.008091
0.007826
0.007466
0.008753
0.009566
0.009466
0.007636
0.008923
0.007159
0.007501
0.008821
0.007179
0.007290
0.007315
0.008684
0.007877
0.005647
0.005785
0.007534
0.009941
0.006778
0.006941
0.008117
0.006413
0.006458
0.007127
0.007437
0.008742
0.007331
0.007408
0.009899
0.007887
0.008165
0.008724
0.005529
0.005956
0.008770
0.005589
0.008581
0.006454
0.008934
0.006258
0.006652
0.008906
0.007406
0.006618
0.009234
0.007610
0.009040
0.007783
0.007991
0.008378
0.008594
0.006114
0.008403
0.007159
0.006567
0.009742
0.008317
0.006850
0.008628
0.008689
0.007673
0.009344
0.008541
0.009791
0.016117
0.012886
0.009227
0.010646
0.009540
0.008925
0.007894
0.007562
0.007836
0.007421
0.007998
0.010868
0.009037
0.008499
0.009261
0.007577
0.007462
0.006951
0.008394
0.007710
0.005535
0.009051
0.008735
0.006944
0.010696
0.009534
0.007449
0.006459
0.006338
0.006233
0.005491
0.005602
0.005776
0.008384
0.006930
0.006190
0.010705
0.009970
0.009625
0.013066
0.008066
0.011037
0.008676
0.004080
0.005846
0.008306
0.010780
0.008532
0.006288
0.007462
0.008402
0.006424
0.008850
0.007311
0.009641
0.004718
0.007679
0.008570
0.009261
0.006674
0.008972
0.007535
0.008640
0.007170
0.009344
0.009288
0.006228
0.006723
0.005522
0.005208
0.004951
0.004536
0.007416
0.006262
0.003834
0.006092
0.007792
0.007576
0.007960
0.007255
0.006386
0.007274
0.006792
0.008556
0.006690
0.004105
0.008781
0.004826
0.005114
0.004467
0.004127
0.004572
0.004525
0.004094
0.004012
0.007795
0.007823
0.007921
0.007855
0.007385
0.008873
0.004982
0.004285
0.002963
0.011307
0.012289
0.005323
0.007824
0.008387
0.008664
0.007941
0.003912
0.007155
0.007069
0.010478
0.008739
0.003973
0.008443
0.003846
0.004446
0.005066
0.008790
0.008623
0.003407
0.007059
0.005132
0.005076
0.007657
0.007328
0.007529
0.007525
0.006835
0.008373
0.007935
0.005891
0.007778
0.008686
0.007383
0.009505
0.009366
0.008872
0.007685
0.006222
0.007824
0.006927
0.005964
0.006092
0.007103
0.006575
0.010442
0.006635
0.006889
0.008681
0.005788
0.007422
0.008950
0.007648
0.009196
0.006564
0.007545
0.009089
0.006386
0.007809
0.007854
0.005815
0.004782
0.008592
0.008290
0.008156
0.008467
0.007775
0.007625
0.007729
0.007405
0.007226
0.006503
0.007272
0.007138
0.007455
0.007493
0.007725
0.007678
0.007679
0.006028
0.007711
0.007672
0.007555
0.004816
0.008682
0.010020
0.010298
0.010022
0.009900
0.010289
0.010082
0.009454
0.008920
0.006520
0.007804
0.007317
0.005966
0.005232
0.007331
0.004456
0.011528
0.016093
0.013497
0.014057
0.013543
0.011448
0.010221
0.009411
0.007269
0.006204
0.008942
0.007729
0.008392
0.007087
0.008741
0.007974
0.008508
0.007198
0.006474
0.007662
0.007717
0.008636
0.008561
0.008216
0.006311
0.010533
0.006956
0.011353
0.009452
0.007174
0.006699
0.008343
0.010815
0.010428
0.023994
0.024568
0.015410
0.016054
0.003468
0.014311
0.005414
0.012594
0.007480
0.012676
0.014793
0.014190
0.012759
0.009838
0.010908
0.011335
0.009173
0.007560
0.008237
0.007598
0.018608
0.010984
0.005404
0.009800
0.008774
0.010220
0.010177
0.007547
0.006470
0.005491
0.005734
0.005687
0.007912
0.007661
0.008199
0.007943
0.009520
0.007181
0.008570
0.007279
0.007128
0.005596
0.008274
0.006368
0.006874
0.009519
0.008988
0.006445
