1.61194
1.612
2.11203
2.61222
3.11309
3.63273
4.11204
4.61359
5.11408
5.64162
6.11205
6.61693
7.11368
7.64917
8.11206
8.61668
9.11599
9.6435
10.1121
10.6186
11.1133
11.6502
12.1121
12.6173
13.1264
13.6446
14.1121
14.615
15.1142
15.6505
16.1152
16.6239
17.1147
17.6471
18.137
18.6589
19.1242
19.6513
20.1122
20.6132
21.1136
21.648
22.1121
22.6158
23.1141
23.6557
24.112
24.6183
25.1159
25.6555
26.115
26.6247
27.1121
27.6902
28.1122
28.6129
29.1142
29.6664
30.112
30.6177
31.1458
31.71
32.114
32.6213
33.1583
33.6563
34.114
34.6673
35.1121
35.6773
36.114
36.6469
37.1136
37.6433
38.1121
38.6173
39.1148
39.6381
40.1121
40.6169
41.1144
41.6413
42.1132
42.6164
43.1157
43.6325
44.1325
44.6248
45.1497
45.6368
46.1425
46.6267
47.1162
47.6431
48.1171
48.6244
49.112
49.6397
50.1164
50.6362
51.1311
51.6321
52.1135
52.6225
53.1172
53.6482
54.1139
54.6258
55.1121
55.6709
56.1151
56.6239
57.1164
57.6479
58.1173
58.6287
59.1178
59.6734
60.1244
60.6223
61.1142
61.6643
62.112
62.6221
63.1271
63.6938
64.1141
64.6248
65.114
65.6663
66.1185
66.6209
67.1138
67.6758
68.1209
68.6437
69.117
69.6803
70.1172
70.6485
71.1217
71.6531
72.1331
72.6157
73.1219
73.6733
74.1217
74.6351
75.112
75.6483
76.1134
76.6142
77.1243
77.6749
78.1132
78.63
79.1223
79.6695
80.123
80.6233
81.1184
81.6502
82.12
82.6268
83.123
83.658
84.1304
84.633
85.139
85.6601
86.1145
86.6296
87.1466
87.6414
88.1143
88.6364
89.1204
89.6499
90.1253
90.6338
91.1214
91.6505
92.1169
92.6333
93.118
93.6379
94.1137
94.6407
95.1269
95.659
96.1259
96.633
97.1162
97.6539
98.1271
98.6157
99.1171
99.6605
100.127
100.642
101.121
101.677
102.129
102.634
103.153
103.678
104.124
104.664
105.129
105.655
106.129
106.686
107.127
107.687
108.13
108.641
109.129
109.677
110.128
110.631
111.129
111.673
112.131
112.669
113.129
113.645
114.128
114.642
115.128
115.644
116.13
116.643
117.139
117.652
118.136
118.653
119.129
119.669
120.132
120.644
121.129
121.711
122.158
122.647
123.13
123.676
124.128
124.628
125.128
125.676
126.161
126.637
127.129
127.682
128.127
128.663
129.129
129.685
130.134
130.632
131.129
131.665
132.128
132.631
133.129
133.66
134.144
134.667
135.132
135.679
136.129
136.668
137.146
137.678
138.128
138.664
139.128
139.677
140.143
140.628
141.129
141.68
142.172
142.63
143.129
143.691
144.129
144.643
145.131
145.721
146.128
146.629
147.143
147.68
148.128
148.639
149.127
149.661
150.141
150.63
151.135
151.662
152.127
152.634
153.128
153.661
154.128
154.633
155.129
155.69
156.127
156.63
157.129
157.663
158.127
158.632
159.129
159.671
160.127
160.63
161.131
161.665
162.128
162.63
163.139
163.674
164.127
164.63
165.13
165.663
166.128
166.638
167.16
167.69
168.127
168.64
169.128
169.661
170.13
170.65
171.129
171.711
172.128
172.633
173.131
173.696
174.131
174.635
175.128
175.655
176.128
176.656
177.129
177.655
178.135
178.652
179.129
179.676
180.128
180.645
181.129
181.668
182.128
182.643
183.139
183.667
184.137
184.652
185.132
185.646
186.134
186.654
187.128
187.655
188.131
188.632
189.131
189.674
190.154
190.63
191.227
191.662
192.129
192.63
193.132
193.707
194.128
194.669
195.131
195.73
196.128
196.635
197.132
197.679
198.129
198.652
199.131
199.686
200.129
200.655
201.128
201.679
202.127
202.636
203.131
203.695
204.128
204.632
205.131
205.717
206.129
206.633
207.127
207.655
208.182
208.641
209.137
209.709
210.141
210.638
211.132
211.671
212.157
212.636
213.13
213.652
214.131
214.646
215.129
215.647
216.135
216.639
217.13
217.647
218.17
218.652
219.128
219.666
220.172
220.666
221.135
221.651
222.13
222.639
223.127
223.649
224.13
224.651
225.13
225.675
226.127
226.632
227.13
227.679
228.129
228.633
229.13
229.682
230.256
230.683
231.128
231.669
232.128
232.713
233.131
233.707
234.131
234.657
235.131
235.753
236.129
236.64
237.129
237.706
238.131
238.652
239.13
239.701
240.138
240.647
241.13
241.7
242.152
242.631
243.167
243.686
244.156
244.633
245.133
245.69
246.128
246.631
247.133
247.72
248.133
248.632
249.133
249.666
250.145
250.651
251.13
251.682
252.129
252.649
253.141
253.755
254.131
254.649
255.149
255.686
256.129
256.633
257.128
257.686
258.171
258.696
259.13
259.681
260.186
260.752
261.128
261.675
262.13
262.633
263.132
263.743
264.128
264.716
265.128
265.739
266.131
266.676
267.134
267.7
268.136
268.651
269.13
269.665
270.15
270.637
271.131
271.743
272.129
272.634
273.129
273.695
274.128
274.633
275.173
275.76
276.187
276.646
277.128
277.717
278.13
278.656
279.174
279.737
280.127
280.646
281.132
281.703
282.145
282.632
283.17
283.69
284.15
284.809
285.132
285.68
286.13
286.65
287.13
287.684
288.273
288.726
289.204
289.739
290.181
290.631
291.131
291.748
292.13
292.654
293.127
293.686
294.202
294.635
295.15
295.858
296.23
296.656
297.151
297.706
298.129
298.686
299.134
299.696
300.129
300.824
301.201
301.726
302.203
302.677
303.209
303.669
304.129
304.653
305.165
305.75
306.236
306.704
307.128
307.669
308.203
308.84
309.229
309.774
310.244
310.738
311.227
311.675
312.127
312.666
313.221
313.676
314.13
314.739
315.167
315.742
316.204
316.643
317.132
317.704
318.127
318.637
319.203
319.805
320.129
320.648
321.128
321.695
322.134
322.668
323.204
323.724
324.199
324.658
325.13
325.706
326.175
326.631
327.186
327.687
328.134
328.633
329.128
329.679
330.185
330.693
331.19
331.727
332.201
332.703
333.202
333.717
334.128
334.753
335.159
335.739
336.133
336.636
337.13
337.713
338.129
338.634
339.13
339.74
340.166
340.659
341.129
341.722
342.134
342.65
343.133
343.687
344.185
344.684
345.208
345.733
346.187
346.633
347.13
347.667
348.148
348.632
349.129
349.687
350.129
350.662
351.134
351.677
352.16
352.633
353.128
353.687
354.225
354.679
355.16
355.745
356.191
356.674
357.129
357.688
358.208
358.654
359.128
359.666
360.159
360.793
361.129
361.664
362.132
362.653
363.129
363.701
364.189
364.657
365.134
365.674
366.331
366.66
367.198
367.666
368.129
368.634
369.129
369.686
370.188
370.632
371.128
371.689
372.168
372.678
373.203
373.73
374.131
374.648
375.13
375.671
376.13
376.704
377.135
377.66
378.142
378.645
379.129
379.791
380.127
380.63
381.133
381.693
382.135
382.631
383.129
383.726
384.13
384.646
385.127
385.66
386.133
386.657
387.175
387.66
388.133
388.643
389.134
389.694
390.128
390.633
391.13
391.728
392.131
392.631
393.129
393.68
394.135
394.636
395.13
395.689
396.133
396.635
397.15
397.669
398.154
398.637
399.129
399.667
400.128
400.636
401.127
401.675
402.13
402.633
403.129
403.741
404.131
404.691
405.131
405.689
406.167
406.633
407.2
407.717
408.194
408.648
409.174
409.7
410.133
410.633
411.129
411.664
412.128
412.645
413.13
413.729
414.139
414.678
415.132
415.802
416.129
416.631
417.13
417.691
418.135
418.708
419.127
419.678
420.179
420.641
421.153
421.688
422.187
422.633
423.179
423.781
424.194
424.661
425.174
425.69
426.131
426.631
427.133
427.67
428.128
428.639
429.133
429.767
430.13
430.645
431.127
431.681
432.153
432.64
433.131
433.666
434.131
434.649
435.192
435.67
436.13
436.685
437.127
437.678
438.137
438.632
439.133
439.662
440.128
440.632
441.139
441.675
442.195
442.632
443.133
443.732
444.197
444.678
445.13
445.721
446.313
446.729
447.141
447.7
448.136
448.713
449.184
449.699
450.245
450.717
451.167
451.784
452.32
452.718
453.212
453.77
454.251
454.666
455.242
455.699
456.13
456.637
457.209
457.842
458.266
458.709
459.128
459.695
460.212
460.662
461.128
461.686
462.206
462.699
463.133
463.754
464.27
464.69
465.163
465.709
466.249
466.653
467.131
467.729
468.221
468.703
469.182
469.688
470.127
470.702
471.127
471.68
472.131
472.645
473.258
473.738
474.135
474.651
475.176
475.73
476.211
476.669
477.153
477.666
478.132
478.733
479.134
479.673
480.138
480.643
481.13
481.704
482.187
482.655
483.129
483.662
484.281
484.64
485.131
485.665
486.132
486.659
487.13
487.67
488.131
488.645
489.132
489.667
490.128
490.655
491.133
491.668
492.128
492.644
493.129
493.669
494.265
494.632
495.127
495.668
496.127
496.637
497.137
497.749
498.129
498.696
499.173
499.708
500.187
500.696
501.188
501.684
502.128
502.639
503.128
503.686
504.146
504.653
505.173
505.683
506.127
506.655
507.128
507.681
508.136
508.752
509.128
509.683
510.132
510.634
511.132
511.686
512.129
512.864
513.138
513.669
514.168
514.632
515.142
515.665
516.129
516.644
517.132
517.666
518.165
518.652
519.129
519.764
520.13
520.639
521.133
521.66
522.154
522.648
523.131
523.665
524.128
524.672
525.129
525.655
526.143
526.634
527.133
527.665
528.154
528.632
529.127
529.682
530.173
530.669
531.131
531.754
532.132
532.644
533.131
533.683
534.129
534.668
535.134
535.688
536.203
536.677
537.191
537.721
538.127
538.663
539.129
539.695
540.134
540.632
541.207
541.687
542.179
542.632
543.135
543.67
544.131
544.659
545.128
545.675
546.131
546.636
547.143
547.673
548.134
548.653
549.128
549.67
550.133
550.654
551.128
551.735
552.134
552.638
553.14
553.66
554.163
554.69
555.13
555.672
556.135
556.645
557.128
557.687
558.133
558.707
559.153
559.696
560.162
560.636
561.137
561.656
562.19
562.663
563.134
563.719
564.128
564.916
565.131
565.922
566.131
566.636
567.168
567.725
568.147
568.632
569.128
569.675
570.198
570.649
571.135
571.661
572.133
572.709
573.127
573.72
574.129
574.802
575.171
575.746
576.204
576.695
577.198
577.732
578.22
578.751
579.13
579.671
580.137
580.767
581.136
581.726
582.196
582.632
583.131
583.895
584.209
584.698
585.18
585.693
586.246
586.724
587.189
587.703
588.249
588.721
589.193
589.747
590.25
590.63
591.129
591.694
592.128
592.631
593.129
593.671
594.127
594.636
595.13
595.67
596.127
596.636
597.129
597.668
598.136
598.636
599.363
599.664
600.321
600.643
601.135
601.659
602.131
602.646
603.132
603.649
604.141
604.65
605.128
605.669
606.135
606.663
607.131
607.673
608.137
608.633
609.134
609.67
610.228
610.744
611.147
611.677
612.131
612.747
613.133
613.683
614.269
614.685
615.167
615.708
616.19
616.724
617.217
617.771
618.24
618.667
619.176
619.712
620.189
620.704
621.186
621.738
622.187
622.645
623.133
623.674
624.226
624.639
625.131
625.686
626.132
626.714
627.133
627.668
628.131
628.634
629.17
629.712
630.132
630.637
631.178
631.741
632.214
632.72
633.187
633.735
634.221
634.698
635.137
635.676
636.193
636.664
637.19
637.696
638.128
638.64
639.132
639.673
640.176
640.631
641.164
641.677
642.127
642.633
643.133
643.663
644.134
644.63
645.128
645.665
646.128
646.635
647.134
647.662
648.129
648.671
649.128
649.672
650.135
650.633
651.135
651.651
652.13
652.645
653.13
653.651
654.135
654.649
655.135
655.658
656.135
656.692
657.131
657.659
658.128
658.655
659.127
659.686
660.128
660.642
661.138
661.701
662.127
662.642
663.135
663.664
664.132
664.678
665.177
665.667
666.13
666.705
667.182
667.682
668.132
668.637
669.133
669.686
670.386
670.698
671.215
671.692
672.202
672.689
673.21
673.872
674.227
674.646
675.13
675.687
676.149
676.648
677.129
677.674
678.132
678.635
679.129
679.682
680.128
680.631
681.193
681.739
682.133
682.639
683.15
683.658
684.135
684.649
685.146
685.656
686.135
686.672
687.144
687.659
688.135
688.654
689.169
689.669
690.134
690.668
691.128
691.671
692.145
692.632
693.133
693.686
694.128
694.708
695.136
695.71
696.13
696.632
697.131
697.663
698.135
698.66
699.133
699.677
700.138
700.64
701.133
701.661
702.134
702.651
703.13
703.666
704.137
704.649
705.13
705.696
706.13
706.635
707.129
707.701
708.13
708.687
709.134
709.665
710.136
710.688
711.13
711.656
712.133
712.669
713.136
713.655
714.14
714.656
715.13
715.659
716.134
716.633
717.135
717.676
718.136
718.635
719.127
719.674
720.133
720.652
721.128
721.716
722.132
722.642
723.127
723.665
724.178
724.649
725.136
725.712
726.133
726.651
727.128
727.659
728.129
728.631
729.184
729.673
730.128
730.636
731.129
731.682
732.132
732.634
733.134
733.68
734.165
734.65
735.129
735.688
736.132
736.636
737.13
737.675
738.132
738.639
739.136
739.678
740.131
740.637
741.13
741.657
742.13
742.649
743.133
743.686
744.13
744.634
745.134
745.688
746.134
746.641
747.13
747.675
748.13
748.649
749.218
749.722
750.177
750.686
751.186
751.749
752.216
752.66
753.133
753.672
754.177
754.634
755.132
755.671
756.129
756.694
757.134
757.671
758.137
758.638
759.157
759.68
760.133
760.647
761.129
761.677
762.133
762.64
763.173
763.659
764.203
764.72
765.134
765.676
766.129
766.64
767.132
767.665
768.178
768.632
769.139
769.679
770.213
770.656
771.129
771.674
772.195
772.634
773.134
773.769
774.203
774.632
775.174
775.724
776.133
776.639
777.138
777.752
778.203
778.642
779.159
779.74
780.244
780.683
781.127
781.686
782.223
782.704
783.245
783.68
784.13
784.715
785.129
785.679
786.178
786.632
787.128
787.711
788.319
788.769
789.176
789.895
790.127
790.642
791.199
791.738
792.235
792.847
793.194
793.781
794.242
794.687
795.187
795.777
796.236
796.671
797.178
797.74
798.225
798.682
799.173
799.727
800.238
800.63
801.136
801.909
802.129
802.655
803.257
803.733
804.128
804.635
805.243
805.699
806.132
806.647
807.12
807.667
808.13
808.629
809.133
809.718
810.138
810.654
811.135
811.676
812.128
812.641
813.168
813.662
814.134
814.665
815.133
815.68
816.129
816.645
817.133
817.662
818.151
818.628
819.16
819.672
820.128
820.645
821.129
821.685
822.197
822.676
823.133
823.666
824.142
824.673
825.128
825.713
826.188
826.693
827.181
827.73
828.128
828.632
829.142
829.739
830.206
830.681
831.132
831.688
832.132
832.671
833.223
833.756
834.258
834.68
835.131
835.695
836.133
836.658
837.199
837.733
838.226
838.633
839.131
839.71
840.132
840.696
841.132
841.686
842.134
842.636
843.13
843.689
844.136
844.628
845.129
845.668
846.127
846.842
847.177
847.714
848.135
848.639
849.135
849.766
850.208
850.663
851.167
851.764
852.187
852.668
853.202
853.72
854.179
854.713
855.198
855.72
856.208
856.644
857.136
857.685
858.13
858.649
859.142
859.682
860.131
860.654
861.128
861.665
862.129
862.649
863.132
863.677
864.129
864.631
865.224
865.783
866.136
866.628
867.129
867.672
868.129
868.843
869.135
869.699
870.137
870.631
871.137
871.679
872.425
872.628
873.133
873.665
874.13
874.645
875.129
875.706
876.141
876.631
877.13
877.661
878.129
878.684
879.135
879.673
880.134
880.632
881.161
881.663
882.132
882.697
883.128
883.696
884.129
884.939
885.129
885.693
886.209
886.64
887.132
887.666
888.128
888.638
889.135
889.67
890.13
890.676
891.179
891.676
892.135
892.696
893.13
893.677
894.136
894.644
895.226
895.68
896.13
896.701
897.157
897.713
898.166
898.715
899.173
899.709
900.172
900.627
901.134
901.743
902.193
902.635
903.314
903.722
904.192
904.677
905.219
905.755
906.187
906.632
907.13
907.677
908.13
908.641
909.132
909.733
910.254
910.673
911.177
911.667
912.129
912.646
913.18
913.687
914.259
914.678
915.129
915.685
916.136
916.638
917.13
917.673
918.128
918.629
919.138
919.667
920.147
920.64
921.147
921.674
922.127
922.659
923.164
923.674
924.133
924.63
925.127
925.666
926.131
926.638
927.131
927.654
928.171
928.634
929.219
929.676
930.127
930.64
931.132
931.67
932.312
932.633
933.132
933.678
934.133
934.637
935.151
935.669
936.128
936.677
937.138
937.67
938.13
938.627
939.13
939.661
940.128
940.651
941.137
941.66
942.132
942.635
943.138
943.663
944.128
944.641
945.136
945.689
946.13
946.634
947.157
947.665
948.127
948.628
949.19
949.662
950.156
950.636
951.13
951.666
952.131
952.634
953.127
953.664
954.216
954.63
955.128
955.828
956.127
956.628
957.13
957.676
958.131
958.629
959.132
959.676
960.132
960.691
961.133
961.666
962.154
962.629
963.127
963.658
964.188
964.639
965.128
965.697
966.128
966.669
967.134
967.711
968.127
968.641
969.133
969.664
970.172
970.638
971.172
971.661
972.127
972.636
973.132
973.66
974.128
974.64
975.13
975.669
976.136
976.636
977.127
977.674
978.169
978.634
979.141
979.669
980.134
980.635
981.13
981.673
982.145
982.629
983.128
983.655
984.179
984.64
985.128
985.666
986.134
986.629
987.132
987.669
988.13
988.629
989.284
989.665
990.163
990.629
991.134
991.675
992.131
992.643
993.128
993.669
994.184
994.635
995.136
995.697
996.133
996.634
997.194
997.673
998.132
998.635
999.131
999.676
1000.22
1000.72
1001.13
1001.68
1002.2
1002.65
1003.13
1003.67
1004.13
1004.63
1005.14
1005.69
1006.13
1006.64
1007.24
1007.75
1008.14
1008.64
1009.14
1009.77
1010.2
1010.63
1011.13
1011.73
1012.13
1012.63
1013.16
1013.67
1014.14
1014.66
1015.39
1015.78
1016.24
1016.66
1017.2
1017.74
1018.25
1018.69
1019.21
1019.77
1020.28
1020.73
1021.18
1021.69
1022.13
1022.8
1023.14
1023.69
1024.13
1024.64
1025.16
1025.7
1026.13
1026.64
1027.24
1027.69
1028.13
1028.63
1029.14
1029.68
1030.19
1030.64
1031.13
1031.65
1032.15
1032.64
1033.14
1033.66
1034.19
1034.69
1035.14
1035.68
1036.13
1036.63
1037.13
1037.65
1038.13
1038.65
1039.14
1039.65
1040.15
1040.63
1041.14
1041.66
1042.14
1042.63
1043.19
1043.72
1044.13
1044.63
1045.14
1045.65
1046.14
1046.64
1047.13
1047.69
1048.15
1048.64
1049.27
1049.64
1050.14
1050.64
1051.13
1051.65
1052.13
1052.64
1053.14
1053.64
1054.14
1054.66
1055.13
1055.65
1056.2
1056.67
1057.14
1057.66
1058.16
1058.65
1059.14
1059.65
1060.13
1060.63
1061.13
1061.64
1062.14
1062.63
1063.14
1063.7
1064.13
1064.64
1065.13
1065.65
1066.14
1066.63
1067.13
1067.66
1068.13
1068.67
1069.13
1069.66
1070.2
1070.64
1071.13
1071.66
1072.18
1072.64
1073.13
1073.68
1074.14
1074.63
1075.14
1075.67
1076.13
1076.64
1077.14
1077.68
1078.13
1078.63
1079.13
1079.66
1080.14
1080.63
1081.15
1081.65
1082.14
1082.63
1083.14
1083.65
1084.13
1084.63
1085.14
1085.67
1086.14
1086.63
1087.13
1087.64
1088.14
1088.63
1089.13
1089.66
1090.13
1090.63
1091.14
1091.66
1092.14
1092.69
1093.14
1093.68
1094.13
1094.65
1095.14
1095.66
1096.15
1096.63
1097.23
1097.67
1098.13
1098.63
1099.15
1099.67
1100.14
1100.64
1101.14
1101.65
1102.24
1102.64
1103.13
1103.65
1104.16
1104.64
1105.13
1105.65
1106.13
1106.65
1107.13
1107.67
1108.14
1108.63
1109.14
1109.67
1110.15
1110.63
1111.18
1111.65
1112.13
1112.65
1113.13
1113.65
1114.13
1114.65
1115.13
1115.67
1116.14
1116.63
1117.14
1117.65
1118.13
1118.64
1119.15
1119.65
1120.19
1120.65
1121.15
1121.66
1122.14
1122.63
1123.14
1123.66
1124.13
1124.72
1125.18
1125.67
1126.13
1126.63
1127.14
1127.67
1128.14
1128.63
1129.13
1129.66
1130.13
1130.63
1131.13
1131.66
1132.14
1132.65
1133.14
1133.66
1134.15
1134.64
1135.13
1135.65
1136.14
1136.65
1137.13
1137.65
1138.14
1138.65
1139.19
1139.67
1140.13
1140.63
1141.13
1141.67
1142.13
1142.63
1143.14
1143.67
1144.14
1144.65
1145.18
1145.65
1146.14
1146.65
1147.13
1147.65
1148.14
1148.65
1149.13
1149.66
1150.13
1150.64
1151.14
1151.65
1152.13
1152.65
1153.13
1153.66
1154.13
1154.64
1155.13
1155.65
1156.13
1156.64
1157.14
1157.65
1158.13
1158.63
1159.13
1159.7
1160.13
1160.64
1161.13
1161.67
1162.13
1162.63
1163.13
1163.65
1164.15
1164.65
1165.13
1165.65
1166.14
1166.65
1167.14
1167.65
1168.16
1168.64
1169.13
1169.65
1170.13
1170.65
1171.13
1171.69
1172.14
1172.63
1173.14
1173.66
1174.15
1174.63
1175.14
1175.69
1176.14
1176.65
1177.19
1177.66
1178.13
1178.63
1179.13
1179.68
1180.2
1180.64
1181.16
1181.65
1182.14
1182.63
1183.21
1183.66
1184.14
1184.63
1185.14
1185.65
1186.13
1186.65
1187.14
1187.65
1188.18
1188.63
1189.16
1189.66
1190.13
1190.65
1191.13
1191.66
1192.13
1192.64
1193.13
1193.7
1194.13
1194.65
1195.13
1195.65
1196.13
1196.66
1197.14
1197.65
1198.18
1198.65
1199.13
1199.64
1200.13
1200.65
1201.15
1201.66
1202.14
1202.65
1203.13
1203.66
1204.13
1204.63
1205.13
1205.65
1206.18
1206.66
1207.15
1207.65
1208.13
1208.64
1209.17
1209.67
1210.13
1210.63
1211.13
1211.65
1212.13
1212.63
1213.15
1213.66
1214.13
1214.63
1215.13
1215.67
1216.13
1216.63
1217.13
1217.67
1218.13
1218.63
1219.14
1219.67
1220.13
1220.63
1221.16
1221.67
1222.15
1222.65
1223.13
1223.76
1224.13
1224.65
1225.13
1225.64
1226.13
1226.63
1227.13
1227.66
1228.18
1228.64
1229.21
1229.67
1230.13
1230.63
1231.13
1231.65
1232.13
1232.63
1233.15
1233.71
1234.13
1234.66
1235.3
1235.65
1236.13
1236.65
1237.18
1237.66
1238.13
1238.63
1239.13
1239.67
1240.14
1240.64
1241.16
1241.66
1242.13
1242.63
1243.13
1243.65
1244.26
1244.63
1245.18
1245.66
1246.22
1246.64
1247.13
1247.66
1248.3
1248.66
1249.13
1249.66
1250.13
1250.65
1251.17
1251.74
1252.21
1252.7
1253.17
1253.72
1254.13
1254.64
1255.25
1255.69
1256.16
1256.74
1257.19
1257.69
1258.14
1258.67
1259.16
1259.67
1260.15
1260.63
1261.13
1261.69
1262.22
1262.64
1263.21
1263.67
1264.13
1264.63
1265.29
1265.7
1266.24
1266.67
1267.13
1267.67
1268.24
1268.63
1269.14
1269.68
1270.24
1270.63
1271.24
1271.72
1272.34
1272.64
1273.14
1273.73
1274.13
1274.65
1275.13
1275.67
1276.13
1276.64
1277.18
1277.69
1278.13
1278.74
1279.13
1279.67
1280.13
1280.64
1281.13
1281.68
1282.21
1282.91
1283.14
1283.68
1284.13
1284.71
1285.2
1285.74
1286.25
1286.65
1287.24
1287.67
1288.13
1288.65
1289.13
1289.7
1290.2
1290.64
1291.13
1291.83
1292.13
1292.63
1293.2
1293.66
1294.13
1294.66
1295.13
1295.65
1296.2
1296.64
1297.13
1297.65
1298.13
1298.63
1299.13
1299.66
1300.14
1300.63
1301.14
1301.65
1302.15
1302.64
1303.13
1303.66
1304.13
1304.63
1305.13
1305.65
1306.13
1306.63
1307.13
1307.65
1308.14
1308.63
1309.13
1309.67
1310.13
1310.63
1311.13
1311.66
1312.13
1312.64
1313.21
1313.68
1314.13
1314.67
1315.13
1315.67
1316.21
1316.72
1317.16
1317.69
1318.13
1318.71
1319.13
1319.69
1320.19
1320.66
1321.16
1321.66
1322.14
1322.65
1323.13
1323.66
1324.13
1324.63
1325.15
1325.65
1326.16
1326.65
1327.13
1327.68
1328.13
1328.63
1329.16
1329.66
1330.14
1330.65
1331.17
1331.67
1332.13
1332.63
1333.14
1333.67
1334.13
1334.63
1335.14
1335.65
1336.14
1336.63
1337.13
1337.66
1338.13
1338.63
1339.13
1339.67
1340.13
1340.64
1341.13
1341.65
1342.15
1342.64
1343.13
