2.12014
2.62009
3.12008
3.62572
4.12007
4.62004
5.12001
5.62002
6.14397
6.62008
7.12
7.61999
8.12006
8.6202
9.12002
9.62068
10.1201
10.62
11.1206
11.6327
12.1201
12.6201
13.1201
13.6211
14.1387
14.62
15.1201
15.62
16.12
16.6201
17.12
17.62
18.1201
18.6201
19.1209
19.62
20.1201
20.62
21.1202
21.62
22.1201
22.62
23.12
23.6201
24.1201
24.6201
25.1201
25.6231
26.12
26.6201
27.1209
27.62
28.1201
28.6201
29.1201
29.62
30.1201
30.62
31.1201
31.62
32.12
32.6201
33.1201
33.6201
34.1436
34.6281
35.1259
35.62
36.1234
36.6201
37.12
37.62
38.12
38.6201
39.1212
39.6255
40.12
40.62
41.12
41.6203
42.1201
42.6201
43.1201
43.62
44.12
44.6201
45.1201
45.6201
46.1201
46.6202
47.12
47.62
48.1201
48.6201
49.1201
49.62
50.1201
50.62
51.12
51.6203
52.1201
52.62
53.12
53.62
54.12
54.6259
55.124
