4.885
4.91354
6.1439
6.31252
6.45424
7.5036
7.77255
8.85065
9.10744
10.3011
10.4442
11.6326
11.8988
12.5585
12.8464
12.983
13.621
13.7762
13.8078
13.8461
13.8877
13.9209
13.9482
13.9748
14.0194
14.0498
14.0788
14.111
14.15
14.1814
14.2119
14.2415
14.2861
14.3194
14.3558
15.7318
17.1042
18.4833
19.8648
20.3061
20.4511
21.7841
21.9084
22.8489
23.1179
24.2896
24.5647
25.9496
26.7039
28.0226
28.295
29.4985
29.7801
30.7001
30.7263
31.4915
31.5185
31.5533
31.5782
32.5799
32.7048
32.831
34.1041
34.1435
34.1755
34.22
34.2499
34.2893
34.3216
34.3545
34.3838
34.4222
34.4525
34.4919
34.516
34.5532
34.5827
34.6276
34.6587
34.8401
34.9542
35.0375
35.0679
35.0978
35.1258
35.155
35.1897
35.2195
35.2481
35.2765
35.3058
35.3405
35.3722
35.3991
35.4236
35.4571
35.4915
35.5193
35.5466
35.578
35.6149
35.6434
35.6747
35.7168
35.7579
35.7886
35.8274
35.8481
35.8855
35.9142
35.9412
35.9737
36.0052
36.0314
36.0625
36.0919
36.1233
36.1575
36.182
36.2099
36.2446
36.272
36.3003
36.3364
36.3619
36.3928
36.4212
36.4549
37.8386
38.7027
38.7365
38.7606
38.7938
38.8277
38.8608
38.8867
38.9203
38.9748
39.0007
39.0261
39.0665
39.1093
39.1385
39.1644
39.1958
39.2303
39.2547
39.2934
39.3153
39.3559
39.3739
39.4081
39.4404
39.4875
39.5371
39.5873
39.6667
39.7157
39.7482
40.0491
40.0794
40.106
40.1358
40.1664
40.1963
40.2259
40.2562
40.289
40.3172
40.3501
40.379
40.4166
40.449
40.4784
40.5076
40.5434
40.5774
40.6091
40.646
40.6738
40.7146
40.7382
40.7728
40.8031
40.8345
42.2159
43.603
43.7798
43.8932
47.1556
48.5411
49.8523
49.8969
51.1072
51.3699
52.5761
52.6969
54.0711
54.2943
54.3215
54.5657
54.5953
54.6258
54.6486
54.6908
54.7199
54.7508
54.7811
54.8191
54.8484
54.882
54.9167
54.9562
54.9866
55.0174
55.0452
55.085
55.105
55.1423
55.1667
55.2121
55.2355
55.2647
55.2954
55.343
55.3719
55.4032
55.4271
