0.002912
0.002040
0.002283
0.002354
0.002140
0.002378
0.002623
0.002067
0.002207
0.002351
0.002191
0.002197
0.002052
0.001963
0.001937
0.001610
0.001985
0.001929
0.002927
0.002712
0.002473
0.002353
0.002012
0.001847
0.001978
0.001985
0.002168
0.002247
0.001915
0.002030
0.001827
0.001584
0.001733
0.001887
0.002002
0.002541
0.001986
0.002164
0.002252
0.001979
0.001762
0.001790
0.002111
0.002391
0.002314
0.002450
0.002344
0.002406
0.002527
0.002056
0.001637
0.001659
0.001753
0.002005
0.002069
0.002388
0.002217
0.002639
0.002423
0.002541
0.003418
0.002627
0.003788
0.006845
0.003477
0.005560
0.003396
0.002995
0.003537
0.003322
0.003541
0.003696
0.003267
0.006234
0.003154
0.002809
0.002846
0.007359
0.003132
0.002878
0.002877
0.003099
0.002930
0.003072
0.003391
0.003364
0.003309
0.003159
0.003227
0.003169
0.003132
0.004976
0.002986
0.003120
0.003196
0.002820
0.002705
0.002569
0.002596
0.004280
0.002801
0.002656
0.002863
0.004655
0.003102
0.002623
0.003115
0.002944
0.002824
0.002891
0.002841
0.002774
0.003466
0.002616
0.002891
0.002847
0.002780
0.002482
0.002651
0.003268
0.003616
0.002860
0.002600
0.002967
0.002668
0.002633
0.002480
0.002861
0.003321
0.002976
0.003077
0.003359
0.002863
0.002774
0.003137
0.003067
0.002855
0.003068
0.002940
0.002695
0.005461
0.002894
0.002841
0.002810
0.003277
0.002630
0.002681
0.005947
0.002713
0.002753
0.002204
0.002630
0.002542
0.001971
0.002213
0.002007
0.001975
0.001985
0.002466
0.002101
0.002471
0.002315
0.003595
0.002329
0.001973
0.002138
0.002044
0.001974
0.002324
0.002661
0.002496
0.002198
0.002379
0.002048
0.002341
0.001959
0.002035
0.002642
0.002844
0.002390
0.001922
0.002259
0.001939
0.002282
0.001462
0.002941
0.002930
0.001835
0.001109
0.002728
0.004774
0.002458
0.002324
0.002134
0.002298
0.002115
0.002091
0.002450
0.002480
0.002563
0.002588
0.003832
0.002371
0.002499
0.002512
0.002514
0.002534
0.003490
0.002551
0.001860
0.002112
0.004963
0.002046
0.001904
0.002022
0.001834
0.002123
0.001648
0.002321
0.001968
0.001688
0.001600
0.001718
0.001817
0.003630
0.001477
0.002045
0.001691
