4.88505
4.91356
6.14393
6.31254
6.45426
7.50363
7.77257
8.85068
9.10746
10.3011
10.4443
11.6326
11.8988
12.5586
12.8464
12.9831
13.6211
13.7762
13.8078
13.8461
13.8877
13.921
13.9482
13.9748
14.0194
14.0498
14.0788
14.111
14.15
14.1814
14.2119
14.2415
14.2862
14.3195
14.3558
15.7319
17.1043
18.4833
19.8649
20.3061
20.4511
21.7841
21.9084
22.849
23.1179
24.2897
24.5647
25.9496
26.704
28.0227
28.2951
29.4986
29.7801
30.7001
30.7263
31.4915
31.5185
31.5533
31.5782
32.5799
32.7048
32.831
34.1041
34.1436
34.1755
34.2201
34.2499
34.2893
34.3216
34.3545
34.3838
34.4222
34.4526
34.492
34.516
34.5532
34.5827
34.6276
34.6587
34.8401
34.9542
35.0376
35.0679
35.0978
35.1258
35.155
35.1897
35.2195
35.2481
35.2765
35.3058
35.3406
35.3722
35.3991
35.4236
35.4571
35.4915
35.5193
35.5467
35.578
35.6149
35.6434
35.6748
35.7168
35.7579
35.7886
35.8274
35.8481
35.8855
35.9142
35.9412
35.9737
36.0053
36.0314
36.0625
36.092
36.1233
36.1576
36.182
36.2099
36.2446
36.272
36.3003
36.3365
36.3619
36.3928
36.4213
36.455
37.8386
38.7028
38.7365
38.7606
38.7938
38.8277
38.8608
38.8867
38.9203
38.9748
39.0007
39.0261
39.0666
39.1093
39.1385
39.1644
39.1959
39.2303
39.2547
39.2934
39.3154
39.356
39.374
39.4081
39.4404
39.4875
39.5371
39.5873
39.6667
39.7158
39.7482
40.0491
40.0794
40.106
40.1358
40.1664
40.1963
40.2259
40.2562
40.289
40.3173
40.3501
40.379
40.4166
40.449
40.4784
40.5076
40.5435
40.5774
40.6091
40.6461
40.6738
40.7146
40.7383
40.7729
40.8031
40.8345
42.216
43.603
43.7798
43.8932
47.1556
48.5411
49.8523
49.8969
51.1072
51.37
52.5762
52.6969
54.0711
54.2943
54.3215
54.5657
54.5953
54.6258
54.6486
54.6908
54.7199
54.7508
54.7811
54.8191
54.8484
54.882
54.9168
54.9562
54.9866
55.0174
55.0453
55.085
55.105
55.1424
55.1667
55.2121
55.2355
55.2647
55.2955
55.3431
55.3719
55.4032
55.4271
