0.009345
0.009262
0.006467
0.007042
0.006432
0.005700
0.007622
0.005151
0.009392
0.009672
0.008000
0.009646
0.007852
0.005595
0.006095
0.008469
0.005968
0.005933
0.009887
0.012736
0.008108
0.008111
0.006254
0.003600
0.006457
0.006413
0.005034
0.007942
0.007113
0.007548
0.007278
0.007705
0.007493
0.009309
0.015165
0.014548
0.011411
0.010234
0.008904
0.013211
0.010617
0.007273
0.008468
0.007063
0.008486
0.005238
0.005284
0.006814
0.005127
0.007614
0.005196
0.006950
0.007126
0.005618
0.006397
0.006374
0.005348
0.009682
0.005308
0.007350
0.005771
0.005499
0.006216
0.012959
0.006418
0.015279
0.004597
0.004201
0.005650
0.007764
0.007481
0.008586
0.005059
0.008648
0.008159
0.005807
0.004880
0.011893
0.005564
0.004916
0.007849
0.007939
0.008144
0.007535
0.006063
0.005189
0.009635
0.004789
0.007838
0.006677
0.005826
0.008473
0.008476
0.008808
0.004416
0.007115
0.007767
0.009696
0.007471
0.006968
0.007221
0.003591
0.004703
0.010397
0.009457
0.006082
0.012719
0.004962
0.008633
0.010808
0.008314
0.010342
0.010571
0.006441
0.009413
0.008678
0.010243
0.011151
0.009061
0.005909
0.010001
0.008859
0.007395
0.013014
0.008529
0.009236
0.006594
0.011779
0.007190
0.008550
0.012801
0.006539
0.009581
0.005283
0.006188
0.004086
0.007306
0.010427
0.007580
0.003844
0.010454
0.008539
0.007300
0.004043
0.004869
0.008857
0.004398
0.009027
0.004434
0.004307
0.003849
0.007112
0.008321
0.006929
0.007125
0.007540
0.007095
0.005648
0.007270
0.004293
0.009328
0.005974
0.004695
0.006168
0.006584
0.005715
0.006528
0.004505
0.007135
0.009173
0.008418
0.006674
0.008179
0.008312
0.007432
0.011689
0.007191
0.007344
0.011736
0.011301
0.011954
0.006376
0.009494
0.010746
0.009996
0.008927
0.008969
0.007359
0.002323
0.008684
0.010830
0.006509
0.006077
0.007999
0.005210
0.005700
0.006287
0.006591
0.006017
0.007189
0.006908
0.008821
0.011232
0.004536
0.006215
0.005583
0.006320
0.005565
0.004861
0.004761
0.007591
0.008536
0.005010
0.007586
0.008139
0.005933
0.008169
0.006302
0.012485
0.007476
0.006443
0.005016
0.005548
0.005704
0.014278
0.005591
0.006298
0.001438
