1.62213
1.62222
2.12227
2.62491
3.12373
3.62648
4.12224
4.62288
5.12289
5.63569
6.14437
6.62515
7.12287
7.63505
8.12226
8.62519
9.12257
9.62878
10.15
10.6257
11.1238
11.6413
12.1223
12.6223
13.1236
13.6254
14.1391
14.6231
15.1238
15.63
16.1223
16.6242
17.1227
17.6396
18.1481
18.6223
19.1238
19.6442
20.1223
20.6245
21.1239
21.6316
22.1222
22.6239
23.1228
23.629
24.1222
24.6227
25.1244
25.6324
26.1223
26.6248
27.1241
27.6285
28.1222
28.6263
29.1237
29.6408
30.1222
30.6243
31.1237
31.6318
32.1222
32.6239
33.1241
33.6255
34.1436
34.6289
35.1263
35.6252
36.1234
36.6298
37.123
37.633
38.1223
38.6243
39.1226
39.6316
40.1224
40.6226
41.1233
41.6297
42.1223
42.6246
43.1244
43.6276
44.1223
44.6238
45.1244
45.6238
46.1222
46.6262
47.1242
47.6308
48.1223
48.626
49.1243
49.6323
50.1222
50.6237
51.1225
51.6333
52.1223
52.6238
53.1236
53.6276
54.1223
54.6266
55.1247
