0.000000
0.000000
35.157000
35.157000
36.942000
40.124000
41.843000
47.567000
52.950000
59.290000
72.870000
78.549000
84.964000
93.391000
99.276000
107.236000
113.785000
117.186000
124.337000
130.464000
137.738000
145.100000
150.063000
156.519000
163.812000
170.120000
174.831000
175.415000
175.924000
176.311000
176.666000
176.737000
176.916000
177.097000
177.351000
177.561000
177.948000
178.355000
180.469000
184.344000
188.505000
193.203000
197.306000
204.507000
214.647000
220.751000
224.396000
229.011000
233.059000
238.205000
243.440000
250.437000
255.776000
260.925000
264.994000
271.016000
278.025000
286.497000
298.781000
309.261000
325.664000
334.838000
338.544000
343.714000
348.677000
353.494000
357.349000
361.143000
362.103000
362.602000
362.702000
362.846000
363.057000
363.198000
363.253000
365.218000
367.609000
367.899000
368.111000
368.755000
369.061000
369.191000
369.317000
369.841000
369.914000
370.091000
370.422000
370.618000
370.773000
370.846000
370.920000
370.958000
371.003000
371.039000
371.059000
371.402000
371.606000
380.000000
387.404000
394.094000
400.642000
406.900000
411.975000
417.845000
423.696000
429.670000
435.025000
441.466000
445.024000
