2.10824
2.60826
3.1082
3.61651
4.10822
4.60878
5.10825
5.60823
6.10821
6.60819
7.10823
7.60821
8.10822
8.60824
9.10824
9.6108
10.1082
10.6083
11.1082
11.6302
12.1083
12.6082
13.1083
13.6083
14.1082
14.6106
15.1083
15.6083
16.1082
16.6083
17.1083
17.6083
18.1082
18.6083
19.1284
19.6083
20.1131
20.6083
21.1082
21.6083
22.1082
22.6088
23.1083
23.6083
24.1082
24.6082
25.1083
25.6103
26.1083
26.6082
27.1169
27.6083
28.1082
28.6082
29.1083
29.6083
30.1082
30.6097
31.1082
31.6082
32.1083
32.6083
33.1083
33.6083
34.1083
34.6117
35.1083
35.6213
36.1083
36.6173
37.1083
37.6083
38.1082
38.6082
39.1082
39.6083
40.1083
40.6096
41.1082
41.6083
42.1083
42.6234
43.1083
43.6083
44.1084
44.6083
45.1082
45.6083
46.1083
46.6083
47.1082
47.6082
48.1083
48.6083
49.1082
49.6082
50.1237
50.6083
51.1082
51.633
52.1145
52.6111
53.1198
53.6083
54.1127
54.6083
55.1203
55.6083
56.12
56.6083
57.1083
57.6083
58.1693
58.6083
59.1083
59.6083
60.1083
60.6083
61.12
61.658
62.1082
62.6083
63.1082
63.615
64.1082
64.6082
65.1083
65.6506
66.1082
66.61
67.1135
67.6082
68.1232
68.6253
69.1083
69.63
70.1153
70.6083
71.1161
71.6082
72.1116
72.6139
73.117
73.6082
74.1357
74.6103
75.1592
75.617
76.1193
76.6083
77.1212
77.6086
78.1695
78.6149
79.1083
79.6189
80.1082
80.6082
81.1172
81.6159
82.1534
82.6129
83.1167
83.61
84.1339
84.6151
85.1323
85.6097
86.1123
86.6083
87.1083
87.6083
88.1082
88.6083
89.1082
89.6083
90.111
90.6083
91.1084
91.6082
92.116
92.6087
93.1442
93.6095
94.1089
94.6089
95.1108
95.6098
96.1098
96.6115
97.1126
97.6127
98.1159
98.6119
99.1507
99.6179
100.114
100.619
101.113
101.616
102.114
102.612
103.114
103.626
104.116
104.621
105.117
105.612
106.122
106.612
107.113
107.613
108.112
108.614
109.117
109.614
110.114
110.612
111.112
111.617
112.112
112.614
113.114
113.612
114.113
114.615
115.112
115.612
116.125
116.618
117.121
117.616
118.155
118.615
119.13
119.619
120.118
120.625
121.121
121.635
122.121
122.619
123.123
123.625
124.183
124.627
125.127
125.63
126.127
126.625
127.14
127.631
128.125
128.625
129.126
129.627
130.124
130.628
131.126
131.625
132.14
132.662
133.125
133.626
134.155
134.642
135.125
135.659
136.187
136.624
137.126
137.632
138.124
138.686
139.124
139.626
140.126
140.624
141.186
141.636
142.158
142.625
143.125
143.663
144.126
144.625
145.125
145.625
146.125
146.626
147.185
147.625
148.125
148.625
149.138
149.626
150.124
150.625
151.138
151.625
152.132
152.625
153.125
153.625
154.125
154.624
155.125
155.627
156.125
156.625
157.15
157.636
158.126
158.658
159.126
159.626
160.166
160.627
161.126
161.626
162.184
162.625
163.125
163.629
164.127
164.628
165.127
165.625
166.125
166.627
167.125
167.635
168.127
168.636
169.125
169.63
170.13
170.625
171.128
171.629
172.126
172.628
173.128
173.634
174.127
174.629
175.125
175.645
176.126
176.661
177.184
177.637
178.125
178.628
179.126
179.625
180.127
180.626
181.128
181.629
182.126
182.627
183.127
183.628
184.135
184.629
185.125
185.625
186.139
186.655
187.127
187.629
188.157
188.626
189.127
189.625
190.128
190.626
191.126
191.626
192.147
192.626
193.126
193.632
194.127
194.626
195.125
195.628
196.125
196.638
197.138
197.632
198.128
198.626
199.127
199.639
200.126
200.632
201.126
201.632
202.127
202.628
203.124
203.665
204.127
204.638
205.124
205.626
206.125
206.625
207.128
207.63
208.156
208.627
209.129
209.627
210.125
210.628
211.15
211.633
212.128
212.633
213.132
213.628
214.159
214.628
215.128
215.629
216.127
216.627
217.159
217.629
218.126
218.672
219.126
219.631
220.127
220.624
221.127
221.626
222.127
222.63
223.128
223.629
224.126
224.631
225.182
225.625
226.125
226.625
227.143
227.628
228.125
228.625
229.127
229.638
230.182
230.673
231.147
231.697
232.126
232.626
233.166
233.68
234.124
234.63
235.16
235.627
236.127
236.628
237.126
237.629
238.124
238.631
239.126
239.63
240.126
240.628
241.125
241.628
242.13
242.626
243.169
243.639
244.125
244.625
245.161
245.626
246.13
246.629
247.125
247.626
248.127
248.626
249.125
249.626
250.149
250.628
251.124
251.631
252.16
252.626
253.124
253.634
254.125
254.625
255.126
255.632
256.127
256.625
257.127
257.688
258.126
258.627
259.125
259.625
260.164
260.627
261.128
261.648
262.13
262.626
263.126
263.63
264.133
264.625
265.125
265.632
266.128
266.65
267.128
267.639
268.127
268.64
269.129
269.629
270.125
270.668
271.178
271.628
272.129
272.625
273.127
273.629
274.129
274.626
275.126
275.628
276.124
276.629
277.156
277.625
278.159
278.625
279.13
279.63
280.125
280.627
281.139
281.63
282.127
282.64
283.171
283.628
284.128
284.626
285.126
285.632
286.125
286.694
287.133
287.629
288.126
288.627
289.127
289.625
290.125
290.627
291.127
291.625
292.13
292.626
293.126
293.627
294.141
294.631
295.126
295.625
296.127
296.626
297.126
297.657
298.129
298.63
299.18
299.696
300.211
300.679
301.126
301.626
302.125
302.631
303.13
303.626
304.125
304.628
305.127
305.625
306.128
306.624
307.132
307.627
308.126
308.629
309.125
309.628
310.128
310.625
311.129
311.67
312.125
312.629
313.125
313.63
314.127
314.629
315.127
315.625
316.125
316.627
317.127
317.635
318.13
318.626
319.127
319.625
320.154
320.627
321.129
321.631
322.125
322.665
323.127
323.625
324.203
324.626
325.126
325.628
326.128
326.636
327.126
327.645
328.128
328.625
329.15
329.626
330.126
330.627
331.128
331.626
332.132
332.626
333.128
333.627
334.13
334.629
335.128
335.643
336.126
336.625
337.125
337.626
338.13
338.629
339.16
339.628
340.126
340.624
341.126
341.628
342.125
342.625
343.13
343.627
344.125
344.628
345.125
345.626
346.126
346.625
347.128
347.627
348.145
348.627
349.127
349.63
350.125
350.632
351.129
351.629
352.128
352.625
353.131
353.63
354.128
354.625
355.125
355.625
356.128
356.626
357.127
357.626
358.126
358.667
359.128
359.628
360.147
360.632
361.126
361.626
362.131
362.626
363.132
363.627
364.128
364.629
365.125
365.668
366.131
366.625
367.127
367.627
368.126
368.676
369.127
369.633
370.129
370.688
371.129
371.627
372.128
372.625
373.138
373.632
374.126
374.629
375.124
375.632
376.124
376.631
377.13
377.627
378.126
378.634
379.13
379.629
380.128
380.628
381.127
381.629
382.135
382.63
383.154
383.664
384.125
384.626
385.131
385.652
386.129
386.631
387.126
387.634
388.175
388.632
389.126
389.627
390.128
390.626
391.126
391.635
392.126
392.658
393.129
393.628
394.125
394.626
395.126
395.626
396.127
396.633
397.129
397.626
398.127
398.64
399.133
399.659
400.126
400.628
401.127
401.629
402.128
402.631
403.13
403.625
404.13
404.628
405.133
405.637
406.135
406.627
407.125
407.626
408.132
408.628
409.127
409.625
410.137
410.633
411.176
411.63
412.197
412.626
413.133
413.676
414.161
414.636
415.137
415.668
416.137
416.63
417.126
417.634
418.229
418.626
419.126
419.635
420.251
420.626
421.186
421.633
422.128
422.632
423.128
423.631
424.125
424.627
425.13
425.631
426.129
426.633
427.132
427.631
428.126
428.629
429.132
429.629
430.129
430.627
431.127
431.641
432.133
432.642
433.156
433.631
434.16
434.626
435.128
435.629
436.134
436.631
437.135
437.635
438.13
438.633
439.13
439.644
440.127
440.641
441.132
441.708
442.211
442.709
443.149
443.665
444.175
444.681
445.126
445.636
446.182
446.628
447.133
447.672
448.134
448.63
449.131
449.628
450.157
450.634
451.125
451.631
452.166
452.628
453.133
453.634
454.18
454.664
455.125
455.635
456.134
456.633
457.127
457.627
458.126
458.632
459.128
459.632
460.133
460.631
461.246
461.677
462.214
462.665
463.127
463.631
464.153
464.633
465.159
465.636
466.132
466.636
467.127
467.636
468.197
468.631
469.126
469.661
470.129
470.628
471.124
471.664
472.127
472.634
473.185
473.701
474.228
474.705
475.187
475.656
476.13
476.633
477.177
477.625
478.131
478.627
479.132
479.628
480.127
480.667
481.129
481.681
482.26
482.63
483.129
483.631
484.125
484.629
485.128
485.645
486.13
486.626
487.142
487.7
488.206
488.656
489.206
489.671
490.261
490.627
491.128
491.693
492.241
492.677
493.209
493.639
494.129
494.628
495.181
495.7
496.257
496.684
497.172
497.676
498.211
498.702
499.214
499.704
500.186
500.686
501.127
501.625
502.179
502.693
503.175
503.63
504.125
504.713
505.131
505.632
506.161
506.626
507.128
507.683
508.128
508.633
509.132
509.632
510.124
510.633
511.127
511.634
512.126
512.629
513.165
513.627
514.204
514.635
515.128
515.629
516.13
516.632
517.133
517.629
518.163
518.629
519.129
519.629
520.13
520.63
521.13
521.632
522.132
522.632
523.128
523.63
524.127
524.626
525.132
525.63
526.13
526.632
527.127
527.628
528.129
528.625
529.146
529.628
530.125
530.657
531.126
531.643
532.129
532.631
533.125
533.633
534.125
534.629
535.127
535.633
536.132
536.629
537.124
537.638
538.127
538.625
539.132
539.629
540.125
540.626
541.131
541.633
542.129
542.631
543.131
543.707
544.235
544.673
545.128
545.63
546.176
546.634
547.126
547.63
548.128
548.628
549.128
549.628
550.132
550.631
551.13
551.638
552.125
552.631
553.13
553.634
554.128
554.632
555.132
555.628
556.179
556.633
557.127
557.627
558.131
558.63
559.129
559.626
560.125
560.632
561.128
561.63
562.127
562.625
563.162
563.631
564.132
564.631
565.129
565.631
566.127
566.629
567.147
567.632
568.137
568.662
569.126
569.634
570.133
570.629
571.13
571.626
572.13
572.63
573.126
573.671
574.132
574.632
575.129
575.628
576.129
576.676
577.131
577.675
578.131
578.666
579.133
579.628
580.176
580.684
581.189
581.699
582.126
582.633
583.128
583.651
584.153
584.706
585.183
585.663
586.204
586.726
587.128
587.631
588.216
588.692
589.193
589.707
590.248
590.663
591.148
591.625
592.127
592.689
593.185
593.698
594.124
594.631
595.307
595.637
596.127
596.667
597.175
597.627
598.17
598.757
599.131
599.629
600.125
600.633
601.174
601.634
602.127
602.635
603.13
603.625
604.284
604.68
605.132
605.625
606.13
606.668
607.156
607.67
608.167
608.626
609.129
609.653
610.133
610.632
611.132
611.632
612.13
612.627
613.133
613.633
614.126
614.633
615.13
615.629
616.139
616.629
617.129
617.627
618.131
618.629
619.128
619.629
620.153
620.626
621.133
621.629
622.143
622.643
623.126
623.634
624.131
624.642
625.127
625.631
626.125
626.634
627.125
627.625
628.127
628.628
629.13
629.659
630.132
630.628
631.131
631.629
632.129
632.632
633.13
633.628
634.148
634.627
635.129
635.675
636.17
636.625
637.128
637.628
638.13
638.637
639.125
639.629
640.186
640.626
641.126
641.63
642.138
642.635
643.125
643.631
644.222
644.641
645.13
645.637
646.204
646.632
647.135
647.636
648.134
648.628
649.13
649.628
650.129
650.629
651.128
651.631
652.184
652.644
653.129
653.636
654.131
654.627
655.131
655.63
656.128
656.626
657.128
657.63
658.124
658.632
659.128
659.627
660.13
660.626
661.13
661.628
662.152
662.634
663.127
663.626
664.13
664.633
665.13
665.634
666.126
666.635
667.129
667.63
668.155
668.629
669.133
669.628
670.129
670.647
671.13
671.629
672.131
672.634
673.128
673.638
674.133
674.625
675.13
675.652
676.128
676.635
677.128
677.631
678.13
678.63
679.132
679.631
680.127
680.635
681.189
681.709
682.131
682.628
683.13
683.657
684.125
684.633
685.131
685.627
686.131
686.666
687.125
687.638
688.127
688.632
689.197
689.628
690.161
690.632
691.126
691.643
692.226
692.626
693.149
693.629
694.13
694.633
695.128
695.632
696.128
696.662
697.14
697.708
698.185
698.625
699.132
699.633
700.125
700.632
701.129
701.645
702.126
702.63
703.135
703.641
704.159
704.63
705.134
705.625
706.146
706.635
707.131
707.64
708.128
708.628
709.128
709.632
710.13
710.631
711.18
711.627
712.134
712.633
713.13
713.633
714.129
714.638
715.135
715.633
716.13
716.664
717.127
717.697
718.129
718.626
719.128
719.628
720.128
720.629
721.127
721.626
722.13
722.629
723.17
723.629
724.125
724.626
725.129
725.629
726.127
726.63
727.132
727.626
728.128
728.632
729.126
729.63
730.131
730.626
731.135
731.632
732.151
732.63
733.128
733.626
734.132
734.686
735.128
735.665
736.127
736.627
737.145
737.631
738.127
738.629
739.129
739.628
740.131
740.631
741.163
741.63
742.127
742.645
743.129
743.676
744.262
744.72
745.17
745.694
746.299
746.748
747.197
747.738
748.251
748.685
749.223
749.707
750.126
750.627
751.134
751.628
752.128
752.665
753.133
753.69
754.168
754.636
755.135
755.639
756.155
756.636
757.13
757.639
758.132
758.633
759.18
759.632
760.124
760.629
761.137
761.634
762.154
762.636
763.126
763.636
764.182
764.627
765.132
765.638
766.147
766.625
767.133
767.63
768.134
768.632
769.13
769.629
770.203
770.629
771.126
771.638
772.133
772.632
773.13
773.633
774.263
774.688
775.167
775.719
776.231
776.742
777.209
777.697
778.249
778.707
779.193
779.715
780.244
780.674
781.197
781.682
782.238
782.712
783.238
783.663
784.224
784.695
785.204
785.692
786.233
786.646
787.131
787.629
788.209
788.628
789.141
789.636
790.135
790.629
791.126
791.692
792.131
792.631
793.131
793.632
794.125
794.701
795.129
795.649
796.129
796.629
797.142
797.635
798.126
798.629
799.127
799.637
800.125
800.689
801.125
801.633
802.127
802.633
803.129
803.642
804.126
804.631
805.211
805.631
806.126
806.667
807.183
807.631
808.126
808.638
809.13
809.629
810.128
810.641
811.131
811.635
812.133
812.629
813.132
813.637
814.134
814.685
815.129
815.629
816.156
816.635
817.126
817.631
818.125
818.633
819.132
819.637
820.132
820.632
821.133
821.635
822.127
822.633
823.196
823.629
824.136
824.633
825.13
825.644
826.214
826.635
827.133
827.632
828.13
828.633
829.135
829.636
830.127
830.635
831.133
831.627
832.131
832.639
833.126
833.634
834.203
834.634
835.129
835.628
836.126
836.626
837.131
837.631
838.127
838.633
839.135
839.64
840.133
840.632
841.135
841.64
842.137
842.633
843.147
843.652
844.133
844.627
845.132
845.628
846.167
846.629
847.137
847.632
848.191
848.655
849.16
849.678
850.186
850.632
851.131
851.633
852.132
852.631
853.134
853.633
854.175
854.632
855.138
855.651
856.127
856.626
857.155
857.641
858.128
858.692
859.173
859.629
860.134
860.634
861.131
861.63
862.137
862.677
863.173
863.666
864.178
864.647
865.128
865.627
866.128
866.701
867.138
867.635
868.183
868.632
869.134
869.627
870.131
870.641
871.133
871.644
872.129
872.687
873.127
873.704
874.139
874.636
875.138
875.631
876.154
876.638
877.127
877.637
878.132
878.635
879.131
879.628
880.131
880.625
881.139
881.638
882.137
882.633
883.125
883.633
884.126
884.635
885.134
885.634
886.132
886.627
887.131
887.635
888.134
888.63
889.127
889.63
890.136
890.626
891.131
891.641
892.133
892.638
893.135
893.637
894.126
894.638
895.127
895.638
896.134
896.63
897.14
897.632
898.133
898.635
899.135
899.637
900.128
900.626
901.132
901.63
902.189
902.677
903.175
903.675
904.17
904.638
905.129
905.63
906.174
906.633
907.167
907.633
908.126
908.63
909.129
909.638
910.207
910.646
911.13
911.631
912.125
912.634
913.134
913.692
914.13
914.633
915.127
915.634
916.137
916.636
917.135
917.633
918.127
918.797
919.128
919.628
920.135
920.733
921.182
921.642
922.189
922.702
923.191
923.635
924.137
924.626
925.133
925.63
926.126
926.646
927.125
927.626
928.203
928.738
929.126
929.635
930.133
930.629
931.127
931.63
932.142
932.63
933.13
933.633
934.125
934.628
935.125
935.637
936.124
936.63
937.136
937.626
938.129
938.63
939.131
939.632
940.127
940.629
941.155
941.626
942.125
942.636
943.133
943.633
944.131
944.626
945.13
945.63
946.131
946.7
947.127
947.634
948.166
948.635
949.124
949.636
950.13
950.626
951.126
951.673
952.13
952.634
953.129
953.627
954.132
954.627
955.143
955.635
956.134
956.637
957.127
957.632
958.167
958.629
959.125
959.633
960.125
960.638
961.125
961.698
962.134
962.633
963.136
963.675
964.125
964.632
965.192
965.632
966.126
966.627
967.128
967.628
968.134
968.632
969.131
969.632
970.176
970.635
971.125
971.632
972.132
972.636
973.125
973.629
974.127
974.63
975.128
975.628
976.134
976.627
977.13
977.668
978.133
978.634
979.133
979.637
980.126
980.635
981.143
981.633
982.206
982.687
983.19
983.691
984.202
984.649
985.125
985.626
986.138
986.63
987.14
987.632
988.13
988.63
989.162
989.631
990.127
990.63
991.146
991.627
992.128
992.634
993.131
993.697
994.133
994.631
995.136
995.635
996.126
996.636
997.134
997.646
998.126
998.628
999.135
999.628
1000.13
1000.63
1001.17
1001.63
1002.13
1002.63
1003.13
1003.64
1004.12
1004.63
1005.14
1005.63
1006.13
1006.63
1007.13
1007.63
1008.13
1008.63
1009.14
1009.64
1010.13
1010.63
1011.14
1011.63
1012.13
1012.63
1013.14
1013.63
1014.13
1014.63
1015.13
1015.63
1016.17
1016.63
1017.13
1017.63
1018.13
1018.63
1019.17
1019.63
1020.13
1020.63
1021.13
1021.63
1022.17
1022.66
1023.13
1023.63
1024.14
1024.63
1025.13
1025.68
1026.16
1026.63
1027.14
1027.63
1028.13
1028.63
1029.13
1029.63
1030.13
1030.64
1031.13
1031.63
1032.13
1032.62
1033.13
1033.63
1034.13
1034.63
1035.13
1035.63
1036.13
1036.63
1037.13
1037.64
1038.13
1038.64
1039.13
1039.64
1040.2
1040.63
1041.15
1041.63
1042.18
1042.63
1043.15
1043.64
1044.13
1044.64
1045.13
1045.63
1046.13
1046.64
1047.13
1047.64
1048.13
1048.63
1049.13
1049.65
1050.13
1050.65
1051.13
1051.63
1052.16
1052.63
1053.13
1053.63
1054.16
1054.63
1055.13
1055.65
1056.13
1056.63
1057.13
1057.64
1058.13
1058.63
1059.16
1059.63
1060.13
1060.62
1061.14
1061.63
1062.13
1062.67
1063.2
1063.64
1064.17
1064.7
1065.16
1065.66
1066.18
1066.66
1067.17
1067.64
1068.13
1068.63
1069.17
1069.64
1070.16
1070.63
1071.13
1071.64
1072.13
1072.63
1073.13
1073.63
1074.13
1074.64
1075.13
1075.63
1076.13
1076.63
1077.14
1077.63
1078.13
1078.63
1079.13
1079.63
1080.13
1080.63
1081.14
1081.63
1082.13
1082.63
1083.15
1083.63
1084.13
1084.63
1085.12
1085.63
1086.14
1086.63
1087.14
1087.63
1088.17
1088.62
1089.13
1089.64
1090.13
1090.63
1091.13
1091.63
1092.13
1092.63
1093.13
1093.63
1094.13
1094.63
1095.13
1095.64
1096.13
1096.63
1097.13
1097.63
1098.13
1098.63
1099.14
1099.63
1100.15
1100.63
1101.13
1101.63
1102.13
1102.62
1103.19
1103.63
1104.13
1104.63
1105.13
1105.63
1106.13
1106.68
1107.16
1107.63
1108.13
1108.63
1109.17
1109.63
1110.18
1110.64
1111.13
1111.65
1112.18
1112.63
1113.12
1113.63
1114.2
1114.67
1115.16
1115.63
1116.13
1116.63
1117.14
1117.63
1118.16
1118.63
1119.13
1119.63
1120.17
1120.64
1121.12
1121.63
1122.13
1122.63
1123.13
1123.63
1124.13
1124.63
1125.13
1125.63
1126.13
1126.63
1127.13
1127.64
1128.13
1128.63
1129.13
