0.002932
0.003501
0.004124
0.004448
0.004350
0.004409
0.005476
0.005816
0.006418
0.007300
0.007413
0.008077
0.009881
0.008899
0.009615
0.010007
0.009752
0.008204
0.008783
0.009957
0.009366
0.010550
0.013340
0.011971
0.014467
0.015783
0.013480
0.013240
0.013456
0.014330
0.013418
0.015329
0.012316
0.012225
0.012892
0.011612
0.013190
0.012394
0.012698
0.013311
0.014051
0.015553
0.016904
0.016601
0.016856
0.015188
0.016604
0.015227
0.015215
0.014968
0.015565
0.017529
0.018226
0.016441
0.016406
0.014617
0.012748
0.015673
0.012089
0.013534
0.010538
0.013644
0.011873
0.013938
0.009909
0.009311
0.009610
0.009728
0.013059
0.011905
0.012609
0.015375
0.017023
0.016193
0.019926
0.018481
0.021482
0.018277
0.020380
0.019387
0.022520
0.024254
0.023211
0.021388
0.020864
0.020320
0.018296
0.018509
0.019073
0.019268
0.019728
0.019741
0.020497
0.019623
0.020183
0.014444
0.013667
0.012868
0.013679
0.013343
0.014862
0.014512
0.014796
0.017407
0.016095
0.014555
0.014463
0.014590
0.014123
0.016942
0.015095
0.021983
0.023373
0.021477
0.022011
0.024564
0.024306
0.024832
0.024944
0.026875
0.028845
0.024140
0.023785
0.023625
0.019045
0.018229
0.016106
0.011889
0.012342
0.011183
0.014542
0.017083
0.019637
0.027520
0.026710
0.027694
0.032692
0.032678
0.032326
0.032937
0.031149
0.029009
0.029390
0.029351
0.028975
0.029173
0.029074
0.028926
0.029530
0.025190
0.023746
0.022164
0.020513
0.021518
0.020421
0.018059
0.016807
0.017726
0.018066
0.023937
0.018279
0.019218
0.021600
0.021468
0.020852
0.020833
0.021160
0.022057
0.024272
0.023386
0.026247
0.029495
0.031143
0.027561
0.030755
0.028787
0.031650
0.033764
0.031277
0.034162
0.032849
0.031123
0.030704
0.028965
0.029287
0.028027
0.029938
0.024434
0.024593
0.022016
0.026153
0.025966
0.027349
0.024710
0.025433
0.023890
0.025234
0.023757
0.019725
0.017102
0.017194
0.023354
0.024118
0.023807
0.022683
0.020229
0.019983
0.018284
0.017348
0.019021
0.019527
0.019050
0.021927
0.017119
0.022993
0.026040
0.024108
0.027434
0.026700
0.026341
0.027254
0.029152
0.025592
0.028321
0.028590
0.026468
0.026718
0.028375
0.036509
0.027734
0.029817
0.027912
0.028669
0.023161
0.027292
0.021295
0.021329
0.022039
0.019588
0.022501
0.022500
0.020698
0.024950
0.025634
0.025795
0.027686
0.028202
0.027512
0.026924
0.026797
0.026093
0.021406
0.031202
0.022985
0.024050
0.024927
0.024973
0.023335
0.021514
0.018314
0.020159
0.022037
0.024935
0.024847
0.022781
0.025307
0.025332
0.026756
0.029079
0.026810
0.017700
0.023408
0.023302
0.022644
0.021795
0.021117
0.023269
0.023009
0.025846
0.022958
0.022457
0.022652
0.022928
0.024476
0.022607
0.021348
0.021604
0.022271
0.023795
0.022690
0.022824
0.027535
0.024917
0.024052
0.030007
0.027729
0.023684
0.022812
0.018115
0.021330
0.022465
0.024405
0.026162
0.024110
0.024200
0.023206
0.020561
0.020141
0.021196
0.020466
0.021269
0.019269
0.021313
0.021376
0.026419
0.032763
0.027311
0.026434
0.027698
0.022827
0.025494
0.022937
0.022009
0.022395
0.029746
0.031376
0.022985
0.024793
0.026923
0.019249
0.023213
0.026431
0.024327
0.024903
0.025143
0.022604
0.025837
0.024954
0.026026
0.020376
0.020861
0.023263
0.023043
0.023809
0.027438
0.025390
0.023576
0.024785
0.020347
0.020679
0.021329
0.021193
0.021324
0.022065
0.021865
0.022157
0.019743
0.020791
0.019753
0.019509
0.024294
0.027606
0.029521
0.027511
0.029512
0.025455
0.019974
0.023767
0.014783
0.017211
0.018358
0.014094
0.017727
0.014290
0.015658
0.014860
0.012454
0.011676
0.012415
0.012716
0.013756
0.013828
0.016144
0.015612
0.020998
0.017190
0.016845
0.024894
0.026641
0.024724
0.024837
0.017714
0.016423
0.016422
0.015325
0.017511
0.014833
0.015209
0.018099
0.019465
0.019015
0.021589
0.028676
0.024431
0.028536
0.029366
0.036910
0.034433
0.037419
0.039598
0.040295
0.040542
0.040637
0.039352
0.040380
0.042793
0.032249
0.033792
0.028672
0.024584
0.020511
0.017272
0.019377
0.021852
0.016359
0.015843
0.018242
0.015610
0.020430
0.020271
0.021191
0.024703
0.029817
0.027565
0.029723
0.036585
0.034724
0.037154
0.030486
0.031660
0.034240
0.033465
0.035194
0.044322
0.051057
0.046849
0.046735
0.047424
0.041930
0.050464
0.050311
0.050574
0.046920
0.049120
0.050131
0.045362
0.043433
0.042819
0.046069
0.044374
0.044384
0.048364
0.053533
0.050997
0.051305
0.055594
0.052726
0.052593
0.057464
0.052924
0.045178
0.046802
0.045128
0.033774
0.033868
0.032661
0.028023
0.033574
0.037296
0.036063
0.039289
0.028582
0.023308
0.026779
0.022094
0.028070
0.024565
0.024237
0.024900
0.023550
0.024309
0.027087
0.024095
0.027634
0.029739
0.028156
0.028807
0.030499
0.029114
0.030186
0.029532
0.028986
0.028522
0.037308
0.036008
0.034500
0.036116
0.032011
0.031528
0.026882
0.023796
0.022118
0.024799
0.026194
0.028793
0.026666
0.024800
0.022431
0.030504
0.029597
0.029031
0.026983
0.025433
0.029040
0.023462
0.025009
0.025796
0.028323
0.033424
0.030895
0.036042
0.036079
0.038522
0.037312
0.035083
0.033450
0.046282
0.048854
0.045308
0.055626
0.048280
0.057415
0.058649
0.052613
0.055001
0.049996
0.050383
0.052238
0.047975
0.047813
0.041853
0.047288
0.035053
0.037006
0.031375
0.030381
0.031244
0.028742
0.031880
0.033916
0.026227
0.027772
0.027733
0.029577
0.023835
0.017245
0.019766
0.018892
0.014652
0.018904
0.019931
0.022334
0.022894
0.027553
0.032496
0.028365
0.029492
0.030800
0.036631
0.035257
0.032037
0.027966
0.030759
0.032700
0.036274
0.038709
0.040048
0.035834
0.037689
0.039097
0.038452
0.040245
0.033588
0.032498
0.028666
0.032197
0.031254
0.027901
0.024552
0.025930
0.019806
0.017430
0.014733
0.013489
0.017071
0.016875
0.016582
0.017013
0.020405
0.021352
0.023029
0.023767
0.024679
0.023603
0.026129
0.032573
0.031838
0.035316
0.034689
0.035092
0.046199
0.041102
0.043234
0.042165
0.039676
0.049070
0.057010
0.051851
0.055754
0.053237
0.051650
0.052634
0.055506
0.050080
0.047127
0.052354
0.039971
0.039665
0.033810
0.030576
0.033474
0.032979
0.033497
0.030705
0.033637
0.033208
0.034434
0.041029
0.039143
0.041809
0.035287
0.037759
0.029288
0.029075
0.029452
0.032662
0.030110
0.026831
0.027356
0.024929
0.020604
0.022312
0.017554
0.019380
0.017622
0.013565
0.018039
0.021152
0.026524
0.025106
0.034405
0.036072
0.037955
0.039878
0.044243
0.050046
0.058651
0.054555
0.055314
0.046899
0.048080
0.040652
0.040382
0.043284
0.043136
0.033685
0.033637
0.033481
0.034393
0.034417
0.034348
0.036560
0.033800
0.034350
0.036756
0.034104
0.034983
0.033361
0.035871
0.036957
0.044835
0.044627
0.043332
0.050076
0.041228
0.041927
0.049234
0.037409
0.035300
0.032408
0.034108
0.033471
0.027411
0.027039
0.023784
0.025826
0.023878
0.025346
0.028345
0.034771
0.039737
0.033281
0.027902
0.027738
0.020025
0.022934
0.023578
0.027025
0.026710
0.031097
0.030329
0.032571
0.033142
0.032596
0.036440
0.032675
0.033414
0.031491
0.035254
0.035366
0.028257
0.025471
0.024469
0.021634
0.016718
0.017679
0.017573
0.017438
0.022287
0.017295
0.019019
0.019699
0.017132
0.020519
0.026175
0.024936
0.028679
0.035229
0.033768
0.038415
0.041112
0.036860
0.037741
0.045290
0.048295
0.053295
0.049051
0.051562
0.044977
0.045897
0.037617
0.028761
0.033006
0.025855
0.028022
0.027697
0.021772
0.021112
0.019134
0.018585
0.014628
0.018259
0.022460
0.026931
0.026883
0.027434
0.026186
0.026960
0.027914
0.022856
0.014941
0.015156
0.016962
0.018489
0.021175
0.021637
0.023937
0.024616
0.025767
0.027241
0.035057
0.040675
0.044351
0.052347
0.053195
0.052295
0.051821
0.053846
0.051008
0.052547
0.051862
0.058644
0.057492
0.056582
0.039813
0.040133
0.030836
0.030130
0.026350
0.025468
0.025534
0.030370
0.028160
0.025512
0.020295
0.027333
0.026501
0.030843
0.026721
0.033699
0.035012
0.036908
0.040860
0.041142
0.039703
0.038112
0.039960
0.026757
0.028192
0.023287
0.030787
0.026762
0.026075
0.024993
0.027495
0.029688
0.025834
0.023911
0.025627
0.023310
0.024448
0.032009
0.032956
0.034272
0.036592
0.038850
0.027474
0.035314
0.030126
0.030047
0.025886
0.035685
0.034844
0.028587
0.023990
0.024309
0.024312
0.023695
0.032824
0.023292
0.018658
0.019749
0.022745
0.019612
0.018955
0.019646
0.017921
0.019609
0.019887
0.019543
0.022239
0.018798
0.018482
0.021945
0.029906
0.034854
0.030910
0.037811
0.035135
0.028388
0.035009
0.032234
0.033677
0.032813
0.034472
0.032774
0.029562
0.031006
0.027578
0.026023
0.023247
0.016913
0.018708
0.018920
0.028477
0.026882
0.028563
0.029634
0.025004
0.027743
0.033195
0.035809
0.034489
0.036171
0.032975
0.035493
0.026228
0.026081
0.023578
0.026461
0.027362
0.021056
0.022922
0.025321
0.025105
0.024322
0.025055
0.027792
0.025300
0.034087
0.030298
0.030276
0.030099
0.023129
0.027749
0.027578
0.033041
0.030065
0.031743
0.031865
0.038285
0.034548
0.039567
0.034390
0.029730
0.028247
0.044593
0.022694
0.025863
0.024277
0.027104
0.027180
0.029220
0.029834
0.039292
0.038536
0.038005
0.039135
0.034621
0.039532
0.039242
0.038003
0.032678
0.036677
0.032379
0.038155
0.040451
0.031680
0.038338
0.037679
0.039778
0.039955
0.036753
0.036386
0.035521
0.034746
0.040857
0.039068
0.039772
0.039337
0.037837
0.035697
0.032957
0.032720
0.023815
0.023181
0.024704
0.018763
