0.000000
0.000000
0.100000
0.633333
1.166667
1.766667
2.311084
3.220604
4.192996
5.176062
6.165463
7.220545
8.211245
9.200986
10.181108
11.063914
11.990731
12.996866
13.853693
14.742246
15.155596
15.912336
16.943203
17.833925
18.889737
19.855929
20.832215
21.639595
22.601816
23.568364
24.347882
25.100250
25.693659
26.430191
27.426481
28.391049
29.377532
30.422221
31.406965
32.411728
33.400170
34.390132
35.367676
36.291485
37.386440
38.368519
39.356449
40.277619
41.228629
42.200915
43.257745
44.165375
44.833161
45.528088
45.994695
46.802614
47.780581
48.825109
49.810742
50.777307
51.768714
52.526775
53.265575
54.160180
54.866546
55.816481
56.797399
57.539841
58.306376
59.274636
60.291123
61.231053
61.933341
62.647584
63.634160
64.547233
65.524534
66.565787
67.566470
68.441015
69.237865
70.220179
71.205239
72.259753
73.222251
74.011444
74.919650
75.873065
76.754996
77.740684
78.791685
79.775539
80.760308
81.718048
82.703442
83.677658
84.726726
85.676832
86.656444
87.576418
88.337296
89.318294
90.237691
90.974878
91.835786
92.737485
93.694662
94.563592
95.559050
96.393970
97.091449
98.034490
99.078033
99.967810
100.952406
101.921647
102.964457
103.928415
104.922155
105.890481
106.846912
107.820517
108.809748
109.851789
110.649070
111.566963
112.460681
113.430678
114.369007
115.098155
115.964058
116.947715
117.689246
118.395092
119.342090
120.233505
121.172006
121.630893
121.899829
122.649449
123.564957
124.538492
125.540368
126.569010
127.564371
128.534764
129.513845
130.468942
131.456015
132.480623
133.459137
134.372347
135.363887
136.295962
137.282246
138.174604
139.186560
140.123478
140.676263
141.109151
141.996340
142.944881
143.888541
144.837356
145.818430
146.690778
147.671161
148.622833
149.611873
150.651518
151.625134
152.362229
152.690574
153.450890
154.366764
155.227414
156.279592
157.270821
158.258883
159.253010
160.240634
161.226817
162.274790
163.266214
164.257651
165.238024
166.243502
167.206290
168.137291
169.054621
169.913581
170.807363
171.672211
172.558426
173.536733
174.328013
174.981441
175.927767
176.733937
177.494330
178.418030
179.399960
180.455099
181.397498
182.331142
183.321809
184.309754
185.153005
185.469898
186.337063
187.292662
188.223645
189.209095
190.196665
191.142247
192.182271
193.158090
194.102843
195.078471
195.987808
196.901666
197.894578
198.930301
199.917862
200.903706
201.793802
202.430645
203.319998
204.371175
205.354685
206.344775
207.333933
208.296875
209.283864
210.274220
211.320661
212.276957
213.009840
213.952871
214.797220
215.733561
216.722297
217.761094
218.736655
219.719996
220.704411
221.653949
222.639122
223.695372
224.686579
225.662528
226.590974
227.376081
228.089392
228.913560
229.963292
230.836195
231.744959
232.733637
233.736961
234.661160
235.710581
236.691994
237.681490
238.666289
239.635039
240.624392
241.613529
242.671248
243.643308
244.396678
244.781482
245.323627
246.249207
247.228434
248.201890
248.946888
249.509622
250.368105
251.356132
252.344230
253.395225
254.378626
255.353600
256.339208
257.325718
258.314250
259.223670
259.840323
260.503270
261.493459
262.440402
263.405192
264.343203
265.403341
266.383726
267.374886
268.368461
269.333384
270.317944
271.290417
272.344670
273.327470
274.281331
275.259075
275.983672
276.764162
277.732528
278.505808
279.107676
280.004255
280.935466
281.902222
282.501594
282.977726
283.866588
284.815890
285.680424
286.327109
287.187144
288.171149
289.189755
290.131833
290.934912
291.827262
292.666737
293.535434
294.165878
294.874371
295.569313
296.437838
297.416714
298.388993
299.373079
300.419015
301.400656
302.347467
303.300211
304.194470
305.138773
306.116627
307.164633
308.152129
309.137642
309.965299
310.705340
311.583608
312.627617
313.610620
314.597583
315.327645
315.528046
316.332153
317.321391
318.378333
319.371638
320.303157
321.030026
321.890359
322.877523
323.929125
324.913113
325.850152
326.780554
327.767565
328.744604
329.722156
330.765985
331.756505
332.735423
333.741740
334.734148
335.720809
336.588606
337.285278
338.211992
339.031491
339.751717
340.704447
341.675338
342.719529
343.670623
344.620640
345.550664
346.541531
347.515850
348.273561
348.945493
349.714954
350.683263
351.637520
352.558132
353.551924
354.388436
355.076601
355.962061
356.949621
357.932215
358.918595
359.835550
360.857984
361.652260
362.251490
363.165597
364.149176
365.134195
366.116040
367.116499
367.857794
368.760735
369.629120
370.583556
371.515008
372.521302
373.501335
374.408066
375.365665
375.899623
376.285113
376.602489
377.424233
378.397476
379.263989
380.204125
381.141591
381.955555
382.954376
383.947353
384.869013
385.664072
386.609105
387.541150
388.169695
388.659284
389.271680
390.244338
391.121394
391.908720
392.837699
393.819047
394.841260
395.813019
396.796086
397.431931
398.058664
398.787147
399.803841
400.714640
401.290864
402.036021
402.981028
403.749636
404.147902
405.020012
405.992569
406.864336
407.187124
407.189202
407.189202
407.189202
407.368671
408.142829
409.124279
410.113324
411.099238
412.083683
413.071239
413.824087
414.770087
415.514984
416.245015
416.935878
417.374454
417.933747
418.826396
419.813999
420.805434
421.705014
422.665948
423.692946
424.657575
425.386418
426.209167
427.066349
427.759758
428.558857
429.586968
430.560682
431.532462
432.523147
433.510285
434.502497
435.556432
436.544189
437.526122
438.513210
439.447834
440.322432
441.269472
442.315110
443.247252
444.207213
445.092814
445.986016
446.985133
447.959412
448.964980
449.691221
450.548628
451.523767
452.416087
453.407824
454.446522
455.379422
455.902180
456.562168
457.559941
458.431277
459.410427
460.465540
461.449471
462.349269
462.728852
463.412295
464.375794
465.414591
466.343068
467.304976
468.266090
469.243588
470.121545
471.107548
472.154086
473.135971
474.113678
474.982292
475.439670
476.134642
477.102709
477.878918
478.735077
479.783565
480.737185
481.726920
482.606795
483.576606
484.554079
485.519968
486.496439
487.481116
488.472655
489.400930
490.411441
491.257753
492.122826
492.999754
494.003899
494.910458
495.738182
496.146406
496.988281
497.954811
498.854350
499.827604
500.807474
501.635540
502.455147
503.392585
504.250580
505.182425
506.074092
507.040390
507.881622
508.367462
509.263087
510.249667
511.158568
512.083189
513.115443
514.096292
515.060889
516.054984
517.017131
517.788969
518.652443
519.692594
520.687878
521.679286
522.653480
523.613831
524.564808
525.590392
526.362850
527.316464
528.309186
528.615544
528.615544
528.615544
528.619964
529.028316
529.925932
530.916582
531.906873
532.869059
533.790173
534.812394
535.773184
536.680871
537.472160
538.141125
538.631700
539.509089
540.491171
541.441506
542.329734
543.291523
544.276325
545.231737
546.245205
547.128842
548.010237
548.850633
549.705582
550.489647
551.413755
552.384589
553.321007
554.292411
555.115287
555.910011
556.678782
557.628090
558.562508
559.526304
560.150921
560.705931
561.546339
562.450643
563.509762
564.446909
565.408750
566.399214
567.374072
568.362934
569.413627
570.365101
571.333047
572.309020
573.285766
574.226643
575.144282
576.136745
576.674483
577.465365
578.450732
579.385427
580.345340
581.366151
582.298690
583.229299
584.200552
585.173322
586.163329
587.153365
588.208681
589.160548
590.109963
590.999104
591.945001
592.934238
593.903135
594.888576
595.760490
596.724692
597.611348
598.458665
599.454567
600.509293
601.498855
602.472416
603.438933
604.319277
605.225004
605.992459
606.833664
607.721168
608.597678
609.509094
610.497679
610.974778
611.460047
611.701384
612.480670
613.476469
614.435679
615.235324
616.138466
617.186077
618.173924
619.116892
620.007892
620.952123
621.908302
622.883818
623.959566
624.944134
625.932260
626.930142
627.911908
628.897670
629.925428
630.831811
631.524213
632.384303
633.361677
634.311708
634.801975
635.432122
636.419109
637.260071
638.204316
639.182121
640.090418
641.033640
641.296748
641.951448
642.874644
643.860495
644.843677
645.832658
646.881347
647.867912
648.854852
649.841524
650.830235
651.819923
652.809211
653.856477
654.833721
655.824005
656.794989
657.782691
658.773927
659.825631
660.724881
661.588797
662.577235
663.554709
664.539372
665.523867
666.580639
667.548970
668.481811
669.448206
670.139730
670.799420
671.605060
672.438157
673.411260
674.401374
675.329049
676.180404
677.149660
678.192577
679.091456
680.058317
681.043580
682.013625
682.989608
683.979398
685.026566
686.018176
687.000071
687.978661
688.971752
689.891166
690.498953
691.162097
692.097320
692.580894
693.270557
694.259135
695.232990
696.280754
697.253524
698.235812
698.939900
699.470025
700.358825
701.366892
702.350147
703.326337
704.301520
705.270738
706.260438
707.243226
708.204351
708.929310
709.876912
710.834827
711.811698
712.638679
713.013715
713.862913
714.856957
715.778513
716.653761
717.146269
717.774960
718.825143
719.763514
720.695475
721.557818
722.548529
723.493191
724.424256
725.442776
726.289894
727.318245
728.247465
729.157702
729.683721
730.600886
731.592405
732.560288
733.543697
734.490493
735.474734
736.456033
737.475378
738.464190
739.423506
740.465394
741.265433
742.259119
743.218952
744.349013
745.234015
746.212142
747.186773
748.165311
749.155197
750.211978
751.203033
752.188508
753.179079
754.165318
755.112760
756.095669
757.075361
758.033243
758.638518
759.327028
760.331428
761.319648
762.371076
763.368175
764.319010
765.288429
766.270308
767.068214
767.904637
768.857472
769.575877
770.545317
771.475623
772.457997
773.268400
774.158960
775.218130
776.204455
777.188094
778.176083
779.153094
780.145395
781.172535
782.161828
783.151635
784.141940
785.130802
786.109214
786.109214
786.109214
786.109214
786.109214
786.109214
786.157710
786.702751
787.780608
788.790824
789.778144
790.766871
791.744953
792.707157
793.437181
794.146669
795.081537
796.077034
797.068554
798.058846
799.049051
800.121848
801.204354
801.799945
802.736412
803.682773
804.616170
805.495740
806.558798
807.588620
808.582006
809.545480
810.503585
811.543372
812.391290
813.287867
814.259421
815.081651
816.251719
816.971438
817.626984
817.704584
817.858501
818.631647
819.657785
820.570494
821.539172
822.515386
823.162013
823.797935
824.736081
825.719791
826.688063
827.605130
828.512955
829.564807
830.492700
831.476351
832.466612
833.462659
834.340515
834.847478
835.577761
836.549269
836.670548
836.670548
836.670548
836.670548
836.751559
837.395426
838.359367
839.350202
840.342345
841.287360
842.019460
842.666824
843.642205
844.651342
845.639882
846.629768
847.489993
847.675602
847.997999
848.849669
849.838443
850.823238
851.814640
852.806299
853.866059
854.854389
855.743569
855.828636
855.828636
855.828636
855.828636
855.828636
855.828636
855.997817
856.720525
857.533584
857.643057
857.643057
857.643057
857.668869
858.177656
859.138072
860.123750
861.173763
862.293745
863.142985
863.701198
863.701198
863.701198
863.701198
863.701198
863.701198
863.701198
863.701198
863.923322
864.742154
865.796615
866.786987
867.775561
868.765478
869.753003
870.809802
871.733381
872.785865
873.775724
874.754199
875.737204
876.711791
877.689099
878.649232
879.375462
880.002383
880.923813
881.719013
882.649717
883.638804
884.679125
885.658415
886.650891
887.616044
888.591224
889.484025
890.398924
891.285575
891.986164
892.885226
893.823248
894.760086
895.742655
896.719522
897.806746
898.789232
899.611438
900.484287
901.384248
902.347317
903.298912
904.222608
905.120704
906.101375
907.048512
907.528661
908.352646
909.383699
910.117041
910.879472
911.849343
912.790969
913.771354
914.778819
915.763939
916.579310
917.538814
918.522858
919.493132
920.491794
921.480797
922.451164
923.422454
924.409244
925.322853
926.161486
926.954166
927.985421
928.896316
929.886024
930.791033
931.758121
932.707688
933.736936
934.692660
935.577721
936.423686
937.413997
938.366544
939.356038
940.408613
941.392590
942.382371
943.369841
944.419232
945.058511
945.147330
945.809730
946.782034
947.771979
948.738406
949.578788
950.338656
951.217937
952.201965
953.089054
953.988823
954.877744
955.795698
956.781387
957.797141
958.777211
959.714918
960.483855
961.179510
962.138561
963.174940
964.163519
965.113365
966.096475
967.088299
968.035313
969.016973
970.047561
971.047736
972.047842
972.713180
973.481505
974.445486
975.497502
976.392569
977.085063
977.896298
978.822912
979.792192
980.764364
981.765611
982.674078
983.639891
984.324206
984.880885
985.274617
986.057872
987.112710
988.099040
989.090278
990.070459
990.613218
991.194087
991.662253
992.108625
993.051543
993.983203
994.945725
995.865397
996.754576
997.837853
998.767584
999.744545
1000.732433
1001.721873
1002.712050
1003.767855
1004.753947
1005.493223
1006.369822
1007.431088
1008.340879
1009.332963
1010.387638
1011.378887
1012.369309
1013.359935
1014.349639
1015.281767
1016.340919
1016.951809
1016.966778
1016.966778
1016.966778
1017.164390
1017.930306
1018.947745
1019.920299
1020.504134
1021.046742
1021.341662
1021.341662
1021.341662
1021.407902
1022.028087
1023.002636
1023.989400
1024.981001
1025.876307
1026.427092
1027.318805
1028.028232
1028.368541
1029.221767
1030.250866
1031.171646
1032.228527
1033.347103
1034.176370
1034.535981
1035.011956
1035.876007
1036.505057
1036.875161
1037.446751
1038.389592
1039.382111
1040.362753
1041.543131
1041.833349
1041.835250
1042.167241
1043.069492
1044.055323
1045.033919
1046.014618
1047.071812
1047.252122
1047.812162
1048.783246
1049.735381
1050.704980
1051.697298
1052.578828
1053.554175
1054.512891
1055.500341
1056.533350
1057.453007
1058.198180
1059.045846
1060.028890
1060.970489
1061.938117
1062.926343
1063.787577
1064.690391
1065.531276
1066.446192
1067.411437
1068.351591
1069.253889
1070.230230
1071.215141
1072.190035
1073.117857
1074.109734
1075.071576
1076.012542
1077.069283
1078.051165
1078.889594
1079.455388
1080.036760
1080.741109
1081.423729
1082.184273
1083.173852
1084.163823
1085.154320
1086.080965
1086.924190
1087.753568
1088.362625
1089.074932
1089.973946
1090.887521
1091.671344
1092.525998
1093.321699
1094.062391
1095.010512
1095.962239
1096.957809
1097.918405
1098.932001
1099.852423
1100.735831
1101.663504
1102.402814
1103.357682
1104.278058
1105.157990
1106.024783
1106.897252
1107.847289
1108.795830
1109.685520
1110.778532
1111.615873
1112.585357
1113.567033
1114.590595
1115.511448
1116.502543
1117.541247
1118.515982
1119.501010
1120.482081
1121.458292
1122.379709
1123.279533
1124.247291
1125.070772
1125.937645
1126.900648
1127.876552
1128.593608
1129.365545
1130.320293
1131.302654
1132.248224
1133.197711
1134.155578
1135.089713
1136.109117
1136.954070
1137.973727
1138.940854
1139.926491
1140.890048
1141.942771
1142.929774
1143.771554
1144.719056
1145.669863
1146.649120
1147.615763
1148.646229
1149.630393
1150.588704
1151.582111
1152.544210
1153.508056
1154.113007
1154.623818
1155.528908
1156.433367
1157.380967
1157.972224
1158.797087
1159.813144
1160.797097
1161.779125
1162.312449
1163.021350
1163.964278
1164.779311
1165.551099
1166.081365
1166.876625
1167.908148
1168.776371
1169.700168
1170.662461
1171.526409
1172.355709
1173.343798
1174.301923
1175.220957
1175.851183
1176.639859
1177.613098
1178.002039
1178.190376
1178.981844
1179.969561
1180.958127
1181.936417
1182.832107
1183.783355
1184.773115
1185.756217
1186.747281
1187.695643
1188.470974
1189.358613
1190.339232
1191.322601
1192.250208
1193.148575
1194.199615
1195.189208
1196.179885
1197.135983
1198.011730
1198.987046
1200.063152
1201.049112
1202.042052
1202.997013
1203.894631
1204.875109
1205.833116
1206.152476
1206.152476
1206.154656
1206.458595
1207.323260
1208.316747
1209.303015
1210.354539
1211.335727
1212.212246
1213.070272
1214.075714
1215.044030
1216.061130
1216.900466
1217.714101
1218.632807
1219.627363
1220.603744
1221.482237
1221.835157
1222.434917
1223.379882
1224.298230
1225.278292
1226.034732
1226.846039
1227.806053
1228.725353
1229.636690
1230.587179
1231.569196
1232.498665
1233.547484
1234.418213
1235.008302
1235.679594
1236.441521
1237.368085
1238.359783
1239.327177
1240.030684
1240.875865
1241.865255
1242.810425
1243.785481
1244.835856
1245.728469
1246.702189
1247.668496
1248.647320
1249.627765
1250.563149
1251.596100
1252.585603
1253.574344
1254.555801
1255.264409
1255.884057
1256.929125
1257.896006
1258.682532
1259.483842
1260.359497
1261.190756
1262.145015
1263.195402
1264.122802
1265.112472
1266.087985
1267.020203
1267.574460
1268.458451
1269.515226
1270.448603
1271.432769
1272.419004
1273.380851
1274.074673
1274.628384
1275.477145
1276.438634
1277.392877
1278.099820
1278.913210
1279.944630
1280.893022
1281.700554
1282.659764
1283.600839
1284.556206
1285.591268
1286.601176
1287.536484
1288.530022
1288.636174
1288.636174
1288.636174
1288.636174
1288.636174
1288.636174
1288.636174
1288.636174
1288.636174
1288.636174
1288.636174
1288.940602
1289.780404
1290.775165
1291.766832
1292.755540
1293.798641
1294.754767
1295.758377
1296.727665
1297.696130
1298.665465
1299.656915
1300.643996
1301.687070
1302.678518
1303.665507
1304.659357
1305.648230
1306.638208
1307.676785
1308.652005
1309.651404
1310.600082
1311.546197
1312.534341
1313.499263
1314.547980
1315.533669
1316.514781
1317.466833
1318.405400
1319.282357
1320.141002
1321.077636
1321.822086
1322.822343
1323.684918
1324.639414
1325.554643
1326.404213
1327.390458
1328.305879
1329.283675
1330.272099
1331.257919
1332.241437
1333.179304
1334.086522
1335.202841
1335.623762
1335.623762
1335.623762
1335.623762
1335.623762
1335.623762
1335.623762
1335.623762
1335.623762
1335.623762
1335.623762
1335.623762
1335.623762
1335.623762
1335.623762
1335.623762
1335.623762
1335.623762
1335.623762
1335.623762
1335.623762
1335.623762
1335.623762
1335.623762
1335.623762
1335.911817
1336.797248
1337.871481
1338.773701
1339.764159
1340.818083
1341.804514
1342.689130
1343.594866
1344.393782
1344.904288
1345.870702
1346.834190
1347.815038
1348.778828
1349.559978
1350.033482
1350.925518
1351.975340
1352.962507
1353.939828
1354.820574
1355.799848
1356.787019
1357.708593
1358.534511
1359.459403
1360.404197
1361.204360
1362.186186
1363.127317
1364.154050
1365.009622
1365.947272
1366.811306
1367.777699
1368.831374
1369.751366
1370.798055
1371.728532
1372.079438
1372.079438
1372.352236
1373.202812
1374.245559
1375.195503
1376.136000
1377.093975
1378.067538
1379.041943
1379.990320
1380.932641
1381.876111
1382.800704
1383.774203
1384.756784
1385.557330
1386.435995
1387.403723
1388.369125
1389.356466
1390.299542
1391.201801
1392.002066
1393.056429
1394.280933
1395.076736
1396.028736
1396.965407
1397.931656
1398.914660
1399.949421
1400.933618
1401.914416
1402.894950
1403.671326
1404.217097
1405.002709
1406.007067
1406.932648
1407.922854
1408.907618
1409.895863
1410.885244
1411.949509
1412.824397
1413.667666
1414.443059
1415.254337
1416.238653
1417.205846
1418.262478
1419.246028
1420.180773
1421.190292
1422.002425
1422.961534
1423.707253
1424.373628
1425.204887
1425.976332
1426.884670
1427.712023
1428.666308
1429.597030
1430.554228
1431.522540
1432.482182
1433.345375
1434.335545
1435.344787
1436.252054
1437.059923
1438.047699
1439.006465
1439.986171
1440.971010
1442.004355
1442.992444
1443.933636
1444.902490
1445.854132
1446.905180
1447.619577
1447.619577
1447.619577
1447.619577
1447.625711
1448.017760
1448.934805
1449.980265
1450.906197
1451.894373
1452.871155
1453.851147
1454.635181
1455.132502
1456.043741
1457.034008
1457.977326
1458.980859
1459.956279
1460.915629
1461.852299
1462.200119
1462.431996
1463.255547
1464.247711
1465.236712
1466.224353
1467.206298
1468.062969
1468.443567
1468.443567
1468.443567
1468.443567
1468.447297
1468.856082
1469.773592
1470.756605
1471.739726
1472.706680
1473.754928
1474.646515
1475.618964
1476.519107
1477.456583
1478.316900
1479.236162
1480.223163
1481.268683
1482.260744
1483.204642
1484.120683
1485.095182
1486.071174
1487.111316
1488.012371
1488.981203
1489.835484
1490.814821
1491.792426
1492.762776
1493.801063
1494.771880
1495.738787
1496.682417
1497.674666
1498.660853
1499.648798
1500.626651
1501.263519
1502.119605
1503.114168
1504.100888
1505.057529
1506.090535
1506.996576
1507.881554
1508.843022
1509.834844
1510.823979
1511.812122
1512.888853
1513.863380
1514.852551
1515.814140
1516.540573
1517.203665
1518.163080
1519.100682
1520.077148
1521.059004
1522.036878
1522.987924
1523.970228
1525.012735
1525.919124
1526.857437
1527.789719
1528.773168
1529.693201
1530.671471
1531.635256
1532.595613
1533.511655
1534.094523
1534.605146
1535.289213
1536.611866
1537.929189
1538.922197
1538.922197
1538.922197
1538.922197
1538.922197
1539.103276
1539.882867
1540.927793
1541.842396
1542.717538
1543.728145
1544.816133
1545.798797
1546.672877
1547.381937
1548.326672
1549.287513
1550.279541
1551.335181
1552.325777
1553.316213
1554.307864
1555.358542
1556.284418
1557.272512
1558.327169
1559.235430
1559.760630
1560.344995
1561.254635
1562.250355
1563.302540
1564.425368
1565.277257
1566.267646
1567.258011
1568.314231
1569.304168
1570.293088
1571.346190
1572.082450
1572.082450
1572.096773
1572.483330
1573.476335
1574.522588
1575.578933
1576.814298
1578.010533
1578.989007
1579.835612
1580.916319
1581.833277
1582.656190
1583.474013
1584.377539
1585.277958
1586.281116
1587.336072
1588.304279
1589.275497
1590.256367
1591.231461
1592.134956
1593.124550
1594.113980
1595.080222
1596.062190
1597.005476
1597.992379
1598.914429
1599.964676
1600.954324
1601.945175
1602.935229
1603.902123
1604.769227
1605.772608
1606.625043
1607.407901
1608.288709
1609.245123
1610.243322
1611.119749
1612.172582
1613.160243
1614.139492
1615.127872
1616.117804
1617.058072
1617.786292
1618.595711
1619.583674
1620.540328
1621.394359
1622.397083
1623.368693
1624.390349
1625.418305
1626.307686
1627.260133
1628.240837
1628.987287
1629.443644
1630.324475
1631.244829
1631.961542
1632.727767
1633.600953
1634.592833
1635.639433
1636.607737
1637.465427
1638.430206
1639.371599
1640.193214
1641.185508
1642.227292
1643.249508
1644.242699
1645.071672
1645.788691
1646.737597
1647.732764
1648.567240
1649.365433
1650.271179
1651.047900
1651.773375
1652.656008
1653.709859
1654.686763
1655.674963
1656.661067
1657.642243
1658.631040
1659.598895
1660.655301
1661.643375
1662.624986
1663.436327
1664.346720
1665.331849
1666.371903
1667.154636
1667.970864
1668.939097
1669.756894
1670.603755
1671.441163
1672.519214
1673.488865
1674.432697
1675.236330
1676.142579
1677.098607
1678.081122
1679.122979
1679.964791
1680.845483
1681.586175
1681.586175
1681.586175
1681.586175
1681.586175
1681.589466
1681.939800
1682.847795
1683.849170
1684.835245
1685.892222
1686.880909
1687.873850
1688.851487
1689.839739
1690.821214
1691.728444
1692.578347
1693.546794
1694.529184
1695.486922
1695.999865
1696.285111
1697.164706
1698.286128
1699.483088
1700.730888
1701.762600
1702.677683
1703.543457
1704.459285
1705.171222
1705.454759
1706.238197
1707.283254
1708.568073
1709.529476
1710.374459
1711.293770
1712.288766
1713.251940
1714.004117
1714.681519
1715.653280
1716.607637
1717.572729
1718.271501
1718.978069
1719.876958
1720.919441
1721.870490
1722.779452
1723.633039
1724.292328
1725.161422
1726.162519
1727.208639
1728.198652
1729.189899
1730.178780
1731.165386
1732.155605
1733.140565
1734.204405
1735.158477
1736.476068
1738.058268
1739.283576
1740.095969
1741.053235
1742.013247
1742.906072
1743.779727
1744.760959
1745.755910
1746.741766
1747.803929
1748.792124
1749.780252
1750.767989
1751.738297
1752.728981
1753.784952
1754.771845
1755.758710
1756.743319
1757.736165
1758.709302
1759.698348
1760.753512
1761.742496
1762.737789
1763.678305
1764.380100
1765.240028
1765.973061
1766.789373
1767.492014
1768.198317
1769.154512
1770.128534
1771.048081
1771.962682
1772.940569
1773.895991
1774.876462
1775.867398
1776.817492
1777.795338
1778.852381
1779.843880
1780.827547
1781.823670
1782.805842
1783.794306
1784.898833
1785.816954
1786.801287
1787.773501
1788.753055
1789.525150
1790.105685
1790.938025
1791.804575
1792.684985
1793.669472
1794.554929
1795.561672
1796.417829
1797.178717
1797.899893
1798.430040
1798.911298
1799.634468
1800.836462
1801.879942
1802.849930
1803.795271
1804.779849
1805.767736
1806.724835
1807.707210
1808.686551
1809.579953
1810.531203
1811.360706
1812.161231
1812.921636
1813.905734
1814.672849
1815.620053
1816.587937
1817.507145
1818.506174
1819.451202
1820.486511
1821.485261
1822.442566
1823.431365
1824.378983
1825.325374
1825.924257
1825.924257
1825.924257
1825.924257
1825.924257
1825.924257
1825.924257
1825.924257
1825.924257
1825.924257
1826.225329
1827.076337
1828.061710
1828.990938
1829.939150
1830.906822
1831.896122
1832.883483
1833.867248
1834.800494
1835.318793
1835.965267
1836.971476
1837.968195
1838.827184
1839.853148
1840.871529
1841.879585
1842.761418
1843.743356
1844.731929
1845.713935
1846.653706
1847.464779
1848.300269
1849.236825
1850.191199
1850.813934
1851.596839
1852.478154
1853.228145
1854.252287
1855.243420
1856.108976
1856.894415
1857.850960
1858.849604
1859.887094
1860.852920
1861.623348
1862.480189
1863.327735
1864.166365
1865.053200
1865.889205
1866.866139
1867.842421
1868.828761
1869.819945
1870.811793
1871.875739
1872.867005
1873.854127
1874.842450
1875.823821
1876.805023
1877.792758
1878.747304
1879.480633
1880.386709
1881.364253
1882.295824
1883.187792
1884.240002
1885.200528
1886.183787
1886.941332
1887.375050
1888.122284
1889.092738
1890.149012
1891.114803
1892.098068
1892.931777
1893.844565
1894.805607
1895.849383
1896.643980
1897.264082
1898.030692
1898.850886
1899.624639
1900.526632
1901.603557
1902.591328
1903.456781
1904.025550
1904.803371
1905.760232
1906.659665
1907.713770
1908.695893
1909.748270
1910.544030
1911.220401
1912.069473
1913.141893
1913.979071
1914.466187
1915.226416
1916.204016
1917.129411
1918.036641
1919.025722
1920.004961
1920.798261
1921.663824
1922.681496
1923.619250
1924.656932
1925.652747
1926.646343
1927.629597
1928.614280
1929.395220
1930.175480
1931.225376
1932.213225
1933.200514
1934.148849
1935.088577
1936.062872
1936.887085
