0.005850
0.008216
0.006797
0.007557
0.006225
0.007076
0.006469
0.009303
0.009874
0.008393
0.006577
0.009325
0.007768
0.006540
0.008661
0.007590
0.010547
0.009706
0.007980
0.005970
0.007510
0.009147
0.007849
0.007443
0.009045
0.009868
0.005872
0.008304
0.007503
0.006269
0.006855
0.007600
0.009095
0.008842
0.008945
0.009256
0.008397
0.007399
0.005845
0.013010
0.008558
0.007305
0.009271
0.011560
0.008707
0.008450
0.006622
0.006576
0.010076
0.007940
0.005927
0.009893
0.009607
0.006319
0.007578
0.008433
0.007451
0.007362
0.008783
0.007744
0.006562
0.007683
0.007797
0.008648
0.006907
0.008472
0.008329
0.010266
0.008720
0.009710
0.008699
0.005580
0.007609
0.008318
0.011658
0.007358
0.009984
0.008858
0.008699
0.006061
0.010822
0.009100
0.008644
0.010265
0.008325
0.009037
0.005827
0.010125
0.007631
0.008752
0.008801
0.009259
0.008622
0.008657
0.008166
0.006241
0.008132
0.006836
0.007648
0.007791
0.005972
0.006664
0.006883
0.007424
0.007389
0.006542
0.008684
0.007321
0.008444
0.008545
0.006551
0.006097
0.008219
0.006962
0.007159
0.008367
0.007776
0.007216
0.006651
0.007660
0.007423
0.007140
0.007122
0.007848
0.009337
0.010048
0.008999
0.007130
0.008478
0.005916
0.007833
0.009907
0.007441
0.009519
0.007465
0.009661
0.007466
0.006814
0.007748
0.008386
0.008628
0.008641
0.008950
0.008229
0.007098
0.009145
0.009444
0.007860
0.009446
0.006163
0.006083
0.006399
0.007482
0.007362
0.008939
0.006831
0.010210
0.006620
0.007987
0.006245
0.008654
0.008671
0.008813
0.008532
0.006487
0.007965
0.009253
0.008564
0.008384
0.006736
0.005604
0.007198
0.007555
0.009932
0.008063
0.008974
0.007147
0.008548
0.005444
0.009767
0.008625
0.007693
0.009159
0.007396
0.006594
0.007154
0.008629
0.009146
0.008592
0.010179
0.006589
0.008470
0.007723
0.005981
0.008461
0.010045
0.006557
0.005478
0.007723
0.008353
0.007842
0.008132
0.007726
0.006662
0.007703
0.005486
0.007060
0.006526
0.005888
0.009918
0.008662
0.007740
0.009759
0.009057
0.008929
0.007857
0.007040
0.008734
0.006286
0.009195
0.006633
0.008891
0.006463
0.006994
0.006949
0.006716
0.008298
0.009470
0.011751
0.008281
0.008020
0.009592
0.008136
0.007563
0.009843
0.009213
0.008549
0.008313
0.006289
0.007199
0.008765
0.009089
0.006926
0.009464
0.007961
0.008118
0.007666
0.005600
0.007342
0.007584
0.009117
0.008891
0.007811
0.006924
0.007772
0.009022
0.008333
0.006910
0.008529
0.008223
0.006904
0.007762
0.007280
0.007792
0.006763
0.008146
0.007431
0.005518
0.008486
0.008856
0.009179
0.009166
0.009759
0.008590
0.009115
0.009185
0.006119
0.008632
0.006739
0.007441
0.007408
0.006868
0.005608
0.007796
0.007582
0.014387
0.009704
0.007604
0.006201
0.006239
0.009151
0.006186
0.006672
0.009645
0.011316
0.007636
0.008159
0.008058
0.008282
0.008416
0.008525
0.009354
0.008267
0.009010
0.006460
0.008655
0.007758
0.006460
0.009596
0.008853
0.008409
0.008441
0.009138
0.008165
0.009178
0.012409
0.006925
0.007866
0.010283
0.008255
0.007781
0.007330
0.007971
0.010019
0.008560
0.009760
0.007139
0.006610
0.009505
0.008208
0.010779
0.009114
0.009482
0.009180
0.010430
0.006749
0.008197
0.006304
0.007461
0.006985
0.008476
0.008621
0.007942
0.009875
0.006362
0.010611
0.009555
0.005628
0.008091
0.006460
0.007538
0.007543
0.006258
0.008634
0.008097
0.007264
0.007452
0.009917
0.007587
0.009695
0.010073
0.010503
0.007816
0.007713
0.009654
0.009106
0.007206
0.007780
0.007929
0.007851
0.010159
0.009961
0.008457
0.008186
0.009013
0.008908
0.008100
0.008856
0.006839
0.006936
0.007602
0.007741
0.007115
0.007514
0.009336
0.008978
0.010245
0.007331
0.008685
0.009886
0.007498
0.009177
0.008044
0.006241
0.006562
0.007731
0.009313
0.006855
0.008479
0.006339
0.007202
0.007782
0.006536
0.007545
0.006923
0.007330
0.010456
0.007916
0.005582
0.008953
0.006505
0.006504
0.006359
0.007354
0.009500
0.007770
0.008454
0.008582
0.005682
0.007809
0.008174
0.009072
0.006351
0.010314
0.005775
0.007028
0.005823
0.009426
0.007856
0.009059
0.013463
0.006889
0.007081
0.007305
0.007552
0.009125
0.009698
0.008764
0.006440
0.007632
0.006840
0.005955
0.004192
0.006020
0.013697
0.008212
0.007625
0.011816
0.009081
0.012246
0.008227
0.006356
0.005208
0.011765
0.009992
0.008579
0.009866
0.007662
0.010696
0.011573
0.006387
0.008822
0.005929
0.007415
0.007097
0.012198
0.008897
0.008312
0.006210
0.010975
0.011227
0.012557
0.011222
0.009481
0.008970
0.009555
0.008646
0.006870
0.006171
0.005736
0.011652
0.005582
0.008618
0.007690
0.007804
0.007096
0.005552
0.008097
0.009510
0.008913
0.006411
0.008362
0.008452
0.008574
0.009899
0.009013
0.007721
0.008137
0.007696
0.007510
0.009239
0.008871
0.006937
0.010287
0.011253
0.009706
0.010942
0.008734
0.008447
0.008582
0.007694
0.009051
0.007444
0.009004
0.008095
0.008462
0.008801
0.010028
0.008942
0.007300
0.007673
0.007873
0.007484
0.009029
0.007709
0.010593
0.004054
0.006199
0.010259
0.008672
0.006918
0.009227
0.008173
0.011692
0.009978
0.010580
0.010674
0.011769
0.008325
0.010744
0.010208
0.012146
0.013554
0.017130
0.008677
0.007217
0.007306
0.011437
0.012288
0.012285
0.011096
0.011008
0.008547
0.008954
0.007002
0.008321
0.006825
0.009887
0.008619
0.007001
0.006310
0.009494
0.007671
0.006584
0.007829
0.007002
0.007636
0.007472
0.008757
0.009506
0.006576
0.007187
0.006090
0.005631
0.009366
0.007874
0.009769
0.010325
0.008742
0.009131
0.008764
0.009197
0.007839
0.005862
0.007607
0.010141
0.008775
0.008332
0.006188
0.007607
0.006474
0.006699
0.005895
0.007266
0.007534
0.007863
0.008848
0.009076
0.007299
0.008825
0.008069
0.008557
0.006294
0.009237
0.007848
0.008873
0.007527
0.006151
0.006450
0.007604
0.009214
0.010289
0.007408
0.007968
0.005692
0.006346
0.008833
0.007153
0.005761
0.008427
0.008383
0.007806
0.008376
0.007179
0.010320
0.008544
0.008122
0.006554
0.007435
0.008783
0.005937
0.006929
0.009516
0.005013
0.007936
0.009130
0.007578
0.007345
0.008987
0.008821
0.009183
0.006131
0.008241
0.008939
0.006862
0.005972
0.011697
0.008984
0.009071
0.008638
0.007704
0.010589
0.008382
0.008833
0.010448
0.007951
0.007848
0.007604
0.007013
0.008584
0.005708
0.009634
0.010138
0.009454
0.009502
0.005506
0.005697
0.009045
0.008719
0.011326
0.007263
0.007786
0.011110
0.008830
0.007536
0.007566
0.009921
0.008874
0.006715
0.008975
0.006480
0.007899
0.008247
0.008958
0.007241
0.007400
0.008596
0.007035
0.006569
0.007873
0.006624
0.008439
0.009211
0.006593
0.007206
0.008907
0.009826
0.008780
0.009858
0.010930
0.009929
0.009112
0.008884
0.011673
0.011132
0.008049
0.005964
0.007695
0.008361
0.007880
0.009246
0.011192
0.009503
0.008426
0.009878
0.008028
0.005888
0.009861
0.008261
0.008635
0.011436
0.008098
0.009646
0.009137
0.007001
0.009897
0.007711
0.006184
0.008389
0.007553
0.008641
0.007685
0.009935
0.006763
0.006161
0.007638
0.007130
0.006681
0.007933
0.009661
0.010490
0.010098
0.012292
0.008947
0.009164
0.010970
0.007539
0.008117
0.008845
0.007507
0.007434
0.005669
0.008583
0.009185
0.008896
0.008003
0.009093
0.009932
0.007032
0.011981
0.011135
0.007278
0.006447
0.007498
0.006753
0.004310
0.005708
0.005760
0.010794
0.007535
0.005513
0.005686
0.010410
0.009608
0.009166
0.008706
0.006784
0.006885
0.009953
0.007718
0.009207
0.009969
0.007190
0.006595
0.008768
0.005235
0.009467
0.006316
0.008294
0.005660
0.006028
0.006814
0.010904
0.006283
0.007658
0.007489
0.008955
0.010744
0.009699
0.006027
0.009384
0.012107
0.013179
0.012193
0.012423
0.013469
0.009906
0.011874
0.009268
0.014207
0.014185
0.010286
0.011098
0.011159
0.009118
0.012058
0.011073
0.007145
0.010679
0.009897
0.008685
0.009203
0.009587
0.008035
0.010103
0.007946
0.006049
0.006757
0.008893
0.010176
0.009229
0.007139
0.005756
0.008931
0.009772
0.007998
0.009549
0.007844
0.007882
0.007483
0.006517
0.008791
0.008451
0.006660
0.006007
0.009231
0.008835
0.006193
0.008846
0.007728
0.005968
0.006605
0.007625
0.007607
0.007870
0.009450
0.007300
0.008834
0.008794
0.006660
0.007713
0.012328
0.009853
0.011012
0.008862
0.007951
0.007997
0.007694
0.009456
0.008543
0.007931
0.009167
0.009426
0.009479
0.007280
0.006307
0.010097
0.011798
0.008183
0.009021
0.006418
0.011588
0.010889
0.010461
0.009563
0.011749
0.009718
0.006641
0.010350
0.009932
0.007415
0.008997
0.007508
0.007385
0.006648
0.008112
0.006439
0.005538
0.005438
0.007298
0.007693
0.010973
0.008633
0.008641
0.009749
0.007494
0.009465
0.008885
0.006651
0.006518
0.005956
0.005792
0.005654
0.010173
0.010965
0.003925
0.003823
0.003961
0.007922
0.010086
0.008056
0.010015
0.008399
0.006557
0.008955
0.008831
0.008898
0.009248
0.009010
0.011814
0.008358
0.008346
0.008513
0.005194
0.007756
0.008354
0.006016
0.007285
0.008607
0.009538
0.007871
0.010504
0.008458
0.009987
0.007773
0.005254
0.009021
0.008466
0.007660
0.006798
0.006083
0.009651
0.009021
0.008513
0.006762
0.008978
0.009284
0.008871
0.008746
0.009087
0.008184
0.008263
0.010593
0.012629
0.010893
0.008123
0.008889
0.007639
0.009600
0.009658
0.009835
0.008354
0.009053
0.007112
0.009302
0.009300
0.008408
0.009056
0.007579
0.007521
0.006810
0.006060
0.009874
0.009590
0.008015
0.007257
0.007666
0.008793
