0.000000
0.000000
0.000000
0.000000
0.002000
68.509000
78.615000
99.050000
118.789000
152.179000
170.112000
198.433000
219.383000
224.233000
229.286000
238.773000
252.580000
276.089000
302.967000
348.664000
373.439000
388.755000
394.450000
416.278000
451.998000
487.103000
516.354000
549.245000
570.560000
579.391000
614.804000
666.861000
690.194000
722.793000
732.371000
755.295000
799.961000
853.070000
893.454000
935.165000
957.754000
979.919000
1014.024000
1040.177000
1056.412000
1093.916000
1147.842000
1183.049000
1197.021000
1217.716000
1225.428000
1241.511000
1293.869000
1338.609000
1366.676000
1393.278000
1401.934000
1417.432000
1436.463000
1453.937000
1468.493000
1486.838000
1504.932000
1512.383000
1523.532000
1538.350000
1545.321000
1554.025000
1562.695000
1577.852000
1596.424000
1612.790000
1625.575000
1630.267000
1632.120000
1636.241000
1638.758000
1643.173000
1649.508000
1654.868000
1663.142000
1669.759000
1684.074000
1707.243000
1720.713000
1741.892000
1774.610000
1788.609000
1791.849000
1792.273000
1793.187000
1803.598000
1811.914000
1815.387000
1824.458000
1829.312000
1829.667000
1829.755000
1829.942000
1838.181000
1854.819000
1862.535000
1867.818000
1900.690000
1926.029000
1957.747000
2018.550000
2066.090000
2091.228000
2113.239000
2135.896000
2151.757000
2161.473000
2192.277000
2238.074000
2279.336000
2311.245000
2352.037000
2384.054000
2410.631000
2431.937000
2462.602000
2484.368000
2521.691000
2551.965000
2584.812000
2613.519000
2650.927000
2689.454000
2720.982000
2737.547000
2743.548000
2761.607000
2773.825000
2776.462000
2786.486000
2786.858000
2793.263000
2815.256000
2834.432000
2872.678000
2887.830000
2897.151000
2897.656000
2906.669000
2921.725000
2939.327000
2970.802000
2991.334000
3005.212000
3019.577000
3036.933000
3044.290000
3048.233000
3051.832000
3061.341000
3069.085000
3076.820000
3095.581000
3105.293000
3108.091000
3112.745000
3116.392000
3137.042000
3156.519000
3166.491000
3199.108000
3219.470000
3219.948000
3236.935000
3241.899000
3242.880000
3245.446000
3255.661000
3259.937000
3268.168000
3277.489000
3294.574000
3317.612000
3341.731000
3360.354000
3380.494000
3399.287000
3418.691000
3449.874000
3487.717000
3514.943000
3550.674000
3565.115000
3577.256000
3588.991000
3594.748000
3599.000000
3600.895000
3609.156000
3618.131000
3638.862000
3654.407000
3654.887000
3654.955000
3655.035000
3655.185000
3655.303000
3659.160000
3664.112000
3665.007000
3666.112000
3676.088000
3685.689000
3695.670000
3699.683000
3704.438000
3707.995000
3710.293000
3711.887000
3712.054000
3712.674000
3714.528000
3718.588000
3724.479000
3727.281000
3733.384000
3740.679000
3751.861000
3761.766000
3775.892000
3789.925000
3812.201000
3824.370000
3838.402000
3858.695000
3884.856000
3905.003000
3926.951000
3952.638000
3985.655000
4023.340000
4058.589000
4083.237000
4112.922000
4155.961000
4191.000000
4216.076000
4251.298000
4273.538000
4288.737000
4322.064000
4346.597000
4379.848000
4412.445000
4422.493000
4431.646000
4444.261000
4459.050000
4470.103000
4485.426000
4502.190000
4530.736000
4545.288000
4565.530000
4578.611000
4581.385000
4582.989000
4585.517000
4589.297000
4590.594000
4596.277000
4605.605000
4620.558000
4638.865000
4661.818000
4671.119000
4676.922000
4696.011000
4704.126000
4710.980000
4714.973000
4717.644000
4718.757000
4719.417000
4722.287000
4730.319000
4740.963000
4755.923000
4765.836000
4778.466000
4782.943000
4787.720000
4794.503000
4816.757000
4831.074000
4844.400000
4861.216000
4876.218000
4888.777000
4907.498000
4922.988000
4935.701000
4944.123000
4951.269000
4958.319000
4967.830000
4979.166000
4991.548000
4995.754000
4999.247000
4999.579000
5015.108000
5027.941000
5054.908000
5078.964000
5091.434000
5109.768000
5124.402000
5132.991000
5142.424000
5148.091000
5156.688000
5183.804000
5203.153000
5213.663000
5232.673000
5261.793000
5288.836000
5301.359000
5307.395000
5313.014000
5319.552000
5325.457000
5329.910000
5336.476000
5344.957000
5351.073000
5360.392000
5372.326000
5392.491000
5406.177000
5434.606000
5447.441000
5466.095000
5490.420000
5513.174000
5541.928000
5558.701000
5572.868000
5579.282000
5580.269000
5582.779000
5599.864000
5615.364000
5624.835000
5632.850000
5636.886000
5637.757000
5638.800000
5644.874000
5651.570000
5658.581000
5664.257000
5669.477000
5676.318000
5685.239000
5696.224000
5716.298000
5729.465000
5741.103000
5749.128000
5759.203000
5765.711000
5777.558000
5792.535000
5807.741000
5813.395000
5822.104000
5831.227000
5844.103000
5848.857000
5853.272000
5863.929000
5865.749000
5868.790000
5868.981000
5869.078000
5869.165000
5869.347000
5869.630000
5869.660000
5886.247000
5914.048000
5928.219000
5935.463000
5937.421000
5938.051000
5942.026000
5958.557000
5965.038000
5969.752000
5973.813000
5978.375000
5984.747000
5987.629000
5988.051000
5988.096000
5988.211000
5988.278000
5988.421000
5990.360000
6008.620000
6027.136000
6047.626000
6054.420000
6059.625000
6063.536000
6065.666000
6066.078000
6075.030000
6081.244000
6086.400000
6089.983000
6094.702000
6096.922000
6098.971000
6100.289000
6100.554000
6103.047000
6108.832000
6114.638000
6116.163000
6118.128000
6121.585000
6130.458000
6131.799000
6134.432000
6167.234000
6173.157000
6179.273000
6180.138000
6185.720000
6185.734000
6185.830000
6192.547000
6210.449000
6237.357000
6257.218000
6276.657000
6288.874000
6299.140000
6317.468000
6332.887000
6340.710000
6343.902000
6345.551000
6346.642000
6353.908000
6360.599000
6362.306000
6364.576000
6365.875000
6366.224000
6366.238000
6366.238000
6366.238000
6366.265000
6366.297000
6366.324000
6366.415000
6366.478000
6366.579000
6367.259000
6368.435000
6369.146000
6370.203000
6374.926000
6381.803000
6394.897000
6395.588000
6395.953000
6397.974000
6401.781000
6402.833000
6405.220000
6426.607000
6441.756000
6466.429000
6483.855000
6511.153000
6529.168000
6557.030000
6584.989000
6601.957000
6609.896000
6611.247000
6615.204000
6625.247000
6646.802000
6672.022000
6685.598000
6691.632000
6692.711000
6693.658000
6695.110000
6696.790000
6697.807000
6698.127000
6698.890000
6700.117000
6701.697000
6704.392000
6705.346000
6705.645000
6705.763000
6705.892000
6705.954000
6707.368000
6708.017000
6708.268000
6708.314000
6708.383000
6712.031000
6716.798000
6728.649000
6745.410000
6753.048000
6756.165000
6756.915000
6758.110000
6759.505000
6760.657000
6761.573000
6761.822000
6761.954000
6762.083000
6762.231000
6763.174000
6763.236000
6763.482000
6763.838000
6763.922000
6763.950000
6764.007000
6764.013000
6764.042000
6764.089000
6764.133000
6764.166000
6764.329000
6764.393000
6764.408000
6764.408000
6764.452000
6764.475000
6764.494000
6764.851000
6766.290000
6767.154000
6767.369000
6767.589000
6767.712000
6767.822000
6767.854000
6767.964000
6768.015000
6769.671000
6774.744000
6775.569000
6775.590000
6775.615000
6775.666000
6775.677000
6775.679000
6775.682000
6775.717000
6777.458000
6781.767000
6781.845000
6781.850000
6781.858000
6781.870000
6786.111000
6786.139000
6786.139000
6786.144000
6786.148000
6786.175000
6786.226000
6786.304000
6786.397000
6786.489000
6786.535000
6786.592000
6786.601000
6786.608000
6786.633000
6786.659000
6786.683000
6786.700000
6786.745000
6786.789000
6786.789000
6786.789000
6786.789000
6786.861000
6786.867000
6786.874000
6786.916000
6786.942000
6786.946000
6786.985000
6786.993000
6787.045000
6789.876000
6797.103000
6798.390000
6798.474000
6798.655000
6798.812000
6798.852000
6798.865000
6798.879000
6798.886000
6802.201000
6803.112000
6803.218000
6805.702000
6806.959000
6807.104000
6807.249000
6807.300000
6807.311000
6807.311000
6807.311000
6807.311000
6807.311000
6807.311000
6807.519000
6808.097000
6808.097000
6808.112000
6809.039000
6809.460000
6810.023000
6810.838000
6810.847000
6810.861000
6810.866000
6810.870000
6810.877000
6810.890000
6810.909000
6810.930000
6810.956000
6811.109000
6811.146000
6811.213000
6811.289000
6811.403000
6819.122000
6831.200000
6843.178000
6856.169000
6861.637000
6867.774000
6873.300000
6876.433000
6877.330000
6877.405000
6877.415000
6877.430000
6877.434000
6877.451000
6877.481000
6877.481000
6877.481000
6877.481000
6877.481000
6877.481000
6877.481000
6877.481000
6877.481000
6877.481000
6877.494000
6877.533000
6877.638000
6877.668000
6877.706000
6877.714000
6877.719000
6877.775000
6877.780000
6877.780000
6877.780000
6877.780000
6877.780000
6877.780000
6877.780000
6877.797000
6877.862000
6877.933000
6877.952000
6877.990000
6878.003000
6878.032000
6878.145000
6880.950000
6887.087000
6889.096000
6890.352000
6892.261000
6893.388000
6893.506000
6894.189000
6895.315000
6896.240000
6896.496000
6896.690000
6896.854000
6903.571000
6912.898000
6929.244000
6944.542000
6949.857000
6959.971000
6967.555000
6973.129000
6976.205000
6981.014000
6984.886000
6989.139000
6989.251000
6989.253000
6990.477000
6991.695000
6994.015000
6996.391000
7001.664000
7016.172000
7036.061000
7069.738000
7103.947000
7140.297000
7158.188000
7183.738000
7230.139000
7254.517000
7264.991000
7278.180000
7285.380000
7307.222000
7337.599000
7361.690000
7402.478000
7429.102000
7441.181000
7454.488000
7458.106000
7464.129000
7470.871000
7483.323000
7485.500000
7485.621000
7486.583000
7488.976000
7494.528000
7502.213000
7519.864000
7541.024000
7557.455000
7584.485000
7614.944000
7645.331000
7667.917000
7696.960000
7731.541000
7775.039000
7798.941000
7814.133000
7820.631000
7830.965000
7835.334000
7838.567000
7857.878000
7869.562000
7881.669000
7897.677000
7909.454000
7918.695000
7933.687000
7937.143000
7941.988000
7946.103000
7948.694000
7950.090000
7950.604000
7950.818000
7951.033000
7951.314000
7951.656000
7954.845000
7960.557000
7976.933000
7992.214000
8005.296000
8007.819000
8007.824000
8008.628000
8008.714000
8010.031000
8010.304000
8013.427000
8016.393000
8016.586000
8017.882000
8018.289000
8018.353000
8018.381000
8018.464000
8018.573000
8018.995000
8021.385000
8021.811000
8021.978000
8022.104000
8022.142000
8022.190000
8022.330000
8032.103000
8059.115000
8076.812000
8097.318000
8119.718000
8147.621000
8175.359000
8190.493000
8207.421000
8218.435000
8225.215000
8233.608000
8242.715000
8248.655000
8257.232000
8283.468000
8315.383000
8347.812000
8377.120000
8413.607000
8457.877000
8492.660000
8531.122000
8564.358000
8595.409000
8612.100000
8630.313000
8644.070000
8654.386000
8662.445000
8683.884000
8707.745000
8731.796000
8748.149000
8766.726000
8789.748000
8809.227000
8822.880000
8838.314000
8850.947000
8864.952000
8890.271000
8918.706000
8932.027000
8939.842000
8948.380000
8949.422000
8949.453000
8950.171000
8951.953000
8955.756000
8959.768000
8963.145000
8966.966000
8972.793000
8979.237000
8983.815000
8984.171000
8984.178000
8984.178000
8984.178000
8984.178000
8984.178000
8984.179000
8984.302000
8984.673000
8984.820000
8984.901000
8985.716000
8988.792000
8990.528000
8991.432000
8991.609000
8991.798000
8992.164000
8992.279000
8993.144000
8994.819000
8995.824000
8997.127000
8997.479000
8999.833000
9001.693000
9004.074000
9011.316000
9024.272000
9049.204000
9066.635000
9085.836000
9102.421000
9109.367000
9116.299000
9120.904000
9126.076000
9129.663000
9135.751000
9140.488000
9140.521000
9140.554000
9140.563000
9140.655000
9141.554000
9141.943000
9142.474000
9149.541000
9152.714000
9153.329000
9153.656000
9155.065000
9156.814000
9158.905000
9164.573000
9169.521000
9172.686000
9176.465000
9179.041000
9181.347000
9182.318000
9182.600000
9182.871000
9183.333000
9183.455000
9183.455000
9183.455000
9183.455000
9183.495000
9183.556000
9183.650000
9183.827000
9183.977000
9184.605000
9184.963000
9185.236000
9185.375000
9187.336000
9187.609000
9189.054000
9189.607000
9189.765000
9189.842000
9189.959000
9190.088000
9190.422000
9190.635000
9192.504000
9195.056000
9197.057000
9197.655000
9197.706000
9197.706000
9197.706000
9197.706000
9197.706000
9197.706000
9197.741000
9197.835000
9197.862000
9197.878000
9197.878000
9197.878000
9197.889000
9197.919000
9197.988000
9198.091000
9198.247000
9198.342000
9198.434000
9198.554000
9198.554000
9198.554000
9198.554000
9198.554000
9198.554000
9198.554000
9198.554000
9198.587000
9198.709000
9198.815000
9198.856000
9198.948000
9199.094000
9199.177000
9199.341000
9199.418000
9199.477000
9199.757000
9206.492000
9210.564000
9215.510000
9220.920000
9240.143000
9242.791000
9243.556000
9258.060000
9265.079000
9267.255000
9268.698000
9269.017000
9269.206000
9269.617000
9269.911000
9270.730000
9271.348000
9271.404000
9271.491000
9271.778000
9272.104000
9272.186000
9272.266000
9272.309000
9272.362000
9272.494000
9272.709000
9272.732000
9272.757000
9272.774000
9272.787000
9272.794000
9272.821000
9272.850000
9272.880000
9273.044000
9273.109000
9273.127000
9273.177000
9273.186000
9273.191000
9273.192000
9273.192000
9273.192000
9273.192000
9273.202000
9273.205000
9273.219000
9273.249000
9273.264000
9273.283000
9273.289000
9273.291000
9273.292000
9273.314000
9273.314000
9273.318000
9273.387000
9273.396000
9273.399000
9273.399000
9273.401000
9273.401000
9273.408000
9273.643000
9273.686000
9273.982000
9273.995000
9274.014000
9274.020000
9274.064000
9274.115000
9274.171000
9274.210000
9274.340000
9274.537000
9274.560000
9274.570000
9274.583000
9274.617000
9274.633000
9274.642000
9274.648000
9274.657000
9274.690000
9274.694000
9274.694000
9274.882000
9276.013000
9276.053000
9276.105000
9276.187000
9276.207000
9276.225000
9276.232000
9276.239000
9276.245000
9276.268000
9276.314000
9276.348000
9276.367000
9276.367000
9276.368000
9276.380000
9276.385000
9276.391000
9276.396000
9276.406000
9276.411000
9276.423000
9276.423000
9276.423000
9276.428000
9276.428000
9276.431000
9276.432000
9276.443000
9276.475000
9276.511000
9276.546000
9276.569000
9276.757000
9276.951000
9276.985000
9277.021000
9277.184000
9277.501000
9277.828000
9278.035000
9278.110000
9278.197000
9278.244000
9278.368000
9278.618000
9278.951000
9279.028000
9279.135000
9279.268000
9279.341000
9279.394000
9279.440000
9279.449000
9279.456000
9279.458000
9279.467000
9279.471000
9279.481000
9279.542000
9279.661000
9279.768000
9280.032000
9281.729000
9282.028000
9282.199000
9283.008000
9283.936000
9285.253000
9285.960000
9286.149000
9286.149000
9286.149000
9286.201000
9286.340000
9286.705000
9286.805000
9286.871000
9287.009000
9287.041000
9287.041000
9287.041000
9287.070000
9287.152000
9287.209000
9287.274000
9287.379000
9287.499000
9287.656000
9287.756000
9287.797000
9287.865000
9287.876000
9287.947000
9287.954000
9287.996000
9288.033000
9288.086000
9288.144000
9288.296000
9288.376000
9288.406000
9288.413000
9288.460000
9289.858000
9291.068000
9292.682000
9293.163000
9293.215000
9293.215000
9293.287000
9293.516000
9293.560000
9293.561000
9293.563000
9293.596000
9293.614000
9293.646000
9294.332000
9296.719000
9298.204000
9299.216000
9299.753000
9299.807000
9299.830000
9299.875000
9300.188000
9300.437000
9300.561000
9301.302000
9304.143000
9305.037000
9305.354000
9305.612000
9305.676000
9305.723000
9307.805000
9312.721000
9321.364000
9336.492000
9347.124000
9353.385000
9357.286000
9359.428000
9364.015000
9365.747000
9371.378000
9382.585000
9403.834000
9406.090000
9406.809000
9408.908000
9415.067000
9433.315000
9435.263000
9438.627000
9441.887000
9443.335000
9445.139000
9446.511000
9449.972000
9453.028000
9456.176000
9456.531000
9456.579000
9456.652000
9456.749000
9456.849000
9456.910000
9456.957000
9457.002000
9457.384000
9457.466000
9457.768000
9459.400000
9460.300000
9464.265000
9466.023000
9466.558000
9467.115000
9467.585000
9468.082000
9469.051000
9469.803000
9472.682000
9485.522000
9505.105000
9540.171000
9567.788000
9597.162000
9636.087000
9670.729000
9707.317000
9747.475000
9777.864000
9795.482000
9818.007000
9835.760000
9847.840000
9860.005000
9887.130000
9913.291000
9923.342000
9929.140000
9933.841000
9935.279000
9935.597000
9935.831000
9936.020000
9936.094000
9936.165000
9936.242000
9936.320000
9936.470000
9936.523000
9936.598000
9936.835000
9937.462000
9937.648000
9937.736000
9938.024000
9938.169000
9938.220000
9938.549000
9938.575000
9940.361000
9940.446000
9941.902000
9942.029000
9942.534000
9942.581000
9942.707000
9942.739000
9942.756000
9942.793000
9942.856000
9942.946000
9942.958000
9942.966000
9942.975000
9943.810000
9943.868000
9949.282000
9951.476000
9959.205000
9970.273000
9972.313000
9975.270000
9975.565000
9975.619000
9975.623000
9975.651000
9975.823000
9975.830000
9977.785000
9977.829000
9978.003000
9978.118000
9978.203000
9978.241000
9978.329000
9978.359000
9978.450000
9978.454000
9983.078000
9988.611000
9996.876000
10003.818000
10017.033000
10036.058000
10053.715000
10071.064000
10081.744000
10091.037000
10101.623000
10113.128000
10122.317000
10124.732000
10128.791000
10132.122000
10134.318000
10139.356000
10161.831000
10179.030000
10186.291000
10201.164000
10220.047000
10235.614000
10248.695000
10255.962000
10261.044000
10263.721000
10265.791000
10266.493000
10266.493000
10266.493000
10267.084000
10270.180000
10288.883000
10311.179000
10332.191000
10343.874000
10361.064000
10368.987000
10388.030000
10404.429000
10429.398000
10441.567000
10449.374000
10451.073000
10451.800000
10456.685000
10457.257000
10457.307000
10462.631000
10465.983000
10466.277000
10467.000000
10470.316000
10475.671000
10476.372000
10481.062000
10482.718000
10483.763000
10484.177000
10484.196000
10484.834000
10485.240000
10485.759000
10485.970000
10485.990000
10485.997000
10486.041000
10486.075000
10486.098000
10486.116000
10486.141000
10486.173000
10486.179000
10486.205000
10486.217000
10486.245000
10486.294000
10486.356000
10486.494000
10486.511000
10486.551000
10486.582000
10486.634000
10486.696000
10486.724000
10486.750000
10486.771000
10486.779000
10486.787000
10486.903000
10490.110000
10491.792000
10492.870000
10493.407000
10494.999000
10496.656000
10496.826000
10496.923000
10497.042000
10497.084000
10500.502000
10500.550000
10500.825000
10500.837000
10500.858000
10500.865000
10500.869000
10500.879000
10501.004000
10501.340000
10501.358000
10501.382000
10501.421000
10501.452000
10501.506000
10505.670000
10507.046000
10509.908000
10514.854000
10517.758000
10520.892000
10521.833000
10522.465000
10522.465000
10522.465000
10522.465000
10522.465000
10522.465000
10522.465000
10522.465000
10522.465000
10522.465000
10522.465000
10522.546000
10522.772000
10522.911000
10523.962000
10526.198000
10530.847000
10536.867000
10542.319000
10550.048000
10559.268000
10577.625000
10605.555000
10615.382000
10620.095000
10623.125000
10630.600000
10640.236000
10652.104000
10662.320000
10668.623000
10671.925000
10675.642000
10678.817000
10680.470000
10680.779000
10681.185000
10681.828000
10682.927000
10684.174000
10684.723000
10685.482000
10685.863000
10685.896000
10685.908000
10685.942000
10685.972000
10686.004000
10686.068000
10686.068000
10686.099000
10686.251000
10686.312000
10686.392000
10686.459000
10686.484000
10686.576000
10686.649000
10686.738000
10686.779000
10686.832000
10686.832000
10686.832000
10686.832000
10686.832000
10686.832000
10686.832000
10686.832000
10686.832000
10686.832000
10686.832000
10686.832000
10686.832000
10686.832000
10686.832000
10686.832000
10686.832000
10686.832000
10686.832000
10686.832000
10686.832000
10686.832000
10686.832000
10686.832000
10686.832000
10686.839000
10686.905000
10686.960000
10686.983000
10687.004000
10687.031000
10687.048000
10687.069000
10687.158000
10687.549000
10687.636000
10690.336000
10695.697000
10699.478000
10700.222000
10700.636000
10700.990000
10701.113000
10701.667000
10702.455000
10702.530000
10702.607000
10702.721000
10702.781000
10702.860000
10702.875000
10702.887000
10702.941000
10703.003000
10703.093000
10703.227000
10703.237000
10703.272000
10703.335000
10703.371000
10703.377000
10703.392000
10703.406000
10703.438000
10703.496000
10703.560000
10703.560000
10703.613000
10703.670000
10703.705000
10703.725000
10703.904000
10704.742000
10704.826000
10704.863000
10704.870000
10704.882000
10704.884000
10704.919000
10704.925000
10704.925000
10704.944000
10704.950000
10705.048000
10705.113000
10705.144000
10705.175000
10705.183000
10705.197000
10705.201000
10705.243000
10705.509000
10705.831000
10705.899000
10705.912000
10705.926000
10706.909000
10712.051000
10716.210000
10717.227000
10720.586000
10723.692000
10727.886000
10733.856000
10741.045000
10746.015000
10752.412000
10758.636000
10762.343000
10765.558000
10772.140000
10775.229000
10776.557000
10776.760000
10776.784000
10776.790000
10777.491000
10780.359000
10782.266000
10782.307000
10782.367000
10784.274000
10789.167000
10789.465000
10789.471000
10789.479000
10789.485000
10789.497000
10789.505000
10789.510000
10789.526000
10789.546000
10789.602000
10789.647000
10789.657000
10789.680000
10789.720000
10789.733000
10789.735000
10789.741000
10789.744000
10789.783000
10789.792000
10789.815000
10789.827000
10789.845000
10789.856000
10789.884000
10789.896000
10789.897000
10789.897000
10789.897000
10789.897000
10789.905000
10789.906000
10789.990000
10792.880000
10795.107000
10797.364000
10807.187000
10817.567000
10822.263000
10823.484000
10823.954000
10824.764000
10826.163000
10829.361000
10834.134000
10836.012000
10836.551000
10836.777000
10837.709000
10839.126000
10840.239000
10842.989000
10846.008000
10849.404000
10851.219000
10851.404000
10851.404000
10851.404000
10851.404000
10851.569000
10852.613000
10853.116000
10853.176000
10853.266000
10853.444000
10854.395000
10856.690000
10858.499000
10863.047000
10865.041000
10865.572000
10865.574000
10865.576000
10865.578000
10865.590000
10865.605000
10865.620000
10865.638000
10865.660000
10865.688000
10865.702000
10865.708000
10865.709000
10865.711000
10865.716000
10866.341000
10866.351000
10866.354000
10866.366000
10866.369000
10866.374000
10866.394000
10866.424000
10866.453000
10866.466000
10866.476000
10868.012000
10871.010000
10874.539000
10877.882000
10881.838000
10885.451000
10891.908000
10898.916000
10903.518000
10911.395000
10918.740000
10921.489000
10924.674000
10928.070000
10929.718000
10930.768000
10930.779000
10930.779000
10930.779000
10930.782000
10930.787000
10930.797000
10930.834000
10930.842000
10930.853000
10930.857000
10930.871000
10930.877000
10930.882000
10930.884000
10930.897000
10930.909000
10930.914000
10930.916000
10930.917000
10930.987000
10931.059000
10931.126000
10931.143000
10931.143000
10931.143000
10931.143000
10931.168000
10931.216000
10931.238000
10931.474000
10931.531000
10931.641000
10931.958000
10932.250000
10932.403000
10932.508000
10932.580000
10932.627000
10932.658000
10932.984000
10934.353000
10935.256000
10935.597000
10936.364000
10936.880000
10937.281000
10937.594000
10937.632000
10937.832000
10937.904000
10937.962000
10938.031000
10938.108000
10938.298000
10938.450000
10938.505000
10938.520000
10938.596000
10938.656000
10938.776000
10938.876000
10938.933000
10938.939000
10938.949000
10938.958000
10938.999000
10939.050000
10939.238000
10939.348000
10939.373000
10939.408000
10939.422000
10939.456000
10939.488000
10939.488000
10939.490000
10939.499000
10939.501000
10939.501000
10939.541000
10940.835000
10945.043000
10950.763000
10955.142000
10956.194000
10957.752000
10960.923000
10962.258000
10962.358000
10962.556000
10962.612000
10962.627000
10962.631000
10962.632000
10962.632000
10962.632000
10962.632000
10962.632000
10962.632000
10962.632000
10962.640000
10962.650000
10962.662000
10962.693000
10962.705000
10962.737000
10962.743000
10962.767000
10962.786000
10962.860000
10962.927000
10962.986000
10963.123000
10963.186000
10963.265000
10963.350000
10963.427000
10963.458000
10963.611000
10963.760000
10963.888000
10963.964000
10964.068000
10964.113000
10964.167000
10964.183000
10964.235000
10964.260000
10964.363000
10964.384000
10964.385000
10964.402000
10964.431000
10964.493000
10964.510000
10964.515000
10964.515000
10964.515000
10964.525000
10964.526000
10964.526000
10964.526000
10964.526000
10964.526000
10964.530000
10964.536000
10964.536000
10964.585000
10964.606000
10964.630000
10964.675000
10964.677000
10964.683000
10964.684000
10964.684000
10964.694000
10964.709000
10964.762000
10964.764000
10964.768000
10964.770000
10964.776000
10964.780000
10964.788000
10964.796000
10964.798000
10964.803000
10964.817000
10964.849000
10964.907000
10964.910000
10964.917000
10964.924000
10964.946000
10964.956000
10964.957000
10964.958000
10964.961000
10964.965000
10965.013000
10965.018000
10965.022000
10965.035000
10965.035000
10965.035000
10965.035000
10965.035000
10965.049000
10965.095000
10965.145000
10965.158000
10965.162000
10965.163000
10965.164000
10965.188000
10965.203000
10965.225000
10965.245000
10965.298000
10965.377000
10965.401000
10965.411000
10965.413000
10965.443000
10965.447000
10965.450000
10965.774000
10966.419000
10966.476000
10966.484000
10966.537000
10966.932000
10967.001000
10967.032000
10967.055000
10967.061000
10967.111000
10968.217000
10969.633000
10969.970000
10970.517000
10971.426000
10971.672000
10971.704000
10971.782000
10971.887000
10971.887000
10971.891000
10971.902000
10971.956000
10971.975000
10971.987000
10972.002000
10972.189000
10972.208000
10972.213000
10972.213000
10972.223000
10972.383000
10972.390000
10972.417000
10972.434000
10972.448000
10972.477000
10972.519000
10972.549000
10972.560000
10972.588000
10972.599000
10972.601000
10972.615000
10972.628000
10972.635000
10972.648000
10972.969000
10973.974000
10977.832000
10985.196000
10989.160000
10997.050000
11001.632000
11004.837000
11008.423000
11013.953000
11018.065000
11028.383000
11034.677000
11042.801000
11049.110000
11058.074000
11064.493000
11076.386000
11079.986000
11082.595000
11082.668000
11082.813000
11083.640000
11105.092000
11106.707000
11107.116000
11107.209000
11107.275000
11107.735000
11107.875000
11108.349000
11108.627000
11108.754000
11108.896000
11108.934000
11109.116000
11109.510000
11109.686000
11109.750000
11109.810000
11110.050000
11110.649000
11110.892000
11111.641000
11112.679000
11113.752000
11114.687000
11115.331000
11115.564000
11116.410000
11117.095000
11117.368000
11117.420000
11117.678000
11118.024000
11118.108000
11118.203000
11118.293000
11118.500000
11118.611000
11118.636000
11118.671000
11118.706000
11118.783000
11118.845000
11118.923000
11118.939000
11118.969000
11118.988000
11119.028000
11119.044000
11119.073000
11119.110000
11119.132000
11119.144000
11119.176000
11119.226000
11119.278000
11119.331000
11119.475000
11119.618000
11121.164000
11122.874000
11122.926000
11122.952000
11122.961000
11122.965000
11122.992000
11123.023000
11123.032000
11123.032000
11123.032000
11123.032000
11123.032000
11123.032000
11123.032000
11123.032000
11123.032000
11123.092000
11123.137000
11123.206000
11123.293000
11123.382000
11123.532000
11123.604000
11123.921000
11123.945000
11127.620000
11128.032000
11128.544000
11129.791000
11132.236000
11133.432000
11141.779000
11146.508000
11150.502000
11151.768000
11155.976000
11156.226000
11156.231000
11156.346000
11156.458000
11156.493000
11157.710000
11158.817000
11158.896000
11158.901000
11159.119000
11168.554000
11168.890000
11169.057000
11169.094000
11169.158000
11170.609000
11170.982000
11171.004000
11171.085000
11171.091000
11171.093000
11171.095000
11171.115000
11172.253000
11172.267000
11172.288000
11172.332000
11172.491000
11173.143000
11174.275000
11175.454000
11176.778000
11177.239000
11177.338000
11177.362000
11177.387000
11177.498000
11177.507000
11177.521000
11177.543000
11177.559000
11177.570000
11177.581000
11177.599000
11177.607000
11177.642000
11177.690000
11177.715000
11177.733000
11177.744000
11177.745000
11177.747000
11177.772000
11177.816000
11177.819000
11177.822000
11177.834000
11177.868000
11177.875000
11177.931000
11178.329000
11178.764000
11178.867000
11178.867000
11178.948000
11178.976000
11178.981000
11178.991000
11178.999000
11179.003000
11179.032000
11179.050000
11179.093000
11179.223000
11179.274000
11179.384000
11179.384000
11179.396000
11179.411000
11179.423000
11179.436000
11179.438000
11179.462000
11179.492000
11179.589000
11179.672000
11179.695000
11179.713000
11179.835000
11179.973000
11180.187000
11180.190000
11180.196000
11180.897000
11181.509000
11181.522000
11181.526000
11181.530000
11181.530000
11181.534000
11181.544000
11181.689000
11181.716000
