4.89448
5.80095
7.0692
8.19428
8.97956
9.53586
10.7358
11.7003
12.7565
13.8012
14.2095
15.4798
16.6006
17.804
18.525
19.9273
20.9586
22.0111
22.8214
23.8009
24.6875
25.6297
26.8739
27.6938
29.1108
30.0379
31.3409
31.7432
32.7508
34.1464
35.5794
36.3538
37.6048
38.2163
39.4782
40.9051
41.5203
42.8943
43.691
44.919
46.0532
47.2072
48.1436
49.1425
50.4134
51.0778
51.7682
52.6846
54.0941
55.2796
56.6691
58.1119
59.4226
59.8891
61.2209
61.783
62.9892
63.5458
64.7555
65.3519
66.737
67.3379
68.5997
69.0707
70.3482
70.966
72.3311
72.7984
74.064
74.592
75.8104
75.9466
76.4149
77.7099
78.7096
79.3432
80.5804
81.4335
82.3979
83.0173
84.1355
84.7447
85.9542
86.5981
87.7636
88.3693
89.5101
90.1109
91.2959
91.951
93.0732
93.2814
94.5903
95.5994
96.6738
98.1219
99.551
100.622
100.732
102.179
103.472
104.103
105.328
106.526
107.043
108.195
109.594
110.588
111.192
112.442
113.283
114.616
115.178
116.393
117
118.179
118.758
120.024
120.695
121.796
122.266
123.338
123.653
124.617
125.986
127.198
128.141
129.184
130.281
131.373
131.863
132.704
133.142
134.282
135.79
136.743
137.343
138.759
139.835
140.859
141.877
143.038
144.48
145.6
146.789
148.25
149.497
150.146
151.441
151.542
152.984
153.809
154.095
155.311
156.203
156.751
157.636
158.033
158.718
159.62
161.023
161.367
162.088
162.213
163.465
164.349
165.492
166.973
168.114
169.303
170.697
171.605
172.694
174.139
174.833
176.035
176.73
177.032
178.458
179.724
180.517
181.231
182.262
183.72
185
186.474
187.749
188.739
189.873
191.182
191.802
193.013
194
195.013
195.791
197.2
198.553
199.555
200.687
201.711
202.524
203.719
204.417
205.88
207
207.757
209
210.429
211.183
212.57
213.185
214.633
215.635
217.129
218.371
218.599
219.385
220.811
221.604
222.812
223.593
224.26
225.557
226.9
228.503
230.008
230.607
231.857
233.915
235.119
237.606
239.02
240.337
241.607
243.541
244.847
246.056
247.463
249.076
250.391
251.133
251.823
252.106
253.006
254.011
254.808
255.811
256.681
257.563
258.344
259.523
260.227
260.885
261.674
261.96
263.299
264.355
265.084
266.091
266.688
267.841
268.081
269.413
270.439
271.666
272.955
274.534
275.342
276.543
277.351
278.521
279.034
279.787
281.406
282.596
283.863
284.714
286.32
287.449
288.598
289.112
290.485
291.258
292.317
292.799
293.995
295.454
297.173
297.607
299.215
301.837
303.16
304.527
305.711
306.15
307.353
308.51
309.95
311.354
312.504
314.505
315.599
316.112
317.131
318.517
319.988
321.193
322.035
323.516
324.759
326.865
328.472
334.322
337.94
339.286
340.214
341.252
342.758
344.004
345.138
345.892
346.316
346.599
346.836
348.144
348.369
349.825
351.044
352.454
352.841
354.18
354.798
356.11
356.61
357.928
359.049
359.804
361.126
361.268
362.472
363.521
365.485
367.151
369.033
371.049
372.737
374.66
376.125
376.853
378.201
379.353
380.265
380.388
381.808
382.799
383.566
384.728
385.878
386.754
387.694
388.346
389.145
389.925
391.156
392.104
393.517
394.704
395.612
396.666
397.966
399.341
400.037
400.805
402.028
403.441
404.537
406.731
408.103
409.938
410.879
411.997
413.937
415.565
416.797
417.839
418.583
420.049
420.669
421.832
422.801
423.8
424.694
425.782
426.844
428.289
429.346
430.811
431.902
432.817
433.792
435.04
435.954
436.909
437.902
438.803
440.121
440.861
442.17
442.966
443.719
444.824
445.338
446.135
447.311
450.828
453.455
455.056
456.098
457.481
458.516
459.298
459.793
461.235
462.908
464.257
465.184
465.921
467.625
468.459
470.127
471.916
473.422
474.542
476.29
477.472
478.985
480.073
480.858
483.632
485.548
487.348
488.215
490.805
492.823
495.629
498.417
500.216
504.049
505.421
506.642
507.441
508.884
509.712
510.697
511.181
512.811
513.595
515.008
516.15
517.623
518.961
520.022
520.76
522.153
523.452
524.914
525.674
526.899
527.497
528.957
529.914
531.027
532.443
533.542
534.541
535.508
536.722
537.691
538.832
540.303
542.283
544.282
545.749
548.085
549.64
549.98
552.219
553.77
554.708
555.692
557.713
560.818
562.33
566.372
568.247
584.044
585.909
589.496
591.134
591.875
593.009
593.937
594.964
596.358
597.033
598.431
599.384
600.951
602.319
603.346
604.189
605.251
606.761
607.484
608.459
609.974
610.618
611.3
612.302
613.492
614.956
616.541
618.099
619.385
620.866
622.192
623.682
624.537
625.177
626.698
627.953
631.088
632.379
633.628
634.478
635.037
636.298
637.34
638.216
643.097
644.45
645.912
646.886
648.076
649.477
650.923
651.829
653.048
653.836
655.317
656.69
658.156
660.099
661.49
662.317
663.98
665.221
665.954
666.466
667.884
670.59
672.442
673.831
674.718
675.749
676.495
677.621
678.692
679.733
680.619
681.829
682.901
683.731
685.144
686.193
686.936
687.571
688.871
689.577
691.002
692.443
693.377
694.552
695.761
697.002
697.938
699.4
700.719
701.786
703.223
704.621
705.487
708.812
711.319
713.081
715.055
716.501
717.811
718.967
720.167
721.202
721.968
723.41
724.575
726.601
728.111
729.509
730.596
731.958
733.302
734.663
736.082
737.241
737.836
739.524
740.955
744.78
746.083
747.251
748.223
749.244
750.837
751.662
752.702
754.03
755.466
756.903
757.973
758.941
760.342
761.015
762.746
762.994
764.203
764.691
765.999
767.457
769.076
769.332
770.677
772.117
772.966
774.474
775.104
776.581
778.064
779.476
780.743
781.869
783.173
783.953
784.703
785.54
786.372
787.472
788.575
789.715
790.814
791.977
793.344
794.375
794.96
796.383
798.095
798.622
800.329
800.966
801.832
803.514
804.898
805.326
806.872
808.031
809.242
810.698
811.547
812.203
813.335
815.211
816.486
817.348
818.751
820.448
821.102
822.834
823.928
824.841
826.884
828.098
829.037
830.57
831.888
832.343
833.603
834.838
841.795
843.731
845.129
845.931
847.43
848.901
850.301
851.446
852.742
854.033
855.429
856.175
857.373
858.461
859.712
861.175
862.569
864.335
867.64
869.911
873.175
874.561
875.189
876.559
878.152
879.799
880.476
881.804
883.868
885.436
886.821
887.633
889.027
889.721
890.926
893.294
894.435
895.779
896.811
898.1
898.74
899.848
901.682
902.506
903.925
905.354
905.967
907.775
909.226
910.285
910.974
912.266
912.957
914.05
915.47
916.778
918.214
918.984
919.824
920.578
921.973
922.25
923.031
925.938
926.97
928.378
930.479
931.863
932.754
934.176
936.501
937.812
938.505
939.255
940.227
941.225
942.588
943.202
944.477
945.158
945.963
947.314
948.7
949.926
951.326
951.481
953.296
954.314
955.732
956.971
958.769
959.64
961.022
961.686
962.662
963.807
964.985
966.413
967.172
967.685
969.087
970.01
971.111
972.518
973.441
974.227
974.697
975.883
976.836
977.166
978.143
979.557
981.308
981.655
982.265
982.968
983.884
985.344
986.216
986.594
988.014
988.586
989.035
990.519
991.901
992.244
993.551
994.276
995.44
995.721
997.114
997.664
998.833
999.228
1000.23
1001.63
1002.47
1003.67
1004.58
1005.94
1007.33
1008.74
1010.17
1011.69
1013.03
1013.76
1014.54
1015.38
1016.58
1017.48
1018.12
1018.85
1019.84
1021.37
1023.15
1023.93
1024.57
1025.61
1026.98
1028.43
1029.23
1030.68
1032.63
1035.51
1040.07
1041.51
1043.04
1044.15
1045.39
1046.63
1047.56
1048.21
1049.61
1050.37
1051.64
1052.29
1053.22
1054.84
1055.9
1056.93
1057.89
1058.9
1060.13
1061.36
1062.07
1063.22
1064.37
1065.76
1066.85
1067.76
1067.89
1067.97
1068.06
1068.2
1068.28
1068.4
1068.5
1069.02
1069.48
1070.51
1071.82
1072.86
1074.17
1075.56
1076.91
1078.05
1079.45
1080.38
1081.38
1081.96
1083.27
1084.67
1085.63
1086.68
1087.63
1088.18
1089.98
1090.28
1091.53
1092.93
1094.21
1095.12
1096.51
1097.9
1098.88
1099.9
1101.4
1102.81
1103.13
1104.51
1105.2
1106.64
1107.96
1109.43
1111.05
1112.36
1113.75
1115.02
1115.55
1116.95
1117.73
1118.92
1119.87
1121.28
1122.69
1123.38
1124.61
1126
1127.6
1129.01
1129.41
1130.75
1132.02
1132.91
1133.79
1134.49
1135.89
1137.18
1138.31
1139.71
1140.44
1141.85
1142.59
1143.41
1144.49
1145.88
1147.46
1148.18
1148.67
1148.94
1151.2
1151.53
1152.94
1154.36
1155.21
1155.94
1157.53
1158.75
1159.78
1161.17
1161.92
1163.3
1163.97
1165.36
1166.46
1167.24
1168.54
1169.94
1170.65
1172.2
1173.62
1174.94
1176.16
1177.37
1178.78
1179.79
1181.03
1182.29
1183.72
1184.54
1185.93
1187.14
1188.56
1189.98
1190.63
1192.03
1192.76
1193.81
1195.02
1196.39
1197.77
1198.21
1199.61
1200.73
1202.16
1203.49
1204.56
1205.95
1206.86
1208.26
1209.65
1210.16
1211.54
1211.85
1213.24
1214.12
1215.39
1216.15
1216.7
1218.14
1219.54
1220.92
1221.73
1222.89
1224.28
1225
1226.4
1227.81
1227.99
1229.38
1230.78
1232.18
1233.59
1234.74
1235
1236.2
1237.64
1238.97
1239.74
1240.92
1242.31
1243.49
1245.15
1246.91
1247.65
1248.64
1249.19
1250.6
1251.26
1252.39
1254.39
1255.63
1256.92
1258.27
1259.89
1261.3
1262.62
1264.02
1265.3
1266.8
1267.63
1269.03
1269.5
1270.94
1271.9
1272.68
1273.86
1274.94
1276.97
1278.37
1278.74
1280.15
1281.05
1282.52
1283.89
1285.33
1286.55
1287.98
1289.41
1290.21
1290.68
1292.15
1293.3
1294.25
1294.93
1296.04
1297.46
1298.63
1299.38
1299.96
1301.4
1302.32
1303.4
1304.82
1305.63
1307.4
1308.88
1309.98
1311.69
1312.83
1313.77
1315.16
1316.46
1317.78
1319.17
1320
1321.05
1322.38
1322.96
1323.99
1325.48
1326.38
1326.95
1328.35
1329.74
1330.49
1331.03
1332.72
1333.86
1335.27
1336.7
1337.92
1338.94
1340.46
1342.27
1342.93
1344.03
1345.42
1346.62
1348.03
1349.42
1350.71
1351.39
1352.2
1353.14
1355.21
1356.62
1357.26
1359.16
1360.19
1360.9
1362.19
1363.43
1364.87
1365.88
1367.5
1368.16
1369.56
1370.95
1372.39
1373.64
1375.12
1376.3
1377.73
1379.14
1380.19
1381.62
1382.93
1384.18
1385.42
1386.35
1387.62
1388.86
1390.26
1391.45
1392.88
1394.3
1395.56
1396.52
1397.88
1397.97
1398.16
1399.56
1400.74
1401.82
1402.98
1404.68
1405.76
1407.16
1408.62
1409.65
1411.04
1412.27
1413.49
1414.83
1416.21
1416.43
1417.71
1418.5
1419.48
1420.55
1421.53
1421.99
1423.35
1424.75
1425.86
1427.27
1428.63
1430.01
1430.21
1431.8
1432.93
1434.37
1435.7
1436.51
1437.39
1439.31
1441.04
1442.23
1443.65
1445.13
1446.16
1447.55
1448.42
1449.85
1450.88
1451.89
1453.24
1454.17
1455.39
1456.8
1458.15
1459.56
1460.93
1461.65
1463.21
1464.54
1465.81
1466.61
1467.23
1468.64
1469.55
1470.93
1472.66
1474.17
1474.69
1475.65
1477.05
1477.79
1478.95
1482.38
1487.55
1489.84
1491.23
1492.89
1493.42
1494.16
1495.6
1496.97
1498.39
1499.51
1500.87
1502.28
1502.98
1504.36
1505.26
1506.53
1506.66
1508.38
1509.78
1510.66
1511.98
1513.42
1514.21
1515.62
1516.52
1517.91
1519.31
1520.69
1522.04
1523.83
1524.7
1525.48
1526.18
1527.94
1529.31
1529.74
1530.77
1532.27
1533.39
1534.51
1534.9
1536.29
1537.17
1538.42
1539.4
1541.01
1542.48
1543.88
1544.7
1546.14
1547.37
1548.63
1549.47
1550.15
1551.69
1552.91
1553.9
1555.65
1556.28
1557.73
1558.86
