0.011712
0.009042
0.006725
0.005103
0.004364
0.004520
0.005134
0.008583
0.018489
0.012712
0.009730
0.010244
0.013271
0.012144
0.009780
0.011697
0.008998
0.009349
0.007037
0.006799
0.006447
0.006781
0.006989
0.005937
0.008915
0.010367
0.011356
0.012436
0.010653
0.007097
0.006495
0.006999
0.008250
0.010098
0.011989
0.011728
0.010432
0.010777
0.015124
0.008120
0.014644
0.006274
0.005738
0.008268
0.005482
0.006134
0.006175
0.007282
0.007680
0.005302
0.008018
0.006634
0.016269
0.009442
0.007587
0.009371
0.008075
0.011763
0.011349
0.014721
0.012463
0.016956
0.013692
0.017546
0.016866
0.018268
0.017202
0.016637
0.017068
0.014079
0.012623
0.012600
0.015781
0.018485
0.012508
0.010222
0.008836
0.012170
0.006297
0.013041
0.007215
0.007694
0.009137
0.007221
0.009555
0.009045
0.012195
0.010926
0.011838
0.009652
0.011537
0.011712
0.014295
0.011385
0.005877
0.011605
0.010839
0.006833
0.008852
0.012089
0.013776
0.012265
0.018162
0.013870
0.013116
0.015418
0.013682
0.016280
0.013217
0.013048
0.021382
0.018214
0.019051
0.021080
0.017979
0.017605
0.015010
0.015621
0.012781
0.016157
0.014703
0.010900
0.013709
0.006966
0.009476
0.011054
0.007158
0.005633
0.011810
0.008438
0.016961
0.013730
0.015936
0.021815
0.016218
0.014320
0.014582
0.020530
0.020484
0.020769
0.019604
0.012151
0.009992
0.007903
0.014400
0.011839
0.011411
0.008687
0.010780
0.007403
0.010990
0.012408
0.013282
0.012965
0.011152
0.012344
0.015256
0.016222
0.017866
0.014460
0.017463
0.015365
0.015825
0.014659
0.009830
0.012820
0.019264
0.020561
0.026415
0.013640
0.009980
0.009292
0.013267
0.012319
0.013860
0.014833
0.011522
0.026099
0.019274
0.015965
0.013277
0.021357
0.011930
0.008144
0.004048
0.016003
0.017667
0.018289
0.015082
0.016506
0.015456
0.012108
0.008188
0.007406
0.015060
0.020468
0.010911
0.011796
0.006742
0.005607
0.009771
0.011650
0.010016
0.006549
0.008480
0.015539
0.008976
0.009871
0.012919
0.012038
0.012543
0.010346
0.015455
0.014620
0.014246
0.018098
0.009344
0.006114
0.006013
0.009146
0.013527
0.016033
0.017642
0.024507
0.018783
0.012289
0.015554
0.011218
0.015774
0.015249
0.011043
0.008270
0.008794
0.003023
0.002648
0.002707
0.002708
0.004410
0.003178
0.008622
0.011853
0.007384
0.008732
0.014519
0.011159
0.011935
0.007899
0.010569
0.007719
0.012753
0.003975
0.004604
0.011245
0.006218
0.006917
0.008023
0.007850
0.008449
0.009492
0.009446
0.011389
0.010441
0.009906
0.009164
0.010681
0.009149
0.008546
0.010275
0.005629
0.006278
0.007962
0.008029
0.012903
0.008366
0.012133
0.011777
0.007973
0.014827
0.011523
0.011892
0.011574
0.012423
0.010084
0.009890
0.010954
0.010327
0.008424
0.009776
0.010914
0.011639
0.007104
0.006405
0.008032
0.007124
0.006401
0.006472
0.005671
0.008472
0.010712
0.008233
0.006491
0.006489
0.009833
0.011191
0.007848
0.012050
0.012080
0.013365
0.020744
0.019943
0.019106
0.014497
0.013307
0.009896
0.008211
0.007899
0.003889
0.010550
0.004235
0.009839
0.009377
0.009415
0.008593
0.008248
0.007014
0.008763
0.008438
0.008812
0.008466
0.022173
0.014792
0.020675
0.014125
0.013431
0.012220
0.012292
0.016581
0.012884
0.012089
0.011244
0.014331
0.027433
0.033478
0.028529
0.034453
0.030343
0.030661
0.023497
0.018086
0.016457
0.022968
0.016306
0.017283
0.018903
0.014499
0.011578
0.010335
0.012766
0.009792
0.012128
0.012500
0.010499
0.009335
0.008799
0.012452
0.013365
0.013578
0.008789
0.013469
0.012061
0.010728
0.009057
0.012095
0.008871
0.010495
0.009129
0.016794
0.021515
0.026345
0.025062
0.019219
0.019385
0.011890
0.012967
0.014418
0.015708
0.012936
0.010263
0.010056
0.011322
0.014429
0.009423
0.011325
0.009034
0.011239
0.015522
0.010912
0.011410
0.012774
0.013014
0.010045
0.012286
0.014794
0.012861
0.008963
0.007626
0.009894
0.015805
0.015198
0.013374
0.012054
0.015594
0.013654
0.021204
0.015120
0.009102
0.007718
0.003297
0.004544
0.005541
0.006251
0.007077
0.008531
0.009629
0.012352
0.015081
0.014713
0.011815
0.008898
0.003892
0.006517
0.002426
0.002849
0.008292
0.015974
0.012485
0.013844
0.009492
0.008474
0.010198
0.013096
0.010914
0.011113
0.011093
0.010227
0.018829
0.022897
0.014643
0.012610
0.008415
0.006323
0.007207
0.005848
0.006044
0.011397
0.007383
0.013613
0.014197
0.014189
0.012021
0.007743
0.007443
0.009457
0.013878
0.010290
0.012918
0.013118
0.012105
0.006063
0.003679
0.008044
0.004265
0.008138
0.019566
0.016476
0.011438
0.015210
0.011938
0.023866
0.019109
0.018450
0.018672
0.018340
0.019834
0.014974
0.016432
0.011635
0.008871
0.009392
0.008709
0.011361
0.013849
0.012350
0.014527
0.010902
0.012302
0.032456
0.028709
0.026061
0.016115
0.012848
0.009502
0.007006
0.007453
0.010971
0.017049
0.030516
0.026107
0.017524
0.013056
0.009017
0.010967
0.005549
0.006008
0.015495
0.013705
0.012560
0.006309
0.008546
0.010032
0.011862
0.007482
0.006140
0.009192
0.011580
0.009131
0.007960
0.005122
0.006562
0.004599
0.010361
0.016362
0.017705
0.017453
0.015819
0.010221
0.005572
0.004282
0.005186
0.017968
0.018430
0.014985
0.008087
0.007289
0.009485
0.011294
0.015874
0.019535
0.016372
0.007348
0.004710
0.007564
0.009520
0.009224
0.013846
0.018847
0.022432
0.021259
0.014989
0.012999
0.013069
0.019432
0.012705
0.011228
0.012320
0.013143
0.014183
0.007442
0.007001
0.009366
0.012239
0.014083
0.023970
0.021215
0.019133
0.018078
0.014004
0.015762
0.014316
0.013912
0.013751
0.013642
0.019269
0.019585
0.013472
0.007245
0.004606
0.002050
0.008024
0.014049
0.012244
0.012459
0.011522
0.014467
0.013868
0.011102
0.006999
0.011830
0.012477
0.017137
0.014761
0.013290
0.011747
0.019281
0.014629
0.008675
0.014670
0.009860
0.007971
0.016716
0.012630
0.014071
0.012971
0.016474
0.014821
0.020886
0.021474
0.019058
0.015547
0.017268
0.022403
0.023132
0.019634
0.005784
0.009847
0.008499
0.009055
0.008293
0.006253
0.005070
0.009576
0.007455
0.007393
0.005874
0.005094
0.005297
0.015533
0.014233
0.022358
0.019074
0.025987
0.015853
0.011413
0.010762
0.010421
0.019222
0.017926
0.017269
0.013604
0.008726
0.010522
0.013472
0.017970
0.027836
0.021150
0.023572
0.016029
0.014557
0.020542
0.019374
0.017840
0.013053
0.022861
0.012089
0.014785
0.009488
0.007739
0.009861
0.018047
0.022012
0.015293
0.017924
0.012048
0.009581
0.007156
0.006476
0.012413
0.012029
0.018834
0.018862
0.017647
0.016046
0.013009
0.016907
0.015159
0.013007
0.018090
0.026309
0.017579
0.014268
0.019787
0.020344
0.018169
0.017877
0.011872
0.013384
0.018039
0.016886
0.016203
0.007044
0.006498
0.009790
0.010432
0.006974
0.011355
0.011930
0.013817
0.014286
0.018743
0.013932
0.016630
0.012414
0.015679
0.009462
0.024285
0.011662
0.009988
0.017658
0.009421
0.005392
0.006529
0.008274
0.003217
0.005533
0.015315
0.015015
0.010796
0.009518
0.007487
0.010875
0.016903
0.011791
0.007786
0.011668
0.008884
0.008756
0.018278
0.013569
0.019316
0.018588
0.016642
0.014834
0.024554
0.031765
0.019849
0.018931
0.011919
0.006954
0.010875
0.010295
0.011365
0.016470
0.020128
0.030808
0.024852
0.020144
0.019692
0.020417
0.016438
0.009723
0.016333
0.013855
0.011692
0.009288
0.014256
0.012917
0.015713
0.017193
0.009807
0.005691
0.010520
0.009663
0.012476
0.010523
0.008898
0.007642
0.007124
0.005190
0.009953
0.009756
0.009844
0.002719
0.007436
0.008384
0.014210
0.019413
0.010159
0.010043
0.008031
0.005305
0.002668
0.006732
0.008739
0.004806
0.005055
0.013484
0.018669
0.019176
0.021543
0.017021
0.010175
0.005668
0.004709
0.004845
0.002117
0.012337
0.009690
0.009493
0.007706
0.008139
0.011293
0.017466
0.020273
0.020644
0.027409
0.021655
0.017811
0.020980
0.015970
0.018727
0.018243
0.028606
0.021753
0.020910
0.023452
0.022898
0.018998
0.017727
0.016661
0.019776
0.018125
0.018137
0.013934
0.011254
0.015345
0.018386
0.019200
0.019680
0.015332
0.014522
0.016068
0.018910
0.023092
0.021647
0.021404
0.020078
0.020574
0.020742
0.011166
0.008809
0.008317
0.009950
0.012452
0.005313
0.011092
0.004803
0.008182
0.004335
0.007808
0.018241
0.016191
0.015903
0.014230
0.011212
0.008958
0.012270
0.009002
0.010857
0.009825
0.008696
0.005507
0.007857
0.008742
0.009536
0.008636
0.013252
0.011909
0.010267
0.010181
0.015251
0.016190
0.017149
0.013330
0.007387
0.006610
0.006104
0.005926
0.006364
0.006493
0.006471
0.007053
0.007021
0.007284
0.009839
0.020854
0.015011
0.013355
0.012607
0.013690
0.015511
0.015009
0.016280
0.013285
0.006825
0.011313
0.013377
0.010425
0.011038
0.010244
0.008217
0.007832
0.007237
0.006446
0.007071
0.009087
0.008951
0.007995
0.010135
0.008087
0.014276
0.016070
0.016280
0.014978
0.014318
0.014845
0.012429
0.010208
0.009860
0.012879
0.011643
0.010863
0.012052
0.009621
0.013162
0.014638
0.018941
0.017869
0.012318
0.008125
0.011478
0.005754
0.013700
0.011467
0.012924
0.011830
0.014462
0.010170
0.009342
0.013334
0.009822
0.006439
0.006889
0.007731
0.009749
0.011827
0.011448
0.007143
0.010843
0.009296
0.009988
0.011495
0.010963
0.010672
0.008096
0.013252
0.011759
0.010465
0.011524
0.008587
0.005897
0.004687
0.007726
0.009109
0.011711
0.010874
0.011985
0.009699
0.013377
0.011801
0.008503
0.013065
0.008140
0.007034
0.006905
0.005524
0.009169
0.009246
0.009906
0.007499
0.010364
0.015092
0.012746
0.007275
0.011725
0.008261
0.012345
0.017498
0.017879
0.017119
0.016739
0.013459
0.015838
0.016005
0.016223
0.008977
0.008790
0.009840
0.012169
0.015965
0.013869
0.010689
0.012499
0.012203
0.012892
0.012355
0.011546
0.014367
0.013014
0.017041
0.012314
0.017056
0.011777
0.009383
0.011497
0.013467
0.012601
0.011068
0.015747
0.008710
0.008759
0.008732
0.013168
0.013319
0.012706
0.010255
0.007026
0.010175
0.013026
0.008687
0.005280
0.004733
0.010202
0.008418
0.011207
0.012897
0.014004
0.017382
0.023088
0.028022
0.021998
0.019522
0.017169
0.013996
0.012978
0.016715
0.015918
0.010841
0.010916
0.005778
0.010386
0.015839
0.013396
0.012501
0.013953
0.014102
0.012780
0.013350
0.017051
0.016743
0.012854
0.019083
0.015672
0.014976
0.012011
0.007333
0.019008
0.015012
0.015263
0.012473
0.016834
0.017336
0.016895
0.023195
0.018423
0.015201
0.012051
0.013701
0.015632
0.012588
0.012685
0.011248
0.012262
0.015370
0.018777
0.020793
0.021389
0.017528
0.014520
0.010060
0.009805
0.024827
0.022009
0.016477
0.013661
0.015208
0.011909
0.016307
0.014561
0.020856
0.018330
0.012633
0.020058
0.018355
0.011164
0.010670
0.012291
0.011412
0.004740
0.004453
0.011819
0.013916
0.006060
0.009313
0.008702
0.010951
0.018587
0.014697
0.014949
0.020157
0.017695
0.014556
0.011796
0.009363
0.006719
0.016496
0.017326
0.019333
0.024148
0.019241
0.018372
0.015261
0.012884
0.014671
0.015804
0.012703
0.017124
0.021402
0.017816
0.017062
0.014275
0.003424
0.008039
0.010797
0.008951
0.013297
0.014697
0.008142
0.020590
0.013147
0.014254
0.019214
0.017938
0.011969
0.017377
0.020192
0.014285
0.017332
0.015715
0.019085
0.022591
0.021321
0.021423
0.015497
0.013260
0.004788
0.004738
0.020730
0.016038
0.013648
0.011987
0.014710
0.010008
0.010796
0.009799
0.006318
0.005828
0.008657
0.014097
0.013021
0.018179
0.017000
0.019419
0.014459
0.011425
0.011962
0.014499
0.017017
0.015498
0.010695
0.010202
0.012458
0.008044
0.007479
0.006791
0.008269
0.006926
0.009551
0.009257
0.014838
0.016510
0.011182
0.018358
0.015127
0.019697
0.016795
0.015254
0.005427
0.003575
0.007100
0.006384
0.004842
0.013376
0.024983
0.016799
0.014740
0.007724
0.014536
0.024204
0.025861
0.029615
0.026411
0.016172
0.013714
0.012365
0.013364
0.013343
0.022407
0.023142
0.029305
0.027712
0.020000
0.017764
0.021205
0.012845
0.009937
0.007767
0.027894
0.025487
0.011518
0.016371
0.015382
0.014853
0.008374
0.013215
0.014431
0.013339
0.016153
0.012840
0.005703
0.006500
0.005350
0.017412
0.015411
0.020990
0.029139
0.028358
0.020393
0.014335
0.011377
0.012627
0.018918
0.021866
0.016660
0.012042
0.014265
0.010049
0.012534
0.013779
0.016410
0.018570
0.015048
0.012151
0.012680
0.015906
0.018054
0.013928
0.008940
0.011051
0.016987
0.019056
0.020606
0.016980
0.012440
0.019086
0.018406
0.015156
0.012446
0.015573
0.020394
0.018784
0.016557
0.007181
0.004428
0.008051
0.012936
0.011553
0.018267
