0.002832
0.002982
0.003462
0.003961
0.003953
0.004154
0.004328
0.004539
0.005396
0.004892
0.005323
0.005778
0.006060
0.005352
0.005223
0.005960
0.005987
0.007103
0.007307
0.008445
0.009143
0.009596
0.010158
0.009338
0.009215
0.009785
0.011608
0.011556
0.011802
0.011911
0.012938
0.013855
0.012846
0.013097
0.012276
0.012179
0.012126
0.010242
0.010545
0.011355
0.011138
0.012207
0.014887
0.011896
0.012229
0.011213
0.011049
0.011379
0.008779
0.012486
0.007570
0.008415
0.008859
0.011702
0.012250
0.018626
0.019720
0.017158
0.022783
0.018789
0.022819
0.023346
0.026176
0.019716
0.020135
0.019866
0.027052
0.019558
0.019109
0.019742
0.017342
0.017531
0.012296
0.012022
0.010659
0.010909
0.024332
0.012520
0.012514
0.013239
0.033050
0.012872
0.013141
0.013526
0.040665
0.040685
0.012560
0.013208
0.013516
0.024377
0.013556
0.013573
0.014096
0.065934
0.014719
0.015500
0.015441
0.017184
0.017825
0.054244
0.017118
0.018115
0.043483
0.019310
0.019718
0.018419
0.056917
0.022949
0.023797
0.021244
0.080957
0.021797
0.022054
0.024819
0.020004
0.020856
0.023818
0.108690
0.139614
0.029651
0.029659
0.126885
0.135591
0.028674
0.029995
0.104053
0.130589
0.106615
0.058011
0.025431
0.100528
0.096569
0.025909
0.026857
0.025962
0.027066
0.108929
0.028519
0.076151
0.031444
0.047028
0.033783
0.029883
0.029469
0.027884
0.120994
0.025279
0.024410
0.023356
0.022332
0.023103
0.023564
0.023573
0.120113
0.024267
0.024537
0.024658
0.093781
0.025248
0.024583
0.023846
0.023618
0.021188
0.021193
0.021611
0.080948
0.020109
0.019381
0.018206
0.019715
0.020099
0.018883
0.018999
0.032914
0.019806
0.024334
0.023927
0.024250
0.022827
0.020671
0.024332
0.024536
0.085196
0.131469
0.040631
0.026181
0.025973
0.023361
0.022637
0.021118
0.021199
0.021712
0.021961
0.022662
0.021831
0.021889
0.022910
0.020015
0.095838
0.022324
0.024615
0.024404
0.027187
0.097236
0.028160
0.028143
0.027608
0.030469
0.028212
0.028506
0.028079
0.056992
0.034163
0.034267
0.145428
0.035857
0.036373
0.035174
0.041167
0.136132
0.139398
0.042840
0.172438
0.044513
0.039390
0.055865
0.038456
0.041293
0.168051
0.038147
0.036765
0.037895
0.039070
0.037903
0.032928
0.032752
0.106266
0.038621
0.185242
0.039773
0.157053
0.037774
0.143783
0.035927
0.037145
0.035809
0.035165
0.185623
0.033718
0.026935
0.179482
0.172555
0.150752
0.024478
0.019399
0.020121
0.019556
0.148285
0.018257
0.017428
0.016125
0.017927
0.132257
0.016013
0.019793
0.019719
0.172047
0.146719
0.022360
0.025339
0.206972
0.030754
0.030375
0.207127
0.159958
0.030492
0.029906
0.138639
0.230481
0.027354
0.029594
0.208645
0.254936
0.242363
0.034983
0.032861
0.035834
0.243345
0.035847
0.223806
0.042022
0.037190
0.200625
0.218353
0.031123
0.181901
0.022720
0.023614
0.024941
0.230221
0.201709
0.158815
0.023051
0.027802
0.028096
0.032190
0.032326
0.036744
0.036529
0.186048
0.040375
0.041649
0.046815
0.047653
0.045388
0.052136
0.251134
0.041820
0.037730
0.187725
0.042835
0.033986
0.032878
0.032896
0.031749
0.030931
0.225923
0.257040
0.231901
0.034002
0.031509
0.029343
0.029373
0.026713
0.028799
0.024397
0.028670
0.029238
0.030200
0.238803
0.037552
0.041913
0.049828
0.049086
0.051774
0.054425
0.052688
0.052724
0.045787
0.047491
0.039952
0.039803
0.040850
0.034168
0.031563
0.033348
0.231194
0.031977
0.030041
0.270811
0.218086
0.031326
0.027296
0.024173
0.021881
0.022299
0.021941
0.022351
0.024175
0.025924
0.029495
0.028974
0.031497
0.039850
0.038492
0.255414
0.043451
0.293852
0.052684
0.054693
0.049508
0.047431
0.039457
0.245090
0.031613
0.033783
0.270710
0.027149
0.025589
0.025972
0.023848
0.024175
0.022645
0.022947
0.021788
0.022601
0.028831
0.030572
0.026989
0.034600
0.032073
0.034899
0.035670
0.036059
0.029307
0.025114
0.029702
0.264252
0.032438
0.030949
0.237019
0.031205
0.036114
0.037509
0.043737
0.050338
0.222908
0.049634
0.253321
0.041590
0.284689
0.042413
0.266839
0.296495
0.304178
0.303087
0.310572
0.055658
0.054399
0.306075
0.054831
0.234364
0.047861
0.050495
0.052948
0.051998
0.057499
0.055550
0.055890
0.055391
0.052702
0.053666
0.048786
0.049067
0.049229
0.043856
0.052546
0.060742
0.054747
0.053004
0.050226
0.265275
0.256357
0.044116
0.042991
0.277702
0.244150
0.040196
0.038476
0.035832
0.039869
0.039719
0.037556
0.038979
0.038287
0.042746
0.038394
0.033973
0.035512
0.037734
0.040416
0.035938
0.036405
0.034680
0.031805
0.032614
0.028142
0.030044
0.030580
0.041134
0.041712
0.048064
0.048807
0.052995
0.241497
0.053630
0.047148
0.284855
0.261786
0.280795
0.320377
0.052374
0.052751
0.058124
0.058138
0.059716
0.050472
0.041117
0.189410
0.035146
0.034302
0.035669
0.034155
0.033458
0.033931
0.032656
0.030694
0.032477
0.033668
0.034052
0.032902
0.032855
0.034986
0.032721
0.029530
0.300987
0.029625
0.028639
0.029958
0.034177
0.030839
0.031274
0.186770
0.222656
0.316477
0.255453
0.297371
0.038132
0.039506
0.266283
0.047003
0.045037
0.037517
0.325323
0.041355
0.036569
0.035980
0.036270
0.036693
0.048148
0.049448
0.275861
0.317772
0.040583
0.039783
0.041924
0.041171
0.039349
0.039015
0.036739
0.267973
0.292247
0.038547
0.197710
0.036920
0.039849
0.038058
0.038316
0.037616
0.037883
0.045008
0.047913
0.036857
0.038366
0.037574
0.033535
0.031658
0.029508
0.028589
0.028673
0.029695
0.028936
0.026175
0.026080
0.027832
0.033627
0.032596
0.029660
0.030865
0.031579
0.033343
0.040424
0.030745
0.029338
0.033231
0.032843
0.032825
0.034937
0.033956
0.034125
0.033690
0.034296
0.038665
0.308264
0.043520
0.032082
0.033008
0.029843
0.028863
0.033482
0.035115
0.034622
0.265751
0.037631
0.044087
0.044015
0.036683
0.036879
0.038378
0.035229
0.034590
0.268929
0.036413
0.035906
0.043385
0.042982
0.039747
0.033774
0.035282
0.035059
0.033445
0.198522
0.258022
0.040738
0.040748
0.041106
0.041885
0.040138
0.042071
0.037606
0.036099
0.341264
0.033448
0.029903
0.029648
0.027813
0.032431
0.278955
0.027962
0.031258
0.034195
0.035591
0.331593
0.035476
0.034402
0.035748
0.039873
0.315647
0.035004
0.034905
0.037602
0.034874
0.035582
0.035156
0.035443
0.034972
0.036384
0.032926
0.032974
0.033130
0.030972
0.034034
0.034939
0.362632
0.033558
0.346945
0.035003
0.034623
0.313345
0.265728
0.031302
0.299025
0.317283
0.038719
0.038107
0.032717
0.032706
0.037836
0.039487
0.040433
0.038692
0.037198
0.338188
0.037263
0.361642
0.039190
0.038488
0.037779
0.037011
0.036795
0.347696
0.245363
0.032215
0.036736
0.036988
0.040712
0.036620
0.034246
0.034124
0.037037
0.036042
0.031734
0.379192
0.026457
0.026973
0.028043
0.025981
0.031936
0.032028
0.029947
0.034604
0.034607
0.039889
0.046803
0.043494
0.031873
0.031593
0.030337
0.026666
0.026392
0.274752
0.028571
0.035059
0.029327
0.033685
0.032062
0.033088
0.030157
0.028453
0.026569
0.026436
0.030213
0.025604
0.028800
0.028352
0.031048
0.030354
0.027147
0.029487
0.032814
0.361798
0.037774
0.036638
0.037398
0.037716
0.038414
0.034560
0.035010
0.038917
0.038742
0.039693
0.039721
0.039258
0.037989
0.039207
0.037995
0.035186
0.035554
0.030202
0.033241
0.031745
0.024096
0.025291
0.026458
0.029152
0.027095
0.025118
0.026034
0.030291
0.029670
0.030017
0.031102
0.029993
0.026190
0.028701
0.030161
0.025578
0.032622
0.030604
0.030340
0.030481
0.034267
0.037648
0.035059
0.032110
0.031824
0.036101
0.030310
0.029681
0.028461
0.034316
0.035547
0.036178
0.033577
0.033195
0.028234
0.030187
0.026999
0.029647
0.031804
0.035815
0.033361
0.031863
0.033266
0.035301
0.034070
0.038713
0.373299
0.039011
0.039039
0.033922
0.034718
0.035929
0.040225
0.040243
0.040737
0.042135
0.038584
0.337683
0.316622
0.031649
0.348761
0.034755
0.031598
0.029034
0.030751
0.032617
0.034287
0.034253
0.038409
0.038710
0.414529
0.272815
0.040607
0.041234
0.038486
0.035907
0.034695
0.033659
0.038566
0.038578
0.034629
0.034989
0.035688
0.037661
0.035620
0.035357
0.033020
0.035475
0.430021
0.342004
0.037399
0.422238
0.032270
0.038459
0.036439
0.045532
0.047707
0.048864
0.042293
0.039949
0.042139
0.033581
0.032756
0.030537
0.026915
0.025093
0.027047
0.027685
0.031421
0.031564
0.034122
0.029409
0.031079
0.030018
0.029011
0.026884
0.027012
0.026895
0.035779
0.028756
0.029789
0.031612
0.031116
0.031544
0.029969
0.029643
0.029003
0.030218
0.029512
0.030808
0.030127
0.431143
0.030175
0.027606
0.029199
0.031803
0.031748
0.031053
0.032644
0.032966
0.032773
0.036233
0.035361
0.035067
0.032239
0.030235
0.030332
0.025025
0.026146
0.025774
0.387655
0.026890
0.029358
0.031308
0.028380
0.032216
0.031963
0.028742
0.026885
0.032016
0.033227
0.031633
0.032681
0.031813
0.032537
0.032678
0.029586
0.033540
0.039982
0.027979
0.029099
0.030818
0.030513
0.032854
0.030831
0.033889
0.031437
0.032070
0.034371
0.034655
0.031286
0.031026
0.032789
0.033833
0.034979
0.033496
0.030006
0.029721
0.028142
0.028575
0.033071
0.033722
0.034576
0.034881
0.038976
0.030346
0.033728
0.034614
0.030105
0.027949
0.029404
0.027586
0.025900
0.026841
0.027071
0.030266
0.032487
0.032455
0.031492
0.035765
0.032839
0.031758
0.037044
0.030570
0.033045
0.028520
0.032272
0.027581
0.024211
0.025817
0.026637
0.031545
0.028404
0.034940
0.031491
0.029933
0.029219
0.029526
0.032443
0.031744
0.031261
0.031697
0.035827
0.035412
0.040236
0.040078
0.042043
0.043978
0.044535
0.036487
0.035728
0.034755
0.034530
0.032548
0.028506
0.028261
0.027878
0.030895
0.032663
0.033596
0.031259
0.032787
0.031151
0.031296
0.027050
0.027618
0.026873
0.027043
0.028502
0.030476
0.030856
0.032010
0.031619
0.027617
0.027301
0.027485
0.028004
0.027263
0.029389
0.028664
0.033973
0.031418
0.032480
0.031788
0.031364
0.032276
0.031682
0.029819
0.028467
0.030260
0.032099
0.033218
0.031450
0.036255
0.034261
0.036868
0.043471
0.401691
0.042965
0.041884
0.041151
0.036843
0.036469
0.433379
0.215534
0.036024
0.032517
0.039346
0.042877
0.048856
0.043712
0.036986
0.347828
0.436627
0.034733
0.035767
0.032897
0.033066
0.031917
0.029959
0.029406
0.028531
0.026874
0.028338
0.026039
0.029329
0.030288
0.033022
0.032629
0.034618
0.036118
0.040796
0.040312
0.038981
0.038612
0.037946
0.037762
0.035567
0.039804
0.034912
0.039920
0.037334
0.037674
0.038560
0.043876
0.045516
0.037688
0.037003
0.033014
0.032858
0.038815
0.039274
0.326480
0.038638
0.035144
0.034734
0.032589
0.031482
0.028052
0.032366
0.028689
0.031036
0.034301
0.026892
0.296135
0.030696
0.030219
0.027270
0.026502
0.028678
0.026059
0.317662
0.032991
0.033807
0.037147
0.037134
0.037332
0.039085
0.436909
0.037894
0.039094
0.040521
0.031774
0.037098
0.035876
0.037487
0.038783
0.045322
0.043761
0.042141
0.035684
0.036146
0.419935
0.037496
0.036690
0.036549
0.046052
0.037013
0.036745
0.404890
0.035900
0.036826
0.037074
0.032781
0.032907
0.033198
0.031984
0.035837
0.037229
0.039428
0.040655
0.039733
0.042947
0.043642
0.453345
0.301103
0.038136
0.035745
0.039502
0.041725
0.041806
0.038017
0.037216
0.037300
0.035669
0.037950
0.032383
0.037208
0.036480
0.040916
0.346536
0.032649
0.033045
0.032045
0.034745
0.030784
0.032748
0.033251
0.030353
0.030101
0.031649
0.030083
0.029867
0.029347
0.028800
0.027127
0.027325
0.027820
0.032434
0.030728
0.035416
0.034079
0.028235
0.028335
0.342935
0.033361
0.031630
0.030661
0.034550
0.036131
0.036255
0.368527
0.037363
0.036397
0.048191
0.037270
0.036923
0.043176
0.034675
0.032626
0.032043
0.410715
0.033719
0.034227
0.034315
0.035290
0.035897
0.034823
0.036190
0.033891
0.039865
0.037983
0.036542
0.037121
0.033982
0.033713
0.036140
0.297071
0.409602
0.038159
0.037348
0.038922
0.048599
0.044155
0.048884
0.053475
0.042440
0.042349
0.308479
0.036181
0.035252
0.033500
0.035385
0.030394
0.030692
0.034703
0.038492
0.036767
0.031136
0.031391
0.031833
0.031033
0.034319
0.036106
0.036773
0.037908
0.033614
0.033861
0.036838
0.037083
0.035094
0.034327
0.034057
0.034981
0.433566
0.035567
0.037110
0.033619
0.352982
0.431548
0.036259
0.035772
0.038936
0.036580
0.036062
0.032729
0.031089
0.032479
0.033651
0.032103
0.032382
0.037937
0.036975
0.034981
0.035794
0.032690
0.030236
0.033560
0.032851
0.364702
0.444463
0.037041
0.351727
0.039996
0.035767
0.035536
