0.007277
0.008955
0.007514
0.005785
0.006241
0.006569
0.007490
0.006695
0.008816
0.007571
0.006043
0.007613
0.007779
0.006569
0.007510
0.007489
0.007325
0.006528
0.007416
0.006262
0.007529
0.007136
0.009616
0.007031
0.009649
0.009320
0.008810
0.008260
0.008256
0.006782
0.005663
0.007017
0.005702
0.008968
0.008652
0.007603
0.008418
0.008717
0.009580
0.007804
0.009114
0.008473
0.006469
0.009793
0.007590
0.007664
0.007381
0.009408
0.006951
0.008262
0.006650
0.006333
0.008492
0.008381
0.006768
0.008719
0.006939
0.009697
0.007766
0.008864
0.007490
0.008995
0.006949
0.009349
0.007224
0.010243
0.007331
0.009393
0.007532
0.009249
0.007509
0.007597
0.007911
0.008767
0.006365
0.010298
0.007122
0.009095
0.007998
0.008715
0.006242
0.006599
0.006555
0.006957
0.007396
0.007234
0.007164
0.007097
0.007923
0.007230
0.007196
0.007490
0.007163
0.007837
0.006744
0.009955
0.005545
0.007664
0.009274
0.008492
0.007493
0.009333
0.007255
0.008853
0.006795
0.006885
0.007759
0.006608
0.007004
0.007825
0.010265
0.007478
0.007649
0.006381
0.008209
0.006140
0.007580
0.007548
0.006166
0.007767
0.008955
0.007292
0.007146
0.008699
0.007143
0.008118
0.006261
0.009296
0.008980
0.007887
0.010045
0.006929
0.007941
0.008646
0.006209
0.007691
0.006733
0.009118
0.007354
0.008459
0.008524
0.008584
0.006726
0.008049
0.008636
0.009362
0.008912
0.005636
0.005612
0.008089
0.006193
0.006685
0.006015
0.006543
0.007717
0.006166
0.007693
0.007931
0.006366
0.007388
0.007255
0.007938
0.005581
0.008431
0.006679
0.009020
0.009539
0.008657
0.008992
0.009972
0.007295
0.005524
0.007449
0.006669
0.009585
0.007477
0.007629
0.009917
0.009967
0.008216
0.006290
0.008578
0.006873
0.007508
0.007896
0.009642
0.009021
0.009024
0.008875
0.007883
0.007138
0.006650
0.005511
0.006124
0.009395
0.009066
0.007238
0.008436
0.006797
0.007776
0.007753
0.006503
0.005816
0.007558
0.005978
0.008224
0.006742
0.008707
0.007629
0.008727
0.007073
0.007104
0.005696
0.008610
0.007661
0.007448
0.006506
0.007256
0.007252
0.006049
0.006536
0.008008
0.007273
0.008914
0.009051
0.007632
0.008598
0.006890
0.008988
0.007509
0.010328
0.010689
0.008650
0.006640
0.009428
0.007033
0.005879
0.011875
0.008763
0.006822
0.008672
0.009678
0.006153
0.009085
0.006757
0.008928
0.007268
0.007990
0.008029
0.008767
0.006670
0.007431
0.010378
0.008684
0.008329
0.007088
0.007073
0.008205
0.007586
0.008328
0.007297
0.005685
0.005419
0.008006
0.008733
0.007252
0.008070
0.008772
0.007331
0.007620
0.007784
0.006893
0.009533
0.009756
0.005868
0.007467
0.010060
0.007690
0.008585
0.007690
0.007181
0.006958
0.006418
0.006037
0.007934
0.006900
0.005661
0.008142
0.007903
0.005788
0.006046
0.007178
0.007617
0.007044
0.008087
0.009603
0.005627
0.005838
0.007881
0.007764
0.007362
0.006081
0.007279
0.007961
0.005463
0.005639
0.005122
0.006431
0.008358
0.006912
0.009556
0.009036
0.006306
0.008620
0.007106
0.007019
0.007274
0.009044
0.008516
0.008582
0.008419
0.007746
0.006838
0.008229
0.007370
0.007443
0.006239
0.006545
0.007497
0.009878
0.006882
0.009581
0.007203
0.007876
0.007570
0.007352
0.008874
0.006567
0.006709
0.008147
0.007146
0.009547
0.010558
0.010331
0.008701
0.008352
0.008619
0.009740
0.006614
0.007747
0.006978
0.007801
0.007438
0.009125
0.007719
0.008911
0.006904
0.008587
0.006650
0.005851
0.007944
0.008891
0.007712
0.008765
0.009650
0.010146
0.007396
0.006120
0.009681
0.008725
0.005988
0.007158
0.006042
0.005362
0.005542
0.008182
0.008551
0.006226
0.007541
0.009501
0.009842
0.010253
0.008324
0.007812
0.006635
0.009572
0.008456
0.009759
0.008733
0.007870
0.008932
0.008762
0.010542
0.007800
0.006741
0.008448
0.006291
0.008775
0.009106
0.007827
0.008535
0.008623
0.008757
0.008358
0.007399
0.005704
0.007585
0.008672
0.007614
0.007252
0.007546
0.006766
0.008515
0.008486
0.011156
0.007727
0.007979
0.005950
0.009274
0.006768
0.005683
0.007254
0.005451
0.005393
0.007569
0.008879
0.007524
0.008733
0.009885
0.006358
0.008129
0.009371
0.007276
0.007961
0.006105
0.007542
0.008559
0.007531
0.007787
0.008808
0.008808
0.009660
0.008676
0.010200
0.009765
0.010916
0.010185
0.009741
0.008580
0.005854
0.006683
0.006388
0.007649
0.007838
0.008471
0.006953
0.009884
0.006705
0.007717
0.008749
0.007696
0.005362
0.007514
0.009978
0.006153
0.009850
0.009708
0.008367
0.009377
0.009309
0.009271
0.005544
0.007890
0.005911
0.005467
0.005774
0.009808
0.006510
0.008468
0.006932
0.009558
0.008373
0.007257
0.006845
0.007350
0.008372
0.006656
0.007551
0.006962
0.006070
0.005559
0.009783
0.008409
0.012012
0.007606
0.010638
0.015034
0.010077
0.009000
0.006360
0.008935
0.008780
0.007507
0.006515
0.007618
0.007699
0.009215
0.009534
0.007538
0.007502
0.006445
0.008348
0.007737
0.009600
0.009725
0.006520
0.004899
0.006984
0.008264
0.005332
0.005926
0.005461
0.008653
0.007771
0.008662
0.009084
0.006363
0.007591
0.007971
0.010492
0.010957
0.009359
0.006587
0.007240
0.008980
0.008135
0.008203
0.008418
0.009360
0.011211
0.009535
0.008770
0.007688
0.009633
0.007405
0.006639
0.006568
0.006939
0.006464
0.007558
0.007041
0.009400
0.006831
0.006715
0.006644
0.008883
0.008733
0.008929
0.007833
0.009670
0.007115
0.009961
0.007363
0.007846
0.006096
0.004970
0.007748
0.005678
0.006324
0.005795
0.006649
0.008535
0.010152
0.009728
0.007708
0.008675
0.006281
0.008512
0.006989
0.007738
0.006939
0.008279
0.008541
0.005961
0.008274
0.006858
0.007834
0.008126
0.007754
0.008311
0.006051
0.007525
0.010835
0.006650
0.008614
0.007800
0.007780
0.007761
0.007550
0.008952
0.008729
0.005714
0.004891
0.007371
0.008513
0.009756
0.008447
0.007775
0.008845
0.007814
0.009265
0.009103
0.006517
0.006285
0.008739
0.009809
0.007557
0.008898
0.008642
0.008553
0.010529
0.008791
0.008822
0.007469
0.007823
0.006545
0.007536
0.008563
0.008057
0.006747
0.008692
0.006844
0.006127
0.005847
0.008759
0.007087
0.008611
0.007483
0.006960
0.007666
0.009323
0.006012
0.008088
0.008209
0.005809
0.011800
0.008196
0.004996
0.008932
0.007433
0.007946
0.007552
0.008112
0.008747
0.006645
0.007307
0.007612
0.008268
0.008503
0.007850
0.006265
0.008640
0.009367
0.007250
0.008045
0.008120
0.005446
0.008271
0.008612
0.005924
0.008188
0.007657
0.007937
0.010432
0.009885
0.005120
0.008193
0.007359
0.007906
0.006931
0.006991
0.009832
0.011273
0.008019
0.006569
0.005763
0.006958
0.010556
0.008527
0.005464
0.007476
0.008774
0.008496
0.010170
0.007762
0.007756
0.010693
0.010812
0.007318
0.009760
0.006693
0.007335
0.008231
0.007181
0.008358
0.008076
0.009984
0.008060
0.008816
0.008350
0.009782
0.008028
0.009012
0.007785
0.011716
0.008968
0.006589
0.011120
0.006824
0.008370
0.006090
0.009050
0.007372
0.007698
0.011008
0.007267
0.008500
0.006567
0.007449
0.007239
0.009971
0.009160
0.007180
0.006167
0.007646
0.007423
0.011284
0.009800
0.008936
0.008689
0.005505
0.007887
0.008108
0.009924
0.009067
0.007153
0.007352
0.006260
0.010885
0.008769
0.007328
0.007741
0.005747
0.008375
0.010261
0.008730
0.007951
0.012171
0.008350
0.007256
0.010528
0.010311
0.010294
0.009843
0.009554
0.009585
0.007612
0.008063
0.008211
0.007462
0.009072
0.006526
0.007950
0.008672
0.009843
0.009972
0.007617
0.007651
0.006324
0.006089
0.007373
0.008831
0.006781
0.008565
0.008668
0.007426
0.008413
0.008581
0.005701
0.009139
0.005123
0.008731
0.010122
0.006385
0.007743
0.008311
0.006822
0.006162
0.008187
0.008016
0.007656
0.007923
0.008599
0.005583
0.007375
0.010359
0.007448
0.007041
0.006592
0.007363
0.006486
0.009202
0.006722
0.008335
0.010204
0.008654
0.007479
0.008812
0.007746
0.008268
0.007217
0.009446
0.007910
0.007420
0.008524
0.006450
0.005784
0.007038
0.007636
0.008123
0.007457
0.008463
0.008177
0.005424
0.006079
0.007827
0.006264
0.009070
0.008568
0.007750
0.005484
0.007898
0.007899
0.007921
0.005539
0.008753
0.008453
0.007480
0.008645
0.008017
0.005527
0.007769
0.006376
0.004002
0.007700
0.006972
0.011139
0.007063
0.008669
0.011923
0.009274
0.008686
0.008939
0.007993
0.006797
0.008631
0.008744
0.007768
0.007741
0.007365
0.005507
0.007394
0.006341
0.007701
0.005573
0.007661
0.008981
0.008791
0.006581
0.008306
0.009037
0.010901
0.008922
0.008198
0.006481
0.006651
0.006087
0.007104
0.007119
0.008024
0.007168
0.007295
0.007195
0.006500
0.008621
0.005442
0.005970
0.007737
0.005701
0.007597
0.009065
0.009956
0.010072
0.008833
0.007452
0.009790
0.007334
0.008531
0.006841
0.006112
0.006276
0.006943
0.006620
0.007566
0.010182
0.006846
0.007617
0.005890
0.005947
0.009483
0.007307
0.009242
0.008820
0.007731
0.008401
0.008951
0.007799
0.008302
0.008668
0.007278
0.006232
0.009541
0.006752
0.007541
0.007345
0.009437
0.007996
0.008786
0.008622
0.010696
0.006139
0.011935
0.008923
0.007184
0.007259
0.008180
0.006838
0.005352
0.009538
0.007520
0.007439
0.007486
0.005775
0.007410
0.005819
0.008337
0.007359
0.009522
0.007485
0.008726
0.008586
0.006734
0.006841
0.005903
0.008459
0.007548
0.006971
0.008673
0.009755
0.007559
0.007608
0.007726
0.007764
0.008430
0.007786
0.008993
0.007448
0.009710
0.008734
0.006005
0.007426
0.009977
0.005604
0.006294
0.008598
0.007909
0.007719
0.005939
0.006700
0.006485
0.009651
0.008929
0.003315
0.006666
0.004290
0.006324
0.009241
0.010507
0.009075
0.008306
0.006137
0.008751
0.010012
0.007175
0.008094
0.007442
0.007329
0.006191
0.011897
0.011441
0.009695
0.008237
0.010376
0.008349
0.006885
0.007296
0.010450
0.010215
0.010984
0.007920
0.008584
0.007704
0.007764
0.005399
0.009337
0.009008
0.007619
0.008334
0.009284
0.008940
0.008414
0.008563
0.007787
0.007607
0.006310
0.004861
0.009531
0.008792
0.006008
0.008822
0.005268
0.008448
0.008390
0.008547
0.005716
0.007050
0.009716
0.007674
0.009991
0.006182
0.006382
0.005617
0.006435
0.007521
0.008321
0.007913
0.004866
0.005641
0.007253
0.009141
0.007976
0.007800
0.007235
0.009227
0.008231
0.007420
0.006715
0.006490
0.007758
0.008488
0.008424
0.008288
0.011171
0.007603
0.007668
0.011113
0.009460
0.008471
0.007807
0.006153
0.008394
0.006122
0.009574
0.006326
0.007830
0.005574
0.005579
0.007829
0.007606
0.006142
0.006520
0.006282
0.006965
0.008402
0.007762
0.006989
0.005501
0.008980
0.008105
0.008794
0.011318
0.009533
0.008430
0.008995
0.009379
0.006227
0.009086
0.006293
0.011705
0.011404
0.008378
0.008640
0.007587
0.005717
0.005756
0.006711
0.006526
0.006289
0.007058
0.007904
0.007714
0.005810
0.007994
0.009485
0.007092
0.008997
0.006713
0.007681
0.009460
0.005758
0.008633
0.007105
0.006200
0.007340
0.006762
0.006398
0.006064
0.009302
0.008843
0.008044
0.007577
0.007551
0.007111
0.004978
0.007712
0.006335
0.008024
0.006145
0.005674
0.008605
0.005389
0.007447
0.008044
0.008381
0.008402
0.009005
0.003795
0.009917
0.008025
0.007416
0.007452
0.008746
0.006233
0.008138
0.008611
0.008198
0.007105
0.005508
0.007262
0.008627
0.008590
0.007422
0.007691
0.008950
0.004136
0.003755
0.009571
0.008794
0.007489
0.007175
0.008241
0.008886
0.008330
0.008904
0.007750
0.006286
0.008043
0.008149
0.008692
0.011258
0.009744
0.008220
0.006439
0.007187
0.007222
0.007703
0.006937
0.011189
0.006436
0.005292
0.010149
0.009087
0.007951
0.006324
0.007930
0.007771
0.006776
0.008349
0.006420
0.006602
0.003981
0.008989
0.006458
0.006482
0.006363
0.006626
0.006834
0.007294
0.011042
0.009472
0.005987
0.007099
0.009869
0.006642
0.007538
0.010219
0.010009
0.009636
0.008990
0.008626
0.007485
0.006417
0.006624
0.007266
0.008753
0.005347
0.010343
0.007498
0.008270
0.008993
0.008928
0.009664
0.010547
0.007685
0.007393
0.008805
0.010806
0.011254
0.005662
0.009026
0.008813
0.007837
0.007172
0.008834
0.007415
0.009366
0.007634
0.006246
0.007225
0.008087
0.007727
0.008085
0.008233
0.008531
0.009925
0.009011
0.009219
0.006969
0.008644
0.007626
0.008480
0.009561
0.008909
0.005871
0.006970
0.008144
0.007838
0.005739
0.004953
0.006126
0.008815
0.007614
0.008262
0.007676
0.006955
0.007149
0.008426
0.008160
0.008925
0.006037
0.007145
0.008286
0.008794
0.008900
0.005952
0.007038
0.008706
0.008635
0.008020
0.007304
0.007726
0.008444
0.006352
0.006444
0.010154
0.006540
0.008693
