0.000000
0.000000
0.200000
0.700000
1.246667
1.846667
2.424047
3.471853
4.474870
5.456716
6.440066
7.426665
8.418142
9.347802
10.386896
11.368155
12.358937
13.350078
14.332375
15.319871
16.336878
17.317101
18.301318
19.289840
20.267367
20.991754
21.850980
22.885836
23.802037
24.782170
25.685568
26.662621
27.629342
28.617295
29.512717
29.956485
30.494685
31.351494
32.292308
33.276082
34.293606
35.227536
36.210768
37.197865
38.144634
39.117855
40.091567
41.141788
42.058763
43.033077
43.860548
44.615325
45.467205
45.953082
46.355004
46.967906
47.856267
48.737820
49.645611
50.451841
51.221703
52.150808
52.834782
53.117524
53.740130
54.514904
55.275837
56.322310
57.303291
58.282574
59.207390
60.206030
61.099179
62.123978
63.102318
63.865348
64.179203
64.837147
65.800526
66.697638
67.513677
68.024584
68.651596
69.509032
70.494888
71.443374
72.213917
72.673972
73.474369
74.462215
75.449095
76.415550
77.376055
78.313002
79.300905
80.292025
81.282504
82.272081
83.261426
84.230749
85.250920
86.212832
87.069085
87.484286
88.174862
89.149613
90.185673
90.807586
91.042740
91.769748
92.750395
93.739210
94.589985
94.975744
95.361585
95.760400
96.546711
97.413365
98.381770
99.421937
100.412082
101.401697
102.387642
103.374808
104.367760
105.358273
106.388805
107.376688
108.357355
109.263952
110.185567
111.104201
112.082747
113.138211
114.125711
115.117683
116.107387
117.067871
118.033628
119.095744
120.076486
121.055286
122.045542
123.025410
124.022170
125.001990
126.058839
127.053190
128.015278
128.995400
129.968229
130.945881
131.978382
132.963958
133.875431
134.822011
135.584972
136.454675
137.376881
138.293728
139.255323
140.245660
141.103596
141.964952
142.956613
143.929614
144.904066
145.865684
146.850001
147.808142
148.797899
149.788271
150.829450
151.812993
152.799980
153.790766
154.764080
155.751890
156.742942
157.788435
158.765186
159.736986
160.726657
161.701770
162.690068
163.738186
164.728311
165.714298
166.688817
167.630620
168.283213
169.129011
170.051636
170.547096
171.194063
171.818629
172.614149
173.596586
174.571242
175.619065
176.606310
177.599818
178.582617
179.572834
180.522327
181.560660
182.546957
183.308020
183.920651
184.737987
185.725622
186.705812
187.758509
188.749659
189.735124
190.724970
191.668427
192.656686
193.689465
194.604587
195.575513
196.525060
197.035461
197.637847
198.630584
199.686730
200.669998
201.658905
202.645363
203.632702
204.619429
205.605493
206.663299
207.633191
208.628162
209.617383
210.604905
211.781402
212.624554
213.630146
214.596102
215.582428
216.574018
217.691403
218.497117
219.440411
220.354926
221.339776
222.325835
223.253829
224.283394
225.273331
226.327695
227.114662
227.853022
228.672834
229.617717
230.601543
231.647912
232.637476
233.631540
234.716797
235.594374
236.571813
237.549324
238.592035
239.556983
240.555058
241.567081
242.541757
243.528286
244.526287
245.510495
246.495809
247.481772
248.471309
249.457233
250.433599
251.359265
252.274552
252.963261
253.737949
254.753906
255.570592
256.160213
256.819202
257.629424
258.622999
259.589602
260.579096
261.558487
262.520097
263.628510
264.273734
265.272700
266.239039
267.200126
268.168129
269.215509
270.053164
270.853205
271.844456
272.735104
273.274546
274.006556
274.804935
275.563798
276.506550
277.494951
278.476408
279.414465
280.459721
281.441779
282.433688
283.421527
284.403564
285.328922
286.383351
287.370138
288.334829
289.310256
290.202227
291.095049
291.817526
292.494590
293.123479
294.036100
295.014647
296.005994
296.977601
297.957513
298.973296
299.775820
300.490817
301.406343
302.355453
303.341341
304.343821
305.050016
306.012728
306.857378
307.572731
308.355002
309.055388
310.005760
310.979506
311.944368
312.925329
313.860453
314.689580
315.478174
316.023689
316.963066
317.944505
318.925510
319.916367
320.867895
321.921650
322.910729
323.807843
324.775501
325.686327
326.453838
327.591311
328.321834
329.038870
329.827242
330.668567
331.654631
332.589450
333.094342
333.555049
334.407921
335.385430
336.243744
337.200121
338.092529
338.997860
339.985005
340.956337
341.945551
342.933566
343.923717
344.968285
345.889542
346.659094
347.508657
348.437532
349.414849
350.073769
350.878963
351.745082
352.727306
353.536215
354.139140
355.103843
356.020496
356.881130
357.651546
358.592670
359.462663
360.438552
361.458389
362.552969
363.731556
364.710467
365.707084
366.608041
367.107356
367.829897
368.854344
369.747122
370.694061
371.677924
372.665649
373.456926
373.882258
374.632672
375.592279
376.332015
376.712789
377.088515
377.858421
378.853515
379.842564
380.829633
381.813136
382.784413
383.557094
384.088490
384.895314
385.798895
386.795231
387.697957
388.662074
389.431957
390.119068
391.010933
391.997092
393.006863
393.999760
394.990967
395.969516
396.999627
397.917457
398.911043
399.897478
400.804408
401.631673
402.901183
403.444236
404.222602
405.272691
405.839340
406.470622
407.468300
408.494634
409.479876
410.425901
411.418067
412.396849
413.352911
414.417492
414.492599
414.583685
415.264157
416.269509
417.128610
418.087121
418.801179
418.801179
418.801179
419.042986
419.901450
420.894637
421.354298
421.880354
422.780511
423.761815
424.741059
425.602359
426.581412
427.419027
427.628328
427.954040
428.825918
429.809970
430.615616
431.518589
432.562687
433.470988
433.920735
434.239038
435.134752
436.244333
436.960933
437.940794
438.936513
439.887520
440.429211
441.375246
442.318322
443.370580
444.354947
445.340975
446.323273
447.312768
448.304475
449.278656
450.465523
451.314626
452.305740
453.292007
454.282372
455.274955
456.334000
457.519917
458.308341
459.211766
460.176767
461.095341
462.069967
462.991914
463.706842
464.594502
465.598051
466.587447
467.571018
468.562535
469.606045
470.594902
471.584631
472.564190
473.526923
474.472116
475.442403
476.384206
477.372418
478.327067
479.303662
480.281086
481.179304
481.891469
482.753912
483.742849
484.746462
485.737080
486.698063
487.588526
488.455801
489.377636
490.311853
491.276391
492.246368
492.966634
493.543167
494.472330
495.459486
496.337393
496.887591
497.391015
497.853919
498.327546
499.167947
500.007326
500.932736
501.681954
502.645533
503.860411
504.620715
505.608219
506.588313
507.574858
508.566676
509.495474
510.554900
511.542215
512.523632
513.810902
514.466692
515.849567
516.497253
517.464415
518.444934
519.398948
520.085028
520.567418
520.983548
521.849560
522.824634
524.008140
524.784238
525.761789
526.750714
527.990408
528.755897
529.798640
530.367891
530.502979
530.502979
530.544446
531.157169
532.218978
533.192063
534.176689
534.897604
535.789228
536.976513
537.834229
538.767766
539.749000
540.580825
541.501834
542.469664
543.308384
544.122626
545.062295
545.728467
546.519839
547.333982
548.210653
549.110230
549.972530
550.971704
551.953841
552.802777
553.735104
554.719557
555.666420
556.588976
557.566215
558.396278
559.335430
559.771060
559.960888
560.745421
561.784071
562.753745
563.655969
564.192559
565.100553
566.155724
567.075712
567.629590
568.180996
569.464477
570.148181
571.118573
571.667120
571.763307
571.813373
572.401542
573.367894
574.323392
575.155972
576.059075
577.708814
577.886109
577.886109
577.886109
577.886109
577.886109
577.886109
577.886109
577.886109
577.950012
578.570879
579.629933
580.609809
581.430714
581.728038
581.728038
581.746065
582.222257
583.219004
584.209334
585.198879
586.160302
587.245514
587.634242
588.412578
589.365493
590.182896
591.156189
592.144206
593.130201
594.178972
595.147627
596.119706
596.842930
597.649826
598.407366
599.313185
600.297788
601.338407
602.597461
603.166955
604.160874
604.943715
605.787896
606.849732
607.828472
608.791263
609.769633
610.759422
611.739903
612.725991
613.776709
614.789027
615.758218
616.754413
617.742470
618.732211
619.754884
620.688267
621.395819
622.242459
623.217436
624.207431
625.164523
626.207098
627.191709
628.178754
629.168530
630.135507
631.123903
632.107185
632.953106
633.764479
634.720177
635.564862
636.439714
637.502209
638.486726
639.368216
640.289711
641.225103
641.952245
642.249386
642.608354
643.573133
644.329078
645.024204
645.994937
647.002249
647.854400
648.552722
649.534636
650.531417
651.481451
652.451775
653.155618
653.948327
654.948861
655.906628
656.831457
657.784701
658.734132
659.428420
660.106275
661.073138
662.033731
663.024879
664.011741
664.993752
666.236185
666.997702
667.990373
668.961630
669.949759
670.926641
672.179622
673.348817
673.930181
674.910470
675.853728
676.831937
677.775916
678.751120
679.453150
679.977239
680.878842
681.759308
682.153542
682.568629
683.455737
684.346553
684.923785
685.740755
686.676808
687.343857
688.255388
689.239086
690.235510
691.225148
692.084753
693.039329
693.952248
694.930312
695.951772
696.925580
697.475870
697.843815
698.103619
698.790065
699.890112
700.700647
701.796925
702.452979
702.452979
702.596820
703.334919
704.381468
705.472236
706.140914
706.794562
706.987558
707.512056
708.460155
709.494066
710.407519
711.342829
712.322160
713.311979
714.297676
715.288815
716.342356
717.312985
718.228222
719.543589
720.165399
721.140105
722.097428
723.012040
723.828912
724.793361
725.674144
726.638630
727.571801
728.631546
729.522892
730.465655
731.268414
732.147159
733.040774
734.062853
734.873716
735.873184
736.835836
737.700202
738.663078
739.394367
740.369390
741.398739
742.354725
742.945832
743.728930
744.726015
745.698010
746.732083
747.542706
748.442732
749.435982
750.433633
751.406437
752.192100
752.936810
753.753953
754.748985
755.716605
756.674869
757.652689
758.707838
759.682813
760.548690
761.411863
762.054793
762.548730
763.563890
764.485241
765.115316
766.019305
767.029046
768.017997
768.994659
770.371244
771.019514
771.993230
772.966647
773.836531
774.822670
775.768994
776.798702
777.443644
777.594574
777.594574
777.594574
777.594574
777.701237
778.387789
779.351002
780.340257
781.393837
782.285495
783.205209
784.260309
785.241992
785.978511
786.764356
787.611138
788.595538
789.622843
790.511576
791.497875
792.827674
793.412750
794.354833
795.323866
796.446452
797.369568
798.360803
798.552586
798.748764
799.557519
800.889016
801.613379
802.734806
804.112234
804.560710
805.545759
806.990253
807.586605
808.507393
809.471832
810.461846
811.445815
812.495762
813.423105
814.651367
814.696924
814.741030
815.256248
816.200497
817.182315
818.234175
819.213881
820.100425
821.012013
822.055417
822.843745
823.762120
824.674220
825.367164
826.358779
827.345438
828.322385
829.440036
830.292341
831.339427
832.297286
833.372795
833.532148
833.532148
833.532148
833.791651
834.638455
835.594310
835.982702
836.320220
837.228559
838.200767
838.703973
839.371028
840.199494
841.182751
842.168005
843.218602
843.548663
843.637338
844.306456
845.357475
846.275792
847.051281
847.719693
848.657997
849.976402
850.424303
850.643071
850.892578
851.736163
852.684261
853.353228
853.353228
853.412291
853.907644
854.871978
856.051668
856.913799
857.909599
858.896299
860.017910
860.882028
861.518564
861.518564
861.525305
861.949510
862.840326
863.832274
864.823336
865.879253
866.800492
867.555863
868.403389
869.858309
870.372709
871.470708
872.144697
873.199426
874.151520
874.948594
875.891018
877.340144
877.857213
878.759524
879.612025
880.508237
881.488489
882.346984
883.298318
883.757664
884.565088
885.505327
886.355468
887.131311
888.073137
889.022705
890.004571
890.975883
891.887936
892.771762
893.706129
894.567317
895.566206
896.609997
897.474444
898.358858
899.327695
900.316816
901.297111
902.205647
903.207925
904.157733
905.119971
906.109314
907.098605
907.978300
908.637012
909.330311
910.097777
910.941610
911.857038
912.399507
913.119638
914.139422
915.088419
916.036567
916.814272
917.795990
918.675483
919.560508
920.487865
921.814235
922.958946
923.937378
924.913896
925.881004
926.833168
927.224256
928.020985
929.025315
930.031046
930.618056
931.390505
932.470342
933.572788
934.445083
935.438263
936.427271
937.396895
938.373820
939.358614
939.625070
939.632848
939.953040
940.822752
941.878708
942.845471
943.832070
944.819643
945.521450
945.521450
945.669827
946.422762
947.735975
948.454734
949.698769
950.421509
951.603195
952.458709
953.498244
953.498244
953.576902
953.997871
954.981189
955.884301
956.176233
956.176233
956.176233
956.258419
956.917881
957.964833
958.858204
959.744724
960.798159
961.720314
962.340378
962.340378
962.340378
962.340378
962.400566
963.015684
963.991486
965.299132
965.902871
966.667537
968.222182
968.646163
968.851413
968.851413
968.851413
968.851413
968.851413
968.851413
968.851413
968.851413
968.851413
968.851413
968.851413
968.851413
968.851413
968.851413
968.851413
968.851413
968.851413
968.851413
968.851413
968.851413
968.851413
968.851413
968.851413
968.851413
968.851413
968.851413
968.851413
968.863652
969.274042
970.087639
971.352991
972.458733
973.488582
974.471347
975.524197
976.514893
977.502314
978.493193
979.482241
980.442358
981.431296
982.483626
983.382976
984.327000
985.234764
986.216673
987.142369
988.123494
989.075381
990.066347
990.862776
991.708467
992.747841
993.725532
994.594988
995.397632
996.296337
997.262268
998.182120
999.056914
1000.053176
1000.754539
1001.415613
1002.410917
1003.284336
1004.282670
1005.243211
1006.221073
1007.169099
1008.139049
1009.122548
1010.109869
1011.091323
1011.910667
1012.819764
1013.763917
1014.734609
1015.652562
1016.458466
1017.268875
1018.219598
1019.206967
1020.145050
1021.109899
1022.035882
1023.053684
1024.043189
1024.972929
1025.865669
1026.463029
1027.152084
1028.237703
1029.180082
1030.174044
1031.157368
1032.136303
1033.076713
1034.249290
1034.686247
1035.486380
1036.461870
1037.310674
1037.845398
1038.724739
1039.579890
1040.570521
1041.687847
1042.425765
1043.319501
1044.353725
1045.277980
1046.332405
1047.517174
1048.270418
1049.223276
1050.166950
1050.875903
1051.520836
1052.564584
1053.594490
1053.809317
1053.809317
1054.105730
1054.962815
1056.021830
1057.006589
1057.829226
1058.713087
1059.643115
1060.514948
1061.486152
1062.552130
1063.509345
1064.490564
1065.469768
1066.451665
1067.394507
1068.448622
1069.322487
1069.828573
1069.828573
1069.828573
1069.828573
1069.828573
1069.828573
1069.828573
1070.135913
1071.010151
1071.987077
1072.957114
1074.322079
1074.793999
1076.220168
1076.669907
1077.435221
1078.184153
1078.654434
1079.201592
1080.108689
1080.990808
1081.934419
1082.821175
1083.517273
1084.356894
1085.306069
1086.213016
1087.100867
1088.014461
1088.879682
1089.877741
1090.894841
1091.862517
1092.659509
1093.594069
1094.587729
1095.604401
1096.269773
1096.591727
1097.341574
1098.309026
1099.162483
1100.053811
1100.635963
1101.398067
1102.424494
1103.313156
1104.229649
1104.993401
1105.777740
1106.786854
1107.701045
1108.681599
1109.654479
1110.543247
1111.496839
1112.310947
1113.176775
1114.213141
1115.056279
1115.810153
1115.810153
1116.118914
1116.977775
1118.001352
1118.677282
1119.368049
1120.323634
1121.324045
1122.112854
1122.918273
1123.932748
1124.823429
1125.804948
1126.754591
1127.743243
1128.656221
1129.598007
1130.235689
1131.162541
1132.065700
1133.033931
1133.945886
1134.922138
1135.792193
1136.645998
1137.639231
1138.597064
1139.429122
1139.905773
1140.578152
1141.579000
1142.569667
1143.549695
1144.536725
1145.479090
1146.414036
1147.440806
1148.118358
1148.647536
1149.114894
1149.541348
1149.844530
1150.201898
1150.600002
1150.964353
1151.280301
1151.781284
1152.623883
1153.614746
1154.496595
1155.470662
1156.148854
1157.048437
1157.994504
1158.863488
1159.846419
1160.855238
1161.790253
1162.478156
1163.024624
1163.914749
1164.799701
1165.697698
1166.441371
1166.791200
1167.486173
1168.418084
1169.406294
1170.394505
1171.292208
1171.817182
1172.492879
1173.449878
1173.810582
1173.810582
1173.810582
1173.810582
1173.895939
1174.559932
1175.535285
1176.526026
1177.966393
1178.441814
1179.486714
1180.420195
1181.200085
1182.275594
1183.263689
1184.252081
1185.235679
1186.059814
1187.052698
1188.009805
1188.717351
1189.414853
1190.335022
1190.857992
1191.584225
1192.214030
1192.655235
1193.267658
1194.249419
1195.205671
1196.101522
1196.970872
1198.044792
1198.306783
1199.138338
1200.177810
1200.948227
1201.738076
1202.732039
1203.276391
1203.804588
1204.455419
1205.116429
1205.479337
1206.097012
1207.003514
1207.938181
1208.876582
1209.607758
1210.664228
1211.647784
1212.625171
1213.613849
1214.574789
1215.352008
1216.261693
1217.272057
1218.218344
1218.708895
1219.855703
1220.840375
1221.827668
1222.845762
1223.768039
1224.755962
1225.736723
1226.696881
1227.700717
1227.800437
1228.330067
1229.246565
1230.205185
1230.731449
1230.731449
1230.731449
1230.731449
1230.840762
1231.551553
1232.547212
1233.508260
1234.500074
1235.421122
1236.464756
1237.346414
1238.312699
1239.043613
1239.942060
1241.282681
1241.902549
1243.010134
1243.595062
1244.308811
1245.234677
1246.221937
1247.197537
1248.038391
1248.653103
1249.480016
1250.441120
1251.391686
1252.145902
1252.960000
1254.025675
1254.988641
1255.657122
1256.304302
1257.261748
1258.275335
1259.266439
1260.286040
1261.276820
1262.336570
1263.068550
1264.007463
1264.998638
1265.970029
1266.944636
1267.926314
1268.785247
1269.490898
1270.503260
1271.518897
1272.155888
1272.771578
1273.789948
1274.679298
1275.639373
1276.634480
1277.647319
1278.526612
1279.473565
1280.387845
1281.374408
1282.346062
1283.718295
1284.071954
1285.030783
1285.975931
1286.950425
1287.937744
1288.901643
1289.893143
1290.929454
1291.854912
1292.840778
1293.767428
1294.692511
1295.821176
1296.346996
1297.300128
1298.264405
1299.148179
1300.113449
1300.987608
1301.966223
1302.992292
1303.956975
1304.943646
1305.908512
1306.876759
1307.787060
1308.836146
1309.730057
1310.721246
1311.672998
1312.652165
1313.494679
1314.425276
1315.482392
1316.455801
1317.445156
1318.434337
1319.342895
1319.847801
1320.630469
1321.681438
1322.652058
1323.557899
1324.536645
1325.519540
1326.318420
1327.265478
1328.237605
1329.252594
1330.178284
1331.153239
1332.594209
1333.120764
1334.135254
1335.106964
1336.078758
1336.892262
1337.699634
1338.677886
1339.639789
1341.015027
1341.490576
1342.453899
1343.350304
1344.702771
1345.091030
1346.101924
1346.778526
1347.528197
1348.372833
1348.831901
1349.136038
1349.985362
1351.023590
1351.988386
1352.968832
1353.952535
1354.940580
1355.811215
1356.777445
1357.748185
1358.343340
1358.485275
1359.246758
1360.257669
1361.189377
1362.159259
1362.746791
1363.239157
1363.822456
1364.700465
1366.210982
1366.621766
1367.583542
1368.401821
1369.179838
1370.576069
1371.120296
1372.112075
1373.161875
1374.157398
1375.082615
1375.743437
1376.384154
1377.398597
1378.136819
1379.029653
1380.022864
1380.990191
1381.978216
1382.862955
1383.731293
1384.729669
1385.362828
1386.326148
1386.848673
1387.834095
1388.818308
1389.803713
1390.853326
1391.836883
1392.813804
1393.742817
1394.744631
1395.669060
1396.254842
1396.288682
1396.288682
1396.288682
1396.288682
1396.288682
1396.288682
1396.288682
1396.288682
1396.288682
1396.518820
1397.522517
1398.732067
1400.050263
1401.210108
1402.172270
1403.165216
1404.146308
1405.055734
1405.967355
1407.022154
1408.007301
1408.997380
1409.992701
1410.970963
1411.946539
1412.934288
1413.987276
1415.535402
1415.950628
1416.882284
1417.497103
1417.598558
1418.361067
1419.341439
1420.215792
1421.128481
1422.107035
1423.078562
1424.021782
1425.058783
1426.035986
1426.746277
1427.486969
1428.432944
1429.421171
1430.417750
1431.476780
1432.466573
1433.457257
1434.446528
1435.437364
1436.375127
1437.243652
1438.047074
1438.328563
1438.966534
1439.995260
1440.986019
1441.872051
1442.245267
1442.245267
1442.467202
1443.299631
1444.304622
1445.352827
1446.227960
1446.879954
1447.750600
1448.805648
1449.793972
1450.713508
1451.711469
1452.757903
1453.745980
1454.736985
1455.602459
1456.431458
1457.410322
1458.395161
1459.296918
1460.155206
1461.135495
1462.011900
1462.993651
1464.377519
1465.032318
1466.014942
1466.982716
1467.970345
1468.961223
1469.936750
1470.928948
1472.240953
1472.981059
1473.727545
1474.540544
1475.368025
1476.137137
1477.170929
1478.115883
1479.094555
1480.025657
1480.939842
1481.935971
1482.926136
1483.969498
1484.957625
1485.945249
1486.791221
1487.503162
1488.472701
1489.343583
1490.032997
1491.000739
1491.931912
1492.571674
1493.383273
1494.338983
1494.992454
1495.489522
1496.276839
1497.305909
1498.271475
1499.164697
1499.972078
1500.675382
1501.410735
1502.436899
1503.408418
1504.337419
1505.319016
1506.292938
1507.295459
1508.268131
1509.239890
1510.732740
1511.162924
1512.066819
1512.922275
1513.698534
1514.594629
1515.540435
1516.502663
1517.486500
1518.459042
1519.506545
1520.433688
1521.344652
1522.315200
1523.259887
1524.188256
1525.239724
1526.255572
1527.182340
1528.091354
1528.988854
1529.643076
1529.905398
1530.418638
1530.683521
1531.204174
1532.125275
1533.026894
1533.989596
1534.998509
1535.905676
1536.806025
1537.642035
1538.616959
1539.595628
1540.466620
1541.256190
1541.924622
1542.924489
1543.893223
1544.885784
1546.178488
1546.836841
1547.887600
1548.811014
1549.643281
1550.622152
1551.592844
1552.530846
1553.589920
1554.568109
1555.547550
1556.510821
1557.477274
1558.455712
1559.428349
1560.448932
1561.330214
1562.219790
1563.114587
1563.726141
1564.537760
1565.634819
1566.300067
1566.853766
1567.794937
1568.782748
1569.718826
1570.627722
1571.685037
1572.668713
1573.603565
1574.564351
1575.527309
1576.428444
1577.392692
1578.337364
1579.191162
1580.069714
1580.997703
1581.916573
1582.774726
1583.802586
1584.681161
1585.663678
1586.648621
1587.610910
1588.343577
1588.775266
1589.169524
1590.018229
1590.949691
1591.929160
1592.932367
1593.927191
1594.959880
1595.716833
1596.246151
1596.994095
1597.952259
1598.730236
1599.703654
1600.672496
1601.537167
1602.485404
1603.347556
1604.344370
1605.312156
1606.279234
1606.955114
1607.594816
1608.360861
1609.272540
1610.265465
1611.235660
1612.245752
1613.233718
1614.220511
1615.195695
1616.051965
1616.691480
1616.882276
1617.643505
1618.627045
1619.610296
1620.600898
1621.583940
1622.517468
1623.289351
1624.009971
1624.991885
1625.908803
1626.933707
1627.876974
1628.814189
1629.904431
1631.061439
1632.241162
1633.267798
1634.078986
1634.978391
1635.422271
1635.982665
1636.931238
1637.854478
1638.474172
1639.353988
1640.146251
1640.744548
1641.535941
1642.456877
1643.433616
1644.954860
1645.416545
1646.409764
1647.396767
1648.372350
1649.332559
1650.326782
1651.261095
1652.243108
1653.254467
1654.222414
1655.211871
1656.198647
1657.187926
1658.177349
1659.164545
1660.168511
1661.152407
1662.129526
1663.182399
1664.099794
1665.560786
1666.046120
1667.074200
1668.067858
1669.049330
1670.028523
1670.946710
1671.925441
1672.975263
1673.912428
1674.900423
1675.891778
1676.945321
1677.881803
1678.871289
1679.926455
1680.898468
1681.851389
1682.844725
1683.781989
1684.787986
1686.525710
1686.835612
1687.841455
1688.804689
1689.715455
1690.570329
1691.378014
1692.101109
1692.968494
1693.769436
1694.711579
1695.595003
1696.526565
1697.511670
1698.274182
1698.696940
1699.435218
1700.367661
1701.122549
1701.909222
1702.917915
1703.907568
1704.897689
1705.834826
1706.698455
1707.676217
1708.610790
1709.576734
1710.385003
1711.307320
1712.203503
1713.134877
1714.118748
1715.108658
1716.095143
1717.023630
1717.743698
1718.499534
1719.560174
1720.395958
1721.418462
1722.628267
1723.727375
1725.211839
1725.593245
1726.358942
1727.317745
1728.278214
1729.265041
1730.174741
1730.882810
1731.391339
1731.869412
1732.672765
1733.638920
1734.587761
1735.488439
1736.500429
1737.448748
1738.420192
1739.536180
1740.521162
1741.371093
1742.361661
1743.939966
1744.195746
1744.195746
1744.205027
1744.632913
1745.541294
1746.532346
1747.243766
1747.243766
1747.243766
1747.243766
1747.243766
1747.247817
1747.572583
1748.443162
1749.434998
1750.439489
1751.423316
1752.403168
1753.387725
1754.427446
1755.338434
1756.399301
1757.381556
1758.342387
1759.332426
1760.196957
1761.118883
1761.924901
1762.850730
1763.517798
1764.453996
1765.373026
1766.354895
1767.341070
1768.403391
1769.382919
1770.359988
1771.306660
1772.311280
1773.218040
1773.695347
1773.749099
1774.352355
1775.292206
1776.261800
1777.059005
1777.777220
1778.791930
1779.824962
1780.682170
1781.463006
1782.478433
1783.441185
1784.431670
1785.453383
1786.420473
1787.393778
1788.383675
1789.309268
1790.281612
1791.097025
1792.163074
1793.175103
1793.907929
1794.782482
1795.737309
1796.671890
1797.562395
1799.064099
1799.396212
1800.381223
1801.350580
1802.275637
1803.149448
1804.187648
1805.021933
1805.955850
1806.894676
1807.837499
1808.819570
1809.674432
1810.150091
1810.847587
1811.815819
1812.800078
1813.710549
1814.554931
1815.601945
1816.539281
1817.526048
1818.493514
1819.402821
1820.343182
1821.282427
1822.278749
1823.075488
1824.004514
1825.001475
1825.964594
1826.951020
1828.000870
1828.978331
1829.974730
1830.961234
1831.800875
1832.506842
1833.448076
1834.367286
1835.001629
1835.954543
1837.605964
1837.936831
1838.927376
1839.916793
1840.973006
1841.843925
1842.503255
1843.314357
1844.219026
1845.203734
1846.173929
1846.921722
1847.721817
1848.524937
1849.303231
1849.959072
1850.921559
1851.915375
1852.833315
1853.785439
1854.790884
1855.750081
1856.694902
1857.769507
1858.746004
1859.698775
1860.693855
1861.683509
1862.587605
1863.172658
1863.862272
1864.803444
1865.762246
1866.734386
1867.724769
1868.636083
1869.610433
1870.648948
1871.589830
1872.583609
1873.570681
1874.554177
1875.537640
1876.581436
1877.459592
1878.444677
1879.313055
1880.185623
1881.180295
1882.163159
1883.208030
1884.189536
1885.128189
1885.776637
1886.181420
1886.939116
1887.887310
1888.766875
1889.690922
1890.687950
1891.648605
1892.431317
1893.120614
1894.081728
1895.154828
1896.151681
1897.139732
1898.107655
1898.955368
1899.638077
1900.473613
1900.915238
1901.183091
1901.912699
1902.482717
1903.089222
1903.990023
1904.690210
1905.658278
1906.637555
1907.631372
1908.618157
1909.604562
1910.617179
1911.571479
1912.563630
1913.550757
1914.462326
1915.422935
1916.366994
1917.299748
1918.293855
1919.283218
1920.269021
1921.234924
1922.203072
1923.075675
1924.019628
1924.918459
1925.246904
1925.715163
1926.656340
1927.640500
1928.368614
1928.930684
1929.857442
1930.774510
1931.775595
1932.778973
1933.799574
1934.764786
1935.652430
1936.642709
1937.612405
1938.594711
1939.575566
1940.633801
1941.621070
1942.606023
1943.533976
1944.164693
1944.884111
1945.873703
1946.863923
1947.879594
1948.963219
1949.867566
1950.502583
1951.308190
1952.359123
1953.361183
1954.340610
1955.226656
1956.208243
1957.132312
1958.056876
1958.933348
1959.594104
1960.561300
1961.544741
1962.521730
1963.297832
1964.091442
1965.091249
1966.072637
1967.047850
1967.972324
1968.964184
1969.946941
1970.999863
1971.964582
1972.959772
1973.930782
1974.910176
1975.865571
1976.887561
1977.835141
1978.801019
1979.663011
1980.238297
1981.162714
1982.176338
1983.219882
1984.136483
1984.697883
1985.485520
1986.303662
1986.827165
1987.353766
1988.281334
1989.243811
1990.219772
1991.158205
1992.152031
1993.056896
1993.982763
1994.860638
1995.572986
1996.320978
1997.251654
1998.168144
1999.079729
2000.111136
2001.033848
2001.827361
2002.658296
2003.733282
2004.475805
2004.928110
2005.553801
2006.507463
2007.244352
2007.988093
2008.511807
2009.118752
2010.128566
2010.831795
2011.776750
2012.752516
2013.727604
2014.717456
2015.707215
2016.744174
2017.731471
2018.719536
2019.712109
2020.699921
2021.589850
2022.624815
2023.480824
2024.461546
2025.449037
2026.418695
2027.400736
2028.230776
2029.091037
2030.098336
2030.977102
2031.618189
2032.459709
2033.470940
2034.491100
2035.462938
2036.209791
2037.097885
2038.110469
2039.083135
2040.068963
2041.122979
2041.943258
2042.557351
2043.057108
2043.558730
2044.360233
2045.339271
2046.389666
2047.317797
2048.301020
2049.203626
2050.088219
2051.053825
2052.134110
2053.029253
2053.741418
2054.569272
2055.545109
2056.511789
2057.507934
2058.545820
2059.500605
2060.362404
2061.347162
2062.335085
2063.327507
2064.282317
2065.249310
2066.072228
2066.936036
2067.921416
2068.863647
2069.854175
2070.853572
2071.781350
2072.779192
2073.600298
2074.010152
2074.810691
2075.737417
2076.596327
2077.605946
2078.585229
2079.572597
2080.441491
2081.065629
2081.824182
2082.743597
2083.733953
2084.698003
2085.500827
2086.332339
2087.003060
2087.574039
2088.430923
2089.239758
2089.620974
2090.115548
2090.675443
2091.440679
2092.333307
2093.228000
2094.193688
2094.955026
2095.753492
2096.646333
2097.120533
2097.514343
2098.374312
2099.281484
2099.981712
2100.805510
2101.770776
2102.694881
2103.672690
2104.602971
2105.472552
2106.429394
2107.323069
2108.342253
2109.120507
2109.848789
2110.834045
2111.878937
2112.643400
2113.568104
2115.206232
2115.659521
2116.661414
2117.632015
2118.581374
2119.537419
2120.592569
2121.579766
2122.550753
2123.485251
2124.443968
2126.118888
2126.446421
2127.500695
2128.492402
2129.464741
2130.423788
2131.414458
2132.405097
2133.364801
2134.400844
2135.211621
2135.703185
2136.441864
2136.982654
2137.787292
2138.810876
2139.297817
2140.004214
2141.109155
2141.836640
2142.713504
2143.740070
2144.729593
2145.696533
2146.683065
2147.643625
2148.939028
2149.407634
2150.356658
2151.744184
2152.340389
2153.202384
2153.964387
2154.847845
2155.811022
2156.481783
2157.091615
2158.083629
2159.061080
2159.815604
2160.646062
2161.601561
2162.515925
2163.382200
2164.662860
2165.705266
2166.689056
2167.594363
2168.642265
2169.614279
2170.585262
2171.511365
2172.516411
2173.399561
2173.808047
2174.629515
2175.647490
2176.607401
2177.596731
2178.586538
2179.523484
2180.167314
2180.981135
2181.857153
2182.295906
2182.865256
2183.844864
2184.817298
2185.864877
2186.701975
2187.147514
2187.911390
2189.054228
2190.069236
2191.055720
2192.107184
2193.095363
2194.080423
2195.045833
2195.987099
2196.872345
2197.618100
2198.602403
2199.545641
2200.507862
2201.495619
2202.426656
2203.218418
2204.243523
2205.153696
2206.106194
2206.980491
2207.825664
2208.865604
2209.751400
2210.736260
2211.708053
2212.558308
2213.345348
2214.276465
2215.265461
2216.241147
2217.207319
2218.146570
2219.082757
2220.070340
2221.055269
2222.042215
2222.887965
2223.419419
2224.267215
2225.059394
2225.901640
2226.880513
2227.922891
2228.913108
2229.903545
2230.811327
2231.594799
2232.678257
2233.443640
2234.498817
2235.482261
2236.454404
2237.416155
2238.385868
2239.122366
2239.378824
2240.066490
2241.047893
2242.028420
2242.840336
2243.242247
2243.998165
2245.067322
2246.036000
2247.017773
2247.977400
2248.853901
2249.700275
2250.871498
2252.008957
2253.109529
2254.154396
2255.106776
2255.791137
2256.562267
2257.767973
2258.689261
2259.675669
2260.655786
2261.312743
2261.654049
2262.093700
2262.720896
2263.125719
2263.845839
2264.816672
2265.796085
2266.805907
2267.755041
2268.345885
2268.776686
2269.714510
2270.582792
2271.459066
2272.396357
2273.167531
2274.051224
2274.932083
2275.419641
2276.261685
2277.255202
2278.218483
2278.975359
2279.624867
2280.669191
2281.530605
2282.307951
2283.268772
2284.654223
2285.314435
2286.254330
2287.230075
2288.220797
2289.157616
2290.066650
2291.107890
2291.909590
2292.576503
2293.411686
2293.799965
2294.581162
2295.503703
2296.493400
2297.340396
2298.185919
2299.174815
2300.028134
2300.999617
2302.025328
2302.972693
2304.031631
2304.912328
2305.585365
2306.301042
2307.261238
2308.185197
2309.131615
2310.098512
2311.046652
2311.953532
2312.765553
2313.677438
2314.509303
2315.288037
2316.296730
2317.229750
2318.201342
2318.955416
2319.838789
2320.699963
2321.645961
2322.585956
2323.400176
2324.211625
2325.179025
2326.145351
2326.955984
2327.821879
2329.451553
2329.946262
2330.959071
2331.327431
2332.143158
2333.180455
2334.117894
2335.127748
2336.000203
2336.793633
2337.866904
2338.772527
2339.554497
2340.357490
2341.009120
2341.820246
2342.851573
2343.636217
2343.944232
2344.484160
2345.435594
2346.424022
2347.398781
2348.347067
2349.198233
2350.153640
2351.068307
2351.728183
2352.536783
2353.582903
2354.234702
2354.815943
2355.228295
2355.740712
2356.755953
2357.547795
2358.571221
2359.457482
2360.822463
2361.468282
2362.456376
2363.513182
2364.231183
2364.786687
2365.562656
2366.527359
2367.493595
2368.414344
2369.349749
2370.355664
2371.317641
2372.269263
2373.058942
2373.539988
2374.161998
2375.109099
2376.216637
2377.018071
2377.417220
2378.141663
2379.113831
2380.098792
2381.186395
2381.804120
2382.739225
2383.746498
2384.733326
2385.718922
2386.696806
2387.742347
2388.723245
2389.671992
2390.309964
2391.103384
2392.083560
2393.251152
2394.116412
2395.074803
2395.743528
2396.220293
2397.036025
2397.952910
2398.805279
2399.754200
2400.637402
2401.563888
2402.455614
2403.145673
2403.922897
2404.912869
2405.897381
2406.883128
2407.873533
2408.809524
2409.601300
2410.670074
2411.527699
2412.493085
2413.477248
2414.396943
2415.449063
2416.512177
2417.417171
2418.353590
2419.274342
2420.231898
2421.046663
2421.962650
2422.938484
2423.994198
2424.955920
2425.768408
2426.460486
2427.201187
2428.179117
2429.227424
2430.192865
2431.181170
2432.145955
2433.065735
2434.097338
2435.016121
2436.059351
2437.037505
2438.016257
2438.996716
2439.801291
2440.184209
2440.720257
2441.997715
2442.650681
2443.639086
2444.621594
2445.518906
2446.315492
2447.322566
2448.296968
2449.262929
2450.171231
2451.127960
2451.938031
2452.771966
2453.303234
2453.832208
2454.589805
2455.162557
2456.001807
2456.929665
2457.726392
2458.554518
2459.569614
2460.488183
2461.347108
2462.302775
2463.297385
2464.352680
2465.409145
2466.334748
2467.325056
2468.315258
2469.305971
2470.362131
2471.352494
2472.342959
2473.329780
2474.317086
2475.297969
2476.185681
2477.210827
2478.167572
2479.141751
2480.100422
2481.556372
2482.148400
2483.137628
2484.108635
2484.654241
2485.435973
2486.394517
2487.321494
2487.980168
2488.816069
2489.506255
2490.228598
2490.653164
2491.179141
2492.029074
2493.034937
2493.951447
2494.839662
2495.807944
2496.790522
2497.754981
2498.471517
2499.422099
2500.398848
2501.211689
2502.189212
2503.133296
2504.156961
2504.946505
2505.943575
2506.780007
2507.698236
2508.695457
2509.667440
2510.528998
2511.510139
2512.556152
2513.422867
2514.235680
2515.231423
2516.077781
2517.134210
2518.121061
2519.115033
2520.032546
2521.024471
2522.003545
2522.993040
2523.984319
2524.998684
2525.750264
2526.659476
2527.648031
2528.723188
2529.476498
2529.770305
2529.770305
2529.770305
2529.770305
2529.821064
2530.349892
2531.324908
2532.209546
2532.561049
2532.561049
2532.561049
2532.561049
2532.561049
2532.561049
2532.567658
2532.980220
2533.881438
2535.402531
2536.492268
2537.708871
2538.758917
2539.744506
2540.737842
2541.690725
2542.770334
2543.358701
2544.347528
2545.385620
2546.304913
2547.275079
2548.133361
2548.762345
2549.737956
2550.734042
2551.522989
2552.438728
2553.414576
2554.352036
2555.317394
2556.150386
2557.153716
2558.111400
2558.730693
2559.159591
2559.996219
2560.970996
2561.922161
2562.978782
2563.959697
2564.933670
2565.896270
2566.843253
2567.823260
2568.654494
2569.272598
2570.065110
2570.706879
2571.427287
2572.464226
2573.382248
2574.428249
2575.369755
2576.355777
2577.240709
2577.872917
2578.753226
2579.762081
2580.731147
2581.572941
2582.146109
2582.975494
2583.913395
2584.689102
2585.676012
2586.665036
2587.647365
2588.635458
2589.615902
2590.309477
2590.984775
2592.003470
2592.829142
2593.495266
2594.494758
2595.417770
2596.407847
2597.904508
2598.486550
2599.415601
2600.403470
2601.390921
2602.354852
2603.279330
2604.133959
2605.465065
2605.971416
2606.906444
2608.246406
2608.930370
2609.983982
2610.979387
2611.830382
2612.397116
2613.194031
2614.138489
2615.123649
2615.984454
2616.864971
2617.827434
2618.794800
2619.776963
2620.767022
2621.755248
2622.809637
2623.784983
2624.769927
2625.689644
2626.594179
2627.595651
2628.621279
2629.616696
2630.500339
2631.236796
2632.214814
2633.093104
2633.735774
2634.406787
2635.326556
2636.295671
2637.278175
2638.250222
2639.306803
2640.304764
2641.211380
2641.678465
2642.288485
2643.262660
2644.248633
2645.201519
2646.124276
2647.092651
2648.075783
2649.202671
2650.039846
2651.067792
2651.657709
2652.616195
2653.590225
2654.478521
2655.384083
2656.554284
2657.343601
2658.337049
2659.143536
2660.033832
2660.948170
2661.920507
