2.10521
2.60518
3.10521
3.6332
4.1053
4.60531
5.10523
5.61783
6.10532
6.60532
7.10532
7.61775
8.10529
8.60524
9.10523
9.61451
10.1052
10.6052
11.1053
11.6191
12.1052
12.6052
13.1053
13.6191
14.1052
14.6052
15.1052
15.6221
16.1052
16.6054
17.1052
17.6223
18.1052
18.6227
19.1117
19.6052
20.1052
20.6207
21.1053
21.6052
22.1052
22.617
23.1052
23.6052
24.1052
24.6628
25.1053
25.606
26.1053
26.6102
27.1052
27.6458
28.1052
28.6052
29.1116
29.6133
30.1052
30.6052
31.1053
31.6241
32.1052
32.6052
33.1052
33.6192
34.1202
34.6052
35.1052
35.6145
36.1052
36.609
37.1052
37.6221
38.1052
38.6054
39.1053
39.6185
40.1053
40.6052
41.1054
41.6153
42.1052
42.6052
43.1052
43.615
44.1052
44.6052
45.1053
45.6241
46.1052
46.6052
47.1052
47.6194
48.1436
48.6054
49.1426
49.6052
50.1052
50.6052
51.1052
51.6278
52.1214
52.6052
53.1053
53.6149
54.1053
54.6052
55.1052
55.6189
56.1087
56.6096
57.1053
57.6164
58.1163
58.6052
59.1052
59.609
60.1052
60.6235
61.1087
61.6086
62.1053
62.6225
63.1102
63.6052
64.1052
64.6222
65.1098
65.6247
66.1054
66.6059
67.1053
67.6252
68.1054
68.6141
69.1053
69.6399
70.1053
70.6065
71.108
71.6214
72.1062
72.6152
73.107
73.6197
74.1052
74.6087
75.1059
75.6238
76.1123
76.6167
77.1114
77.6356
78.1213
78.6629
79.1061
79.6266
80.122
80.6148
81.1118
81.634
82.1274
82.6202
83.1157
83.6322
84.1573
84.6221
85.1343
85.6396
86.1268
86.62
87.1229
87.6398
88.1213
88.621
89.1222
89.6494
90.1362
90.6223
91.1212
91.6398
92.1213
92.6225
93.1221
93.6474
94.1216
94.6224
95.1241
95.6452
96.1218
96.6429
97.1243
97.647
98.1638
98.624
99.1226
99.6244
100.121
100.665
101.121
101.628
102.206
102.648
103.126
103.625
104.151
104.625
105.124
105.646
106.124
106.625
107.121
107.644
108.154
108.624
109.127
109.637
110.122
110.642
111.148
111.624
112.123
112.648
113.127
113.622
114.124
114.661
115.178
115.656
116.124
116.625
117.127
117.644
118.134
118.645
119.155
119.625
120.123
120.741
121.127
121.705
122.127
122.649
123.121
123.702
124.121
124.662
125.128
125.628
126.124
126.649
127.224
127.627
128.231
128.648
129.215
129.643
130.124
130.625
131.126
131.678
132.125
132.751
133.175
133.653
134.122
134.64
135.124
135.698
136.122
136.691
137.194
137.645
138.123
138.699
139.122
139.668
140.124
140.624
141.124
141.622
142.128
142.638
143.125
143.638
144.125
144.629
145.123
145.63
146.122
146.68
147.124
147.625
148.293
148.625
149.127
149.621
150.177
150.623
151.132
151.634
152.122
152.628
153.123
153.646
154.144
154.626
155.133
155.644
156.121
156.629
157.127
157.68
158.126
158.64
159.127
159.648
160.123
160.623
161.126
161.621
162.167
162.639
163.13
163.631
164.126
164.643
165.126
165.621
166.122
166.642
167.124
167.659
168.161
168.633
169.123
169.636
170.127
170.625
171.126
171.636
172.126
172.636
173.124
173.622
174.167
174.637
175.124
175.624
176.121
176.636
177.125
177.641
178.125
178.647
179.124
179.653
180.122
180.624
181.125
181.625
182.157
182.621
183.122
183.771
184.13
184.629
185.132
185.635
186.127
186.624
187.127
187.636
188.122
188.622
189.123
189.635
190.122
190.635
191.136
191.638
192.122
192.625
193.127
193.636
194.123
194.622
195.122
195.635
196.124
196.627
197.121
197.639
198.126
198.622
199.121
199.645
200.123
200.742
201.121
201.64
202.121
202.627
203.122
203.637
204.122
204.623
205.122
205.637
206.122
206.623
207.124
207.639
208.122
208.628
209.124
209.637
210.127
210.648
211.134
211.636
212.124
212.622
213.136
213.634
214.123
214.666
215.127
215.678
216.124
216.639
217.164
217.635
218.134
218.647
219.123
219.623
220.124
220.634
221.122
221.637
222.13
222.658
223.128
223.643
224.124
224.627
225.136
225.646
226.128
226.81
227.124
227.646
228.405
228.634
229.125
229.622
230.126
230.656
231.126
231.658
232.126
232.623
233.214
233.671
234.123
234.644
235.148
235.625
236.124
236.759
237.197
237.655
238.125
238.626
239.127
239.641
240.126
240.622
241.123
241.639
242.127
242.634
243.156
243.623
244.121
244.647
245.127
245.643
246.144
246.632
247.121
247.624
248.122
248.627
249.13
249.624
250.134
250.624
251.19
251.628
252.207
252.65
253.125
253.621
254.123
254.658
255.122
255.628
256.123
256.734
257.127
257.625
258.142
258.629
259.128
259.625
260.271
260.627
261.125
261.674
262.127
262.621
263.124
263.647
264.126
264.63
265.134
265.652
266.122
266.644
267.129
267.653
268.129
268.622
269.124
269.624
270.126
270.65
271.125
271.666
272.121
272.654
273.126
273.629
274.131
274.64
275.16
275.657
276.126
276.624
277.124
277.642
278.121
278.633
279.124
279.651
280.129
280.622
281.163
281.622
282.122
282.689
283.133
283.637
284.129
284.664
285.123
285.624
286.32
286.636
287.125
287.622
288.124
288.648
289.175
289.624
290.131
290.637
291.332
291.626
292.363
292.635
293.124
293.626
294.136
294.642
295.125
295.637
296.127
296.628
297.25
297.639
298.121
298.626
299.26
299.644
300.287
300.696
301.204
301.663
302.124
302.627
303.19
303.65
304.127
304.693
305.126
305.772
306.196
306.625
307.154
307.649
308.127
308.634
309.122
309.648
310.128
310.631
311.123
311.639
312.123
312.622
313.121
313.637
314.129
314.625
315.122
315.65
316.146
316.628
317.164
317.645
318.13
318.639
319.123
319.623
320.126
320.637
321.143
321.64
322.126
322.635
323.122
323.644
324.127
324.803
325.131
325.626
326.198
326.646
327.128
327.633
328.168
328.641
329.127
329.638
330.514
331.025
331.444
331.683
332.211
332.632
333.132
333.668
334.207
334.605
335.105
335.652
336.189
336.691
337.121
337.641
338.105
338.605
339.105
339.605
340.105
340.605
341.298
341.605
342.105
342.758
343.105
343.62
344.105
344.605
345.186
345.605
346.105
346.617
347.105
347.625
348.144
348.605
349.109
349.844
350.105
350.62
351.14
351.608
352.105
352.629
353.105
353.605
354.126
354.605
355.105
355.618
356.117
356.611
357.105
357.62
358.105
358.605
359.105
359.605
360.105
360.614
361.128
361.619
362.105
362.608
363.105
363.605
364.105
364.609
365.153
365.618
366.105
366.65
367.172
367.609
368.161
368.681
369.105
369.616
370.105
370.675
371.111
371.62
372.118
372.644
373.105
373.62
374.183
374.683
375.105
375.624
376.193
376.624
377.105
377.605
378.129
378.605
379.105
379.618
380.105
380.605
381.105
381.62
382.105
382.605
383.105
383.605
384.105
384.747
385.105
385.605
386.105
386.608
387.105
387.744
388.37
388.625
389.145
389.605
390.105
390.624
391.156
391.619
392.122
392.622
393.105
393.605
394.105
394.611
395.105
395.612
396.105
396.666
397.105
397.605
398.105
398.605
399.105
399.605
400.105
400.605
401.141
401.605
402.105
402.615
403.105
403.619
404.105
404.743
405.105
405.714
406.231
406.659
407.105
407.605
408.308
408.834
409.139
409.679
410.105
410.611
411.105
411.605
412.178
412.605
413.105
413.665
414.105
414.608
415.105
415.605
416.105
416.813
417.105
417.615
418.105
418.605
419.105
419.624
420.132
420.669
421.105
421.605
422.105
422.611
423.105
423.605
424.105
424.62
425.105
425.605
426.105
426.619
427.105
427.605
428.105
428.605
429.105
429.624
430.105
430.612
431.105
431.605
432.105
432.617
433.105
433.605
434.105
434.616
435.105
435.616
436.138
436.605
437.105
437.616
438.105
438.605
439.105
439.611
440.139
440.605
441.105
441.612
442.247
442.617
443.105
443.636
444.105
444.841
445.105
445.605
446.151
446.605
447.105
447.605
448.105
448.647
449.123
449.654
450.189
450.657
451.105
451.609
452.137
452.632
453.218
453.61
454.105
454.605
455.155
455.61
456.186
456.607
457.105
457.611
458.105
458.605
459.32
459.644
460.105
460.605
461.258
461.605
462.504
462.957
463.105
463.609
464.358
464.61
465.324
465.939
466.121
466.605
467.324
467.65
468.105
468.605
469.105
469.638
470.223
470.605
471.345
471.785
472.152
472.624
473.105
473.605
474.107
474.605
475.105
475.605
476.223
476.61
477.134
477.609
478.105
478.605
479.157
479.605
480.165
480.609
481.105
481.611
482.233
482.681
483.209
483.651
484.105
484.609
485.221
485.609
486.105
486.605
487.226
487.72
488.233
488.614
489.105
489.68
490.208
490.671
491.105
491.605
492.186
492.685
493.105
493.605
494.105
494.88
495.219
495.648
496.105
496.608
497.118
497.696
498.162
498.765
499.105
499.605
500.234
500.608
501.105
501.663
502.205
502.712
503.197
503.696
504.152
504.605
505.105
505.605
506.115
506.664
507.105
507.613
508.117
508.906
509.105
509.771
510.111
510.639
511.118
511.613
512.105
512.859
513.105
513.651
514.105
514.676
515.105
515.611
516.23
516.622
517.105
517.626
518.162
518.663
519.105
519.61
520.112
520.662
521.105
521.609
522.153
522.605
523.105
523.613
524.105
524.605
525.105
525.674
526.14
526.616
527.105
527.618
528.105
528.605
529.105
529.612
530.113
530.609
531.105
531.614
532.105
532.615
533.105
533.623
534.111
534.605
535.105
535.605
536.105
536.62
537.105
537.605
538.105
538.613
539.105
539.657
540.235
540.613
541.105
541.64
542.2
542.605
543.105
543.646
544.202
544.605
545.105
545.628
546.118
546.605
547.178
547.706
548.213
548.618
549.134
549.707
550.105
550.605
551.127
551.676
552.234
552.619
553.105
553.821
554.13
554.807
555.105
555.74
556.16
556.892
557.327
557.765
558.105
558.605
559.213
559.675
560.234
560.671
561.121
561.615
562.174
562.605
563.121
563.605
564.108
564.738
565.175
565.716
566.267
566.611
567.117
567.67
568.317
568.616
569.123
569.955
570.252
571.09
571.275
571.691
572.302
572.668
573.197
573.711
574.28
574.733
575.186
575.714
576.256
576.683
577.166
577.705
578.244
578.656
579.192
579.683
580.231
580.715
581.189
581.672
582.184
582.671
583.248
583.669
584.246
584.605
585.125
585.746
586.203
586.623
587.132
587.725
588.193
588.716
589.214
589.618
590.108
590.619
591.184
591.605
592.109
592.618
593.105
593.605
594.116
594.623
595.11
595.605
596.123
596.605
597.105
597.618
598.127
598.62
599.131
599.605
600.115
600.622
601.105
601.634
602.105
602.619
603.107
603.605
604.14
604.616
605.105
605.608
606.112
606.642
607.13
607.605
608.11
608.617
609.11
609.626
610.105
610.667
611.118
611.615
612.105
612.623
613.112
613.619
614.111
614.605
615.118
615.62
616.114
616.605
617.127
617.618
618.236
618.607
619.389
619.646
620.105
620.919
621.183
621.605
622.302
622.619
623.105
623.733
624.113
624.605
625.241
625.618
626.105
626.894
627.111
627.62
628.119
628.617
629.105
629.666
630.203
630.878
631.146
631.607
632.114
632.641
633.105
633.689
634.105
634.607
635.16
635.605
636.128
636.62
637.194
637.607
638.119
638.619
639.106
639.652
640.21
640.678
641.178
641.699
642.214
642.713
643.145
643.605
644.118
644.623
645.105
645.929
646.114
646.936
647.119
647.619
648.173
648.605
649.134
649.619
650.105
650.605
651.113
651.616
652.105
652.605
653.105
653.606
654.111
654.609
655.172
655.62
656.11
656.778
657.111
657.624
658.247
658.615
659.187
659.7
660.189
660.605
661.12
661.616
662.105
662.62
663.105
663.605
664.109
664.606
665.15
665.607
666.117
666.62
667.105
667.605
668.115
668.606
669.113
669.702
670.209
670.645
671.124
671.617
672.172
672.637
673.115
673.616
674.11
674.605
675.105
675.605
676.138
676.619
677.106
677.669
678.115
678.692
679.123
679.618
680.11
680.648
681.196
681.63
682.11
682.605
683.123
683.62
684.11
684.605
685.173
685.614
686.193
686.605
687.105
687.615
688.105
688.605
689.118
689.627
690.11
690.605
691.116
691.614
692.105
692.613
693.126
693.605
694.113
694.612
695.124
695.613
696.17
696.626
697.109
697.608
698.114
698.614
699.105
699.605
700.178
700.62
701.105
701.607
702.11
702.621
703.11
703.605
704.117
704.663
705.125
705.623
706.111
706.699
707.209
707.672
708.185
708.691
709.116
709.617
710.162
710.691
711.377
711.621
712.11
712.714
713.13
713.606
714.107
714.671
715.105
715.605
716.113
716.623
717.105
717.605
718.114
718.617
719.105
719.605
720.167
720.656
721.202
721.617
722.105
722.665
723.41
723.605
724.114
724.623
725.106
725.617
726.204
726.661
727.107
727.62
728.161
728.605
729.116
729.605
730.126
730.641
731.115
731.62
732.109
732.62
733.105
733.618
734.105
734.606
735.116
735.625
736.162
736.625
737.105
737.607
738.105
738.606
739.148
739.624
740.105
740.688
741.109
741.609
742.121
742.69
743.193
743.666
744.207
744.709
745.126
745.614
746.169
746.617
747.105
747.605
748.128
748.621
749.105
749.617
750.125
750.856
751.114
751.716
752.114
752.648
753.123
753.614
754.116
754.624
755.105
755.605
756.117
756.618
757.119
757.621
758.105
758.608
759.129
759.684
760.109
760.618
761.107
761.631
762.105
762.831
763.105
763.606
764.113
764.62
765.105
765.609
766.119
766.638
767.105
767.605
768.105
768.62
769.151
769.605
770.114
770.619
771.105
771.61
772.17
772.608
773.105
773.605
774.476
774.667
775.156
775.605
776.111
776.635
777.105
777.605
778.138
778.679
779.111
779.616
780.113
780.831
781.131
781.622
782.117
782.623
783.173
783.626
784.105
784.605
785.105
785.61
786.11
786.608
787.113
787.623
788.105
788.632
789.105
789.715
790.105
790.605
791.117
791.623
792.106
792.624
793.105
793.615
794.112
794.605
795.123
795.623
796.105
796.605
797.107
797.622
798.194
798.677
799.111
799.616
800.408
800.615
801.126
801.614
802.127
802.622
803.105
803.679
804.105
804.919
805.115
805.624
806.105
806.981
807.125
807.618
808.151
808.609
809.161
809.605
810.11
810.698
811.124
811.621
812.132
812.605
813.117
813.617
814.105
814.616
815.234
815.618
816.109
816.606
817.11
817.624
818.121
818.617
819.107
819.605
820.479
820.621
821.139
821.605
822.125
823.005
823.116
823.605
824.119
824.62
825.105
825.605
826.117
826.704
827.105
827.668
828.146
828.605
829.105
829.622
830.105
830.689
831.122
831.907
832.107
832.605
833.124
833.652
834.121
834.618
835.105
835.605
836.109
836.685
837.173
837.726
838.213
838.687
839.206
839.677
840.195
840.655
841.152
841.696
842.115
842.618
843.175
843.731
844.117
844.616
845.158
845.608
846.113
846.616
847.105
847.618
848.105
848.605
849.114
849.621
850.105
850.616
851.491
851.635
852.105
852.701
853.105
853.605
854.105
854.62
855.105
855.617
856.176
856.624
857.105
857.608
858.114
858.614
859.105
859.605
860.105
860.617
861.175
861.617
862.105
862.622
863.108
863.619
864.19
864.605
865.12
865.721
866.175
866.691
867.171
867.683
868.114
868.623
869.153
869.714
870.111
870.617
871.106
871.72
872.193
872.605
873.122
873.617
874.105
874.616
875.189
875.613
876.105
876.61
877.116
877.615
878.111
878.678
879.113
879.854
880.114
880.675
881.109
881.62
882.105
882.605
883.119
883.794
884.105
884.61
885.151
885.615
886.105
886.605
887.105
887.678
888.128
888.618
889.105
889.615
890.105
890.605
891.114
891.654
892.112
892.613
893.106
893.618
894.105
894.607
895.115
895.618
896.107
896.605
897.123
897.614
898.148
898.621
899.105
899.605
900.109
900.616
901.105
901.608
902.119
902.605
903.106
903.629
904.12
904.618
905.403
905.619
906.105
906.605
907.11
907.626
908.105
908.612
909.146
909.614
910.106
910.605
911.105
911.61
912.115
912.629
913.105
913.72
914.136
914.616
915.105
915.605
916.11
916.618
917.111
917.614
918.132
918.609
919.105
919.605
920.127
920.63
921.105
921.609
922.154
922.605
923.113
923.62
924.105
924.624
925.105
925.856
926.105
926.606
927.105
927.61
928.127
928.611
929.117
929.616
930.105
930.605
931.117
931.623
932.126
932.616
933.116
933.624
934.176
934.618
935.105
935.605
936.12
936.605
937.105
937.618
938.105
938.626
939.105
939.605
940.108
940.615
941.105
941.615
942.105
942.62
943.113
943.62
944.105
944.607
945.158
945.605
946.105
946.606
947.109
947.621
948.105
948.624
949.105
949.605
950.106
950.622
951.105
951.605
952.105
952.619
953.105
953.617
954.111
954.622
955.105
955.611
956.106
956.627
957.122
957.617
958.105
958.607
959.11
959.686
960.105
960.617
961.105
961.605
962.109
962.618
963.112
963.613
964.107
964.605
965.124
965.612
966.105
966.605
967.172
967.685
968.114
968.616
969.12
969.605
970.108
970.613
971.158
971.606
972.111
972.606
973.109
973.617
974.154
974.605
975.105
975.605
976.109
976.616
977.12
977.616
978.189
978.605
979.11
979.627
980.105
980.605
981.445
981.674
982.113
982.64
983.108
983.62
984.12
984.623
985.105
985.63
986.146
986.647
987.105
987.609
988.118
988.644
989.105
989.623
990.105
990.682
991.124
991.951
992.129
992.643
993.12
993.627
994.13
994.629
995.106
995.628
996.105
996.605
997.162
997.734
998.115
998.63
999.105
999.624
1000.11
1000.62
1001.11
1001.68
1002.53
1002.66
1003.13
1003.73
1004.23
1004.63
1005.11
1005.61
1006.12
1006.62
1007.11
1007.65
1008.11
1008.61
1009.11
1009.63
1010.17
1010.62
1011.11
1011.61
1012.14
1012.62
1013.11
1013.62
1014.11
1014.61
1015.11
1015.61
1016.11
1016.63
1017.12
1017.61
1018.17
1018.61
1019.11
1019.61
1020.11
1020.65
1021.11
1021.61
1022.12
1022.62
1023.3
1023.97
1024.11
1024.63
1025.12
1025.68
1026.11
1026.61
1027.12
1027.61
1028.11
1028.62
1029.11
1029.62
1030.11
1030.69
1031.11
1031.62
1032.22
1032.69
1033.12
1033.62
1034.49
1035.01
1035.22
1035.61
1036.11
1036.61
1037.14
1037.65
1038.2
1038.63
1039.14
1039.62
1040.15
1040.61
1041.11
1041.61
1042.11
1042.61
1043.11
1043.61
1044.16
1044.61
1045.11
1045.61
1046.11
1046.63
1047.11
1047.61
1048.11
1048.61
1049.11
1049.63
1050.11
1050.61
1051.11
1051.64
1052.11
1052.61
1053.11
1053.61
1054.11
1054.79
1055.11
1055.61
1056.11
1056.61
1057.11
1057.61
1058.11
1058.61
1059.11
1059.61
1060.13
1060.61
1061.11
1061.61
1062.14
1062.62
1063.11
1063.61
1064.11
1064.62
1065.11
1065.61
1066.11
1066.61
1067.11
1067.66
1068.13
1069.04
1069.13
1069.61
1070.11
1070.61
1071.11
1071.61
1072.11
1072.61
1073.11
1073.61
1074.11
1074.61
1075.11
1075.61
1076.11
1076.61
1077.11
1077.63
1078.12
1078.61
1079.11
1079.62
1080.11
1080.61
1081.11
1081.61
1082.11
1082.61
1083.11
1083.62
1084.11
1084.67
1085.11
1085.63
1086.11
1086.63
1087.11
1087.65
1088.11
1088.63
1089.11
1090
1090.11
1090.61
1091.11
1091.61
1092.11
1092.61
1093.11
1093.61
1094.11
1094.61
1095.12
1095.61
1096.11
1096.61
1097.11
1097.61
1098.11
1098.61
1099.11
1099.61
1100.11
1100.61
1101.11
1101.61
1102.11
1102.61
1103.13
1103.61
1104.11
1104.61
1105.11
1105.61
1106.11
1106.64
1107.11
1107.67
1108.11
1108.61
1109.11
1109.61
1110.11
1110.61
1111.11
1111.61
1112.11
1112.61
1113.11
1113.61
1114.11
1114.61
1115.11
1115.61
1116.11
1116.61
1117.11
1117.61
1118.11
1118.61
1119.11
1119.61
1120.11
1120.61
1121.11
1121.61
1122.11
1122.63
1123.11
1123.61
1124.11
1124.63
1125.11
1125.61
1126.11
1126.61
1127.11
1127.62
1128.11
1128.61
1129.11
1129.61
1130.11
1130.61
1131.11
1131.61
1132.11
1132.61
1133.11
1133.61
1134.11
1134.61
1135.11
1135.61
1136.11
1136.61
1137.13
1137.61
1138.11
1138.61
1139.11
1139.61
1140.11
1140.61
1141.11
1141.61
1142.15
1142.62
1143.11
1143.61
1144.11
1144.61
1145.11
1145.61
1146.11
1146.61
1147.11
1147.61
1148.11
1148.67
1149.11
1149.61
1150.11
1150.61
1151.11
1151.61
1152.11
1152.61
1153.11
1153.61
1154.11
1154.61
1155.11
1155.61
1156.11
1156.61
1157.11
1157.61
1158.11
1158.61
1159.11
1159.61
1160.11
1160.61
1161.12
1161.61
1162.11
1162.61
1163.11
1163.61
1164.11
1164.62
1165.11
1165.61
1166.11
1166.61
1167.11
1167.62
1168.11
1168.61
1169.11
1169.63
1170.11
1170.61
1171.11
1171.62
1172.2
1172.61
1173.11
1173.63
1174.11
1174.62
1175.11
1175.61
1176.11
1176.61
1177.11
1177.61
1178.11
1178.61
1179.11
1179.61
1180.11
1180.66
1181.11
1181.61
1182.11
1182.67
1183.11
1183.61
1184.11
1184.61
1185.11
1185.61
1186.11
1186.61
1187.15
1187.68
1188.11
1188.61
1189.11
1189.61
1190.11
1190.67
1191.11
1191.61
1192.11
1192.61
1193.11
1193.61
1194.11
1194.61
1195.11
1195.61
1196.11
1196.61
1197.11
1197.61
1198.11
1198.61
1199.11
1199.68
1200.11
1200.61
1201.11
1201.65
1202.16
1202.61
1203.11
1203.61
1204.11
1204.61
1205.11
1205.61
1206.11
1206.62
1207.11
1207.61
1208.11
1208.61
1209.11
1209.65
1210.11
1210.61
1211.11
1211.61
1212.11
1212.61
1213.11
1213.66
1214.14
1214.61
1215.11
1215.61
1216.15
1216.61
1217.11
1217.62
1218.14
1218.68
1219.11
1219.61
1220.11
1220.61
1221.11
1221.61
1222.11
1222.62
1223.11
1223.61
1224.11
1224.61
1225.11
1225.65
1226.11
1226.61
1227.11
1227.61
1228.11
1228.61
1229.11
1229.61
1230.11
1230.61
1231.11
1231.61
1232.12
1232.61
1233.11
1233.63
1234.11
1234.61
1235.13
1235.61
1236.11
1236.61
1237.11
1237.64
1238.11
1238.61
1239.11
1239.61
1240.11
1240.61
1241.11
1241.61
1242.11
1242.66
1243.11
1243.61
1244.11
1244.61
1245.17
1245.61
1246.11
1246.96
1247.11
1247.67
1248.13
1248.67
1249.13
1249.61
1250.11
1250.63
1251.11
1251.61
1252.5
1252.61
1253.11
1253.62
1254.11
1254.61
1255.11
1255.63
1256.11
1256.62
1257.11
1257.61
1258.11
1258.62
1259.11
1259.64
1260.11
1260.61
1261.22
1261.61
1262.11
1262.64
1263.11
1263.61
1264.11
1264.62
1265.35
1265.61
1266.11
1266.96
1267.11
1267.65
1268.11
1268.61
1269.11
1269.61
1270.11
1270.61
1271.11
1271.61
1272.11
1272.62
1273.11
1273.61
1274.11
1274.61
1275.11
1275.61
1276.11
1276.61
1277.11
1277.63
1278.11
1278.61
1279.11
1279.61
1280.15
1280.61
1281.11
1281.61
1282.11
1282.61
1283.11
1283.61
1284.11
1284.61
1285.11
1285.61
1286.11
1286.61
1287.11
1287.61
1288.11
1288.61
1289.11
1289.61
1290.11
1290.68
1291.11
1291.61
1292.15
1292.61
1293.11
1293.61
1294.11
1294.61
1295.11
1295.61
1296.11
1296.63
1297.11
1297.62
1298.11
1298.63
1299.11
1299.61
1300.13
1300.61
1301.11
1301.61
1302.11
1302.61
1303.11
1303.61
1304.11
1304.61
1305.11
1305.63
1306.11
1306.61
1307.11
1307.61
1308.11
1308.61
1309.11
1309.61
1310.11
1310.62
1311.11
1311.74
1312.11
1312.61
1313.11
1313.61
1314.11
1314.61
1315.16
1315.61
1316.11
1316.61
1317.11
1317.61
1318.11
1318.61
1319.11
1319.61
1320.11
1320.61
1321.11
1321.61
1322.11
1322.61
1323.11
1323.61
1324.11
1324.61
1325.11
1325.68
1326.11
1326.61
1327.11
1327.61
1328.11
1328.61
1329.11
1329.61
1330.11
1330.61
1331.11
1331.63
1332.11
1332.79
1333.11
1333.61
1334.11
1334.61
1335.11
1335.62
1336.11
1336.64
1337.11
1337.64
1338.11
1338.62
1339.11
1339.61
1340.11
1340.61
1341.11
1341.61
1342.35
1342.61
1343.11
1343.62
1344.11
1344.62
1345.11
1345.61
1346.11
1346.62
1347.11
1347.62
1348.12
1348.65
1349.11
1349.65
1350.11
1350.65
1351.11
1351.61
1352.12
1352.62
1353.16
1353.61
1354.11
1354.61
1355.11
1355.61
1356.11
1356.63
1357.11
1357.62
1358.11
1358.62
1359.23
1359.61
1360.13
1360.61
1361.11
1361.61
1362.12
1362.61
1363.11
1363.61
1364.11
1364.61
1365.11
1365.61
1366.11
1366.61
1367.5
1367.69
1368.11
1368.62
1369.11
1369.61
1370.11
1370.61
1371.11
1371.61
1372.11
1372.61
1373.11
1373.66
1374.11
1374.61
1375.14
1375.61
1376.11
1376.62
1377.11
1377.65
1378.11
1378.62
1379.14
1379.65
1380.12
1380.62
1381.11
1381.64
1382.11
1382.61
1383.11
1383.61
1384.19
1384.61
1385.11
1385.61
1386.45
1386.61
1387.11
1387.67
1388.11
1388.61
1389.11
1389.62
1390.11
1390.61
1391.11
1391.69
1392.11
1392.61
1393.11
1393.61
1394.11
1394.61
1395.11
1395.61
1396.11
1396.61
1397.11
1397.61
1398.18
1398.64
1399.11
1399.61
1400.11
1400.61
1401.11
1401.61
1402.11
1402.67
1403.11
1403.61
1404.11
1404.77
1405.11
1405.61
1406.11
1406.61
1407.16
1407.62
1408.11
1408.63
1409.11
1409.65
1410.11
1410.61
1411.11
1411.62
1412.11
1412.61
1413.11
1413.61
1414.11
1414.61
1415.11
1415.66
1416.11
1416.61
1417.11
1417.61
1418.11
1418.61
1419.11
1419.62
1420.11
1420.61
1421.11
1421.61
1422.11
1422.61
1423.11
1423.62
1424.11
1424.62
1425.11
1425.61
1426.11
1426.61
1427.12
1427.61
1428.11
1428.63
1429.11
1429.61
1430.11
1430.61
1431.11
1431.85
1432.11
1432.61
1433.11
1433.62
1434.11
1434.62
1435.11
1435.63
1436.11
1436.61
1437.11
1437.61
1438.11
1438.61
1439.11
1439.62
1440.11
1440.61
1441.22
1441.61
1442.11
1442.61
1443.11
1443.67
1444.11
1444.61
1445.18
1445.61
1446.11
1446.61
1447.11
1447.61
1448.11
1448.63
1449.11
1449.61
1450.11
1450.61
1451.11
1451.61
1452.11
1452.62
1453.38
1453.61
1454.12
1454.61
1455.11
1455.61
1456.11
1456.61
1457.11
1457.61
1458.17
1458.61
1459.11
1459.61
1460.11
1460.61
1461.11
1461.66
1462.11
1462.61
1463.11
1463.61
1464.19
1464.61
1465.11
1465.61
1466.11
1466.63
1467.11
1467.61
1468.11
1468.66
1469.11
1469.61
1470.11
1470.61
1471.11
1471.61
1472.11
1472.74
1473.11
1473.63
1474.25
1474.62
1475.11
1475.66
1476.11
1476.61
1477.11
1477.65
1478.11
1478.61
1479.11
1479.69
1480.2
1480.69
1481.18
1481.67
1482.2
1482.66
1483.11
1483.62
1484.21
1484.76
1485.44
1485.73
1486.25
1486.7
1487.18
1487.61
1488.11
1488.61
1489.33
1489.69
1490.11
1490.61
1491.11
1491.61
1492.11
1492.91
1493.11
1493.61
1494.16
1494.61
1495.11
1495.61
1496.11
1496.61
1497.11
1497.61
1498.11
1498.61
1499.11
1499.61
1500.11
1500.61
1501.11
1501.61
1502.11
1502.61
1503.11
1503.61
1504.11
1504.61
1505.11
1505.61
1506.11
1506.61
1507.11
1507.61
1508.11
1508.61
1509.11
1509.61
1510.11
1510.66
1511.11
1511.61
1512.11
1512.61
1513.11
1513.61
1514.11
1514.61
1515.11
1515.64
1516.11
1516.61
1517.11
1517.61
1518.11
1518.61
1519.11
1519.61
1520.11
1520.61
1521.11
1521.61
1522.13
1522.61
1523.11
1523.96
1524.13
1524.61
1525.11
1525.61
1526.12
1526.61
1527.11
1527.96
1528.18
1528.61
1529.36
1529.61
1530.11
1530.61
1531.11
1531.61
1532.11
1532.61
1533.11
1533.61
1534.11
1534.61
1535.11
1535.61
1536.11
1536.61
1537.11
1537.61
1538.11
1538.61
1539.11
1539.61
1540.11
1540.61
1541.11
1541.63
1542.11
1542.61
1543.11
1543.61
1544.11
1544.61
1545.11
1545.61
1546.15
1546.61
1547.11
1547.61
1548.11
1548.65
1549.11
1549.61
1550.17
1550.61
1551.11
1551.82
1552.11
1552.97
1553.11
1553.61
1554.11
1554.61
1555.11
1555.71
1556.11
1556.62
1557.11
1557.61
1558.11
1558.61
