0.000000
0.000000
0.000000
0.000000
52.967000
71.024000
83.099000
103.761000
122.095000
156.273000
171.432000
193.057000
200.525000
206.740000
213.635000
225.745000
239.835000
257.645000
269.927000
292.392000
319.433000
341.690000
363.033000
398.968000
423.428000
449.351000
486.483000
532.259000
561.435000
601.108000
625.356000
638.165000
656.404000
693.616000
714.587000
726.084000
733.229000
745.538000
753.711000
764.786000
779.530000
801.939000
827.035000
843.250000
862.762000
890.857000
918.728000
952.171000
980.146000
1011.366000
1037.491000
1050.632000
1059.098000
1069.740000
1073.233000
1079.769000
1089.022000
1101.511000
1127.811000
1152.489000
1190.508000
1210.640000
1227.238000
1257.165000
1302.770000
1325.911000
1329.542000
1356.577000
1377.582000
1384.077000
1390.347000
1404.603000
1432.510000
1443.438000
1474.831000
1492.770000
1521.688000
1532.503000
1538.493000
1546.843000
1563.682000
1583.350000
1594.284000
1597.677000
1602.571000
1616.952000
1634.234000
1666.960000
1691.558000
1706.033000
1713.793000
1724.654000
1747.051000
1783.856000
1800.268000
1806.477000
1830.900000
1864.887000
1891.972000
1918.682000
1944.771000
1964.131000
1970.823000
1974.869000
1978.379000
1986.905000
1992.736000
1993.455000
1995.498000
2006.242000
2007.177000
2009.632000
2033.081000
2052.652000
2065.824000
2071.090000
2072.929000
2077.074000
2089.283000
2106.537000
2121.494000
2136.165000
2151.651000
2169.201000
2181.181000
2195.697000
2207.145000
2215.535000
2220.940000
2236.639000
2250.900000
2272.595000
2302.537000
2334.866000
2355.769000
2387.151000
2421.256000
2450.817000
2469.739000
2495.577000
2519.414000
2544.775000
2559.684000
2583.468000
2607.223000
2631.143000
2650.202000
2679.636000
2709.084000
2737.016000
2758.557000
2775.010000
2778.667000
2794.472000
2811.205000
2826.694000
2833.304000
2836.607000
2839.750000
2858.873000
2877.172000
2895.204000
2904.523000
2934.302000
2959.909000
2989.065000
3007.789000
3034.172000
3060.856000
3088.188000
3108.931000
3135.695000
3163.312000
3193.205000
3213.717000
3238.754000
3266.481000
3294.229000
3312.119000
3333.714000
3359.559000
3386.895000
3405.162000
3431.962000
3459.824000
3482.336000
3491.436000
3506.235000
3526.854000
3544.963000
3560.803000
3573.650000
3580.633000
3584.362000
3609.128000
3635.961000
3663.248000
3672.840000
3694.874000
3721.463000
3735.107000
3753.804000
3786.700000
3823.188000
3846.953000
3867.385000
3876.919000
3888.398000
3917.937000
3945.426000
3971.912000
4002.116000
4033.053000
4066.103000
4099.229000
4123.629000
4150.620000
4183.962000
4213.482000
4244.844000
4261.367000
4266.123000
4278.916000
4299.893000
4308.265000
4315.926000
4328.195000
4344.079000
4359.481000
4382.538000
4400.270000
4423.113000
4452.246000
4481.256000
4501.482000
4532.699000
4556.344000
4585.192000
4602.021000
4634.407000
4662.687000
4692.736000
4717.267000
4746.776000
4772.536000
4799.819000
4808.536000
4817.863000
4826.459000
4839.229000
4846.329000
4850.587000
4860.289000
4874.478000
4886.815000
4892.839000
4898.359000
4912.889000
4930.728000
4948.063000
4964.185000
4984.053000
4994.606000
5009.644000
5020.140000
5033.684000
5046.801000
5061.668000
5075.358000
5089.357000
5100.844000
5122.141000
5144.500000
5180.732000
5203.323000
5224.344000
5243.378000
5269.215000
5291.080000
5309.266000
5315.522000
5329.747000
5340.225000
5346.850000
5355.798000
5374.454000
5385.313000
5390.342000
5399.359000
5403.292000
5405.970000
5411.377000
5415.494000
5422.131000
5423.667000
5423.761000
5423.855000
5423.907000
5424.247000
5425.919000
5434.847000
5443.911000
5444.481000
5445.241000
5448.359000
5459.060000
5467.437000
5470.890000
5472.535000
5483.264000
5497.563000
5513.341000
5526.887000
5541.801000
5551.801000
5571.844000
5584.476000
5602.153000
5617.873000
5634.643000
5649.658000
5666.054000
5681.215000
5699.451000
5718.392000
5740.771000
5753.668000
5779.650000
5795.610000
5815.519000
5831.106000
5838.362000
5844.724000
5853.168000
5862.760000
5868.078000
5873.727000
5877.586000
5884.738000
5902.706000
5916.138000
5916.786000
5916.855000
5922.611000
5923.912000
5924.102000
5924.105000
5924.107000
5924.162000
5924.320000
5929.320000
5941.128000
5942.941000
5943.094000
5943.496000
5944.337000
5944.932000
5956.639000
5962.941000
5970.077000
5973.926000
5974.560000
5976.488000
5979.394000
5982.288000
5987.854000
5998.909000
6005.867000
6009.992000
6012.995000
6013.209000
6016.379000
6021.211000
6021.908000
6022.077000
6022.352000
6026.730000
6028.249000
6034.716000
6034.775000
6034.841000
6035.896000
6036.148000
6036.248000
6036.380000
6036.488000
6036.570000
6036.637000
6036.687000
6041.902000
6049.370000
6056.073000
6068.832000
6072.406000
6083.896000
6105.301000
6110.916000
6123.031000
6127.768000
6137.034000
6144.872000
6154.891000
6161.941000
6167.305000
6168.748000
6171.851000
6178.851000
6186.037000
6191.718000
6195.193000
6195.482000
6197.850000
6202.402000
6202.854000
6203.699000
6203.759000
6204.718000
6208.248000
6208.572000
6208.662000
6208.708000
6208.737000
6208.743000
6208.756000
6208.794000
6208.968000
6209.511000
6214.768000
6221.475000
6225.899000
6227.319000
6228.961000
6231.498000
6235.592000
6250.221000
6270.665000
6274.458000
6276.874000
6277.490000
6284.767000
6296.178000
6311.812000
6339.332000
6368.574000
6390.982000
6406.012000
6433.026000
6452.871000
6467.414000
6476.853000
6488.165000
6495.096000
6497.572000
6501.678000
6506.145000
6510.204000
6516.141000
6531.748000
6550.002000
6566.022000
6588.684000
6611.857000
6623.200000
6635.296000
6651.810000
6653.798000
6654.344000
6654.643000
6654.959000
6655.704000
6666.173000
6669.401000
6669.827000
6669.827000
6670.040000
6670.992000
6691.114000
6699.450000
6701.023000
6711.234000
6722.946000
6739.017000
6745.864000
6755.567000
6766.122000
6772.020000
6777.899000
6800.956000
6809.649000
6813.092000
6815.842000
6818.134000
6818.551000
6820.205000
6822.466000
6824.999000
6826.925000
6828.476000
6839.680000
6861.140000
6873.036000
6901.376000
6916.383000
6941.876000
6957.807000
6975.532000
6997.002000
7020.314000
7038.215000
7060.108000
7087.420000
7105.188000
7125.590000
7143.928000
7174.597000
7200.261000
7236.806000
7257.981000
7306.066000
7330.336000
7343.359000
7364.798000
7387.194000
7399.438000
7419.850000
7432.190000
7440.374000
7457.627000
7470.277000
7491.971000
7504.799000
7521.359000
7538.456000
7557.645000
7572.274000
7580.026000
7593.982000
7614.175000
7627.537000
7638.473000
7649.412000
7664.434000
7668.914000
7684.423000
7690.014000
7697.950000
7709.488000
7715.478000
7728.951000
7746.569000
7757.591000
7767.206000
7774.900000
7775.954000
7779.575000
7787.817000
7823.688000
7841.685000
7852.195000
7855.165000
7876.947000
7900.520000
7908.388000
7915.418000
7922.471000
7927.870000
7948.849000
7986.897000
8001.156000
8022.061000
8028.071000
8046.672000
8065.122000
8077.725000
8125.289000
8162.956000
8190.857000
8225.490000
8262.927000
8286.847000
8312.721000
8328.307000
8336.254000
8345.501000
8356.129000
8371.562000
8395.314000
8431.229000
8448.566000
8459.445000
8469.135000
8496.888000
8526.016000
8582.161000
8617.674000
8645.380000
8653.441000
8654.569000
8654.609000
8654.757000
8654.966000
8654.966000
8654.996000
8655.060000
8665.330000
8713.601000
8754.046000
8807.240000
8841.814000
8873.979000
8901.581000
8915.129000
8934.353000
8943.147000
8955.606000
8964.921000
8968.493000
8976.877000
8984.906000
8992.441000
8993.938000
8999.464000
9003.134000
9004.763000
9019.075000
9028.801000
9031.624000
9032.394000
9034.701000
9036.333000
9040.084000
9045.265000
9046.893000
9047.143000
9047.765000
9048.850000
9050.728000
9051.829000
9051.926000
9051.964000
9052.002000
9052.018000
9052.042000
9052.138000
9052.362000
9052.599000
9052.718000
9052.842000
9052.866000
9052.911000
9053.035000
9053.314000
9053.335000
9053.414000
9053.510000
9053.554000
9053.564000
9053.628000
9060.651000
9066.232000
9066.411000
9066.411000
9066.411000
9066.411000
9066.411000
9066.411000
9066.411000
9066.540000
9067.389000
9073.333000
9078.745000
9079.203000
9079.550000
9079.550000
9079.550000
9079.618000
9079.824000
9080.430000
9091.354000
9101.245000
9115.425000
9122.991000
9130.398000
9134.276000
9135.664000
9136.282000
9148.783000
9163.549000
9175.746000
9198.587000
9229.502000
9253.286000
9261.567000
9271.687000
9286.313000
9302.920000
9313.276000
9325.845000
9327.669000
9328.441000
9328.503000
9328.702000
9329.735000
9332.168000
9333.560000
9335.936000
9338.611000
9341.829000
9346.871000
9351.390000
9354.027000
9358.520000
9363.914000
9377.704000
9393.943000
9404.812000
9410.737000
9416.307000
9423.636000
9429.499000
9432.797000
9451.848000
9469.980000
9478.054000
9485.992000
9490.200000
9494.511000
9498.176000
9499.145000
9499.989000
9500.672000
9501.094000
9502.089000
9503.574000
9504.274000
9504.800000
9505.804000
9505.966000
9506.112000
9506.665000
9506.963000
9506.989000
9507.024000
9507.088000
9507.237000
9508.567000
9509.788000
9510.200000
9510.677000
9514.190000
9517.150000
9520.558000
9523.476000
9528.598000
9535.998000
9543.892000
9558.884000
9571.833000
9580.179000
9587.266000
9593.279000
9599.020000
9604.128000
9609.622000
9615.352000
9621.220000
9627.805000
9633.088000
9637.706000
9639.733000
9640.857000
9640.918000
9641.031000
9641.535000
9641.577000
9641.598000
9641.616000
9641.628000
9641.685000
9641.752000
9641.789000
9641.815000
9643.513000
9644.263000
9644.575000
9644.757000
9645.011000
9646.465000
9648.677000
9649.118000
9651.779000
9651.807000
9651.829000
9651.866000
9651.891000
9651.910000
9651.926000
9651.996000
9652.117000
9652.148000
9652.241000
9652.292000
9652.334000
9652.396000
9652.428000
9652.459000
9652.528000
9652.749000
9652.844000
9653.013000
9653.070000
9653.092000
9653.105000
9656.270000
9659.989000
9668.353000
9668.670000
9669.142000
9669.494000
9670.591000
9672.888000
9678.216000
9681.713000
9682.419000
9682.529000
9682.535000
9682.542000
9682.563000
9682.572000
9682.589000
9682.613000
9682.643000
9682.662000
9682.676000
9682.697000
9682.700000
9682.742000
9683.862000
9684.335000
9685.599000
9686.488000
9688.984000
9693.269000
9693.597000
9694.779000
9694.921000
9697.048000
9698.885000
9699.348000
9700.444000
9701.360000
9701.364000
9701.373000
9701.399000
9701.432000
9706.062000
9706.614000
9706.645000
9706.662000
9706.687000
9706.696000
9706.713000
9706.766000
9706.820000
9706.836000
9706.855000
9706.885000
9706.925000
9706.966000
9707.022000
9707.067000
9707.084000
9707.115000
9707.149000
9707.179000
9707.227000
9707.262000
9707.334000
9707.474000
9707.591000
9707.658000
9707.698000
9707.714000
9707.738000
9707.742000
9707.822000
9708.162000
9708.810000
9708.816000
9708.844000
9708.877000
9708.896000
9708.918000
9708.938000
9708.956000
9708.966000
9708.981000
9708.981000
9708.981000
9708.981000
9708.986000
9709.025000
9709.102000
9709.178000
9709.220000
9710.460000
9712.718000
9716.929000
9718.945000
9722.412000
9724.996000
9727.178000
9730.767000
9736.896000
9739.905000
9745.855000
9756.462000
9760.958000
9762.625000
9769.443000
9776.457000
9780.186000
9782.253000
9783.550000
9783.790000
9785.066000
9786.144000
9789.732000
9793.447000
9801.669000
9803.397000
9810.280000
9811.829000
9814.355000
9816.084000
9817.322000
9817.464000
9818.687000
9820.547000
9823.512000
9825.717000
9826.749000
9827.110000
9827.821000
9829.044000
9830.277000
9831.935000
9833.052000
9833.687000
9834.422000
9837.243000
9848.975000
9851.021000
9852.311000
9852.672000
9854.216000
9854.341000
9856.692000
9860.314000
9865.440000
9870.721000
9876.958000
9880.029000
9880.895000
9880.895000
9880.895000
9881.510000
9882.068000
9882.828000
9883.137000
9883.209000
9883.793000
9884.443000
9884.767000
9884.903000
9885.082000
9885.208000
9885.409000
9885.501000
9885.543000
9885.552000
9885.586000
9885.790000
9885.900000
9885.989000
9886.088000
9886.189000
9886.296000
9886.350000
9886.404000
9886.501000
9886.671000
9886.858000
9886.975000
9886.975000
9887.036000
9887.086000
9887.184000
9887.265000
9887.287000
9887.305000
9887.320000
9887.378000
9887.384000
9887.384000
9887.390000
9887.390000
9887.391000
9887.408000
9887.455000
9892.611000
9906.621000
9916.077000
9929.396000
9939.620000
9952.786000
9954.783000
9958.180000
9962.288000
9969.940000
9982.398000
9989.215000
9994.854000
10002.565000
10008.949000
10010.336000
10011.215000
10011.326000
10011.501000
10011.609000
10011.718000
10011.830000
10011.918000
10011.960000
10012.225000
10014.245000
10014.813000
10015.106000
10015.313000
10015.477000
10015.576000
10015.698000
10015.788000
10015.855000
10015.887000
10015.901000
10016.321000
10017.417000
10017.540000
10017.692000
10017.863000
10020.195000
10022.236000
10023.862000
10024.715000
10026.211000
10030.526000
10032.991000
10034.677000
10041.239000
10044.872000
10048.233000
10050.699000
10052.255000
10052.426000
10052.585000
10052.677000
10053.084000
10053.156000
10053.199000
10053.253000
10053.715000
10053.864000
10058.557000
10061.088000
10061.936000
10062.019000
10062.064000
10062.111000
10062.130000
10062.161000
10062.220000
10062.272000
10062.329000
10062.369000
10062.455000
10062.650000
10062.759000
10068.336000
10074.014000
10076.113000
10076.445000
10077.691000
10079.188000
10079.365000
10080.763000
10085.437000
10091.739000
10108.897000
10118.674000
10125.952000
10132.403000
10132.403000
10134.530000
10143.843000
10163.921000
10186.835000
10203.749000
10220.705000
10226.177000
10227.791000
10228.419000
10228.573000
10228.573000
10228.686000
10231.456000
10232.508000
10232.635000
10232.635000
10232.635000
10232.711000
10232.965000
10233.293000
10233.412000
10233.527000
10234.020000
10238.734000
10240.012000
10240.133000
10240.133000
10240.133000
10240.195000
10240.408000
10240.753000
10240.883000
10241.014000
10241.231000
10241.524000
10242.102000
10243.050000
10243.050000
10243.050000
10243.050000
10243.050000
10243.050000
10243.050000
10243.050000
10243.050000
10243.050000
10243.050000
10243.050000
10243.050000
10243.050000
10243.050000
10243.050000
10243.050000
10243.050000
10243.050000
10243.050000
10243.050000
10243.050000
10243.050000
10243.050000
10243.050000
10243.050000
10243.050000
10243.050000
10243.084000
10243.120000
10243.218000
10243.258000
10243.311000
10243.336000
10243.346000
10243.418000
10243.461000
10243.541000
10243.607000
10243.642000
10243.670000
10243.686000
10243.713000
10243.732000
10243.736000
10243.739000
10243.739000
10243.742000
10243.742000
10243.854000
10244.001000
10244.528000
10245.530000
10246.148000
10246.236000
10246.260000
10246.325000
10246.369000
10246.375000
10246.386000
10246.386000
10246.386000
10246.387000
10246.398000
10246.418000
10246.430000
10246.442000
10246.450000
10246.507000
10246.540000
10246.793000
10247.169000
10247.171000
10247.180000
10247.190000
10247.255000
10247.610000
10247.647000
10247.700000
10247.705000
10248.601000
10249.608000
10250.363000
10250.794000
10251.842000
10252.255000
10256.035000
10260.057000
10260.671000
10260.773000
10260.816000
10261.017000
10262.173000
10267.334000
10277.847000
10286.426000
10301.955000
10321.914000
10326.675000
10343.998000
10380.232000
10392.816000
10415.044000
10438.828000
10456.975000
10468.041000
10480.217000
10486.462000
10494.801000
10508.771000
10516.684000
10517.162000
10517.690000
10518.504000
10520.418000
10524.752000
10526.010000
10526.115000
10527.788000
10535.276000
10536.988000
10536.988000
10537.237000
10537.494000
10537.714000
10540.619000
10542.048000
10543.487000
10543.913000
10544.123000
10544.196000
10544.210000
10544.519000
10544.804000
10545.112000
10545.475000
10545.766000
10545.867000
10545.988000
10546.069000
10546.097000
10546.097000
10546.097000
10546.097000
10546.097000
10546.097000
10546.228000
10546.717000
10547.233000
10548.273000
10549.461000
10549.772000
10549.975000
10550.048000
10550.329000
10551.074000
10551.177000
10551.236000
10551.375000
10551.433000
10551.563000
10551.600000
10551.626000
10551.663000
10551.730000
10551.769000
10551.832000
10551.871000
10551.906000
10551.924000
10556.140000
10560.645000
10562.203000
10562.243000
10562.351000
10562.397000
10562.609000
10562.689000
10562.758000
10562.813000
10562.901000
10562.995000
10563.031000
10563.035000
10563.088000
10563.174000
10563.443000
10563.884000
10564.711000
10565.616000
10567.141000
10567.884000
10568.132000
10568.171000
10568.264000
10568.288000
10568.296000
10568.313000
10568.318000
10568.326000
10568.326000
10568.337000
10568.342000
10568.342000
10568.342000
10568.342000
10568.344000
10568.409000
10568.477000
10568.564000
10568.644000
10568.809000
10568.847000
10568.883000
10569.139000
10569.280000
10569.651000
10570.341000
10571.121000
10572.259000
10576.348000
10578.856000
10585.828000
10590.731000
10591.014000
10597.192000
10603.204000
10607.217000
10611.046000
10614.665000
10615.356000
10615.722000
10615.769000
10615.803000
10615.878000
10615.903000
10615.932000
10615.975000
10615.992000
10616.003000
10616.027000
10616.058000
10616.081000
10616.098000
10616.277000
10616.283000
10616.330000
10616.345000
10616.392000
10616.413000
10616.494000
10616.528000
10616.618000
10616.826000
10618.953000
10628.795000
10629.645000
10633.757000
10641.595000
10642.303000
10644.075000
10644.770000
10645.471000
10647.532000
10647.784000
10647.896000
10647.953000
10648.180000
10648.351000
10648.433000
10648.553000
10648.615000
10648.742000
10648.851000
10648.851000
10648.851000
10648.851000
10648.901000
10649.056000
10649.110000
10649.164000
10649.217000
10649.264000
10649.313000
10649.362000
10649.406000
10649.497000
10649.557000
10649.839000
10649.862000
10649.890000
10649.922000
10650.099000
10650.226000
10650.282000
10651.217000
10651.351000
10651.383000
10651.854000
10651.883000
10651.903000
10652.504000
10653.283000
10656.942000
10660.298000
10660.879000
10660.881000
10660.881000
10660.890000
10660.892000
10660.899000
10660.913000
10660.927000
10660.930000
10660.941000
10660.944000
10660.945000
10660.969000
10661.036000
10661.120000
10661.182000
10662.103000
10668.635000
10672.375000
10679.140000
10683.384000
10689.276000
10692.978000
10694.930000
10695.359000
10695.419000
10695.475000
10695.506000
10695.527000
10695.562000
10695.599000
10695.625000
10695.638000
10695.642000
10695.709000
10695.806000
10695.821000
10695.843000
10695.861000
10695.872000
10695.883000
10695.883000
10695.883000
10695.883000
10695.898000
10695.905000
10695.945000
10695.990000
10696.025000
10696.069000
10696.090000
10696.114000
10696.124000
10696.148000
10696.151000
10696.197000
10697.066000
10697.084000
10697.278000
10698.014000
10698.036000
10698.093000
10698.148000
10698.189000
10698.206000
10698.222000
10698.504000
10698.945000
10698.954000
10699.010000
10699.090000
10699.180000
10699.206000
10699.275000
10699.391000
10699.597000
10699.711000
10699.994000
10700.114000
10700.310000
10700.376000
10700.487000
10700.566000
10700.665000
10700.760000
10700.815000
10700.972000
10701.030000
10701.082000
10701.155000
10701.189000
10701.197000
10701.200000
10701.202000
10701.205000
10701.205000
10701.210000
10701.210000
10701.221000
10701.256000
10701.273000
10701.320000
10701.337000
10701.349000
10701.382000
10701.398000
10701.530000
10702.435000
10702.435000
10702.453000
10702.509000
10702.617000
10702.622000
10702.660000
10702.671000
10702.683000
10702.683000
10702.683000
10702.683000
10702.683000
10702.683000
10702.685000
10702.734000
10702.770000
10702.770000
10702.773000
10702.841000
10702.853000
10702.853000
10702.854000
10702.854000
10702.862000
10702.875000
10702.882000
10702.882000
10702.882000
10702.884000
10702.888000
10702.926000
10702.938000
10702.954000
10702.975000
10703.005000
10703.038000
10703.068000
10703.106000
10703.152000
10703.298000
10703.311000
10703.323000
10703.331000
10703.337000
10703.351000
10703.376000
10703.402000
10703.427000
10703.480000
10703.520000
10703.541000
10703.553000
10703.564000
10703.582000
10703.600000
10703.663000
10703.666000
10703.668000
10703.671000
10703.727000
10703.738000
10703.780000
10703.788000
10703.816000
10703.871000
10703.891000
10703.899000
10703.903000
10703.910000
10703.939000
10703.953000
10704.000000
10704.035000
10704.060000
10704.093000
10704.158000
10704.197000
10704.208000
10704.230000
10704.278000
10704.767000
10704.820000
10704.842000
10705.103000
10705.159000
10705.166000
10705.172000
10705.177000
10705.177000
10705.189000
10705.226000
10705.227000
10705.227000
10705.242000
10705.249000
10705.260000
10705.260000
10705.262000
10705.266000
10705.287000
10705.314000
10705.325000
10705.336000
10705.340000
10705.346000
10705.357000
10705.361000
10705.381000
10705.381000
10705.381000
10705.381000
10705.381000
10705.381000
10705.384000
10705.390000
10705.392000
10705.400000
10705.406000
10705.406000
10705.415000
10705.422000
10705.424000
10705.424000
10705.424000
10705.424000
10705.424000
10705.424000
10705.424000
10705.424000
10705.424000
10705.439000
10705.447000
10705.489000
10705.494000
10705.502000
10705.528000
10705.542000
10705.558000
10705.580000
10705.617000
10705.705000
10705.772000
10709.971000
10715.441000
10720.501000
10726.574000
10732.155000
10742.500000
10749.381000
10753.462000
10759.697000
10767.573000
10770.164000
10774.107000
10775.091000
10777.587000
10777.821000
10777.876000
10777.980000
10778.013000
10778.077000
10778.109000
10778.117000
10778.132000
10778.135000
10778.154000
10778.164000
10778.185000
10778.217000
10778.291000
10778.342000
10778.401000
10778.437000
10778.471000
10778.499000
10778.532000
10778.555000
10778.624000
10778.790000
10778.900000
10778.923000
10778.945000
10778.973000
10779.023000
10779.051000
10779.086000
10779.118000
10779.141000
10779.146000
10779.193000
10779.212000
10779.227000
10779.237000
10779.242000
10779.258000
10779.308000
10779.320000
10779.344000
10779.360000
10779.554000
10779.740000
10779.759000
10779.784000
10780.796000
10784.679000
10788.622000
10791.361000
10794.368000
10798.846000
10804.147000
10808.255000
10813.531000
10817.478000
10818.720000
10819.233000
10819.489000
10819.779000
10819.920000
10819.977000
10820.296000
10820.390000
10820.411000
10820.417000
10820.440000
10820.471000
10820.518000
10820.550000
10820.612000
10820.657000
10820.681000
10820.694000
10820.709000
10820.719000
10820.753000
10820.814000
10820.821000
10820.826000
10820.859000
10820.865000
10820.879000
10820.910000
10820.919000
10820.926000
10820.985000
10821.087000
10821.109000
10821.160000
10821.323000
10821.376000
10821.503000
10821.525000
10821.525000
10821.528000
10821.529000
10821.529000
10821.533000
10821.533000
10821.546000
10821.551000
10821.569000
10821.575000
10821.577000
10821.582000
10821.697000
10821.729000
10821.753000
10821.764000
10821.774000
10821.778000
10821.778000
10821.778000
10821.782000
10821.789000
10821.795000
10821.809000
10821.875000
10821.894000
10822.068000
10822.544000
10822.912000
10823.053000
10823.059000
10823.078000
10823.105000
10823.106000
10823.119000
10823.125000
10823.144000
10823.157000
10823.161000
10823.180000
10823.180000
10823.180000
10823.180000
10823.192000
10823.247000
10823.256000
10823.280000
10823.280000
10823.283000
10823.284000
10823.286000
10823.348000
10823.361000
10823.426000
10823.530000
10823.655000
10823.753000
10823.769000
10823.772000
10823.775000
10823.785000
10823.790000
10823.794000
10823.804000
10823.851000
10823.889000
10823.954000
10824.064000
10824.098000
10824.098000
10824.105000
10824.105000
10824.112000
10824.116000
10824.117000
10824.137000
10824.170000
10824.314000
10824.719000
10824.740000
10824.743000
10824.745000
10824.759000
10824.766000
10824.766000
10824.766000
10824.769000
10824.777000
10824.798000
10824.886000
10824.950000
10824.962000
10825.019000
10825.076000
10825.121000
10825.150000
10825.194000
10825.225000
10825.265000
10825.312000
10825.452000
10825.522000
10825.713000
10825.856000
10825.902000
10826.053000
10826.117000
10826.130000
10826.174000
10826.208000
10826.261000
10826.276000
10826.291000
10826.295000
10826.320000
10826.324000
10826.345000
10826.349000
10826.374000
10826.396000
10826.421000
10826.450000
10826.492000
10826.519000
10826.530000
10826.631000
10826.748000
10826.792000
10826.795000
10826.804000
10826.834000
10826.844000
10826.895000
10826.903000
10826.922000
10826.943000
10826.951000
10826.959000
10826.962000
10826.965000
10826.965000
10826.967000
10826.973000
10826.985000
10827.003000
10827.023000
10827.030000
10827.037000
10827.046000
10827.088000
10827.168000
10827.188000
10827.222000
10827.259000
10827.337000
10827.405000
10827.510000
10827.578000
10827.664000
10827.753000
10827.858000
10827.901000
10827.938000
10827.969000
10827.985000
10828.021000
10835.087000
10843.302000
10847.719000
10852.099000
10862.437000
10874.057000
10884.408000
10887.713000
10891.171000
10896.947000
10901.097000
10908.919000
10916.494000
10920.025000
10922.368000
10927.292000
10931.200000
10948.918000
10955.883000
10957.984000
10960.808000
10963.134000
10967.068000
10971.246000
10976.296000
10980.737000
10985.667000
10989.135000
10993.418000
10995.441000
10997.334000
10997.833000
10997.869000
10998.006000
10998.117000
10998.580000
10999.154000
11000.948000
11001.164000
11001.164000
11001.164000
11001.167000
11001.231000
11001.258000
11001.314000
11001.321000
11001.510000
11001.768000
11001.972000
11002.165000
11002.425000
11002.439000
11002.441000
11002.447000
11002.489000
11002.539000
11002.565000
11002.590000
11002.607000
11002.686000
11002.749000
11002.875000
11002.920000
11002.950000
11002.984000
11002.985000
11003.014000
11003.078000
11003.120000
11003.142000
11003.184000
11003.202000
11003.202000
11003.233000
11006.837000
11007.909000
11008.078000
11008.174000
11008.504000
11009.237000
11009.445000
11009.844000
11009.915000
11009.944000
11009.958000
11009.959000
11010.014000
11010.038000
11010.064000
11010.104000
11010.132000
11010.158000
11010.398000
11010.469000
11010.574000
11010.904000
11012.693000
11013.679000
11014.265000
11014.415000
11014.415000
11014.649000
11014.883000
11014.996000
11015.136000
11015.136000
11015.136000
11015.136000
11015.136000
11015.136000
11015.250000
11015.313000
11015.389000
11015.463000
11015.543000
11015.620000
11015.715000
11015.730000
11015.738000
11015.758000
11015.769000
11015.791000
11015.800000
11015.871000
11015.875000
11015.896000
11015.919000
11016.011000
11016.014000
11016.015000
11016.022000
11016.040000
11016.046000
11016.074000
11016.119000
11016.145000
11016.165000
11016.191000
11016.202000
11016.221000
11016.250000
11016.291000
11016.315000
11016.355000
11016.385000
11016.418000
11017.079000
11017.336000
11017.347000
11017.351000
11017.518000
11017.522000
11017.537000
11017.547000
11017.634000
11017.646000
11017.680000
11017.688000
11017.690000
11017.693000
11017.710000
11017.734000
11017.767000
11017.775000
11018.516000
11019.696000
11022.915000
11022.915000
11032.555000
11037.192000
11038.723000
11039.061000
11039.543000
11039.543000
11039.546000
11039.558000
11039.571000
11039.588000
11039.618000
11039.632000
11039.643000
11039.670000
11039.691000
11039.699000
11039.700000
11039.702000
11039.708000
11039.711000
11039.714000
11039.714000
11039.805000
11039.842000
11039.873000
11039.892000
11039.926000
11039.965000
11040.004000
11040.034000
11041.323000
11046.673000
11054.453000
11057.766000
11063.273000
11068.155000
11070.569000
11071.059000
11072.454000
11075.393000
11081.818000
11087.842000
11095.091000
11101.872000
11105.012000
11105.446000
11105.886000
11106.092000
11106.192000
11106.283000
11106.342000
11106.351000
11106.360000
11106.369000
11106.372000
11106.381000
11106.381000
11106.384000
11106.393000
11106.400000
11106.407000
11106.410000
11106.421000
11106.422000
11106.424000
11106.428000
11106.430000
11106.438000
11106.455000
11106.457000
11106.464000
11106.646000
11106.653000
11106.657000
11106.657000
11106.659000
11106.666000
11106.677000
11106.692000
11106.712000
11106.758000
11106.771000
11106.771000
11106.775000
11106.823000
11106.881000
11106.914000
11106.931000
11106.944000
11106.945000
11106.945000
11106.950000
11106.968000
11106.971000
11106.977000
11106.996000
11107.011000
11107.020000
11107.026000
11107.040000
11107.043000
11107.043000
11107.045000
11107.047000
11107.047000
11107.049000
11107.062000
11107.075000
11107.094000
11107.141000
11107.440000
11107.590000
11107.675000
11107.698000
11107.699000
11107.699000
11107.699000
11107.700000
11107.702000
11107.706000
11107.707000
11107.711000
11107.715000
11107.722000
11107.732000
11107.739000
11107.759000
11107.763000
11107.763000
11107.764000
11107.769000
11107.775000
11107.782000
11107.794000
11107.808000
11107.852000
11107.881000
11107.895000
11107.979000
11108.003000
11108.034000
11108.061000
11108.080000
11108.094000
11108.101000
11108.108000
11108.129000
11108.141000
11108.174000
11108.195000
11108.209000
11108.218000
11108.234000
11108.234000
11108.235000
11108.235000
11108.247000
11108.285000
11108.356000
11108.411000
11108.421000
11108.436000
11108.518000
11108.545000
11108.577000
11108.662000
11108.689000
11108.723000
11108.750000
11108.767000
11108.819000
11108.844000
11108.846000
11108.846000
11108.851000
11108.879000
11109.135000
11109.183000
11109.269000
11109.273000
11109.297000
11109.332000
11109.340000
11109.350000
11109.365000
11109.379000
11109.380000
11109.403000
11109.440000
11109.446000
11109.486000
11109.515000
11109.522000
11109.537000
11109.578000
11109.578000
11109.611000
11109.686000
11109.807000
11109.841000
11109.887000
11110.015000
11110.084000
11110.115000
11110.124000
11110.187000
11110.226000
11110.242000
11110.275000
11110.306000
11110.370000
11110.568000
11110.612000
11110.653000
11110.661000
11110.676000
11110.685000
11110.696000
11110.698000
11110.717000
11110.743000
11110.753000
11110.769000
11110.773000
11110.805000
11110.812000
11110.817000
11110.825000
11110.835000
11110.852000
11110.906000
11110.918000
11110.932000
11110.946000
11110.963000
11111.010000
11111.034000
11111.045000
11111.077000
11111.093000
11111.116000
11111.141000
11111.171000
11111.176000
11111.177000
11111.185000
11111.202000
11111.277000
11111.285000
11111.297000
11111.323000
11111.365000
11111.389000
11111.396000
11111.400000
11111.404000
11111.411000
11111.420000
11111.422000
11111.423000
11111.427000
11111.430000
11112.781000
11112.794000
11112.799000
11112.800000
11112.800000
11112.803000
11112.804000
11112.811000
11114.773000
11117.533000
11117.554000
11117.554000
11117.566000
11117.575000
11117.577000
11117.577000
11117.590000
11117.649000
11117.990000
11118.202000
11118.248000
11118.257000
11118.260000
11118.260000
11118.262000
11118.268000
11118.318000
11118.461000
11118.461000
11118.462000
11118.462000
11118.462000
11118.462000
11118.462000
11118.464000
11118.470000
11118.788000
11118.792000
11118.814000
11118.814000
11118.814000
11118.815000
11118.822000
11118.824000
11118.826000
11118.837000
11118.853000
11118.884000
11118.918000
11118.949000
11118.972000
11119.017000
11119.150000
11119.226000
11119.248000
11119.252000
11119.267000
11119.287000
11119.318000
11119.345000
11119.360000
11119.772000
11119.788000
11119.805000
11119.806000
11119.810000
11119.884000
11119.942000
11120.002000
11120.093000
11120.203000
11120.253000
11120.315000
11120.337000
11120.397000
11120.414000
11120.425000
11120.467000
11120.502000
11120.513000
11120.535000
11120.542000
11120.558000
11120.564000
11120.578000
11120.580000
11120.583000
11120.588000
11120.604000
11120.608000
11120.611000
11120.622000
11120.632000
11120.632000
11120.632000
11120.632000
11120.638000
11120.638000
11120.639000
11120.728000
11120.836000
11120.935000
11121.023000
11121.035000
11121.036000
11121.039000
11121.039000
11121.050000
11121.055000
11121.057000
11121.076000
11121.105000
11121.126000
11121.130000
11121.133000
11121.140000
11121.146000
11121.152000
11121.169000
11121.174000
11121.190000
11121.236000
11121.259000
11121.295000
11121.319000
11121.325000
11121.336000
11121.351000
11121.359000
11121.363000
11121.371000
11121.376000
11121.380000
11121.383000
11121.396000
11121.401000
11121.412000
11121.418000
11121.431000
11121.471000
11121.504000
11121.507000
11121.517000
11121.520000
11121.526000
11121.527000
11121.530000
11121.532000
11121.541000
11121.567000
11121.594000
11121.638000
11121.644000
11121.644000
11121.646000
11121.646000
11121.648000
11121.648000
11121.648000
11121.651000
11121.668000
11121.686000
11121.688000
11121.694000
11121.697000
11121.721000
11121.729000
11121.735000
11121.748000
11121.762000
11121.874000
11121.884000
11121.904000
11121.921000
11121.934000
11121.937000
11121.942000
11121.942000
11121.967000
11122.037000
11122.117000
11122.197000
11122.255000
11122.301000
11122.301000
11122.321000
11122.361000
11122.379000
11122.402000
11122.420000
11122.430000
11122.437000
11122.449000
11122.466000
11122.503000
11122.519000
11122.527000
11122.527000
11122.527000
11122.527000
11122.527000
11122.527000
11122.529000
11122.531000
11122.531000
11122.531000
11122.536000
11122.563000
11122.628000
11122.629000
11122.634000
11122.634000
11122.655000
11122.662000
11122.663000
11122.663000
11122.671000
11122.671000
11122.672000
11122.673000
11122.690000
11122.709000
11122.711000
11122.714000
11122.718000
11122.718000
11122.721000
11122.726000
11122.726000
11122.728000
11122.741000
11122.746000
11122.753000
11122.760000
11122.766000
11122.770000
11122.781000
11122.783000
11122.785000
11122.786000
11122.787000
11122.790000
11122.793000
11122.794000
11122.794000
11122.795000
11122.796000
11122.814000
11122.814000
11122.814000
11122.814000
11122.814000
11122.814000
11122.814000
11122.814000
11122.816000
11122.816000
11122.816000
11122.816000
11122.816000
11122.818000
11122.818000
11122.827000
11122.877000
11122.890000
11122.918000
11122.939000
11122.974000
11123.007000
11123.029000
11123.035000
11123.040000
11123.051000
11123.055000
11123.064000
11123.064000
11123.067000
11123.067000
11123.071000
11123.071000
11123.075000
11123.083000
11123.086000
11123.087000
11123.103000
11123.134000
11123.135000
11123.137000
11123.141000
11123.154000
11123.157000
11123.210000
11123.262000
11123.347000
11123.415000
11123.437000
11123.480000
11123.488000
11123.489000
11123.491000
11123.495000
11123.496000
11123.502000
11123.502000
11123.502000
11123.513000
11123.565000
11123.622000
11123.622000
11123.622000
11123.622000
11123.622000
11123.623000
11123.623000
11123.623000
11123.623000
11123.626000
11123.626000
11123.626000
11123.626000
11123.626000
11123.626000
11123.626000
11123.627000
11123.631000
11123.645000
11123.647000
11123.650000
11123.650000
11123.650000
11123.672000
11123.693000
11123.699000
11123.699000
11123.699000
11123.709000
11123.713000
11123.713000
11123.758000
11123.818000
11123.836000
11123.848000
11123.854000
11123.943000
11123.957000
11123.965000
11123.965000
11123.978000
11124.014000
11124.022000
11124.027000
11124.031000
11124.034000
11124.038000
11124.039000
11124.046000
11124.064000
11124.105000
11124.138000
11124.148000
11124.160000
11124.165000
11124.170000
11124.172000
11124.192000
11124.198000
11124.202000
11124.206000
11124.210000
11124.212000
11124.216000
11124.226000
11124.226000
11124.226000
11124.226000
11124.226000
11124.228000
11124.228000
11124.262000
11124.346000
11124.406000
11124.407000
11124.407000
11124.410000
11124.427000
11124.464000
11124.470000
11124.497000
11124.556000
11124.606000
11124.613000
11124.613000
11124.613000
11124.613000
11124.613000
11124.613000
11124.613000
11124.614000
11124.614000
11124.614000
11124.615000
11124.619000
11124.641000
11124.649000
11124.656000
11124.657000
11124.721000
11124.731000
11124.756000
11124.822000
11124.829000
11124.838000
11124.845000
11124.855000
11124.864000
11124.867000
11124.881000
11124.887000
11124.890000
11124.894000
11124.902000
11124.917000
11124.926000
11124.986000
11124.999000
11125.004000
11125.017000
11125.029000
11125.033000
11125.042000
11125.046000
11125.054000
11125.057000
11125.058000
11125.060000
11125.060000
11125.060000
11125.063000
11125.063000
11125.063000
11125.063000
11125.063000
11125.064000
11125.071000
11125.074000
11125.124000
11125.124000
11125.246000
11126.615000
11126.653000
11126.672000
11126.676000
11126.683000
11126.689000
11126.695000
11126.706000
11126.730000
11126.755000
11126.837000
11126.863000
11126.879000
11126.880000
11126.906000
11126.923000
11127.010000
11127.067000
11127.082000
11127.095000
11127.097000
11127.097000
11127.118000
11127.134000
11127.134000
11127.134000
11127.135000
11127.135000
11127.136000
11127.136000
11127.137000
11127.138000
11127.138000
11127.138000
11127.138000
11127.140000
11127.140000
11127.140000
11127.157000
11127.245000
11127.533000
11127.672000
11127.754000
11127.791000
11127.808000
11127.859000
11127.957000
11127.994000
11128.102000
11128.461000
11128.773000
11128.801000
11128.923000
11129.050000
11129.231000
11129.267000
11129.288000
11129.295000
11129.295000
11129.298000
11129.299000
11129.299000
11129.299000
11129.299000
11129.299000
11129.300000
11129.447000
11129.508000
11129.554000
11129.602000
11129.629000
11129.664000
11129.675000
11129.675000
11129.675000
11129.675000
11129.675000
11129.675000
11129.675000
11129.675000
11129.675000
11129.675000
11129.676000
11129.676000
11129.676000
11129.676000
11129.676000
11129.676000
11129.713000
11129.754000
11129.778000
11129.810000
11129.828000
11129.869000
11129.923000
11129.931000
11129.935000
11129.937000
11129.946000
11129.946000
11129.951000
11129.951000
11129.951000
11129.951000
11129.954000
11129.954000
11129.956000
11129.958000
11129.967000
11130.019000
11130.036000
11130.043000
11130.057000
11130.057000
11130.057000
11130.057000
11130.062000
11130.128000
11131.295000
11131.577000
11132.236000
11132.236000
11132.236000
11132.236000
11132.236000
11132.236000
11132.236000
11132.309000
11132.425000
11132.440000
11132.452000
11132.466000
11132.472000
11132.475000
11132.518000
11132.519000
11132.531000
11132.536000
11132.775000
11132.804000
11132.822000
11132.823000
11132.823000
11132.823000
11132.872000
11132.906000
11132.926000
11132.944000
11132.944000
11132.949000
11132.949000
11132.959000
11132.966000
11132.977000
11132.980000
11132.983000
11132.985000
11132.990000
11132.995000
11132.996000
11133.001000
11133.006000
11133.039000
11133.059000
11133.082000
11133.086000
11133.086000
11133.089000
11133.096000
11133.098000
11133.098000
11133.105000
11133.123000
11133.133000
11133.139000
11133.139000
11133.139000
11133.139000
11133.139000
11133.139000
11133.139000
11133.158000
11134.026000
11134.079000
11134.114000
11134.254000
11134.297000
11134.297000
11134.297000
11134.297000
11134.297000
11134.297000
11134.303000
11134.319000
11134.321000
11134.321000
11134.324000
11134.324000
11134.324000
11134.326000
11134.335000
11134.360000
11134.507000
11134.634000
11134.643000
11134.671000
11134.673000
11134.676000
11134.676000
11134.685000
11134.697000
11134.724000
11134.735000
11134.741000
11134.748000
11134.765000
11134.773000
11134.791000
11135.180000
11137.324000
11142.955000
11146.685000
11148.493000
11149.272000
11149.328000
11149.328000
11149.378000
11149.410000
11149.411000
11149.415000
11149.451000
11149.451000
11149.453000
11149.475000
11149.479000
11149.486000
11149.492000
11149.493000
11149.516000
11149.576000
11149.633000
11149.651000
11149.738000
11149.743000
11149.843000
11149.893000
11149.924000
11149.925000
11149.925000
11149.925000
11149.930000
11149.931000
11149.932000
11149.979000
11149.988000
11149.999000
11150.011000
11150.019000
11150.057000
11150.104000
11150.250000
11150.313000
11150.328000
11150.362000
11150.400000
11150.421000
11150.425000
11150.470000
11150.511000
