0.005379
0.002740
0.001143
0.001008
0.001144
0.000619
0.001134
0.000777
0.001086
0.000754
0.001438
0.001349
0.001011
0.001780
0.001224
0.001390
0.001110
0.002713
0.002929
0.002188
0.005434
0.002058
0.002058
0.002787
0.002264
0.001372
0.001716
0.001918
0.000941
0.001565
0.002430
0.002040
0.001456
0.001768
0.002667
0.001889
0.001872
0.001046
0.001468
0.000904
0.002106
0.002098
0.002046
0.001804
0.002463
0.001676
0.002019
0.002083
0.002339
0.002610
0.001751
0.003658
0.003655
0.002183
0.001889
0.001631
0.002023
0.001531
0.001325
0.001095
0.001347
0.001153
0.001254
0.000964
0.001605
0.001496
0.001034
0.001698
0.001418
0.001588
0.000948
0.002020
0.001770
0.001665
0.001942
0.002776
0.001575
0.002070
0.002863
0.001812
0.002409
0.003161
0.001936
0.002826
0.001649
0.001669
0.002285
0.004368
0.001155
0.001583
0.001897
0.001970
0.001665
0.001977
0.002272
0.002136
0.002106
0.002242
0.002066
0.001467
0.002094
0.002266
0.001469
0.002194
0.001498
0.002537
0.001905
0.001667
0.001866
0.001744
0.001754
0.002048
0.001844
0.002046
0.002505
0.002713
0.002389
0.001760
0.003109
0.002006
0.002131
0.002205
0.002016
0.002279
0.001704
0.002396
0.002158
0.002379
0.002650
0.002242
0.004047
0.002623
0.001935
0.001545
0.002552
0.002409
0.002363
0.002303
0.002676
0.001701
0.005198
0.002566
0.001737
0.002387
0.001932
0.001909
0.002196
0.002413
0.002822
0.001760
0.001702
0.001861
0.002904
0.003727
0.002339
0.002120
0.002834
0.002250
0.001827
0.002033
0.001660
0.001971
0.001383
0.001374
0.002206
0.002316
0.002007
0.001527
0.001219
0.001216
0.001219
0.001011
0.001036
0.001032
0.002114
0.002201
0.001322
0.000979
0.002545
0.002155
0.001327
0.001228
0.001498
0.001436
0.001772
0.001785
0.001945
0.002793
0.001831
0.001914
0.003226
0.001892
0.002440
0.006101
0.002820
0.001549
0.002014
0.001748
0.001484
0.001852
0.001980
0.001227
0.000913
0.000890
0.001097
0.001201
0.001834
0.000781
0.001361
0.000782
0.000901
0.000865
0.000798
0.001873
0.001130
0.000696
0.002377
0.000803
0.001011
0.000625
0.000657
0.001231
0.001003
0.001862
0.000702
0.000747
0.002119
0.001392
0.001628
0.001292
0.001584
0.000585
