163.312500
163.312500
163.312500
163.312500
163.312500
164.601562
164.949219
164.949219
164.949219
164.949219
164.949219
164.949219
164.949219
164.949219
164.949219
164.949219
164.949219
164.949219
164.949219
164.949219
164.949219
164.949219
164.949219
164.949219
164.949219
164.949219
164.949219
164.949219
164.949219
164.949219
164.949219
164.949219
164.949219
164.949219
164.949219
164.949219
164.949219
164.949219
164.949219
164.949219
164.949219
164.949219
164.949219
164.949219
164.949219
164.949219
164.949219
164.949219
164.949219
164.949219
164.949219
164.949219
164.949219
164.949219
164.949219
164.949219
164.949219
164.949219
164.949219
164.949219
164.949219
164.949219
164.949219
164.949219
164.949219
164.949219
164.949219
164.949219
164.949219
164.949219
164.949219
164.949219
164.949219
164.949219
164.949219
164.949219
164.949219
164.949219
164.949219
164.949219
164.949219
164.949219
164.949219
164.949219
164.949219
164.949219
164.949219
164.949219
164.949219
164.949219
164.949219
164.949219
164.949219
164.949219
164.949219
164.949219
164.949219
164.949219
164.949219
164.949219
164.949219
164.949219
164.949219
164.949219
164.949219
