4.89324
4.93778
6.14045
6.40268
6.54436
7.46795
7.74223
8.72628
8.78416
9.58464
9.87292
10.6642
10.7825
11.7213
11.9774
12.1305
12.7784
12.9177
12.949
12.9797
13.0155
13.0526
13.0846
13.1139
13.1436
13.1753
13.2033
13.2308
13.2613
13.2931
13.3258
13.3543
13.3825
13.4155
13.455
14.8306
16.2129
17.5819
18.7858
19.3285
19.4567
20.781
20.93
21.8432
22.1464
23.2745
23.5847
24.9652
25.582
26.803
27.0524
28.3327
28.5335
29.4645
29.4975
29.5245
29.57
30.1363
30.2614
30.2937
30.3846
30.4154
30.4455
30.4732
30.5174
31.4664
32.431
32.9363
32.966
32.9948
33.3229
33.3591
34.4292
34.4549
34.4847
34.5178
34.5443
34.5769
34.6077
34.6395
34.6663
34.6977
34.7244
34.759
34.7869
34.8156
34.8484
34.8803
34.9198
34.9511
34.9831
35.0112
35.0413
35.0722
35.1026
35.1312
35.1706
35.205
35.2632
35.328
35.353
35.3835
35.4216
35.4522
35.479
35.5164
35.5439
35.5747
35.6009
35.6322
35.6616
35.6917
35.7214
35.754
35.7838
35.8168
35.8448
35.8726
35.9069
35.9345
35.9686
35.9938
36.0243
36.0563
36.0816
36.1164
36.1435
36.1729
36.2054
36.2411
36.2766
36.3056
36.3314
36.3687
36.3929
36.4258
36.4557
36.4828
36.5172
36.5404
36.5833
36.6195
36.6496
36.6782
36.7102
36.7345
36.774
36.8114
36.8472
36.8775
36.9075
36.9419
36.9734
37.004
37.0427
37.0796
37.1084
37.1373
37.1736
37.2115
37.2361
37.27
37.3109
37.3408
37.3823
37.4194
37.4562
37.4856
37.5779
37.6122
37.6415
37.6686
37.7069
37.7271
37.7714
37.8097
37.8461
37.8756
37.9164
37.9559
37.992
38.9757
39.0093
39.043
39.0673
39.096
39.129
39.1719
39.2072
39.2337
39.2667
39.2953
42.5428
45.8042
47.177
48.5454
49.061
50.2547
50.388
51.717
51.9835
53.3578
53.4591
53.4872
53.7222
53.7511
53.7833
53.8087
53.8431
53.8665
53.8974
53.927
53.9659
53.9984
54.0202
54.0495
54.0851
54.1167
54.1485
54.1779
54.208
54.2468
54.2684
54.2994
54.3278
54.3701
54.4003
54.4287
54.4592
54.5091
54.5396
54.5631
