0.004743
0.001880
0.002359
0.002428
0.002301
0.002488
0.002637
0.002081
0.002032
0.002063
0.002283
0.002089
0.002268
0.002438
0.002446
0.002179
0.002020
0.002236
0.002075
0.002059
0.002381
0.002053
0.002346
0.002080
0.001917
0.002208
0.001824
0.002065
0.001910
0.002079
0.001748
0.001795
0.001891
0.001837
0.002095
0.002152
0.002658
0.002191
0.002116
0.001921
0.002002
0.002137
0.002425
0.002531
0.002402
0.002713
0.002651
0.002820
0.002469
0.001880
0.001463
0.001567
0.001693
0.002363
0.002347
0.002435
0.002394
0.002656
0.002705
0.002865
0.002968
0.002802
0.002767
0.002601
0.002947
0.002712
0.002807
0.003120
0.002960
0.002929
0.003167
0.004784
0.004747
0.003458
0.003652
0.003601
0.003769
0.004774
0.003624
0.003371
0.003837
0.003839
0.003455
0.004620
0.003602
0.003488
0.005596
0.005883
0.004207
0.004729
0.004036
0.002671
0.002746
0.002928
0.003902
0.002911
0.002970
0.002634
0.003070
0.002376
0.003064
0.002924
0.002765
0.002705
0.002544
0.004631
0.002345
0.002507
0.002506
0.002695
0.002708
0.002675
0.002315
0.002632
0.002470
0.002950
0.002212
0.002367
0.003244
0.002174
0.002431
0.002079
0.002546
0.002242
0.002213
0.002175
0.002019
0.002451
0.001933
0.001969
0.002866
0.002906
0.001905
0.002097
0.001993
0.002630
0.002130
0.002193
0.002083
0.002026
0.004916
0.002632
0.001850
0.002047
0.002177
0.002163
0.002121
0.002075
0.002384
0.002264
0.001895
0.002153
0.002668
0.003653
0.002644
0.002362
0.002949
0.002574
0.002490
0.002530
0.002355
0.002319
0.002198
0.002409
0.003589
0.004574
0.002881
0.002788
0.002362
0.002253
0.002355
0.003883
0.002531
0.002493
0.004194
0.004273
0.002276
0.002232
0.004820
0.003784
0.002246
0.001929
0.002401
0.002464
0.002771
0.003331
0.002330
0.002141
0.001810
0.001903
0.002250
0.001040
0.001091
0.007073
0.002539
0.002385
0.002165
0.002160
0.002175
0.002155
0.002188
0.002576
0.002450
0.002429
0.003161
0.002327
0.002951
0.002201
0.002254
0.002283
0.002436
0.002271
0.002585
0.005669
0.002132
0.001905
0.003641
0.001922
0.002015
0.002053
0.001820
0.002115
0.001842
0.002155
0.001602
0.001526
0.002184
0.001761
0.001667
0.001516
0.001741
0.001690
