0.008500
0.008533
0.007428
0.006969
0.007870
0.005516
0.009721
0.007800
0.009331
0.005359
0.009448
0.005909
0.006580
0.006848
0.005294
0.009896
0.007459
0.005695
0.007418
0.008903
0.011125
0.006497
0.008288
0.007124
0.007449
0.007384
0.007820
0.004842
0.006566
0.007591
0.007333
0.008522
0.007275
0.009862
0.014169
0.011246
0.012366
0.007954
0.009805
0.006807
0.010595
0.008638
0.006719
0.006439
0.007873
0.006928
0.007194
0.006837
0.006619
0.006316
0.005339
0.006372
0.008772
0.005657
0.008740
0.005949
0.007661
0.008619
0.008056
0.007900
0.007211
0.006116
0.009705
0.007823
0.007035
0.006231
0.008060
0.008510
0.008539
0.007110
0.005572
0.009276
0.007839
0.006729
0.006152
0.008405
0.005972
0.007031
0.008198
0.005195
0.007012
0.007699
0.006055
0.008561
0.004588
0.005528
0.007579
0.006987
0.003807
0.004695
0.006967
0.006437
0.006607
0.007202
0.006333
0.006067
0.009564
0.009160
0.007314
0.005464
0.006952
0.007512
0.005037
0.006458
0.004073
0.008415
0.008699
0.007236
0.005680
0.006940
0.006268
0.006134
0.005990
0.008425
0.008031
0.010320
0.007396
0.007643
0.009699
0.009341
0.007581
0.008627
0.008787
0.010903
0.006746
0.008449
0.008453
0.007218
0.010015
0.007907
0.008313
0.008595
0.006258
0.008451
0.006984
0.009271
0.009818
0.006818
0.008181
0.005312
0.011734
0.009085
0.006664
0.010136
0.010653
0.006872
0.010565
0.012672
0.011343
0.006060
0.006579
0.010479
0.010398
0.009079
0.010535
0.012175
0.009672
0.009419
0.007965
0.013107
0.008267
0.011890
0.005729
0.005589
0.015232
0.010086
0.008706
0.008594
0.009768
0.010617
0.009684
0.005512
0.007003
0.005320
0.016919
0.011536
0.010430
0.005908
0.012621
0.013296
0.009592
0.006859
0.009628
0.005272
0.007005
0.004949
0.009134
0.009202
0.011459
0.005584
0.009130
0.003642
0.004768
0.008407
0.008636
0.007065
0.005648
0.006248
0.005269
0.007202
0.007419
0.007591
0.006395
0.004522
0.008249
0.008285
0.009160
0.004678
0.006594
0.004138
0.004607
0.004592
0.005039
0.011611
0.007239
0.007663
0.009724
0.004619
0.006141
0.005892
0.006118
0.009203
0.006128
0.005982
0.006054
0.007480
0.006708
0.006240
0.006633
0.007237
0.007028
0.001448
