0.000000
0.000000
0.166667
0.666667
1.246667
1.846667
2.417236
3.234269
4.199267
4.988197
5.950693
7.009916
7.992363
8.982365
9.972861
10.960902
11.953942
12.943547
13.975992
14.964812
15.955646
16.872585
17.869964
18.810905
19.517697
19.920441
20.702464
21.680378
22.671181
23.660211
24.653121
25.707304
26.697246
27.687726
28.677692
29.661303
30.621335
31.611906
32.665799
33.652273
34.643870
35.622226
36.614846
37.605551
38.598132
39.460007
40.436009
41.424547
42.419229
43.409845
44.398284
45.455775
46.451863
47.441511
48.416633
49.404432
50.392064
51.442264
52.302087
53.075160
53.978723
54.985358
55.855388
56.781603
57.823991
58.812786
59.813599
60.588278
60.918704
61.593841
62.519877
63.492344
64.398691
65.295074
66.277127
67.208632
67.971207
68.989613
69.975031
70.953037
71.943340
72.930209
73.910959
74.890589
75.949075
76.932343
77.907638
78.894645
79.886554
80.849943
81.895642
82.895346
83.882907
84.873273
85.864864
86.859044
87.849477
88.904766
89.895641
90.894557
91.884326
92.876489
93.863509
94.860669
95.917783
