1.59836
1.59843
2.11492
2.59844
3.10029
3.59962
4.11089
4.59846
5.10017
5.61962
6.11008
6.59936
7.10029
7.61192
8.10852
8.59876
9.10077
9.61165
10.0993
10.599
11.1003
11.6182
12.1074
12.6033
13.0988
13.6109
14.0994
14.5985
15.099
15.6118
16.1073
16.5985
17.0995
17.6122
18.1044
18.5986
19.0988
19.6099
20.1063
20.5984
21.1008
21.6065
22.1215
22.5997
23.0993
23.6104
24.1392
24.603
25.0988
25.6062
26.105
26.6003
27.0991
27.6138
28.1082
28.5985
29.0992
29.6132
30.1117
30.5985
31.1001
31.6178
32.1123
32.5989
33.1006
33.609
34.1114
34.6079
35.1032
35.6047
36.1032
36.6051
37.1089
37.6195
38.1078
38.5985
39.099
39.6024
40.1028
40.5985
41.1007
41.6026
42.11
42.5985
43.0999
43.6041
44.1121
44.5985
45.1006
45.6014
46.1103
46.5985
47.1003
47.6116
48.1042
48.5984
49.1001
49.6194
50.1096
50.5998
51.1064
51.6196
52.1122
52.6048
53.0999
53.6073
54.0997
