0.000000
0.000000
35.157000
35.157000
36.654000
39.996000
42.897000
47.187000
52.476000
58.513000
71.131000
77.409000
85.009000
93.360000
101.282000
108.147000
117.084000
125.829000
134.094000
140.485000
148.398000
155.273000
161.917000
166.512000
173.396000
174.785000
175.290000
175.551000
175.914000
176.074000
176.134000
176.331000
176.607000
176.799000
177.134000
177.324000
179.348000
183.073000
187.219000
191.051000
196.692000
204.211000
213.827000
218.546000
223.659000
228.369000
232.074000
235.985000
243.722000
251.189000
256.383000
260.563000
266.583000
273.070000
280.725000
288.228000
299.365000
314.687000
327.451000
331.854000
333.160000
339.751000
344.391000
347.494000
352.066000
356.512000
359.967000
362.917000
364.802000
365.347000
365.692000
366.035000
366.398000
367.179000
367.214000
367.260000
367.624000
368.070000
368.286000
368.524000
368.771000
368.916000
370.311000
371.230000
371.640000
371.856000
372.101000
372.358000
372.601000
372.699000
372.800000
372.880000
372.993000
373.141000
373.213000
376.396000
387.470000
394.286000
401.792000
406.927000
413.049000
419.092000
424.932000
429.224000
435.948000
442.541000
447.312000
