0.007606
0.007800
0.007450
0.006662
0.007756
0.007529
0.007682
0.008022
0.006177
0.006881
0.008932
0.007685
0.007861
0.008577
0.007516
0.007983
0.005626
0.006653
0.006338
0.008772
0.006489
0.008499
0.006330
0.007802
0.009591
0.006770
0.006283
0.005816
0.007306
0.007795
0.008170
0.006520
0.009091
0.007241
0.007560
0.009478
0.009890
0.007732
0.007512
0.007631
0.008230
0.009046
0.006340
0.009409
0.008996
0.006331
0.008837
0.007815
0.005681
0.007728
0.008815
0.005696
0.007511
0.007001
0.007765
0.007868
0.005792
0.006620
0.006612
0.008614
0.007193
0.007901
0.008944
0.008950
0.005672
0.007175
0.008453
0.006356
0.006671
0.005741
0.007775
0.009227
0.008765
0.008794
0.008883
0.006708
0.007013
0.008636
0.008661
0.006276
0.005141
0.008900
0.005650
0.008307
0.007566
0.005303
0.007102
0.006882
0.008698
0.007416
0.007981
0.006385
0.007619
0.008303
0.007523
0.009376
0.008910
0.005708
0.009196
0.008662
0.009072
0.007519
0.009633
0.007310
0.009450
0.007715
0.008559
0.007543
0.008708
0.007684
0.007030
0.009149
0.006731
0.009408
0.006725
0.006702
0.008764
0.005700
0.009040
0.006938
0.008889
0.007476
0.008312
0.007856
0.007301
0.006771
0.008944
0.007650
0.007623
0.010075
0.010197
0.008847
0.007056
0.007182
0.007280
0.008080
0.007009
0.009387
0.007991
0.007607
0.008314
0.008548
0.007910
0.007637
0.008019
0.007823
0.005878
0.008314
0.007226
0.007498
0.005409
0.006931
0.007864
0.008768
0.005761
0.006607
0.008794
0.006939
0.007361
0.007832
0.006694
0.008381
0.008589
0.011166
0.008933
0.010371
0.007679
0.008540
0.007233
0.006849
0.008855
0.006375
0.008863
0.007902
0.008803
0.005883
0.007971
0.007182
0.008361
0.009241
0.008442
0.007706
0.006566
0.007775
0.008126
0.007099
0.006738
0.008124
0.007722
0.009663
0.007477
0.009388
0.007322
0.006868
0.006085
0.005605
0.006335
0.008023
0.007904
0.009652
0.009975
0.007487
0.005636
0.006305
0.005716
0.006483
0.007858
0.005636
0.005375
0.006976
0.008437
0.007467
0.008701
0.007500
0.006800
0.006526
0.007077
0.006629
0.008012
0.006812
0.005515
0.008929
0.009347
0.006573
0.009758
0.009056
0.007471
0.006844
0.009131
0.006392
0.008553
0.009334
0.005658
0.007312
0.006744
0.009321
0.007572
0.006466
0.008471
0.005784
0.009844
0.008922
0.007481
0.006112
0.006280
0.007425
0.005909
0.008647
0.005548
0.007878
0.010208
0.008067
0.007200
0.007311
0.009377
0.007875
0.009506
0.008627
0.009789
0.006523
0.007626
0.008467
0.010182
0.008136
0.006473
0.007533
0.006836
0.007853
0.006987
0.007440
0.010647
0.008342
0.008162
0.009869
0.009336
0.008317
0.008218
0.007336
0.006912
0.008516
0.007819
0.007293
0.007898
0.008512
0.006732
0.005758
0.007421
0.007321
0.008657
0.006343
0.006476
0.009022
0.009049
0.009418
0.009170
0.010441
0.009108
0.007715
0.009223
0.007684
0.011114
0.008846
0.006423
0.010000
0.005736
0.009638
0.008096
0.006092
0.008533
0.007670
0.010640
0.006379
0.006751
0.008090
0.006881
0.007311
0.008076
0.006667
0.007864
0.007493
0.010312
0.009021
0.006755
0.008081
0.008150
0.006973
0.008530
0.008756
0.008365
0.007917
0.008433
0.007285
0.008998
0.008083
0.007608
0.005865
0.005813
0.006302
0.008388
0.007562
0.006151
0.006747
0.007572
0.008782
0.008837
0.006021
0.009992
0.008663
0.008061
0.008384
0.005028
0.007024
0.007038
0.008630
0.007666
0.008167
0.008223
0.008853
0.008454
0.008517
0.007567
0.007023
0.008605
0.007823
0.008561
0.006449
0.008047
0.008307
0.007451
0.007791
0.006738
0.005995
0.007730
0.007511
0.008035
0.008671
0.009427
0.008814
0.007524
0.009147
0.008052
0.008786
0.008455
0.007205
0.008176
0.010032
0.010150
0.010238
0.008699
0.008542
0.007391
0.009507
0.005363
0.006277
0.007719
0.009064
0.006813
0.008383
0.007858
0.009984
0.007421
0.007522
0.008344
0.006477
0.007400
0.006700
0.008510
0.006428
0.006119
0.007763
0.007203
0.009562
0.009712
0.008820
0.007895
0.008639
0.009193
0.006895
0.008981
0.008397
0.007628
0.007881
0.006792
0.005865
0.008973
0.005292
0.009463
0.009195
0.008898
0.008138
0.008837
0.005868
0.008659
0.005633
0.006589
0.006580
0.008512
0.007405
0.008661
0.010074
0.009727
0.009063
0.007757
0.009738
0.008118
0.007453
0.006895
0.006081
0.006840
0.009874
0.008710
0.009973
0.010278
0.008899
0.007512
0.006312
0.008451
0.009258
0.007438
0.008949
0.008795
0.008659
0.008877
0.008392
0.008123
0.006365
0.010175
0.010149
0.008718
0.009027
0.007575
0.005875
0.005953
0.007707
0.008700
0.008219
0.009743
0.007312
0.009099
0.007963
0.007678
0.006628
0.006025
0.007305
0.007934
0.006244
0.007247
0.009619
0.007900
0.008888
0.008905
0.008514
0.008510
0.006108
0.006683
0.009311
0.009957
0.009530
0.005952
0.010783
0.007072
0.008571
0.009455
0.005976
0.005927
0.006896
0.009732
0.008039
0.005870
0.008960
0.009867
0.007946
0.010524
0.010746
0.007761
0.005399
0.007591
0.006581
0.005635
0.008711
0.008532
0.006279
0.006368
0.007649
0.010029
0.008839
0.008295
0.009029
0.009576
0.008738
0.009583
0.009553
0.008964
0.008186
0.011693
0.010275
0.011962
0.012225
0.012244
0.012127
0.011070
0.008572
0.010209
0.008238
0.006656
0.005004
0.009385
0.008575
0.009579
0.006978
0.007165
0.007678
0.007804
0.007618
0.009331
0.007087
0.009805
0.006775
0.007416
0.009077
0.008564
0.007350
0.009093
0.007482
0.008650
0.007426
0.007693
0.006214
0.007098
0.007363
0.007228
0.010317
0.008595
0.008082
0.007625
0.008455
0.008717
0.009617
0.008419
0.006314
0.006626
0.008320
0.006563
0.005548
0.007028
0.008539
0.009773
0.006786
0.008815
0.008288
0.007659
0.006991
0.008528
0.007088
0.009224
0.006043
0.005731
0.009361
0.007936
0.008653
0.007850
0.007721
0.008955
0.007327
0.009650
0.007922
0.005662
0.008747
0.008672
0.010224
0.008668
0.009169
0.007396
0.007243
0.006684
0.006676
0.007538
0.009076
0.009007
0.008274
0.008537
0.004913
0.007166
0.007726
0.006602
0.005736
0.008445
0.009814
0.010053
0.007483
0.008304
0.010193
0.010593
0.009124
0.010071
0.007774
0.008658
0.007756
0.008029
0.008338
0.006438
0.006922
0.006477
0.008619
0.008581
0.007652
0.008636
0.011649
0.009421
0.006651
0.007290
0.010812
0.008396
0.008060
0.008635
0.009637
0.007475
0.009600
0.009650
0.008585
0.008346
0.009694
0.007989
0.007211
0.008915
0.006705
0.009804
0.008999
0.007008
0.008816
0.007935
0.009025
0.008255
0.009764
0.008795
0.007127
0.010401
0.009878
0.009760
0.009913
0.008737
0.010768
0.007999
0.008074
0.010875
0.009757
0.007992
0.006808
0.008307
0.008923
0.008778
0.008189
0.006577
0.009842
0.008511
0.008977
0.007148
0.008332
0.008983
0.007464
0.006524
0.007407
0.008005
0.008719
0.008623
0.005204
0.009584
0.009341
0.010062
0.006884
0.009930
0.007805
0.007742
0.004983
0.007858
0.008258
0.008265
0.010050
0.007535
0.008379
0.007173
0.007304
0.006356
0.005934
0.007615
0.002637
0.009978
0.007936
0.006043
0.006161
0.007108
0.007072
0.007566
0.011814
0.010132
0.009245
0.010199
0.006742
0.008276
0.007769
0.010290
0.007049
0.007570
0.008985
0.003225
0.006962
0.005627
0.003273
0.004208
0.007889
0.006175
0.008399
0.009101
0.008862
0.007402
0.005701
0.008773
0.006015
0.007453
0.007652
0.009756
0.008976
0.007300
0.008407
0.008790
0.008606
0.010069
0.009580
0.009970
0.008521
0.009476
0.010856
0.009471
0.008794
0.007704
0.007618
0.009598
0.006791
0.008586
0.006745
0.009809
0.008296
0.007739
0.006122
0.006648
0.007772
0.010196
0.007157
0.006193
0.006456
0.006821
0.006660
0.007369
0.009072
0.007992
0.007457
0.007705
0.008457
0.006428
0.005903
0.006993
0.007164
0.007431
0.007640
0.008642
0.008674
0.005815
0.010166
0.007161
0.007122
0.007796
0.007716
0.007885
0.008161
0.009758
0.005839
0.009766
0.009026
0.008269
0.008475
0.007699
0.007435
0.007343
0.008560
0.008496
0.005897
0.006149
0.008997
0.008609
0.009019
0.009044
0.006818
0.007816
0.008904
0.007021
0.003713
0.004442
0.003283
0.009127
0.008902
0.008480
0.007972
0.007630
0.008183
0.009169
0.009232
0.006756
0.010102
0.010027
0.006883
0.006924
0.007649
0.008047
0.007758
0.008407
0.008595
0.008783
0.007729
0.007588
0.007661
0.009541
0.008615
0.009817
0.006789
0.012400
0.009557
0.010518
0.007459
0.009067
0.009134
0.009179
0.010385
0.007295
0.008767
0.008494
0.005902
0.006986
0.008910
0.006921
0.007960
0.008243
0.008345
0.007620
0.006109
0.007217
0.007380
0.008100
0.009469
0.008864
0.009808
0.007489
0.008783
0.008086
0.008476
0.010274
0.007514
0.008027
0.006507
0.007507
0.006534
0.006866
0.007123
0.006869
0.007728
0.009939
0.012001
0.012449
0.011371
0.012199
0.012768
0.010960
0.010461
0.009224
0.009617
0.009149
0.008753
0.010180
0.007521
0.008149
0.007773
0.009930
0.008076
0.007553
0.007550
0.013019
0.010640
0.012294
0.009953
0.007215
0.005062
0.006924
0.007485
0.008548
0.009113
0.010442
0.011116
0.008788
0.008258
0.006843
0.006499
0.005400
0.008087
0.007711
0.008810
0.009273
0.007191
0.006600
0.008837
0.007370
0.005979
0.006093
0.005997
0.008809
0.006490
0.006622
0.012791
0.010695
0.010863
0.009893
0.007101
0.006601
0.005610
0.005793
0.007774
0.007890
0.008290
0.008726
0.007463
0.011068
0.009914
0.010581
0.010106
0.008522
0.008872
0.008969
0.005616
0.008276
0.007580
0.005134
0.006721
0.009689
0.013293
0.010106
0.008604
0.007550
0.007576
0.006130
0.007532
0.005666
0.006915
0.006806
0.007402
0.011393
0.007549
0.003973
0.009794
0.011864
0.005641
0.008519
0.006528
0.007578
0.005620
0.010630
0.009809
0.011837
0.008634
0.009693
0.011230
0.009707
0.008785
0.008753
0.006902
0.009674
0.005968
0.005737
0.009698
0.008627
0.008564
0.008406
0.011155
0.008529
0.005593
0.005628
0.008790
0.007473
0.008787
0.008261
0.008437
0.005608
0.005840
0.006869
0.007761
0.010698
0.007473
0.007590
0.005594
0.007353
0.008904
0.007627
0.009579
0.008251
0.008328
0.008473
0.010565
0.007888
0.005415
0.009935
0.008977
0.006735
0.006280
0.007807
0.006891
0.007941
0.008228
0.003760
0.004630
0.009196
0.009513
0.006952
0.007177
0.006137
0.005529
0.010201
0.008237
0.007985
0.008911
0.007951
0.005717
0.005900
0.008602
0.010396
0.005229
0.009178
0.006396
0.008487
0.007824
0.007582
0.009416
0.010064
0.009267
0.007308
0.008609
0.009354
0.008774
0.007300
0.010573
0.006871
0.009602
0.012810
0.011344
0.008966
0.007999
0.010185
0.009650
0.008960
0.010392
0.006827
0.007865
0.005316
0.007565
0.006979
0.008278
0.005901
0.009183
0.010897
0.006130
0.008390
0.008197
0.007100
0.007545
0.011475
0.008279
0.007717
0.007017
0.007286
0.008112
0.007229
0.008134
0.008151
0.008033
0.008002
0.007150
0.006479
0.007670
0.010519
0.008790
0.008556
0.008819
0.009323
0.008898
0.008489
0.008852
0.007642
0.005863
0.010446
0.010085
0.007737
0.008543
0.006565
0.005930
0.004314
0.005079
0.009023
0.009989
0.009289
0.007870
0.004279
0.003865
0.007420
0.011272
0.011494
0.008937
0.007479
0.006961
0.007120
0.010807
0.007994
0.007546
0.003447
0.007140
0.011643
0.005280
0.005835
0.005531
0.003614
0.008132
0.003607
0.003810
0.007619
0.007203
0.008505
0.005355
0.006871
0.007289
0.005978
0.007920
0.006325
0.007637
0.005847
0.008405
0.009190
0.007670
0.008708
0.009157
0.007269
0.010689
0.010355
0.005747
0.005135
0.007470
0.002691
0.007771
0.005281
0.006040
0.007412
0.006903
0.006233
0.008360
0.008071
0.003587
0.004338
0.004583
0.003980
0.006644
0.007425
0.007065
0.007568
0.004565
0.006089
0.005608
0.003556
0.003035
0.008255
0.005903
0.003113
0.009180
0.007643
0.008632
0.008095
0.007997
0.009838
0.009005
0.006655
0.008888
0.007626
0.008583
0.006243
0.006037
0.007251
0.006284
0.005516
0.004586
0.004968
0.003815
0.005745
0.003618
0.007944
0.010883
0.009974
0.007457
0.007842
0.007756
0.005839
0.005069
0.006197
0.007590
0.008709
0.007610
0.007419
0.006529
0.008830
0.006778
0.003954
0.008632
0.003915
