0.000000
0.000000
0.100000
0.633333
1.166667
1.766667
2.354655
3.271809
4.244449
5.233201
6.221053
7.276317
8.260042
9.249396
10.236932
11.220067
12.209089
13.197210
14.219312
15.199127
16.171821
17.063409
18.008853
18.981873
19.729392
20.479605
21.275089
21.887405
22.697227
23.606951
24.601465
25.581215
26.495743
27.272281
27.964556
28.198847
28.697435
29.577169
30.239979
31.224490
32.203496
33.179129
34.044797
34.982489
36.037361
37.025717
37.974368
38.842417
39.520612
40.447039
41.440016
42.491354
43.469223
44.244307
45.153278
46.138012
47.125600
48.166017
49.153175
50.145468
51.136412
52.085914
53.017533
53.961669
55.012197
55.993895
56.976331
57.966233
58.904785
59.649618
60.398112
61.332231
62.096040
62.507767
63.169640
63.891081
64.738352
65.808668
66.774068
67.764650
68.755345
69.744720
70.733018
71.714924
72.775972
73.754759
74.736914
75.676727
76.432216
77.329828
78.341707
79.169250
80.175875
81.152026
82.144075
83.131120
84.111370
85.150964
86.120417
87.097785
88.078716
89.043627
89.940495
90.549565
91.176908
92.038318
92.982691
93.707774
94.406640
95.355983
96.409775
97.380126
98.365117
99.347212
100.331739
101.283437
102.322368
103.168300
104.133068
105.103276
106.090626
107.078784
108.061907
109.088523
109.722597
110.287565
111.138108
112.012139
112.982967
113.965545
115.047096
116.072658
117.044007
117.729859
118.396730
119.347895
120.392527
121.383381
122.375904
123.345985
124.312466
125.102082
125.812740
126.653158
127.660999
128.551267
129.507320
130.397899
131.373500
132.396942
133.433063
134.360341
135.331074
136.269893
137.122629
138.107022
139.151956
140.125205
141.058263
142.057838
143.047765
144.036815
145.029180
146.068433
146.991888
147.677956
148.366490
149.344034
150.276393
151.122111
151.936921
152.924797
153.876481
154.819405
155.535994
156.505452
157.600681
158.575504
159.561060
160.536495
161.476469
162.009263
162.956733
164.004706
164.991429
165.973086
166.959556
167.969297
168.946737
169.995297
170.982073
171.966589
172.949134
173.910733
174.903365
175.868554
176.916633
177.870045
178.859077
179.833286
180.818163
181.805041
182.848668
183.834342
184.777471
185.528559
186.184685
187.131996
188.122035
189.166001
190.144812
191.132605
192.118492
192.999477
193.976599
194.956579
196.000125
196.991429
197.973662
198.964110
199.945181
200.932790
201.990214
202.980018
203.971817
204.953291
205.897696
206.848001
207.763610
208.600165
209.476211
210.461795
211.454310
212.442963
213.411082
214.469651
215.451558
216.450041
217.411855
218.386614
219.378094
220.364419
221.429336
222.417312
223.403637
224.373317
225.255648
226.137927
227.120138
228.175288
229.150671
230.137847
231.129755
232.119896
233.106188
234.160831
235.144722
236.127570
237.029583
237.942813
238.756601
239.462457
240.396212
241.378395
242.362969
243.305706
244.261753
245.221769
246.153427
247.106668
248.082116
249.047830
250.025922
251.007011
251.986103
252.905516
253.787979
254.771325
255.750961
256.729280
257.706239
258.589946
259.582049
260.366708
261.341014
262.130538
262.671848
263.618774
264.556211
265.506181
266.493195
267.380506
268.042834
268.863954
269.872605
270.832998
271.819279
272.714050
273.654630
274.646885
275.635552
276.690312
277.682912
278.654369
279.621529
280.435029
281.393380
282.382454
283.367625
284.361071
285.331291
286.315166
287.307877
288.281063
289.252611
290.065112
290.695576
291.653662
292.364601
293.064080
293.968704
294.721463
295.719174
296.688725
297.630674
298.553300
299.514827
300.507993
301.395798
302.031172
302.974411
303.911009
304.882734
305.697184
306.646306
307.333552
308.216260
309.183332
310.162613
311.016133
311.712919
312.612005
313.560596
314.542176
315.485553
316.471208
317.457345
318.394856
319.442396
320.344662
321.292090
321.896445
322.632733
323.634466
324.647719
325.628634
326.618243
327.603441
328.561686
329.552543
330.524490
331.569866
332.545557
333.443140
334.437031
335.395508
336.349764
337.263603
338.258518
339.234001
340.217083
341.205778
342.190519
342.909194
343.493108
344.325781
345.137612
345.659477
346.459654
347.328609
348.259395
349.281147
350.269581
351.157524
352.113881
353.071165
354.026289
354.991917
355.947736
356.954204
357.851139
358.823390
359.785593
360.768660
361.685790
362.317911
362.844651
363.648425
364.551111
364.572114
364.572114
364.572114
364.572114
364.572114
364.717561
365.477803
366.511217
367.564131
368.553049
369.528057
370.514166
371.499084
372.605768
373.399708
374.456930
375.432528
376.415011
377.389307
378.113193
378.672986
379.680917
380.610037
380.802475
380.946080
381.696721
382.675962
383.655564
384.566851
385.002719
385.002719
385.002719
385.002719
385.002719
385.002719
385.002719
385.002719
385.002719
385.002719
385.002719
385.002719
385.265049
386.117377
387.112165
388.091792
389.067315
390.032714
390.934370
391.310490
391.931186
392.667013
393.432761
394.379450
395.382382
396.433306
397.419906
398.408461
399.387566
400.379057
401.363701
402.348552
403.400473
404.376154
405.116551
405.833118
406.450164
407.123628
408.179212
409.132460
410.068638
411.048962
411.898723
412.467609
413.242715
414.255878
415.190735
415.928858
416.874990
417.847388
418.820594
419.728161
420.743819
421.566852
422.540582
423.309963
424.120557
425.115598
426.017472
426.961652
427.888993
428.872270
429.867918
430.856882
431.818632
432.820134
433.698302
434.642191
435.630277
436.606093
437.566026
438.616837
439.542160
440.538787
441.483978
442.438338
443.430629
444.324272
444.769665
444.769665
444.769665
444.771312
445.099969
445.988465
446.981977
448.037897
448.983936
449.642649
450.420211
451.327070
451.983578
452.781743
453.759264
454.746621
455.724946
456.680828
457.300164
458.081676
459.068581
459.997346
461.014079
461.988760
462.916912
463.663015
464.652193
465.502697
465.847030
466.018017
466.793869
467.784784
468.751587
469.798224
470.785492
471.762108
472.694619
473.674718
474.390096
474.842218
475.597497
476.402825
477.234809
478.141326
479.086747
479.881778
480.866874
481.826471
482.780664
483.759032
484.708144
485.634938
486.635489
487.674229
488.653158
489.621169
490.533419
491.480161
492.412934
493.449832
494.318731
494.774543
495.607994
496.420380
496.663766
497.016769
497.790190
498.598434
498.962088
499.320220
499.702003
500.467407
501.462002
502.499643
503.315913
504.102051
505.057043
505.784909
506.561457
507.521350
508.477447
509.355227
510.203511
511.040053
512.026839
512.842002
513.861777
514.828844
515.794876
516.469508
517.134834
518.121721
519.158356
519.976874
520.035235
520.035235
520.099294
520.721598
521.708958
522.809636
523.915024
524.814295
525.792129
526.772048
527.759091
528.746268
529.792982
530.779211
531.768679
532.759526
533.746264
534.696542
535.444550
536.017620
536.960859
537.890425
538.671966
539.552884
540.543897
541.597351
542.580047
543.353998
544.284790
544.908698
545.717505
546.703656
547.323777
548.007205
548.955530
549.935665
550.919055
551.901404
552.850175
553.656478
554.611385
555.580297
556.557099
557.494085
558.022939
558.621565
559.488779
560.471458
561.460251
562.441584
563.431358
564.489358
565.470386
566.456678
567.441005
568.425622
569.347397
570.290900
571.007170
571.793073
572.786492
573.773316
574.755234
575.507689
576.063004
576.941365
577.912322
578.896135
579.874714
580.566095
581.222028
582.335211
583.283867
584.106780
585.052990
586.039934
586.964852
587.792506
588.802849
589.709524
590.659649
591.641819
592.620746
593.559073
594.610067
595.371402
596.248719
597.236669
598.135080
599.103817
600.026498
601.070649
601.581767
602.193882
603.149225
604.128500
605.120137
606.176324
607.156177
608.133572
609.124743
610.111471
611.097034
612.080344
613.111091
614.078267
615.043600
616.025734
616.992176
617.981292
618.972913
620.023155
620.880649
621.468886
622.410054
623.361280
624.335125
625.306759
626.265792
627.233851
628.211174
628.974023
629.952314
630.940529
631.940324
632.730361
633.648481
634.174068
634.174068
634.174068
634.174068
634.176113
634.498770
635.398115
636.368654
637.329513
637.501040
637.501040
637.518582
637.991869
638.936195
639.922591
640.911784
641.907317
642.967133
643.940738
644.931667
645.912173
646.893776
647.885229
648.942443
649.932940
650.912589
651.886064
652.875263
653.856852
654.840204
655.896713
656.870590
657.777620
658.732875
659.601202
660.480123
661.522992
662.481688
663.330270
664.223238
665.070941
665.994538
666.914997
667.563344
668.520614
669.437203
670.347537
671.299880
672.279486
673.157799
674.187483
675.169692
676.099062
677.075669
677.806638
677.806638
677.806638
677.806638
677.806638
677.829564
678.333118
679.237137
680.234654
681.263516
682.079345
682.501971
682.501971
682.501971
682.501971
682.512136
682.898882
683.834609
684.863462
685.840689
686.835659
687.795074
688.836585
689.818724
690.800425
691.789680
692.778699
693.753059
694.690702
695.735009
696.726472
697.727379
698.712858
699.686251
700.672672
701.700463
702.691773
703.637501
704.617103
705.528599
706.500822
707.467763
708.509568
709.317051
710.013710
710.968307
711.921401
712.865795
713.843156
714.809469
715.784448
716.657227
717.411504
718.096067
719.003672
720.022718
720.805606
721.638283
722.539830
723.384387
723.898722
724.754678
725.812374
726.832497
727.781666
728.627120
729.368683
730.362018
731.419383
732.409525
733.399761
734.307450
734.892396
735.496449
736.443969
737.474240
738.424278
739.402861
740.386191
741.364079
742.348145
743.368331
744.357162
745.279290
746.227886
747.198856
748.161246
749.028027
749.951089
750.793515
751.334886
752.256234
753.209772
754.196941
755.106493
755.275848
756.055300
757.041186
758.034707
759.020652
760.014934
761.058704
761.964055
762.599906
763.196033
764.017180
764.994826
765.755326
766.486875
767.290415
768.319477
769.333584
770.144847
771.036926
771.484877
771.509773
771.509773
771.509773
771.509773
771.509773
771.509773
771.509773
771.509773
771.627591
772.344610
773.329514
774.316902
775.296638
776.352394
777.316742
778.287299
779.124748
779.934766
780.916839
781.937160
782.893898
783.874869
784.824263
785.808638
786.773654
787.754656
788.772841
789.740955
790.499067
791.333729
792.132649
793.087969
793.893716
794.336829
795.027096
795.770701
796.454364
797.345802
797.993582
798.967105
799.946418
800.867355
801.825810
802.578975
803.514248
804.464920
805.216629
806.027098
807.014276
808.002332
808.982368
809.956268
811.004764
811.977902
812.929436
813.837317
814.622600
815.574924
816.556342
817.587550
818.577887
819.558372
820.544485
821.529416
822.509588
823.429386
824.400859
825.338612
826.322075
827.282272
828.188657
829.038827
830.047988
830.926246
831.833730
832.807465
833.629408
834.445129
835.362046
836.108196
836.776036
837.791509
838.800628
839.750985
840.715058
841.746505
842.721623
843.580381
844.551715
845.378833
846.340078
847.320965
848.342196
849.334611
850.136289
851.098269
852.080020
853.034357
854.005926
854.801600
855.632256
856.508731
857.369934
858.339320
859.155754
859.831058
860.860530
861.772631
862.320076
863.042007
864.014833
865.004082
866.056441
867.044844
868.039428
869.036053
870.006346
870.955053
871.674498
872.453277
873.206131
874.054696
875.038687
876.015416
876.852173
877.473742
878.297255
879.240127
880.238055
880.705042
880.937123
881.708860
882.694341
883.583897
884.480090
885.455309
886.441374
887.348205
888.175274
889.172149
890.116691
891.114838
892.094521
893.072248
894.064888
895.096700
896.075451
896.904595
897.909171
898.740240
899.728946
900.782674
901.771624
902.750053
903.738243
904.207041
904.234966
904.756746
905.784778
906.766638
907.108529
907.108529
907.108529
907.108529
907.108529
907.108529
907.343106
908.163924
909.151397
910.134574
911.119535
912.115810
912.904244
913.903655
914.851110
915.761448
916.754944
917.675523
918.666070
919.332838
920.122604
921.098661
921.862972
922.723698
923.785276
924.706447
925.305911
925.917011
926.780107
927.760878
928.750078
929.768950
930.552193
931.412440
932.376628
932.820497
932.820497
932.820497
932.820497
933.045320
933.852746
934.837199
935.822448
936.879243
937.529209
937.529209
937.529209
937.529209
937.529209
937.529209
937.529209
937.529209
937.529209
937.529209
937.529209
937.529209
937.529209
937.529209
937.529209
937.529209
937.625294
938.295516
939.307790
940.289436
941.321187
942.306494
943.295366
944.287671
945.172056
945.532730
946.306423
947.321842
948.266987
949.179116
950.150628
950.989087
951.926175
952.933725
953.888489
954.591476
955.280274
956.219489
957.192947
958.158196
959.206028
960.163244
961.121392
962.030985
962.967976
963.866498
964.746221
965.718877
966.705472
967.678716
968.655944
969.576228
970.515235
971.560690
972.518566
973.514738
974.485174
975.471399
976.457990
977.470575
978.468030
979.431265
980.417627
981.381015
982.354135
983.316955
984.274199
985.259882
986.242881
987.270723
988.320513
989.097889
990.149727
991.262547
992.209191
993.196785
994.159496
995.069156
995.655019
996.472878
997.464902
998.587630
999.506370
1000.404854
1001.131391
1001.374712
1001.374712
1001.374712
1001.374712
1001.374712
1001.374712
1001.381698
1001.791543
1002.724763
1003.930701
1004.693140
1005.878620
1006.666137
1007.681411
1008.673751
1009.653866
1010.639824
1011.613723
1012.526814
1012.962696
1013.055682
1013.772259
1014.759672
1015.720032
1016.626769
1017.643174
1018.553745
1019.614109
1020.616805
1021.597013
1022.587411
1023.575760
1024.478654
1025.006111
1025.504288
1026.471508
1027.580119
1028.354409
1029.273250
1029.706385
1030.072145
1030.893916
1031.926024
1032.877311
1033.866967
1034.855735
1035.842265
1036.830400
1037.753273
1038.741915
1039.727871
1040.576443
1041.471052
1042.453096
1043.501022
1044.485525
1045.475749
1046.241215
1046.241215
1046.241215
1046.241215
1046.241215
1046.241215
1046.253659
1046.687458
1047.634292
1048.620131
1049.637042
1050.627509
1051.573641
1051.892376
1051.892376
1051.892376
1051.893865
1052.218234
1053.109892
1054.100285
1055.074144
1056.066254
1057.028779
1057.962750
1058.782602
1059.796756
1060.786194
1061.753249
1062.414053
1063.128787
1064.179363
1065.170232
1066.153780
1067.118865
1068.050255
1069.038092
1070.094626
1071.083022
1072.049392
1073.025106
1073.884401
1074.570174
1075.352122
1076.367208
1077.286631
1078.194032
1079.177739
1080.151551
1081.138505
1082.041652
1082.094087
1082.558632
1083.510102
1084.480665
1085.455525
1086.448053
1087.441815
1088.427087
1089.381446
1090.361227
1091.349870
1092.339968
1093.329211
1094.271428
1095.232325
1096.203857
1097.175817
1098.163103
1099.134480
1100.165264
1101.153790
1102.135773
1103.115374
1104.031870
1104.989573
1105.757038
1106.413328
1107.247299
1108.263622
1109.259543
1110.255267
1111.195246
1112.251545
1113.235815
1114.222237
1115.221985
1116.214263
1117.204536
1118.192257
1119.248511
1120.237205
1121.219914
1122.205743
1123.064972
1123.755071
1124.603445
1125.629857
1126.528986
1127.511390
1128.023197
1128.203911
1128.756878
1129.697500
1130.681671
1131.669911
1132.660838
1133.648523
1134.631071
1135.617140
1136.662350
1137.612902
1138.511802
1139.405815
1140.378253
1141.246723
1142.279586
1143.211385
1144.190618
1145.097077
1146.039723
1146.981138
1147.853573
1148.850092
1149.842307
1150.738617
1151.625378
1152.620645
1153.607459
1154.597211
1155.620159
1156.614479
1157.465307
1158.365101
1159.373360
1160.321729
1161.402897
1162.371972
1163.291325
1164.123256
1165.072747
1166.049062
1167.001228
1168.052271
1168.994391
1169.941894
1170.746611
1171.719016
1172.690638
1173.733345
1174.637298
1175.507106
1175.843007
1176.669996
1177.685572
1178.639695
1179.574351
1180.142501
1180.606638
1181.505563
1182.506802
1183.495495
1184.485797
1185.541750
1186.529005
1187.488848
1188.469843
1189.368209
1190.128037
1190.814663
1191.642370
1192.617682
1193.469080
1194.375503
1195.337778
1196.324101
1197.300326
1198.056269
1198.886053
1199.758979
1200.751803
1201.647760
1202.683096
1203.632777
1204.564254
1205.514653
1206.479847
1207.459019
1208.369407
1209.428221
1210.416991
1211.386299
1212.375170
1213.358466
1214.271770
1215.189188
1216.233652
1217.212859
1218.193286
1219.170523
1220.149147
1221.026844
1221.056995
1221.508043
1222.447443
1223.292957
1223.317668
1223.818173
1224.788329
1225.815099
1226.793021
1227.997276
1229.227862
1230.107691
1231.182592
1231.193608
1231.313126
1232.029448
1233.029069
1234.022732
1235.013405
1235.993144
1237.045482
1238.015903
1238.980150
1239.927741
1240.911399
1241.880277
1242.843199
1243.866048
1244.847596
1245.758484
1246.720458
1247.382440
1248.038839
1249.042151
1249.901730
1250.776519
1251.687344
1252.700990
1253.544029
1254.498685
1255.514746
1256.495432
1257.480758
1258.397111
1259.380554
1260.365131
1261.367233
1262.336841
1263.165168
1264.156839
1265.075301
1266.048828
1267.008735
1268.050951
1268.983684
1269.938147
1270.920028
1271.904643
1272.805440
1273.705843
1274.727246
1275.689556
1276.648976
1277.641074
1278.625369
1279.614301
1280.671673
1281.652850
1282.646718
1283.617617
1284.575254
1285.539532
1286.448748
1287.498101
1288.424408
1289.413849
1290.377284
1291.355335
1292.229833
1293.299918
1294.275147
1295.254702
1296.094442
1296.957820
1297.739281
1298.615190
1299.687851
1300.537259
1301.308833
1302.181844
1302.816264
1303.254387
1304.163445
1304.951100
1305.732424
1306.707406
1307.697659
1308.657508
1309.652124
1310.661040
1311.590757
1312.572012
1313.527220
1314.479524
1315.435173
1316.398655
1317.436355
1318.452132
1319.454560
1320.433211
1321.406620
1322.386503
1323.329122
1324.340368
1325.251201
1326.229513
1327.195886
1328.185706
1329.172713
1330.238419
1331.229909
1332.169143
1333.112839
1334.093925
1335.082243
1336.057102
1337.106496
1338.102228
1339.066685
1340.058840
1341.044759
1342.023360
1343.081337
1344.065601
1345.001756
1345.980689
1346.962463
1347.922552
1348.879765
1349.899141
1350.861764
1351.809533
1352.807380
1353.793283
1354.804649
1355.776814
1356.389085
1356.557003
1356.557003
1356.557003
1356.557003
1356.571588
1357.062105
1358.039944
1359.021401
1359.983805
1360.979770
1361.970180
1362.966410
1364.006945
1364.992010
1365.977590
1366.878926
1367.836274
1368.837372
1369.816017
1370.814416
1371.738133
1372.716173
1373.691050
1374.678651
1375.563705
1376.111007
1376.709057
1377.579629
1378.456095
1379.450447
1380.398157
1381.250973
1382.238203
1383.200531
1384.171522
1384.912538
1385.690084
1386.666780
1387.679952
1388.656789
1389.649919
1390.637216
1391.620338
1392.607742
1393.575766
1394.538054
1395.504542
1396.327346
1397.060260
1397.494230
1397.860881
1398.559368
1399.420202
1400.409620
1401.410065
1402.400641
1403.347227
1404.305003
1405.403788
1406.344272
1407.174630
1408.160608
1409.150130
1410.120874
1411.172938
1412.175035
1413.150149
1414.134815
1415.079260
1416.044582
1417.028763
1418.071441
1419.064859
1420.048972
1421.039769
1422.010006
1422.696803
1423.324302
1424.376380
1425.359701
1426.347872
1427.335026
1428.213985
1429.079740
1430.132714
1431.117348
1432.109385
1433.089465
1433.999887
1434.454105
1434.981175
1435.775996
1436.391522
1436.958340
1437.930914
1438.926182
1439.776169
1440.379648
1441.234559
1441.980693
1442.425666
1443.153202
1444.139974
1445.114926
1446.171131
1447.007255
1447.659642
1448.515916
1449.448625
1450.518329
1451.561772
1452.591862
1453.583939
1454.656434
1455.862535
1457.059972
1457.997145
1458.933446
1459.868367
1460.636351
1461.565822
1462.308593
1462.928612
1463.595434
1464.131760
1465.005030
1465.994098
1466.976344
1467.924177
1468.910614
1469.964307
1470.945006
1471.928322
1472.859843
1473.837008
1474.809590
1475.550784
1476.422659
1477.349176
1478.286349
1479.254881
1480.212786
1481.189637
1482.178540
1483.206546
1484.080685
1484.964019
1485.929235
1486.842630
1487.790106
1488.888623
1489.602155
1489.739229
1489.739229
1489.739229
1489.739229
1489.739229
1489.739229
1489.739229
1489.739229
1489.739229
1489.739229
1489.739229
1489.739229
1489.739229
1489.739229
1489.739229
1489.739229
1489.739229
1489.739229
1489.739229
1489.739229
1489.968424
1490.810075
1491.884060
1492.764268
1493.169641
1493.693050
1493.964100
1494.693193
1495.660681
1496.646917
1497.766208
1498.690173
1499.672518
1500.630745
1500.838791
1501.394137
1502.344190
1503.315480
1504.370126
1505.361189
1506.350645
1507.339149
1508.330630
1509.318005
1510.369157
1511.357970
1512.500560
1513.403532
1514.375617
1515.357901
1516.337165
1517.378398
1518.374553
1519.357119
1520.347239
1521.336078
1522.325858
1523.316147
1524.369840
1525.359814
1526.352845
1527.317824
1527.977764
1528.336456
1529.240093
1530.107288
1531.004214
1531.985525
1532.968323
1533.911191
1534.866806
1535.910502
1536.898757
1537.879549
1538.864712
1539.851753
1540.836040
1541.890335
1542.874407
1543.866349
1544.773022
1545.624709
1546.369295
1547.160362
1548.176454
1549.035360
1549.707022
1550.596339
1551.582110
1552.570062
1553.378257
1554.192223
1555.190491
1556.120306
1557.082572
1558.037502
1558.726653
1559.567372
1560.552169
1561.539924
1562.527542
1563.446780
1564.376404
1565.373832
1566.325073
1567.293904
1568.279445
1569.246433
1570.240489
1571.197592
1572.210217
1572.966579
1574.027308
1575.264011
1576.613212
1578.096442
1579.143481
1580.188897
1581.107595
1582.101543
1583.064917
1584.050689
1585.021652
1585.993335
1586.801083
1587.632412
1588.665270
1589.592755
1590.425956
1591.392711
1592.760095
1593.793569
1594.415963
1595.424752
1596.759773
1597.958436
1598.918068
1599.919243
1600.906461
1601.792401
1602.619199
1603.610103
1604.345552
1605.024697
1605.764437
1606.659175
1607.595310
1608.381740
1609.278542
1610.334329
1611.357388
1612.277114
1613.163696
1614.075912
1615.129309
1616.333030
1617.236816
1618.133190
1619.389556
1619.389556
1619.389556
1619.393585
1619.592238
1620.208265
1620.955050
1621.662225
1622.218631
1622.598895
1623.109439
1623.681669
1624.368894
1625.474802
1626.711432
1627.569833
1628.525978
1629.621565
1630.917544
1631.954942
1632.932313
1633.814817
1634.763854
1635.499715
1636.292788
1637.252696
1638.194075
1639.186287
1640.161566
1641.144573
1642.094657
1642.955680
1643.556859
1644.327166
1645.301265
1646.294259
1647.229804
1648.102873
1648.881914
1649.867595
1650.755471
1651.677676
1652.532795
1653.515763
1654.401189
1655.369646
1656.322996
1656.969007
1657.820548
1658.738981
1659.588072
1660.650715
1661.454410
1662.114258
1663.044236
1664.044962
1665.025196
1666.015586
1667.035363
1667.697918
1668.278304
1669.111795
1669.748033
1670.635343
1671.619896
1672.676786
1673.666629
1674.538961
1674.538961
1674.561940
1674.976269
1675.931508
1676.915336
1677.875091
1678.865603
1679.841286
1681.133495
1682.148882
1683.152724
1683.898385
1684.585546
1685.543933
1686.295970
1687.087103
1688.069524
1688.950909
1689.866654
1690.740356
1691.779184
1692.699245
1693.687195
1694.743231
1695.730711
1696.715950
1697.674716
1698.665795
1699.651182
1700.637106
1701.697288
1702.666871
1703.581142
1704.478502
1705.457168
1706.361036
1707.359410
1708.152145
1708.934556
1709.899368
1710.883769
1711.779670
1712.713246
1713.461695
1714.061905
1715.024159
1715.978161
1716.882106
1717.822240
1718.853723
1719.838287
1720.704092
1721.508181
1722.154475
1722.786071
1723.732776
1724.675356
1725.553314
1726.372574
1726.750684
1727.562069
1728.518567
1729.469146
1730.521960
1731.480105
1732.409016
1733.350955
1734.258105
1735.046461
1735.547737
1736.456740
1737.351924
1738.313960
1738.991657
1739.659622
1740.610145
1741.664530
1742.653083
1743.625086
1744.587770
1745.575323
1746.560800
1747.617217
1748.582032
1749.552153
1750.530730
1751.508370
1752.406039
1753.389152
1754.409347
1755.376107
1756.142517
1757.110521
1758.083345
1759.077134
1760.067892
1761.087323
1762.076973
1763.063296
1763.837760
1763.837760
1763.900485
1764.567344
1765.521510
1766.707677
1767.501995
1768.493341
1769.478921
1770.461138
1771.456896
1772.439468
1772.964721
1772.964721
1772.964721
1772.964721
1772.964721
1772.964721
1772.964721
1772.964721
1772.964721
1773.188960
1774.011735
1775.064970
1776.035336
1776.990619
1777.984221
1778.960711
1780.081154
1781.079162
1782.003851
1782.991706
1783.806316
1783.806316
1783.806316
1783.806316
1783.806316
1783.913335
1784.587341
1785.530260
1786.350274
1786.909834
1787.493222
1788.487563
1789.239380
1789.833251
1790.782364
1791.765318
1792.390214
1792.895982
1793.255610
1793.685376
1794.616390
1795.658761
1796.627218
1797.613743
1798.606156
1799.357815
1800.084344
1801.082901
1802.056988
1802.980770
1803.973200
1804.934714
1805.906065
1806.742746
1807.674380
1808.662219
1809.576418
1810.569119
1811.500566
1812.478145
1813.434884
1814.364604
1815.309931
1815.470248
1815.470248
1815.470248
1815.470248
1815.470248
1815.470248
1815.470248
1815.470248
1815.470248
1815.470248
1815.486231
1815.945264
1816.864190
1817.844915
1818.891833
1819.879414
1820.868034
1821.855892
1822.831353
1823.816269
1824.719809
1825.667762
1826.396479
1827.205551
1828.077374
1828.978410
1829.972356
1830.894070
1831.630904
1832.418750
1833.180910
1834.099466
1835.083170
1836.059832
1837.079078
1837.726842
1837.726842
1837.726842
1837.726842
1837.726842
1837.806936
1838.458583
1839.430901
1840.423283
1841.413397
1842.403215
1843.383339
1844.319044
1845.167870
1846.122695
1846.777813
1847.577200
1848.608613
1849.595742
1850.645844
1851.617893
1852.510047
1853.494432
1854.449580
1855.278601
1856.169187
1857.147704
1858.119459
1859.118526
1860.451876
1861.892451
1863.306101
1864.081217
1864.987053
1865.963278
1866.938105
1867.549858
1867.770056
1868.230463
1869.038136
1870.030536
1871.021386
1871.973857
1872.786364
1873.705565
1874.772361
1875.754364
1876.741326
1877.731777
1878.716763
1879.702438
1880.695621
1881.770839
1882.757762
1883.530525
1884.414825
1885.345033
1886.600845
1888.040561
1888.976933
1889.894762
1890.875078
1891.846740
1892.813397
1893.795434
1894.851485
1895.837956
1896.827277
1897.821569
1898.807016
1899.790743
1900.849113
1901.838839
1902.818658
1903.814460
1904.793389
1905.782531
1906.759004
1907.796359
1908.765340
1909.751172
1910.702607
1911.652527
1912.461569
1913.429696
1914.311507
1915.178751
1916.075550
1917.026754
1917.675527
1917.675527
1917.675527
1917.675527
1917.675527
1917.675527
1917.675527
1917.675527
1917.675527
1917.675527
1917.675527
1917.675527
1917.932364
1918.788647
1919.809262
1920.845999
1921.837275
1922.825355
1923.803938
1924.794630
1925.781145
1926.714971
1927.325713
1927.994584
1928.887948
1929.877709
1930.926972
1931.851715
1932.842436
1933.895757
1934.885546
1935.875083
1936.864273
1937.855087
1938.845438
1939.902011
1940.872617
1941.729168
1942.313101
1943.086003
1944.063689
1945.039399
1945.971832
1947.304902
1948.300094
1949.287249
1950.279298
1951.247842
1952.277847
1953.261797
1954.237910
1955.131029
1955.779550
1956.628338
1957.726972
1958.634027
1959.613875
1960.595476
1961.385531
1961.798566
1962.517909
1963.450422
1964.401140
1965.385223
1966.372389
1967.363616
1968.344191
1968.751088
1968.751088
1968.751088
1969.023905
1969.886150
1971.005050
1971.862393
1972.849906
1973.888727
1974.877430
1975.867483
1976.853239
1977.845379
1978.752561
1979.260328
1979.744824
1980.561173
1981.533758
1982.524969
1983.580799
1984.565816
1985.549408
1986.533626
1987.588350
1988.512634
1989.460279
1990.369883
1991.458859
1992.528128
1993.509083
1994.483474
1995.231125
1995.721169
1996.536659
1997.575818
1998.562485
1999.488999
2000.395314
2001.241323
2002.096201
2003.043809
2004.080723
2005.025158
2006.008012
2006.994522
2007.917614
2008.780991
2009.572206
2010.109426
2010.474538
2011.198959
2012.147310
2013.141181
2014.130004
2015.180061
2015.898135
2016.698818
2017.678682
2018.585824
2019.549751
2020.495748
2021.543052
2022.417361
2023.389081
2024.374209
2025.363203
2026.336329
2027.126333
2027.941177
2028.916090
2029.903224
2030.823264
2031.607095
2032.191973
2033.101869
2034.057062
2034.946881
2035.799964
2036.672164
2037.625366
2038.265021
2038.440299
2038.446472
2038.842891
2039.747755
2040.738371
2041.728725
2042.784522
2043.775011
2044.749824
2045.567169
2046.462232
2047.422903
2048.401934
2049.395349
2050.261998
2051.266637
2052.150470
2053.107054
2054.027083
2054.995399
2055.839568
2056.642919
2057.562358
2058.531308
2059.488240
2060.476319
2061.517513
2062.472210
2063.451618
2064.244314
2065.001154
2065.943842
2066.999858
2067.988727
2068.949524
2069.938929
2070.855889
2071.619854
2072.443674
2073.485068
2074.447643
2075.577141
2076.679164
2077.651961
2078.602030
2079.543755
2080.522424
2081.464990
2082.414246
2083.389815
2084.247456
2085.056640
2085.952685
2086.938002
2087.616911
2088.157636
2089.149923
2089.904882
2089.990377
2089.990377
2089.990377
2089.990377
2089.990377
2090.159202
2090.946174
2092.047350
2093.027015
2094.014125
2094.988652
2095.972745
2096.961937
2097.952298
2099.007037
2099.985976
2100.972965
2101.989328
2102.957204
2103.924452
2104.901227
2105.929651
2106.901688
2107.891548
2108.836283
2109.838158
2110.755957
2111.407961
2112.143667
2113.113739
2114.084501
2115.045330
2115.816654
2116.181963
2116.934525
2117.906741
2118.852153
2119.663286
2120.554381
2121.530898
2122.438045
2123.359922
2124.216712
2124.623556
2125.344480
2126.322524
2127.311182
2128.369383
2129.322438
2130.106919
2130.780740
2131.658012
2132.637203
2133.626876
2134.671777
2135.601339
2136.508930
2137.230956
2138.206164
2139.152165
2140.181461
2141.174353
2142.124852
2143.110585
2144.095073
2145.044221
2145.886780
2146.502187
2147.307349
2148.279995
2148.862842
2149.575450
2150.514016
2151.337731
2152.291532
2153.283232
2154.267987
2155.246053
2156.233601
2157.213955
2158.173556
2159.122476
2160.098711
2161.084898
2162.075272
2163.055150
2164.050543
2165.100099
2166.088985
2167.056651
2168.043924
2169.034722
2169.936485
2170.501720
2171.132775
2172.081755
2173.063012
2174.038959
2175.041702
2176.017429
2177.070016
2178.021133
2179.010032
2179.997082
2180.829031
2181.573430
2182.423820
2183.367182
2184.185182
2184.676947
2185.366552
2186.335832
2187.321617
2188.351166
2189.257817
2190.240938
2191.111021
2192.090316
2193.044902
2194.089058
2194.985579
2195.960472
2196.945607
2197.934228
2198.895836
2199.511904
2200.342031
2201.363566
2202.292435
2203.240960
2203.989930
2204.887597
2205.888255
2206.945273
2207.815881
2208.255486
2208.782037
2209.700665
2210.692839
2211.735302
2212.693578
2213.664633
2214.663978
2215.649378
2216.691850
2217.604281
2218.584790
2219.612564
2220.816234
2221.868411
2222.853085
2223.834175
2224.814921
2225.858587
2226.844002
2227.818359
2228.752035
2229.725631
2230.679934
2231.560158
2232.507892
2233.471004
2234.465767
2235.444742
2236.333991
2237.321970
2238.098723
2238.520139
2239.328770
2240.320982
2241.310941
2242.296701
2243.326975
2244.277935
2245.270312
2246.157492
2246.639916
2247.425573
2248.414041
2249.447336
2250.431726
2251.421323
2252.412918
2253.561126
2254.097936
2254.673090
2255.707269
2256.696792
2257.694761
2258.643489
2259.484013
2260.554544
2261.460572
2262.146648
2262.880586
2264.037117
2264.929764
2265.904885
2266.884182
2267.922242
2268.914241
2269.894030
2270.893018
2271.879498
2272.855458
2273.701633
2274.567544
2275.617737
2276.271899
2276.808003
2277.600240
2278.596166
2279.351440
2279.511875
2279.511875
2279.511875
2279.511875
2279.651129
2280.366910
2281.396655
2282.388428
2283.378157
2284.342062
2285.107645
2285.598471
2286.325118
2287.294044
2288.265451
2289.234650
2290.075260
2291.059516
2291.567424
2291.567424
2291.567424
2291.567424
2291.567424
2291.833886
2292.686921
2293.743565
2294.741638
2295.726657
2296.716371
2297.696782
2298.446119
2299.040454
2299.535509
2300.301786
2301.297263
2302.240183
2302.921432
2303.391893
2303.993851
2304.937206
2305.539922
2305.992067
2306.735635
2307.361271
2307.957005
2308.598024
2309.136164
2309.790917
2310.828183
2311.500501
2312.121573
2313.113624
2314.228831
2315.315001
2316.312963
2317.378441
2318.299573
2319.136749
2320.182283
2321.101282
2322.087936
2323.074653
2324.053883
2324.937399
2325.621147
2326.487099
2327.224256
2327.792346
2328.719387
2329.658971
2330.517758
2331.378527
2332.689513
2333.657952
2334.755766
2336.063754
2337.025730
2337.871709
2338.911237
2339.862965
2340.680638
2341.632906
2342.619800
2343.631249
2344.587244
2345.425850
2346.368486
2347.354433
2348.326827
2349.299920
2350.078598
2350.760719
2351.371914
2351.472556
2352.162708
2353.232465
2354.137811
2355.108224
2356.148179
2356.990127
2357.679146
2358.162245
2358.893139
2359.836430
2360.664124
2361.727764
2362.721456
2363.678020
2364.346487
2364.862663
2365.527405
2366.224643
2367.078147
2368.074802
2369.043506
2369.917471
2370.683820
2371.646790
2372.392123
2373.236985
2374.221977
2375.206491
2376.204310
2377.194038
2378.183470
2378.992626
2379.835826
2380.795076
2381.421862
2381.999740
2382.798020
2383.930316
2385.039706
2386.183555
2387.198005
2388.011734
2388.920132
2389.901037
2390.930466
2391.869405
2392.356205
2392.758106
2393.654481
2394.663800
2395.687042
2396.697704
2397.598297
2398.674186
2399.523325
2400.490553
2401.464459
2402.441663
2402.985453
2403.548280
2404.033816
2404.562412
2405.016525
2405.726311
2406.402690
2407.185579
2408.181886
2409.161067
2409.824175
2410.033303
2410.638073
2411.583642
2412.564963
2413.491939
2414.126741
2414.967199
2415.970157
2417.006357
2418.012124
2418.984432
2419.861657
2420.749755
2421.465371
2422.195173
2422.584004
2423.279794
2424.214749
2425.174580
2426.117464
2426.804256
2427.591692
2428.542486
2429.529752
2430.519364
2431.469621
2432.392387
2433.439037
2434.423203
2435.330067
2435.708625
2436.046654
2436.850072
2437.834865
2438.862503
2439.729747
2440.689226
2441.511813
2442.361537
2443.230718
2444.318160
2445.587197
2446.897758
2447.811937
2448.466460
2449.444675
2450.274817
2450.880296
2452.003389
2452.978566
2453.925765
2454.850108
2455.833560
2456.864911
2458.339389
2459.876601
2461.062577
2461.883411
2462.307227
2462.827895
2463.850989
2464.804095
2466.032241
2467.103119
2467.420341
2467.700758
2468.254568
2468.773396
2469.277681
2470.226624
2471.159836
2472.052360
2473.048432
2474.034670
2475.081433
2476.056455
2476.869262
2477.479385
2478.469020
2479.215754
2479.898125
2481.052389
2482.205446
2483.214780
2484.080572
2484.431264
2485.179947
2486.227818
2487.282695
2488.600883
2489.239876
2489.471234
2489.471234
2489.471234
2489.471234
2489.471234
2489.471234
2489.471234
2489.471234
2489.471234
2489.471234
2489.471234
2489.471234
2489.471234
2489.471234
2489.471234
2489.471234
2489.471234
2489.471234
2489.471234
2489.471234
2489.471234
2489.471234
2489.471234
2489.471234
2489.471234
2489.471234
2489.471234
2489.471234
2489.471234
2489.471234
2489.471234
2489.471234
2489.471234
2489.471234
2489.471234
2489.471234
2489.471234
2489.471234
2489.471234
2489.471234
2489.471234
2489.471234
2489.471234
2489.471234
2489.471234
2489.471234
2489.471234
2489.471234
2489.471234
2489.471234
2489.471234
2489.471234
2489.471234
2489.471234
2489.471234
2489.471234
2489.471234
2489.471234
2489.471234
2489.471234
2489.471234
2489.471234
2489.471234
2489.471234
2489.471234
2489.471234
2489.471234
2489.471234
2489.471234
2489.471234
2489.471234
2489.471234
2489.471234
2489.471234
2489.471234
2489.471234
2489.471234
2489.471234
