2.10862
2.60858
3.10844
3.60857
4.1086
4.60854
5.10859
5.60855
6.10854
6.60864
7.10847
7.61076
8.10853
8.6085
9.10849
9.60845
10.1085
10.628
11.1086
11.6085
12.1362
12.626
13.1086
13.6084
14.1086
14.6186
15.1086
15.6084
16.1086
16.6263
17.1298
17.6085
18.1086
18.6262
19.1185
19.6084
20.1085
20.6086
21.1086
21.6086
22.1085
22.6247
23.1085
23.6087
24.1085
24.6085
25.1085
25.6086
26.1086
26.6287
27.1085
27.6084
28.1086
28.6086
29.1086
29.6086
30.1087
30.6085
31.1085
31.6084
32.1369
32.6085
33.1086
33.6264
34.1086
34.6085
35.1085
35.6223
36.1086
36.6093
37.1086
37.6238
38.1245
38.6086
39.1085
39.6085
40.1085
40.6361
41.1084
41.6243
42.1084
42.6084
43.1367
43.6224
44.1086
44.6085
45.1086
45.6232
46.1085
46.6085
47.1354
47.6086
48.1085
48.6087
49.1084
49.6119
50.1086
50.6085
51.1086
51.6385
52.1139
52.6227
53.1247
53.6246
54.1094
54.6089
55.1096
55.6123
56.1115
56.6209
57.1112
57.6141
58.1139
58.6125
59.1111
59.6301
60.1189
60.6198
61.116
61.6363
62.1166
62.6272
63.1163
63.622
64.126
64.6539
65.1219
65.636
66.1213
66.6227
67.1245
67.6409
68.1259
68.6314
69.1273
69.6407
70.1252
70.6255
71.1253
71.6259
72.1283
72.629
73.1259
73.6271
74.1255
74.6256
75.1272
75.6261
76.1262
76.6285
77.1405
77.6403
78.1277
78.6274
79.1276
79.6447
80.1269
80.6266
81.1261
81.6261
82.1254
82.643
83.1492
83.6416
84.1262
84.6285
85.126
85.6434
86.1824
86.6263
87.1267
87.6265
88.1328
88.6547
89.127
89.6255
90.1267
90.6284
91.1825
91.6424
92.2236
92.6446
93.1262
93.645
94.1278
94.6407
95.1271
95.6252
96.1281
96.6261
97.1267
97.6254
98.1815
98.6265
99.1269
99.6265
100.128
100.628
101.129
101.641
102.127
102.632
103.126
103.644
104.127
104.659
105.126
105.625
106.127
106.627
107.126
107.641
108.127
108.626
109.125
109.641
110.127
110.628
111.126
111.628
112.127
112.628
113.128
113.628
114.129
114.642
115.13
115.628
116.128
116.627
117.13
117.626
118.142
118.641
119.138
119.627
120.195
120.626
121.126
121.63
122.13
122.646
123.127
123.629
124.133
124.629
125.128
125.628
126.198
126.646
127.128
127.627
128.125
128.7
129.125
129.644
130.125
130.696
131.126
131.645
132.127
132.627
133.13
133.644
134.128
134.638
135.126
135.644
136.127
136.629
137.128
137.644
138.129
138.629
139.127
139.645
140.126
140.628
141.128
141.628
142.143
142.63
143.127
143.629
144.128
144.653
145.128
145.641
146.13
146.629
147.126
147.63
148.129
148.628
149.184
149.631
150.145
150.627
151.138
151.63
152.131
152.626
153.13
153.628
154.138
154.631
155.126
155.629
156.129
156.627
157.128
157.629
158.128
158.63
159.13
159.626
160.128
160.626
161.126
161.63
162.15
162.643
163.145
163.628
164.126
164.645
165.127
165.627
166.16
166.626
167.129
167.635
168.129
168.627
169.125
169.627
170.129
170.627
171.126
171.63
172.126
172.627
173.129
173.644
174.129
174.63
175.128
175.626
176.164
176.628
177.127
177.646
178.126
178.63
179.126
179.63
180.127
180.629
181.127
181.671
182.13
182.627
183.126
183.626
184.141
184.626
185.132
185.627
186.177
186.667
187.125
187.626
188.127
188.632
189.128
189.629
190.141
190.626
191.125
191.628
192.126
192.63
193.154
193.67
194.127
194.627
195.13
195.627
196.126
196.627
197.13
197.626
198.141
198.627
199.159
199.629
200.131
200.659
201.171
201.661
202.184
202.684
203.177
203.644
204.13
204.629
205.125
205.648
206.127
206.629
207.128
207.646
208.233
208.646
209.128
209.627
210.126
210.642
211.128
211.628
212.129
212.715
213.152
213.627
214.13
214.628
215.127
215.68
216.237
216.655
217.149
217.674
218.239
218.68
219.174
219.678
220.191
220.679
221.207
221.655
222.127
222.642
223.129
223.63
224.161
224.627
225.129
225.628
226.197
226.627
227.162
227.63
228.128
228.628
229.126
229.626
230.128
230.653
231.128
231.628
232.128
232.646
233.126
233.634
234.126
234.63
235.126
235.633
236.128
236.643
237.126
237.631
238.127
238.626
239.129
239.628
240.126
240.632
241.128
241.628
242.126
242.628
243.126
243.628
244.127
244.628
245.129
245.626
246.128
246.629
247.127
247.63
248.126
248.629
249.129
249.63
250.126
250.659
251.128
251.658
252.127
252.646
253.125
253.644
254.154
254.658
255.175
255.664
256.199
256.627
257.127
257.646
258.128
258.628
259.145
259.626
260.126
260.643
261.129
261.645
262.128
262.659
263.128
263.672
264.127
264.657
265.13
265.628
266.127
266.635
267.131
267.627
268.126
268.673
269.139
269.627
270.128
270.631
271.129
271.648
272.126
272.627
273.127
273.646
274.126
274.632
275.128
275.63
276.126
276.627
277.152
277.625
278.125
278.632
279.129
279.63
280.126
280.629
281.173
281.626
282.149
282.641
283.13
283.687
284.178
284.643
285.13
285.627
286.13
286.628
287.128
287.638
288.128
288.626
289.128
289.626
290.125
290.63
291.127
291.632
292.13
292.63
293.126
293.629
294.161
294.629
295.147
295.642
296.176
296.627
297.191
297.628
298.131
298.627
299.171
299.634
300.126
300.627
301.186
301.645
302.184
302.69
303.125
303.648
304.136
304.628
305.128
305.646
306.173
306.63
307.128
307.631
308.126
308.628
309.129
309.63
310.127
310.629
311.126
311.628
312.129
312.627
313.128
313.637
314.127
314.628
315.155
315.627
316.142
316.626
317.14
317.63
318.126
318.631
319.174
319.627
320.128
320.63
321.126
321.656
322.156
322.628
323.15
323.643
324.126
324.637
325.129
325.646
326.131
326.627
327.126
327.626
328.128
328.629
329.13
329.626
330.127
330.629
331.128
331.626
332.127
332.634
333.128
333.627
334.129
334.629
335.126
335.63
336.13
336.631
337.129
337.629
338.127
338.628
339.128
339.629
340.155
340.631
341.17
341.626
342.128
342.628
343.13
343.63
344.13
344.629
345.125
345.627
346.13
346.631
347.13
347.626
348.127
348.645
349.131
349.629
350.129
350.629
351.146
351.629
352.136
352.627
353.129
353.626
354.157
354.632
355.128
355.655
356.147
356.632
357.132
357.629
358.184
358.629
359.17
359.647
360.127
360.627
361.149
361.632
362.148
362.631
363.128
363.668
364.127
364.629
365.152
365.641
366.146
366.671
367.167
367.63
368.131
368.626
369.185
369.701
370.16
370.673
371.127
371.628
372.13
372.66
373.133
373.644
374.181
374.628
375.132
375.634
376.163
376.632
377.131
377.645
378.158
378.632
379.13
379.644
380.126
380.633
381.136
381.626
382.135
382.631
383.126
383.627
384.127
384.628
385.131
385.633
386.126
386.669
387.131
387.627
388.131
388.626
389.128
389.629
390.126
390.643
391.164
391.63
392.162
392.675
393.162
393.678
394.207
394.705
395.127
395.635
396.127
396.7
397.199
397.639
398.211
398.682
399.213
399.693
400.125
400.629
401.131
401.633
402.126
402.631
403.13
403.63
404.132
404.661
405.129
405.647
406.131
406.63
407.183
407.628
408.219
408.633
409.13
409.647
410.127
410.654
411.125
411.628
412.128
412.626
413.126
413.628
414.126
414.629
415.137
415.627
416.135
416.628
417.129
417.628
418.131
418.63
419.128
419.635
420.163
420.632
421.135
421.63
422.165
422.627
423.127
423.653
424.127
424.627
425.132
425.628
426.134
426.627
427.127
427.634
428.127
428.633
429.129
429.628
430.127
430.629
431.127
431.66
432.125
432.629
433.127
433.628
434.139
434.632
435.128
435.674
436.131
436.635
437.129
437.628
438.133
438.671
439.174
439.711
440.135
440.628
441.133
441.647
442.133
442.634
443.126
443.626
444.175
444.627
445.129
445.63
446.134
446.633
447.133
447.632
448.217
448.626
449.187
449.686
450.167
450.691
451.205
451.641
452.21
452.688
453.156
453.645
454.133
454.631
455.143
455.628
456.129
456.628
457.134
457.63
458.136
458.631
459.126
459.631
460.127
460.631
461.129
461.629
462.129
462.633
463.129
463.63
464.13
464.634
465.129
465.626
466.126
466.636
467.128
467.628
468.149
468.632
469.129
469.63
470.157
470.631
471.126
471.63
472.136
472.631
473.128
473.634
474.129
474.629
475.13
475.649
476.131
476.646
477.131
477.632
478.131
478.63
479.134
479.63
480.129
480.63
481.131
481.631
482.126
482.631
483.153
483.631
484.128
484.628
485.133
485.637
486.131
486.628
487.129
487.647
488.125
488.629
489.128
489.63
490.132
490.673
491.128
491.631
492.136
492.629
493.15
493.631
494.141
494.63
495.13
495.63
496.126
496.63
497.132
497.633
498.162
498.677
499.13
499.629
500.13
500.632
501.133
501.63
502.129
502.63
503.126
503.629
504.131
504.657
505.13
505.629
506.128
506.634
507.129
507.661
508.204
508.628
509.13
509.626
510.131
510.631
511.155
511.629
512.134
512.644
513.142
513.647
514.193
514.658
515.126
515.629
516.129
516.643
517.128
517.645
518.129
518.656
519.13
519.678
520.13
520.636
521.13
521.626
522.132
522.633
523.141
523.627
524.184
524.63
525.127
525.628
526.188
526.63
527.133
527.671
528.126
528.629
529.167
529.678
530.154
530.681
531.186
531.662
532.195
532.692
533.13
533.626
534.2
534.705
535.178
535.63
536.139
536.629
537.134
537.634
538.131
538.63
539.129
539.631
540.13
540.629
541.129
541.629
542.128
542.635
543.13
543.631
544.135
544.639
545.13
545.65
546.129
546.63
547.156
547.665
548.194
548.671
549.199
549.629
550.128
550.631
551.129
551.717
552.238
552.686
553.195
553.65
554.22
554.67
555.17
555.672
556.186
556.681
557.193
557.7
558.203
558.709
559.154
559.642
560.129
560.626
561.195
561.667
562.133
562.629
563.192
563.673
564.26
564.627
565.131
565.634
566.133
566.628
567.133
567.633
568.135
568.634
569.128
569.63
570.126
570.631
571.129
571.629
572.131
572.653
573.13
573.629
574.13
574.627
575.128
575.626
576.13
576.631
577.129
577.628
578.131
578.629
579.168
579.632
580.127
580.63
581.126
581.631
582.189
582.646
583.128
583.634
584.131
584.629
585.133
585.626
586.149
586.626
587.127
587.667
588.131
588.631
589.169
589.658
590.129
590.667
591.126
591.63
592.126
592.758
593.235
593.68
594.234
594.74
595.174
595.692
596.251
596.71
597.168
597.63
598.13
598.631
599.31
599.733
600.302
600.634
601.172
601.643
602.153
602.635
603.186
603.784
604.237
604.628
605.126
605.643
606.135
606.629
607.173
607.633
608.172
608.636
609.13
609.629
610.129
610.628
611.192
611.628
612.128
612.638
613.186
613.64
614.155
614.631
615.129
615.67
616.131
616.634
617.13
617.63
618.173
618.633
619.13
619.646
620.174
620.631
621.126
621.652
622.209
622.67
623.197
623.675
624.147
624.677
625.17
625.677
626.128
626.647
627.128
627.632
628.132
628.648
629.262
629.704
630.225
630.702
631.129
631.629
632.13
632.63
633.129
633.65
634.126
634.648
635.197
635.648
636.126
636.665
637.128
637.626
638.132
638.651
639.161
639.659
640.131
640.648
641.13
641.647
642.169
642.633
643.135
643.628
644.129
644.626
645.167
645.632
646.133
646.644
647.2
647.695
648.13
648.652
649.126
649.651
650.132
650.656
651.126
651.649
652.127
652.634
653.131
653.65
654.128
654.632
655.13
655.632
656.134
656.631
657.133
657.632
658.129
658.629
659.126
659.629
660.156
660.633
661.175
661.63
662.133
662.636
663.13
663.678
664.127
664.648
665.135
665.646
666.127
666.689
667.15
667.65
668.133
668.626
669.132
669.63
670.131
670.629
671.125
671.635
672.128
672.633
673.129
673.629
674.134
674.643
675.131
675.648
676.125
676.633
677.126
677.628
678.131
678.629
679.134
679.649
680.126
680.627
681.132
681.695
682.126
682.634
683.126
683.627
684.131
684.635
685.125
685.632
686.159
686.631
687.127
687.648
688.175
688.635
689.133
689.701
690.128
690.627
691.166
691.634
692.128
692.629
693.158
693.63
694.126
694.649
695.133
695.633
696.135
696.645
697.126
697.628
698.131
698.632
699.181
699.647
700.13
700.629
701.133
701.631
702.131
702.633
703.129
703.647
704.126
704.666
705.127
705.631
706.128
706.631
707.127
707.629
708.13
708.631
709.127
709.63
710.13
710.651
711.13
711.666
712.129
712.627
713.128
713.633
714.128
714.644
715.131
715.629
716.134
716.632
717.133
717.681
718.128
718.685
719.126
719.633
720.128
720.631
721.128
721.629
722.128
722.633
723.179
723.632
724.127
724.674
725.231
725.632
726.132
726.631
727.176
727.63
728.126
728.628
729.149
729.674
730.201
730.628
731.13
731.629
732.127
732.632
733.127
733.63
734.131
734.631
735.128
735.63
736.132
736.629
737.131
737.672
738.132
738.686
739.146
739.627
740.141
740.629
741.129
741.633
742.196
742.63
743.134
743.633
744.172
744.63
745.127
745.627
746.129
746.626
747.176
747.632
748.125
748.631
749.13
749.626
750.13
750.638
751.154
751.634
752.181
752.632
753.137
753.681
754.125
754.632
755.126
755.629
756.13
756.637
757.125
757.627
758.128
758.626
759.199
759.643
760.131
760.635
761.128
761.636
762.129
762.627
763.13
763.626
764.128
764.627
765.134
765.632
766.132
766.628
767.132
767.626
768.131
768.632
769.131
769.627
770.131
770.629
771.135
771.652
772.132
772.642
773.126
773.631
774.128
774.632
775.131
775.627
776.13
776.632
777.125
777.632
778.131
778.63
779.156
779.629
780.126
780.631
781.136
781.632
782.13
782.628
783.133
783.629
784.128
784.636
785.128
785.632
786.129
786.628
787.127
787.625
788.205
788.626
789.128
789.626
790.133
790.627
791.145
791.629
792.13
792.633
793.132
793.63
794.132
794.683
795.131
795.634
796.16
796.682
797.187
797.687
798.172
798.696
799.126
799.648
800.132
800.681
801.16
801.631
802.126
802.627
803.129
803.632
804.163
804.631
805.125
805.627
806.127
806.632
807.131
807.631
808.156
808.628
809.148
809.626
810.126
810.632
811.13
811.628
812.131
812.631
813.131
813.631
814.134
814.658
815.133
815.63
816.132
816.635
817.143
817.644
818.126
818.632
819.125
819.627
820.132
820.632
821.127
821.642
822.164
822.634
823.128
823.644
824.128
824.628
825.128
825.631
826.125
826.635
827.129
827.635
828.127
828.63
829.132
829.632
830.13
830.654
831.134
831.629
832.154
832.627
833.134
833.647
834.135
834.63
835.131
835.635
836.129
836.636
837.158
837.628
838.132
838.643
839.187
839.627
840.158
840.632
841.126
841.634
842.133
842.626
843.135
843.63
844.129
844.654
845.131
845.626
846.166
846.63
847.149
847.632
848.127
848.649
849.129
849.632
850.129
850.664
851.163
851.692
852.17
852.631
853.127
853.635
854.157
854.633
855.131
855.626
856.133
856.633
857.178
857.627
858.13
858.627
859.132
859.633
860.134
860.627
861.128
861.635
862.125
862.628
863.127
863.626
864.131
864.687
865.135
865.626
866.166
866.635
867.133
867.644
868.125
868.631
869.131
869.672
870.133
870.633
871.13
871.63
872.248
872.674
873.146
873.744
874.211
874.697
875.214
875.716
876.27
876.693
877.176
877.683
878.208
878.688
879.158
879.637
880.213
880.735
881.218
881.709
882.214
882.7
883.132
883.629
884.228
884.629
885.132
885.635
886.129
886.637
887.157
887.636
888.206
888.63
889.137
889.688
890.133
890.634
891.201
891.626
892.138
892.625
893.178
893.635
894.159
894.684
895.128
895.634
896.24
896.63
897.132
897.633
898.135
898.625
899.133
899.652
900.129
900.626
901.131
901.626
902.17
902.631
903.127
903.626
904.13
904.634
905.133
905.635
906.155
906.648
907.131
907.647
908.135
908.634
909.127
909.637
910.133
910.629
911.127
911.648
912.132
912.631
913.127
913.644
914.126
914.627
915.126
915.627
916.136
916.63
917.126
917.631
918.133
918.626
919.129
919.632
920.131
920.631
921.126
921.631
922.132
922.627
923.134
923.646
924.125
924.632
925.126
925.63
926.132
926.636
927.135
927.63
928.126
928.632
929.129
929.63
930.132
930.633
931.131
931.654
932.132
932.659
933.132
933.633
934.125
934.645
935.134
935.649
936.203
936.629
937.125
937.631
938.128
938.684
939.134
939.629
940.132
940.646
941.128
941.65
942.128
942.628
943.127
943.634
944.129
944.645
945.131
945.631
946.171
946.628
947.127
947.644
948.139
948.634
949.13
949.704
950.128
950.627
951.126
951.647
952.214
952.669
953.205
953.645
954.136
954.626
955.129
955.647
956.144
956.642
957.126
957.63
958.126
958.651
959.129
959.628
960.126
960.651
961.131
961.637
962.173
962.636
963.128
963.632
964.127
964.634
965.133
965.667
966.131
966.633
967.126
967.627
968.129
968.663
969.127
969.633
970.13
970.639
971.132
971.633
972.127
972.629
973.127
973.626
974.158
974.634
975.135
975.634
976.128
976.631
977.127
977.635
978.13
978.634
979.133
979.636
980.178
980.632
981.127
981.629
982.129
982.628
983.129
983.632
984.133
984.63
985.156
985.691
986.172
986.635
987.125
987.68
988.136
988.626
989.135
989.641
990.261
990.63
991.127
991.63
992.126
992.635
993.128
993.633
994.132
994.631
995.128
995.629
996.186
996.636
997.134
997.634
998.132
998.658
999.136
999.663
1000.13
1000.64
1001.13
1001.63
1002.13
1002.63
1003.13
1003.63
1004.14
1004.65
1005.13
1005.63
1006.17
1006.65
1007.13
1007.64
1008.13
1008.64
1009.14
1009.63
1010.13
1010.63
1011.16
1011.63
1012.13
1012.63
1013.13
1013.64
1014.13
1014.63
1015.16
1015.63
1016.19
1016.65
1017.13
1017.63
1018.13
1018.63
1019.13
1019.63
1020.16
1020.63
1021.16
1021.63
1022.13
1022.63
1023.13
1023.63
1024.14
1024.67
1025.13
1025.63
1026.15
1026.63
1027.16
1027.63
1028.14
1028.63
1029.17
1029.64
1030.19
1030.63
1031.13
1031.63
1032.13
1032.68
1033.13
1033.71
1034.13
1034.63
1035.22
1035.71
1036.18
1036.64
1037.13
1037.65
1038.32
1038.63
1039.13
1039.63
1040.19
1040.68
1041.17
1041.72
1042.19
1042.73
1043.16
1043.65
1044.21
1044.7
1045.18
1045.69
1046.13
1046.63
1047.2
1047.63
1048.13
1048.66
1049.17
1049.78
1050.22
1050.67
1051.22
1051.67
1052.18
1052.7
1053.16
1053.67
1054.13
1054.63
1055.16
1055.63
1056.13
1056.67
1057.2
1057.63
1058.13
1058.64
1059.13
1059.65
1060.13
1060.63
1061.13
1061.63
1062.14
1062.65
1063.13
1063.63
1064.18
1064.63
1065.14
1065.63
1066.13
1066.63
1067.14
1067.63
1068.13
1068.63
1069.14
1069.63
1070.13
1070.63
1071.14
1071.63
1072.13
1072.67
1073.21
1073.67
1074.17
1074.66
1075.18
1075.68
1076.17
1076.69
1077.17
1077.67
1078.13
1078.63
1079.13
1079.63
1080.16
1080.63
1081.13
1081.63
1082.13
1082.63
1083.13
1083.65
1084.13
1084.63
1085.14
1085.63
1086.13
1086.63
1087.13
1087.64
1088.13
1088.63
1089.13
1089.65
1090.21
1090.67
1091.18
1091.68
1092.17
1092.7
1093.14
1093.63
1094.19
1094.66
1095.13
1095.63
1096.17
1096.63
1097.13
1097.63
1098.13
1098.63
1099.15
1099.63
1100.14
1100.63
1101.13
1101.63
1102.13
1102.65
1103.14
1103.66
1104.16
1104.63
1105.13
1105.67
1106.19
1106.63
1107.17
1107.7
1108.17
1108.68
1109.18
1109.63
1110.13
1110.71
1111.14
1111.63
1112.13
1112.66
1113.13
1113.63
1114.17
1114.63
1115.13
1115.63
1116.17
1116.63
1117.16
1117.63
1118.13
1118.63
1119.13
1119.63
1120.13
1120.63
1121.13
1121.64
1122.13
1122.63
1123.13
1123.63
1124.2
1124.65
1125.15
1125.63
1126.14
1126.63
1127.13
1127.68
1128.13
1128.63
1129.13
1129.63
1130.13
1130.63
1131.13
1131.63
1132.13
1132.63
1133.13
1133.63
1134.13
1134.68
1135.16
1135.71
1136.18
1136.68
1137.2
1137.66
1138.21
1138.68
1139.15
1139.69
1140.22
1140.66
1141.13
1141.64
1142.14
1142.63
1143.13
1143.63
1144.13
1144.63
1145.13
1145.64
1146.14
1146.63
1147.13
1147.64
1148.17
1148.63
1149.14
1149.65
1150.13
1150.63
1151.13
1151.63
1152.13
1152.63
1153.13
1153.63
1154.13
1154.63
1155.13
1155.66
1156.13
1156.63
1157.13
1157.63
1158.17
1158.63
1159.13
1159.66
1160.13
1160.63
1161.13
1161.63
1162.16
1162.63
1163.13
1163.63
1164.13
1164.63
1165.13
1165.64
1166.13
1166.63
1167.13
1167.63
1168.21
1168.67
1169.19
1169.64
1170.13
1170.63
1171.24
1171.65
1172.15
1172.63
1173.13
1173.63
1174.13
1174.63
1175.17
1175.63
1176.14
1176.64
1177.18
1177.63
1178.16
1178.66
1179.16
1179.65
1180.24
1180.64
1181.13
1181.63
1182.13
1182.64
1183.13
1183.63
1184.13
1184.63
1185.16
1185.63
1186.13
1186.63
1187.19
1187.63
1188.13
1188.63
1189.13
1189.63
1190.13
1190.66
1191.13
1191.66
1192.13
1192.63
1193.13
1193.63
1194.13
1194.63
1195.13
1195.63
1196.13
1196.63
1197.13
1197.63
1198.13
1198.63
1199.13
1199.63
1200.13
1200.63
1201.13
1201.63
1202.13
1202.66
1203.13
1203.63
1204.13
1204.63
1205.13
1205.63
1206.13
1206.64
1207.13
1207.65
1208.17
1208.66
1209.2
1209.63
1210.13
1210.63
1211.19
1211.66
1212.13
1212.63
1213.13
1213.64
1214.13
1214.63
1215.13
1215.63
1216.13
1216.63
1217.13
1217.63
1218.13
1218.63
1219.13
1219.63
1220.13
1220.63
1221.13
1221.63
1222.13
1222.63
1223.13
1223.63
1224.13
1224.63
1225.13
1225.63
1226.13
1226.63
1227.13
1227.65
1228.13
1228.63
1229.13
1229.63
1230.15
1230.63
1231.13
1231.63
1232.13
1232.63
1233.16
1233.66
1234.13
1234.63
1235.13
1235.63
1236.13
1236.63
1237.18
1237.67
1238.18
1238.65
1239.14
1239.67
1240.22
1240.63
1241.13
1241.63
1242.13
1242.63
1243.13
1243.63
1244.13
1244.63
1245.13
1245.63
1246.14
1246.63
1247.14
1247.63
1248.13
1248.63
1249.13
1249.67
1250.13
1250.63
1251.13
1251.63
1252.13
1252.63
1253.13
1253.63
1254.13
1254.63
1255.13
1255.63
1256.13
1256.63
1257.13
1257.63
1258.13
1258.63
1259.13
1259.63
1260.14
1260.63
1261.13
1261.63
1262.18
1262.64
1263.13
1263.63
1264.13
1264.63
1265.13
1265.63
1266.19
1266.63
1267.13
1267.63
1268.16
1268.65
1269.14
1269.63
1270.14
1270.63
1271.15
1271.63
1272.13
1272.63
1273.13
1273.63
1274.13
1274.63
1275.18
1275.64
1276.13
1276.63
1277.15
1277.63
1278.13
1278.65
1279.14
1279.63
1280.14
1280.63
1281.13
1281.63
1282.13
1282.63
1283.13
1283.63
1284.13
1284.63
1285.15
1285.63
1286.13
1286.64
1287.13
1287.63
1288.13
1288.63
1289.13
1289.63
1290.13
1290.66
1291.13
1291.63
1292.13
1292.63
1293.14
1293.63
1294.13
1294.63
1295.13
1295.63
1296.13
1296.63
1297.15
1297.63
1298.14
1298.63
1299.14
1299.64
1300.16
1300.63
1301.13
1301.67
1302.13
1302.63
1303.13
1303.63
1304.13
1304.67
1305.18
1305.64
1306.13
1306.63
1307.18
1307.63
1308.14
1308.63
1309.13
1309.63
1310.19
1310.64
1311.13
1311.63
1312.13
1312.63
1313.13
1313.63
1314.13
1314.63
1315.13
1315.64
1316.13
1316.63
1317.13
1317.63
1318.13
1318.63
1319.13
1319.66
1320.13
1320.68
1321.14
1321.64
1322.13
1322.69
1323.18
1323.65
1324.13
1324.64
1325.13
1325.63
1326.13
1326.63
1327.15
1327.63
1328.13
1328.63
1329.13
1329.64
1330.13
1330.63
1331.18
1331.63
1332.13
1332.64
1333.13
1333.63
1334.13
1334.63
1335.13
1335.63
1336.13
1336.63
1337.15
1337.63
1338.13
1338.63
1339.13
1339.63
1340.13
1340.63
1341.13
1341.63
1342.13
1342.63
1343.13
1343.68
1344.18
1344.68
1345.16
1345.67
1346.18
1346.63
1347.13
1347.63
1348.13
1348.63
1349.15
1349.63
1350.13
1350.65
1351.13
1351.63
1352.2
1352.63
1353.17
1353.69
1354.22
1354.67
1355.18
1355.65
1356.13
1356.63
1357.13
1357.63
1358.16
1358.7
1359.13
1359.63
1360.13
1360.63
1361.13
1361.63
1362.2
1362.66
1363.13
1363.63
1364.13
1364.64
1365.13
1365.63
1366.13
1366.67
1367.13
1367.64
1368.16
1368.63
1369.13
1369.63
1370.13
1370.63
1371.13
1371.63
1372.13
1372.63
1373.13
1373.65
1374.13
1374.63
1375.13
1375.63
1376.13
1376.63
1377.13
1377.63
1378.16
1378.63
1379.13
1379.63
1380.13
1380.63
1381.15
1381.63
1382.13
1382.66
1383.13
1383.63
1384.13
1384.63
1385.13
1385.63
1386.13
1386.63
1387.13
1387.63
1388.13
1388.63
1389.14
1389.66
1390.21
1390.69
1391.13
1391.63
1392.18
1392.63
1393.13
1393.63
1394.13
1394.63
1395.13
1395.66
1396.13
1396.63
1397.14
1397.64
1398.13
1398.63
1399.13
1399.63
1400.13
1400.63
1401.15
1401.65
1402.13
1402.63
1403.13
1403.65
1404.13
1404.63
1405.13
1405.63
1406.13
1406.63
1407.13
1407.63
1408.13
1408.63
1409.13
1409.63
1410.13
1410.63
1411.18
1411.63
1412.14
1412.63
1413.13
1413.63
1414.15
1414.64
1415.13
1415.63
1416.13
1416.63
1417.14
1417.63
1418.14
1418.63
1419.13
1419.63
1420.13
1420.63
1421.13
1421.63
1422.13
1422.63
1423.13
1423.63
1424.13
1424.65
1425.13
1425.65
1426.13
1426.63
1427.13
1427.65
1428.14
1428.63
1429.13
1429.63
1430.13
1430.65
1431.15
1431.63
1432.13
1432.63
1433.16
1433.63
1434.13
1434.64
1435.13
1435.63
1436.13
1436.65
1437.13
1437.63
1438.13
1438.63
1439.13
1439.68
1440.13
1440.63
1441.13
1441.63
1442.13
1442.63
1443.13
1443.63
1444.13
1444.64
1445.13
1445.64
1446.15
1446.63
1447.13
1447.63
1448.13
1448.65
1449.13
1449.63
1450.14
1450.63
1451.13
1451.63
1452.19
1452.64
1453.13
1453.63
1454.13
1454.64
1455.13
1455.63
1456.13
1456.63
1457.13
1457.63
1458.13
1458.63
1459.13
1459.63
1460.13
1460.63
1461.13
1461.63
1462.13
1462.63
1463.13
1463.63
1464.17
1464.63
1465.16
1465.63
1466.13
1466.63
1467.13
1467.63
1468.13
1468.63
1469.13
1469.63
1470.13
1470.63
1471.17
1471.66
1472.18
1472.65
1473.18
1473.66
1474.15
1474.64
1475.17
1475.66
1476.14
1476.64
1477.18
1477.64
1478.15
1478.65
1479.18
1479.67
1480.15
1480.67
1481.17
1481.66
1482.17
1482.67
1483.18
1483.67
1484.18
1484.64
1485.18
1485.66
1486.19
1486.64
1487.18
1487.66
1488.18
1488.64
1489.18
1489.67
1490.15
1490.64
1491.17
1491.66
1492.17
1492.64
1493.17
1493.66
1494.18
1494.67
1495.17
1495.66
1496.15
1496.65
1497.18
1497.67
1498.18
1498.65
1499.18
1499.67
1500.18
1500.65
1501.18
1501.67
1502.16
1502.64
1503.18
1503.67
1504.18
1504.64
1505.18
1505.67
1506.15
1506.66
1507.15
1507.64
1508.16
1508.65
1509.15
1509.67
1510.15
