1.6096
1.60965
2.10973
2.60986
3.10974
3.61075
4.11062
4.62821
5.10975
5.63379
6.11077
6.62785
7.10979
7.63133
8.11171
8.62708
9.10982
9.63403
10.1112
10.63
11.1097
11.6436
12.1373
12.6288
13.1097
13.6404
14.1111
14.6363
15.1098
15.6386
16.111
16.6286
17.131
17.6492
18.1238
18.6284
19.1186
19.6376
20.1113
20.6317
21.1099
21.6326
22.1108
22.6266
23.1098
23.6331
24.1121
24.6258
25.1097
25.64
26.1109
26.65
27.1097
27.6398
28.1112
28.6259
29.1097
29.6425
30.1098
30.6119
31.1113
31.6604
32.137
32.6133
33.1122
33.6586
34.1097
34.6319
35.1123
35.6706
36.1097
36.6113
37.1112
37.6577
38.1246
38.6116
39.1116
39.659
40.1097
40.6378
41.1116
41.6536
42.1098
42.6124
43.1387
43.6426
44.1099
44.6278
45.1111
45.6353
46.1097
46.6115
47.1365
47.6418
48.1098
48.612
49.1111
49.6499
50.1097
50.6117
51.1199
51.6588
52.114
52.6247
53.1258
53.6438
54.1107
54.6117
55.1107
55.6452
56.1115
56.6225
57.1123
57.6534
58.114
58.6142
59.1123
59.6602
60.1189
60.6225
61.117
61.6723
62.1167
62.6291
63.1172
63.6759
64.1261
64.6562
65.123
65.6584
66.1213
66.6246
67.1255
67.6625
68.1259
68.6332
69.1284
69.6733
70.1252
70.6275
71.1263
71.6543
72.1283
72.6314
73.1274
73.6674
74.1256
74.6277
75.1289
75.6582
76.1262
76.6306
77.1417
77.6559
78.1278
78.6292
79.1288
79.7182
80.1283
80.6454
81.1262
81.6941
82.1267
82.6456
83.1492
83.6599
84.1308
84.6306
85.1272
85.7109
86.1824
86.6454
87.1267
87.6627
88.1339
88.6569
89.1282
89.6696
90.1267
90.6309
91.1837
91.6822
92.2237
92.6467
93.1262
93.6772
94.1278
94.6435
95.1287
95.6769
96.1282
96.629
97.1281
97.6698
98.1815
98.6476
99.1269
99.6603
100.128
100.645
101.13
101.71
102.127
102.634
103.128
103.666
104.127
104.662
105.128
105.664
106.127
106.629
107.127
107.657
108.127
108.629
109.127
109.662
110.128
110.63
111.128
111.665
112.127
112.63
113.13
113.678
114.129
114.644
115.131
115.678
116.128
116.629
117.142
117.679
118.142
118.643
119.139
119.669
120.196
120.629
121.126
121.655
122.132
122.664
123.127
123.655
124.133
124.648
125.128
125.655
126.199
126.648
127.129
127.745
128.125
128.703
129.127
129.678
130.125
130.776
131.127
131.687
132.127
132.63
133.131
133.704
134.128
134.641
135.127
135.673
136.127
136.632
137.129
137.672
138.129
138.631
139.128
139.676
140.126
140.631
141.129
141.675
142.143
142.632
143.129
143.674
144.128
144.665
145.129
145.672
146.13
146.632
147.127
147.676
148.129
148.631
149.185
149.693
150.145
150.646
151.138
151.674
152.133
152.653
153.13
153.649
154.139
154.692
155.126
155.651
156.13
156.644
157.128
157.685
158.129
158.65
159.13
159.655
160.13
160.664
161.126
161.658
162.152
162.645
163.145
163.657
164.127
164.648
165.127
165.656
166.161
166.692
167.129
167.666
168.131
168.69
169.125
169.664
170.13
170.647
171.128
171.685
172.126
172.63
173.13
173.689
174.129
174.651
175.129
175.679
176.166
176.631
177.128
177.682
178.126
178.65
179.126
179.667
180.127
180.631
181.129
181.71
182.13
182.63
183.132
183.739
184.18
184.647
185.132
185.71
186.179
186.686
187.127
187.671
188.127
188.634
189.129
189.676
190.141
190.644
191.126
191.663
192.127
192.703
193.154
193.723
194.127
194.647
195.13
195.663
196.126
196.63
197.132
197.665
198.141
198.647
199.159
199.674
200.133
200.678
201.173
201.714
202.185
202.701
203.177
203.728
204.13
204.632
205.127
205.685
206.127
206.632
207.129
207.678
208.233
208.649
209.128
209.689
210.127
210.644
211.128
211.671
212.13
212.734
213.152
213.684
214.13
214.63
215.128
215.74
216.243
216.656
217.149
217.73
218.239
218.681
219.174
219.733
220.192
220.696
221.207
221.71
222.127
222.643
223.129
223.725
224.161
224.648
225.129
225.669
226.197
226.704
227.162
227.671
228.128
228.648
229.126
229.688
230.128
230.655
231.128
231.664
232.128
232.678
233.126
233.662
234.126
234.65
235.126
235.654
236.128
236.645
237.126
237.648
238.127
238.643
239.129
239.654
240.126
240.648
241.128
241.654
242.126
242.644
243.127
243.655
244.127
244.645
245.129
245.665
246.128
246.645
247.127
247.655
248.126
248.689
249.129
249.721
250.126
250.676
251.128
251.689
252.127
252.647
253.126
253.738
254.154
254.659
255.175
255.7
256.199
256.629
257.127
257.68
258.128
258.655
259.145
259.739
260.126
260.662
261.129
261.685
262.128
262.693
263.129
263.724
264.127
264.676
265.13
265.685
266.127
266.654
267.131
267.674
268.126
268.675
269.186
269.677
270.128
270.632
271.129
271.674
272.126
272.645
273.127
273.728
274.126
274.651
275.128
275.655
276.126
276.628
277.152
277.678
278.126
278.649
279.129
279.654
280.126
280.645
281.173
281.652
282.15
282.642
283.13
283.714
284.178
284.644
285.13
285.653
286.155
286.644
287.128
287.66
288.128
288.643
289.128
289.648
290.125
290.647
291.127
291.649
292.13
292.67
293.126
293.663
294.161
294.631
295.147
295.664
296.176
296.629
297.191
297.668
298.131
298.63
299.172
299.679
300.126
300.629
301.186
301.691
302.184
302.706
303.125
303.685
304.193
304.648
305.128
305.676
306.173
306.632
307.128
307.684
308.126
308.647
309.129
309.669
310.127
310.648
311.127
311.651
312.129
312.646
313.128
313.674
314.127
314.649
315.155
315.674
316.172
316.628
317.14
317.673
318.126
318.632
319.174
319.672
320.128
320.632
321.126
321.703
322.156
322.63
323.15
323.666
324.126
324.639
325.129
325.666
326.132
326.629
327.126
327.669
328.128
328.631
329.13
329.674
330.127
330.631
331.128
331.674
332.127
332.636
333.128
333.666
334.129
334.63
335.126
335.673
336.13
336.633
337.129
337.675
338.127
338.63
339.128
339.673
340.155
340.633
341.17
341.665
342.128
342.651
343.13
343.687
344.13
344.632
345.125
345.684
346.13
346.655
347.13
347.662
348.132
348.648
349.131
349.768
350.129
350.632
351.146
351.673
352.136
352.649
353.129
353.69
354.157
354.634
355.128
355.723
356.147
356.654
357.132
357.673
358.184
358.69
359.17
359.686
360.127
360.66
361.149
361.683
362.148
362.745
363.128
363.716
364.127
364.657
365.152
365.728
366.146
366.674
367.167
367.729
368.131
368.629
369.185
369.734
370.16
370.676
371.127
371.674
372.13
372.679
373.133
373.679
374.181
374.67
375.132
375.662
376.163
376.635
377.131
377.667
378.158
378.635
379.13
379.668
380.126
380.636
381.138
381.669
382.135
382.651
383.126
383.657
384.127
384.647
385.131
385.66
386.126
386.69
387.131
387.674
388.132
388.629
389.128
389.663
390.126
390.646
391.164
391.671
392.162
392.694
393.162
393.734
394.207
394.707
395.127
395.689
396.127
396.703
397.199
397.7
398.212
398.7
399.213
399.747
400.125
400.632
401.131
401.703
402.126
402.634
403.13
403.653
404.132
404.664
405.129
405.67
406.131
406.632
407.183
407.657
408.219
408.694
409.13
409.692
410.127
410.701
411.125
411.654
412.128
412.647
413.127
413.685
414.128
414.632
415.138
415.662
416.135
416.648
417.129
417.654
418.131
418.652
419.128
419.66
420.163
420.635
421.135
421.673
422.165
422.63
423.127
423.679
424.127
424.63
425.132
425.673
426.134
426.63
427.127
427.749
428.127
428.636
429.129
429.669
430.127
430.642
431.127
431.7
432.126
432.65
433.127
433.687
434.139
434.635
435.128
435.733
436.131
436.654
437.129
437.707
438.133
438.771
439.174
439.764
440.135
440.631
441.133
441.679
442.133
442.636
443.126
443.666
444.175
444.63
445.129
445.687
446.134
446.651
447.136
447.671
448.217
448.629
449.187
449.745
450.167
450.708
451.205
451.697
452.21
452.69
453.156
453.7
454.133
454.634
455.143
455.684
456.13
456.697
457.134
457.668
458.136
458.634
459.126
459.712
460.127
460.634
461.129
461.677
462.129
462.636
463.129
463.684
464.13
464.637
465.129
465.653
466.126
466.656
467.128
467.655
468.149
468.653
469.129
469.66
470.157
470.654
471.126
471.678
472.136
472.634
473.128
473.685
474.129
474.632
475.13
475.693
476.131
476.649
477.131
477.651
478.131
478.65
479.134
479.653
480.13
480.65
481.131
481.671
482.126
482.634
483.153
483.675
484.128
484.647
485.133
485.665
486.132
486.649
487.129
487.694
488.125
488.649
489.128
489.658
490.132
490.694
491.128
491.659
492.136
492.65
493.15
493.674
494.141
494.666
495.13
495.656
496.126
496.649
497.132
497.677
498.162
498.698
499.13
499.675
500.13
500.635
501.133
501.748
502.129
502.633
503.126
503.671
504.131
504.678
505.13
505.67
506.128
506.654
507.129
507.709
508.204
508.648
509.13
509.653
510.131
510.651
511.155
511.655
512.134
512.647
513.142
513.679
514.193
514.661
515.126
515.676
516.129
516.645
517.129
517.673
518.129
518.659
519.13
519.722
520.13
520.638
521.13
521.656
522.132
522.653
523.141
523.661
524.184
524.632
525.127
525.678
526.188
526.712
527.133
527.708
528.126
528.649
529.167
529.744
530.207
530.698
531.186
531.718
532.195
532.71
533.13
533.678
534.2
534.708
535.178
535.673
536.139
536.651
537.134
537.665
538.131
538.633
539.129
539.68
540.13
540.632
541.129
541.664
542.128
542.654
543.13
543.683
544.135
544.659
545.13
545.786
546.14
546.65
547.157
547.724
548.194
548.674
549.199
549.69
550.128
550.651
551.129
551.783
552.238
552.689
553.195
553.714
554.22
554.673
555.17
555.735
556.187
556.697
557.193
557.764
558.203
558.725
559.154
559.706
560.129
560.645
561.195
561.765
562.133
562.634
563.192
563.731
564.26
564.647
565.131
565.667
566.133
566.722
567.133
567.684
568.135
568.636
569.128
569.659
570.126
570.653
571.129
571.662
572.131
572.677
573.13
573.66
574.13
574.647
575.128
575.656
576.13
576.634
577.129
577.669
578.131
578.65
579.168
579.658
580.127
580.649
581.126
581.75
582.189
582.649
583.128
583.671
584.131
584.65
585.133
585.741
586.149
586.647
587.127
587.73
588.131
588.65
589.169
589.718
590.129
590.67
591.126
591.667
592.126
592.761
593.235
593.723
594.234
594.764
595.174
595.736
596.251
596.73
597.168
597.692
598.13
598.634
599.31
599.798
600.302
600.637
601.172
601.712
602.154
602.638
603.186
603.848
604.237
604.648
605.126
605.692
606.135
606.632
607.173
607.682
608.172
608.686
609.13
609.692
610.129
610.631
611.192
611.687
612.132
612.659
613.186
613.748
614.155
614.65
615.129
615.707
616.131
616.637
617.13
617.683
618.173
618.636
619.13
619.69
620.174
620.653
621.126
621.692
622.209
622.672
623.197
623.706
624.147
624.68
625.17
625.708
626.129
626.65
627.128
627.675
628.132
628.655
629.262
629.755
630.225
630.705
631.129
631.679
632.13
632.65
633.129
633.701
634.126
634.652
635.197
635.688
636.126
636.744
637.128
637.669
638.132
638.654
639.161
639.697
640.131
640.652
641.13
641.675
642.169
642.635
643.135
643.659
644.129
644.722
645.171
645.666
646.133
646.722
647.2
647.734
648.13
648.655
649.126
649.695
650.133
650.659
651.126
651.697
652.127
652.637
653.131
653.689
654.128
654.634
655.13
655.69
656.134
656.634
657.133
657.679
658.129
658.632
659.126
659.669
660.156
660.636
661.175
661.675
662.133
662.639
663.13
663.699
664.127
664.651
665.135
665.673
666.127
666.692
667.15
667.678
668.133
668.65
669.132
669.662
670.131
670.651
671.125
671.665
672.128
672.655
673.129
673.679
674.134
674.664
675.131
675.678
676.126
676.656
677.126
677.774
678.134
678.632
679.134
679.685
680.127
680.651
681.132
681.741
682.126
682.654
683.126
683.653
684.131
684.655
685.126
685.674
686.159
686.653
687.127
687.673
688.175
688.638
689.133
689.73
690.128
690.723
691.166
691.685
692.128
692.631
693.158
693.664
694.126
694.654
695.133
695.658
696.135
696.648
697.126
697.65
698.131
698.651
699.181
699.672
700.13
700.648
701.133
701.653
702.131
702.652
703.129
703.671
704.126
704.669
705.127
705.671
706.128
706.633
707.127
707.671
708.13
708.633
709.127
709.671
710.13
710.654
711.131
711.715
712.129
712.645
713.128
713.659
714.128
714.666
715.131
715.678
716.134
716.705
717.133
717.839
718.128
718.707
719.126
719.697
720.128
720.634
721.128
721.675
722.128
722.656
723.179
723.688
724.127
724.695
725.231
725.673
726.132
726.652
727.176
727.694
728.126
728.649
729.149
729.729
730.201
730.631
731.13
731.681
732.128
732.635
733.127
733.677
734.131
734.634
735.128
735.665
736.132
736.649
737.131
737.733
738.132
738.688
739.146
739.674
740.141
740.648
741.129
741.66
742.196
742.672
743.134
743.686
744.173
744.633
745.127
745.652
746.129
746.707
747.176
747.658
748.125
748.651
749.13
749.65
750.13
750.728
751.154
751.663
752.181
752.635
753.137
753.715
754.126
754.67
755.126
755.657
756.13
756.656
757.125
757.652
758.128
758.629
759.199
759.669
760.131
760.639
761.128
761.683
762.129
762.629
763.13
763.675
764.128
764.645
765.134
765.657
766.132
766.647
767.132
767.653
768.132
768.652
769.131
769.75
770.131
770.649
771.135
771.7
772.132
772.644
773.126
773.662
774.128
774.652
775.132
775.654
776.13
776.652
777.126
777.657
778.131
778.711
779.156
779.654
780.126
780.651
781.136
781.661
782.13
782.647
783.133
783.66
784.128
784.656
785.128
785.665
786.129
786.647
787.127
787.654
788.205
788.646
789.128
789.65
790.133
790.647
791.145
791.656
792.131
792.651
793.133
793.677
794.132
794.686
795.131
795.687
796.16
796.703
797.187
797.724
798.172
798.699
799.126
799.684
800.133
800.7
801.16
801.676
802.126
802.63
803.129
803.673
804.163
804.634
805.125
805.669
806.127
806.671
807.131
807.702
808.157
808.631
809.148
809.737
810.127
810.635
811.13
811.68
812.131
812.633
813.131
813.669
814.134
814.678
815.133
815.665
816.132
816.637
817.143
817.66
818.126
818.651
819.125
819.712
820.132
820.656
821.127
821.662
822.164
822.637
823.128
823.695
824.128
824.647
825.128
825.646
826.125
826.654
827.129
827.727
828.127
828.678
829.132
829.652
830.13
830.717
831.134
831.655
832.154
832.646
833.134
833.676
834.136
834.633
835.131
835.668
836.129
836.638
837.158
837.673
838.132
838.646
839.187
839.666
840.158
840.635
841.126
841.672
842.133
842.644
843.135
843.652
844.129
844.674
845.131
845.725
846.166
846.633
847.149
847.681
848.127
848.652
849.13
849.681
850.129
850.667
851.163
851.762
852.17
852.634
853.127
853.683
854.157
854.636
855.131
855.67
856.133
856.655
857.178
857.649
858.13
858.648
859.132
859.677
860.134
860.63
861.128
861.683
862.125
862.648
863.127
863.655
864.131
864.708
865.135
865.668
866.166
866.655
867.133
867.676
868.125
868.716
869.131
869.711
870.133
870.652
871.13
871.691
872.248
872.676
873.146
873.802
874.211
874.7
875.214
875.775
876.274
876.696
877.176
877.726
878.208
878.691
879.158
879.783
880.213
880.738
881.218
881.767
882.214
882.703
883.132
883.689
884.228
884.648
885.132
885.672
886.129
886.658
887.157
887.697
888.206
888.632
889.138
889.754
890.133
890.656
891.201
891.689
892.138
892.713
893.178
893.683
894.159
894.687
895.128
895.685
896.24
896.651
897.132
897.698
898.135
898.628
899.133
899.712
900.129
900.629
901.131
901.663
902.17
902.634
903.127
903.677
904.13
904.637
905.133
905.668
906.155
906.651
907.131
907.68
908.135
908.66
909.13
909.667
910.133
910.632
911.127
911.672
912.132
912.633
913.127
913.666
914.126
914.63
915.126
915.665
916.136
916.632
917.126
917.653
918.133
918.646
919.129
919.653
920.131
920.669
921.126
921.653
922.132
922.63
923.134
923.67
924.125
924.635
925.126
925.686
926.132
926.656
927.135
927.667
928.126
928.653
929.129
929.671
930.132
930.653
931.131
931.698
932.132
932.661
933.132
933.664
934.125
934.647
935.134
935.679
936.203
936.632
937.125
937.668
938.128
938.687
939.134
939.679
940.132
940.648
941.128
941.688
942.128
942.631
943.128
943.673
944.13
944.664
945.131
945.67
946.171
946.631
947.127
947.665
948.14
948.7
949.13
949.728
950.128
950.646
951.127
951.751
952.214
952.685
953.205
953.693
954.136
954.628
955.129
955.669
956.188
956.645
957.126
957.652
958.126
958.654
959.129
959.648
960.126
960.7
961.131
961.66
962.173
962.639
963.128
963.656
964.127
964.636
965.134
965.711
966.131
966.653
967.126
967.656
968.129
968.685
969.128
969.677
970.13
970.642
971.132
971.661
972.127
972.649
973.127
973.646
974.158
974.653
975.135
975.672
976.128
976.633
977.127
977.675
978.13
978.637
979.133
979.679
980.178
980.656
981.127
981.669
982.129
982.646
983.129
983.661
984.133
984.72
985.156
985.746
986.172
986.638
987.125
987.716
988.136
988.646
989.135
989.699
990.261
990.65
991.127
991.685
992.126
992.656
993.128
993.668
994.132
994.635
995.128
995.765
996.186
996.639
997.134
997.691
998.132
998.678
999.136
999.716
1000.13
1000.64
1001.13
1001.68
1002.13
1002.64
1003.13
1003.73
1004.14
1004.65
1005.13
1005.66
1006.17
1006.67
1007.13
1007.67
1008.14
1008.66
1009.14
1009.69
1010.13
1010.63
1011.16
1011.68
1012.13
1012.63
1013.13
1013.67
1014.13
1014.63
1015.16
1015.68
1016.19
1016.67
1017.13
1017.68
1018.13
1018.65
1019.13
1019.65
1020.16
1020.63
1021.16
1021.67
1022.13
1022.63
1023.13
1023.67
1024.14
1024.69
1025.13
1025.68
1026.15
1026.63
1027.16
1027.74
1028.14
1028.64
1029.17
1029.66
1030.19
1030.65
1031.13
1031.76
1032.13
1032.7
1033.13
1033.75
1034.13
1034.63
1035.22
1035.76
1036.18
1036.64
1037.13
1037.71
1038.32
1038.64
1039.13
1039.69
1040.19
1040.79
1041.17
1041.76
1042.19
1042.74
1043.16
1043.71
1044.21
1044.72
1045.18
1045.75
1046.13
1046.65
1047.2
1047.8
1048.13
1048.69
1049.17
1049.82
1050.22
1050.77
1051.22
1051.73
1052.18
1052.72
1053.16
1053.74
1054.13
1054.65
1055.16
1055.68
1056.13
1056.69
1057.2
1057.68
1058.13
1058.66
1059.13
1059.69
1060.13
1060.65
1061.13
1061.66
1062.14
1062.65
1063.13
1063.67
1064.18
1064.63
1065.14
1065.66
1066.13
1066.63
1067.14
1067.74
1068.13
1068.63
1069.14
1069.67
1070.13
1070.65
1071.17
1071.67
1072.13
1072.67
1073.21
1073.72
1074.17
1074.66
1075.18
1075.72
1076.17
1076.69
1077.17
1077.71
1078.13
1078.65
1079.13
1079.67
1080.16
1080.63
1081.13
1081.67
1082.13
1082.63
1083.13
1083.68
1084.13
1084.63
1085.14
1085.75
1086.13
1086.63
1087.13
1087.69
1088.13
1088.63
1089.13
1089.69
1090.21
1090.68
1091.18
1091.74
1092.17
1092.72
1093.14
1093.68
1094.19
1094.66
1095.13
1095.67
1096.17
1096.63
1097.13
1097.67
1098.13
1098.64
1099.15
1099.75
1100.14
1100.63
1101.13
1101.66
1102.13
1102.66
1103.14
1103.69
1104.16
1104.72
1105.13
1105.72
1106.19
1106.65
1107.17
1107.76
1108.17
1108.68
1109.18
1109.67
1110.13
1110.71
1111.14
1111.69
1112.13
1112.68
1113.13
1113.68
1114.17
1114.64
1115.13
1115.68
1116.17
1116.64
1117.16
1117.66
1118.13
1118.65
1119.13
1119.68
1120.13
1120.65
1121.13
1121.68
1122.13
1122.63
1123.13
1123.67
1124.2
1124.65
1125.15
1125.66
1126.14
1126.63
1127.13
1127.73
1128.13
1128.67
1129.13
1129.66
1130.13
1130.64
1131.13
1131.67
1132.13
1132.63
1133.13
1133.68
1134.13
1134.7
1135.16
1135.75
1136.18
1136.7
1137.2
1137.7
1138.21
1138.7
1139.15
1139.74
1140.22
1140.66
1141.13
1141.67
1142.14
1142.67
1143.13
1143.68
1144.13
1144.63
1145.13
1145.67
1146.14
1146.63
1147.13
1147.67
1148.17
1148.63
1149.14
1149.68
1150.13
1150.63
1151.13
1151.68
1152.13
1152.63
1153.13
1153.66
1154.13
1154.63
1155.13
1155.69
1156.13
1156.65
1157.13
1157.65
1158.17
1158.73
1159.13
1159.69
1160.13
1160.65
1161.13
1161.66
1162.16
1162.65
1163.13
1163.68
1164.13
1164.63
1165.13
1165.67
1166.13
1166.72
1167.13
1167.67
1168.21
1168.67
1169.19
1169.69
1170.13
1170.65
1171.24
1171.81
1172.15
1172.65
1173.13
1173.67
1174.13
1174.65
1175.17
1175.68
1176.14
1176.64
1177.18
1177.78
1178.16
1178.66
1179.16
1179.71
1180.24
1180.66
1181.13
1181.66
1182.13
1182.65
1183.13
1183.68
1184.13
1184.63
1185.16
1185.76
1186.13
1186.65
1187.19
1187.66
1188.13
1188.7
1189.13
1189.67
1190.13
1190.68
1191.13
1191.7
1192.13
1192.65
1193.13
1193.69
1194.13
1194.65
1195.13
1195.76
1196.13
1196.65
1197.13
1197.65
1198.13
1198.66
1199.13
1199.65
1200.13
1200.7
1201.13
1201.66
1202.13
1202.68
1203.13
1203.66
1204.13
1204.65
1205.13
1205.65
1206.14
1206.68
1207.13
1207.68
1208.17
1208.66
1209.2
1209.66
1210.13
1210.65
1211.19
1211.73
1212.13
1212.63
1213.13
1213.66
1214.13
1214.65
1215.13
1215.65
1216.13
1216.65
1217.13
1217.65
1218.13
1218.65
1219.13
1219.65
1220.13
1220.65
1221.13
1221.65
1222.13
1222.65
1223.13
1223.67
1224.13
1224.65
1225.13
1225.68
1226.13
1226.64
1227.13
1227.69
1228.13
1228.65
1229.13
1229.65
1230.15
1230.63
1231.13
1231.68
1232.13
1232.65
1233.16
1233.72
1234.13
1234.64
1235.13
1235.68
1236.13
1236.65
1237.18
1237.71
1238.18
1238.65
1239.2
1239.71
1240.22
1240.64
1241.13
1241.67
1242.13
1242.67
1243.13
1243.68
1244.13
1244.65
1245.13
1245.68
1246.14
1246.65
1247.14
1247.65
1248.13
1248.65
1249.13
1249.72
1250.13
1250.7
1251.13
1251.75
1252.13
1252.63
1253.13
1253.76
1254.13
1254.63
1255.13
1255.66
1256.13
1256.74
1257.13
1257.65
1258.13
1258.63
1259.13
1259.66
1260.14
1260.65
1261.13
1261.68
1262.18
1262.64
1263.13
1263.67
1264.13
1264.63
1265.13
1265.68
1266.19
1266.67
1267.13
1267.66
1268.16
1268.68
1269.14
1269.67
1270.14
1270.67
1271.15
1271.66
1272.13
1272.65
1273.13
1273.65
1274.13
1274.65
1275.18
1275.66
1276.13
1276.65
1277.15
1277.66
1278.13
1278.67
1279.14
1279.67
1280.14
1280.63
1281.13
1281.65
1282.13
1282.71
1283.13
1283.65
1284.13
1284.63
1285.15
1285.74
1286.13
1286.65
1287.13
1287.65
1288.13
1288.65
1289.13
1289.66
1290.13
1290.68
1291.13
1291.67
1292.13
1292.67
1293.14
1293.65
1294.13
1294.71
1295.13
1295.65
1296.13
1296.65
1297.15
1297.68
1298.14
1298.63
1299.14
1299.67
1300.16
1300.65
1301.13
1301.72
1302.13
1302.65
1303.13
1303.67
1304.13
1304.67
1305.18
1305.68
1306.13
1306.65
1307.18
1307.67
1308.14
1308.72
1309.13
1309.69
1310.19
1310.64
1311.13
1311.69
1312.13
1312.63
1313.13
1313.67
1314.13
1314.65
1315.13
1315.66
1316.13
1316.65
1317.13
1317.75
1318.13
1318.63
1319.13
1319.69
1320.13
1320.72
1321.14
1321.67
1322.13
1322.7
1323.18
1323.7
1324.13
1324.64
1325.13
1325.66
1326.13
1326.65
1327.15
1327.68
1328.13
1328.64
1329.13
1329.68
1330.13
1330.65
1331.18
1331.76
1332.13
1332.69
1333.13
1333.68
1334.13
1334.65
1335.13
1335.65
1336.13
1336.65
1337.15
1337.67
1338.13
1338.64
1339.13
1339.65
1340.13
1340.65
1341.13
1341.66
1342.13
1342.63
1343.13
1343.72
1344.18
1344.68
1345.16
1345.7
1346.18
1346.63
1347.13
1347.66
1348.13
1348.65
1349.15
1349.68
1350.13
1350.65
1351.13
1351.67
1352.2
1352.63
1353.17
1353.75
1354.22
1354.69
1355.18
1355.7
1356.13
1356.63
1357.13
1357.67
1358.16
1358.7
1359.13
1359.68
1360.13
1360.63
1361.13
1361.67
1362.2
1362.66
1363.13
1363.66
1364.13
1364.68
1365.13
1365.68
1366.13
1366.69
1367.13
1367.69
1368.16
1368.63
1369.13
1369.67
1370.13
1370.69
1371.13
1371.67
1372.13
1372.65
1373.13
1373.67
1374.13
1374.65
1375.13
1375.65
1376.13
1376.65
1377.13
1377.65
1378.16
1378.63
1379.13
1379.67
1380.13
1380.72
1381.15
1381.71
1382.13
1382.66
1383.13
1383.67
1384.13
1384.64
1385.13
1385.66
1386.13
1386.63
1387.13
1387.69
1388.13
1388.65
1389.14
1389.71
1390.21
1390.71
1391.13
1391.68
1392.18
1392.63
1393.13
1393.67
1394.13
1394.64
1395.13
1395.71
1396.13
1396.65
1397.14
1397.65
1398.14
1398.65
1399.13
1399.65
1400.13
1400.65
1401.15
1401.67
1402.13
1402.63
1403.13
1403.67
1404.13
1404.66
1405.13
1405.67
1406.13
1406.63
1407.13
1407.66
1408.13
1408.63
1409.13
1409.66
1410.13
1410.63
1411.18
1411.67
1412.14
1412.63
1413.13
1413.73
1414.15
1414.64
1415.13
1415.66
1416.13
1416.64
1417.14
1417.67
1418.14
1418.65
1419.13
1419.67
1420.13
1420.65
1421.13
1421.65
1422.13
1422.65
1423.13
1423.65
1424.13
1424.67
1425.13
1425.67
1426.13
1426.65
1427.13
1427.77
1428.14
1428.65
1429.13
1429.66
1430.13
1430.67
1431.15
1431.68
1432.13
1432.72
1433.16
1433.66
1434.13
1434.64
1435.13
1435.66
1436.13
1436.67
1437.13
1437.67
1438.13
1438.63
1439.13
1439.73
1440.13
1440.65
1441.13
1441.66
1442.13
1442.63
1443.13
1443.67
1444.13
1444.64
1445.13
1445.72
1446.15
1446.65
1447.13
1447.65
1448.13
1448.67
1449.13
1449.67
1450.14
1450.63
1451.13
1451.68
1452.19
1452.65
1453.13
1453.72
1454.13
1454.64
1455.13
1455.68
1456.13
1456.63
1457.13
1457.66
1458.13
1458.65
1459.13
1459.67
1460.13
1460.63
1461.13
1461.66
1462.13
1462.65
1463.13
1463.67
1464.17
1464.63
1465.16
1465.66
1466.13
1466.65
1467.13
1467.67
1468.13
1468.63
1469.13
1469.67
1470.13
1470.64
1471.17
1471.69
1472.18
1472.65
1473.18
1473.7
1474.19
1474.66
1475.17
1475.7
1476.14
1476.65
1477.18
1477.71
1478.15
1478.66
1479.18
1479.7
1480.15
1480.69
1481.17
1481.69
1482.17
1482.69
1483.18
1483.7
1484.18
1484.65
1485.18
1485.7
1486.19
1486.65
1487.18
1487.7
1488.18
1488.64
1489.18
1489.7
1490.15
1490.65
1491.17
1491.69
1492.17
1492.64
1493.17
1493.69
1494.18
1494.69
1495.17
1495.7
1496.15
1496.65
1497.18
1497.7
1498.18
1498.65
1499.18
1499.7
1500.18
1500.65
1501.18
1501.71
1502.16
1502.66
1503.18
1503.7
1504.18
1504.65
1505.18
1505.71
1506.15
1506.66
1507.15
1507.68
1508.16
1508.67
1509.15
1509.71
1510.15
