0.017247
0.012167
0.009223
0.005280
0.004722
0.004646
0.006292
0.005821
0.008250
0.006650
0.008623
0.009580
0.012304
0.016168
0.010387
0.012724
0.012571
0.007813
0.006843
0.010554
0.006947
0.010046
0.007908
0.010624
0.009982
0.010706
0.015666
0.016088
0.016411
0.013940
0.012144
0.012974
0.011244
0.008128
0.011883
0.012478
0.018391
0.014597
0.015570
0.015311
0.011295
0.005505
0.005575
0.002257
0.002715
0.004210
0.006038
0.006661
0.011444
0.011121
0.007793
0.006256
0.009032
0.010688
0.005785
0.005251
0.005776
0.008065
0.007315
0.009275
0.009784
0.016268
0.016141
0.023780
0.016435
0.017011
0.017550
0.018685
0.006542
0.009797
0.010434
0.011897
0.007154
0.007286
0.005727
0.006542
0.008564
0.009722
0.012776
0.010759
0.010366
0.014687
0.012238
0.016340
0.013727
0.015783
0.012871
0.015769
0.013144
0.015384
0.013175
0.015794
0.012917
0.015359
0.012887
0.016292
0.019042
0.019422
0.014006
0.012128
0.011912
0.012177
0.012445
0.011487
0.013068
0.011971
0.010502
0.010137
0.010772
0.014517
0.014085
0.016186
0.021247
0.015025
0.012359
0.015361
0.015851
0.008167
0.012184
0.012102
0.005742
0.005267
0.014671
0.010160
0.016459
0.011570
0.013493
0.011810
0.010200
0.009032
0.009795
0.010306
0.011072
0.015860
0.008408
0.009108
0.009507
0.011519
0.011206
0.008896
0.008033
0.008875
0.010000
0.014114
0.011511
0.012082
0.012486
0.013059
0.016270
0.019333
0.018947
0.019584
0.021019
0.018975
0.018971
0.025088
0.028507
0.022926
0.014079
0.008999
0.007786
0.002813
0.004654
0.006675
0.007299
0.005988
0.006444
0.012453
0.015930
0.014081
0.013512
0.017718
0.015250
0.015864
0.018042
0.015015
0.014224
0.014458
0.020796
0.014894
0.010074
0.013858
0.012879
0.011560
0.008459
0.014164
0.013283
0.009509
0.012537
0.008409
0.012970
0.012966
0.016882
0.011002
0.013901
0.009391
0.010266
0.007232
0.008548
0.007557
0.006305
0.004823
0.013358
0.011849
0.006920
0.011295
0.011521
0.007619
0.006554
0.006091
0.006633
0.015049
0.017795
0.014848
0.014929
0.021309
0.018119
0.016774
0.020721
0.017345
0.013402
0.016258
0.016907
0.016750
0.011687
0.014806
0.010505
0.007969
0.010571
0.011901
0.011851
0.016160
0.011616
0.011517
0.009233
0.011695
0.012505
0.011152
0.016075
0.017924
0.020828
0.014990
0.014574
0.008138
0.015639
0.015246
0.012897
0.012637
0.009799
0.012145
0.008208
0.019896
0.019425
0.019391
0.013061
0.007687
0.011035
0.010638
0.019103
0.023154
0.014334
0.011960
0.016294
0.013390
0.013398
0.014953
0.009365
0.006238
0.003668
0.010820
0.009873
0.007852
0.005987
0.004429
0.005500
0.015367
0.016566
0.012424
0.010664
0.005866
0.007506
0.005924
0.004923
0.005688
0.004463
0.006061
0.007600
0.008106
0.008417
0.005566
0.005851
0.007496
0.006645
0.005147
0.010673
0.007621
0.014526
0.010889
0.014052
0.006260
0.004527
0.004883
0.003578
0.003958
0.007010
0.002814
0.006518
0.005055
0.009264
0.009673
0.008816
0.012774
0.016863
0.022004
0.023941
0.029885
0.036164
0.026399
0.024210
0.023370
0.026879
0.021612
0.019573
0.014807
0.011088
0.018101
0.012294
0.013246
0.014495
0.011091
0.004632
0.003563
0.003914
0.008785
0.009788
0.009494
0.011292
0.011424
0.006943
0.011461
0.018331
0.006429
0.004954
0.011165
0.013243
0.013962
0.012015
0.011101
0.012913
0.009041
0.010896
0.014539
0.013659
0.014519
0.015016
0.011202
0.011279
0.008672
0.008531
0.008577
0.006929
0.007038
0.013948
0.010967
0.010809
0.014121
0.012583
0.014065
0.011289
0.013360
0.012292
0.014064
0.016078
0.010929
0.011870
0.014308
0.009480
0.008760
0.008636
0.014612
0.012507
0.012157
0.006726
0.008372
0.009790
0.013973
0.009171
0.013333
0.013680
0.018258
0.016665
0.022538
0.013870
0.023844
0.026289
0.025785
0.020457
0.022448
0.021147
0.016820
0.010047
0.010488
0.012100
0.009226
0.018407
0.015123
0.010165
0.010303
0.010262
0.016363
0.010619
0.012564
0.009539
0.016424
0.013556
0.010894
0.010408
0.018542
0.014934
0.018455
0.016475
0.014754
0.013429
0.017919
0.016053
0.016745
0.014678
0.010505
0.008601
0.010158
0.013226
0.014137
0.017160
0.018796
0.022298
0.017505
0.012592
0.013165
0.014569
0.014102
0.014134
0.014977
0.014897
0.011699
0.012951
0.009696
0.011289
0.012033
0.014128
0.014346
0.011011
0.011929
0.027310
0.022976
0.020173
0.014688
0.014228
0.023468
0.018907
0.021363
0.015808
0.016735
0.021612
0.016930
0.016881
0.019601
0.016360
0.019835
0.014741
0.011658
0.007830
0.007050
0.011647
0.017589
0.017635
0.013777
0.022544
0.012569
0.012230
0.010060
0.011063
0.014238
0.017712
0.006418
0.010753
0.011582
0.008394
0.011897
0.005462
0.005551
0.012501
0.012473
0.010125
0.010186
0.016022
