4.68483
5.60848
7.02448
8.08306
8.99373
9.50564
10.6725
11.2825
12.4592
13.2645
14.2745
14.5686
15.882
16.6876
17.688
18.8149
19.8825
21.0849
22.734
23.9497
24.9677
26.3822
27.7135
28.8305
29.7
30.1372
31.5016
32.0499
33.0388
34.2072
35.7181
37.3302
38.5041
39.4391
40.7944
41.9547
42.9546
43.9462
44.5656
45.2681
46.7825
48.2835
49.3672
50.5891
51.5923
53.1322
53.9332
54.7717
55.6316
56.4333
57.9217
59.0513
60.6021
61.5691
62.7674
63.8259
65.3155
65.6362
66.9814
68.2615
69.3058
69.6515
71.2517
71.4719
72.9843
73.3768
74.9158
76.1243
76.7412
78.005
79.5
82.9972
84.653
86.0722
87.8403
89.1795
90.1238
91.5142
92.7469
94.1455
95.2965
96.7968
97.2568
98.5019
99.1131
100.297
100.857
102.223
102.677
103.923
104.503
105.768
106.278
107.566
108.097
109.589
110.745
111.772
113.142
114.191
115.77
117.192
117.573
119.194
120.684
122.783
124.011
125.73
127.113
128.718
129.856
131.811
132.777
133.792
135.19
136.269
137.497
138.186
139.31
140.514
141.464
143.377
143.698
143.977
145.52
147.557
153.284
154.907
155.652
157.268
158.374
160.167
161.158
162.166
163.183
163.728
165.696
166.02
166.958
168.089
169.632
170.597
171.474
172.041
173.318
173.881
175.06
176.038
176.809
177.353
178.533
179.137
180.514
181.383
182.171
183.73
185.245
186.987
201.368
203.497
203.984
205.611
206.391
207.685
209.298
210.142
211.513
212.43
214.758
216.311
217.79
218.146
220.587
221.017
222.069
223.298
224.132
226.167
226.669
227.795
228.901
229.321
230.24
231.939
232.287
233.05
234.573
235.699
237.095
237.431
238.931
240.173
241.454
242.519
243.8
245.004
246.051
246.704
248.345
249.258
250.593
251.742
252.833
254.553
255.346
256.822
257.366
258.879
260.694
261.205
262.938
264.494
266.191
266.847
267.547
268.435
269.822
270.521
272.374
272.744
274.241
274.75
275.909
276.908
279.017
279.745
280.79
282.076
284.656
285.3
286.775
295.765
306.62
308.322
310.665
326.834
336.803
338.248
340.029
340.621
341.85
342.846
343.744
345.762
346.292
357.968
359.401
360.218
363.423
364.679
365.943
366.497
368.636
369.308
369.755
370.718
371.606
373.547
376.565
377.818
379.455
380.558
381.599
383.124
385.173
385.529
395.254
396.632
398.261
401.038
401.443
402.767
404.23
405.788
406.806
408.613
409.831
412.083
413.012
430.164
431.783
433.126
435.381
436.208
437.098
438.229
439.366
441.705
443.099
444.384
445.219
447.608
448.068
449.428
450.226
452.025
452.916
453.959
455.496
457.938
458.587
460.076
461.029
461.532
464.191
464.66
465.989
467.704
469.876
470.554
471.762
489.972
492.707
493.445
495.506
497.938
526.534
528.26
530.965
532.13
539.36
540.42
542.235
544.89
545.567
547.079
548.1
550.268
550.972
552.27
553.24
555.32
555.983
556.953
558.481
560.509
561.508
562.679
564.061
566.335
573.808
576.985
578.466
582.778
584.597
594.912
615.283
625.686
639.615
650.663
653.312
653.776
655.229
656.146
657.367
659.516
659.923
667.152
668.632
668.911
671.288
671.68
672.898
674.326
676.676
677.657
679.041
679.758
680.228
680.621
683.126
683.528
684.941
686.372
686.769
688.841
689.388
690.913
692.269
693.169
694.628
695.184
695.774
696.727
697.524
698.67
701.993
704.267
711.447
717.548
718.22
723.258
724.19
724.889
725.83
728.958
730.264
730.568
733.452
733.822
734.908
736.277
738.8
739.504
741.991
745.704
746.815
748.503
750.873
751.238
752.898
754.433
756.175
757.287
760.001
761.398
762.733
763.957
764.995
766.183
768.459
769.569
770.971
772.15
773.676
775.734
776.084
777.291
779.152
781.071
781.941
783
784.181
784.869
786.373
788.489
788.818
790.699
791.196
793.595
793.943
795.19
797.348
800.037
801.049
802.86
805.313
806.939
807.738
809.558
811.062
811.724
813.284
815.12
816.639
819.124
819.705
821.514
823.026
824.912
826.459
827.984
829.865
831.395
832.921
834.811
836.107
837.958
838.987
841.054
841.524
842.646
843.771
846.307
846.743
847.995
854.548
856.278
858.431
859.358
860.86
861.93
889.381
891.522
892.267
893.783
895.385
897.689
898.17
898.421
900.242
901.57
904.227
904.597
905.862
