0.010958
0.007595
0.010530
0.008475
0.008820
0.012512
0.013087
0.012612
0.029928
0.028038
0.018174
0.009358
0.016260
0.018062
0.019128
0.019394
0.020923
0.020816
0.018172
0.030596
0.030210
0.026359
0.036200
0.035615
0.034787
0.013541
0.035667
0.044610
0.044655
0.044738
0.046965
0.046932
0.046907
0.052245
0.066438
0.065158
0.061390
0.062233
0.062206
0.061535
0.059231
0.086490
0.086395
0.090640
0.107700
0.111001
0.113284
0.100570
0.104805
0.102681
0.108776
0.103619
0.106551
0.106056
0.114890
0.106689
0.117083
0.016496
0.113876
0.124578
0.125646
0.025019
0.127657
0.033375
0.123340
0.020799
0.119506
0.119374
0.121087
0.107258
0.105353
0.015757
0.020482
0.015058
0.091336
0.050810
0.040329
0.041603
0.012339
0.018889
0.013948
0.130048
0.029157
0.017365
0.024377
0.020149
0.030168
0.140988
0.014437
0.016046
0.016580
0.020674
0.016026
0.079511
0.017611
0.019104
0.019144
0.018690
0.063476
0.020449
0.028822
0.019799
0.021117
0.115558
0.021235
0.023232
0.033406
0.179719
0.025421
0.033481
0.040111
0.395687
0.047738
0.042820
0.072018
0.037775
0.351686
0.028561
0.028348
0.031694
0.036587
0.397924
0.032873
0.032800
0.038514
0.037198
0.043195
0.410364
0.038615
0.039792
0.070627
0.463501
0.031230
0.071862
0.029146
0.024132
0.484917
0.020537
0.021267
0.018688
0.041934
0.342068
0.018514
0.044200
0.031647
0.021582
0.058526
0.489109
0.070240
0.026249
0.025766
0.065646
0.072410
0.567419
0.055508
0.023558
0.029043
0.616598
0.032765
0.727153
0.031379
0.084183
0.065052
0.033581
0.816367
0.035540
0.131982
0.101823
1.040772
0.042034
0.043263
0.042747
0.893107
0.044410
0.131793
0.056592
0.105834
0.726944
0.080525
0.107602
0.028805
0.140180
0.027260
0.410364
0.025117
0.023274
0.107179
0.035365
0.157571
0.023548
0.033106
0.144797
0.028254
0.283384
0.125306
0.026660
0.024365
0.023079
0.190260
0.026379
0.069297
0.034369
0.034653
0.610384
0.046307
0.111164
0.200166
0.039178
0.757481
0.038159
0.204909
0.207763
0.573561
0.138858
0.034507
0.191190
0.024718
0.188048
0.576861
0.031056
0.030710
0.032207
0.032739
0.231961
1.062030
0.246715
0.174342
0.145958
1.186261
0.239030
0.183071
0.051226
0.046822
0.267451
1.352974
1.197035
0.036679
0.032838
0.942747
0.028139
0.030703
0.034612
0.032672
0.817167
0.037551
0.038886
0.041109
0.042619
1.119931
0.046239
0.052122
0.042759
0.896338
0.230238
0.036956
0.034976
0.185339
0.615420
0.181000
0.184021
0.233977
0.031144
0.034595
0.033779
0.841843
0.034651
0.046650
0.035219
0.042116
1.352234
0.043792
0.042173
0.040914
0.684074
0.268803
0.039722
0.042506
0.710981
0.036669
0.038797
0.215108
0.045275
0.962526
0.283923
0.050303
0.208920
0.255794
0.044895
0.047018
0.268842
0.275760
1.384784
0.042815
0.184616
0.039884
0.736944
0.181123
0.226228
0.261235
0.858283
0.037176
0.251903
0.043171
0.045078
1.394787
0.049927
0.051538
0.225397
1.241653
0.273764
0.278155
0.045753
1.373279
0.243152
0.044959
1.334974
0.049089
0.050013
1.563505
0.055125
0.060295
0.055383
0.294369
1.537533
0.049286
0.272234
0.049145
1.018996
0.254437
0.034985
0.261237
0.951831
0.038634
0.040613
0.036154
0.858893
0.371233
0.043686
0.362443
1.582324
0.052088
0.345418
0.312958
0.055731
0.406722
0.055041
0.056101
0.050767
0.051713
0.052598
0.944926
0.046120
0.042599
0.042531
0.046961
1.034588
0.044674
0.050008
0.049372
0.051476
1.229578
0.051520
0.046149
0.048867
0.838050
0.358954
0.356828
0.375378
0.044316
0.044035
1.194915
0.037472
0.039631
0.368450
0.033952
0.599048
0.037791
0.379002
0.268780
0.334756
1.008248
0.042457
0.041973
0.053244
0.050486
0.056636
0.373496
0.055336
0.053899
1.793357
0.065588
1.983028
0.394452
0.061666
0.427270
0.056854
0.052297
0.050052
1.623084
0.047511
0.046154
0.047480
1.407428
0.035521
0.034872
0.037963
0.049700
0.035569
0.910480
0.035817
0.042083
0.038343
0.766467
0.352028
0.038787
0.039814
0.045525
0.037101
0.040318
0.036899
0.798055
0.037451
0.038181
0.038675
0.045600
1.018813
0.039324
0.036390
0.036685
0.926898
0.048743
0.038045
0.038318
0.035355
0.034492
0.794242
0.038938
0.039026
0.036928
0.874414
0.042103
0.037905
0.032974
0.039091
0.044590
0.037481
0.044778
0.038815
0.040745
0.036893
0.905282
0.037339
0.038883
0.037783
0.042680
1.029511
0.047703
0.042748
0.038337
0.041309
0.045226
0.046083
0.043280
0.042975
0.045419
0.055778
0.045155
0.386557
0.045474
1.301980
0.045110
0.045253
0.041616
1.048657
0.040037
0.040477
0.044696
0.039093
0.739576
0.033191
0.036471
0.034710
0.041107
0.854683
0.038840
0.373967
0.405635
1.151935
0.041847
0.040911
0.040334
0.040833
1.194076
0.036837
0.039814
