0.000000
0.033333
0.533333
1.046667
1.646667
2.166667
2.912643
3.898351
4.884361
5.874759
6.860761
7.848000
8.889880
9.851666
10.832317
11.814628
12.805096
13.795719
14.841999
15.825101
16.814628
17.800766
18.783230
19.721032
20.698998
21.736945
22.727851
23.715748
24.640130
25.617632
26.448978
27.338131
27.944355
28.841511
29.727980
30.679003
31.327120
32.161340
33.226407
34.174458
35.160466
35.939099
36.365214
37.225816
38.215788
39.264021
40.249931
41.206701
42.184416
43.038860
43.859810
44.861971
45.846218
46.831813
47.754421
48.733487
49.700670
50.686097
51.735251
52.681584
53.621402
54.598298
55.581311
56.567050
57.531291
58.502298
59.493625
60.493385
61.389344
62.359310
63.286658
63.917044
64.755800
65.638411
66.434787
67.163053
67.753669
68.624752
69.676028
70.665674
71.622459
72.598305
73.587271
74.557455
75.535686
76.509070
77.489601
78.351401
79.238985
80.215991
81.071906
82.074914
83.033266
83.869096
84.862038
85.826077
86.806605
87.767040
88.813560
89.553919
90.126605
90.988687
92.035830
92.882363
93.836027
94.809665
95.697604
96.638291
97.425907
97.961912
98.289649
98.621804
99.222866
99.645692
100.430575
101.061559
101.554696
102.517023
103.453912
104.448470
105.287861
106.085220
106.668598
107.513953
108.481535
109.227771
110.167349
111.104565
112.086529
113.062638
113.828104
114.726195
115.784046
116.661374
117.650804
118.524738
119.219567
120.269296
121.393238
122.188861
123.096141
124.088620
125.069564
126.023316
127.075017
128.063282
129.036204
130.001468
130.968304
131.912503
132.606236
133.115995
133.915439
134.543410
135.007320
135.896181
136.505011
137.211480
137.934105
138.655555
138.858336
138.858336
138.862683
139.231415
140.206469
141.175964
142.137998
143.152632
144.145208
145.109226
146.160781
147.146088
148.114529
149.087836
150.056491
150.903539
151.867065
152.535254
153.136365
154.091392
154.835196
155.324748
155.848695
156.813327
157.792937
158.705337
159.418371
160.185613
161.165650
162.155325
163.201761
164.181952
165.169901
166.153494
167.136404
168.054386
169.041874
170.086969
171.036253
171.978201
173.156161
173.935216
174.828997
175.867735
176.849648
177.829413
178.776296
179.771301
180.744335
181.670994
182.691430
183.674645
184.654885
185.618750
186.608730
187.580853
188.605005
189.595514
190.576430
191.559333
192.537099
193.466113
194.118745
194.978949
195.962674
196.899011
197.497445
198.172115
199.061198
200.042008
201.060446
201.973895
202.884701
203.721165
204.671512
205.467548
206.524429
207.365565
208.217074
209.221192
210.199563
210.199563
210.280169
210.999479
211.979173
212.948565
213.939945
214.835826
215.745179
216.793309
217.716648
218.625985
219.602293
220.450964
221.178310
222.176405
223.220080
224.211805
225.204550
225.601333
226.101975
227.048495
227.939525
228.947996
229.908045
230.861270
231.457712
231.917674
232.660257
233.546893
235.086525
235.481648
236.473470
237.334840
237.805687
238.371840
239.268246
240.224839
241.079952
242.005746
242.603384
243.131032
244.498010
244.996202
245.554837
245.785942
246.293965
247.156244
248.082679
249.139902
249.852003
250.045890
250.392523
251.292942
252.307402
252.307402
252.307402
252.307402
252.307402
252.307402
252.307402
252.307402
252.307402
252.414217
253.117881
254.456613
255.014657
255.801015
256.343944
257.329831
258.164885
258.732269
259.684416
260.666034
261.649012
262.699186
263.216169
264.701156
265.691330
266.674343
267.662479
268.634944
269.690568
270.561595
271.471967
272.457416
273.447516
273.820980
275.399108
276.449938
277.321426
278.240416
279.028134
279.569899
280.540008
281.573468
282.563616
283.554975
284.544935
285.529507
286.516578
287.504556
288.561278
289.550744
290.540288
291.530276
292.520525
294.369560
294.564277
295.554877
296.540851
297.531116
298.521296
299.508628
300.564568
301.550942
302.563119
303.523203
305.003240
305.609991
306.596727
307.568934
308.525280
309.054830
309.636373
310.584614
311.567140
312.582839
313.602925
314.584331
315.797758
316.776763
317.556703
317.556703
317.556703
317.556703
317.556703
317.556703
317.556703
317.556703
317.556703
317.556703
317.556703
317.556703
317.556703
317.556703
317.556703
317.556703
317.556703
317.556703
317.556703
317.556703
317.556703
317.556703
317.556703
317.556703
317.556703
317.556703
317.556703
317.602796
318.183277
319.225869
320.536703
321.405554
322.194405
322.955671
323.779577
324.293665
324.841287
325.735365
326.636360
327.410206
327.951456
329.613507
330.480067
330.804232
331.064277
331.311833
332.142043
333.128210
334.085107
335.117750
336.025557
336.854678
336.949274
339.269297
339.664555
339.921505
339.921505
340.016576
340.697063
341.633432
342.285198
343.070378
344.114263
344.959139
346.385160
346.520689
347.403160
348.391094
349.352334
350.069876
350.664564
351.582364
352.477666
353.190345
353.907231
355.739360
355.829044
356.272201
357.159887
358.141732
359.132478
360.119363
361.157836
362.084622
363.070449
364.026699
365.017070
366.535324
367.005687
368.034050
369.009918
369.974785
370.965757
371.959264
372.938234
373.941438
374.719110
375.686985
376.655448
377.630109
378.138993
378.594488
379.536567
380.513313
381.447337
382.099561
382.959502
383.308463
383.829356
384.662197
385.609471
386.496061
386.969508
387.739974
388.626391
389.324552
390.108925
391.010167
391.825886
392.421185
393.293264
394.277591
395.332679
396.323247
397.313854
398.305365
399.300091
400.284037
401.334778
402.312149
403.141314
404.103299
405.524011
405.878211
406.567371
407.322656
408.273120
409.262221
410.697050
411.225111
412.191826
412.503815
412.560783
413.157970
415.066199
415.842623
416.427692
417.070665
417.691968
418.625894
419.464012
420.418922
421.405375
422.390636
423.378569
425.081783
425.081783
426.310732
427.246722
428.172689
429.038168
429.911947
430.851752
431.820703
432.829957
433.752652
434.641202
435.619585
436.592619
437.446973
438.031286
438.894274
439.858188
440.764889
441.789332
442.780908
443.768788
444.743079
445.493886
446.376047
448.424868
448.424868
449.417503
450.031843
450.823006
452.072268
452.803039
453.664736
454.508133
455.341983
456.340177
457.421299
459.511239
460.596747
461.408523
462.401242
463.311120
464.374165
465.418738
465.599445
465.599445
465.599445
465.599445
465.599445
465.599445
465.599445
465.599445
465.599445
465.599445
465.599445
465.599445
465.599445
465.599445
465.768341
466.545084
467.863718
468.507470
468.653417
468.653417
468.653417
468.653417
468.653417
468.653417
468.653417
468.653417
468.653417
468.653417
468.653417
468.653417
468.653417
468.653417
468.653417
468.653417
468.695496
469.259385
470.306124
471.280330
472.265148
473.750613
475.963783
476.392694
476.392694
476.392694
476.392694
476.392694
476.392694
476.392694
476.392694
476.392694
476.392694
476.392694
476.392694
476.392694
476.392694
476.392694
476.392694
476.392694
476.392694
476.392694
476.392694
476.392694
476.392694
476.392694
476.392694
476.392694
476.392694
476.392694
476.392694
476.392694
476.392694
477.896769
478.864901
479.690560
480.227497
480.517973
480.517973
480.517973
480.517973
480.517973
480.517973
480.517973
480.517973
480.517973
480.517973
480.517973
480.517973
480.517973
480.517973
480.517973
480.521756
480.796580
481.653623
482.814684
483.856824
484.733521
485.859475
486.444505
487.055674
487.851439
488.916722
489.838641
490.820460
491.853742
492.695653
493.469314
494.451350
495.176966
496.071109
497.109111
498.089630
499.081145
500.072361
500.781370
500.781370
500.781370
500.781370
500.781370
500.781370
500.781370
500.781370
500.781370
500.781370
500.781370
500.781370
500.781370
500.781370
500.781370
500.781370
500.781370
500.781370
500.781370
500.781370
500.957006
501.752013
502.771921
503.784314
504.767223
505.723006
506.531854
506.531854
506.531854
507.803804
508.372133
508.410852
508.482722
509.122916
510.167034
511.117043
511.973294
512.781623
514.329883
515.224341
515.608360
516.661421
517.561201
518.481469
519.364342
520.505549
520.775841
521.213785
522.445522
522.524906
523.306602
524.293730
525.266756
526.227736
526.516646
526.516646
526.851550
527.745865
528.724503
530.109633
530.134906
530.213615
530.791953
531.756557
532.733031
533.712059
534.622612
535.234827
535.945630
536.877695
537.812042
539.045596
540.049535
540.399376
541.187435
542.120000
542.982144
543.321058
543.330891
543.330891
543.330891
543.330891
543.330891
543.330891
543.330891
543.330891
543.330891
543.330891
543.330891
543.330891
543.330891
543.330891
543.330891
543.363577
543.958835
544.927532
545.913757
546.904393
547.880958
548.822556
549.839548
550.840328
551.972734
553.867676
554.232884
554.689213
555.684055
556.488040
557.436485
558.422063
559.414444
560.853054
561.625379
562.228000
563.544339
563.996234
564.527982
565.495124
566.180363
566.998742
567.977738
568.925989
569.726290
570.577811
572.022339
572.614293
573.425737
574.296301
575.189569
576.184950
576.800186
576.800186
576.800186
576.800186
576.800186
576.800186
576.800186
576.800186
576.800186
576.800186
576.800186
576.800186
576.800186
576.800186
576.800186
576.800186
576.800186
576.800186
576.800186
576.800186
576.800186
576.800186
576.800186
576.800186
576.800186
576.800186
576.800186
576.800186
576.800186
576.800186
576.800186
576.800186
576.988084
577.782234
579.097663
579.653452
580.249264
581.031686
582.013323
583.000429
585.382853
585.776327
585.972345
586.447505
587.756208
588.746984
589.733346
590.976557
591.689259
592.883485
593.724633
595.020190
595.020190
595.024504
595.402694
596.308691
597.297599
598.292175
599.361724
600.242255
601.159834
602.105019
603.198106
605.411738
605.415994
605.793550
606.699579
607.749454
608.733545
609.666292
610.647007
611.220819
612.575346
613.630122
614.399299
615.308125
616.259376
617.214799
618.203077
619.186590
620.237669
621.225877
622.083194
623.848461
624.310524
624.763848
625.094800
626.056038
627.036639
628.025365
629.007796
629.989473
630.904962
631.949889
632.586492
634.566434
634.583238
635.047953
636.055859
637.031707
638.010038
638.947051
639.636689
640.473902
642.083109
643.342994
644.388006
645.193250
646.581093
646.998244
647.726274
649.016426
649.313797
649.405634
649.405634
649.405634
649.405634
649.405634
649.405634
649.405634
649.405634
649.405634
649.405634
649.405634
649.405634
649.405634
649.405634
649.405634
649.405634
649.405634
649.405634
649.405634
649.405634
649.405634
649.405634
649.405634
649.405634
649.405634
649.405634
649.405634
649.405634
649.680346
650.537280
653.945089
654.047452
654.510652
654.771248
655.615181
656.823707
657.264166
657.890122
658.719334
659.685104
662.013544
662.588426
662.588426
662.588426
662.588426
662.588426
662.588426
662.588426
662.588426
662.588426
662.588426
662.588426
662.588426
662.588426
662.588426
662.588426
662.588426
662.588426
662.588426
662.588426
662.588426
662.588426
662.588426
662.588426
662.588426
662.588426
662.588426
662.588426
662.588426
662.588426
662.588426
662.588426
662.588426
662.588426
662.588426
662.588426
662.588426
662.588426
662.588426
662.588426
662.588426
662.588426
662.588426
662.588426
662.588426
662.588426
662.588426
662.588426
662.588426
662.703932
663.385639
664.353954
665.405983
666.397881
667.388064
668.622738
670.022780
670.022780
670.022780
670.321131
671.262386
672.215311
673.055992
673.288482
673.288482
673.288482
673.288482
673.288482
673.288482
673.288482
673.288482
673.355419
673.982637
674.954791
675.944716
676.935197
678.253359
678.980534
679.969811
680.499022
683.869441
684.086579
684.263780
685.039491
686.286319
687.000467
688.106333
689.025683
690.015001
691.531386
692.919943
693.051702
693.568846
694.945239
696.000751
696.892881
697.829587
698.777413
699.762812
700.708538
701.512965
701.582846
702.193576
702.834949
703.400106
703.833344
704.514096
705.544940
706.454427
707.251306
707.982544
708.838855
709.476367
710.656498
711.511799
712.498434
713.438005
714.405310
715.109614
716.161161
717.614827
719.014732
719.014732
719.014732
719.014732
719.014732
719.014732
719.014732
719.014732
719.014732
719.014732
719.014732
719.014732
719.014732
719.014732
719.014732
719.030546
719.517029
721.901829
721.901829
721.901829
722.369390
723.376568
724.508354
724.864606
725.629941
726.414159
726.414159
726.414159
726.414159
726.443713
727.025184
727.997210
728.983694
729.925643
731.141406
731.141406
731.141406
731.141406
731.141406
731.141406
731.141406
731.141406
731.141406
731.141406
731.141406
731.141406
731.141406
731.141406
731.141406
731.141406
731.141406
731.269155
732.009015
733.116217
734.198193
734.703233
734.703233
734.703233
734.703233
734.703233
734.703233
734.703233
734.703233
734.703233
734.703233
734.703233
734.703233
734.703233
734.703233
734.703233
734.703233
734.703233
734.703233
734.703233
734.703233
734.703233
734.703233
734.703233
734.703233
734.703233
734.703233
734.703233
734.703233
734.703233
734.703233
734.703233
734.705990
735.060460
736.009524
737.337374
737.337374
737.337374
737.337374
737.337374
737.337374
737.337374
737.337374
737.337374
737.337374
737.337374
737.337374
737.337374
737.337374
737.337374
737.337374
737.337374
737.455852
738.170316
739.156540
740.160213
740.842192
740.985322
740.985322
740.985322
740.985322
740.985322
740.985322
740.985322
740.985322
740.985322
740.985322
740.985322
740.985322
740.985322
740.985322
740.985322
740.985322
740.985322
740.985322
740.985322
740.985322
740.985322
741.020377
741.577158
742.419882
743.849964
743.849964
743.849964
743.849964
743.849964
743.849964
743.849964
743.849964
743.849964
743.849964
743.849964
743.849964
743.849964
743.849964
743.849964
743.849964
743.849964
743.849964
743.948948
744.639978
745.617490
748.368073
748.629679
748.826529
749.063289
749.556928
750.578173
751.523758
752.482235
753.386912
754.292879
754.857579
755.527836
757.261925
757.261925
758.707380
759.069455
759.997606
760.833449
761.064655
761.064655
761.064655
761.064655
761.064655
761.064655
761.064655
761.064655
761.064655
761.064655
761.064655
761.191912
761.921730
762.908563
763.961803
764.947829
765.794383
765.883314
767.970296
768.103214
768.194863
768.934247
769.913797
770.894189
771.883361
772.855655
773.743988
774.797972
776.142623
777.026701
777.385458
777.784885
778.286661
779.223658
780.014461
781.197682
781.684991
782.622871
783.608348
784.586983
786.833607
788.131587
788.424684
788.879015
789.830446
790.826955
791.794675
793.109779
793.605266
794.394200
795.327171
796.315768
796.623614
798.343322
799.317900
800.291685
801.099785
802.183637
803.240513
804.364609
805.220291
806.115894
807.630905
807.972574
808.764701
809.737736
810.712848
811.705873
812.690130
813.675578
814.652436
815.705789
816.528087
817.787296
817.787296
817.787296
818.286679
819.171419
819.928470
819.928470
819.929980
820.241448
821.152914
822.572994
822.572994
822.572994
822.572994
822.572994
822.572994
822.572994
822.572994
822.572994
822.572994
822.693215
823.411884
824.475057
825.443752
826.389490
826.939019
826.974162
826.974162
826.974162
829.793189
830.784305
831.698955
832.771533
833.068766
833.068766
833.068766
833.068766
833.068766
835.282238
835.282238
835.579242
836.480620
838.278545
838.598255
839.521035
842.104707
842.104707
842.104707
842.406649
843.344891
844.332231
845.280666
846.112679
846.924267
849.492933
850.485477
851.475380
852.462783
853.451362
854.511328
855.484362
856.252968
857.221146
859.115612
859.570892
859.672849
860.356117
861.380977
861.941046
861.941046
862.059019
862.778061
863.767052
864.553571
864.813189
864.813189
864.813189
864.828720
865.282721
866.209974
867.211871
868.206245
869.184301
870.117795
871.056360
872.012674
872.874473
873.899742
874.529490
875.265374
876.277688
877.068445
877.452277
878.083798
879.192916
880.259826
881.262741
881.743558
882.967729
883.668361
884.750305
885.634226
886.635503
887.618110
888.543325
889.139643
889.359873
890.319403
891.476216
892.258118
893.128291
894.275332
895.226721
895.856094
896.489729
897.600110
898.710629
900.016297
901.361231
902.236991
902.984969
905.133939
905.466703
906.128925
907.117160
908.103010
909.081631
909.862440
910.357676
911.269337
912.255688
913.181676
914.156439
915.217047
916.103471
916.453033
917.462699
917.582716
918.457407
919.389050
920.439652
921.269448
922.074451
922.995304
923.646654
924.362282
925.985844
926.837549
927.285151
928.072982
928.454514
929.293950
930.225057
931.192337
931.949926
932.909306
933.712468
934.571412
935.556880
936.476977
937.489342
939.128999
939.128999
940.622098
941.265899
941.862972
942.770236
943.490669
944.223621
944.745653
945.543390
947.208465
948.115404
948.368999
948.812090
949.704861
950.679335
951.664265
952.668676
953.627152
954.249759
954.515421
955.380097
956.943449
956.943449
956.943449
957.039125
957.724696
958.645287
959.266062
959.850779
960.493493
961.301124
962.093619
963.272077
963.272077
963.272905
963.559431
964.457462
965.441991
965.981839
966.730635
967.584313
968.542931
969.462506
969.998660
971.456948
972.207430
972.677866
973.559012
974.279747
975.190937
976.071186
976.601215
977.258117
977.823095
978.498261
979.391686
980.371350
981.427773
982.420023
983.394266
986.850090
986.920147
986.978710
987.674044
988.689919
989.682978
990.678750
991.613783
992.168648
992.610305
993.482404
994.444894
995.434480
996.422050
997.407188
998.394208
999.385583
1000.384582
1000.814240
1001.192619
1002.030380
1003.013765
1004.003697
1005.060474
1005.931263
1006.309626
1006.862591
1007.730521
1008.692964
1009.679035
1010.737517
1011.727398
1012.718118
1013.708227
1014.703069
1015.589371
1016.117052
1017.053669
1018.034766
1019.199319
1019.871528
1020.677473
1021.668698
1024.880562
1024.880562
1024.885679
1025.261666
1026.174803
1027.124222
1028.066825
1028.645740
1029.336175
1030.348271
1031.322200
1032.691342
1032.831637
1033.167495
1033.949258
1034.914070
1035.725103
1036.700826
1037.510813
1037.632804
1037.632804
1037.632804
1037.632804
1037.632804
1037.632804
1037.632804
1037.632804
1037.632804
1037.637189
1038.009656
1038.909481
1039.896148
1040.693234
1041.553974
1042.523059
1043.032365
1043.904312
1044.850860
1045.439317
1046.006894
1046.959728
1047.922128
1048.948406
1049.842450
1050.698752
1051.667155
1052.287272
1052.287272
1052.287272
1052.287272
1052.287272
1052.287272
1052.287272
1052.287272
1052.287272
1052.287272
1052.287272
1052.287272
1052.287272
1052.287272
1052.287272
1052.287272
1052.287272
1052.287272
1052.287272
1052.287272
1052.287272
1052.287272
1052.287272
1052.287272
1052.287272
1052.287272
1052.287272
1052.287272
1052.287272
1052.287272
1052.287272
1052.287272
1052.287272
1052.287272
1052.287272
1052.287272
1052.287272
1052.287272
1052.287272
1052.287272
1052.287272
1052.287272
1052.287272
1052.287272
1052.287272
1052.287272
1052.287272
1052.287272
1052.287272
1052.287272
1052.287272
1052.287272
1052.354439
1052.961737
1053.952331
1055.240716
1056.119612
1057.000302
1057.615793
1058.489186
1059.605744
1060.156147
1061.216268
1062.792026
1063.069612
1063.691684
1065.355904
1066.790441
1067.651589
1068.276656
1069.044542
1069.774868
1070.032624
1070.308812
1071.182808
1072.048731
1072.900928
1073.954106
1075.506271
1076.837072
1077.518845
1078.373395
1079.360031
1080.385493
1081.366532
1081.710570
1081.710570
1081.710570
1081.710570
1081.710570
1081.710570
1081.710570
1081.710570
1081.710570
1081.710570
1081.710570
1081.710570
1081.710570
1081.710570
1081.710570
1081.710570
1081.710570
1081.710570
1081.710570
1081.710570
1081.710570
1081.710570
1081.710570
1081.710570
1081.710570
1081.710570
1081.710570
1081.710570
1081.710570
1081.710570
1081.710570
1081.710570
1081.710570
1081.710570
