0.007521
0.008738
0.008238
0.007174
0.007838
0.006654
0.007521
0.006154
0.007562
0.007703
0.006920
0.007820
0.007639
0.008400
0.006015
0.008639
0.007961
0.007412
0.009763
0.007820
0.007770
0.006642
0.006975
0.005862
0.006807
0.007102
0.006171
0.008178
0.008337
0.009387
0.007526
0.007673
0.005746
0.007881
0.006667
0.007960
0.008551
0.006575
0.005902
0.008819
0.008284
0.007028
0.010757
0.008557
0.008765
0.007434
0.006027
0.006877
0.009955
0.009132
0.007990
0.008115
0.006934
0.009066
0.006015
0.008249
0.006345
0.007604
0.005897
0.007591
0.005448
0.006379
0.007570
0.008338
0.007514
0.007151
0.007867
0.008761
0.006953
0.008570
0.005454
0.006340
0.008007
0.009600
0.008514
0.009350
0.009412
0.008556
0.008571
0.005709
0.006998
0.007748
0.007280
0.007676
0.006925
0.006451
0.006813
0.006036
0.006196
0.007337
0.006640
0.007054
0.007043
0.007755
0.007486
0.007643
0.007674
0.006864
0.008827
0.007303
0.007527
0.006365
0.007202
0.005857
0.007890
0.006630
0.006169
0.008643
0.005257
0.006634
0.008280
0.007794
0.006315
0.008310
0.007463
0.008728
0.009934
0.009308
0.007727
0.007035
0.008800
0.007690
0.009818
0.011285
0.005830
0.006874
0.007805
0.007827
0.009893
0.006599
0.007650
0.008725
0.005941
0.009527
0.005670
0.006956
0.008036
0.005541
0.008800
0.008602
0.007409
0.006795
0.006274
0.007738
0.006940
0.007556
0.006702
0.007013
0.008112
0.007655
0.006913
0.006454
0.008061
0.006757
0.005780
0.009936
0.009382
0.009114
0.009095
0.007480
0.008761
0.008948
0.005699
0.007917
0.007644
0.007124
0.006159
0.008888
0.009425
0.007656
0.007722
0.009196
0.007094
0.008589
0.007765
0.007159
0.007663
0.007178
0.009198
0.009123
0.007909
0.009393
0.008793
0.007833
0.007197
0.007511
0.008461
0.005627
0.008873
0.007746
0.006189
0.008651
0.007845
0.006037
0.007465
0.007576
0.008322
0.008562
0.007995
0.006363
0.008849
0.005154
0.008717
0.008330
0.009159
0.008635
0.008911
0.007876
0.007510
0.008445
0.007260
0.008998
0.008896
0.006868
0.007422
0.008780
0.007713
0.005862
0.006768
0.006211
0.005571
0.007765
0.008617
0.010007
0.007206
0.008842
0.007406
0.006535
0.007674
0.007672
0.007741
0.008200
0.006941
0.007266
0.008643
0.007930
0.004911
0.005405
0.005888
0.005284
0.006989
0.007244
0.005326
0.007303
0.010199
0.007921
0.007718
0.007028
0.008218
0.008392
0.007247
0.009508
0.008166
0.009346
0.006248
0.008613
0.008886
0.008824
0.007583
0.008810
0.007379
0.009141
0.009203
0.008484
0.007993
0.006073
0.010036
0.008849
0.006056
0.008806
0.007184
0.006567
0.007874
0.008519
0.007628
0.007671
0.007205
0.008770
0.008116
0.010873
0.008927
0.009668
0.007125
0.010169
0.007398
0.005827
0.007998
0.007409
0.008857
0.007242
0.007344
0.006467
0.005776
0.007910
0.010132
0.007613
0.008713
0.006497
0.010279
0.009168
0.007167
0.007982
0.005885
0.005239
0.008926
0.005953
0.007941
0.004988
0.009478
0.010151
0.007812
0.008355
0.005881
0.008693
0.008957
0.009290
0.010308
0.009147
0.005219
0.009027
0.008481
0.008094
0.009495
0.007388
0.007130
0.009589
0.009111
0.010209
0.009970
0.008688
0.006132
0.009695
0.005980
0.007798
0.008014
0.007309
0.008592
0.006277
0.006547
0.006806
0.007667
0.007129
0.008454
0.009649
0.008954
0.006920
0.007066
0.007945
0.010273
0.008233
0.005470
0.006291
0.008769
0.007642
0.007684
0.008171
0.006625
0.008893
0.007829
0.007782
0.007402
0.007160
0.009882
0.008876
0.006113
0.007298
0.007829
0.006615
0.006010
0.006133
0.008236
0.008716
0.010524
0.007023
0.007316
0.008057
0.005611
0.008436
0.008473
0.008731
0.006197
0.005945
0.005680
0.006475
0.005730
0.008810
0.008253
0.009084
0.009010
0.008243
0.007355
0.009368
0.007762
0.008461
0.009074
0.006457
0.007752
0.006638
0.009701
0.009302
0.010638
0.007581
0.007792
0.006715
0.007893
0.009330
0.009028
0.008301
0.006942
0.006406
0.005968
0.008322
0.005563
0.009142
0.008582
0.007464
0.008060
0.008974
0.009619
0.009683
0.010008
0.007660
0.009196
0.010298
0.008028
0.008636
0.008667
0.005559
0.007709
0.007424
0.008267
0.007811
0.008827
0.007097
0.008765
0.007413
0.007193
0.007067
0.009121
0.007733
0.007514
0.009075
0.008725
0.007722
0.006706
0.003062
0.006891
0.006334
0.007840
0.007121
0.005668
0.007324
0.010952
0.012478
0.011272
0.008475
0.007229
0.012059
0.012367
0.011112
0.008310
0.009793
0.010982
0.008995
0.009961
0.006397
0.006992
0.010779
0.009202
0.007452
0.006567
0.006370
0.008324
0.008687
0.006290
0.007191
0.009613
0.005713
0.006266
0.006510
0.007225
0.007493
0.009943
0.004810
0.008217
0.009683
0.006445
0.010021
0.007083
0.005369
0.008141
0.009034
0.006919
0.009027
0.008397
