0.000000
0.042606
0.415885
0.581556
0.721463
0.778711
0.887356
1.026343
1.140593
1.228436
1.298759
1.352827
1.415059
1.452523
1.487479
1.518129
1.546069
1.567034
1.595259
1.617725
1.635279
1.647439
1.662721
1.673785
1.683083
1.697676
1.711139
1.720738
1.725210
1.730394
1.730676
1.732200
1.716226
1.717143
1.720095
1.725255
1.713512
1.710339
1.723150
1.727523
1.733546
1.727807
1.708698
1.708990
1.715072
1.721745
1.728773
1.732647
1.736058
1.735680
1.734802
1.740030
1.744376
1.747728
1.750380
1.754118
1.756358
1.760165
1.766774
1.768889
1.770718
1.772577
1.776765
1.779827
1.782128
1.783590
1.787545
1.790668
1.790698
1.792180
1.793712
1.785587
1.784772
1.784511
1.781930
1.777628
1.769844
1.768852
1.773726
1.775443
1.778008
1.779383
1.782528
1.783285
1.786455
1.788333
1.790330
1.789567
1.789397
1.790486
1.790366
1.792720
1.794053
1.792751
1.793844
1.795211
1.797890
1.799154
1.802134
1.798912
1.792140
1.791737
1.793416
1.793708
1.794789
1.795677
1.796041
1.795938
1.794797
1.788203
1.777955
1.767442
1.762943
1.754872
1.753255
1.749005
1.742463
1.744011
1.745106
1.747142
1.746579
1.744872
1.740610
1.740206
1.741765
1.739295
1.740883
1.741500
1.743658
1.744901
1.743626
1.743661
1.743177
1.746764
1.748614
1.747264
1.745978
1.748208
1.748842
1.750354
1.751448
1.753097
1.754567
1.755584
1.758035
1.759209
1.760806
1.761954
1.761960
1.760722
1.761450
1.756558
1.755522
1.752266
1.746937
1.746482
1.743753
1.741653
1.739781
1.737515
1.729623
1.718499
1.708396
1.702460
1.703964
1.704437
1.706675
1.708209
1.710267
1.711549
1.713847
1.714896
1.716624
1.717515
1.718025
1.719062
1.719600
1.718081
1.715192
1.716009
1.715010
1.710955
1.707326
1.708175
1.709379
1.710512
1.708478
1.707615
1.709392
1.710793
1.712716
1.714078
1.715472
1.716215
1.718055
1.718643
1.719267
1.721407
1.722696
1.723222
1.724480
1.725772
1.726018
1.727473
1.728938
1.729749
1.730849
1.732131
1.732622
1.733592
1.735090
1.736157
1.737233
1.737793
1.739127
1.740195
1.741518
1.742386
1.743609
1.744551
1.745586
1.745842
1.743416
1.743999
1.745007
1.745337
1.743123
1.741400
1.741583
1.742279
1.743815
1.743946
1.744280
1.744186
1.743182
1.743957
1.745781
1.744864
1.745281
1.746169
1.747301
1.740063
1.733572
1.732111
1.733278
1.734112
1.735126
1.733507
1.735692
1.737132
1.737355
1.737655
1.738724
1.738545
1.737476
1.737913
1.739815
1.740784
1.741566
1.735113
1.735204
1.735823
1.736024
1.736756
1.737790
1.738030
1.735382
1.732976
1.731685
1.732443
1.732625
1.733437
1.734372
1.734900
1.731613
1.729834
1.730070
1.730467
1.730645
1.730863
1.728528
1.726774
1.726885
1.726838
1.725609
1.720981
1.718722
1.718748
1.719193
1.720353
1.719574
1.714988
1.711499
1.711588
1.710922
1.706882
1.700442
1.695609
1.689946
1.684094
1.678333
1.673115
1.667608
1.662809
1.661917
1.661887
1.663356
1.662603
1.661335
1.662164
1.662368
1.660644
1.661446
1.662210
1.662678
1.664765
1.661727
1.666885
1.667399
1.668648
1.669068
1.670610
1.671543
1.672041
1.672661
1.673550
1.674513
1.670415
1.676210
1.677327
1.677676
1.678099
1.677865
1.675839
1.676879
1.677594
1.678768
1.679441
1.680720
1.681533
1.682418
1.683102
1.684305
1.685360
1.686152
1.686933
1.687916
1.689113
1.689596
1.690626
1.691603
1.692255
1.693232
1.693893
1.694434
1.695997
1.696910
1.697376
1.697873
1.699735
1.700042
1.701321
1.701904
1.699936
1.698585
1.699204
1.699929
1.700832
1.701752
1.698005
1.703630
1.704625
1.703881
1.700025
1.695520
1.690502
1.686599
1.682130
1.677576
1.673138
1.663419
1.662283
1.660146
1.655818
1.651512
1.647230
1.642968
1.638729
1.634142
1.630143
1.626141
1.619001
1.617551
1.613625
1.609539
1.605587
1.601537
1.597510
1.593500
1.589433
1.588672
1.589706
1.588507
1.591989
1.592713
1.592505
1.592309
1.590989
1.590068
1.590530
1.591029
1.590424
1.589650
1.587696
1.591145
1.591768
1.589120
1.586876
1.587052
1.587971
1.588745
1.589876
1.590409
1.590345
1.581662
1.591148
1.592013
1.590036
1.586325
1.583074
1.582495
1.583099
1.581960
1.582557
1.583719
1.583825
1.582873
1.582975
1.584274
1.584960
1.585897
1.585215
1.584692
1.585092
1.585490
1.585018
1.585021
1.584883
1.584593
1.584261
1.585387
1.586147
1.587098
1.587549
1.589027
1.589484
1.590444
1.591004
1.591998
1.592742
1.593675
1.594625
1.595495
1.596100
1.597047
1.597726
1.598656
1.599528
1.599434
1.599924
1.600622
1.601453
1.600369
1.598791
1.599514
1.600259
1.600361
1.599840
1.600450
1.598445
1.597410
1.597033
1.598166
1.598438
1.597184
1.596833
1.597430
1.596896
1.596958
1.597135
1.597449
1.596522
1.596920
1.597382
1.598612
1.599364
1.600250
1.600807
1.601798
1.602531
1.603332
1.603692
1.604336
1.604855
1.604275
1.605043
1.605113
1.604786
1.605482
1.605896
1.606985
1.607317
1.607808
1.605916
1.603468
1.602548
1.602946
1.605252
1.605976
1.605333
1.604765
1.605119
1.605401
1.605987
1.606536
1.607124
1.608078
1.607915
1.607499
1.609949
1.610536
1.610989
1.611215
1.611401
1.611972
1.612321
1.613337
1.613282
1.614072
1.614608
1.613339
1.615093
1.614669
1.614747
1.615449
1.615554
1.616603
1.617136
1.617927
1.618372
1.618317
1.618456
1.617701
1.617340
1.620463
1.618940
1.620020
1.620506
1.621180
1.621391
1.621338
1.621577
1.622056
1.616921
1.623912
1.624380
1.625079
1.625712
1.625482
1.626882
1.627548
1.625235
1.614871
1.614047
1.611909
1.609100
1.606323
1.603067
1.600833
1.598050
1.595344
1.592517
1.589723
1.587101
1.584489
1.582161
1.582307
1.582945
1.583608
1.581298
1.578651
1.576109
1.567277
1.566582
1.564479
1.561869
1.559287
1.556682
1.554092
1.551551
1.548959
1.546413
1.543555
1.541323
1.538834
1.536359
1.535750
1.536698
1.537224
1.538071
1.533578
1.540202
1.539004
1.537000
1.534502
1.532040
1.529611
1.527141
1.524660
1.522247
1.519854
1.517403
1.514983
1.512617
1.510197
1.507756
1.505433
1.503055
1.500697
1.498340
1.491592
1.491023
1.491015
1.489067
1.486782
1.484439
1.482157
1.479854
1.477559
1.475225
1.472991
1.465658
1.469917
1.470837
1.471148
1.470526
1.469168
1.466934
1.464702
1.462468
1.460225
1.453635
1.453088
1.451294
1.449126
1.446937
1.444734
1.442548
1.440437
1.438275
1.436101
1.434005
1.432695
1.433090
1.434426
1.435371
1.432979
1.435993
1.436791
1.436474
1.436703
1.437699
1.438320
1.439089
1.440008
1.440346
1.440520
1.441283
1.439485
1.441781
1.442491
1.443429
1.444200
1.445032
1.444993
1.442060
1.440835
1.438766
1.432799
1.432348
1.432210
1.430546
1.428505
1.426444
1.424387
1.422419
1.420402
1.418390
1.416306
1.410558
1.410088
1.410079
1.408418
1.406439
1.404960
1.404971
1.405918
1.406970
1.407749
1.408335
1.408337
1.406749
1.400679
1.403812
1.403713
1.401889
1.400151
1.400000
1.400698
1.401514
1.402027
1.402333
1.401793
1.403864
1.404400
1.405371
1.405861
1.406496
1.406983
1.407477
1.406971
1.406279
1.405358
1.405249
1.406162
1.406996
1.407718
1.408407
1.407220
1.404923
1.404438
1.404949
1.405630
1.405644
1.405378
1.403916
1.403521
1.404404
1.404781
1.405843
1.406197
1.406169
1.405999
1.406764
1.407199
1.405905
1.408278
1.408431
1.408853
1.409252
1.409855
1.408906
1.407092
1.405287
1.403472
1.401662
1.396982
1.396580
1.396259
1.394467
1.392680
1.390898
1.388931
1.387346
1.385577
1.383813
1.382053
1.380380
1.380132
1.380833
1.381594
1.382352
1.382976
1.383702
1.384522
1.385297
1.382485
1.386882
1.386282
1.385671
1.386434
1.386748
1.387375
1.388059
1.388852
1.388329
1.390012
1.390694
1.391409
1.391363
1.391281
1.391261
1.391731
1.392223
1.392856
1.393272
1.393787
1.393966
1.394064
1.395317
1.396005
1.396427
1.396900
1.397599
1.397418
1.395690
1.394041
1.392303
1.390680
1.389005
1.385068
1.384636
1.384006
1.382324
1.380693
1.379043
1.377396
1.375721
1.373973
1.372480
1.370849
1.367366
1.366973
1.365946
1.364364
1.362752
1.361144
1.359504
1.357939
1.356343
1.354750
1.350382
1.349994
1.349742
1.348416
1.346646
1.345709
1.345992
1.346857
1.347195
1.347031
1.347152
1.347998
1.348692
1.349615
1.350107
1.350523
1.349940
1.351869
1.352452
1.353340
1.354179
1.354720
1.354874
1.356275
1.354044
1.353564
1.352386
1.351838
1.352354
1.353062
1.353670
1.354159
1.354996
1.355556
1.356188
1.353001
1.357491
1.356454
1.355781
1.356291
1.357121
1.357803
1.358368
1.359039
1.357477
1.360186
1.361135
1.361197
1.361836
1.362433
1.363039
1.363637
1.364381
1.365150
1.365865
1.363783
1.367040
1.367788
1.367630
1.366823
1.367324
1.367978
1.368777
1.369399
1.370067
1.370545
1.371287
1.367766
1.371784
1.370514
1.370104
1.370730
1.371326
1.371962
1.372431
1.372522
1.372918
1.371575
1.373871
1.374479
1.375200
1.375856
1.376050
1.376182
1.376590
1.376609
1.371865
1.371430
1.369822
1.368972
1.367531
1.366010
1.364657
1.363166
1.361796
1.356399
1.355962
1.354973
1.353572
1.352148
1.350610
1.349348
1.347953
1.346555
1.345031
1.339995
1.339591
1.338500
1.337235
1.335856
1.334487
1.332993
1.331751
1.330376
1.329560
1.329861
1.331783
1.331712
1.331156
1.330740
1.331117
1.331575
1.331762
1.331447
1.332009
1.329487
1.333934
1.333864
1.332652
1.331301
1.329872
1.328643
1.327306
1.325813
1.324550
1.323336
1.318827
1.318357
1.317515
1.316207
1.314901
1.313470
1.312297
1.310987
1.305937
1.305507
1.304579
1.303284
1.302020
1.300723
1.299448
1.298169
1.293245
1.292899
1.291879
1.290648
1.289403
1.288127
1.286894
1.285654
1.284270
1.283157
1.281919
1.277811
1.277521
1.276572
1.275351
1.274116
1.272839
1.271671
1.270460
1.265707
1.265412
1.264467
1.263251
1.262240
1.262362
1.263024
1.263802
1.264457
1.265180
1.263196
1.265668
1.264290
1.263392
1.262706
1.263239
1.264001
1.264402
1.260231
1.259894
1.258966
1.257803
1.256640
1.255259
1.254300
1.253111
1.252089
1.252003
1.252730
1.253395
1.254087
1.254832
1.255543
1.256158
1.252939
1.258528
1.258078
1.257448
1.257778
1.258518
1.258940
1.259669
1.260501
1.261066
1.260639
1.262932
1.263107
1.262741
1.264405
1.265127
1.265646
1.266198
1.266741
1.267377
1.265780
1.267007
1.267048
1.267133
1.267232
1.267035
1.266748
1.266833
1.267427
1.268042
1.268334
1.267026
1.268287
1.268884
1.269452
1.270279
1.270844
1.271431
1.272005
1.271602
1.272899
1.271069
1.273101
1.271492
1.271148
1.270154
1.269028
1.267826
1.266811
1.265630
1.264519
1.263392
1.262195
1.261193
1.260131
1.258962
1.257942
1.256863
1.256604
1.256549
1.256232
1.254932
1.255101
1.255785
1.256163
1.256203
1.256324
1.253227
1.252911
1.251684
1.251032
1.249968
1.249740
1.250507
1.250787
1.251673
1.248857
1.248525
1.247723
1.246614
1.245598
1.244507
1.243469
1.242372
1.241373
1.240309
1.239270
1.238203
1.237178
1.236116
1.234987
1.234039
1.232996
1.232140
1.232387
1.233182
1.233835
1.233296
1.232768
1.231732
1.230710
1.226855
1.226508
1.225770
1.224705
1.223717
1.222648
1.221688
1.220661
1.216774
1.216442
1.215653
1.214708
1.213637
1.212697
1.211629
1.210692
1.209571
1.208714
1.207637
1.204416
1.204112
1.203416
1.202444
1.201461
1.200396
1.199500
1.198521
1.197391
1.197079
1.197715
1.196610
1.196326
1.195616
1.194606
1.193661
1.192688
1.191729
1.190697
1.189829
1.188859
1.186160
1.185881
1.185870
1.185070
1.184052
1.183152
1.182220
1.181463
1.181661
1.182286
1.182868
1.183065
1.182382
1.181399
1.180498
1.179559
1.176841
1.176566
1.176559
1.175815
1.174883
1.173927
1.173023
1.172095
1.171169
1.170244
1.169321
1.166139
1.165862
1.165116
1.164303
1.163376
1.162476
1.161533
1.161580
1.161941
1.161117
1.160831
1.160133
1.158842
1.158405
1.157496
1.156524
1.155702
1.154742
1.153906
1.152971
1.150465
1.150212
1.150209
1.149454
1.148482
1.147681
1.146796
1.146065
1.146247
1.146869
1.148523
1.148686
1.148922
1.148632
1.148512
1.149192
1.149761
1.150302
1.150854
1.151353
1.151307
1.151477
1.151422
1.151247
1.152743
1.152418
1.152952
1.153345
1.152540
1.151949
1.151078
1.150208
1.147784
1.147549
1.147519
1.146741
1.145848
1.144997
1.144156
1.143483
1.143725
1.144321
1.145069
1.145622
1.146098
1.143890
1.146860
1.146948
1.146242
1.146507
1.147112
1.147718
1.148336
1.148924
1.149394
1.150105
1.150008
1.151004
1.151200
1.150680
1.151013
1.151481
1.151654
1.152236
1.152629
1.153156
1.153744
1.154355
1.154829
1.156598
1.156229
1.156085
1.156628
1.157225
1.157816
1.158470
1.158758
1.159059
1.159579
1.160187
1.159434
1.161450
1.162012
1.162572
1.162482
1.163628
1.164322
1.164763
1.165463
1.165899
1.165631
1.165996
1.166365
1.166830
1.167503
1.167963
1.168646
1.169242
1.169796
1.170425
1.170823
1.169178
1.168954
1.167840
1.168070
1.168566
1.168656
1.167956
1.167193
1.166784
1.167238
1.165998
1.165715
1.165130
1.164293
1.163474
1.162588
1.161829
1.160942
1.160189
1.159322
1.158728
1.158918
1.159610
1.160085
1.160670
1.160625
1.159858
1.158971
1.155369
1.159127
1.159623
1.160207
1.160664
1.160473
1.159724
1.158974
1.158155
1.154591
1.157366
1.156253
1.156422
1.156800
1.157793
1.158115
1.158715
1.158934
1.158608
1.158119
1.157754
1.158249
1.158809
1.159290
1.159647
1.157523
1.160928
1.161596
1.162152
1.162709
1.163217
1.163915
1.164448
1.164701
1.163096
1.165477
1.165469
1.164842
1.164956
1.165545
1.165546
1.164759
1.164111
1.164285
1.164865
1.165140
1.163991
1.163839
1.163127
1.162378
1.162207
1.162625
1.163236
1.163789
1.164320
1.164752
1.165267
1.165766
1.165209
1.166458
1.166769
1.166994
1.167545
1.167777
1.167540
1.167639
1.168317
1.168978
1.169512
1.168784
1.170243
1.170396
1.170883
1.171448
1.171980
1.172521
1.172943
1.172981
1.172499
1.172990
1.173618
1.173998
1.174350
1.175106
1.175562
1.175638
1.175676
1.176383
1.177052
1.178006
1.178969
1.179369
1.179546
1.180575
1.180908
1.181365
1.181832
1.182400
1.182904
1.183150
1.182973
1.183441
1.183953
1.184386
1.184832
1.185453
1.185852
1.184131
1.185339
1.185427
1.185706
1.186283
1.186851
1.187177
1.187447
1.187824
1.187944
1.188101
1.188225
1.189230
1.189525
1.189812
1.189523
1.189851
1.190282
1.190757
1.190950
1.191387
1.191694
1.192030
1.192448
1.192939
1.193468
1.193804
1.193723
1.195119
1.195217
1.195232
1.195533
1.195780
1.195951
1.195855
1.196092
1.196237
1.197267
1.197410
1.197191
1.197585
1.198058
1.198544
1.199038
1.199506
1.199523
1.199115
1.199411
1.199364
1.199211
1.199152
1.198505
1.198629
1.199014
1.199058
1.199025
1.199087
1.199337
1.199593
1.199317
1.199175
1.198818
1.198432
1.198803
1.199282
1.199187
1.199393
1.199708
1.200152
1.200548
1.200469
1.200371
1.201218
1.201554
1.201900
1.202048
1.202430
1.202774
1.202686
1.202733
1.202710
1.202778
1.203159
1.203607
1.204181
1.204659
1.205115
1.207247
1.207219
1.207265
1.207401
1.207904
1.208379
1.208841
1.209260
1.209181
1.209001
1.209312
1.209762
1.210213
1.210612
1.211142
1.211619
1.212087
1.212563
1.212347
1.212052
1.212335
1.212810
1.213273
1.213775
1.214135
1.213859
1.213715
1.214109
1.214537
1.214899
1.215518
1.215994
1.216429
1.216909
1.217353
1.217659
1.217611
1.218004
1.218426
1.218836
1.219172
1.219423
1.219863
1.221158
1.220964
1.220405
1.220097
1.220419
1.220823
1.221223
1.221228
1.221357
1.221745
1.221126
1.222598
1.222619
1.222292
1.222440
1.222913
1.223148
1.223578
1.223679
1.223234
1.222514
1.221794
1.220093
1.219893
1.219640
1.218922
1.218208
1.217494
1.216785
1.216503
1.216850
1.217293
1.217513
1.217798
1.218218
1.217483
1.218410
1.218812
1.218788
1.218716
1.219139
1.219550
1.220034
1.220364
1.220650
1.221027
1.221077
1.220369
1.219662
1.218956
1.218250
1.217539
1.216841
1.216138
1.215436
1.214734
1.213011
1.212856
1.212634
1.211883
1.211238
1.210542
1.209795
1.209101
1.208456
1.207763
1.207070
1.205344
1.205163
1.204997
1.204307
1.203599
1.202931
1.202145
1.201557
1.200841
1.200187
1.199503
1.197760
1.197594
1.197455
1.196774
1.196094
1.195380
1.194682
1.194058
1.193381
1.192698
1.192029
1.190199
1.190035
1.189938
1.189335
1.188635
1.187992
1.187298
1.186652
1.185984
1.185391
1.185401
1.185794
1.185925
1.186820
1.187176
1.187207
1.187590
1.187900
1.188082
1.188667
1.189338
1.189419
1.189369
1.189128
1.190513
1.190962
1.190994
1.191219
1.191331
1.190938
1.190634
1.190938
1.191215
1.191530
1.192033
1.191765
1.193143
1.193186
1.193578
1.193953
1.194509
1.194837
1.194653
1.193999
1.193339
1.192657
1.190822
1.190636
1.190610
1.190069
1.189373
1.188761
1.188108
1.187456
1.186804
1.186154
1.185504
1.183333
1.183162
1.182631
1.181975
1.181365
1.180702
1.180065
1.179413
1.178778
1.178133
1.175899
1.175711
1.175167
1.174581
1.173942
1.173310
1.172635
1.172035
1.171377
