0.000000
0.000000
0.000000
0.000000
66.881000
80.178000
95.607000
116.356000
134.850000
164.234000
178.477000
191.534000
196.813000
204.223000
212.619000
226.081000
242.589000
258.905000
277.524000
306.648000
324.467000
346.146000
372.276000
397.562000
421.175000
453.197000
487.895000
517.788000
527.886000
539.440000
550.887000
552.722000
560.224000
566.729000
573.592000
576.009000
585.350000
593.952000
598.137000
607.496000
611.673000
624.590000
665.757000
706.864000
718.060000
745.685000
783.014000
832.070000
862.147000
894.662000
907.221000
909.858000
913.491000
924.797000
945.977000
974.417000
987.164000
1008.281000
1027.906000
1037.893000
1041.182000
1050.651000
1056.510000
1067.102000
1074.677000
1080.125000
1080.625000
1081.184000
1081.579000
1081.659000
1082.510000
1082.804000
1082.849000
1083.012000
1083.642000
1086.228000
1110.700000
1120.768000
1137.824000
1162.097000
1179.499000
1207.976000
1227.422000
1246.652000
1260.724000
1275.292000
1286.421000
1300.973000
1309.046000
1309.547000
1310.703000
1346.165000
1372.424000
1398.329000
1406.720000
1411.746000
1429.565000
1449.678000
1481.280000
1517.874000
1548.387000
1553.967000
1561.148000
1587.013000
1618.682000
1624.238000
1630.328000
1637.511000
1644.099000
1657.252000
1674.317000
1681.683000
1683.180000
1687.161000
1687.963000
1691.291000
1700.182000
1718.376000
1728.613000
1733.031000
1741.034000
1741.725000
1744.183000
1749.900000
1766.103000
1775.940000
1779.653000
1788.455000
1796.358000
1807.363000
1816.510000
1829.365000
1840.261000
1860.209000
1868.841000
1893.261000
1907.498000
1924.195000
1930.320000
1941.452000
1950.264000
1960.406000
1963.961000
1967.571000
1969.673000
1974.567000
1978.487000
1984.204000
1990.577000
2000.182000
2003.384000
2008.923000
2008.933000
2009.171000
2009.820000
2014.788000
2014.839000
2014.915000
2014.990000
2015.215000
2015.444000
2015.468000
2015.470000
2015.470000
2015.470000
2018.039000
2026.167000
2035.175000
2047.473000
2067.070000
2084.066000
2108.764000
2133.945000
2151.375000
2166.553000
2176.417000
2178.370000
2183.837000
2205.642000
2207.330000
2217.911000
2243.040000
2258.399000
2268.244000
2278.990000
2304.006000
2319.849000
2333.223000
2364.402000
2402.473000
2425.066000
2455.256000
2484.821000
2509.704000
2540.073000
2573.199000
2595.217000
2623.733000
2655.151000
2685.936000
2705.952000
2737.229000
2768.182000
2790.654000
2820.344000
2852.300000
2878.917000
2908.876000
2931.310000
2962.518000
2993.741000
3016.638000
3048.122000
3071.483000
3103.968000
3135.101000
3158.073000
3186.372000
3202.160000
3216.245000
3228.059000
3253.536000
3278.796000
3295.755000
3312.526000
3325.233000
3358.583000
3387.366000
3400.655000
3423.449000
3450.948000
3479.608000
3493.829000
3506.579000
3513.345000
3517.329000
3537.457000
3553.394000
3566.960000
3578.625000
3590.183000
3612.426000
3627.923000
3631.470000
3632.352000
3642.299000
3655.907000
3671.425000
3689.125000
3715.506000
3740.592000
3777.927000
3820.626000
3857.485000
3884.165000
3941.814000
3975.048000
4037.463000
4067.937000
4106.029000
4146.943000
4172.877000
4183.478000
4198.097000
4218.992000
4238.227000
4250.151000
4261.739000
4292.107000
4331.183000
4368.305000
4402.582000
4427.857000
4442.957000
4471.011000
4512.302000
4522.542000
4524.137000
4529.913000
4534.190000
4550.481000
4551.085000
4558.604000
4570.164000
4570.639000
4571.106000
4582.086000
4590.642000
4596.410000
4596.998000
4606.232000
4619.608000
4621.120000
4623.338000
4625.255000
4635.468000
4639.944000
4644.658000
4644.658000
4644.658000
4644.658000
4644.658000
4644.658000
4644.658000
4644.658000
4645.282000
4654.165000
4669.136000
4682.874000
4692.623000
4707.176000
4730.035000
4733.990000
4739.770000
4758.955000
4771.806000
4777.215000
4781.357000
4782.521000
4793.953000
4804.556000
4812.159000
4817.211000
4820.207000
4824.686000
4830.300000
4835.709000
4843.063000
4856.379000
4862.265000
4897.151000
4906.966000
4910.506000
4917.612000
4925.324000
4932.432000
4944.902000
4961.267000
4974.905000
4981.862000
5009.623000
5028.304000
5048.444000
5066.927000
5079.407000
5096.813000
5119.501000
5140.062000
5153.982000
5174.044000
5174.044000
5210.445000
5228.058000
5250.089000
5264.831000
5285.218000
5304.314000
5321.796000
5338.302000
5359.949000
5367.662000
5378.272000
5382.763000
5385.719000
5386.906000
5394.101000
5399.880000
5403.894000
5411.320000
5420.356000
5428.314000
5435.775000
5436.322000
5437.186000
5438.045000
5438.045000
5438.045000
5438.045000
5438.045000
5438.045000
5438.045000
5438.045000
5438.045000
5438.045000
5438.045000
5438.045000
5438.045000
5438.045000
5438.045000
5438.045000
5438.045000
5438.045000
5438.045000
5438.045000
5438.045000
5438.045000
5438.045000
5438.045000
5438.045000
5438.045000
5438.045000
5438.295000
5438.409000
5449.278000
5480.862000
5493.898000
5518.806000
5529.574000
5538.056000
5544.534000
5550.003000
5565.679000
5586.290000
5613.762000
5621.216000
5664.161000
5664.161000
5679.015000
5685.005000
5688.270000
5703.383000
5715.987000
5739.532000
5745.463000
5753.209000
5783.632000
5786.681000
5820.142000
5828.164000
5834.614000
5834.614000
5834.963000
5835.763000
5839.085000
5853.304000
5864.128000
5878.837000
5889.045000
5891.753000
5891.753000
5897.328000
5909.573000
5920.030000
5929.928000
5938.178000
5948.507000
5960.703000
5978.405000
6002.444000
6024.753000
6061.003000
6081.177000
6102.267000
6141.919000
6172.276000
6214.119000
6238.337000
6261.172000
6281.449000
6313.724000
6347.291000
6368.956000
6385.151000
6397.917000
6411.857000
6429.909000
6441.566000
6462.302000
6486.351000
6505.303000
6520.028000
6539.312000
6548.680000
6558.050000
6559.329000
6561.747000
6568.330000
6572.323000
6584.125000
6608.573000
6650.697000
6678.732000
6679.212000
6681.487000
6682.230000
6682.788000
6683.014000
6683.149000
6683.575000
6683.625000
6685.327000
6685.749000
6689.047000
6689.925000
6690.211000
6695.385000
6710.505000
6743.718000
6770.534000
6800.084000
6831.623000
6854.922000
6869.937000
6878.504000
6883.356000
6900.483000
6914.240000
6922.697000
6961.559000
6983.618000
6999.719000
7030.552000
7044.852000
7052.055000
7071.585000
7087.526000
7087.757000
7100.318000
7110.750000
7112.904000
7125.722000
7134.219000
7146.716000
7181.091000
7197.773000
7210.567000
7227.877000
7258.885000
7272.251000
7287.221000
7287.221000
7314.037000
7325.851000
7341.157000
7351.156000
7353.171000
7355.647000
7360.263000
7363.522000
7369.591000
7375.369000
7380.228000
7382.441000
7388.734000
7389.995000
7396.611000
7401.436000
7411.203000
7416.422000
7423.389000
7429.044000
7437.969000
7440.657000
7446.782000
7452.767000
7452.767000
7462.749000
7468.984000
7472.992000
7479.486000
7491.322000
7506.034000
7513.375000
7523.905000
7527.535000
7533.990000
7533.990000
7552.986000
7557.080000
7560.048000
7566.076000
7574.548000
7577.542000
7578.052000
7578.052000
7578.052000
7578.052000
7578.052000
7578.052000
7578.052000
7578.052000
7578.052000
7578.052000
7578.052000
7578.052000
7578.052000
7578.052000
7578.332000
7579.081000
7580.533000
7581.501000
7583.105000
7583.105000
7583.105000
7583.105000
7583.105000
7583.105000
7583.105000
7583.105000
7583.105000
7583.105000
7583.105000
7583.105000
7583.105000
7583.105000
7583.105000
7583.105000
7583.174000
7585.475000
7596.135000
7599.654000
7613.175000
7633.963000
7651.931000
7652.719000
7652.719000
7652.719000
7652.719000
7652.719000
7652.719000
7652.719000
7652.719000
7652.719000
7652.719000
7652.719000
7652.719000
7652.719000
7652.719000
7652.719000
7652.719000
7652.719000
7652.719000
7652.719000
7652.719000
7652.719000
7652.719000
7652.719000
7652.719000
7652.719000
7652.719000
7652.719000
7652.719000
7652.719000
7652.719000
7652.719000
7657.336000
7657.834000
7658.875000
7659.500000
7659.529000
7659.529000
7659.529000
7659.529000
7659.529000
7659.529000
7659.529000
7659.529000
7659.529000
7659.529000
7659.529000
7659.529000
7659.529000
7659.529000
7659.529000
7659.568000
7659.853000
7662.059000
7662.675000
7662.726000
7662.734000
7662.738000
7662.975000
7663.460000
7663.648000
7663.918000
7664.006000
7664.174000
7664.307000
7664.387000
7664.461000
7664.817000
7665.402000
7667.146000
7667.158000
7667.214000
7667.300000
7667.405000
7667.405000
7667.405000
7667.405000
7667.405000
7667.405000
7667.405000
7667.405000
7667.405000
7667.405000
7667.405000
7667.405000
7667.405000
7667.405000
7667.405000
7667.405000
7667.405000
7667.405000
7667.405000
7667.405000
7667.490000
7667.565000
7667.603000
7670.514000
7683.232000
7696.256000
7701.633000
7704.893000
7704.893000
7704.893000
7726.998000
7731.379000
7735.628000
7749.354000
7773.360000
7783.905000
7791.217000
7795.562000
7799.559000
7800.778000
7804.934000
7805.217000
7807.040000
7808.248000
7810.029000
7810.149000
7810.160000
7810.174000
7810.185000
7810.185000
7810.485000
7810.492000
7810.567000
7811.403000
7811.453000
7811.453000
7811.496000
7811.547000
7811.582000
7811.599000
7811.612000
7811.621000
7811.852000
7812.496000
7812.715000
7812.748000
7812.805000
7812.839000
7812.893000
7812.911000
7815.210000
7815.921000
7815.921000
7816.243000
7816.358000
7816.400000
7816.628000
7816.842000
7816.842000
7816.842000
7816.842000
7816.842000
7816.842000
7816.842000
7816.842000
7816.842000
7816.842000
7816.842000
7816.842000
7816.842000
7816.842000
7816.842000
7816.842000
7816.843000
7816.948000
7817.027000
7817.518000
7825.013000
7835.069000
7843.091000
7853.012000
7863.720000
7885.308000
7885.308000
7923.103000
7934.264000
7950.892000
7967.372000
7985.109000
8009.548000
8028.199000
8046.623000
8050.141000
8059.110000
8061.311000
8066.309000
8069.277000
8070.020000
8070.210000
8071.616000
8072.697000
8074.600000
8074.970000
8075.543000
8076.868000
8077.675000
8078.188000
8083.039000
8085.688000
8087.457000
8090.989000
8090.989000
8090.989000
8090.989000
8090.989000
8090.989000
8090.989000
8090.989000
8090.989000
8090.989000
8090.989000
8090.989000
8090.989000
8090.989000
8090.989000
8090.989000
8090.989000
8090.989000
8090.989000
8090.989000
8090.989000
8090.989000
8090.989000
8090.989000
8090.989000
8090.989000
8090.989000
8090.989000
8090.989000
8090.989000
8090.989000
8090.989000
8092.497000
8098.220000
8107.984000
8110.982000
8113.449000
8141.259000
8157.742000
8170.395000
8181.326000
8196.467000
8196.467000
8202.635000
8209.308000
8217.586000
8226.758000
8247.653000
8270.831000
8289.095000
8293.182000
8311.927000
8311.927000
8312.043000
8314.740000
8327.224000
8341.376000
8362.762000
8380.810000
8401.094000
8405.825000
8418.106000
8427.376000
8427.376000
8442.679000
8447.944000
8456.810000
8465.391000
8473.785000
8480.937000
8498.133000
8509.737000
8525.208000
8535.415000
8547.180000
8554.924000
8566.141000
8582.684000
8599.411000
8612.503000
8627.244000
8636.624000
8652.536000
8652.536000
8705.229000
8736.343000
8746.654000
8764.204000
8785.954000
8792.263000
8801.549000
8809.902000
8818.009000
8829.990000
8851.063000
8851.063000
8898.076000
8899.650000
8903.267000
8911.199000
8921.001000
8931.684000
8939.292000
8942.210000
8945.883000
8946.102000
8948.735000
8951.840000
8952.594000
8952.802000
8953.091000
8953.488000
8953.694000
8954.670000
8954.670000
8954.670000
8954.670000
8954.670000
8954.670000
8954.670000
8954.670000
8954.670000
8954.670000
8954.670000
8954.670000
8954.670000
8954.670000
8954.670000
8954.670000
8954.670000
8954.670000
8954.670000
8954.670000
8954.670000
8954.670000
8954.670000
8954.670000
8954.670000
8954.670000
8954.670000
8954.670000
8954.837000
8956.805000
8960.956000
8960.956000
8977.094000
8983.639000
9003.341000
9008.681000
9010.367000
9010.606000
9011.832000
9012.517000
9015.192000
9016.102000
9016.102000
9016.102000
9016.102000
9016.102000
9016.102000
9016.102000
9016.102000
9016.102000
9016.102000
9016.102000
9016.102000
9016.102000
9016.102000
9016.102000
9016.102000
9016.102000
9016.102000
9016.102000
9016.102000
9016.102000
9016.102000
9016.102000
9016.102000
9016.102000
9016.102000
9016.102000
9016.102000
9016.102000
9016.102000
9016.102000
9016.102000
9016.102000
9016.102000
9016.102000
9016.102000
9016.102000
9016.102000
9016.102000
9016.102000
9016.102000
9016.102000
9016.102000
9016.102000
9016.102000
9016.102000
9016.102000
9016.102000
9016.556000
9018.335000
9022.279000
9025.531000
9029.958000
9033.918000
9040.289000
9040.289000
9040.787000
9040.787000
9040.787000
9040.885000
9041.119000
9041.271000
9041.330000
9041.330000
9041.330000
9041.330000
9041.330000
9041.330000
9041.330000
9041.330000
9041.349000
9041.401000
9041.431000
9042.432000
9049.674000
9063.920000
9084.499000
9121.941000
9137.470000
9230.520000
9239.610000
9263.932000
9298.684000
9326.514000
9388.590000
9433.708000
9465.158000
9520.538000
9555.295000
9560.777000
9590.477000
9603.790000
9629.807000
9639.229000
9643.732000
9648.702000
9658.606000
9676.157000
9697.270000
9697.270000
9709.197000
9711.736000
9712.954000
9715.353000
9715.720000
9716.051000
9717.959000
9719.390000
9727.376000
9729.995000
9737.595000
9748.914000
9760.841000
9774.992000
9797.875000
9815.320000
9835.769000
9850.181000
9858.303000
9876.160000
9876.160000
9897.151000
9897.151000
9897.151000
9897.151000
9897.151000
9897.151000
9897.151000
9897.151000
9897.151000
9897.151000
9897.151000
9897.151000
9897.151000
9897.151000
9897.151000
9906.510000
9912.870000
9913.129000
9913.129000
9913.731000
9915.779000
9926.216000
9929.922000
9942.861000
9946.665000
9946.665000
9946.665000
9946.665000
9947.100000
9950.053000
9953.286000
9954.458000
9957.171000
9957.936000
9957.936000
9957.936000
9957.936000
9957.936000
9957.936000
9957.936000
9957.936000
9957.936000
9957.936000
9957.936000
9957.936000
9957.936000
9957.936000
9957.936000
9957.936000
9957.936000
9958.110000
9958.365000
9960.904000
9963.209000
9965.195000
9965.261000
9965.261000
9965.261000
9965.261000
9965.261000
9965.261000
9965.261000
9965.261000
9965.261000
9965.261000
9965.261000
9965.261000
9965.261000
9965.261000
9965.261000
9965.261000
9965.261000
9965.261000
9965.261000
9965.261000
9965.261000
9965.261000
9965.261000
9965.261000
9965.261000
9965.261000
9965.261000
9965.261000
9965.261000
9965.261000
9965.261000
9966.541000
9968.319000
9971.310000
9971.310000
9971.310000
9971.310000
9971.310000
9971.310000
9971.310000
9971.310000
9971.310000
9971.310000
9971.310000
9971.310000
9971.310000
9971.310000
9971.310000
9971.310000
9971.310000
9971.359000
9971.610000
9971.704000
9971.766000
9971.932000
9971.997000
9971.997000
9971.997000
9971.997000
9971.997000
9971.997000
9971.997000
9971.997000
9971.997000
9971.997000
9971.997000
9971.997000
9971.997000
9971.997000
9971.997000
9971.997000
9971.997000
9971.997000
9971.997000
9971.997000
9971.997000
9972.034000
9972.134000
9972.411000
9975.010000
9975.010000
9975.010000
9975.010000
9975.010000
9975.010000
9975.010000
9975.010000
9975.010000
9975.010000
9975.010000
9975.010000
9975.010000
9975.010000
9975.010000
9975.010000
9975.010000
9975.010000
9975.139000
9979.870000
9991.887000
10000.997000
10002.448000
10002.448000
10002.772000
10002.826000
10002.952000
10003.309000
10003.636000
10004.078000
10004.293000
10004.440000
10004.578000
10004.654000
10004.763000
10004.935000
10005.049000
10005.742000
10006.002000
10006.028000
10006.036000
10006.036000
10006.036000
10006.036000
10006.036000
10006.036000
10006.036000
10006.036000
10006.036000
10006.036000
10006.052000
10006.081000
10007.166000
10012.831000
10026.812000
10030.979000
10033.417000
10033.417000
10062.584000
10065.368000
10078.444000
10090.965000
10108.349000
10121.779000
10139.915000
10148.393000
10168.474000
10177.400000
10179.839000
10204.892000
10213.448000
10215.161000
10221.105000
10222.702000
10230.289000
10232.636000
10241.627000
10248.954000
10259.088000
10275.184000
10275.184000
10293.811000
10295.054000
10299.434000
10305.866000
10315.801000
10323.726000
10326.648000
10328.892000
10330.960000
10336.346000
10338.448000
10350.012000
10354.991000
10356.427000
10361.484000
10363.097000
10363.486000
10366.063000
10366.586000
10367.223000
10377.644000
10377.673000
10377.798000
10378.177000
10378.516000
10378.667000
10378.766000
10378.936000
10379.528000
10380.316000
10382.465000
10395.507000
10395.507000
10395.507000
10395.875000
10397.348000
10397.941000
10397.941000
10397.941000
10398.225000
10398.492000
10398.743000
10398.743000
10398.743000
10398.743000
10398.743000
10398.743000
10398.743000
10398.743000
10398.743000
10398.743000
10398.819000
10398.966000
10399.187000
10399.310000
10399.376000
10399.471000
10399.523000
10399.523000
10399.523000
10399.523000
10405.987000
10415.673000
10423.396000
10427.915000
10427.915000
10427.915000
10427.915000
10427.915000
10452.201000
10452.201000
10452.201000
10463.773000
10472.368000
10472.368000
10479.960000
10487.865000
10487.865000
10487.865000
10488.901000
10494.271000
10505.530000
10507.793000
10508.428000
10510.283000
10510.283000
10512.771000
10515.306000
10517.801000
10520.138000
10522.859000
10524.199000
10525.862000
10529.840000
10529.840000
10530.110000
10530.115000
10530.301000
10530.484000
10530.508000
10530.508000
10530.520000
10530.549000
10530.639000
10530.705000
10530.736000
10530.736000
10530.736000
10530.736000
10530.750000
10530.785000
10530.801000
10530.813000
10530.868000
10530.932000
10531.043000
10531.079000
10531.086000
10531.089000
10531.106000
10531.134000
10531.191000
10531.261000
10531.305000
10531.368000
10531.390000
10531.424000
10531.578000
10531.596000
10531.635000
10531.703000
10531.745000
10531.774000
10531.783000
10531.793000
10531.802000
10531.813000
10531.817000
10531.845000
10532.576000
10532.716000
10532.801000
10532.831000
10532.882000
10544.621000
10546.818000
10548.847000
10549.691000
10553.196000
10555.562000
10555.781000
10555.813000
10555.813000
10555.813000
10555.835000
10555.858000
10555.872000
10555.889000
10555.980000
10556.045000
10556.129000
10556.148000
10556.174000
10556.188000
10556.565000
10556.603000
10556.651000
10556.651000
10556.659000
10556.670000
10556.677000
10556.734000
10556.753000
10556.761000
10556.777000
10556.777000
10556.783000
10556.805000
10556.805000
10556.811000
10556.813000
10556.844000
10556.856000
10556.870000
10556.894000
10556.894000
10556.901000
10556.933000
10557.015000
10557.204000
10557.302000
10557.376000
10557.438000
10557.438000
10557.542000
10557.684000
10557.738000
10557.892000
10557.917000
10558.028000
10558.117000
10558.188000
10558.220000
10558.220000
10558.277000
10558.307000
10558.310000
10558.314000
10558.317000
10558.426000
10558.446000
10558.451000
10558.452000
10558.457000
10558.502000
10558.507000
10558.507000
10558.521000
10558.532000
10558.585000
10558.598000
10558.643000
10558.659000
10558.672000
10558.680000
10558.690000
10558.693000
10558.693000
10558.693000
10558.714000
10558.755000
10558.765000
10558.767000
10558.806000
10558.818000
10558.822000
10558.828000
10558.829000
10558.829000
10558.829000
10558.837000
10558.851000
10558.882000
10558.901000
10558.912000
10558.926000
10558.970000
10558.995000
10559.002000
10559.118000
10559.132000
10559.142000
10559.533000
10559.545000
10559.545000
10559.555000
10559.600000
10559.858000
10560.138000
10560.173000
10560.206000
10560.214000
10560.220000
10560.234000
10560.241000
10560.328000
10560.359000
10560.377000
10560.396000
10560.645000
10560.787000
10561.239000
10561.362000
10561.489000
10561.527000
10561.772000
10561.796000
10561.854000
10561.886000
10561.896000
10561.904000
10561.911000
10561.945000
10562.349000
10562.757000
10563.416000
10563.532000
10563.681000
10563.749000
10563.850000
10565.503000
10570.564000
10572.658000
10575.844000
10577.157000
10577.272000
10577.283000
10577.283000
10577.389000
10577.451000
10577.808000
10578.089000
10581.205000
10582.772000
10582.865000
10583.199000
10583.240000
10583.249000
10583.260000
10583.306000
10583.383000
10583.423000
10583.452000
10583.474000
10583.499000
10583.512000
10583.512000
10583.512000
10583.512000
10583.512000
10583.512000
10583.512000
10583.512000
10583.512000
10583.512000
10583.544000
10583.570000
10583.651000
10583.709000
10583.789000
10584.455000
10586.435000
10586.435000
10595.238000
10596.542000
10597.313000
10598.144000
10598.227000
10598.280000
10598.326000
10598.346000
10598.354000
10598.372000
10598.374000
10598.374000
10598.374000
10598.374000
10598.374000
10598.374000
10598.374000
10598.374000
10598.374000
10598.374000
10598.374000
10598.374000
10598.374000
10598.374000
10598.374000
10598.374000
10598.374000
10598.374000
10598.374000
10598.374000
10598.374000
10598.374000
10598.374000
10598.374000
10598.374000
10598.374000
10598.374000
10598.374000
10598.374000
10598.374000
10598.374000
10598.374000
10598.374000
10598.374000
10598.374000
10598.374000
10598.374000
10598.374000
10598.374000
10598.374000
10598.374000
10598.374000
10598.374000
10598.374000
10598.374000
10598.374000
10598.374000
10598.374000
10598.374000
10598.374000
10598.374000
10598.375000
10598.565000
10599.098000
10599.190000
10599.190000
10599.266000
10599.752000
10613.149000
10627.096000
10629.697000
10629.860000
10629.945000
10630.138000
10630.312000
10630.416000
10645.477000
10651.293000
10654.834000
10655.426000
10657.154000
10657.372000
10657.396000
10657.431000
10657.453000
10657.536000
10657.934000
10658.187000
10658.187000
10658.297000
10658.383000
10658.412000
10658.434000
10658.609000
10659.568000
10659.568000
10659.568000
10659.568000
10659.568000
10659.568000
10659.568000
10659.568000
10659.568000
10659.568000
10659.568000
10659.568000
10659.568000
10659.568000
10659.568000
10659.568000
10659.568000
10659.568000
10659.568000
10659.568000
10659.568000
10659.568000
10659.568000
10659.568000
10659.568000
10659.568000
10659.568000
10659.568000
10659.568000
10659.568000
10659.568000
10659.568000
10659.568000
10659.568000
