1.62436
1.62442
2.12442
2.62442
3.12533
3.64174
4.12455
4.62632
5.1253
5.66308
6.12446
6.6262
7.12614
7.66508
8.12444
8.62579
9.12451
9.65641
10.1256
10.6726
11.1442
11.6555
12.1257
12.6468
13.1379
13.6396
14.14
14.6498
15.1245
15.6388
16.1258
16.6888
17.1244
17.6524
18.1378
18.6379
19.1244
19.6515
20.1258
20.6461
21.1246
21.6571
22.1255
22.6424
23.1246
23.6606
24.1258
24.648
25.1246
25.6631
26.1393
26.6381
27.1244
27.652
28.1266
28.6377
29.1245
29.6483
30.1388
30.6384
31.1245
31.6517
32.1246
32.6434
33.1245
33.6532
34.1269
34.6458
35.1245
35.6505
36.1275
36.6369
37.1245
37.6669
38.1246
38.6246
39.126
39.6558
40.1279
40.6386
41.1277
41.6657
42.1268
42.6471
43.1264
43.6785
44.1261
44.6245
45.1262
45.6517
46.1263
46.6435
47.1245
47.6593
48.1261
48.626
49.1488
49.6763
50.1246
50.6245
51.1389
51.6503
52.1303
52.6254
53.1591
53.6572
54.1256
54.6402
55.1247
55.6752
56.1245
56.6254
57.1255
57.6653
58.1257
58.6552
59.1244
59.6559
60.1274
60.6244
61.1244
61.6738
62.1255
62.6406
63.1244
63.6409
64.1257
64.642
65.1245
65.6623
66.1274
66.6384
67.1259
67.6705
68.2616
68.63
69.1271
69.6952
70.1262
70.6386
71.2538
71.6672
72.1245
72.6283
73.1245
73.6503
74.1269
74.6383
75.1246
75.6636
76.1714
76.7621
77.1244
77.6552
78.1245
78.6259
79.1254
79.6716
80.1245
80.6268
81.1267
81.6611
82.1255
82.6441
83.1247
83.6454
84.1273
84.6705
85.1255
85.6629
86.1245
86.6411
87.1256
87.6744
88.1259
88.6603
89.1828
89.6572
90.1573
90.6269
91.1258
91.6604
92.1245
92.6266
93.1256
93.6649
94.1504
94.6264
95.1514
95.7101
96.1246
96.6275
97.1295
97.6558
98.1254
98.6561
99.1244
99.6524
100.163
100.679
101.124
101.669
102.252
102.643
103.132
103.673
104.129
104.649
105.129
105.652
106.16
106.637
107.133
107.656
108.134
108.655
109.141
109.65
110.14
110.656
111.14
111.664
112.141
112.658
113.186
113.66
114.142
114.657
115.141
115.672
116.141
116.659
117.154
117.692
118.155
118.643
119.255
119.693
120.14
120.7
121.144
121.697
122.14
122.642
123.14
123.696
124.14
124.642
125.141
125.814
126.14
126.658
127.157
127.707
128.141
128.645
129.139
129.793
130.141
130.643
131.153
131.907
132.143
132.642
133.14
133.713
134.139
134.67
135.216
135.709
136.195
136.648
137.523
137.725
138.186
138.642
139.174
139.678
140.142
140.663
141.141
141.697
142.197
142.643
143.424
143.758
144.141
144.658
145.141
145.674
146.142
146.659
147.139
147.681
148.14
148.659
149.309
149.697
150.218
150.641
151.139
151.697
152.172
152.641
153.139
153.682
154.145
154.953
155.154
155.734
156.14
156.657
157.14
157.675
158.141
158.659
159.207
159.665
160.24
160.64
161.185
161.672
162.207
162.641
163.183
163.672
164.14
164.642
165.14
165.764
166.139
166.662
167.141
167.671
168.14
168.664
169.139
169.699
170.156
170.679
171.14
171.66
172.141
172.659
173.164
173.662
174.15
174.657
175.143
176.138
176.202
176.66
177.142
177.681
178.143
178.657
179.224
179.662
180.143
180.659
181.479
181.653
182.187
182.625
183.13
183.671
184.131
184.625
185.125
185.66
186.125
187.107
187.208
187.713
188.213
188.636
189.132
189.73
190.125
190.625
191.135
191.679
192.746
192.877
193.125
193.677
194.125
194.625
195.125
195.667
196.167
196.643
197.124
197.984
198.16
198.637
199.137
199.666
200.125
200.625
201.125
201.705
202.125
202.649
203.625
203.73
204.133
204.638
205.18
205.706
206.134
206.637
207.139
207.747
208.145
209.445
209.54
209.705
210.172
210.625
211.125
211.667
212.125
212.625
213.125
213.692
214.875
215.063
215.196
215.625
216.125
216.625
217.131
217.641
218.208
218.625
219.125
219.642
220.674
220.745
221.125
221.651
222.127
222.685
223.125
223.646
224.155
224.671
225.125
226.298
226.396
226.723
227.125
227.634
228.125
228.68
229.125
229.641
230.125
230.644
231.125
231.969
232.129
232.637
233.124
233.64
234.125
234.646
235.125
235.625
236.125
236.656
237.159
237.645
238.125
238.641
239.124
239.625
240.191
240.676
241.125
241.641
242.124
242.701
243.125
243.636
244.125
244.659
245.125
245.641
246.125
246.66
247.125
247.638
248.124
248.668
249.138
249.641
250.124
250.656
251.125
251.625
252.153
252.707
253.125
253.641
254.618
254.717
255.135
255.658
256.14
256.69
257.41
257.686
258.209
258.705
259.133
259.654
260.78
260.892
261.139
261.644
262.125
262.647
263.125
263.625
264.147
264.664
265.125
266.209
266.277
266.638
267.125
267.625
268.125
268.634
269.125
269.666
270.125
270.704
271.125
271.639
272.455
272.69
273.125
273.644
274.124
274.666
275.125
275.646
276.124
276.649
277.125
277.644
279.039
279.101
279.179
279.82
280.124
280.81
281.145
281.64
282.169
282.642
283.175
284.737
284.806
285.393
285.77
286.27
286.87
287.279
287.804
288.322
290.16
290.307
290.69
291.194
291.694
292.283
292.689
293.195
293.689
294.207
294.721
295.205
295.689
296.228
296.692
297.406
297.689
298.213
298.71
299.189
300.864
300.997
301.399
301.9
302.396
302.9
303.401
303.895
304.401
304.899
305.46
305.9
306.391
306.909
307.398
307.89
308.419
308.891
310.759
310.867
311.386
311.79
312.295
312.793
313.287
313.791
314.299
314.794
315.287
315.793
316.294
316.786
317.291
317.802
318.289
318.79
319.288
319.787
321.226
321.348
321.349
321.767
322.259
322.765
323.259
323.759
324.259
324.769
325.259
326.877
326.959
327.413
327.906
328.409
328.908
329.406
329.906
330.407
330.912
332.403
332.528
332.937
333.432
333.934
334.44
334.944
335.432
335.934
336.439
336.931
337.429
337.935
338.431
338.936
340.11
340.184
340.404
340.904
341.404
341.909
342.404
342.904
343.404
343.908
344.404
344.904
345.836
345.909
346.459
346.914
347.417
347.904
348.404
349.108
349.404
349.903
351.353
351.463
351.497
351.904
352.404
352.91
353.417
353.904
354.404
354.904
355.423
356.864
356.982
356.985
357.404
357.904
358.404
358.967
359.451
359.904
360.404
360.933
361.507
361.913
363.473
363.573
364.003
364.502
365.003
365.5
366.064
366.53
367.007
367.503
368.749
368.845
368.978
369.474
369.986
370.474
370.974
371.655
371.98
372.474
373.593
373.678
373.993
374.474
374.974
375.474
375.994
376.606
376.974
377.474
377.988
378.97
379.059
379.508
380.026
380.475
381.069
381.479
382.031
382.474
383.025
383.481
384.026
385.256
385.323
385.529
385.974
386.527
386.974
387.474
387.978
388.474
388.974
389.474
390.772
390.884
390.974
391.474
391.974
392.474
393.027
393.474
393.974
394.474
394.974
395.474
395.976
396.477
396.975
397.474
398.001
398.474
398.974
399.474
401.102
401.202
401.638
402.144
402.641
403.13
403.632
404.145
404.629
405.817
405.884
406.119
406.857
407.196
407.602
408.303
408.658
409.102
409.62
410.178
410.602
411.16
412.167
412.259
412.602
413.102
413.602
414.108
414.602
415.113
415.602
416.118
416.602
417.102
418.282
418.412
418.602
419.109
419.602
420.102
420.602
421.112
421.645
422.102
422.602
423.673
423.795
424.112
424.602
425.102
425.603
426.113
426.602
427.102
427.602
428.979
429.102
429.181
429.602
430.164
430.602
431.102
431.803
432.107
432.602
433.144
433.602
434.111
435.581
435.715
435.726
436.265
436.614
437.158
437.602
438.25
438.603
439.434
439.602
441.28
441.435
441.822
442.28
442.782
443.282
443.818
444.448
444.825
445.319
445.809
447.663
447.819
448.163
448.663
449.163
449.663
450.163
450.663
451.163
452.103
452.202
452.663
453.207
453.663
454.163
454.663
455.189
455.663
456.177
456.663
457.986
458.19
458.28
458.663
459.175
459.71
460.208
460.663
461.172
461.664
462.172
462.685
464.337
464.425
464.866
465.344
465.868
466.377
466.875
467.399
467.871
468.346
469.976
470.111
470.664
471.004
471.788
472.025
472.509
473.307
473.517
475.215
475.365
475.921
476.215
476.715
477.244
477.715
478.235
478.715
480.612
480.766
481.116
481.612
482.117
482.664
483.114
483.612
484.112
484.659
486.473
486.619
487.015
487.473
487.975
488.473
489.019
489.473
489.977
490.483
491.017
492.87
492.973
493.526
493.876
494.37
495.109
495.37
495.957
496.371
498.036
498.127
498.584
499.036
499.54
500.075
500.536
501.038
501.6
502.077
502.536
504.248
504.427
504.748
505.248
505.748
506.297
506.748
507.252
509.207
509.374
509.735
510.239
510.733
511.241
511.74
512.242
514.186
514.323
514.728
515.217
515.713
516.222
516.714
517.211
517.766
518.214
518.713
520.374
520.492
520.878
521.375
521.878
522.4
522.878
523.375
525.333
525.455
525.847
526.351
526.863
527.352
527.843
528.352
528.863
529.345
531.151
531.223
531.8
532.177
532.701
533.222
533.656
534.152
536.098
536.241
536.635
537.13
537.625
538.214
538.624
539.134
539.626
540.164
540.628
541.131
541.624
542.354
542.627
543.149
544.962
545.229
545.595
546.009
546.483
547.153
547.538
548.1
548.469
549.008
550.397
550.5
550.528
551.097
551.463
551.983
552.463
552.963
553.474
553.975
555.419
555.518
555.555
556
556.463
556.995
557.463
557.962
558.515
558.963
559.463
560.615
560.735
560.974
561.654
561.963
562.49
562.97
563.478
564.21
564.463
566.416
566.615
567.329
567.482
567.925
568.427
568.965
569.419
569.948
570.448
570.955
571.495
571.947
572.428
572.957
573.421
573.924
574.429
576.352
576.497
577.092
577.387
577.876
578.603
578.868
579.422
581.475
581.622
582.19
582.492
583.01
583.581
584.002
584.66
585.001
587.289
587.444
587.821
588.342
588.821
589.335
589.825
590.345
590.818
591.324
591.818
592.326
592.815
593.323
593.864
594.319
594.82
595.335
595.817
596.332
596.894
597.564
597.819
598.32
598.816
600.691
600.861
601.221
601.743
602.227
602.752
603.224
603.73
605.653
605.818
606.209
606.68
607.213
607.683
608.217
608.686
609.249
609.679
610.221
611.848
612.002
612.355
612.849
613.349
613.891
614.348
614.849
615.43
615.886
616.352
618.029
618.175
618.541
619.062
619.551
620.055
620.553
621.089
621.541
622.046
623.458
623.604
623.61
624.029
624.564
625.038
625.529
626.029
626.529
627.033
627.574
628.046
628.529
629.05
629.529
630.029
631.48
631.627
631.631
632.029
632.529
633.042
633.529
634.029
634.529
635.029
635.529
637.258
637.409
637.816
638.26
638.767
639.26
639.808
640.261
640.788
642.473
642.631
643.017
643.731
643.973
644.477
645.017
645.475
646.01
646.477
647
648.405
648.547
648.549
648.974
649.521
649.974
650.474
650.973
651.473
651.973
653.432
653.567
653.605
653.976
654.474
654.976
655.475
656.001
656.473
656.977
657.493
657.978
659.516
659.616
660.016
660.516
661.016
661.516
662.177
662.516
663.016
663.516
664.913
665.049
665.067
665.517
666.034
666.527
667.016
667.519
668.016
668.531
669.016
669.554
670.016
671.383
671.469
671.534
672.026
672.516
673.016
673.517
674.016
674.518
675.016
675.516
676.742
676.926
677.123
677.775
678.016
678.556
679.14
679.825
680.016
680.519
681.027
681.516
683.183
683.262
683.734
684.211
684.714
685.223
685.709
686.459
686.716
687.219
687.716
688.209
688.92
689.208
689.714
690.221
690.969
691.222
691.719
692.423
692.742
693.252
694.71
694.787
695.246
695.804
696.239
696.816
697.252
697.741
698.246
698.772
699.237
701.295
701.429
702.097
702.386
702.846
703.44
703.861
704.321
704.834
705.341
707.307
707.479
707.833
708.34
708.837
709.376
709.839
710.38
710.839
711.37
711.837
712.341
712.834
713.378
713.834
714.335
714.836
715.382
717.606
717.718
718.267
718.694
719.336
719.71
720.174
720.639
721.147
723.367
723.55
724.245
724.396
724.939
725.872
725.947
726.368
728.461
728.665
728.972
729.462
729.961
730.461
730.977
731.47
733.51
733.576
734.01
734.512
735.01
735.54
736.01
736.51
737.01
738.857
738.977
739.373
739.857
740.372
740.878
741.357
741.857
742.37
742.877
743.357
743.857
744.812
744.91
745.364
745.857
746.357
746.887
747.357
747.857
748.357
748.881
749.357
749.857
750.954
751.031
751.371
751.857
752.37
752.898
753.38
753.857
754.37
754.857
755.371
756.251
756.357
756.857
757.467
757.857
758.368
758.857
759.374
759.857
760.357
760.857
761.437
761.857
762.37
762.858
763.371
763.857
764.372
764.857
765.367
765.857
766.374
766.857
767.377
768.529
768.595
768.859
769.392
769.857
770.357
770.857
771.391
771.857
772.357
772.857
773.39
773.88
774.368
775.786
775.849
775.893
776.448
776.857
777.371
777.857
778.359
778.888
779.357
779.857
781.142
781.199
781.382
781.857
782.367
782.857
783.357
783.857
784.367
784.885
785.357
785.857
786.408
786.857
787.357
788.51
788.563
788.894
789.368
789.857
790.417
790.857
791.357
791.857
792.368
793.664
793.74
793.857
794.373
794.857
795.357
795.857
796.368
796.857
797.365
797.857
798.382
799.716
799.818
799.857
800.368
800.857
801.368
801.857
802.366
802.861
803.368
803.857
805.024
805.12
805.359
805.857
806.357
806.857
807.371
807.857
808.357
808.857
809.357
809.857
811.138
811.192
811.357
811.857
812.357
812.857
813.357
813.857
814.372
814.857
815.372
815.857
816.368
816.857
817.357
817.857
819.279
819.356
819.373
819.857
820.357
820.857
821.368
821.857
822.37
822.857
823.368
823.857
824.369
824.913
825.366
825.857
826.357
826.857
827.359
827.871
828.37
828.857
829.357
829.885
830.357
830.857
831.411
831.857
832.357
832.921
833.369
833.857
834.374
834.859
835.373
835.891
836.357
836.857
837.373
838.047
838.368
838.857
839.368
841.11
841.243
841.632
842.152
842.678
843.178
843.674
844.145
844.621
845.182
846.407
846.51
846.61
847.111
847.648
848.11
848.61
849.11
849.703
850.11
850.61
851.11
852.294
852.434
852.61
853.111
853.61
854.11
854.61
855.114
855.61
856.11
856.61
857.117
857.617
858.553
858.616
859.11
859.61
860.127
860.61
861.11
861.61
862.11
862.61
863.137
863.61
864.11
864.61
865.11
865.61
866.114
866.61
867.11
867.61
868.11
869.341
869.451
869.61
870.148
870.61
871.11
871.647
872.146
872.61
873.11
873.61
874.858
874.99
875.11
875.61
876.124
876.61
877.181
877.61
878.132
878.61
879.11
880.386
880.508
880.61
881.11
881.61
882.136
882.65
883.11
883.61
884.115
884.61
885.967
886.089
886.161
886.61
887.131
887.61
888.127
888.61
889.11
889.61
890.115
890.656
891.644
891.713
892.189
892.684
893.132
893.84
894.166
894.619
895.44
895.612
896.173
897.754
897.917
898.302
898.803
899.278
899.806
900.319
900.78
901.286
901.802
902.28
902.783
904.288
904.362
904.901
905.32
905.862
906.3
906.873
907.301
907.797
908.297
908.815
910.213
910.355
910.375
910.789
911.32
911.789
912.289
912.789
913.288
913.789
914.289
915.962
916.095
916.505
917.012
917.485
917.999
918.493
919.001
919.495
919.997
921.741
921.888
922.314
922.774
923.275
923.771
924.302
924.774
925.293
