0.012481
0.012037
0.010862
0.013560
0.011005
0.016862
0.010051
0.009377
0.008610
0.010066
0.007183
0.006556
0.006208
0.008643
0.008973
0.007546
0.007252
0.006015
0.007891
0.007394
0.005777
0.006271
0.006340
0.006330
0.005019
0.004992
0.004663
0.004712
0.004848
0.005450
0.006179
0.006086
0.003745
0.003647
0.006640
0.004794
0.009619
0.010009
0.008594
0.010399
0.011870
0.009917
0.007891
0.007342
0.006252
0.006858
0.007064
0.010710
0.009685
0.011786
0.011000
0.013128
0.016045
0.012201
0.011763
0.013119
0.011288
0.014388
0.007638
0.006130
0.009607
0.009107
0.010218
0.006258
0.013780
0.016356
0.013364
0.018204
0.011719
0.012555
0.010338
0.011097
0.008451
0.010270
0.005764
0.008397
0.008107
0.010009
0.009385
0.011042
0.009235
0.012911
0.015135
0.015434
0.013361
0.011940
0.010165
0.010530
0.014062
0.016215
0.017874
0.012933
0.012262
0.014193
0.015990
0.012472
0.007768
0.010940
0.011976
0.006104
0.007703
0.008502
0.008688
0.008045
0.008466
0.015279
0.007251
0.009774
0.007082
0.008689
0.006546
0.010300
0.009100
0.010445
0.006363
0.006567
0.006767
0.009917
0.011913
0.013269
0.015209
0.012673
0.018619
0.014636
0.017718
0.016472
0.019303
0.017968
0.017199
0.022395
0.020506
0.025592
0.016318
0.023333
0.017493
0.025941
0.020148
0.025973
0.016355
0.022553
0.018032
0.011125
0.017672
0.013393
0.015854
0.015242
0.018490
0.023241
0.016279
0.012824
0.016558
0.015731
0.011924
0.010728
0.014037
0.013264
0.020683
0.010308
0.009290
0.010979
0.008633
0.008289
0.007450
0.011171
0.008640
0.012096
0.012966
0.012578
0.017663
0.023037
0.020564
0.019768
0.020275
0.021234
0.018661
0.019789
0.018030
0.020259
0.021191
0.016880
0.012602
0.012665
0.013463
0.012441
0.017995
0.015283
0.014299
0.012351
0.014481
0.014448
0.016314
0.015283
0.010675
0.010969
0.011778
0.010442
0.006810
0.008189
0.008200
0.008514
0.011428
0.007112
0.010407
0.012395
0.008941
0.009140
0.006460
0.010051
0.007094
0.007711
0.009646
0.009869
0.007934
0.013432
0.013743
0.010273
0.010650
0.014523
0.016621
0.014145
0.011732
0.015616
0.008818
0.006537
0.006716
0.006461
0.006946
0.005904
0.008112
0.014003
0.016500
0.011774
0.013051
0.021642
0.018772
0.021960
0.014276
0.017321
0.011327
0.014843
0.012622
0.013166
0.014812
0.015616
0.013734
0.011037
0.011341
0.009241
0.013028
0.010475
0.010815
0.007634
0.008328
0.006429
0.008303
0.010678
0.015778
0.022538
0.024374
0.022330
0.019564
0.017819
0.018983
0.017338
0.015167
0.014187
0.006637
0.005834
0.004673
0.007520
0.001993
0.003845
0.004045
0.005794
0.004997
0.005827
0.006830
0.011895
0.019451
0.012755
0.009499
0.014648
0.016418
0.026701
0.017852
0.022578
0.021697
0.024137
0.025739
0.026424
0.016801
0.025558
0.029383
0.022058
0.024466
0.035905
0.023419
0.022558
0.029970
0.026152
0.026385
0.015568
0.013667
0.009791
0.016195
0.015682
0.015416
0.015842
0.022508
0.018658
0.018851
0.018703
0.018715
0.011814
0.009300
0.019620
0.010446
0.013511
0.017073
0.012421
0.010840
0.010907
0.007586
0.007016
0.007888
0.008124
0.007575
0.008687
0.011291
0.011147
0.013090
0.017322
0.025328
0.031187
0.027292
0.023846
0.023740
0.022295
0.019665
0.025228
0.029214
0.027961
0.035606
0.033293
0.030740
0.025004
0.021003
0.008184
0.011783
0.016094
0.018891
0.018179
0.025748
0.022963
0.021497
0.025873
0.024634
0.020905
0.017617
0.014426
0.011854
0.012723
0.011524
0.010094
0.011162
0.008029
0.012963
0.010719
0.009825
0.016441
0.011754
0.007454
0.009377
0.010474
0.009033
0.009898
0.023103
0.017200
0.017861
0.013227
0.014085
0.014059
0.012769
0.015034
0.009250
0.012988
0.014112
0.016833
0.011642
0.011594
0.017246
0.011305
0.013812
0.013247
0.010468
0.013469
0.013287
0.014487
0.013402
0.009580
0.007461
0.006735
0.007627
0.012472
0.011311
0.011507
0.012452
0.009583
0.007232
0.014838
0.012531
0.010559
0.010420
0.011940
0.012393
0.014796
0.011551
0.018300
0.017750
0.016052
0.014880
0.011754
0.011452
0.014392
0.009291
0.014151
0.006308
0.005475
0.006311
0.011545
0.016411
0.015120
0.007418
0.010122
0.006676
0.004437
0.005103
0.011545
0.012093
0.011369
0.007977
0.006712
0.005733
0.026959
0.016211
0.014204
0.011283
0.009861
0.007194
0.016165
0.017564
0.011938
0.012873
0.011609
0.012229
0.011708
0.011184
0.015393
0.020136
0.018298
0.019478
0.011611
0.006963
0.005217
0.007151
0.012806
0.013319
0.008539
0.007428
0.007758
0.012365
0.021449
0.017470
0.012506
0.010602
0.006031
0.008129
0.008355
0.006453
0.007615
0.007609
0.007230
0.013537
0.013471
0.011635
0.011078
0.008906
0.011373
0.020911
0.010350
0.012455
0.019417
0.019509
0.021747
0.014386
0.011162
0.011981
0.012456
0.007262
0.009963
0.007048
0.004226
0.003632
0.007131
0.009103
0.014752
0.013764
0.015685
0.013935
0.010686
0.006630
0.009866
0.006080
0.008377
0.013716
0.013371
0.012882
0.018934
0.016361
0.014149
0.015412
0.014246
0.025768
0.015758
0.021548
0.011536
0.008096
0.005691
0.002580
0.013262
0.017761
0.011453
0.006085
0.013312
0.021883
0.021231
0.008159
0.006964
0.011007
0.009812
0.010728
0.013232
0.011265
0.012134
0.015999
0.021994
0.012862
0.012096
0.010223
0.009191
0.011087
0.010190
0.011923
0.011846
0.012130
0.023772
0.016553
0.017678
0.026581
0.020873
0.010798
0.012309
0.010743
0.014894
0.010594
0.015690
0.016091
0.011990
0.019784
0.013652
0.012331
0.013231
0.017847
0.016061
0.019384
0.017529
0.009646
0.015656
0.016685
0.019156
0.020828
0.026259
0.024495
0.021427
0.016893
0.024011
0.023213
0.024012
0.017880
0.014740
0.009023
0.015496
0.015323
0.004837
0.003519
0.014009
0.014256
0.015038
0.021855
0.018077
0.014237
0.018246
0.011219
0.008877
0.012888
0.007188
0.008999
0.009879
0.005697
0.008033
0.009742
0.021136
0.017922
0.015009
0.018113
0.016850
0.019729
0.011640
0.014087
0.012509
0.010669
0.009143
0.010703
0.010812
0.017160
0.018969
0.017740
0.022472
0.020858
0.016415
0.011068
0.012105
0.013675
0.015523
0.019244
0.013347
0.014799
0.020287
0.028688
0.022378
0.019520
0.010679
0.011825
0.014051
0.017467
0.025278
0.023856
0.016093
0.015943
0.015548
0.014902
0.016068
0.019031
0.019363
0.014456
0.012759
0.019257
0.020627
0.021290
0.028352
0.029193
0.027743
0.028960
0.028801
0.022112
0.018804
0.017075
0.018326
0.024613
0.021912
0.029577
0.015347
0.020152
0.029946
0.025295
0.016665
0.003969
0.003337
0.002768
0.003392
0.007732
0.009657
0.007405
0.012019
0.029653
0.026396
0.022683
0.011445
0.011416
0.005606
0.014226
0.013986
0.027903
0.022227
0.016165
0.021757
0.022948
0.020790
0.006751
0.004814
0.003651
0.012343
0.012586
0.014412
0.007862
0.010092
0.009544
0.007636
0.007691
0.006503
0.006746
0.010889
0.013159
0.022244
0.015925
0.023483
0.014691
0.011641
0.010114
0.009084
0.008597
0.009791
0.015039
0.016055
0.020228
0.030530
0.037408
0.027435
0.026532
0.018079
0.014534
0.015292
0.014173
0.014894
0.016312
0.013207
0.016669
0.024284
0.014646
0.013408
0.014606
0.013927
0.019480
0.021152
0.021748
0.031705
0.022411
0.020919
0.017817
0.021820
0.016302
0.012770
0.026458
0.032481
0.030818
0.023029
0.029605
0.021859
0.021615
0.019434
0.016442
0.013655
0.011029
0.010980
0.010211
0.012293
0.013328
0.013888
0.012559
0.015877
0.014728
0.019210
0.023785
0.012821
0.012711
0.019342
0.016220
0.032751
0.027154
0.026569
0.019299
0.028098
0.028816
0.023705
0.022168
0.022119
0.021368
0.019957
0.016081
0.014702
0.017546
0.017407
0.017414
0.016181
0.010703
0.011682
0.016304
0.015991
0.009785
0.008806
0.014841
0.009583
0.015747
0.011638
0.028816
0.014245
0.013913
0.016914
0.012024
0.012514
0.012808
0.009152
0.007092
0.005996
0.005871
0.008937
0.008243
0.012562
0.013852
0.010142
0.010380
0.013072
0.013550
0.014806
0.015092
0.011929
0.011414
0.017319
0.016098
0.014692
0.011718
0.012901
0.013594
0.014814
0.023773
0.012385
0.016066
0.010831
0.014534
0.009773
0.010124
0.016097
0.014303
0.015008
0.019480
0.018341
0.013281
0.010380
0.016643
0.019101
0.013787
0.012869
0.017097
0.015124
0.013561
0.026858
0.031306
0.028749
0.017041
0.012970
0.006608
0.004184
0.006474
0.005769
0.007082
0.021214
0.024783
0.020240
0.018989
0.013827
0.013947
0.024465
0.014652
0.018643
0.014254
0.011257
0.011213
0.011237
0.010920
0.009267
0.011172
0.017044
0.011235
0.012052
0.010172
0.016089
0.014336
0.017874
0.017394
0.018718
0.013126
0.029555
0.016021
0.014369
0.018852
0.013548
0.005826
0.010610
0.010549
0.011324
0.007743
0.011302
0.010446
0.007944
0.006163
0.008710
0.007932
0.005715
0.010559
0.008717
0.004571
0.006531
0.006393
0.005395
0.025325
0.020721
0.022897
0.018107
0.015336
0.012610
0.010075
0.011478
0.006789
0.007512
0.012543
0.013914
0.014658
0.017123
0.015973
0.017061
0.019182
0.019116
0.028285
0.023992
0.015721
0.015697
0.010233
0.026621
0.012760
0.019065
0.024368
0.023104
0.021306
0.021457
0.018299
0.014149
0.011174
0.011736
0.014454
0.013489
0.006362
0.006019
0.016422
0.009614
0.013361
0.014713
0.021028
0.018294
0.012302
0.012279
0.017065
0.016742
0.015942
0.010413
0.014123
0.006263
0.010900
0.009334
0.018740
0.016407
0.018191
0.015667
0.013282
0.018735
0.017055
0.015106
0.011213
0.008935
0.006671
0.005651
0.008477
0.013108
0.011712
0.017269
0.018384
0.012521
0.013882
0.013831
0.012447
0.011448
0.008300
0.018193
0.014110
0.011312
0.008343
0.025126
0.018699
0.018142
0.013813
0.012246
0.014576
0.011680
0.011147
0.018919
0.014254
0.013139
0.013450
0.028344
0.017782
0.015372
0.013527
0.018055
0.009750
0.017728
0.017564
0.009208
0.013930
0.011052
0.008933
0.011664
0.013831
0.018598
0.018425
0.018345
0.016348
0.026310
0.016567
0.015399
0.013492
0.010780
0.007208
0.006034
0.006765
0.008880
0.009657
0.011476
0.011452
0.022231
0.017931
0.012030
0.020849
0.018792
0.013045
0.013526
0.013542
0.014530
0.022431
0.018181
0.013773
0.016219
0.013685
0.016263
0.011670
0.016289
0.012890
0.011281
0.013468
0.025496
0.026011
0.013305
0.017185
0.011752
0.008165
0.006660
0.002446
0.010089
0.004148
0.003978
0.006062
0.018781
0.015971
0.010197
0.010142
0.009657
0.012319
0.018496
0.016713
0.016747
0.016698
0.016629
0.014412
0.014391
0.013210
0.015844
0.024536
0.024911
0.027409
0.018360
0.022695
0.014264
