4.97007
5.84704
7.33531
8.77072
10.0017
10.9726
12.2674
12.9191
14.1113
14.6893
15.8595
16.4327
16.731
18.0231
19.1881
19.9457
20.9724
22.3132
22.6435
23.6696
24.9526
26.3455
26.4224
26.5119
26.6877
26.7506
26.8212
26.9061
26.9773
28.3408
28.9774
29.9697
31.2206
31.7275
32.7828
33.7308
34.6576
35.5356
36.809
38.0454
38.7932
39.6865
40.081
41.5174
42.539
43.9299
44.4953
45.7144
46.2367
47.1875
48.0434
48.5797
49.9104
51.2837
52.6983
54.1045
55.3846
55.9688
57.1564
57.9203
58.9831
59.9395
61.1956
62.5928
63.5026
64.8137
66.1242
67.4494
68.1708
69.5777
70.9403
71.9235
72.9668
73.759
74.9458
76.2512
77.0645
78.4679
78.9091
80.0416
80.5605
81.8254
83.1707
84.5567
85.9768
86.6797
87.6375
88.3177
88.5913
89.0618
90.0299
91.3062
91.6714
93.0926
94.0914
94.7329
95.8226
96.5425
96.8911
97.9063
99.2522
99.7738
100.445
101.847
102.32
103.516
104.867
106.182
107.218
107.725
108.965
110.365
111.461
112.521
113.691
115.04
115.91
116.996
117.885
119.076
119.499
120.611
122.064
122.519
123.999
125.155
125.787
127.004
127.741
128.125
129.542
129.978
131.017
132.07
133.128
133.839
134.999
135.568
136.703
137.233
138.449
138.568
139.79
140.99
141.392
142.326
143.43
143.812
144.728
145.839
146.283
147.517
148.187
149.338
150.731
151.003
152
152.809
154.183
155.594
156.552
157.38
158.208
158.97
159.495
160.672
161.128
162.546
163.823
164.835
166.061
166.869
167.87
168.658
169.545
170.894
172.612
173.766
174.843
176.26
177.024
178.065
178.751
179.828
180.131
180.495
181.908
182.231
182.543
183.949
185.305
186.272
186.933
187.177
188.329
189.388
190.748
191.922
193.243
194.34
195.009
196.086
197.441
198.296
198.877
200.193
201.22
201.754
203.008
204.452
205.889
206.885
207.38
208.238
209.247
209.707
210.941
211.122
212.359
213.041
214.524
215.22
216.037
216.725
217.561
219.019
220.227
220.642
221.864
223.366
224.371
225.498
226.515
227.025
227.872
228.658
229.459
230.929
231.853
233.246
234.616
235.746
236.132
236.853
238.246
239.464
240.887
241.742
242.591
243.134
243.956
244.725
245.76
247.228
248.256
249.085
250.214
251.533
253.035
253.776
254.252
255.531
256.056
257.119
257.899
258.799
259.918
261.401
262.73
263.703
264.241
265.565
266.637
267.382
268.379
269.806
270.416
271.12
272.762
273.154
273.492
275.242
276.651
277.585
279.114
279.404
280.35
280.786
281.483
282.964
284.064
284.598
285.062
286.184
287.571
287.996
288.999
290.327
291.403
292.784
293.136
293.54
295.17
296.097
297.491
297.989
298.077
298.186
298.278
298.356
298.491
298.578
298.687
299.548
300.439
301.354
302.662
304.007
305.318
306.706
307.488
308.311
309.127
310.52
311.755
312.872
314.855
316.261
317.086
318.148
319.579
319.871
321.062
322.491
323.888
324.813
325.762
326.576
327.949
328.997
330.045
331.068
332.196
332.984
334.394
334.983
335.975
337.169
338.558
339.045
340.093
341.466
341.81
342.362
343.337
345.926
353.432
354.778
355.978
356.233
357.334
358.702
358.796
360.217
360.8
361.466
362.238
363.08
364.197
365.33
366.717
367.717
368.693
369.527
370.463
371.203
372.059
373.068
373.993
374.6
375.79
376.639
377.597
378.441
379.323
380.493
381.321
382.266
383.407
384.596
385.735
386.556
387.571
388.605
389.771
390.483
391.341
392.444
393.496
394.921
396.19
397.36
398.523
399.51
400.958
402.335
403.212
404.389
405.84
407.224
408.25
410.097
410.975
411.717
412.626
413.302
414.269
414.887
416.274
417.418
417.964
419.19
419.957
420.84
421.474
422.778
423.925
424.969
426.377
427.417
428.86
430.834
432.118
436.856
438.437
439.844
440.715
442.803
444.83
446.235
447.4
447.798
449.219
451.976
455.109
456.263
457.412
458.59
460.158
461.431
466.006
467.562
468.585
469.967
471.308
472.244
473.071
474.151
475.548
476.903
477.559
478.43
479.485
480.026
480.432
480.975
482.391
483.483
484.353
484.914
486.063
487.348
488.449
489.882
490.617
491.735
492.14
493.426
494.219
494.768
496.126
496.708
497.923
498.789
499.733
500.999
502.212
503.158
504.109
505.631
506.602
507.621
508.572
509.995
510.985
511.823
512.824
513.849
514.506
515.81
517.123
518.068
518.999
519.844
521.272
522.699
523.782
524.989
526.428
527.566
528.567
529.535
530.99
532.301
533.527
539.866
541.25
542.164
543.554
544.718
545.591
546.639
547.846
550.453
554.393
556.517
559.262
560.585
561.816
565.16
567.405
568.804
572.817
575.524
580.278
581.614
585.509
587.042
590.728
592.49
593.963
595.314
595.75
596.982
597.731
599.773
601.087
601.873
602.821
603.805
604.686
606.154
607.579
608.955
610.37
611.118
612.147
612.974
614.388
615.084
616.006
617.031
618.528
619.505
620.461
621.784
623.385
624.321
628.882
630.265
631.379
632.569
633.863
635.211
635.764
636.817
639.022
639.318
640.391
641.751
642.259
643.014
643.793
645.13
646.51
646.87
647.339
648.73
649.829
650.996
657.582
660.213
661.599
661.744
663.173
663.956
665.333
666.129
666.728
668.043
669.498
670.265
671.972
674.286
675.578
676.738
678.122
678.66
679.212
680.441
681.319
682.711
683.905
685.26
686.472
687.725
689.057
689.66
690.232
691.387
692.719
693.991
695.131
696.516
697.112
697.781
699.233
699.812
700.982
702.019
702.684
703.48
704.934
706.335
707.383
708.56
709.416
710.2
712.677
715.149
716.566
717.968
718.775
722.178
723.44
724.856
729.012
730.747
731.761
732.51
733.222
734.344
735.489
736.947
738.284
739.046
742.229
743.795
744.899
745.856
746.999
748.2
748.774
749.347
750.736
752.001
753.21
754.512
755.478
756.22
757.145
757.887
759.351
760.749
761.785
762.731
763.515
764.936
765.784
766.363
767.558
768.953
770.275
771.003
772.833
777.327
787.819
790.369
791.917
793.686
796.669
798.051
800.098
801.632
805.12
806.749
808.473
809.854
810.328
811.064
811.712
812.054
813.505
814.963
815.846
816.969
817.221
818.552
818.979
819.194
819.33
819.47
820.699
822.245
823.649
826.937
829.235
830.651
831.782
832.783
833.62
834.998
836.179
837.583
838.78
839.768
841.156
842.272
843.654
844.275
845.343
846.733
847.763
849.149
850.268
851.737
853.13
853.867
855.28
856.712
857.387
858.779
860.232
861.331
862.57
863.502
864.906
865.959
866.838
867.747
868.643
869.743
870.855
872.284
873.244
875.682
877.193
878.559
879.391
880.703
881.426
881.963
883.237
883.768
885.296
886.808
887.765
888.316
889.561
890.874
892.516
896.799
898.165
899.544
900.993
902.036
903.476
904.239
905.618
906.51
907.798
909.201
910.6
910.971
912.16
913.071
913.87
914.613
916.013
917.31
918.999
920.405
920.767
922.152
922.553
923.961
924.987
926.374
927.003
928.006
928.854
930.222
931.648
933.046
934.539
935.749
937.139
938.12
938.968
939.759
940.599
942.043
943.476
944.887
945.347
945.876
947.274
948.686
949.813
950.989
952.17
953.583
954.956
955.883
956.434
957.847
958.717
959.692
960.569
961.798
962.739
963.671
964.231
965.263
966.053
967.128
968.499
969.592
970.523
971.8
972.535
973.337
974.225
975.387
976.652
978.007
979.514
980.992
982.025
984.186
985.392
986.181
987.589
988.61
989.487
990.543
992.052
996.381
999.036
1000.48
1001.51
1002.13
1002.78
1004.23
1005.65
1007
1008.82
1011.13
1012.54
1013.48
1013.59
1015.02
1016.43
1017.61
1018.98
1019.52
1020.93
1021.94
1022.94
1024.33
1025.12
1026.05
1027.46
1028.86
1030.24
1031.02
1032.32
1032.97
1033.89
1034.9
1036.29
1037.45
1038.58
1039.54
1040.22
1040.98
1042.35
1043.53
1044.73
1045.45
1046.43
1047.93
1049.3
1049.71
1051.26
1051.51
1052.59
1053.97
1055.25
1056.04
1057.46
1058.85
1060.21
1061.21
1062.6
1064.38
1065.79
1067.2
1068.1
1069.31
1070.68
1071.98
1073.21
1073.45
1073.79
1075.22
1076.61
1077.38
1078.44
1079.89
1080.99
1081.86
1082.66
1084.06
1085.26
1086.9
1088.48
1089.9
1091.54
1093.03
1095.05
1096.49
1097.89
1098.24
1099.61
1099.95
1101.33
1102.21
1103.31
1104.72
1105.89
1107.3
1108.59
1110.19
1111.04
1112.5
1114.09
1115.49
1116.81
1118.2
1119.06
1120.46
1121.61
1122.56
1123.94
1124.7
1125.99
1126.83
1127.69
1129.2
1130.49
1131.78
1132.73
1134.13
1135.51
1136.3
1137.18
1138.5
1139.71
1140.31
1141.49
1142.96
1144.34
1145.65
1147.03
1148.26
1149.23
1151.23
1152.45
1153.83
1155.35
1155.67
1157.87
1159.33
1160.7
1162.04
1163.09
1163.9
1165.31
1166.71
1168.03
1169.3
1170.71
1171.7
1173.22
1174.39
1175.74
1176.93
1178.25
1179.63
1180.72
1182.1
1183.46
1185.74
1185.81
1187.19
1188.24
1189.64
1191.03
1191.49
1192.78
1194.74
1196.12
1196.99
1198.46
1199.87
1200.82
1202.22
1203.2
1204.59
1205.45
1205.93
1207.19
1208.52
1209.73
1211.12
1212.5
1212.98
1214.37
1215.46
1216.81
1218.23
1219.64
1220.47
1221.44
1222.49
1223.77
1224.78
1225.59
1226.72
1227.76
1229.83
1231.1
1232.48
1233.19
1234.67
1235.95
1236.44
1237.83
1239.07
1240.47
1241.73
1243.12
1243.94
1245.2
1246.58
1248.26
1249.36
1250.7
1251.52
1252.94
1254.46
1255.52
1256.93
1257.38
1258.5
1259.56
1259.63
1259.75
1259.81
1259.87
1259.96
1261.37
1262.69
1264.1
1265.34
1266.71
1268.11
1269.35
1270.29
