0.003264
0.003606
0.003879
0.004934
0.006219
0.006877
0.009459
0.007903
0.006349
0.006885
0.008239
0.007666
0.008997
0.007958
0.007078
0.006449
0.005708
0.005569
0.005635
0.006282
0.007083
0.006114
0.007428
0.006402
0.007035
0.006562
0.007266
0.005595
0.005615
0.006579
0.006947
0.006705
0.009660
0.010099
0.009644
0.013063
0.011481
0.011685
0.010393
0.011569
0.014758
0.014166
0.010823
0.011669
0.012554
0.016311
0.015675
0.012278
0.012815
0.011776
0.012499
0.008052
0.007673
0.007843
0.014078
0.011845
0.011837
0.013027
0.015043
0.015660
0.019073
0.019481
0.017365
0.017357
0.016984
0.017339
0.016300
0.017671
0.016061
0.017635
0.017300
0.016893
0.016111
0.014956
0.013499
0.013489
0.013745
0.010644
0.009211
0.009467
0.010214
0.007405
0.006473
0.006667
0.006041
0.006620
0.007465
0.009226
0.009345
0.009373
0.011526
0.013807
0.014347
0.011213
0.010619
0.013616
0.013318
0.016205
0.014159
0.014508
0.014470
0.017126
0.013807
0.014627
0.014271
0.014790
0.013644
0.011464
0.010661
0.011694
0.010342
0.012184
0.009280
0.011615
0.014361
0.013557
0.014873
0.015566
0.014978
0.018026
0.015980
0.018601
0.024178
0.023847
0.027806
0.028264
0.032460
0.031009
0.031866
0.028500
0.026715
0.024980
0.025501
0.028905
0.027721
0.031203
0.030286
0.030288
0.029932
0.029991
0.029386
0.028906
0.020357
0.020842
0.020885
0.021470
0.021500
0.023691
0.022813
0.029840
0.030009
0.032978
0.029219
0.027678
0.022398
0.022661
0.021034
0.022231
0.020522
0.018161
0.018190
0.018881
0.019446
0.020554
0.023707
0.020961
0.024359
0.025894
0.032258
0.032355
0.034558
0.036318
0.037404
0.039688
0.038913
0.041647
0.039978
0.039460
0.038409
0.035802
0.033460
0.036183
0.030306
0.027433
0.022171
0.022221
0.024933
0.024616
0.025666
0.023904
0.020564
0.022146
0.022980
0.024288
0.021698
0.018385
0.020145
0.021726
0.021137
0.022778
0.025833
0.010251
0.011994
0.011521
0.011328
0.009897
0.010195
0.010326
0.009363
0.010193
0.009083
0.009588
0.009779
0.009733
0.008373
0.007834
0.008568
0.008502
0.008422
0.006686
0.007868
0.007714
0.007770
0.009783
0.009283
0.010037
0.026178
0.027126
0.030246
0.033095
0.028310
0.030644
0.033365
0.032634
0.026839
0.026186
0.020484
0.020270
0.023230
0.019172
0.022161
0.023249
0.020089
0.019189
0.021178
0.024374
0.023037
0.023294
0.027511
0.028851
0.027564
0.030070
0.032794
0.035636
0.033638
0.040715
0.040664
0.043445
0.041824
0.046222
0.043563
0.045832
0.046013
0.043410
0.045007
0.040239
0.039334
0.043705
0.045871
0.040053
0.041708
0.040401
0.043560
0.040553
0.036813
0.034730
0.039151
0.037288
0.037097
0.037096
0.037816
0.036304
0.035354
0.039506
0.044330
0.041739
0.040741
0.040417
0.047490
0.042245
0.041849
0.039786
0.041246
0.040750
0.033475
0.031563
0.022780
0.022975
0.019443
0.020416
0.019087
0.020750
0.021867
0.020374
0.019793
0.019946
0.020616
0.020515
0.020653
0.020086
0.019986
0.021019
0.020547
0.023632
0.024457
0.028292
0.028964
0.027447
0.024758
0.026597
0.032482
0.028472
0.027169
0.032023
0.032223
0.039032
0.043179
0.038111
0.037315
0.032035
0.032000
0.032385
0.032251
0.030988
0.030725
0.030961
0.028258
0.028035
0.024153
0.019425
0.017430
0.020721
0.017953
0.022352
0.027664
0.024884
0.028832
0.039398
0.039157
0.039392
0.039402
0.041165
0.039085
0.038294
0.042504
0.044962
0.043591
0.043325
0.035436
0.035507
0.028843
0.028234
0.028190
0.026087
0.025956
0.023048
0.023212
0.019662
0.019825
0.015295
0.015132
0.013918
0.015628
0.015684
0.019236
0.023799
0.022265
0.028664
0.032000
0.031183
0.030282
0.025755
0.024677
0.025497
0.019993
0.017449
0.018131
0.016018
0.013838
0.015438
0.015719
0.015187
0.015113
0.018078
0.018291
0.017966
0.015238
0.019346
0.016144
0.016026
0.014764
0.016529
0.018030
0.022741
0.023271
0.018823
0.025493
0.025340
0.026836
0.019340
0.019558
0.018668
0.020571
0.019680
0.019813
0.016976
0.016423
0.015433
0.013659
0.013315
0.013153
0.019525
0.019297
0.022640
0.022732
0.022782
0.027377
0.026004
0.025939
0.029333
0.033343
0.040429
0.034855
0.034692
0.037180
0.039397
0.040195
0.041147
0.045359
0.047222
0.047873
0.047124
0.046613
0.045295
0.049561
0.046829
0.049092
0.050412
0.046751
0.043666
0.035218
0.035429
0.027176
0.027201
0.024824
0.026958
0.027781
0.028213
0.028175
0.020189
0.020895
0.020310
0.027316
0.026187
0.027130
0.026221
0.027020
0.028540
0.028851
0.027643
0.027873
0.026710
0.021116
0.027691
0.026479
0.026987
0.028559
0.025049
0.022918
0.022926
0.024209
0.021089
0.021134
0.018016
0.018252
0.015119
0.017574
0.014525
0.017198
0.018196
0.025286
0.025463
0.033421
0.033288
0.036314
0.036728
0.034067
0.031854
0.032398
0.032827
0.032113
0.032990
0.032364
0.027274
0.029356
0.025395
0.023493
0.019709
0.021151
0.018576
0.020192
0.022098
0.026978
0.027970
0.028530
0.035161
0.033004
0.026639
0.023675
0.023642
0.019379
0.024468
0.028440
0.034266
0.041886
0.045628
0.045672
0.045281
0.050430
0.052069
0.052438
0.051286
0.055857
0.055483
0.052101
0.052195
0.045510
0.045278
0.046218
0.039818
0.039267
0.036464
0.030178
0.029887
0.029860
0.029686
0.030835
0.029447
0.029535
0.023339
0.022136
0.023158
0.027662
0.024464
0.024119
0.024473
0.031544
0.030382
0.030032
0.030263
0.023506
0.023867
0.029102
0.028796
0.030607
0.028776
0.037639
0.038158
0.045896
0.042333
0.040057
0.029641
0.029201
0.025952
0.024102
0.021253
0.016232
0.015523
0.018522
0.022079
0.020180
0.021857
0.025266
0.024304
0.025887
0.026297
0.028244
0.027612
0.033026
0.033930
0.040365
0.040224
0.032890
0.033138
0.032990
0.033634
0.025790
0.025635
0.025791
0.025048
0.031539
0.030576
0.036969
0.038116
0.025153
0.026810
0.026489
0.028105
0.023979
0.022768
0.023785
0.020685
0.029526
0.030769
0.029084
0.028538
0.027402
0.029151
0.028459
0.029190
0.025427
0.025336
0.022629
0.025821
0.025787
0.025236
0.026320
0.021656
0.024660
0.025974
0.030188
0.028958
0.027300
0.028682
0.034366
0.035447
0.036238
0.037909
0.044501
0.037340
0.036241
0.026988
0.026723
0.026075
0.028159
0.028330
0.032689
0.033646
0.026486
0.022788
0.023949
0.027050
0.028118
0.022825
0.026803
0.027215
0.033034
0.027096
0.025726
0.026241
0.026853
0.019403
0.021684
0.018855
0.022739
0.022620
0.019851
0.022435
0.020537
0.023876
0.023248
0.027238
0.022825
0.026797
0.018540
0.023409
0.023426
0.024587
0.022903
0.027273
0.030601
0.028071
0.034210
0.034078
0.042987
0.050004
0.053551
0.084121
0.054631
0.056659
0.056301
0.055958
0.055670
0.048408
0.056423
0.028946
0.032718
0.023145
0.023495
0.023975
0.019349
0.018594
0.023962
0.031197
0.027566
0.029562
0.029509
0.037138
0.036094
0.039269
0.038090
0.042281
0.039354
0.039699
0.037173
0.043617
0.038814
0.036774
0.038152
0.032850
0.033867
0.026532
0.026289
0.022473
0.020223
0.023046
0.021274
0.027317
0.026461
0.031824
0.034090
0.029052
0.034171
0.033726
0.034317
0.034961
0.034872
0.034348
0.032091
0.034868
0.034650
0.033316
0.036232
0.033640
0.031650
0.030167
0.026628
0.019418
0.022536
0.023967
0.020071
0.023208
0.022743
0.032883
0.032629
0.039386
0.034420
0.027245
0.025951
0.027014
0.023940
0.023616
0.031512
0.027487
0.031352
0.035381
0.034578
0.027500
0.032645
0.039948
0.040246
0.046232
0.038253
0.035003
0.029860
0.031887
0.033567
0.030516
0.027200
0.022940
0.020320
0.020516
0.027151
0.027695
0.027724
0.027132
0.033504
0.032457
0.034280
0.028050
0.029553
0.029809
0.029156
0.038534
0.027038
0.035051
0.034913
0.033511
0.032541
0.030675
0.031282
0.028800
0.029562
0.034863
0.029934
0.021519
0.021915
0.017069
0.020914
0.019172
0.019769
0.022500
0.026897
0.026924
0.026695
0.023356
0.022230
0.021663
0.025529
0.023036
0.022868
0.019018
0.018274
0.021866
0.023347
0.025431
0.024154
0.030152
0.036212
0.032273
0.031922
0.036759
0.028754
0.025083
0.025040
0.022383
0.017438
0.018283
0.018380
0.023170
0.027033
0.022996
0.027392
0.025984
0.029256
0.029060
0.038834
0.036870
0.037481
0.031337
0.031934
0.025173
0.025530
0.030399
0.035599
0.036800
0.037572
0.049311
0.035960
0.036216
0.028979
0.028701
0.025141
0.035790
0.036024
0.041940
0.043617
0.038575
0.031584
0.031600
0.031784
0.035041
0.026536
0.026608
0.022374
0.020527
0.017972
0.018883
0.021989
0.022425
0.022371
0.025072
0.025326
0.022221
0.021955
0.018178
0.017348
0.021160
0.021600
0.021835
0.024144
0.025630
0.025282
0.026344
0.022446
0.022743
0.017138
0.021283
0.026770
0.022325
0.023218
0.023896
0.017508
0.017138
0.016033
0.013654
0.017393
0.017929
0.021329
0.024677
0.026787
0.024190
0.024982
0.032522
0.030765
0.031403
0.030538
0.022872
0.021027
0.022220
0.022144
0.022100
0.022059
0.022465
0.022393
0.026361
0.029228
0.029321
0.028997
0.023817
0.028615
0.027714
0.039048
0.034220
0.045394
0.045236
0.041784
0.042783
0.048233
0.047481
0.036262
0.031518
0.031362
0.030634
0.021693
0.021713
0.021335
0.020909
0.021852
0.022646
0.018495
0.020860
0.022698
0.030343
0.028711
0.028576
0.037908
0.033917
0.034832
0.029451
0.029196
0.025858
0.025909
0.021857
0.021966
0.021991
0.020799
0.026158
0.027431
0.029022
0.027797
0.030930
0.029213
0.028203
0.025008
0.025192
0.022520
0.016901
0.018151
0.017703
0.026027
0.025570
0.023206
0.023056
0.021338
0.021662
0.022229
0.022206
0.016618
0.017759
0.014606
0.015200
0.015996
0.023119
0.022055
0.022629
0.026649
0.024514
0.020783
0.018722
0.014375
0.017663
0.022963
0.022392
0.026633
0.026077
0.025832
0.022152
0.026959
0.024190
0.020507
0.017613
0.017725
0.018421
0.016688
0.017992
0.014605
0.022752
0.022518
0.026602
0.025560
0.022933
0.025435
0.025421
0.026507
0.024885
0.030881
0.032084
0.026181
0.024937
0.025922
0.022582
0.022789
0.022969
0.021999
0.027199
0.024966
0.026523
0.027704
0.030076
0.031896
0.029774
0.028400
0.029212
0.024695
0.023896
0.031302
0.025845
0.024491
0.021368
0.020944
0.021487
0.020695
0.017030
0.017263
0.018217
0.016965
0.018685
0.024321
0.025786
0.029997
0.025631
0.021102
0.022695
0.022576
0.022325
0.024076
0.025098
0.024853
0.024415
0.023327
0.029404
0.026373
0.022671
0.022751
0.020753
0.013546
0.013796
0.014398
0.013017
0.013597
0.013310
0.018008
0.020750
0.020737
0.024991
0.026663
0.024332
0.020901
0.020825
