0.000000
0.000000
0.100000
0.633333
1.166667
1.766667
2.339424
3.263558
4.234643
4.968304
5.650610
6.474047
7.068339
7.838540
8.796377
9.710810
10.592047
11.332526
12.117179
12.982259
13.981555
14.968277
15.927391
16.983290
17.971277
18.954467
19.943844
20.932185
21.917734
22.907884
23.931816
24.852988
25.831934
26.815780
27.802177
28.780487
29.753780
30.662364
31.626003
32.608385
33.595822
34.582721
35.567504
36.528181
37.318126
38.269262
39.252954
40.213478
41.195377
42.176865
43.175729
44.144263
45.134573
46.095759
47.067608
47.993366
49.043778
49.748113
50.402106
51.348009
52.200573
53.103723
54.084195
55.137822
56.113333
57.088605
58.061098
59.013137
59.993869
60.984321
62.037279
63.026908
64.019458
64.990061
65.922893
66.887439
67.899591
68.867541
69.847319
70.785968
71.612610
72.599780
73.322722
73.687538
74.362778
75.314836
76.307399
77.299169
78.271886
79.282950
80.126226
81.083906
82.032603
83.003672
83.868984
84.400637
85.193591
85.792517
86.504489
87.462191
88.418208
89.372782
90.110920
91.052420
91.995836
92.948614
93.928759
94.776732
95.649425
96.582515
97.551375
98.433231
99.396115
100.309717
101.320254
102.269289
103.326193
104.316802
105.308548
106.094575
106.714244
107.476477
108.215062
109.224277
110.206716
111.180209
112.127472
113.078132
114.044435
114.786809
115.480411
116.376398
117.256439
118.134123
119.021007
119.948035
120.712823
121.694690
122.607981
123.470801
124.460200
125.392345
126.451880
127.433653
128.362881
129.322243
130.245353
131.093391
132.076751
133.094839
134.072125
135.050184
136.045838
137.013303
137.993350
139.044979
140.034061
141.018242
142.007246
143.003247
143.977606
144.933526
145.988185
146.844545
147.628139
148.534453
149.290934
150.176679
151.159685
152.199127
153.046275
153.996816
154.828883
155.799310
156.772462
157.790494
158.774618
159.675960
160.628928
161.618264
162.589306
163.478096
163.991243
164.579371
165.560191
166.521043
167.511555
168.500655
169.539427
170.516711
171.465564
172.447658
173.427672
174.418627
175.409018
176.461601
177.450927
178.368756
179.240663
180.218389
181.129239
182.103262
183.145135
184.121543
185.079651
186.066035
186.956111
187.909677
188.940321
189.947048
190.935209
191.921466
192.908265
193.892645
194.882435
195.935684
196.927996
197.858481
198.769640
199.768130
200.744639
201.801784
202.792172
203.775417
204.742676
205.693902
206.666358
207.551483
208.424652
209.265051
210.259399
211.237183
212.224560
213.211953
214.200948
215.199561
216.108758
216.923696
217.650522
218.584730
219.566610
220.593545
221.586307
222.571155
223.560715
224.539632
225.548822
226.533246
227.584603
228.567763
229.546226
230.536401
231.514329
232.491581
233.541578
234.448785
235.350751
236.337576
237.329991
238.311312
239.298368
240.355904
241.345277
242.301479
243.270172
244.258119
245.241263
246.230752
247.275482
248.265370
249.243590
250.226712
251.215674
252.202955
253.254867
254.242214
255.195612
256.155796
257.144858
258.129921
259.010175
259.933430
260.891912
261.877234
262.857018
263.842783
264.833232
265.884474
266.859237
267.779112
268.760202
269.743968
270.716609
271.698091
272.751015
273.721704
274.414729
275.069095
275.944182
276.885753
277.883918
278.892561
279.827038
280.553247
281.439275
282.408362
283.288863
283.814263
284.443120
285.436755
286.398842
287.310990
288.240119
289.200540
290.237322
291.161940
292.098122
293.038292
293.753044
294.625928
295.674740
296.660538
297.642338
298.417474
298.707792
299.248531
300.184599
301.242170
302.241451
303.220205
304.201256
305.175403
306.152125
307.137990
308.167321
309.021631
309.765931
310.750255
311.661069
312.141991
312.683022
313.374227
314.240198
315.244484
316.197055
317.137957
317.716803
318.627809
319.597155
320.581450
321.568734
322.533967
323.527247
324.564606
325.519292
326.510676
327.474072
328.382412
329.088669
329.896453
330.651804
331.025229
331.467596
332.295908
333.288398
334.259583
335.247731
336.220652
337.178033
338.163480
339.150994
340.127603
341.116595
342.173104
343.163548
344.153234
345.143890
346.130677
347.109985
348.099266
349.134060
350.091824
351.083467
352.076259
353.066361
354.050727
355.087199
356.037551
357.018540
357.895070
358.875629
359.675008
360.481415
361.524929
362.509978
363.474648
364.300612
364.868436
365.775943
366.752112
367.767514
368.547401
369.462964
370.190921
370.703058
371.551893
372.493769
373.450773
374.197474
375.057653
376.042114
377.011327
377.945943
378.958954
379.905697
380.838359
381.823096
382.806888
383.808928
384.823205
385.802682
386.764530
387.618386
388.542240
389.491222
390.468189
391.511524
392.383436
393.357642
394.299216
395.291982
396.272600
397.102077
398.017039
398.668173
399.256338
400.127238
401.103245
402.052141
402.888961
403.472962
404.151400
405.056920
406.001929
406.980362
407.922884
408.830681
409.592666
410.237194
410.986856
411.918197
412.905567
413.948706
414.917515
415.788897
416.497405
417.361422
418.333066
419.303367
420.209732
420.983366
421.866341
422.765942
423.607189
424.540713
425.522325
426.488628
427.462014
428.374193
429.397583
430.270595
430.846423
431.629807
432.529028
433.484983
434.010429
434.404466
435.312245
436.234660
437.220761
438.174369
439.130325
440.032158
441.013954
441.890692
442.692605
443.694232
444.681920
445.660337
446.255630
446.940533
447.912372
448.940575
449.783718
450.657793
451.641992
452.632847
453.619912
454.607946
455.667900
456.685025
457.671118
458.660981
459.651177
460.632696
461.683046
462.673956
463.654790
464.764290
465.595137
466.586601
467.559311
468.610305
469.424205
470.295671
471.276211
472.099882
472.746852
473.744188
474.670856
475.322875
476.050183
476.881922
477.884596
478.714273
479.082474
479.703521
480.326662
480.997237
481.965299
482.942738
483.930756
484.985327
485.966412
486.934035
487.905558
488.880040
489.762323
490.800278
491.779054
492.754241
493.600047
494.184105
495.035862
496.019548
497.058251
498.031446
498.757203
499.405114
500.216169
501.223301
502.184836
502.976231
503.965458
504.951496
505.884772
506.855624
507.837867
508.950095
510.266173
511.265900
512.225932
513.217305
514.198860
515.166114
516.240585
517.229910
518.212804
519.268062
520.193337
521.185866
522.242950
523.198525
524.183410
525.165890
526.159646
527.142507
528.112591
529.144953
530.134845
531.124447
532.108212
533.082355
533.991875
534.781269
535.731703
536.722061
537.681294
538.659828
539.513191
540.306083
541.318509
542.285048
543.171658
544.048473
544.993712
545.969768
546.885934
547.868045
548.585856
549.363193
550.363675
551.184442
552.151271
552.992776
553.500059
554.213630
555.072992
556.027474
557.017413
557.898260
558.847762
559.761906
560.679784
561.660392
562.386480
562.944198
563.578542
564.065851
564.866017
565.836877
566.817538
567.642813
568.513103
569.502364
570.070837
570.348559
571.072214
572.081157
573.052338
574.038506
575.088743
576.057985
576.961871
577.722224
578.658096
579.609378
580.587447
581.568218
582.320090
582.649585
583.403039
584.392950
585.379492
586.434387
587.421655
588.439254
589.654770
590.811140
591.714175
592.431104
593.418357
594.399294
595.372046
596.361014
597.236272
598.098152
599.022255
600.020668
600.968116
601.956861
602.833284
603.798864
604.641446
605.678078
606.667183
607.656225
608.644843
609.633650
610.615141
611.733727
612.653062
613.643163
614.632903
615.605536
616.598691
617.601103
618.371638
619.327627
620.342335
621.182293
622.042494
623.026287
624.076552
625.126466
625.480212
625.480212
625.480212
625.507432
626.017856
627.024385
628.007972
628.582415
628.582415
628.582415
628.582415
628.582415
628.582415
628.582415
628.582415
628.582415
628.582415
628.582415
628.614740
629.151921
630.118215
631.106749
632.096812
633.084529
634.039042
635.093800
636.079025
637.056388
638.044497
639.032265
640.010796
641.063750
642.051723
643.040188
644.028955
644.998357
645.917932
646.890842
647.865223
648.900841
649.834295
650.754909
651.384364
652.192513
653.207404
654.196661
655.181692
656.072633
657.034759
658.013075
658.951545
659.916771
660.860808
661.769241
662.758166
663.711499
664.598579
665.566443
666.315306
667.264504
668.214382
668.930560
669.476830
670.411128
671.455682
672.396810
673.387513
674.375550
675.352870
676.331906
677.251918
678.231402
679.217300
680.186737
681.016017
681.888251
682.845513
683.827205
684.693459
685.440759
686.449358
687.358723
688.341928
689.275954
690.322500
691.178847
692.179151
693.141205
694.075766
694.709608
695.605544
696.611325
697.538558
698.482484
699.463910
700.403342
701.371623
702.369184
703.188509
703.846751
704.821402
705.807691
706.782660
707.782492
708.773443
709.762578
710.712747
711.681255
712.567588
713.307233
714.271189
714.856881
715.297947
715.803744
716.520133
717.486397
718.311838
719.287424
720.020502
720.697867
721.558302
722.408142
723.416887
724.370960
725.200291
726.030011
727.010590
727.999213
728.973052
729.953703
731.005473
731.995000
732.983055
733.976524
734.949517
735.915681
736.902414
737.832484
738.793477
739.606691
740.484213
741.424519
742.063351
742.783904
743.775878
744.765898
745.739788
746.705830
747.675220
748.668092
749.694351
750.664982
751.616614
752.556423
753.509809
754.313026
755.194987
756.146121
756.847268
757.616188
758.506583
759.533418
760.355001
761.286428
762.262411
763.235459
764.210937
765.193870
766.178312
767.152818
768.180616
769.086906
769.793656
770.018975
770.631421
771.615958
772.543766
773.569090
774.308482
774.380028
774.380028
774.380028
774.380028
774.380028
774.380028
774.431829
775.027432
776.000176
776.987159
777.975655
779.034000
780.024848
781.009854
781.859898
782.617597
783.528085
784.370692
784.996831
785.884770
786.873365
787.848888
788.833680
789.652106
790.636758
791.686786
792.672586
793.660851
794.582747
795.516525
796.526276
797.569631
798.559619
798.682611
798.682611
798.682611
798.706260
799.266307
800.221447
801.211845
802.319042
803.178733
804.088590
805.045682
806.105324
807.103357
808.090176
809.064335
810.030014
810.906456
811.899852
812.752372
813.788924
814.710761
815.700293
816.753350
817.775718
818.702260
819.636633
819.953723
819.953723
819.953723
819.953723
819.953723
819.961911
820.369384
821.287605
822.277527
823.262178
824.172500
825.266265
826.254399
827.235140
827.983998
828.201769
828.690113
829.623182
830.663285
831.577578
832.481738
833.462391
834.323510
834.956419
835.742626
836.567931
837.552377
838.527910
839.500311
840.442812
841.363764
842.158286
843.021415
843.899563
844.883577
845.734813
846.433303
847.128018
848.138608
849.114666
850.055896
851.007314
851.990094
852.971286
854.000661
854.849916
855.426009
856.366650
857.338212
858.306580
859.181298
860.058106
861.044397
862.025892
863.003069
863.850142
864.696151
865.645174
866.640619
867.628795
868.614259
869.604389
870.582383
871.564775
872.617326
873.543577
874.327334
875.319766
876.306708
877.286335
878.253819
879.302708
880.277970
881.132489
881.943184
882.899300
883.742830
884.604774
885.539280
886.522775
887.488568
888.470718
889.440074
890.425041
891.386343
892.279278
893.113335
893.990698
894.996606
895.958390
897.009046
897.991098
898.982643
900.032653
900.949945
901.828334
902.673289
903.715817
904.693697
905.460446
906.304198
907.279441
908.269333
909.182146
910.047568
910.995450
911.979079
912.924595
913.462698
914.151005
915.077667
915.996236
916.872803
917.757559
918.261299
919.020382
919.742359
920.740154
921.568987
921.992226
922.768482
923.686318
924.658293
925.389915
926.033291
927.017356
927.956747
928.899591
929.867181
930.724199
931.780777
932.754404
933.743595
934.733858
935.717348
936.704434
937.664003
938.716018
939.602413
940.295603
941.105751
942.030914
942.856963
943.097448
943.097448
943.097448
943.097448
943.097448
943.097448
943.097448
943.097448
943.097448
943.097448
943.140554
943.712721
944.695517
945.727406
946.713227
947.645971
948.634278
949.615849
950.604906
951.590043
952.623181
953.612899
954.550256
955.547133
956.478854
957.446710
958.209121
959.205764
960.175977
960.830693
960.830693
960.844466
961.290634
962.289516
963.277191
964.257987
964.996864
965.324952
965.324952
965.366049
965.979847
966.910485
968.092453
968.683127
969.286587
970.187301
971.390868
972.262781
972.754123
972.869373
973.575427
974.550908
975.473501
976.524714
977.500802
978.455625
979.179052
979.290838
979.290838
979.290838
979.290838
979.546100
980.380613
981.365294
982.276259
982.954803
983.829404
984.868323
985.829285
986.791513
987.407352
987.407352
987.407352
987.407352
987.407352
987.407352
987.489806
988.153506
989.202252
990.191073
991.114363
991.776382
992.499315
993.456271
994.434255
995.194321
995.843279
995.915658
995.915658
995.915658
995.915658
996.016642
996.711641
997.813009
998.793365
999.780768
1000.490406
1000.490406
1000.490406
1000.490406
1000.490406
1000.497174
1000.888313
1001.802176
1002.777488
1003.670102
1004.514997
1005.115386
1005.386567
1005.494266
1005.494266
1005.494266
1005.650022
1006.411692
1007.402102
1008.393156
1008.757497
1009.384629
1009.695700
1010.263698
1011.245510
1012.193122
1013.134512
1014.121245
1015.015805
1015.844486
1016.714008
1017.172555
1017.866442
1018.828542
1019.713052
1020.676120
1021.725242
1022.711729
1023.662627
1024.597604
1025.559875
1026.534095
1027.514444
1028.558526
1029.392580
1030.004593
1030.947186
1031.728659
1032.348118
1033.225229
1034.184254
1035.166988
1036.124536
1037.080235
1038.068498
1039.036088
1039.999999
1040.887017
1041.879685
1042.833902
1043.809280
1044.476026
1044.811467
1045.624180
1046.563798
1047.542781
1048.508942
1049.446822
1050.438619
1051.231293
1051.615143
1052.410282
1053.355570
1054.344459
1055.327581
1056.274515
1057.191185
1058.175959
1059.131428
1060.099139
1061.010024
1061.933311
1062.984450
1063.999383
1064.991916
1065.971490
1066.980345
1066.980345
1066.980345
1066.980345
1066.980345
1066.980345
1067.025143
1067.597278
1068.576341
1069.551038
1070.605441
1071.591961
1072.572333
1073.373921
1074.093716
1075.072089
1076.130792
1077.125119
1078.102416
1079.059541
1080.021122
1080.829998
1081.468879
1082.289383
1083.350475
1084.297814
1085.082436
1085.960853
1086.936888
1087.986879
1088.956978
1089.950453
1090.911447
1091.899284
1092.877544
1093.814382
1094.776888
1095.680183
1096.665937
1097.626403
1098.614048
1099.602659
1100.502804
1101.501577
1102.455374
1103.444403
1104.435095
1105.430792
1106.428009
1107.474403
1108.214164
1108.719707
1109.687958
1110.692320
1111.355175
1111.455774
1111.455774
1111.455774
1111.455774
1111.455774
1111.455774
1111.455774
1111.455774
1111.456538
1111.749804
1112.622211
1113.594473
1114.582334
1115.570367
1116.618134
1117.588955
1118.575901
1119.612036
1120.532450
1121.521798
1122.509932
1123.565738
1124.518011
1125.497843
1126.470465
1127.444037
1128.385102
1129.409823
1130.378833
1131.371849
1132.332620
1133.323794
1134.315518
1135.296573
1136.344830
1137.322954
1138.304557
1139.286522
1140.248356
1141.237691
1142.277667
1142.277667
1142.378480
1143.068728
1144.044427
1145.015499
1146.005528
1146.914469
1147.388522
1148.117867
1149.041904
1150.026863
1150.974950
1151.936327
1152.897271
1153.839114
1154.800445
1155.709944
1156.644177
1157.660386
1158.649548
1159.601963
1160.245171
1161.135274
1161.987958
1162.969220
1163.833360
1164.530794
1165.306775
1166.158114
1166.851269
1167.724277
1168.637923
1169.709106
1170.616914
1171.145707
1171.956678
1172.845194
1173.654512
1174.241676
1175.049211
1176.052461
1177.009899
1177.919509
1178.491767
1179.383509
1180.375349
1181.419410
1182.355518
1183.323091
1184.218810
1185.131971
1186.124825
1187.149758
1188.103927
1188.827169
1189.519563
1190.500783
1191.485685
1192.448804
1193.486850
1194.455897
1195.418407
1196.427313
1197.404372
1198.398783
1199.431444
1200.395454
1201.326193
1202.277301
1203.046138
1203.749330
1204.692779
1205.698913
1206.529885
1207.517414
1208.485183
1208.646670
1208.646670
1208.871581
1209.746141
1210.736548
1211.725671
1212.600551
1213.194133
1214.188392
1215.233152
1216.232400
1217.208825
1218.057840
1218.936774
1219.880754
1220.582794
1221.202697
1221.897141
1222.821243
1223.824024
1224.812270
1225.794674
1226.841539
1227.667456
1228.545801
1229.536739
1230.470822
1231.424922
1232.245323
1232.346779
1232.346779
1232.346779
1232.346779
1232.346779
1232.351618
1232.731674
1233.704903
1234.695386
1235.668669
1236.654272
1237.540588
1238.497954
1239.391479
1240.285072
1241.255437
1241.980159
1242.800056
1243.780154
1244.635699
1245.673425
1246.656474
1247.619473
1248.609588
1249.518191
1250.458530
1251.414875
1252.394191
1253.240120
1253.240120
1253.240120
1253.240120
1253.372211
1254.163754
1255.145550
1256.115582
1257.108625
1257.967698
1258.811117
1259.775195
1260.759619
1261.618215
1262.431387
1263.445556
1264.376942
1265.354717
1266.318572
1267.047568
1267.967767
1268.929093
1269.906790
1270.880235
1271.823812
1272.881459
1273.726494
1274.410967
1275.260036
1276.188298
1277.140413
1278.130138
1279.114938
1280.074216
1280.890593
1281.829155
1282.705266
1283.698089
1284.724981
1285.432973
1286.071409
1286.926629
1287.897988
1288.800669
1289.746116
1290.785537
1291.765689
1292.720867
1293.700151
1294.689710
1295.678791
1296.734639
1297.722651
1298.710256
1299.700741
1300.679766
1301.663659
1302.652825
1303.700223
1304.684076
1305.598949
1306.543930
1307.336695
1308.242570
1309.300055
1310.163702
1311.132518
1312.128929
1313.117738
1314.106583
1315.150189
1316.202415
1317.076684
1317.525784
1317.953044
1318.786420
1319.790205
1320.761032
1321.814289
1322.943795
1323.842722
1323.966151
1323.966151
1323.966151
1323.966151
1323.966151
1323.966151
1323.966151
1323.966151
1323.966151
1323.966151
1323.966151
1323.966151
1323.966151
1323.966151
1324.051353
1324.718832
1325.764789
1326.816593
1327.875356
1328.779670
1329.692205
1330.682525
1331.666200
1332.722147
1333.711028
1334.691104
1335.704691
1336.687691
1337.654884
1338.126838
1338.126838
1338.126838
1338.356429
1339.175525
1340.420192
1341.079666
1342.116204
1343.159973
1344.147168
1345.076994
1346.067039
1347.058149
1347.969475
1348.713515
1349.517460
1350.502605
1351.628112
1352.487190
1353.438639
1354.470336
1355.419923
1356.065943
1356.462821
1357.200384
1358.200961
1359.170085
1360.161705
1361.132126
1362.123187
1363.104134
1364.074596
1365.063999
1366.004541
1366.696476
1367.688918
1368.670718
1369.653596
1370.643433
1371.630325
1372.686595
1373.674228
1374.878846
1375.883795
1376.645063
1377.633861
1378.465385
1379.056622
1379.857878
1380.806765
1381.825253
1382.594124
1383.059269
1383.921225
1384.706527
1385.445433
1386.450514
1387.557588
1388.622047
1389.486201
1390.005485
1390.005485
1390.005485
1390.017721
1390.324053
1391.117330
1392.167085
1393.311166
1394.129380
1394.805639
1395.996216
1397.249286
1398.174606
1398.943458
1399.870435
1400.840392
1401.827169
1402.755370
1403.746189
1404.734512
1405.788183
1406.783271
1407.730558
1408.710688
1409.698182
1410.688333
1411.748038
1412.625747
1413.586022
1414.537304
1415.487312
1416.481735
1417.460896
1418.504160
1419.382078
1420.350612
1421.357833
1422.328495
1423.310994
1424.293157
1425.324325
1426.280860
1427.151287
1427.935256
1428.820367
1429.794034
1430.432899
1430.895720
1431.743192
1432.722227
1433.671654
1434.363455
1435.217710
1436.159531
1437.074722
1438.031075
1438.909567
1439.848126
1440.624901
1441.537173
1442.395396
1443.351697
1444.342187
1445.320721
1446.281184
1446.675251
1447.231140
1448.070744
1448.737647
1449.653291
1450.495464
1451.416606
1452.121223
1453.010494
1453.982708
1455.007652
1456.203371
1457.248630
1458.219987
1459.278551
1460.261217
1461.204855
1462.127114
1463.119007
1464.105935
1465.056929
1466.034079
1466.827774
1467.815487
1468.732181
1469.698272
1470.467844
1471.376114
1472.366905
1473.291491
1474.255982
1475.166117
1476.035582
1476.954785
1477.880539
1477.884759
1478.068821
1478.881699
1480.005545
1480.866388
1481.824752
1482.885363
1483.874632
1484.841870
1485.793679
1486.786817
1487.772367
1488.796102
1489.638328
1490.291640
1491.218935
1492.371746
1493.377503
1494.323584
1495.389470
1496.336496
1497.293843
1498.299398
1499.170267
1500.107637
1501.073157
1502.009480
1502.946185
1503.904721
1504.695236
1505.516848
1506.478349
1506.962219
1507.705364
1508.651891
1509.368444
1510.318199
1511.231101
1511.289246
1511.289246
1511.289246
1511.289246
1511.289246
1511.381722
1512.060481
1513.176383
1514.092564
1515.084034
1516.072871
1517.072259
1518.056490
1519.061815
1520.091492
1521.073865
1522.036407
1523.045756
1524.019768
1524.894245
1525.827999
1526.712730
1527.710708
1528.700183
1529.689184
1530.820369
1532.044228
1532.991738
1533.801694
1534.643967
1535.650474
1536.380337
1537.046627
1537.893796
1538.683441
1539.548465
1540.448814
1541.426009
1542.270317
1543.226840
1544.260838
1545.163002
1546.066453
1547.050690
1547.967411
1548.956367
1549.882741
1550.635602
1551.403606
1552.306855
1553.052183
1553.723359
1554.606310
1555.550632
1556.020372
1556.621783
1557.574000
1558.563961
1559.549790
1560.540500
1561.592726
1562.578865
1563.313668
1564.231111
1565.273362
1566.057431
1566.928886
1567.931886
1568.768280
1569.767126
1570.730866
1571.721343
1572.709777
1573.766349
1574.756960
1575.733846
1576.723694
1577.705283
1578.466340
1578.993569
1579.908813
1580.862361
1581.828980
1582.730764
1583.670480
1584.661336
1585.691682
1586.678850
1587.607142
1588.590798
1589.487720
1590.339663
1591.314199
1592.315041
1593.307628
1594.286315
1595.289716
1596.274069
1596.993173
1597.557588
1598.619837
1599.499613
1600.449081
1601.050142
1601.349661
1602.020265
1603.041981
1604.002926
1604.647534
1605.276429
1606.203799
1607.139865
1608.059369
1609.106088
1610.068115
1610.994204
1611.602621
1612.400783
1613.452341
1614.517841
1615.508871
1616.443439
1617.378530
1618.344643
1619.301501
1620.220386
1621.255147
1622.232055
1623.215148
1624.154445
1625.115326
1626.067583
1627.059614
1627.958847
1628.808055
1629.656653
1630.543739
1631.489790
1632.473398
1633.397771
1634.233175
1635.200654
1635.946247
1636.891885
1637.817117
1638.811775
1639.842679
1640.815009
1641.808212
1642.798063
1643.787499
1644.776172
1645.833656
1646.811785
1647.804883
1648.796708
1649.787102
1650.765406
1651.670717
1652.667731
1653.521307
1654.478234
1655.453018
1656.421901
1657.317551
1657.990601
1659.026302
1659.999694
1660.829008
1661.630815
1662.452455
1663.376331
1664.434700
1665.425106
1666.412239
1667.395456
1668.374910
1669.365273
1670.356407
1671.468858
1672.397111
1673.385506
1674.335221
1675.295386
1676.129179
1676.646228
1677.427295
1678.402542
1679.391353
1680.378169
1681.371322
1682.366944
1683.231281
1683.866291
1684.844109
1685.815168
1686.826130
1687.741995
1688.704260
1689.415456
1689.415456
1689.415456
1689.415456
1689.415456
1689.445860
1689.931279
1690.854081
1691.929044
1692.894479
1693.822323
1694.783371
1695.754593
1696.806036
1697.790789
1698.767201
1699.709800
1700.535905
1701.242505
1701.948691
1702.913223
1703.900925
1704.890132
1705.877605
1706.995711
1707.853498
1708.828426
1709.764856
1710.756301
1711.746235
1712.734801
1713.725303
1714.717286
1715.768366
1716.760243
1717.725748
1718.697182
1719.642352
1720.132173
1720.782601
1721.366361
1722.174549
1723.196895
1724.173161
1725.160371
1726.134482
1727.178094
1727.965694
1728.418211
1729.310395
1730.237719
1731.160708
1732.206265
1733.187020
1734.170636
1735.133620
1736.124185
1737.115892
1738.114753
1739.051730
1739.935184
1740.885383
1741.852458
1742.774642
1743.751828
1744.490231
1745.110587
1745.991208
1746.973424
1747.964784
1748.922935
1749.828384
1750.857796
1751.862759
1752.845748
1753.746126
1754.731031
1755.714524
1756.705439
1757.730472
1758.710869
1759.678330
1760.536894
1761.295352
1762.233739
1763.291097
1764.279921
1765.266485
1766.065005
1766.990040
1767.953964
1768.883923
1769.812857
1770.744540
1771.748658
1772.728779
1773.718391
1774.689057
1775.671910
1776.621821
1777.383957
1778.390686
1779.293129
1780.211136
1781.070802
1781.923752
1782.832675
1783.826012
1784.781751
1785.671507
1786.571997
1787.557563
1788.603028
1789.572040
1790.564411
1791.445673
1792.241902
1793.194785
1793.832611
1794.590709
1795.665526
1796.687134
1797.637216
1798.527365
1799.494167
1800.417967
1801.394390
1802.365185
1803.002235
1803.574649
1804.383609
1804.957165
1805.363740
1806.091621
1807.065844
1807.944294
1808.857741
1809.828404
1810.786184
1811.766190
1812.757608
1813.735955
1814.718803
1815.703069
1816.697351
1817.748321
1818.734696
1819.612510
1820.585967
1821.536688
1822.508312
1823.540220
1824.493448
1825.368963
1825.972374
1826.824485
1827.784947
1828.667138
1829.722992
1830.621139
1831.443819
1832.430697
1833.420999
1834.412265
1835.529968
1836.461096
1837.423876
1838.400143
1839.185535
1839.887434
1840.430124
1840.983271
1841.849773
1842.662655
1843.595149
1844.565048
1845.530837
1846.506133
1847.413829
1848.416879
1849.530939
1850.384007
1851.370277
1851.981816
1852.931954
1853.917950
1854.893083
1855.730334
1856.549872
1857.502871
1858.230106
1858.699173
1859.463719
1860.322377
1861.241278
1862.241378
1862.936460
1863.346212
1864.347351
1865.251906
1866.229804
1867.227390
1868.209647
1869.201688
1870.256247
1871.243100
1872.167823
1873.155350
1874.127854
1875.097346
1876.068462
1877.123259
1878.085556
1878.951493
1879.855177
1880.820543
1881.811273
1882.848624
1883.823450
1884.681809
1885.644189
1886.630537
1887.595816
1888.575884
1889.613018
1890.119101
1890.669357
1891.618680
1892.404737
1893.105196
1893.752332
1894.695217
1895.708993
1896.493561
1897.077981
1898.012448
1898.463840
1898.952773
1899.663477
1900.415388
1901.081952
1901.308387
1901.892381
1902.850890
1903.906243
1904.887226
1905.800379
1906.772060
1907.752835
1908.734373
1909.787251
1910.719377
1911.681352
1912.686177
1913.676711
1914.667933
1915.612185
1916.462047
1917.327302
1918.299308
1919.285692
1920.274314
1921.187126
1922.135605
1922.821460
1923.676351
1924.664319
1925.646319
1926.469672
1927.422277
1928.476309
1929.392232
1930.180696
1931.132506
1932.031989
1933.041220
1933.897017
1934.752379
1935.729375
1936.680410
1937.707611
1938.707218
1939.678215
1940.735708
1941.727925
1942.701932
1943.571134
1944.499735
1945.440609
1946.399152
1947.361765
1948.371554
1949.252936
1950.215390
1951.164073
1952.093770
1952.903529
1953.900703
1954.890063
1955.838747
1956.819992
1957.800704
1958.781344
1959.841659
1960.805651
1961.811135
1962.596624
1963.367611
1964.320173
1964.870384
1965.691374
1966.532706
1967.005913
1967.503843
1968.148251
1968.730879
1969.698182
1970.677468
1971.432741
1972.335623
1973.313163
1974.299362
1975.289963
1976.326066
1977.051588
1977.920213
1978.922188
1979.896987
1980.879669
1981.859914
1982.913163
1983.870637
1984.556197
1985.404143
1986.332851
1987.311633
1988.246928
1989.225649
1990.253709
1991.135633
1992.007865
1992.636609
1993.596443
1994.630055
1995.572740
1996.563619
1997.553770
1998.542002
1999.495410
2000.500594
2001.454544
2002.593691
2003.704740
2004.667980
2005.657001
2006.641314
2007.522357
2008.404087
2009.403742
2010.261742
2011.182661
2012.194597
2013.100039
2014.114168
2014.886698
2015.738636
2016.587437
2017.525439
2018.504870
2019.518900
2020.168172
2021.036394
2021.955919
2022.809551
2023.681147
2024.644234
2025.696760
2026.635968
2027.598619
2028.577791
2029.297841
2030.017214
2030.914730
2031.557679
2032.062649
2032.805909
2033.796001
2034.396997
2035.019374
2036.046471
2037.011733
2037.999636
2038.978251
2039.956325
2040.942600
2041.842375
2042.856506
2043.965636
2044.815898
2045.706234
2046.690172
2047.563500
2048.157762
2049.046602
2050.038237
2051.008246
2051.961908
2052.646463
2053.280167
2054.265564
2054.992887
2055.464482
2055.997988
2056.877306
2057.804619
2058.679490
2059.655740
2060.662031
2061.649837
2062.526021
2063.361888
2064.354849
2065.408386
2066.394853
2067.386088
2068.379652
2069.225879
2069.620858
2070.263984
2071.256135
2072.071314
2073.052502
2073.953227
2074.401917
2074.862218
2075.606308
2076.101632
2076.541236
2077.238817
2078.137723
2079.122539
2080.059292
2080.815593
2081.581078
2082.330212
2082.810628
2083.438294
2083.921851
2084.731990
2085.716446
2086.836931
2087.891419
2088.926368
2089.916786
2090.894762
2091.882331
2092.772225
2093.762855
2094.386224
2094.935172
2095.741755
2096.622174
2097.460566
2098.406182
2099.322296
2100.265980
2100.967519
2101.903499
2102.872519
2103.308500
2103.777806
2104.392227
2104.955580
2105.730359
2106.777557
2107.741962
2108.717625
2109.693342
2110.624751
2111.811838
2112.792073
2113.839443
2114.780458
2115.772097
2116.761045
2117.745072
2118.327415
2119.089540
2120.124742
2121.128102
2122.068381
2122.962529
2124.023804
2125.009152
2126.027641
2127.027405
2127.789384
2128.892879
2130.003612
2130.970479
2131.887535
2132.803193
2133.827644
2134.634840
2135.152919
2135.905413
2136.609643
2137.116353
2137.916884
2138.959941
2140.389321
2141.319018
2141.687395
2142.391788
2143.370500
2144.346202
2145.077491
2145.740304
2146.657494
2147.646863
2148.635760
2149.688610
2150.680926
2151.656100
2152.294413
2152.818445
2153.316743
2153.810316
2154.654550
2155.650130
2156.588087
2157.587642
2158.460902
2159.378328
2160.981358
2162.178799
2162.821807
2163.478643
2164.121020
2165.140986
2166.319921
2167.332390
2168.305262
2169.250202
2170.193315
2171.022031
2171.485918
2172.225305
2173.252161
2174.238228
2175.234009
2176.171414
2177.140718
2178.041172
2178.556871
2179.170848
2179.993640
2180.591001
2180.959068
2181.044392
2181.044392
2181.044392
2181.044392
2181.044392
2181.044392
2181.044392
2181.044392
2181.044392
2181.044392
2181.044392
2181.044392
2181.044392
2181.044392
2181.044392
2181.044392
2181.044392
2181.044392
2181.044392
2181.044392
2181.044392
2181.044392
2181.044392
2181.044392
2181.044392
2181.044392
2181.044392
2181.044392
2181.044392
2181.044392
2181.044392
2181.044392
2181.044392
2181.044392
2181.044392
2181.044392
2181.044392
2181.044392
2181.044392
2181.044392
2181.044392
2181.044392
2181.044392
2181.044392
2181.044392
2181.044392
2181.044392
2181.044392
2181.044392
2181.044392
2181.044392
2181.044392
2181.044392
2181.044392
2181.044392
2181.044392
2181.044392
2181.044392
2181.044392
2181.044392
2181.044392
2181.044392
2181.044392
2181.044392
2181.044392
2181.044392
2181.044392
2181.044392
2181.044392
2181.044392
2181.044392
2181.044392
2181.044392
2181.044392
2181.044392
2181.044392
2181.044392
2181.044392
2181.044392
2181.044392
2181.044392
2181.044392
2181.044392
2181.044392
2181.044392
2181.044392
2181.044392
2181.044392
2181.044392
2181.044392
2181.044392
2181.044392
2181.044392
2181.044392
2181.044392
2181.044392
2181.044392
2181.044392
2181.044392
2181.044392
2181.044392
2181.044392
2181.044392
2181.044392
2181.044392
2181.044392
2181.044392
2181.044392
2181.044392
2181.044392
2181.044392
2181.044392
2181.044392
2181.044392
2181.044392
2181.044392
2181.044392
2181.044392
2181.044392
2181.044392
2181.044392
2181.044392
2181.044392
2181.044392
