0.007489
0.006449
0.008266
0.009736
0.008668
0.009760
0.007615
0.009034
0.008592
0.008727
0.007737
0.007076
0.008115
0.008595
0.009047
0.011596
0.010892
0.007409
0.007146
0.008700
0.009869
0.006375
0.006365
0.006703
0.005788
0.007598
0.006064
0.006449
0.007721
0.008761
0.008327
0.009963
0.006061
0.006533
0.010641
0.006828
0.008826
0.008751
0.007969
0.009910
0.007982
0.008988
0.009771
0.008541
0.006379
0.006263
0.005613
0.007624
0.007454
0.006869
0.006308
0.007765
0.008498
0.009018
0.006805
0.006546
0.008030
0.009976
0.006014
0.007811
0.011595
0.009057
0.007788
0.006471
0.009536
0.008867
0.006662
0.009954
0.005515
0.009644
0.005733
0.007829
0.006339
0.009025
0.008614
0.007854
0.007909
0.005423
0.007043
0.007717
0.008601
0.006397
0.006353
0.006756
0.008154
0.005797
0.007905
0.007605
0.007304
0.007900
0.010705
0.007635
0.005283
0.007756
0.007006
0.005957
0.005986
0.007577
0.007655
0.007995
0.008933
0.007617
0.009559
0.007942
0.007570
0.010832
0.008013
0.009363
0.006994
0.009294
0.007781
0.008637
0.009399
0.009694
0.005549
0.007546
0.006819
0.007197
0.006804
0.007113
0.008606
0.006516
0.008907
0.008774
0.006497
0.007734
0.006729
0.008238
0.007674
0.008061
0.009501
0.010029
0.006505
0.009168
0.007952
0.009486
0.006871
0.009058
0.006246
0.008868
0.009173
0.007991
0.007738
0.007261
0.007608
0.006418
0.007827
0.011108
0.006358
0.007316
0.006719
0.008127
0.007242
0.007067
0.005979
0.009220
0.008899
0.008713
0.006372
0.009454
0.007348
0.008027
0.005996
0.007407
0.005902
0.007699
0.009098
0.008236
0.008996
0.009041
0.008767
0.009051
0.008710
0.008334
0.009611
0.008954
0.009585
0.008682
0.008785
0.007758
0.006896
0.007674
0.007442
0.006451
0.006646
0.007788
0.007466
0.007619
0.011972
0.007329
0.006400
0.007457
0.006611
0.008368
0.007818
0.009902
0.009485
0.008572
0.009776
0.007681
0.006649
0.005971
0.009918
0.008643
0.009972
0.007227
0.006388
0.008586
0.005971
0.007153
0.007478
0.007476
0.008034
0.007464
0.006429
0.005808
0.007825
0.007663
0.008570
0.006935
0.007153
0.008895
0.006553
0.007041
0.007055
0.007790
0.007492
0.007130
0.006054
0.008549
0.010029
0.008520
0.008590
0.009142
0.007828
0.007946
0.006893
0.007867
0.006550
0.010263
0.010215
0.008960
0.007852
0.006955
0.008511
0.005934
0.007840
0.005912
0.006748
0.008834
0.008660
0.006013
0.007008
0.006514
0.006843
0.006851
0.008954
0.008262
0.007335
0.007808
0.007139
0.007675
0.007311
0.006005
0.005490
0.009121
0.006751
0.010376
0.012021
0.009038
0.009233
0.008911
0.007311
0.009329
0.008535
0.005748
0.006782
0.008235
0.009026
0.009224
0.009867
0.009607
0.009989
0.010455
0.007840
0.009356
0.009673
0.008789
0.011582
0.009549
0.006277
0.008688
0.010245
0.010249
0.006029
0.009084
0.008846
0.006808
0.008884
0.009296
0.008293
0.006897
0.008680
0.006297
0.007722
0.007419
0.005420
0.007381
0.009800
0.008464
0.008942
0.008090
0.007638
0.007449
0.006170
0.010384
0.009669
0.009923
0.009726
0.007102
0.007068
0.007718
0.007345
0.008994
0.008010
0.005846
0.008409
0.006719
0.009178
0.009295
0.006193
0.008788
0.008319
0.009558
0.008483
0.007906
0.008156
0.008790
0.005131
0.009153
0.009930
0.009037
0.011585
0.009833
0.009898
0.008812
0.009659
0.010106
0.007844
0.009110
0.008648
0.007766
0.009417
0.009036
0.007453
0.010111
0.009636
0.009213
0.007771
0.009114
0.008526
0.008471
0.009120
0.007519
0.007252
0.005858
0.009147
0.006574
0.007689
0.006424
0.008559
0.006554
0.006075
0.006547
0.007261
0.005596
0.010213
0.009214
0.006929
0.007694
0.009453
0.008854
0.006922
0.007515
0.007801
0.008991
0.007849
0.008962
0.006623
0.005600
0.008210
0.006151
0.008656
0.007579
0.009345
0.008909
0.008710
0.008561
0.008420
0.008376
0.009415
0.009083
0.008210
0.008486
0.008596
0.008788
0.007675
0.005796
0.009398
0.007277
0.008237
0.006991
0.005629
0.006229
0.007998
0.009106
0.008370
0.008433
0.009465
0.008495
0.009736
0.007265
0.007680
0.008998
0.006517
0.009589
0.006808
0.007126
0.006294
0.008650
0.006335
0.005695
0.005220
0.011900
0.010049
0.008069
0.007466
0.010931
0.007003
0.007141
0.005770
0.005967
0.006777
0.011919
0.009587
0.009809
0.009120
0.006830
0.007871
0.008511
0.010324
0.009210
0.010100
0.009006
0.008732
0.008508
0.008582
0.009995
0.009592
0.008807
0.009021
0.006627
0.008026
0.005793
0.005429
0.007201
0.006664
0.006294
0.007233
0.005513
0.007819
0.008394
0.007679
0.008534
0.009775
0.006903
0.008926
0.007309
0.006160
0.009940
0.008196
0.006635
0.007147
0.005991
0.006629
0.009166
0.006058
0.006209
0.009093
0.009616
0.008708
0.010156
0.009112
0.008794
0.008162
0.007266
0.008703
0.007644
0.005724
0.009538
0.008057
0.007566
0.006629
0.008288
0.009932
0.005790
0.005544
0.006999
0.008979
0.007261
0.008925
0.009754
0.007648
0.008601
0.008498
0.009275
0.006822
0.009668
0.007172
0.007461
0.005474
0.007625
0.007913
0.010905
0.011864
0.008544
0.011317
0.006769
0.006980
0.012372
0.010408
0.006281
0.012562
0.012046
0.011606
0.011269
0.011125
0.011375
0.011018
0.008923
0.009333
0.008755
0.006862
0.005703
0.008172
0.009771
0.008542
0.007984
0.007185
0.008624
0.008495
0.008327
0.009809
0.010842
0.006521
0.009717
0.005275
0.006900
0.009395
0.005524
0.006090
0.005026
0.007389
0.010139
0.006111
0.009408
0.009329
0.008506
0.011738
0.008507
0.007987
0.009592
0.009569
0.007806
0.008873
0.006884
0.008929
0.008822
0.008456
0.007307
0.005565
0.007010
0.007958
0.006567
0.007948
0.008757
0.008863
0.008828
0.008328
0.008420
0.010037
0.009829
0.007864
0.006513
0.007939
0.009648
0.007762
0.007852
0.007448
0.011033
0.006571
0.010128
0.009202
0.007874
0.008503
0.009553
0.007678
0.007848
0.009836
0.008081
0.005954
0.009511
0.008141
0.008604
0.007495
0.006693
0.010330
0.007278
0.010848
0.007549
0.005933
0.010690
0.009712
0.007708
0.008100
0.009198
0.006333
0.006672
0.005747
0.007257
0.006355
0.007121
0.008666
0.007484
0.005438
0.007848
0.008925
0.009244
0.010842
0.008808
0.006298
0.007390
0.007451
0.006333
0.009670
0.007037
0.010543
0.005683
0.005926
0.006867
0.008463
0.011378
0.007658
0.008520
0.007816
0.008717
0.011041
0.008461
0.007574
0.009408
0.005847
0.006500
0.009225
0.010268
0.008774
0.008656
0.009007
0.006851
0.007879
0.005859
0.008912
0.006300
0.007919
0.008410
0.009077
0.008371
0.006367
0.006860
0.006277
0.007052
0.008852
0.009045
0.006961
0.009977
0.013068
0.012029
0.011855
0.012885
0.011916
0.010724
0.011507
0.012223
0.011548
0.011353
0.007941
0.010071
0.011010
0.010012
0.008830
0.008845
0.005977
0.009956
0.010780
0.007993
0.004241
0.008075
0.008479
0.007389
0.008129
0.007202
0.007447
0.006630
0.006489
0.010020
0.008303
0.010321
0.008816
0.007910
0.008161
0.008013
0.008714
0.007954
0.006516
0.007562
0.007339
0.009584
0.011349
0.008821
0.008435
0.008267
0.007548
0.006666
0.009095
0.007090
0.008583
0.006644
0.009193
0.008035
0.008860
0.008770
0.008415
0.006446
0.009565
0.008348
0.008620
0.010297
0.007590
0.007805
0.005813
0.008991
0.008772
0.006711
0.010026
0.009616
0.007859
0.011606
0.007899
0.006953
0.008529
0.008976
0.007562
0.007917
0.010766
0.007514
0.006141
0.008180
0.007063
0.007105
0.007166
0.004335
0.003439
0.011138
0.010109
0.009640
0.009242
0.008137
0.007902
0.009455
0.007652
0.008925
0.007514
0.007411
0.008825
0.006892
0.009065
0.007792
0.010218
0.009664
0.008203
0.007167
0.008132
0.008170
0.009020
0.007963
0.008765
0.009942
0.009780
0.009343
0.007706
0.007421
0.010982
0.008156
0.009840
0.005784
0.009662
0.006343
0.009244
0.008566
0.007774
0.007526
0.007443
0.006652
0.007951
0.007686
0.006381
0.005587
0.007140
0.007890
0.009426
0.007730
0.005960
0.008844
0.009221
0.008713
0.008597
0.008895
0.007927
0.009183
0.007719
0.008953
0.006814
0.005968
0.008982
0.008941
0.011614
0.007252
0.010598
0.007535
0.009072
0.007320
0.008289
0.009223
0.006621
0.009883
0.011227
0.007172
0.010032
0.008688
0.008727
0.010538
0.010021
0.009764
0.009859
0.008962
0.006620
0.009752
0.008909
0.011433
0.009304
0.008564
0.007122
0.009305
0.007284
0.008074
0.009077
0.011214
0.012853
0.012088
0.012319
0.006149
0.008680
0.010110
0.006879
0.008285
0.007178
0.007519
0.006778
0.007643
0.008664
0.008630
0.008583
0.010404
0.007616
0.008685
0.005640
0.008172
0.006205
0.009101
0.009157
0.010826
0.006768
0.009502
0.007501
0.008472
0.009446
0.010566
0.006711
0.006998
0.008529
0.007583
0.008687
0.008842
0.007447
0.005641
0.007043
0.007873
0.007683
0.006191
0.007454
0.006887
0.002707
0.004319
0.007649
0.008747
0.011637
0.009918
0.009296
0.005302
0.006824
0.005292
0.006859
0.009097
0.007473
0.007558
0.009706
0.005754
0.008338
0.006263
0.009042
0.008737
0.007478
0.007715
0.007191
0.007781
0.010681
0.007777
0.008151
0.010378
0.005929
0.010616
0.011783
0.009651
0.008909
0.009688
0.009304
0.007681
0.005699
0.007756
0.009954
0.008956
0.004374
0.003816
0.009105
0.003146
0.003289
0.004031
0.009649
0.009792
0.008981
0.007096
0.008482
0.010142
0.008025
0.008563
0.009153
0.007591
0.008465
0.007477
0.010193
0.008580
0.006889
0.008477
0.008773
0.010353
0.009235
0.008635
0.009020
0.007249
0.007670
0.008389
0.008465
0.010490
0.008902
0.009300
0.007586
0.006542
0.003290
0.007967
0.007605
0.008899
0.007424
0.007685
0.009877
0.007028
0.006268
0.008498
0.007665
0.009680
0.011184
0.008478
0.008905
0.006491
0.005786
0.008997
0.007704
0.008804
0.008375
0.008620
0.006519
0.007833
0.009603
0.009773
0.004927
0.008633
0.006565
0.002926
0.006408
0.010124
0.008635
0.008506
0.008819
0.008819
0.008762
0.006923
0.004288
0.008029
0.006822
0.008457
0.009336
0.009113
0.006467
0.007583
0.006294
0.007761
0.002724
0.002751
0.003191
0.009976
0.007839
0.002907
0.009820
0.009920
0.007535
0.007562
0.008141
0.003314
0.006854
0.007331
0.007355
0.009395
0.003260
0.009065
0.006765
0.006120
0.009299
0.008841
0.008170
0.008398
0.008176
0.003760
0.007674
0.009753
0.005995
0.009192
0.004408
0.008492
0.004311
0.003480
0.007315
0.007236
0.011805
0.009434
0.003119
0.002728
0.007328
0.008140
0.004974
0.006602
0.004999
0.004978
0.004089
0.004547
0.006667
0.009622
0.008078
0.007143
0.007039
0.006662
0.010654
0.003522
