2.111
2.61096
3.11102
3.61099
4.11097
4.61103
5.12771
5.61095
6.111
6.61106
7.12553
7.61095
8.11098
8.61099
9.12676
9.61104
10.111
10.611
11.1253
11.611
12.111
12.611
13.111
13.611
14.1116
14.611
15.111
15.611
16.1262
16.611
17.111
17.611
18.1248
18.611
19.1617
19.611
20.1302
20.611
21.111
21.611
22.1228
22.6225
23.111
23.6243
24.1256
24.611
25.111
25.611
26.1234
26.6109
27.111
27.6111
28.1256
28.611
29.1239
29.611
30.111
30.611
31.1298
31.611
32.111
32.611
33.1245
33.6109
34.111
34.6259
35.126
35.613
36.111
36.611
37.1339
37.611
38.111
38.6111
39.1293
39.6256
40.111
40.611
41.111
41.611
42.111
42.6109
43.1258
43.611
44.111
44.611
45.1111
45.611
46.1272
46.611
47.1109
47.611
48.1233
48.611
49.1111
49.611
50.1249
50.611
51.1111
51.611
52.1367
52.611
53.111
53.611
54.1242
54.6111
55.111
55.611
56.1226
56.611
57.1265
57.611
58.111
58.611
59.111
59.611
60.111
60.611
61.1581
61.611
62.111
62.6143
63.1305
63.611
64.1109
64.611
65.1265
65.611
66.1469
66.611
67.111
67.611
68.1358
68.6148
69.111
69.611
70.1242
70.611
71.1244
71.611
72.111
72.6111
73.1254
73.611
74.1111
74.6111
75.1258
75.611
76.111
76.611
77.1234
77.611
78.111
78.611
79.1238
79.611
80.111
80.6109
81.1229
81.6109
82.111
82.611
83.1237
83.611
84.111
84.611
85.1252
85.611
86.1111
86.6109
87.1239
87.6377
88.1231
88.6111
89.113
89.611
90.1219
90.611
91.111
91.6198
92.1237
92.611
93.111
93.611
94.1156
94.614
95.111
95.611
96.1129
96.6111
97.111
97.611
98.1279
98.611
99.1111
99.6112
100.124
100.611
101.111
101.612
102.127
102.613
103.111
103.611
104.124
104.611
105.111
105.611
106.125
106.611
107.111
107.611
108.123
108.611
109.111
109.611
110.123
110.613
111.111
111.611
112.114
112.613
113.111
113.633
114.126
114.618
115.111
115.611
116.124
116.611
117.111
117.611
118.121
118.611
119.12
119.615
120.13
120.622
121.112
121.611
122.147
122.611
123.111
123.611
124.132
124.611
125.166
125.612
126.111
126.612
127.113
127.643
128.156
128.615
129.111
129.612
130.129
130.616
131.112
131.616
132.148
132.614
133.145
133.642
134.116
134.631
135.136
135.625
136.121
136.647
137.137
137.618
138.118
138.618
139.118
139.619
140.137
140.62
141.118
141.617
142.142
142.621
143.125
143.624
144.141
144.622
145.127
145.626
146.125
146.625
147.144
147.625
148.139
148.625
149.144
149.625
150.142
150.625
151.132
151.624
152.127
152.625
153.142
153.625
154.125
154.625
155.14
155.625
156.124
156.625
157.142
157.625
158.174
158.625
159.142
159.625
160.125
160.672
161.169
161.625
162.125
162.625
163.125
163.625
164.125
164.648
165.142
165.625
166.138
166.661
167.125
167.63
168.126
168.691
169.143
169.625
170.143
170.668
171.125
171.625
172.141
172.647
173.125
173.654
174.125
174.695
175.125
175.625
176.143
176.625
177.143
177.625
178.156
178.681
179.125
179.626
180.175
180.625
181.125
181.626
182.181
182.626
183.144
183.625
184.134
184.625
185.133
185.625
186.125
186.627
187.195
187.626
188.129
188.627
189.128
189.625
190.145
190.69
191.145
191.664
192.129
192.626
193.125
193.627
194.127
194.626
195.146
195.626
196.133
196.626
197.126
197.627
198.146
198.626
199.125
199.625
200.164
200.639
201.195
201.644
202.143
202.627
203.127
203.63
204.143
204.632
205.147
205.627
206.149
206.631
207.126
207.632
208.151
208.625
209.126
209.654
210.146
210.627
211.165
211.631
212.129
212.627
213.147
213.637
214.128
214.634
215.128
215.634
216.167
216.637
217.136
217.625
218.15
218.632
219.151
219.627
220.185
220.675
221.146
221.626
222.126
222.634
223.146
223.627
224.151
224.625
225.127
225.628
226.125
226.627
227.146
227.628
228.13
228.685
229.148
229.627
230.129
230.625
231.148
231.631
232.125
232.626
233.144
233.633
234.148
234.65
235.129
235.632
236.179
236.631
237.132
237.628
238.141
238.629
239.13
239.626
240.144
240.629
241.129
241.63
242.145
242.632
243.176
243.629
244.144
244.625
245.126
245.625
246.127
246.625
247.177
247.63
248.2
248.632
249.137
249.628
250.147
250.626
251.15
251.628
252.145
252.627
253.149
253.653
254.181
254.626
255.148
255.628
256.22
256.627
257.174
257.627
258.126
258.627
259.145
259.629
260.142
260.625
261.148
261.628
262.144
262.665
263.128
263.703
264.186
264.63
265.128
265.63
266.125
266.68
267.132
267.635
268.146
268.626
269.128
269.633
270.125
270.626
271.164
271.627
272.182
272.674
273.197
273.63
274.125
274.63
275.179
275.625
276.145
276.681
277.13
277.631
278.141
278.625
279.164
279.63
280.145
280.625
281.125
281.628
282.145
282.63
283.152
283.625
284.163
284.626
285.132
285.626
286.241
286.627
287.127
287.628
288.145
288.627
289.128
289.627
290.149
290.626
291.129
291.627
292.145
292.63
293.18
293.628
294.142
294.626
295.124
295.632
296.145
296.625
297.127
297.627
298.142
298.688
299.142
299.636
300.126
300.63
301.146
301.63
302.126
302.692
303.141
303.633
304.141
304.632
305.131
305.629
306.146
306.658
307.137
307.628
308.145
308.629
309.173
309.625
310.145
310.625
311.126
311.627
312.126
312.676
313.127
313.627
314.142
314.658
315.128
315.627
316.134
316.632
317.131
317.627
318.19
318.626
319.145
319.625
320.127
320.625
321.146
321.625
322.127
322.63
323.131
323.628
324.126
324.626
325.146
325.628
326.126
326.625
327.14
327.625
328.14
328.629
329.13
329.632
330.143
330.631
331.132
331.636
332.129
332.629
333.147
333.633
334.13
334.629
335.146
335.628
336.144
336.627
337.22
337.628
338.143
338.626
339.159
339.635
340.179
340.627
341.131
341.632
342.154
342.625
343.126
343.635
344.194
344.657
345.191
345.701
346.127
346.626
347.143
347.698
348.208
348.664
349.206
349.715
350.204
350.656
351.18
351.691
352.267
352.688
353.213
353.626
354.148
354.628
355.125
355.629
356.143
356.627
357.126
357.631
358.131
358.65
359.15
359.627
360.173
360.625
361.146
361.629
362.125
362.626
363.131
363.626
364.124
364.627
365.141
365.626
366.128
366.626
367.144
367.63
368.128
368.626
369.142
369.629
370.131
370.626
371.163
371.63
372.137
372.628
373.174
373.628
374.126
374.643
375.145
375.631
376.129
376.669
377.145
377.63
378.128
378.626
379.146
379.631
380.141
380.629
381.128
381.63
382.147
382.626
383.126
383.631
384.128
384.639
385.144
385.63
386.128
386.626
387.128
387.63
388.145
388.631
389.128
389.63
390.145
390.63
391.127
391.629
392.128
392.626
393.129
393.63
394.145
394.629
395.128
395.63
396.159
396.629
397.126
397.63
398.146
398.634
399.135
399.63
400.125
400.63
401.145
401.628
402.125
402.63
403.166
403.63
404.128
404.629
405.145
405.629
406.125
406.63
407.145
407.629
408.13
408.626
409.144
409.632
410.128
410.626
411.128
411.654
412.141
412.653
413.128
413.628
414.141
414.627
415.128
415.627
416.147
416.625
417.129
417.631
418.128
418.626
419.152
419.631
420.146
420.629
421.132
421.628
422.127
422.626
423.146
423.627
424.126
424.626
425.146
425.629
426.132
426.627
427.143
427.625
428.143
428.626
429.125
429.631
430.232
430.685
431.133
431.631
432.163
432.626
433.175
433.671
434.2
434.697
435.208
435.674
436.178
436.667
437.129
437.631
438.185
438.626
439.149
439.626
440.145
440.66
441.149
441.627
442.184
442.664
443.125
443.631
444.18
444.686
445.146
445.628
446.125
446.626
447.13
447.625
448.129
448.627
449.16
449.629
450.224
450.699
451.192
451.658
452.145
452.628
453.125
453.666
454.245
454.683
455.164
455.627
456.192
456.629
457.151
457.627
458.145
458.629
459.128
459.626
460.205
460.628
461.168
461.711
462.268
462.645
463.196
463.673
464.19
464.665
465.192
465.7
466.142
466.625
467.144
467.628
468.148
468.63
469.128
469.628
470.145
470.628
471.131
471.629
472.143
472.626
473.13
473.629
474.198
474.628
475.144
475.626
476.142
476.628
477.126
477.626
478.149
478.626
479.165
479.625
480.128
480.628
481.147
481.626
482.128
482.629
483.145
483.626
484.146
484.628
485.13
485.629
486.154
486.631
487.125
487.63
488.126
488.625
489.168
489.626
490.145
490.648
491.131
491.662
492.188
492.632
493.147
493.626
494.145
494.627
495.129
495.625
496.177
496.653
497.147
497.631
498.125
498.629
499.144
499.629
500.129
500.628
501.145
501.627
502.144
502.629
503.125
503.634
504.162
504.628
505.13
505.659
506.223
506.654
507.144
507.669
508.126
508.63
509.133
509.627
510.183
510.625
511.145
511.659
512.129
512.656
513.134
513.631
514.154
514.628
515.129
515.625
516.148
516.631
517.179
517.628
518.16
518.625
519.129
519.63
520.15
520.626
521.125
521.625
522.148
522.65
523.149
523.627
524.129
524.629
525.149
525.63
526.131
526.628
527.146
527.628
528.144
528.625
529.128
529.629
530.147
530.634
531.142
531.626
532.128
532.633
533.146
533.632
534.132
534.664
535.189
535.652
536.227
536.671
537.172
537.676
538.171
538.669
539.199
539.657
540.128
540.626
541.193
541.651
542.208
542.628
543.142
543.631
544.135
544.632
545.144
545.625
546.134
546.674
547.151
547.625
548.148
548.627
549.198
549.686
550.175
550.627
551.144
551.635
552.192
552.648
553.183
553.715
554.256
554.631
555.145
555.658
556.328
556.625
557.147
557.63
558.235
558.707
559.196
559.629
560.148
560.627
561.126
561.635
562.145
562.627
563.207
563.67
564.189
564.652
565.209
565.629
566.143
566.668
567.127
567.63
568.15
568.627
569.162
569.675
570.207
570.666
571.232
571.709
572.195
572.722
573.162
573.626
574.237
574.72
575.195
575.631
576.142
576.63
577.196
577.671
578.265
578.691
579.222
579.701
580.192
580.629
581.144
581.669
582.147
582.692
583.219
583.662
584.189
584.663
585.215
585.631
586.146
586.631
587.134
587.632
588.141
588.685
589.193
589.659
590.238
590.657
591.141
591.63
592.212
592.629
593.13
593.625
594.144
594.627
595.163
595.647
596.131
596.631
597.152
597.646
598.127
598.631
599.188
599.656
600.127
600.629
601.138
601.625
602.128
602.626
603.129
603.634
604.143
604.641
605.142
605.626
606.182
606.63
607.14
607.626
608.15
608.628
609.145
609.63
610.125
610.628
611.164
611.627
612.196
612.625
613.144
613.629
614.147
614.634
615.139
615.625
616.129
616.626
617.149
617.63
618.143
618.628
619.125
619.631
620.143
620.63
621.125
621.629
622.148
622.629
623.199
623.631
624.146
624.634
625.13
625.662
626.186
626.661
627.207
627.679
628.243
628.656
629.125
629.634
630.199
630.627
631.145
631.633
632.146
632.633
633.131
633.626
634.15
634.626
635.127
635.627
636.127
636.626
637.15
637.627
638.126
638.627
639.148
639.626
640.131
640.633
641.149
641.627
642.152
642.629
643.144
643.625
644.142
644.63
645.179
645.632
646.15
646.625
647.154
647.631
648.126
648.634
649.13
649.632
650.149
650.627
651.133
651.625
652.132
652.649
653.171
653.667
654.242
654.681
655.207
655.655
656.212
656.661
657.177
657.628
658.146
658.625
659.154
659.632
660.147
660.633
661.132
661.647
662.183
662.629
663.19
663.627
664.147
664.632
665.127
665.632
666.177
666.63
667.143
667.627
668.132
668.626
669.146
669.628
670.143
670.628
671.147
671.64
672.147
672.63
673.131
673.701
674.228
674.631
675.133
675.632
676.148
676.625
677.129
677.628
678.166
678.686
679.149
679.629
680.129
680.636
681.147
681.63
682.126
682.631
683.19
683.627
684.13
684.633
685.145
685.627
686.178
686.631
687.133
687.642
688.15
688.634
689.136
689.69
690.146
690.628
691.13
691.627
692.149
692.653
693.128
693.628
694.143
694.633
695.186
695.629
696.145
696.626
697.162
697.63
698.146
698.631
699.182
699.629
700.128
700.626
701.146
701.626
702.145
702.684
703.149
703.634
704.163
704.629
705.131
705.631
706.159
706.633
707.147
707.634
708.126
708.626
709.127
709.632
710.218
710.626
711.149
711.665
712.193
712.703
713.126
713.626
714.171
714.692
715.197
715.627
716.125
716.626
717.155
717.63
718.147
718.625
719.13
719.627
720.175
720.629
721.147
721.633
722.131
722.629
723.15
723.625
724.147
724.625
725.137
725.675
726.254
726.668
727.182
727.654
728.163
728.668
729.145
729.63
730.13
730.673
731.148
731.631
732.132
732.626
733.174
733.626
734.144
734.627
735.144
735.626
736.127
736.626
737.15
737.626
738.128
738.626
739.142
739.63
740.127
740.686
741.196
741.659
742.165
742.63
743.127
743.674
744.14
744.629
745.127
745.629
746.144
746.626
747.126
747.627
748.146
748.647
749.148
749.63
750.13
750.631
751.145
751.632
752.125
752.632
753.164
753.625
754.148
754.626
755.129
755.627
756.144
756.625
757.193
757.626
758.128
758.63
759.147
759.632
760.127
760.63
761.126
761.635
762.15
762.63
763.132
763.628
764.143
764.627
765.146
765.627
766.133
766.634
767.13
767.626
768.149
768.63
769.144
769.63
770.129
770.632
771.144
771.631
772.127
772.672
773.15
773.63
774.133
774.713
775.219
775.739
776.209
776.728
777.236
777.629
778.149
778.653
779.196
779.669
780.248
780.685
781.198
781.715
782.246
782.739
783.231
783.691
784.216
784.684
785.172
785.693
786.24
786.69
787.167
787.679
788.127
788.634
789.204
789.68
790.261
790.721
791.147
791.629
792.129
792.636
793.15
793.713
794.201
794.638
795.223
795.736
796.25
796.696
797.128
797.63
798.287
798.63
799.125
799.725
800.203
800.634
801.133
801.683
802.128
802.634
803.179
803.697
804.222
804.653
805.168
805.626
806.172
806.664
807.141
807.631
808.2
808.629
809.128
809.635
810.149
810.625
811.127
811.643
812.198
812.626
813.144
813.626
814.126
814.635
815.149
815.625
816.173
816.636
817.144
817.629
818.134
818.633
819.211
819.626
820.126
820.64
821.142
821.63
822.173
822.629
823.132
823.684
824.134
824.703
825.204
825.663
826.189
826.658
827.127
827.626
828.147
828.701
829.255
829.631
830.132
830.68
831.128
831.632
832.141
832.629
833.129
833.667
834.128
834.629
835.132
835.63
836.196
836.633
837.143
837.635
838.133
838.631
839.127
839.632
840.128
840.626
841.202
841.628
842.125
842.638
843.149
843.688
844.131
844.634
845.149
845.627
846.146
846.628
847.171
847.627
848.125
848.634
849.198
849.636
850.178
850.633
851.129
851.65
852.144
852.629
853.184
853.626
854.131
854.628
855.129
855.636
856.129
856.652
857.142
857.632
858.149
858.63
859.13
859.628
860.167
860.627
861.148
861.631
862.15
862.627
863.143
863.636
864.152
864.631
865.128
865.631
866.143
866.63
867.145
867.633
868.13
868.675
869.132
869.625
870.134
870.625
871.142
871.63
872.136
872.628
873.143
873.631
874.125
874.676
875.187
875.711
876.131
876.63
877.243
877.63
878.128
878.625
879.144
879.633
880.151
880.645
881.15
881.637
882.151
882.632
883.154
883.629
884.126
884.629
885.174
885.634
886.143
886.63
887.145
887.628
888.134
888.633
889.143
889.63
890.196
890.63
891.13
891.634
892.145
892.636
893.152
893.675
894.252
894.686
895.196
895.706
896.266
896.705
897.144
897.627
898.217
898.632
899.142
899.629
900.131
900.629
901.142
901.633
902.131
902.626
903.145
903.635
904.128
904.638
905.128
905.668
906.134
906.626
907.129
907.636
908.13
908.627
909.144
909.63
910.125
910.651
911.148
911.63
912.204
912.634
913.13
913.633
914.135
914.661
915.128
915.635
916.151
916.628
917.128
917.629
918.13
918.635
919.125
919.626
920.125
920.644
921.144
921.629
922.203
922.627
923.146
923.635
924.149
924.634
925.129
925.63
926.145
926.626
927.127
927.628
928.145
928.632
929.128
929.63
930.148
930.634
931.128
931.677
932.135
932.631
933.129
933.632
934.151
934.634
935.143
935.632
936.131
936.63
937.188
937.634
938.165
938.628
939.149
939.633
940.128
940.644
941.13
941.627
942.144
942.633
943.153
943.629
944.129
944.629
945.127
945.628
946.133
946.629
947.144
947.632
948.134
948.644
949.147
949.633
950.148
950.63
951.126
951.635
952.186
952.634
953.151
953.634
954.13
954.625
955.151
955.631
956.128
956.636
957.141
957.626
958.125
958.627
959.144
959.693
960.129
960.633
961.146
961.628
962.131
962.628
963.129
963.698
964.149
964.625
965.126
965.635
966.132
966.629
967.177
967.628
968.143
968.633
969.136
969.628
970.134
970.63
971.145
971.626
972.157
972.631
973.145
973.627
974.176
974.632
975.147
975.631
976.145
976.686
977.142
977.626
978.13
978.635
979.14
979.626
980.157
980.629
981.144
981.629
982.148
982.63
983.146
983.69
984.234
984.626
985.131
985.626
986.199
986.632
987.149
987.632
988.134
988.66
989.132
989.634
990.15
990.628
991.144
991.629
992.133
992.691
993.132
993.689
994.211
994.68
995.158
995.687
996.201
996.633
997.129
997.713
998.229
998.718
999.127
999.629
1000.15
1000.63
1001.13
1001.62
1002.18
1002.63
1003.21
1003.63
1004.18
1004.63
1005.13
1005.68
1006.22
1006.7
1007.15
1007.63
1008.15
1008.66
1009.15
1009.63
1010.18
1010.69
1011.18
1011.63
1012.14
1012.63
1013.15
1013.64
1014.15
1014.63
1015.13
1015.63
1016.15
1016.63
1017.14
1017.66
1018.17
1018.63
1019.13
1019.63
1020.14
1020.63
1021.13
1021.63
1022.15
1022.63
1023.14
1023.63
1024.13
1024.63
1025.17
1025.63
1026.13
1026.63
1027.13
1027.63
1028.15
1028.63
1029.13
1029.63
1030.14
1030.63
1031.13
1031.64
1032.15
1032.63
1033.15
1033.63
1034.13
1034.63
1035.13
1035.63
1036.13
1036.63
1037.15
1037.63
1038.13
1038.64
1039.15
1039.63
1040.13
1040.63
1041.13
1041.63
1042.15
1042.63
1043.13
1043.63
1044.17
1044.63
1045.14
1045.63
1046.14
1046.63
1047.14
1047.63
1048.13
1048.63
1049.15
1049.63
1050.13
1050.62
1051.15
1051.63
1052.13
1052.64
1053.15
1053.63
1054.14
1054.63
1055.13
1055.63
1056.15
1056.63
1057.13
1057.63
1058.16
1058.63
1059.13
1059.63
1060.14
1060.63
1061.16
1061.63
1062.13
1062.65
1063.15
1063.63
1064.2
1064.64
1065.13
1065.63
1066.14
1066.63
1067.16
1067.64
1068.15
1068.63
1069.13
1069.63
1070.14
1070.68
1071.15
1071.63
1072.13
1072.63
1073.15
1073.63
1074.13
1074.63
1075.17
1075.63
1076.23
1076.66
1077.13
1077.64
1078.14
1078.63
1079.14
1079.63
1080.13
1080.63
1081.14
1081.63
1082.13
1082.69
1083.14
1083.63
1084.22
1084.63
1085.19
1085.63
1086.15
1086.68
1087.13
1087.63
1088.23
1088.63
1089.13
1089.63
1090.15
1090.63
1091.14
1091.63
1092.14
1092.63
1093.13
1093.63
1094.14
1094.68
1095.13
1095.63
1096.14
1096.63
1097.13
1097.63
1098.17
1098.63
1099.13
1099.66
1100.15
1100.63
1101.13
1101.63
1102.14
1102.63
1103.13
1103.63
1104.14
1104.63
1105.13
1105.63
1106.14
1106.63
1107.15
1107.63
1108.13
1108.63
1109.15
1109.63
1110.19
1110.63
1111.13
1111.63
1112.14
1112.63
1113.13
1113.63
1114.18
1114.63
1115.13
1115.63
1116.13
1116.63
1117.14
1117.63
1118.13
1118.63
1119.15
1119.63
1120.13
1120.63
1121.13
1121.66
1122.13
1122.63
1123.15
1123.64
1124.13
1124.65
1125.14
1125.63
1126.13
1126.63
1127.13
1127.69
1128.13
1128.63
1129.14
1129.63
1130.13
1130.63
1131.13
1131.63
1132.14
1132.63
1133.13
1133.64
1134.18
1134.63
1135.15
1135.63
1136.13
1136.63
1137.19
1137.63
1138.15
1138.63
1139.13
1139.63
1140.14
1140.63
1141.13
1141.63
1142.12
1142.63
1143.15
1143.63
1144.13
1144.63
1145.13
1145.68
1146.14
1146.63
1147.13
1147.63
1148.15
1148.63
1149.13
1149.63
1150.15
1150.68
1151.13
1151.63
1152.15
1152.63
1153.13
1153.63
1154.15
1154.63
1155.13
1155.67
1156.13
1156.63
1157.14
1157.63
1158.13
1158.63
1159.13
1159.63
1160.13
1160.63
1161.15
1161.63
1162.14
1162.64
1163.14
1163.63
1164.13
1164.63
1165.15
1165.63
1166.14
1166.64
1167.13
1167.63
1168.15
1168.63
1169.13
1169.63
1170.13
1170.63
1171.13
1171.7
1172.15
1172.63
1173.17
1173.63
1174.13
1174.63
1175.14
1175.63
1176.13
1176.63
1177.13
1177.63
1178.13
1178.63
1179.14
1179.66
1180.15
1180.63
1181.13
1181.63
1182.14
1182.63
1183.13
1183.63
1184.14
1184.63
1185.13
1185.65
1186.13
1186.63
1187.14
1187.63
1188.13
1188.63
1189.15
1189.68
1190.15
1190.63
1191.13
1191.62
1192.14
1192.63
1193.13
1193.63
1194.17
1194.66
1195.14
1195.63
1196.16
1196.63
1197.14
1197.63
1198.13
1198.63
1199.13
1199.63
1200.14
1200.64
1201.14
1201.63
1202.13
1202.63
1203.15
1203.64
1204.15
1204.63
1205.13
1205.64
1206.13
1206.63
1207.19
1207.63
1208.13
1208.63
1209.14
1209.63
1210.16
1210.63
1211.17
1211.63
1212.14
1212.63
1213.14
1213.63
1214.14
1214.63
1215.13
1215.63
1216.14
1216.67
1217.14
1217.63
1218.15
1218.63
1219.13
1219.67
1220.15
1220.63
1221.13
1221.63
1222.14
1222.63
1223.13
1223.63
1224.13
1224.63
1225.14
1225.63
1226.13
1226.63
1227.14
1227.63
1228.13
1228.63
1229.17
1229.67
1230.14
1230.63
1231.13
1231.63
1232.15
1232.63
1233.13
1233.63
1234.14
1234.63
1235.14
1235.63
1236.14
1236.63
1237.15
1237.63
1238.15
1238.63
1239.13
1239.63
1240.13
1240.63
1241.13
1241.63
1242.14
1242.63
1243.17
1243.63
1244.14
1244.63
1245.17
1245.63
1246.14
1246.63
1247.13
1247.63
1248.15
1248.63
1249.13
1249.63
1250.13
1250.63
1251.14
1251.63
1252.15
1252.63
1253.13
1253.63
1254.14
1254.63
1255.13
1255.63
1256.14
1256.63
1257.13
1257.63
1258.14
1258.63
1259.13
1259.67
1260.15
1260.63
1261.13
1261.63
1262.13
1262.69
1263.14
1263.63
1264.15
1264.63
1265.15
1265.63
1266.13
1266.64
1267.13
1267.63
1268.16
1268.63
1269.13
1269.63
1270.13
1270.63
1271.14
1271.63
1272.13
1272.65
1273.18
1273.67
1274.17
1274.68
1275.15
1275.66
1276.16
1276.65
1277.16
1277.65
1278.18
1278.68
1279.16
1279.65
1280.19
1280.68
1281.16
1281.65
1282.16
1282.66
1283.17
1283.66
1284.16
1284.66
1285.18
1285.68
1286.17
1286.68
1287.18
1287.68
1288.17
1288.68
1289.15
1289.65
1290.18
1290.67
1291.18
1291.67
1292.18
1292.67
1293.15
1293.66
1294.16
1294.65
1295.16
1295.65
1296.18
1296.67
1297.19
1297.65
1298.18
1298.67
1299.15
1299.67
1300.17
1300.68
1301.16
1301.66
1302.15
1302.65
1303.16
1303.65
1304.18
1304.68
1305.16
1305.65
1306.16
1306.66
1307.18
1307.67
1308.18
1308.67
1309.15
1309.65
1310.18
1310.68
1311.15
1311.66
1312.16
1312.67
1313.18
1313.68
1314.18
1314.68
1315.19
1315.65
1316.18
1316.67
1317.16
1317.67
1318.17
1318.68
1319.19
1319.64
1320.18
1320.67
1321.15
1321.66
1322.15
1322.65
1323.16
1323.66
1324.15
1324.66
1325.17
1325.66
1326.16
1326.67
1327.18
1327.68
1328.17
1328.67
1329.18
1329.65
1330.18
1330.68
1331.18
1331.68
1332.17
1332.67
1333.18
1333.65
1334.18
1334.65
1335.17
