0.000000
0.000000
0.080929
0.364896
0.521852
0.645785
0.719296
0.873633
0.999762
1.049111
1.076266
1.128744
1.133540
1.163741
1.213053
1.255325
1.286126
1.297266
1.309966
1.333476
1.365966
1.394262
1.417580
1.447153
1.468684
1.488299
1.506829
1.523929
1.537990
1.554590
1.570774
1.579409
1.589709
1.602318
1.608332
1.622747
1.629907
1.636580
1.644134
1.652257
1.659263
1.666865
1.674892
1.679537
1.677202
1.683229
1.689344
1.694225
1.698911
1.705107
1.710903
1.715291
1.719392
1.724133
1.727340
1.730385
1.736945
1.731230
1.722885
1.726817
1.726458
1.727760
1.730738
1.737414
1.740721
1.743133
1.746163
1.749179
1.752381
1.755670
1.759496
1.763698
1.766755
1.769123
1.769552
1.771842
1.775820
1.777883
1.780201
1.781423
1.779829
1.782219
1.777502
1.765577
1.760665
1.762343
1.764915
1.767417
1.768781
1.772256
1.771309
1.772881
1.773755
1.776026
1.775540
1.768085
1.765687
1.760364
1.756944
1.758541
1.759170
1.761539
1.758753
1.759954
1.760725
1.762536
1.764397
1.763760
1.763211
1.764527
1.765599
1.766073
1.767493
1.768018
1.770229
1.771338
1.774277
1.776039
1.776378
1.776069
1.771613
1.769482
1.766627
1.769226
1.770798
1.772201
1.772733
1.774174
1.774414
1.773162
1.770204
1.770369
1.769628
1.770078
1.770206
1.770825
1.768717
1.770474
1.770536
1.770555
1.772037
1.772686
1.774762
1.776435
1.777000
1.777974
1.778083
1.777884
1.779155
1.780875
1.781736
1.783179
1.784544
1.785523
1.786358
1.788690
1.789900
1.791036
1.791945
1.793468
1.794434
1.795161
1.796813
1.796579
1.795183
1.795288
1.793287
1.793462
1.794484
1.796165
1.795294
1.795623
1.795164
1.796253
1.797074
1.798475
1.799216
1.799457
1.800054
1.800872
1.801575
1.801697
1.797447
1.794060
1.794880
1.795595
1.796647
1.797615
1.799064
1.799920
1.800435
1.801290
1.801797
1.803044
1.803956
1.805495
1.806133
1.806527
1.806212
1.806951
1.806743
1.807696
1.809097
1.809802
1.810085
1.811115
1.810963
1.811429
1.812382
1.813583
1.814359
1.815105
1.815643
1.816569
1.817327
1.818671
1.819237
1.819592
1.819639
1.820447
1.820995
1.822342
1.823085
1.823364
1.823981
1.824459
1.825097
1.824857
1.824302
1.823889
1.824604
1.825169
1.825658
1.826451
1.826962
1.827762
1.827491
1.826772
1.825370
1.825559
1.825586
1.827080
1.827732
1.828315
1.828623
1.829456
1.829405
1.830766
1.831877
1.832400
1.832892
1.833035
1.833336
1.834400
1.835501
1.835401
1.835048
1.835761
1.836392
1.836822
1.836911
1.838447
1.838540
1.838863
1.839601
1.839902
1.840308
1.840987
1.841967
1.842117
1.842681
1.843395
1.843889
1.844356
1.845302
1.845758
1.845740
1.846235
1.846739
1.847188
1.846553
1.846835
1.847032
1.847474
1.847648
1.848326
1.848727
1.849622
1.849980
1.849948
1.850088
1.850730
1.850885
1.851442
1.852065
1.852611
1.850822
1.849211
1.848787
1.848998
1.849461
1.850042
1.849896
1.848793
1.848540
1.848828
1.848366
1.845945
1.844051
1.844506
1.844560
1.844699
1.844167
1.844978
1.845510
1.845717
1.845810
1.845363
1.844099
1.844297
1.845088
1.845479
1.845848
1.844937
1.841033
1.838449
1.838611
1.839653
1.839991
1.840087
1.840858
1.841124
1.841515
1.841184
1.842365
1.842163
1.840908
1.841016
1.841431
1.838832
1.836447
1.835049
1.834986
1.835176
1.835692
1.835075
1.833869
1.833829
1.833940
1.834518
1.834724
1.835186
1.835298
1.835718
1.836500
1.836905
1.836647
1.837104
1.835928
1.835302
1.833844
1.831396
1.828602
1.828320
1.828659
1.829057
1.829380
1.829775
1.830004
1.830365
1.830084
1.831095
1.831466
1.832236
1.832620
1.833039
1.833241
1.833177
1.833940
1.834140
1.835101
1.835338
1.835736
1.836109
1.836483
1.836832
1.837251
1.837604
1.837864
1.837706
1.838027
1.837402
1.836657
1.837478
1.837823
1.838051
1.837224
1.835692
1.835119
1.835885
1.836376
1.835834
1.835828
1.834858
1.832731
1.832502
1.832493
1.832874
1.831840
1.831735
1.832116
1.832318
1.832237
1.832938
1.833070
1.832904
1.833302
1.833791
1.833863
1.834626
1.834940
1.835169
1.834692
1.834806
1.835035
1.835262
1.835902
1.835640
1.835617
1.835986
1.836345
1.836723
1.836103
1.836237
1.834852
1.833542
1.832845
1.833203
1.833588
1.833391
1.831877
1.830736
1.830594
1.830883
1.830970
1.831307
1.831258
1.830557
1.829379
1.828624
1.828548
1.829015
1.829567
1.829365
1.829474
1.828736
1.828499
1.828784
1.828841
1.828939
1.828381
1.828231
1.828033
1.827805
1.827772
1.828042
1.828435
1.828662
1.828288
1.829125
1.828944
1.827539
1.826880
1.826919
1.827084
1.825486
1.823174
1.823272
1.823315
1.823616
1.823678
1.823956
1.823587
1.824231
1.823973
1.823656
1.824021
1.824339
1.824592
1.823316
1.822006
1.822603
1.822556
1.822786
1.822593
1.822953
1.823136
1.823593
1.823721
1.824479
1.824772
1.825198
1.825346
1.825620
1.825694
1.826635
1.826785
1.827191
1.827298
1.827646
1.827614
1.828179
1.828716
1.828323
1.828029
1.828397
1.827953
1.827042
1.827208
1.827398
1.826278
1.825419
1.825366
1.825189
1.824989
1.823310
1.822215
1.821113
1.820240
1.820079
1.820664
1.820935
1.821400
1.821798
1.821995
1.822188
1.822480
1.822364
1.822579
1.823084
1.822944
1.822755
1.821395
1.821625
1.821931
1.822366
1.822265
1.821944
1.820856
1.820256
1.820942
1.821125
1.820627
1.821015
1.821030
1.821337
1.821454
1.821841
1.822564
1.823989
1.824191
1.824460
1.824599
1.825020
1.824969
1.825781
1.826014
1.826293
1.826060
1.826834
1.827109
1.827603
1.827643
1.828008
1.828238
1.828523
1.828615
1.828957
1.829345
1.829615
1.829764
1.830092
1.829981
1.830293
1.829773
1.829994
1.830259
1.830365
1.830495
1.830414
1.829986
1.830316
1.830392
1.830018
1.830168
1.830310
1.830571
1.830552
1.830676
1.830114
1.829683
1.829567
1.829561
1.829785
1.829494
1.828203
1.827545
1.827376
1.827409
1.827587
1.827608
1.827777
1.827679
1.827782
1.827739
1.827416
1.826142
1.825358
1.823976
1.823609
1.823806
1.823736
1.823745
1.823609
1.823770
1.822575
1.820729
1.820139
1.820414
1.820618
1.820865
1.821332
1.821155
1.821504
1.820920
1.821113
1.821231
1.821453
1.821551
1.821177
1.819350
1.818845
1.819092
1.819347
1.819809
1.820050
1.820267
1.821314
1.822080
1.822063
1.821383
1.821701
1.821834
1.822081
1.822316
1.822197
1.821982
1.822088
1.822351
1.822437
1.822709
1.822603
1.822672
1.822541
1.822935
1.823171
1.823309
1.823640
1.823783
1.824086
1.824194
1.824717
1.824864
1.825185
1.825184
1.825556
1.825583
1.825442
1.825550
1.825843
1.825513
1.825511
1.825716
1.826071
1.826152
1.824719
1.821880
1.819178
1.817005
1.815856
1.816051
1.815982
1.814965
1.812583
1.809754
1.807105
1.804569
1.802230
1.799526
1.796897
1.793942
1.791787
1.789113
1.787104
1.785979
1.786290
1.786576
1.786826
1.787024
1.787276
1.787734
1.787967
1.788202
1.788369
1.788633
1.788982
1.789195
1.789692
1.789850
1.790196
1.790418
1.790483
1.790676
1.790914
1.791311
1.791404
1.791403
1.790745
1.790494
1.790832
1.791000
1.791317
1.791311
1.791503
1.791650
1.791829
1.792006
1.792163
1.792014
1.792426
1.792548
1.792568
1.792536
1.792363
1.792515
1.792577
1.792084
1.791216
1.791327
1.791535
1.791768
1.792095
1.792350
1.792572
1.792697
1.792828
1.793002
1.793294
1.793494
1.793306
1.793161
1.793418
1.793642
1.793539
1.793161
1.793401
1.793414
1.793705
1.793808
1.794209
1.794091
1.794351
1.794447
1.794608
1.793942
1.793930
1.794142
1.794290
1.794425
1.794629
1.794744
1.794935
1.795176
1.794971
1.794294
1.794562
1.794795
1.794983
1.795112
1.795483
1.795728
1.795843
1.795946
1.795971
1.795571
1.795758
1.794997
1.793829
1.792782
1.792409
1.792597
1.792399
1.792435
1.792192
1.791655
1.791562
1.791377
1.791730
1.791892
1.791705
1.791476
1.791755
1.791977
1.792185
1.792314
1.792749
1.792995
1.793229
1.793457
1.793529
1.793754
1.793921
1.794111
1.794267
1.794006
1.794020
1.794118
1.793497
1.792987
1.793311
1.793519
1.793698
1.793876
1.794061
1.794178
1.794577
1.794685
1.794891
1.794976
1.795127
1.794910
1.794874
1.794917
1.794534
1.794231
1.794216
1.794438
1.794334
1.794402
1.794609
1.794720
1.794979
1.795103
1.795376
1.795559
1.795840
1.795434
1.795187
1.793840
1.793186
1.793256
1.793483
1.793576
1.793230
1.791199
1.789144
1.787035
1.785116
1.783041
1.781036
1.779264
1.778584
1.778555
1.779017
1.779152
1.779630
1.779785
1.779941
1.779892
1.779683
1.779498
1.779469
1.779029
1.779004
1.779029
1.779201
1.779576
1.779488
1.779713
1.780067
1.780266
1.780508
1.780561
1.780668
1.780804
1.781268
1.781114
1.779503
1.777550
1.775710
1.773839
1.773182
1.773346
1.773413
1.773593
1.773774
1.773898
1.774198
1.774324
1.774816
1.774948
1.775230
1.775331
1.775370
1.775605
1.775533
1.775555
1.775926
1.775992
1.776184
1.776255
1.776815
1.776719
1.775569
1.773582
1.771765
1.769747
1.767812
1.766144
1.765187
1.765189
1.765481
1.765623
1.765749
1.766212
1.766433
1.766579
1.766357
1.764926
1.764095
1.764152
1.764552
1.764603
1.764652
1.764604
1.764822
1.764233
1.764097
1.763919
1.764186
1.764390
1.764579
1.764621
1.764788
1.764461
1.764567
1.764547
1.764761
1.764624
1.764318
1.763923
1.764185
1.764323
1.764515
1.764585
1.764859
1.765054
1.765364
1.765204
1.764653
1.764795
1.764963
1.765151
1.765140
1.764972
1.765336
1.765472
1.765652
1.765641
1.765453
1.765497
1.765928
1.766087
1.766371
1.766520
1.766778
1.766970
1.767328
1.767229
1.767110
1.767352
1.767618
1.767834
1.767988
1.768264
1.768502
1.768443
1.768298
1.768382
1.768363
1.768258
1.768412
1.768624
1.768754
1.768853
1.769139
1.769332
1.769382
1.769175
1.769318
1.769337
1.769490
1.769791
1.770104
1.770287
1.770515
1.770644
1.770909
1.770826
1.770699
1.771112
1.771198
1.771042
1.770970
1.771067
1.771358
1.771410
1.771383
1.771424
1.771673
1.771626
1.771126
1.770634
1.770833
1.770882
1.770863
1.770793
1.770139
1.769902
1.769586
1.769725
1.769611
1.768731
1.768597
1.768654
1.768821
1.768464
1.768067
1.768255
1.768369
1.768421
1.768639
1.768534
1.768925
1.769085
1.769278
1.769419
1.769650
1.769815
1.770009
1.770318
1.770304
1.769900
1.769806
1.769880
1.769663
1.768374
1.766839
1.764936
1.763473
1.761820
1.760165
1.758539
1.756909
1.755175
1.753680
1.752225
1.751670
1.751649
1.752075
1.752093
1.752458
1.752620
1.752850
1.753043
1.753255
1.753503
1.753772
1.753853
1.753946
1.754121
1.754369
1.754086
1.754371
1.754315
1.753945
1.752383
1.750965
1.750129
1.750383
1.750405
1.750736
1.750379
1.749287
1.747572
1.746460
1.745948
1.746012
1.746034
1.746163
1.745608
1.745712
1.745978
1.746062
1.745410
1.744262
1.743908
1.744158
1.744250
1.744543
1.744698
1.744899
1.744387
1.743147
1.741537
1.740104
1.738384
1.737541
1.737439
1.737567
1.737767
1.737423
1.737372
1.737743
1.737797
1.737923
1.737380
1.735975
1.734252
1.732799
1.731322
1.729724
1.728536
1.728295
1.728283
1.728550
1.728730
1.728570
1.728291
1.728487
1.728487
1.728380
1.727725
1.726576
1.724988
1.723557
1.722094
1.720969
1.720638
1.720980
1.721251
1.721336
1.720995
1.719685
1.718131
1.716734
1.715108
1.713897
1.713055
1.713199
1.713391
1.713459
1.713412
1.712848
1.711827
1.710653
1.708971
1.707754
1.706615
1.706493
1.706488
1.706962
1.706130
1.705764
1.704792
1.704361
1.704478
1.704683
1.704879
1.705106
1.705117
1.705093
1.705177
1.704503
1.704077
1.704351
1.704490
1.704669
1.704969
1.705231
1.705387
1.705530
1.705704
1.705890
1.706077
1.706397
1.706364
1.706010
1.705999
1.706027
1.705613
1.705693
1.705801
1.706079
1.706201
1.706413
1.706648
1.706828
1.706908
1.707066
1.707101
1.707466
1.707610
1.707346
1.706451
1.706420
1.706549
1.706791
1.706965
1.707111
1.707270
1.707225
1.706426
1.706374
1.706529
1.706734
1.706911
1.707098
1.707214
1.707415
1.707526
1.707762
1.707660
1.707958
1.708236
1.708526
1.708760
1.708872
1.709053
1.707755
1.706263
1.704976
1.703440
1.702319
1.701117
1.700650
1.700679
1.701070
1.701347
1.701595
1.701765
1.701720
1.701519
1.701736
1.701999
1.702290
1.702486
1.702654
1.702829
1.702763
1.702364
1.702378
1.702711
1.702859
1.702698
1.702800
1.702979
1.703287
1.703429
1.703710
1.703811
1.704087
1.704244
1.704425
1.704553
1.704663
1.704742
1.705034
1.705195
1.705472
1.705470
1.705757
1.705926
1.706114
1.706337
1.706551
1.706730
1.707085
1.706895
1.706379
1.706538
1.706727
1.706375
1.705230
1.703729
1.702582
1.701212
1.700047
1.698600
1.697436
1.696097
1.694933
1.694041
1.694134
1.694251
1.694520
1.694695
1.695037
1.695227
1.695398
1.695590
1.695840
1.695898
1.696270
1.696534
1.696729
1.696940
1.697113
1.697187
1.697445
1.697678
1.697897
1.698101
1.698285
1.698447
1.698707
1.698865
1.699201
1.699345
1.699559
1.699738
1.699948
1.700155
1.700260
1.698927
1.698058
1.697819
1.698008
1.698149
1.698415
1.698493
1.697943
1.697668
1.697730
1.698023
1.698219
1.698385
1.698532
1.698642
1.698849
1.698947
1.699058
1.699155
1.699519
1.699662
1.699351
1.699380
1.699430
1.699496
1.699634
1.699406
1.699275
1.699259
1.699071
1.699099
1.699060
1.699491
1.699619
1.699147
1.699099
1.699102
1.699033
1.698715
1.698655
1.698840
1.699021
1.698977
1.698719
1.698739
1.698991
1.699184
1.699387
1.699516
1.699618
1.699585
1.699919
1.700171
1.700327
1.700096
1.699919
1.700062
1.700159
1.700403
1.700709
1.700806
1.701049
1.701270
1.701449
1.701584
1.701906
1.702033
1.702178
1.702338
1.702221
1.702010
1.702128
1.702141
1.702333
1.702470
1.702596
1.701557
1.700337
1.699641
1.699677
1.699768
1.699911
1.699934
1.699743
1.699950
1.700220
1.700359
1.700595
1.700552
1.700645
1.700764
1.700565
1.700130
1.700023
1.700084
1.700329
1.700523
1.700713
1.700936
1.700960
1.700947
1.701192
1.701279
1.701334
1.701108
1.700276
1.699070
1.697966
1.696774
1.695596
1.694491
1.693884
1.694057
1.694155
1.694385
1.694615
1.694664
1.694830
1.694780
1.694955
1.695082
1.694954
1.694877
1.695099
1.695107
1.695369
1.695498
1.695711
1.695899
1.695986
1.696073
1.696248
1.696432
1.696293
1.695123
1.694063
1.692905
1.692020
1.691955
1.692031
1.692274
1.692498
1.692519
1.692510
1.692634
1.692861
1.692878
1.692830
1.693012
1.693124
1.693296
1.693495
1.693337
1.693432
1.693555
1.693759
1.693943
1.694057
1.694265
1.694348
1.694082
1.694132
1.694234
1.694378
1.694529
1.694753
1.694750
1.694859
1.694975
1.695008
1.695162
1.695433
1.695259
1.694976
1.694996
1.695138
1.695177
1.695351
1.695598
1.695780
1.695889
1.696096
1.696240
1.696466
1.696724
1.696905
1.697096
1.697289
1.697408
1.697626
1.697779
1.698068
1.698247
1.698326
1.698425
1.698379
1.698461
1.698633
1.698699
1.698899
1.699081
1.699086
1.699253
1.699460
1.699788
1.699777
1.699242
1.698932
1.698868
1.699057
1.699120
1.699441
1.699627
1.699829
1.698868
1.697741
1.696586
1.695514
1.694448
1.693450
1.692314
1.691303
1.690249
1.689126
1.687948
1.686979
1.685955
1.684857
1.684005
1.683769
1.683877
1.684195
1.684297
1.684462
1.684708
1.684933
1.685113
1.685367
1.685523
1.685562
1.685803
1.686112
1.686088
1.685595
1.684504
1.683558
1.682932
1.682899
1.683074
1.683177
1.683433
1.683475
1.683703
1.683958
1.684147
1.684227
1.684431
1.684294
1.684153
1.684294
1.684594
1.684760
1.684864
1.685186
1.685223
1.684996
1.684491
1.684381
1.684434
1.684741
1.684927
1.685070
1.685225
1.685446
1.685600
1.685749
1.685754
1.685718
1.685864
1.686072
1.686245
1.686406
1.686554
1.686866
1.686944
1.687464
1.687645
1.687574
1.687742
1.687730
1.687259
1.687382
1.687511
1.687696
1.687601
1.687162
1.687097
1.687115
1.686982
1.687071
1.687496
1.687623
1.687644
1.687334
1.686259
1.685299
1.684356
1.683709
1.683607
1.683750
1.684005
1.684228
1.684027
1.684349
1.684951
1.685041
1.684934
1.685062
1.685214
1.685311
1.685492
1.685668
1.685837
1.686093
1.686143
1.686395
1.686538
1.686726
1.686906
1.687169
1.687218
1.687346
1.687483
1.687615
1.687640
1.687951
1.688194
1.688208
1.688334
1.688450
1.688713
1.688872
1.689005
1.689269
1.689364
1.689431
1.689273
1.689409
1.689566
1.689303
1.688726
1.688853
1.688928
1.689142
1.688970
1.688940
1.689066
1.689179
1.689200
1.689356
1.689455
1.689381
1.689459
1.689461
1.689605
1.689731
1.689907
1.690061
1.689502
1.689202
1.689195
1.688993
1.688999
1.689075
1.689123
1.688993
1.689008
1.689202
1.689379
1.689801
1.690001
1.690190
1.690442
1.690595
1.690685
1.690799
1.690940
1.691127
1.691254
1.691319
1.691342
1.691520
1.691583
1.691740
1.691619
1.691714
1.691870
1.691974
1.692082
1.692178
1.692216
1.692202
1.692271
1.691262
1.690660
1.690625
1.690725
1.690960
1.691092
1.691343
1.691471
1.691631
1.691718
1.691896
1.692045
1.692271
1.692242
1.692059
1.692108
1.692504
1.692691
1.692797
1.692960
1.693151
1.693260
1.693463
1.693462
1.693597
1.693719
1.693822
1.693903
1.694054
1.693864
1.693961
1.694090
1.693675
1.693537
1.693667
1.693491
1.693562
1.693489
1.692732
1.691766
1.690800
1.689742
1.688913
1.688188
1.688036
1.688169
1.688409
1.688555
1.688741
1.688908
1.689068
1.689223
1.689445
1.689602
1.689742
1.689889
1.690051
1.690096
1.690177
1.690238
1.690334
1.690557
1.690729
1.691040
1.691444
1.691568
1.691534
1.691498
1.691702
1.691584
1.691338
1.691345
1.691318
1.691200
1.691391
1.691543
1.691535
1.691653
1.691811
1.691934
1.691984
1.692106
1.692224
1.692381
1.692467
1.692363
1.692269
1.692350
1.692237
1.692049
1.692054
1.692160
1.691780
1.691377
1.691633
1.691756
1.691926
1.692058
1.692309
1.692469
1.692347
1.692397
1.692643
1.692574
1.692600
1.692738
1.692751
1.692922
1.693046
1.693168
1.693347
1.693583
1.693648
1.693865
1.694026
1.694174
1.694076
1.693698
1.693802
1.693901
1.694048
1.694109
1.694209
1.694258
1.694552
1.694644
1.694799
1.694907
1.694988
1.695001
1.695108
1.695297
1.695455
1.695564
1.695750
1.695858
1.695766
1.695465
1.695692
1.695729
1.695836
1.695565
1.694992
1.694777
1.694983
1.695100
1.694868
1.694631
1.694741
1.694808
1.694915
1.695133
1.695238
1.695229
1.695070
1.694987
1.695233
1.695468
1.695628
1.695673
1.695799
1.695928
1.696029
1.696094
1.696316
1.696453
1.696590
1.696656
1.696686
1.696908
1.697050
1.697079
1.697113
1.697108
1.697152
1.697252
1.697271
1.697435
1.697464
1.697585
1.697463
1.697568
1.697654
1.697721
1.697994
1.698096
1.698263
1.698403
1.698561
1.698694
1.698916
1.699024
1.699205
1.699296
1.699488
1.699595
1.699684
1.699750
1.699831
1.699914
1.700071
1.700169
1.700144
1.700038
1.700257
1.700375
1.700346
1.700287
1.700283
1.700304
1.700565
1.700682
1.700848
1.700950
1.701113
1.701227
1.701296
1.701486
1.701751
1.701882
1.701992
1.701976
1.702075
1.701707
1.701665
1.701788
1.701882
1.702068
1.702208
1.702327
1.702378
1.702132
1.702287
1.702401
1.702462
1.702629
1.702643
1.702464
1.701659
1.700840
1.699936
1.699057
1.698350
1.697991
1.697921
1.698120
1.698257
1.698491
1.698599
1.698684
1.698917
1.699055
1.699193
1.699188
1.699255
1.698976
1.698962
1.698999
1.699218
1.699355
1.699414
1.699612
1.699660
1.699863
1.699978
1.700097
1.700219
1.700362
1.700540
1.700591
1.700783
1.700936
1.701137
1.701226
1.701352
1.700962
1.700773
1.700495
1.700483
1.700659
1.700785
1.700883
1.701041
1.701203
1.701113
1.700707
1.700818
1.700894
1.700966
1.701128
1.701281
1.701404
1.701520
1.701631
1.701791
1.701918
1.702030
1.702054
1.702148
1.702202
1.702330
1.702456
1.702352
1.702127
1.702154
1.702252
1.702418
1.702519
1.702571
1.702726
1.702900
1.703029
1.703063
1.703174
1.703329
1.703435
1.703634
1.703754
1.703862
1.703869
1.703777
1.703876
1.704060
1.704165
1.704329
1.704272
1.704336
1.704426
1.704530
1.704601
1.704683
1.704828
1.704953
1.705043
1.705193
1.705319
1.705413
1.705262
1.705475
1.705513
1.705576
1.705568
1.705594
1.705628
1.705774
1.705881
1.705909
1.705925
1.706080
1.706270
1.706386
1.706477
1.706543
1.706487
1.706564
1.706348
1.706284
1.706482
1.706648
1.706744
1.706778
1.706862
1.706948
1.707071
1.707178
1.706935
1.706711
1.706672
1.706397
1.705961
1.705863
1.705930
1.706005
1.706062
1.706140
1.706240
1.706390
1.706405
1.706625
1.706759
1.706889
1.706992
1.707201
1.707278
1.707338
1.707423
1.707553
1.707668
1.707827
1.707896
1.707863
1.707676
1.707705
1.707804
1.707828
1.707984
1.708063
1.708034
1.708148
1.708212
1.708404
1.708502
1.708674
1.708820
1.708931
1.708855
1.708730
1.708426
1.708169
1.708181
1.708142
1.708194
1.708325
1.708415
1.708433
1.708565
1.708722
1.708823
1.708961
1.708982
1.708862
1.708914
1.708991
1.709180
1.709164
1.708976
1.709218
1.709095
1.708743
1.708628
1.708669
1.708708
1.708863
1.708695
1.708311
1.708444
1.708494
1.708590
1.708659
1.708849
1.708975
1.709139
1.709279
1.709346
1.709467
1.709505
1.709679
1.709779
1.709912
1.710034
1.710078
1.710114
1.710215
1.710320
1.710508
1.710615
1.710614
1.710696
1.710836
1.710929
1.711047
1.711200
1.710893
1.710587
1.710704
1.710642
1.710504
1.710285
1.710394
1.710440
1.710471
1.710229
1.710304
1.709920
1.709610
1.709478
1.709389
1.709143
1.708650
1.708408
1.708502
1.708683
1.708795
1.708830
1.708955
1.709068
1.709175
1.709325
1.709426
1.709519
1.709655
1.709779
1.709859
1.709983
1.709979
1.709955
1.710080
1.710201
1.710299
1.710366
1.710455
1.710308
1.710312
1.710422
1.710441
1.710510
1.710602
1.710755
1.710819
1.710761
1.710859
1.710893
1.711026
1.711015
1.711027
1.711140
1.711210
1.711298
1.711501
1.711572
1.711772
1.711898
1.712007
1.711915
1.712081
1.712128
1.712239
1.712339
1.712471
1.712473
1.712584
1.712673
1.712732
1.712698
1.712816
1.712908
1.713010
1.713123
1.713234
1.713344
1.713446
1.713591
1.713734
1.713678
1.713607
1.713660
1.713420
1.713389
1.713378
1.713011
1.712647
1.712538
1.712308
1.712373
1.712503
1.712421
1.712466
1.712541
1.712687
1.712793
1.712886
1.712839
1.712849
1.712957
1.713075
1.713187
1.713295
1.713467
1.713554
1.713396
1.713388
1.713427
1.713557
1.713622
1.713727
1.713873
1.713908
1.713915
1.713722
1.713786
1.713963
1.714020
1.714140
1.714265
1.714369
1.714436
1.714584
1.714670
1.714916
1.715121
1.715218
1.715332
1.715340
1.715428
1.715478
1.715544
1.715597
1.715653
1.715781
1.715806
1.715956
1.715886
1.715882
1.715877
1.715938
1.716046
1.716177
1.715980
1.715959
1.716036
1.716051
1.716073
1.716163
1.716301
1.716385
1.716472
1.716581
1.716449
1.716350
1.716384
1.716173
1.715897
1.715806
1.715897
1.715701
1.715505
1.715645
1.715710
1.715774
1.715919
1.716040
1.716154
1.716195
1.716299
1.716532
1.716527
1.716546
1.716597
1.716618
1.716431
1.716469
1.716538
1.716675
1.716742
1.716611
1.716423
1.716535
1.716423
1.716104
1.715819
1.715837
1.715883
1.715917
1.716011
1.716136
1.716220
1.716255
1.716215
1.716360
1.716519
1.716615
1.716732
1.716846
1.716751
1.716448
1.716276
1.716384
1.716335
1.716451
1.716440
1.716149
1.715760
1.715726
1.715405
1.715082
1.714927
1.714978
1.715066
1.715157
1.715066
1.714992
1.714886
1.714532
1.714390
1.714100
1.714028
1.714166
1.714376
1.714489
1.714663
1.714797
1.714901
1.715004
1.715009
1.715136
1.714941
1.714696
1.714654
1.714669
1.714636
1.714725
1.714777
1.714843
1.714703
1.714788
1.714876
1.714533
1.714160
1.713960
1.713759
1.713710
1.713862
1.713957
1.714028
1.714149
1.714205
1.714477
1.714558
1.714730
1.714781
1.714908
1.714998
1.715110
1.714862
1.714809
1.714934
1.715080
1.715138
1.715172
1.715337
1.715440
1.715570
1.715686
1.715592
1.715805
1.715959
1.716098
1.716129
1.716193
1.716271
1.716288
1.715993
1.715921
1.715796
1.715526
1.715445
1.715616
1.716078
1.716139
1.715749
1.715622
1.715700
1.715817
1.715687
1.715559
1.715599
1.715704
1.715799
1.715971
1.716075
1.716165
1.715975
1.715732
1.715442
1.715154
1.715127
1.715254
1.715318
1.715376
1.715414
1.715490
1.716075
1.716346
1.716175
1.715941
1.715832
1.715974
1.716208
1.716352
1.716418
1.716515
1.716573
1.716541
1.716239
1.716149
1.716240
1.716388
1.716493
1.716559
1.716642
1.716678
1.716387
1.716211
1.716181
1.715955
1.715522
1.714935
1.714259
1.713580
1.712940
1.712250
1.711583
1.710928
1.710243
1.709582
1.708875
1.708207
1.707562
1.706903
1.706193
1.705538
1.704897
1.704240
1.703566
1.702897
1.702225
1.701565
1.700908
1.700236
1.699554
1.698895
1.698240
1.697574
1.696907
1.696250
1.695604
1.694929
1.694306
1.693659
1.692960
1.692312
1.691643
1.690997
1.690338
1.689690
1.689069
1.688401
1.687745
1.687106
1.686439
1.685797
1.685111
1.684470
1.683800
1.683200
1.682509
1.681867
1.681249
1.680584
1.679936
1.679267
1.678650
1.678009
1.677372
1.676723
1.676071
1.675435
1.674751
1.674115
1.673498
1.672863
1.672221
1.671576
1.670914
1.670277
1.669630
1.668998
1.668394
1.667749
1.667072
1.666445
1.665840
1.665187
1.664553
1.663911
1.663269
1.662630
1.662000
1.661365
1.660721
1.660140
1.659468
1.658848
1.658232
1.657591
1.656957
1.656320
1.655676
1.655106
1.654431
1.653811
1.653212
1.652578
1.651961
1.651332
1.650695
1.650075
1.649459
1.648829
1.648198
1.647581
1.646961
1.646324
1.645692
1.645076
1.644466
1.643840
1.643219
1.642629
1.641973
1.641363
1.640737
1.640129
1.639518
1.638899
1.638273
1.637702
1.637046
1.636469
1.635828
