1.61379
1.6139
2.1139
2.61398
3.114
3.61421
4.11607
4.61548
5.12848
5.63742
6.1153
6.6156
7.12696
7.63535
8.11564
8.61613
9.12786
9.63713
10.115
10.6161
11.1264
11.637
12.1158
12.6156
13.1157
13.6359
14.1147
14.6451
15.1149
15.6363
16.1272
16.6143
17.115
17.6349
18.1383
18.6147
19.1628
19.636
20.1311
20.6154
21.1164
21.6287
22.1237
22.6227
23.115
23.6471
24.1268
24.6144
25.1156
25.6386
26.1244
26.614
27.1152
27.6391
28.1268
28.6142
29.1252
29.6456
30.1151
30.64
31.1311
31.6402
32.115
32.6158
33.1257
33.6513
34.1153
34.6275
35.1272
35.6469
36.1167
36.6163
37.1353
37.6418
38.1157
38.6146
39.1304
39.6529
40.115
40.6148
41.115
41.6449
42.1148
42.6156
43.1268
43.645
44.1148
44.6263
45.1149
45.6417
46.1283
46.6153
47.115
47.632
48.1243
48.6153
49.1162
49.6311
50.126
50.6146
51.1178
51.6446
52.1378
52.6145
53.1153
53.641
54.1255
54.6146
55.115
55.6405
56.1236
56.6146
57.1275
57.6461
58.1157
58.6173
59.1153
59.6515
60.1161
60.6163
61.1599
61.6454
62.1152
62.6174
63.1323
63.6499
64.1159
64.6165
65.1283
65.6507
66.1481
66.6149
67.1155
67.6572
68.1372
68.6294
69.1152
69.6446
70.1256
70.6145
71.1255
71.6431
72.1158
72.616
73.1265
73.6431
74.1152
74.6156
75.1271
75.6427
76.1154
76.6178
77.1243
77.6317
78.1153
78.6158
79.1247
79.6293
80.1148
80.6281
81.1238
81.6254
82.1155
82.617
83.1247
83.6303
84.1244
84.6164
85.1263
85.6368
86.115
86.6162
87.1251
87.689
88.1245
88.6147
89.1154
89.6357
90.1233
90.6146
91.1156
91.6393
92.1255
92.6151
93.1159
93.645
94.1172
94.6154
95.1161
95.6454
96.1153
96.6149
97.1162
97.6476
98.13
98.6147
99.1155
99.6434
100.126
100.624
101.115
101.642
102.129
102.615
103.117
103.642
104.126
104.631
105.116
105.637
106.127
106.615
107.115
107.633
108.125
108.615
109.115
109.645
110.124
110.615
111.115
111.647
112.116
112.615
113.115
113.665
114.127
114.619
115.115
115.645
116.126
116.615
117.125
117.647
118.122
118.617
119.121
119.699
120.131
120.624
121.115
121.65
122.148
122.615
123.116
123.688
124.134
124.616
125.168
125.651
126.116
126.615
127.115
127.684
128.158
128.617
129.115
129.66
130.13
130.618
131.114
131.703
132.149
132.616
133.147
133.706
134.117
134.634
135.137
135.658
136.122
136.65
137.138
137.642
138.118
138.62
139.12
139.641
140.139
140.622
141.119
141.673
142.144
142.622
143.126
143.651
144.142
144.624
145.128
145.663
146.126
146.628
147.145
147.664
148.188
148.628
149.145
149.674
150.155
150.626
151.133
151.661
152.128
152.628
153.144
153.647
154.126
154.629
155.141
155.655
156.126
156.628
157.144
157.654
158.175
158.629
159.144
159.648
160.126
160.686
161.17
161.659
162.127
162.628
163.126
163.682
164.127
164.65
165.144
165.659
166.139
166.664
167.126
167.672
168.127
168.693
169.144
169.671
170.145
170.67
171.126
171.701
172.142
172.649
173.126
173.697
174.126
174.698
175.126
175.674
176.145
176.626
177.145
177.67
178.157
178.682
179.127
179.662
180.178
180.627
181.126
181.655
182.183
182.628
183.157
183.656
184.136
184.627
185.134
185.667
186.126
186.629
187.197
187.664
188.13
188.629
189.13
189.665
190.146
190.691
191.147
191.707
192.13
192.628
193.126
193.669
194.128
194.629
195.148
195.666
196.134
196.628
197.127
197.679
198.147
198.628
199.126
199.693
200.166
200.642
201.197
201.672
202.145
202.629
203.128
203.658
204.145
204.635
205.148
205.74
206.151
206.632
207.127
207.664
208.152
208.626
209.128
209.683
210.148
210.629
211.167
211.655
212.13
212.629
213.148
213.668
214.13
214.636
215.129
215.666
216.176
216.639
217.137
217.667
218.151
218.634
219.152
219.672
220.186
220.731
221.147
221.664
222.128
222.702
223.148
223.676
224.153
224.628
225.128
225.662
226.126
226.629
227.148
227.656
228.132
228.688
229.149
229.65
230.13
230.627
231.149
231.655
232.126
232.633
233.145
233.716
234.149
234.652
235.13
235.667
236.18
236.634
237.133
237.656
238.143
238.63
239.132
239.657
240.145
240.63
241.131
241.659
242.146
242.634
243.178
243.658
244.145
244.627
245.127
245.657
246.129
246.687
247.179
247.666
248.202
248.633
249.145
249.667
250.148
250.708
251.151
251.674
252.146
252.628
253.15
253.699
254.182
254.629
255.149
255.685
256.22
256.63
257.175
257.679
258.127
258.628
259.146
259.675
260.144
260.627
261.149
261.683
262.145
262.668
263.129
263.753
264.188
264.631
265.13
265.69
266.126
266.682
267.133
267.69
268.148
268.628
269.13
269.684
270.127
270.628
271.166
271.674
272.183
272.677
273.198
273.672
274.126
274.66
275.181
275.668
276.146
276.682
277.132
277.673
278.143
278.626
279.166
279.675
280.147
280.627
281.126
281.677
282.148
282.675
283.154
283.673
284.164
284.627
285.134
285.664
286.242
286.652
287.128
287.661
288.146
288.644
289.129
289.648
290.151
290.628
291.13
291.648
292.147
292.632
293.182
293.708
294.143
294.627
295.126
295.653
296.146
296.626
297.128
297.647
298.187
298.689
299.144
299.661
300.128
300.633
301.148
301.655
302.127
302.695
303.143
303.69
304.142
304.633
305.133
305.658
306.148
306.66
307.138
307.68
308.146
308.631
309.174
309.66
310.147
310.626
311.127
311.66
312.127
312.677
313.128
313.665
314.143
314.726
315.131
315.663
316.135
316.635
317.132
317.657
318.191
318.628
319.146
319.654
320.128
320.628
321.148
321.671
322.128
322.632
323.132
323.658
324.127
324.628
325.148
325.656
326.128
326.645
327.141
327.647
328.141
328.631
329.132
329.652
330.144
330.633
331.133
331.654
332.13
332.679
333.148
333.657
334.131
334.633
335.148
335.658
336.146
336.631
337.222
337.671
338.145
338.629
339.161
339.676
340.179
340.629
341.133
341.67
342.156
342.627
343.127
343.783
344.196
344.66
345.191
345.743
346.127
346.63
347.143
347.811
348.212
348.666
349.206
349.752
350.204
350.734
351.18
351.729
352.267
352.691
353.213
353.665
354.148
354.63
355.125
355.661
356.143
356.629
357.126
357.657
358.131
358.652
359.15
359.659
360.173
360.628
361.146
361.658
362.125
362.629
363.131
363.653
364.124
364.633
365.141
365.65
366.128
366.629
367.144
367.651
368.128
368.629
369.142
369.655
370.131
370.629
371.163
371.662
372.137
372.697
373.174
373.663
374.126
374.645
375.145
375.665
376.129
376.672
377.145
377.66
378.128
378.652
379.146
379.673
380.141
380.632
381.131
381.655
382.147
382.629
383.126
383.652
384.128
384.642
385.144
385.653
386.128
386.628
387.128
387.653
388.145
388.634
389.128
389.656
390.145
390.633
391.127
391.656
392.128
392.629
393.129
393.654
394.145
394.632
395.128
395.651
396.19
396.631
397.126
397.664
398.146
398.637
399.135
399.657
400.125
400.633
401.145
401.651
402.125
402.632
403.166
403.655
404.128
404.677
405.145
405.656
406.125
406.658
407.145
407.652
408.13
408.629
409.144
409.658
410.128
410.628
411.128
411.679
412.141
412.655
413.128
413.646
414.141
414.629
415.128
415.648
416.147
416.628
417.129
417.651
418.128
418.628
419.152
419.656
420.146
420.631
421.133
421.657
422.127
422.629
423.146
423.65
424.127
424.629
425.146
425.656
426.132
426.629
427.143
427.723
428.143
428.629
429.125
429.67
430.232
430.695
431.133
431.67
432.163
432.628
433.175
433.71
434.2
434.7
435.208
435.713
436.178
436.67
437.129
437.669
438.185
438.629
439.149
439.732
440.145
440.662
441.149
441.663
442.184
442.667
443.125
443.745
444.18
444.689
445.146
445.67
446.125
446.629
447.133
447.672
448.129
448.63
449.16
449.734
450.224
450.701
451.192
451.706
452.145
452.63
453.125
453.712
454.245
454.686
455.167
455.68
456.192
456.631
457.151
457.68
458.145
458.631
459.128
459.682
460.205
460.631
461.168
461.754
462.268
462.647
463.196
463.716
464.19
464.667
465.192
465.736
466.142
466.675
467.144
467.661
468.148
468.633
469.128
469.656
470.145
470.655
471.131
471.666
472.143
472.628
473.13
473.659
474.198
474.63
475.144
475.664
476.142
476.655
477.126
477.657
478.149
478.629
479.165
479.661
480.135
480.63
481.147
481.664
482.128
482.632
483.145
483.664
484.146
484.631
485.13
485.665
486.154
486.634
487.125
487.681
488.126
488.628
489.168
489.661
490.145
490.651
491.131
491.694
492.188
492.635
493.147
493.658
494.145
494.629
495.129
495.654
496.177
496.673
497.147
497.654
498.125
498.632
499.144
499.653
500.129
500.631
501.145
501.711
502.144
502.632
503.125
503.707
504.162
504.631
505.13
505.69
506.223
506.656
507.144
507.711
508.126
508.633
509.133
509.663
510.183
510.628
511.145
511.749
512.129
512.659
513.138
513.731
514.154
514.631
515.129
515.661
516.148
516.634
517.179
517.667
518.16
518.628
519.129
519.736
520.15
520.629
521.125
521.663
522.148
522.653
523.149
523.659
524.129
524.632
525.149
525.658
526.131
526.631
527.146
527.658
528.144
528.628
529.128
529.663
530.147
530.636
531.142
531.661
532.128
532.636
533.146
533.667
534.132
534.667
535.189
535.739
536.227
536.673
537.173
537.717
538.171
538.672
539.199
539.698
540.128
540.628
541.193
541.68
542.208
542.63
543.142
543.662
544.135
544.634
545.144
545.656
546.137
546.676
547.151
547.725
548.148
548.63
549.198
549.728
550.175
550.629
551.144
551.676
552.192
552.651
553.183
553.76
554.256
554.634
555.145
555.702
556.328
556.628
557.147
557.676
558.235
558.71
559.197
559.676
560.148
560.63
561.126
561.685
562.145
562.633
563.207
563.717
564.189
564.655
565.209
565.676
566.143
566.671
567.127
567.678
568.15
568.63
569.162
569.832
570.207
570.669
571.232
571.756
572.195
572.725
573.162
573.678
574.237
574.723
575.195
575.771
576.142
576.633
577.196
577.721
578.265
578.693
579.223
579.749
580.192
580.631
581.144
581.723
582.147
582.695
583.219
583.776
584.189
584.665
585.215
585.68
586.146
586.633
587.134
587.679
588.141
588.687
589.193
589.707
590.238
590.66
591.141
591.687
592.212
592.631
593.13
593.659
594.144
594.63
595.163
595.702
596.131
596.634
597.152
597.677
598.127
598.634
599.188
599.711
600.127
600.631
601.138
601.656
602.128
602.685
603.129
603.664
604.143
604.644
605.142
605.66
606.182
606.633
607.14
607.678
608.15
608.63
609.145
609.655
610.125
610.631
611.164
611.652
612.197
612.627
613.144
613.663
614.147
614.637
615.139
615.659
616.129
616.671
617.149
617.669
618.143
618.655
619.126
619.665
620.143
620.632
621.125
621.659
622.148
622.721
623.199
623.675
624.146
624.726
625.13
625.712
626.186
626.664
627.207
627.729
628.243
628.664
629.125
629.675
630.199
630.63
631.145
631.677
632.146
632.636
633.131
633.662
634.15
634.629
635.127
635.658
636.127
636.629
637.15
637.649
638.126
638.629
639.148
639.647
640.131
640.635
641.149
641.656
642.153
642.631
643.144
643.657
644.142
644.633
645.179
645.655
646.15
646.628
647.154
647.665
648.126
648.637
649.13
649.67
650.149
650.63
651.133
651.668
652.132
652.651
653.171
653.711
654.242
654.684
655.207
655.697
656.212
656.663
657.177
657.669
658.146
658.628
659.154
659.672
660.147
660.635
661.132
661.675
662.184
662.692
663.19
663.665
664.147
664.662
665.127
665.664
666.177
666.633
667.143
667.663
668.132
668.628
669.146
669.669
670.143
670.63
671.147
671.741
672.147
672.633
673.131
673.743
674.228
674.634
675.133
675.66
676.148
676.628
677.129
677.658
678.171
678.707
679.149
679.651
680.129
680.657
681.147
681.662
682.126
682.634
683.191
683.658
684.13
684.636
685.145
685.665
686.178
686.633
687.133
687.673
688.15
688.636
689.136
689.72
690.146
690.631
691.13
691.661
692.149
692.657
693.128
693.656
694.143
694.658
695.186
695.715
696.145
696.629
697.162
697.657
698.146
698.634
699.182
699.655
700.128
700.628
701.146
701.657
702.145
702.687
703.15
703.669
704.164
704.634
705.131
705.663
706.159
706.636
707.147
707.671
708.126
708.629
709.127
709.672
710.218
710.629
711.151
711.713
712.193
712.706
713.126
713.67
714.171
714.695
715.197
715.663
716.125
716.629
717.155
717.691
718.147
718.628
719.13
719.66
720.175
720.663
721.147
721.664
722.131
722.728
723.15
723.659
724.147
724.628
725.138
725.713
726.254
726.67
727.182
727.698
728.163
728.671
729.145
729.666
730.13
730.675
731.148
731.662
732.132
732.629
733.174
733.658
734.144
734.629
735.144
735.657
736.127
736.629
737.15
737.652
738.128
738.628
739.142
739.664
740.127
740.689
741.196
741.756
742.165
742.633
743.127
743.724
744.142
744.631
745.127
745.659
746.144
746.629
747.126
747.65
748.146
748.694
749.148
749.65
750.13
750.634
751.145
751.655
752.125
752.634
753.164
753.649
754.148
754.629
755.129
755.706
756.144
756.628
757.193
757.707
758.128
758.633
759.147
759.74
760.127
760.634
761.126
761.691
762.151
762.633
763.132
763.651
764.143
764.681
765.146
765.65
766.133
766.637
767.13
767.66
768.149
768.633
769.144
769.743
770.129
770.634
771.144
771.749
772.127
772.674
773.15
773.666
774.133
774.802
775.219
775.783
776.209
776.73
777.238
777.677
778.149
778.656
779.196
779.723
780.248
780.688
781.198
781.767
782.246
782.742
783.231
783.744
784.216
784.686
785.172
785.745
786.24
786.693
787.167
787.731
788.127
788.636
789.204
789.739
790.261
790.721
791.147
791.768
792.129
792.64
793.15
793.763
794.201
794.642
795.224
795.786
796.25
796.7
797.128
797.683
798.287
798.634
799.125
799.78
800.203
800.638
801.133
801.781
802.128
802.638
803.179
803.746
804.222
804.738
805.168
805.661
806.172
806.688
807.141
807.671
808.2
808.654
809.128
809.661
810.152
810.628
811.127
811.712
812.198
812.629
813.144
813.65
814.126
814.639
815.149
815.651
816.173
816.665
817.144
817.664
818.134
818.636
819.211
819.662
820.126
820.703
821.142
821.665
822.173
822.633
823.132
823.72
824.134
824.705
825.204
825.706
826.189
826.663
827.127
827.668
828.147
828.704
829.255
829.666
830.132
830.765
831.128
831.666
832.141
832.676
833.129
833.701
834.128
834.648
835.132
835.655
836.196
836.636
837.143
837.657
838.133
838.635
839.127
839.654
840.128
840.629
841.202
841.719
842.125
842.641
843.15
843.715
844.131
844.637
845.149
845.733
846.147
846.632
847.171
847.657
848.125
848.638
849.198
849.668
850.178
850.636
851.129
851.682
852.144
852.632
853.184
853.658
854.131
854.632
855.129
855.664
856.129
856.654
857.142
857.664
858.149
858.633
859.13
859.661
860.167
860.63
861.148
861.67
862.15
862.63
863.143
863.678
864.152
864.634
865.128
865.673
866.143
866.706
867.145
867.655
868.13
868.677
869.132
869.648
870.135
870.628
871.142
871.66
872.136
872.632
873.143
873.733
874.125
874.679
875.187
875.746
876.132
876.633
877.243
877.659
878.128
878.629
879.144
879.655
880.151
880.648
881.15
881.659
882.151
882.635
883.154
883.655
884.126
884.633
885.174
885.663
886.143
886.698
887.145
887.661
888.134
888.636
889.143
889.662
890.196
890.634
891.13
891.67
892.145
892.641
893.152
893.716
894.253
894.689
895.196
895.747
896.266
896.708
897.144
897.671
898.217
898.635
899.142
899.663
900.132
900.633
901.142
901.658
902.131
902.629
903.145
903.666
904.128
904.641
905.128
905.693
906.134
906.63
907.129
907.673
908.13
908.631
909.144
909.773
910.125
910.654
911.148
911.655
912.204
912.637
913.13
913.721
914.135
914.665
915.128
915.739
916.151
916.632
917.128
917.654
918.13
918.637
919.125
919.75
920.125
920.691
921.144
921.658
922.203
922.631
923.146
923.665
924.149
924.638
925.13
925.719
926.145
926.63
927.127
927.656
928.145
928.636
929.129
929.664
930.148
930.636
931.128
931.712
932.135
932.635
933.129
933.669
934.151
934.637
935.143
935.658
936.131
936.634
937.188
937.66
938.165
938.631
939.149
939.656
940.129
940.647
941.13
941.655
942.147
942.702
943.153
943.654
944.129
944.633
945.127
945.651
946.133
946.632
947.144
947.658
948.134
948.689
949.147
949.665
950.148
950.635
951.126
951.661
952.186
952.637
953.151
953.657
954.13
954.628
955.151
955.716
956.128
956.641
957.141
957.654
958.125
958.633
959.144
959.724
960.129
960.656
961.146
961.661
962.131
962.632
963.129
963.737
964.149
964.628
965.126
965.663
966.132
966.648
967.177
967.651
968.143
968.65
969.136
969.651
970.135
970.634
971.145
971.713
972.157
972.634
973.145
973.658
974.176
974.635
975.148
975.661
976.145
976.688
977.142
977.657
978.13
978.72
979.14
979.671
980.157
980.633
981.144
981.669
982.148
982.634
983.146
983.731
984.234
984.63
985.131
985.662
986.199
986.635
987.149
987.657
988.134
988.665
989.132
989.669
990.15
990.632
991.144
991.662
992.133
992.695
993.132
993.729
994.211
994.683
995.158
995.726
996.201
996.635
997.129
997.76
998.23
998.721
999.127
999.662
1000.15
1000.64
1001.13
1001.65
1002.18
1002.63
1003.21
1003.67
1004.18
1004.63
1005.13
1005.8
1006.22
1006.7
1007.15
1007.68
1008.15
1008.66
1009.15
1009.67
1010.18
1010.69
1011.18
1011.68
1012.15
1012.63
1013.15
1013.68
1014.15
1014.63
1015.13
1015.66
1016.15
1016.63
1017.14
1017.69
1018.17
1018.63
1019.13
1019.66
1020.14
1020.63
1021.13
1021.65
1022.15
1022.64
1023.14
1023.65
1024.13
1024.64
1025.17
1025.66
1026.13
1026.63
1027.13
1027.66
1028.15
1028.65
1029.13
1029.66
1030.14
1030.65
1031.13
1031.66
1032.15
1032.69
1033.15
1033.65
1034.13
1034.68
1035.13
1035.66
1036.13
1036.64
1037.15
1037.66
1038.13
1038.64
1039.15
1039.66
1040.13
1040.63
1041.13
1041.65
1042.15
1042.63
1043.13
1043.65
1044.17
1044.63
1045.14
1045.66
1046.14
1046.63
1047.14
1047.66
1048.13
1048.65
1049.15
1049.65
1050.13
1050.63
1051.15
1051.64
1052.13
1052.64
1053.15
1053.65
1054.14
1054.64
1055.13
1055.65
1056.15
1056.64
1057.13
1057.66
1058.16
1058.65
1059.13
1059.66
1060.14
1060.71
1061.21
1061.66
1062.13
1062.73
1063.15
1063.67
1064.2
1064.64
1065.13
1065.66
1066.14
1066.63
1067.2
1067.66
1068.15
1068.63
1069.13
1069.66
1070.14
1070.68
1071.15
1071.65
1072.13
1072.63
1073.15
1073.65
1074.13
1074.64
1075.17
1075.67
1076.23
1076.67
1077.13
1077.66
1078.14
1078.64
1079.14
1079.65
1080.13
1080.63
1081.14
1081.66
1082.13
1082.7
1083.14
1083.66
1084.22
1084.63
1085.19
1085.72
1086.15
1086.68
1087.13
1087.66
1088.23
1088.63
1089.13
1089.67
1090.15
1090.72
1091.14
1091.68
1092.14
1092.63
1093.13
1093.68
1094.14
1094.68
1095.13
1095.67
1096.14
1096.63
1097.13
1097.66
1098.17
1098.63
1099.13
1099.69
1100.15
1100.63
1101.13
1101.66
1102.14
1102.65
1103.13
1103.66
1104.14
1104.63
1105.13
1105.65
1106.14
1106.63
1107.15
1107.65
1108.13
1108.71
1109.15
1109.66
1110.19
1110.63
1111.13
1111.72
1112.14
1112.63
1113.13
1113.66
1114.18
1114.63
1115.13
1115.66
1116.13
1116.63
1117.14
1117.66
1118.13
1118.64
1119.15
1119.66
1120.13
1120.63
1121.13
1121.68
1122.13
1122.63
1123.15
1123.66
1124.13
1124.65
1125.14
1125.65
1126.13
1126.63
1127.13
1127.72
1128.13
1128.63
1129.14
1129.66
1130.13
1130.63
1131.13
1131.66
1132.14
1132.63
1133.13
1133.66
1134.18
1134.63
1135.15
1135.66
1136.13
1136.63
1137.19
1137.65
1138.15
1138.64
1139.13
1139.65
1140.14
1140.63
1141.13
1141.66
1142.13
1142.63
1143.15
1143.66
1144.13
1144.63
1145.13
1145.7
1146.14
1146.66
1147.13
1147.65
1148.15
1148.63
1149.13
1149.65
1150.15
1150.69
1151.13
1151.65
1152.15
1152.64
1153.13
1153.64
1154.15
1154.63
1155.13
1155.69
1156.13
1156.63
1157.14
1157.65
1158.13
1158.63
1159.13
1159.65
1160.13
1160.64
1161.15
1161.66
1162.14
1162.64
1163.14
1163.65
1164.13
1164.63
1165.15
1165.66
1166.14
1166.64
1167.13
1167.65
1168.15
1168.63
1169.13
1169.64
1170.13
1170.63
1171.13
1171.72
1172.15
1172.63
1173.17
1173.66
1174.13
1174.64
1175.14
1175.66
1176.13
1176.63
1177.13
1177.66
1178.13
1178.63
1179.14
1179.69
1180.15
1180.64
1181.13
1181.65
1182.14
1182.64
1183.13
1183.65
1184.14
1184.63
1185.13
1185.67
1186.13
1186.63
1187.14
1187.65
1188.13
1188.63
1189.15
1189.7
1190.15
1190.64
1191.13
1191.65
1192.14
1192.63
1193.13
1193.66
1194.17
1194.68
1195.14
1195.66
1196.16
1196.63
1197.14
1197.66
1198.13
1198.63
1199.13
1199.65
1200.14
1200.71
1201.14
1201.66
1202.13
1202.63
1203.15
1203.66
1204.15
1204.63
1205.13
1205.66
1206.13
1206.63
1207.19
1207.66
1208.13
1208.63
1209.14
1209.65
1210.16
1210.63
1211.17
1211.65
1212.14
1212.63
1213.14
1213.66
1214.15
1214.63
1215.13
1215.66
1216.14
1216.68
1217.14
1217.75
1218.15
1218.63
1219.13
1219.69
1220.15
1220.65
1221.13
1221.65
1222.14
1222.64
1223.13
1223.66
1224.13
1224.63
1225.14
1225.66
1226.13
1226.65
1227.14
1227.65
1228.13
1228.63
1229.17
1229.69
1230.14
1230.63
1231.13
1231.65
1232.15
1232.63
1233.13
1233.65
1234.14
1234.63
1235.14
1235.65
1236.14
1236.64
1237.15
1237.73
1238.15
1238.63
1239.13
1239.74
1240.13
1240.63
1241.13
1241.65
1242.14
1242.63
1243.17
1243.65
1244.14
1244.63
1245.17
1245.65
1246.14
1246.64
1247.13
1247.65
1248.15
1248.64
1249.13
1249.65
1250.13
1250.63
1251.14
1251.72
1252.15
1252.66
1253.13
1253.68
1254.14
1254.63
1255.13
1255.67
1256.14
1256.63
1257.13
1257.65
1258.14
1258.63
1259.13
1259.68
1260.15
1260.63
1261.13
1261.65
1262.13
1262.69
1263.14
1263.65
1264.15
1264.7
1265.15
1265.66
1266.13
1266.64
1267.13
1267.66
1268.16
1268.63
1269.13
1269.65
1270.13
1270.63
1271.14
1271.65
1272.13
1272.65
1273.18
1273.69
1274.17
1274.68
1275.15
1275.69
1276.16
1276.65
1277.16
1277.68
1278.18
1278.68
1279.16
1279.68
1280.19
1280.68
1281.19
1281.68
1282.16
1282.66
1283.17
1283.69
1284.16
1284.67
1285.18
1285.7
1286.17
1286.68
1287.18
1287.7
1288.17
1288.69
1289.19
1289.67
1290.18
1290.67
1291.18
1291.7
1292.18
1292.67
1293.18
1293.68
1294.16
1294.65
1295.16
1295.68
1296.18
1296.67
1297.19
1297.67
1298.18
1298.68
1299.15
1299.69
1300.17
1300.69
1301.16
1301.68
1302.15
1302.66
1303.16
1303.68
1304.18
1304.68
1305.16
1305.68
1306.16
1306.66
1307.18
1307.7
1308.18
1308.68
1309.15
1309.68
1310.18
1310.68
1311.15
1311.69
1312.16
1312.67
1313.18
1313.71
1314.18
1314.68
1315.19
1315.67
1316.18
1316.67
1317.16
1317.69
1318.17
1318.68
1319.19
1319.7
1320.18
1320.68
1321.15
1321.68
1322.15
1322.66
1323.16
1323.68
1324.15
1324.66
1325.17
1325.69
1326.16
1326.68
1327.18
1327.7
1328.17
1328.68
1329.18
1329.68
1330.18
1330.68
1331.18
1331.7
1332.17
1332.68
1333.18
1333.67
1334.18
1334.65
1335.17
