4.8848
4.91306
6.14741
6.43911
7.10426
7.50705
8.8655
9.37341
10.2939
10.9691
11.6153
11.7698
13.1595
13.6172
13.7661
14.5599
14.7003
14.733
14.7633
14.8087
14.8442
14.8715
14.8993
14.9441
14.9761
15.0076
15.0345
15.0735
15.0941
15.124
15.1558
15.1849
15.2185
15.2563
15.2966
16.6881
18.0764
19.4542
20.8224
21.2231
21.3706
22.7336
22.8291
23.8955
24.0261
24.166
25.1643
25.4957
26.46
26.6973
27.9705
28.2979
29.4988
29.7657
30.5547
31.2143
31.2439
31.3677
32.5606
32.8136
32.8425
34.0398
34.0688
34.1009
34.1415
34.1736
34.2026
34.2361
34.2815
34.3134
34.3523
34.3876
34.415
34.4455
34.4796
34.5124
34.5472
34.5778
34.6058
34.6345
34.6824
34.7193
34.7436
34.7776
34.8037
34.8354
34.8656
34.8951
34.9254
35.0726
35.1103
35.1341
35.1662
35.2188
35.2514
35.276
35.3056
35.3409
35.3659
35.3958
35.4274
35.4549
35.4854
35.516
35.5475
35.5741
35.6079
35.637
35.669
35.6966
35.7249
35.7535
35.7872
35.8191
35.8447
35.8757
35.9023
35.9425
35.9736
36.0055
36.0386
36.0678
36.0972
36.1374
36.1728
36.2021
36.2327
36.2873
36.3223
36.3508
36.3808
36.4144
36.4467
36.4738
36.5033
36.542
36.5765
37.9522
39.0948
39.1236
39.1555
39.1816
39.2179
39.2601
39.3465
39.3701
39.47
39.5124
39.55
39.5728
39.6055
39.6306
39.6737
39.7043
39.7485
39.7801
39.8133
39.8803
39.9311
39.9506
39.9836
40.0108
40.0473
40.0717
40.1141
40.1493
40.1723
40.2032
40.2389
40.2811
40.3025
40.3355
40.3623
40.3991
40.42
40.4533
40.4821
40.513
40.5551
40.5859
40.6145
40.6455
40.6769
40.7031
40.7338
40.7635
40.808
40.842
40.8727
40.8979
40.9384
40.9666
41.0052
41.034
42.4137
43.788
44.5699
45.9512
46.1138
49.3736
50.5018
50.8221
52.0216
52.287
53.5448
53.7621
55.0467
55.2176
55.2486
55.2771
55.4894
55.5269
55.5569
55.6008
55.6382
55.6594
55.7432
55.7719
55.8048
55.8401
55.8704
55.8913
55.9231
55.9536
55.9849
56.013
56.0519
56.0736
56.1058
56.1467
56.1769
56.2075
56.238
56.2807
56.3497
56.9392
56.9543
