0.004441
0.002857
0.001228
0.002288
0.001018
0.001274
0.000537
0.001458
0.000833
0.001099
0.000642
0.000860
0.001817
0.001247
0.002514
0.001125
0.001681
0.002281
0.002219
0.002951
0.001848
0.002012
0.001633
0.002039
0.001595
0.002661
0.001687
0.001822
0.002008
0.001673
0.002206
0.002238
0.002548
0.003760
0.002664
0.002004
0.001642
0.001029
0.001432
0.000912
0.001975
0.001791
0.002071
0.001962
0.001707
0.002105
0.002825
0.002155
0.002154
0.001957
0.002306
0.001362
0.002745
0.002476
0.002325
0.002119
0.002146
0.001311
0.001056
0.001535
0.001256
0.001757
0.002085
0.002042
0.002292
0.001561
0.001698
0.002334
0.001838
0.002178
0.004611
0.003190
0.002277
0.002571
0.002474
0.003840
0.002077
0.002654
0.002567
0.001696
0.002203
0.002961
0.002188
0.002401
0.001465
0.001573
0.002447
0.002188
0.002070
0.001512
0.005192
0.002411
0.002843
0.001643
0.003571
0.001990
0.002109
0.001750
0.001744
0.002628
0.003196
0.002687
0.002166
0.002608
0.002678
0.001869
0.002425
0.002300
0.003028
0.002296
0.002844
0.002373
0.002635
0.002621
0.002467
0.002206
0.001978
0.004742
0.003898
0.002523
0.003092
0.002222
0.002241
0.002447
0.002728
0.002189
0.002281
0.003555
0.002431
0.001909
0.002593
0.002183
0.002299
0.002308
0.002846
0.002422
0.002264
0.001603
0.002243
0.001994
0.001707
0.002026
0.001115
0.001001
0.000546
0.000836
0.000844
0.005708
0.001429
0.001293
0.001206
0.001238
0.001155
0.001242
0.001733
0.002417
0.002473
0.000676
0.001698
0.000690
0.001339
0.000762
0.000909
0.000963
0.001560
0.000895
0.000988
0.001774
0.000542
0.000906
0.000983
0.000763
0.001693
0.000926
0.000795
0.000520
0.000737
0.000800
0.001562
0.000920
0.001049
0.001344
0.001436
0.000596
0.001198
0.001329
0.002617
0.002394
0.003660
0.000914
0.000910
0.000895
0.003379
0.003654
0.003435
0.002866
0.003171
0.003332
0.001740
0.002502
0.002531
0.002038
0.002236
0.001800
0.001997
0.001961
0.002980
0.001261
0.001318
0.001248
0.001261
0.003629
0.001070
0.000939
0.001362
0.000955
0.000835
0.000781
0.001245
0.002238
0.000859
0.000808
0.000656
0.000757
0.001249
0.001209
0.002846
0.000888
0.000869
0.000993
0.000874
0.001233
0.001555
0.001420
0.001080
0.001404
0.000470
