162.906250
162.906250
162.906250
162.906250
164.195312
164.195312
164.496094
164.496094
164.496094
164.496094
164.496094
164.496094
164.496094
164.496094
164.496094
164.496094
164.496094
164.496094
164.496094
164.496094
164.496094
164.496094
164.496094
164.496094
164.496094
164.496094
164.496094
164.496094
164.496094
164.496094
164.496094
164.496094
164.496094
164.496094
164.496094
164.496094
164.496094
164.496094
164.496094
164.496094
164.496094
164.496094
164.496094
164.496094
164.496094
164.496094
164.496094
164.496094
164.496094
164.496094
164.496094
164.496094
164.496094
164.496094
164.496094
164.496094
164.496094
164.496094
164.496094
164.496094
164.496094
164.496094
164.496094
164.496094
164.496094
164.496094
164.496094
164.496094
164.496094
164.496094
164.496094
164.496094
164.496094
164.496094
164.496094
164.496094
164.496094
164.496094
164.496094
164.496094
164.496094
164.496094
164.496094
164.496094
164.496094
164.496094
164.496094
164.496094
164.496094
164.496094
164.496094
164.496094
164.496094
164.496094
164.496094
164.496094
164.496094
164.496094
164.496094
164.496094
164.496094
164.496094
164.496094
164.496094
164.496094
164.496094
164.496094
164.496094
164.496094
164.496094
