2.14559
2.62675
3.12677
3.62669
4.14651
4.62684
5.12688
5.62685
6.14748
6.62683
7.12678
7.6269
8.13912
8.62682
9.12694
9.62706
10.1382
10.6272
11.1269
11.6267
12.1449
12.6267
13.148
13.6268
14.1361
14.6268
15.1268
15.6268
16.1414
16.6268
17.1268
17.6268
18.1393
18.6268
19.1268
19.6268
20.1456
20.6269
21.1269
21.6268
22.1464
22.6268
23.1269
23.6268
24.1417
24.6268
25.1268
25.6271
26.1442
26.6268
27.1268
27.6267
28.1482
28.6268
29.127
29.6269
30.1438
30.6267
31.1269
31.6269
32.1452
32.6269
33.1268
33.6268
34.1416
34.6346
35.1342
35.637
36.1375
36.6268
37.1269
37.6268
38.1346
38.6268
39.1267
39.6307
40.1384
40.6328
41.1268
41.6268
42.1455
42.6268
43.1268
43.6268
44.1376
44.6268
45.1269
45.6268
46.1269
46.6268
47.1269
47.6268
48.1421
48.6268
49.1268
49.6268
50.1517
50.6268
51.1268
51.6268
52.1427
52.6268
53.1268
53.6268
54.1432
54.6268
55.1268
55.6383
56.1468
56.6268
