0.008342
0.009501
0.007680
0.010195
0.006880
0.010308
0.007068
0.006362
0.005408
0.008253
0.005819
0.007420
0.006307
0.007810
0.009532
0.007512
0.005628
0.007104
0.008275
0.012199
0.007975
0.008243
0.006587
0.007531
0.008021
0.008495
0.006430
0.004790
0.005929
0.005744
0.007148
0.006557
0.008340
0.016270
0.015221
0.013892
0.011488
0.007906
0.008812
0.007485
0.009273
0.008823
0.008967
0.006474
0.008707
0.008827
0.007809
0.007528
0.006320
0.005303
0.008067
0.004669
0.006848
0.006556
0.005283
0.007076
0.006705
0.006365
0.006651
0.005456
0.004695
0.005815
0.005447
0.006558
0.006349
0.006655
0.005644
0.005510
0.005530
0.006018
0.008521
0.008478
0.007028
0.006917
0.010815
0.007289
0.006437
0.008836
0.007103
0.007072
0.005448
0.005454
0.005441
0.008690
0.004877
0.007076
0.006409
0.006326
0.007516
0.005392
0.007678
0.005518
0.007580
0.004782
0.009218
0.007931
0.007330
0.005737
0.008141
0.007325
0.007353
0.005756
0.007326
0.007826
0.008516
0.006742
0.009415
0.009228
0.009849
0.008651
0.006651
0.005540
0.008993
0.010030
0.006525
0.008314
0.004720
0.010432
0.012453
0.006734
0.009034
0.008648
0.008257
0.010018
0.009970
0.009362
0.010094
0.010052
0.008977
0.008548
0.007909
0.011672
0.013670
0.009633
0.009751
0.007718
0.009376
0.008928
0.007077
0.008758
0.010431
0.006853
0.009618
0.006451
0.003835
0.006820
0.005222
0.012426
0.008225
0.004674
0.004562
0.004237
0.007233
0.006835
0.005404
0.006033
0.009436
0.005092
0.007568
0.004883
0.007349
0.005607
0.005037
0.005896
0.007628
0.006985
0.006715
0.006703
0.003994
0.007606
0.006989
0.004761
0.006041
0.005299
0.004378
0.004339
0.006518
0.007344
0.009795
0.007377
0.006198
0.007177
0.006607
0.005254
0.005539
0.005062
0.008921
0.009608
0.008949
0.006881
0.007333
0.005758
0.011314
0.010069
0.009501
0.006624
0.007130
0.009434
0.004604
0.008020
0.010761
0.005479
0.006005
0.004888
0.006600
0.005897
0.010663
0.006535
0.006842
0.006321
0.006517
0.010636
0.004926
0.005311
0.007168
0.004783
0.005176
0.004799
0.005627
0.010353
0.005187
0.005068
0.006934
0.007246
0.008237
0.006649
0.011319
0.007509
0.009437
0.011178
0.007132
0.007534
0.007447
0.007895
0.007298
0.006643
0.001775
