0.000000
0.000000
0.200000
0.700000
1.246667
1.846667
2.477798
3.324026
4.287225
5.113141
6.101321
7.059734
7.826990
8.492154
9.052573
9.675609
10.617796
11.603269
12.588117
13.602732
14.381922
15.073587
15.724131
16.166385
17.000195
17.990386
18.967081
19.849934
20.428284
20.949195
21.809798
22.799119
23.859963
24.847550
25.840896
26.831514
27.822131
28.814759
29.805945
30.841563
31.823979
32.810268
33.796094
34.764919
35.753688
36.676652
37.731436
38.723180
39.711694
40.688164
41.651690
42.645128
43.701538
44.696185
45.687676
46.678802
47.668484
48.647261
49.569557
50.614026
51.603879
52.594522
53.584115
54.574760
55.565151
56.677937
57.722320
58.341116
58.658179
59.423170
60.413313
61.387620
62.437537
63.423853
64.415000
65.365819
66.202080
66.798419
67.086243
67.532947
67.989063
68.878968
69.997491
71.015521
72.015655
73.435324
74.908116
75.937042
76.902313
77.807990
78.793302
79.770992
80.830934
81.791419
82.749666
83.748775
84.729779
85.717161
86.770792
87.764022
88.754592
89.745370
90.736160
91.727134
92.733691
93.802304
94.795055
95.775875
96.780890
97.741457
