2.14553
2.62666
3.12667
3.62665
4.14647
4.62678
5.12671
5.62669
6.14746
6.62668
7.12671
7.6268
8.13908
8.62668
9.1268
9.62691
10.1382
10.627
11.1268
11.6266
12.1449
12.6267
13.148
13.6268
14.1361
14.6267
15.1268
15.6267
16.1413
16.6267
17.1267
17.6267
18.1392
18.6267
19.1267
19.6267
20.1456
20.6267
21.1268
21.6267
22.1463
22.6267
23.1267
23.6267
24.1416
24.6267
25.1267
25.627
26.1441
26.6267
27.1267
27.6267
28.1482
28.6267
29.1268
29.6268
30.1438
30.6267
31.1268
31.6268
32.1451
32.6267
33.1267
33.6267
34.1415
34.6346
35.1342
35.637
36.1375
36.6267
37.1267
37.6267
38.1346
38.6267
39.1267
39.6306
40.1384
40.6328
41.1267
41.6267
42.1455
42.6267
43.1267
43.6267
44.1376
44.6267
45.1267
45.6267
46.1269
46.6267
47.1267
47.6267
48.142
48.6267
49.1267
49.6267
50.1516
50.6267
51.1267
51.6267
52.1427
52.6267
53.1267
53.6267
54.1431
54.6267
55.1267
55.6382
56.1468
56.6268
