0.000000
0.000000
35.157000
35.157000
36.654000
39.994000
43.301000
47.565000
52.979000
59.160000
72.041000
77.845000
85.614000
94.584000
101.095000
105.237000
109.712000
115.004000
122.456000
127.399000
136.783000
143.896000
148.449000
152.456000
157.338000
160.721000
166.237000
171.055000
174.930000
175.613000
176.142000
176.399000
176.721000
176.777000
176.915000
177.087000
177.304000
177.586000
177.945000
178.235000
181.252000
184.959000
189.310000
192.935000
198.555000
206.691000
216.175000
220.678000
225.642000
231.212000
241.016000
248.995000
255.385000
260.735000
266.253000
270.899000
277.467000
286.095000
302.082000
310.815000
325.714000
334.401000
339.427000
343.216000
348.107000
353.290000
358.545000
360.323000
361.167000
361.818000
362.098000
362.324000
362.471000
362.694000
362.973000
363.211000
366.831000
368.079000
368.395000
368.588000
368.811000
369.284000
369.436000
369.583000
370.062000
370.104000
370.164000
370.317000
370.824000
370.940000
371.092000
371.221000
371.243000
371.259000
371.372000
371.462000
371.516000
371.994000
377.997000
382.765000
389.404000
396.480000
403.836000
408.489000
414.500000
420.414000
426.623000
431.399000
437.872000
444.022000
447.205000
447.882000
