0.011588
0.009193
0.006582
0.008626
0.008298
0.004831
0.011847
0.014129
0.010345
0.006846
0.009024
0.007813
0.007113
0.012956
0.014573
0.010462
0.009564
0.008519
0.008739
0.008599
0.010624
0.007838
0.014740
0.012842
0.018938
0.016374
0.014112
0.010565
0.009605
0.009182
0.010083
0.011325
0.018751
0.012357
0.009231
0.011293
0.009840
0.012962
0.009803
0.013267
0.013014
0.011009
0.021897
0.013110
0.010453
0.012243
0.011085
0.011734
0.010165
0.011786
0.006109
0.006045
0.009130
0.006240
0.010913
0.008947
0.008309
0.016614
0.013921
0.012059
0.014747
0.016304
0.017110
0.018548
0.010333
0.009995
0.008042
0.009913
0.010485
0.012607
0.009684
0.007475
0.012003
0.010092
0.012459
0.016576
0.016597
0.011509
0.009775
0.009371
0.008285
0.012534
0.013517
0.016810
0.020137
0.014466
0.009700
0.008964
0.012030
0.016510
0.019111
0.017001
0.020433
0.010081
0.009337
0.010762
0.011696
0.014248
0.009226
0.013068
0.008586
0.009545
0.010841
0.012029
0.012784
0.011506
0.009332
0.007095
0.008800
0.009178
0.014276
0.007284
0.002839
0.003813
0.009866
0.008176
0.012339
0.007816
0.008978
0.008298
0.006281
0.010426
0.017639
0.020325
0.015395
0.017392
0.016864
0.015419
0.016650
0.008836
0.007262
0.004827
0.011513
0.013113
0.013195
0.014149
0.014200
0.015377
0.010107
0.015480
0.007351
0.008600
0.013377
0.012542
0.011846
0.006972
0.006831
0.014036
0.012209
0.008908
0.009260
0.010055
0.007841
0.016382
0.015850
0.016919
0.021831
0.017469
0.014177
0.017202
0.014566
0.013029
0.010542
0.010581
0.014942
0.010094
0.008952
0.016419
0.015335
0.014320
0.014286
0.011552
0.020311
0.016048
0.012831
0.007870
0.011172
0.003332
0.004787
0.005230
0.007548
0.008247
0.008126
0.009410
0.008221
0.010788
0.011096
0.020127
0.008679
0.010798
0.012548
0.010959
0.013634
0.015263
0.017543
0.012547
0.005745
0.010215
0.010104
