4.97634
5.86409
7.28089
8.03451
9.09777
10.5124
11.5335
12.547
13.9391
14.5377
15.8375
16.9168
18.2222
18.7498
19.7558
20.905
22.3218
23.561
24.5008
25.4019
26.4002
27.233
28.6458
29.7309
30.6617
31.3473
32.336
33.4629
34.0975
35.3811
36.6132
37.1975
37.8433
39.1599
39.7395
40.6579
42.108
42.6882
43.2198
43.8776
45.2928
46.1459
47.0118
47.6745
49.4138
50.6121
51.3883
52.5481
53.2493
54.2092
55.4987
56.7745
57.84
59.0794
59.944
61.3741
62.4732
63.8781
64.8948
65.775
67.0144
67.9649
68.7505
69.7611
70.5486
71.6074
72.3674
73.8164
75.0892
76.1379
77.4841
78.6191
79.9533
81.2011
82.3344
83.6973
84.2035
85.0129
86.0517
86.8431
87.6257
89.0773
89.4676
90.9216
92.1229
93.1766
94.1569
95.3531
95.9516
96.9543
97.8831
98.5554
99.3562
100.209
101.687
103.038
103.818
105.936
107.226
107.747
108.432
110.471
111.971
113.373
113.703
115.077
116.714
117.574
118.338
119.154
120.704
123.389
124.738
126.116
127.924
129.3
130.69
131.754
133.063
133.857
134.357
135.075
136.514
137.736
139.144
140.333
140.988
141.622
143.02
143.345
144.739
145.575
147.03
148.63
149.551
150.28
151.515
152.325
153.116
154.184
155.355
156.268
156.702
158.087
159.251
160.376
160.879
162.276
163.453
164.06
164.806
166.203
167.189
167.887
169.302
170.223
170.796
171.969
172.991
173.637
174.556
175.945
177.223
178.578
178.823
180.102
181.444
182.079
183.098
184.243
184.612
185.721
187.002
188.374
188.727
190.073
190.695
191.936
193.041
194.425
195.272
196.693
197.344
198.743
199.751
201.006
202.377
205.111
206.398
206.816
207.183
208.095
209.235
210.623
211.18
212.506
213.597
214.998
216.378
