0.007725
0.006539
0.007361
0.006632
0.007555
0.005475
0.006773
0.007836
0.007255
0.005944
0.007992
0.007070
0.007622
0.008900
0.005996
0.008543
0.005556
0.007351
0.007134
0.005544
0.008735
0.007878
0.009364
0.007199
0.007709
0.008586
0.009690
0.008344
0.008411
0.006953
0.007827
0.007729
0.009408
0.006169
0.007773
0.006704
0.008403
0.009023
0.006867
0.008076
0.008806
0.005468
0.008537
0.009970
0.009058
0.007358
0.009086
0.008646
0.006931
0.006492
0.007856
0.007488
0.008188
0.007197
0.008812
0.009703
0.008873
0.009591
0.006131
0.008443
0.008651
0.008420
0.008943
0.008766
0.006630
0.008476
0.006987
0.009895
0.009333
0.009523
0.007874
0.008164
0.010196
0.009772
0.008978
0.006241
0.008408
0.009064
0.007437
0.006266
0.007883
0.006551
0.009999
0.005456
0.009563
0.008197
0.008033
0.008544
0.008214
0.008251
0.007031
0.007269
0.008649
0.006988
0.005967
0.007503
0.005228
0.007521
0.007052
0.007376
0.009174
0.011422
0.008631
0.005698
0.008098
0.008124
0.009543
0.005918
0.006024
0.007860
0.009947
0.013210
0.008505
0.008989
0.007658
0.007182
0.008918
0.006781
0.005749
0.005404
0.009859
0.009205
0.008807
0.009762
0.005946
0.005458
0.008588
0.005696
0.005737
0.007625
0.005352
0.007277
0.009749
0.009702
0.007975
0.007433
0.008825
0.007755
0.008560
0.010637
0.007252
0.007023
0.007221
0.006496
0.009149
0.007677
0.006647
0.007083
0.009044
0.006989
0.008441
0.005438
0.006048
0.007770
0.006207
0.007555
0.006818
0.006987
0.008116
0.009806
0.008413
0.009307
0.007992
0.009226
0.009089
0.006674
0.007118
0.008522
0.005961
0.007530
0.008452
0.008765
0.009376
0.008848
0.007595
0.007775
0.010021
0.008765
0.005733
0.005239
0.005891
0.008468
0.010623
0.011162
0.007863
0.006536
0.005723
0.008540
0.007716
0.007777
0.007468
0.006130
0.009005
0.008868
0.009010
0.008613
0.008687
0.009465
0.006078
