2.1146
2.61463
3.11451
3.61462
4.11462
4.62378
5.11457
5.61455
6.11446
6.6146
7.11449
7.61462
8.11459
8.61467
9.11447
9.61456
10.1146
10.6146
11.1146
11.6145
12.1146
12.6146
13.1146
13.6145
14.1147
14.6147
15.1146
15.6147
16.1147
16.6145
17.1147
17.6146
18.1146
18.6145
19.1267
19.6147
20.1145
20.6145
21.1146
21.6145
22.1146
22.6146
23.1146
23.6147
24.1146
24.6146
25.1146
25.6146
26.1146
26.6145
27.1146
27.6147
28.1147
28.6458
29.1147
29.6147
30.1145
30.6226
31.1146
31.6146
32.1145
32.6146
33.1146
33.6146
34.1146
34.6146
35.1145
35.628
36.1147
36.6149
37.1146
37.6164
38.1146
38.6147
39.1257
39.6147
40.1146
40.6263
41.1146
41.6183
42.1145
42.6521
43.1147
43.6146
44.1147
44.6146
45.1145
45.6146
46.1459
46.6147
47.1146
47.6207
48.1146
48.6146
49.1312
49.6145
50.1147
50.6145
51.1145
51.6159
52.1177
52.6146
53.1147
53.6146
54.1726
54.6146
55.1145
55.6147
56.1146
56.6146
57.1147
57.6145
58.1145
58.6146
59.1145
59.6146
60.1146
60.6146
61.1146
61.6144
62.1145
62.6146
63.1147
63.6146
64.1146
64.6146
65.1146
65.6145
66.1146
66.6146
67.1147
67.6146
68.1145
68.6689
69.1146
69.6146
70.1145
70.6146
71.1146
71.6289
72.1145
72.6145
73.1147
73.6422
74.1147
74.6146
75.1146
75.6146
76.1418
76.6153
77.1147
77.6146
78.1146
78.6409
79.1146
79.6146
80.1146
80.6146
81.1146
81.6146
82.1147
82.6174
83.1147
83.6315
84.1146
84.6146
85.1311
85.6208
86.1197
86.6146
87.1146
87.6525
88.1146
88.6185
89.1147
89.6146
90.1161
90.6196
91.1146
91.6211
92.1597
92.6153
93.1339
93.6296
94.1253
94.6146
95.1145
95.6223
96.1146
96.6146
97.115
97.6145
98.1145
98.6146
99.1147
99.6197
100.115
100.615
101.115
101.625
102.115
102.615
103.123
103.622
104.115
104.615
105.15
105.668
106.115
106.615
107.115
107.615
108.115
108.62
109.118
109.615
110.168
110.615
111.115
111.621
112.116
112.614
113.115
113.641
114.115
114.615
115.125
115.621
116.115
116.615
117.115
117.624
118.115
118.615
119.154
119.622
120.115
120.631
121.115
121.616
122.185
122.669
123.153
123.624
124.125
124.618
125.115
125.624
126.131
126.615
127.115
127.624
128.115
128.616
129.115
129.623
130.115
130.615
131.115
131.656
132.115
132.615
133.115
133.623
134.117
134.624
135.117
135.632
136.117
136.62
137.116
137.629
138.122
138.618
139.161
139.624
140.119
140.617
141.126
141.656
142.117
142.626
143.117
143.617
144.118
144.626
145.117
145.616
146.119
146.636
147.12
147.629
148.119
148.664
149.118
149.623
150.12
150.627
151.126
151.619
152.127
152.626
153.137
153.619
154.141
154.641
155.123
155.623
156.125
156.665
157.125
157.622
158.129
158.636
159.126
159.639
160.126
160.626
161.126
161.634
162.126
162.626
163.126
163.636
164.126
164.626
165.125
165.633
166.126
166.626
167.126
167.635
168.127
168.636
169.126
169.635
170.125
170.625
171.125
171.633
172.125
172.626
173.125
173.679
174.127
174.636
175.127
175.625
176.125
176.64
177.126
177.625
178.125
178.635
179.125
179.625
180.143
180.626
181.126
181.634
182.154
182.626
183.125
183.635
184.148
184.639
185.137
185.633
186.125
186.628
187.126
187.634
188.125
188.627
189.126
189.636
190.128
190.625
191.126
191.627
192.126
192.635
193.125
193.626
194.126
194.635
195.125
195.627
196.127
196.657
197.126
197.627
198.126
198.633
199.125
199.625
200.125
200.631
201.125
201.637
202.127
202.627
203.126
203.69
204.175
204.653
205.152
205.626
206.128
206.636
207.183
207.635
208.139
208.626
209.126
209.627
210.125
210.666
211.18
211.635
212.125
212.628
213.126
213.642
214.129
214.625
215.125
215.635
216.125
216.626
217.127
217.639
218.128
218.625
219.128
219.637
220.127
220.625
221.128
221.635
222.127
222.629
223.127
223.635
224.126
224.627
225.125
225.636
226.127
226.627
227.126
227.64
228.127
228.626
229.125
229.635
230.126
230.626
231.125
231.634
232.125
232.628
233.128
233.635
234.125
234.625
235.127
235.634
236.126
236.628
237.128
237.638
238.129
238.628
239.128
239.636
240.127
240.627
241.125
241.633
242.125
242.628
243.125
243.636
244.125
244.625
245.127
245.634
246.13
246.628
247.128
247.636
248.127
248.628
249.127
249.633
250.125
250.628
251.128
251.635
252.126
252.627
253.127
253.634
254.129
254.625
255.128
255.634
256.128
256.625
257.127
257.633
258.127
258.625
259.128
259.634
260.126
260.628
261.127
261.634
262.128
262.627
263.125
263.635
264.126
264.626
265.126
265.636
266.127
266.627
267.125
267.636
268.126
268.627
269.128
269.64
270.127
270.628
271.128
271.635
272.128
272.628
273.125
273.639
274.127
274.628
275.126
275.637
276.128
276.628
277.127
277.635
278.129
278.628
279.125
279.634
280.127
280.629
281.125
281.637
282.129
282.625
283.128
283.635
284.125
284.628
285.125
285.635
286.125
286.627
287.125
287.639
288.125
288.627
289.126
289.635
290.128
290.627
291.127
291.632
292.125
292.626
293.126
293.633
294.128
294.625
295.127
295.635
296.126
296.628
297.125
297.634
298.127
298.625
299.127
299.635
300.125
300.626
301.125
301.642
302.127
302.625
303.128
303.636
304.128
304.625
305.127
305.635
306.125
306.627
307.126
307.633
308.127
308.628
309.125
309.635
310.126
310.627
311.127
311.633
312.128
312.628
313.129
313.634
314.126
314.627
315.127
315.645
316.129
316.625
317.128
317.638
318.128
318.626
319.127
319.636
320.126
320.63
321.127
321.635
322.128
322.626
323.125
323.634
324.128
324.627
325.126
325.634
326.128
326.626
327.128
327.634
328.128
328.628
329.125
329.636
330.126
330.627
331.125
331.632
332.125
332.627
333.127
333.634
334.128
334.628
335.128
335.635
336.126
336.626
337.125
337.637
338.126
338.629
339.128
339.642
340.127
340.628
341.125
341.636
342.127
342.629
343.128
343.639
344.129
344.627
345.128
345.636
346.127
346.626
347.126
347.634
348.126
348.625
349.126
349.635
350.127
350.629
351.125
351.634
352.127
352.629
353.125
353.632
354.128
354.628
355.126
355.634
356.125
356.627
357.125
357.635
358.127
358.627
359.128
359.637
360.128
360.626
361.126
361.641
362.129
362.628
363.127
363.636
364.126
364.626
365.127
365.632
366.128
366.626
367.125
367.636
368.128
368.627
369.126
369.632
370.128
370.626
371.129
371.636
372.125
372.627
373.127
373.635
374.127
374.625
375.128
375.635
376.125
376.627
377.127
377.637
378.127
378.627
379.126
379.635
380.126
380.626
381.128
381.634
382.126
382.625
383.127
383.634
384.128
384.628
385.125
385.636
386.127
386.627
387.127
387.633
388.127
388.627
389.126
389.635
390.126
390.628
391.125
391.633
392.127
392.627
393.125
393.637
394.128
394.629
395.126
395.638
396.126
396.627
397.127
397.643
398.128
398.628
399.126
399.644
400.126
400.627
401.128
401.634
402.125
402.626
403.127
403.635
404.127
404.626
405.125
405.64
406.128
406.627
407.128
407.635
408.125
408.629
409.127
409.636
410.127
410.626
411.129
411.638
412.125
412.627
413.127
413.633
414.127
414.626
415.128
415.634
416.128
416.628
417.127
417.635
418.129
418.628
419.128
419.636
420.125
420.627
421.127
421.634
422.126
422.627
423.126
423.637
424.127
424.627
425.127
425.645
426.127
426.628
427.127
427.636
428.127
428.628
429.125
429.642
430.125
430.627
431.126
431.636
432.128
432.628
433.128
433.636
434.126
434.625
435.127
435.633
436.125
436.627
437.128
437.635
438.128
438.626
439.125
439.636
440.129
440.626
441.126
441.634
442.125
442.626
443.125
443.636
444.126
444.625
445.127
445.633
446.125
446.627
447.125
447.634
448.127
448.625
449.125
449.636
450.127
450.625
451.127
451.635
452.128
452.627
453.128
453.637
454.125
454.625
455.128
455.634
456.127
456.626
457.125
457.637
458.127
458.627
459.126
459.635
460.126
460.628
461.128
461.633
462.127
462.626
463.125
463.635
464.125
464.626
465.127
465.635
466.127
466.626
467.125
467.634
468.127
468.627
469.126
469.636
470.128
470.627
471.125
471.636
472.128
472.629
473.128
473.636
474.127
474.626
475.125
475.633
476.128
476.627
477.127
477.635
478.126
478.627
479.127
479.633
480.125
480.627
481.127
481.636
482.125
482.627
483.127
483.635
484.125
484.627
485.127
485.638
486.127
486.628
487.127
487.635
488.125
488.627
489.128
489.635
490.126
490.626
491.126
491.637
492.128
492.627
493.127
493.634
494.126
494.627
495.126
495.634
496.129
496.627
497.127
497.635
498.126
498.626
499.127
499.633
500.125
500.628
501.125
501.638
502.125
502.627
503.128
503.633
504.127
504.628
505.128
505.635
506.125
506.627
507.127
507.633
508.125
508.627
509.125
509.636
510.128
510.627
511.125
511.635
512.128
512.628
513.128
513.634
514.128
514.626
515.126
515.635
516.125
516.628
517.126
517.637
518.125
518.625
519.127
519.637
520.126
520.626
521.126
521.634
522.127
522.629
523.128
523.641
524.129
524.627
525.126
525.635
526.127
526.625
527.127
527.635
528.127
528.629
529.125
529.634
530.127
530.627
531.128
531.637
532.125
532.626
533.127
533.635
534.128
534.625
535.126
535.635
536.128
536.628
537.127
537.638
538.127
538.627
539.125
539.641
540.128
540.627
541.127
541.633
542.128
542.625
543.128
543.639
544.127
544.626
545.127
545.632
546.125
546.628
547.129
547.635
548.128
548.628
549.126
549.632
550.127
550.626
551.125
551.635
552.126
552.626
553.126
553.636
554.126
554.626
555.128
555.636
556.125
556.627
557.126
557.633
558.128
558.626
559.128
559.634
560.125
560.627
561.128
561.641
562.128
562.628
563.128
563.649
564.125
564.626
565.128
565.633
566.128
566.626
567.126
567.634
568.126
568.625
569.125
569.634
570.126
570.626
571.128
571.636
572.127
572.627
573.125
573.634
574.127
574.626
575.126
575.634
576.127
576.627
577.125
577.638
578.128
578.627
579.126
579.636
580.125
580.625
581.127
581.633
582.125
582.627
583.128
583.632
584.125
584.625
585.127
585.633
586.128
586.628
587.127
587.635
588.125
588.627
589.126
589.635
590.125
590.626
591.129
591.635
592.125
592.627
593.127
593.633
594.125
594.628
595.126
595.634
596.125
596.625
597.126
597.633
598.127
598.629
599.127
599.635
600.125
600.627
601.126
601.637
602.126
602.629
603.127
603.635
604.127
604.628
605.128
605.637
606.128
606.628
607.126
607.641
608.127
608.626
609.126
609.635
610.125
610.628
611.125
611.636
612.126
612.627
613.126
613.639
614.125
614.625
615.126
615.634
616.127
616.629
617.128
617.637
618.126
618.626
619.125
619.634
620.128
620.629
621.127
621.636
622.129
622.626
623.128
623.635
624.127
624.628
625.126
625.634
626.125
626.628
627.126
627.636
628.126
628.628
629.127
629.636
630.129
630.627
631.126
631.633
632.125
632.625
633.129
633.639
634.125
634.625
635.125
635.636
636.126
636.628
637.127
637.632
638.127
638.625
639.126
639.642
640.126
640.627
641.127
641.636
642.127
642.628
643.127
643.635
644.128
644.628
645.126
645.633
646.128
646.626
647.126
647.633
648.127
648.626
649.127
649.638
650.128
650.627
651.125
651.633
652.125
652.625
653.127
653.634
654.128
654.626
655.129
655.636
656.128
656.629
657.128
657.634
658.126
658.627
659.125
659.637
660.127
660.627
661.126
661.634
662.127
662.626
663.128
663.635
664.128
664.629
665.127
665.647
666.127
666.626
667.128
667.634
668.127
668.628
669.125
669.639
670.127
670.626
671.127
671.635
672.126
672.625
673.125
673.636
674.127
674.625
675.127
675.636
676.126
676.629
677.127
677.637
678.129
678.627
679.128
679.637
680.127
680.628
681.126
681.642
682.127
682.626
683.127
683.633
684.126
684.628
685.127
685.634
686.125
686.628
687.128
687.637
688.127
688.628
689.128
689.635
690.125
690.626
691.126
691.636
692.126
692.626
693.126
693.635
694.127
694.627
695.127
695.636
696.127
696.629
697.128
697.641
698.127
698.627
699.127
699.632
700.128
700.626
701.125
701.638
702.128
702.628
703.125
703.636
704.126
704.625
705.129
705.636
706.129
706.626
707.127
707.633
708.125
708.625
709.127
709.635
710.126
710.627
711.126
711.636
712.127
712.626
713.126
713.634
714.125
714.626
715.127
715.641
716.128
716.626
717.126
717.634
718.128
718.628
719.127
719.635
720.129
720.627
721.128
721.638
722.126
722.629
723.128
723.635
724.125
724.627
725.127
725.634
726.128
726.627
727.128
727.634
728.125
728.627
729.126
729.636
730.127
730.628
731.125
731.634
732.126
732.627
733.127
733.634
734.127
734.627
735.127
735.641
736.129
736.628
737.126
737.636
738.126
738.628
739.127
739.634
740.127
740.628
741.125
741.635
742.128
742.628
743.126
743.635
744.125
744.628
745.128
745.635
746.126
746.627
747.126
747.634
748.125
748.626
749.128
749.638
750.126
750.628
751.128
751.635
752.125
752.625
753.125
753.639
754.127
754.626
755.127
755.633
756.128
756.629
757.127
757.634
758.125
758.625
759.126
759.636
760.128
760.628
761.127
761.635
762.126
762.627
763.126
763.636
764.127
764.628
765.126
765.634
766.126
766.625
767.127
767.633
768.126
768.627
769.126
769.633
770.126
770.629
771.125
771.637
772.127
772.626
773.127
773.636
774.126
774.625
775.126
775.641
776.127
776.626
777.129
777.634
778.128
778.629
779.127
779.641
780.127
780.625
781.126
781.635
782.126
782.629
783.125
783.636
784.127
784.628
785.125
785.636
786.126
786.627
787.127
787.634
788.125
788.628
789.129
789.633
790.126
790.627
791.128
791.636
792.125
792.625
793.126
793.635
794.126
794.626
795.126
795.636
796.128
796.625
797.125
797.642
798.127
798.626
799.126
799.635
800.126
800.629
801.126
801.636
802.129
802.627
803.128
803.636
804.128
804.627
805.127
805.641
806.125
806.628
807.127
807.638
808.128
808.628
809.128
809.635
810.125
810.626
811.127
811.634
812.127
812.625
813.129
813.643
814.126
814.627
815.127
815.634
816.127
816.626
817.126
817.635
818.128
818.625
819.125
819.634
820.128
820.625
821.125
821.635
822.128
822.625
823.128
823.637
824.127
824.627
825.128
825.635
826.127
826.625
827.127
827.634
828.128
828.625
829.127
829.635
830.127
830.626
831.127
831.635
832.128
832.627
833.126
833.635
834.126
834.626
835.125
835.635
836.126
836.626
837.126
837.634
838.127
838.626
839.125
839.634
840.126
840.627
841.127
841.634
842.125
842.626
843.127
843.634
844.125
844.628
845.128
845.636
846.127
846.628
847.128
847.635
848.125
848.626
849.127
849.634
850.128
850.629
851.128
851.634
852.125
852.628
853.126
853.634
854.127
854.628
855.125
855.636
856.126
856.626
857.127
857.635
858.125
858.625
859.125
859.633
860.127
860.627
861.126
861.634
862.127
862.629
863.125
863.634
864.125
864.626
865.126
865.634
866.127
866.626
867.125
867.634
868.126
868.625
869.127
869.645
870.126
870.626
871.127
871.634
872.126
872.628
873.128
873.636
874.127
874.627
875.127
875.634
876.127
876.625
877.127
877.647
878.127
878.629
879.125
879.635
880.126
880.626
881.126
881.633
882.126
882.627
883.127
883.633
884.127
884.627
885.126
885.636
886.129
886.629
887.125
887.635
888.125
888.628
889.126
889.639
890.127
890.628
891.125
891.633
892.127
892.628
893.125
893.635
894.127
894.629
895.126
895.633
896.127
896.628
897.129
897.635
898.125
898.626
899.127
899.643
900.127
900.626
901.127
901.634
902.128
902.627
903.126
903.64
904.129
904.625
905.128
905.635
906.126
906.627
907.129
907.636
908.128
908.627
909.125
909.634
910.127
910.626
911.129
911.643
912.128
912.625
913.126
913.637
914.127
914.626
915.129
915.635
916.126
916.626
917.127
917.634
918.127
918.626
919.125
919.635
920.125
920.627
921.126
921.632
922.125
922.628
923.125
923.633
924.127
924.627
925.126
925.642
926.128
926.627
927.126
927.634
928.125
928.628
929.128
929.638
930.127
930.628
931.127
931.634
932.128
932.628
933.126
933.637
934.125
934.625
935.125
935.634
936.126
936.627
937.125
937.636
938.128
938.625
939.128
939.636
940.126
940.627
941.129
941.635
942.129
942.628
943.128
943.636
944.128
944.626
945.127
945.635
946.125
946.629
947.128
947.635
948.125
948.628
949.128
949.636
950.127
950.627
951.126
951.637
952.129
952.626
953.125
953.638
954.128
954.629
955.127
955.639
956.126
956.625
957.125
957.633
958.125
958.628
959.126
959.638
960.128
960.628
961.128
961.635
962.125
962.626
963.127
963.637
964.126
964.629
965.127
965.636
966.128
966.627
967.126
967.635
968.125
968.626
969.125
969.636
970.129
970.626
971.127
971.636
972.127
972.627
973.125
973.635
974.127
974.626
975.128
975.637
976.127
976.626
977.126
977.64
978.125
978.628
979.125
979.639
980.126
980.625
981.128
981.634
982.126
982.627
983.125
983.635
984.126
984.627
985.127
985.633
986.127
986.626
987.127
987.635
988.127
988.627
989.126
989.637
990.126
990.625
991.127
991.635
992.128
992.626
993.125
993.635
994.127
994.625
995.128
995.636
996.129
996.625
997.128
997.635
998.126
998.629
999.127
999.637
1000.13
1000.63
1001.13
1001.64
1002.13
1002.63
1003.13
1003.64
1004.13
1004.63
1005.13
1005.64
1006.13
1006.62
1007.13
1007.64
1008.13
1008.63
1009.13
1009.63
1010.13
1010.63
1011.13
1011.63
1012.13
1012.63
1013.13
1013.63
1014.13
1014.63
1015.13
1015.64
1016.13
1016.63
1017.13
1017.64
1018.13
1018.62
1019.13
1019.64
1020.13
1020.63
1021.13
1021.63
1022.13
1022.63
1023.13
1023.64
1024.13
1024.63
1025.13
1025.64
1026.13
1026.63
1027.13
1027.65
1028.13
1028.63
1029.13
1029.64
1030.13
1030.63
1031.13
1031.64
1032.13
1032.63
1033.13
1033.63
1034.13
1034.63
1035.13
1035.63
1036.13
1036.63
1037.13
1037.64
1038.13
1038.63
1039.13
1039.63
1040.13
1040.63
1041.13
1041.64
1042.13
1042.63
1043.13
1043.64
1044.13
1044.63
1045.13
1045.64
1046.13
1046.63
1047.13
1047.64
1048.13
1048.63
1049.13
1049.64
1050.13
1050.63
1051.13
1051.64
1052.13
1052.63
1053.13
1053.64
1054.13
1054.63
1055.13
1055.64
1056.13
1056.63
1057.13
1057.64
1058.13
1058.63
1059.13
1059.64
1060.13
1060.63
1061.13
1061.63
1062.13
1062.63
1063.13
1063.63
1064.13
1064.63
1065.13
1065.64
1066.13
1066.63
1067.13
1067.63
1068.13
1068.63
1069.13
1069.64
1070.13
1070.63
1071.13
1071.63
1072.13
1072.63
1073.13
1073.63
1074.13
1074.63
1075.13
1075.64
1076.13
1076.63
1077.13
1077.63
1078.13
1078.63
1079.13
1079.63
1080.13
1080.63
1081.12
1081.63
1082.13
1082.63
1083.13
1083.63
1084.13
1084.62
1085.12
1085.63
1086.12
1086.63
1087.13
1087.64
1088.13
1088.63
1089.13
1089.63
1090.13
1090.63
1091.13
1091.63
1092.12
1092.63
1093.13
1093.64
1094.13
1094.63
1095.13
1095.64
1096.13
1096.63
1097.13
1097.63
1098.13
1098.63
1099.13
1099.64
1100.13
1100.63
1101.13
1101.63
1102.12
1102.63
1103.13
1103.63
1104.13
1104.63
1105.13
1105.64
1106.12
1106.63
1107.13
1107.64
1108.13
1108.63
1109.13
1109.64
1110.13
1110.63
1111.13
1111.64
1112.13
1112.63
1113.13
1113.64
1114.13
1114.63
1115.13
1115.63
1116.13
1116.62
1117.13
1117.64
1118.13
1118.63
1119.13
1119.63
1120.13
1120.63
1121.13
1121.64
1122.13
1122.63
1123.13
1123.64
1124.13
1124.63
1125.13
1125.63
1126.13
1126.63
1127.13
1127.63
1128.13
1128.63
1129.13
1129.63
1130.13
1130.63
1131.13
1131.64
1132.13
1132.63
1133.12
1133.64
1134.13
1134.63
1135.13
1135.63
1136.13
1136.62
1137.13
1137.63
1138.13
1138.63
1139.13
1139.63
1140.13
1140.63
1141.13
1141.63
1142.13
1142.63
1143.13
1143.64
1144.13
1144.63
1145.12
1145.63
1146.12
1146.63
1147.13
1147.64
1148.13
1148.63
1149.13
1149.64
1150.13
1150.63
1151.13
1151.64
1152.13
1152.63
1153.13
1153.64
1154.13
1154.63
1155.13
1155.64
1156.13
1156.63
1157.13
1157.64
1158.13
1158.63
1159.13
1159.63
1160.12
1160.63
1161.13
1161.64
1162.13
1162.63
1163.12
1163.63
1164.13
1164.63
1165.13
1165.64
1166.13
1166.63
1167.13
1167.64
1168.13
1168.63
1169.13
1169.63
1170.13
1170.63
1171.13
1171.64
1172.13
1172.63
1173.13
1173.63
1174.13
1174.63
1175.13
1175.63
1176.13
1176.63
1177.13
1177.64
1178.13
1178.63
1179.13
1179.63
1180.13
1180.63
1181.13
1181.64
1182.12
1182.63
1183.13
1183.63
1184.13
1184.63
1185.13
1185.63
1186.13
1186.63
1187.13
1187.63
1188.13
1188.63
1189.13
1189.64
1190.13
1190.63
1191.13
1191.64
1192.12
1192.63
1193.12
1193.64
1194.13
1194.63
1195.13
1195.64
1196.13
1196.63
1197.12
1197.64
1198.12
1198.63
1199.13
1199.64
1200.13
1200.63
1201.13
1201.63
1202.13
1202.63
1203.13
1203.63
1204.13
1204.63
1205.13
1205.64
1206.13
1206.63
1207.13
1207.64
1208.13
1208.63
1209.13
1209.63
1210.13
1210.63
1211.13
1211.63
1212.13
1212.63
1213.13
1213.64
1214.13
1214.63
1215.13
1215.63
1216.13
1216.63
1217.13
1217.63
1218.12
1218.63
1219.13
1219.63
1220.13
1220.63
1221.13
1221.64
1222.13
1222.63
1223.13
1223.64
1224.13
1224.63
1225.13
1225.63
1226.13
1226.63
1227.13
1227.64
1228.13
1228.63
1229.13
1229.63
1230.13
1230.63
1231.13
1231.64
1232.13
1232.63
1233.13
1233.64
1234.13
1234.63
1235.13
1235.63
1236.13
1236.63
1237.13
1237.63
1238.13
1238.63
1239.13
1239.64
1240.13
1240.63
1241.13
1241.63
1242.13
1242.63
1243.13
1243.63
1244.13
1244.63
1245.13
1245.64
1246.13
1246.63
1247.13
1247.63
1248.13
1248.63
1249.13
1249.63
1250.12
1250.63
1251.12
1251.63
1252.13
1252.63
1253.13
1253.63
1254.13
1254.63
1255.13
1255.63
1256.13
1256.63
1257.13
1257.64
1258.13
1258.63
1259.13
1259.64
1260.13
1260.63
1261.12
1261.63
1262.13
1262.63
1263.13
1263.63
1264.13
1264.63
1265.13
1265.63
1266.13
1266.63
1267.13
1267.63
1268.13
1268.63
1269.12
1269.63
1270.13
1270.63
1271.13
1271.64
1272.13
1272.63
1273.13
1273.64
1274.13
1274.62
1275.13
1275.63
1276.13
1276.62
1277.13
1277.63
1278.13
1278.63
1279.13
1279.64
1280.13
1280.63
1281.13
1281.64
1282.13
1282.63
1283.13
1283.64
1284.13
1284.63
1285.13
1285.63
1286.12
1286.63
1287.13
1287.63
1288.13
1288.63
1289.13
1289.63
1290.13
1290.63
1291.13
1291.64
1292.13
1292.63
1293.13
1293.64
1294.13
1294.63
1295.13
1295.64
1296.13
1296.63
1297.13
1297.63
1298.12
1298.63
1299.12
1299.63
1300.13
1300.63
1301.13
1301.63
1302.13
1302.63
1303.13
1303.64
1304.13
1304.63
1305.13
1305.64
1306.13
1306.63
1307.12
1307.64
1308.13
1308.63
1309.13
1309.63
1310.13
1310.63
1311.13
1311.64
1312.13
1312.62
1313.13
1313.64
1314.13
1314.63
1315.13
1315.64
1316.13
1316.63
1317.13
1317.63
1318.13
1318.63
1319.13
1319.64
1320.13
1320.62
1321.13
1321.64
1322.13
1322.63
1323.13
1323.64
1324.13
1324.63
1325.13
1325.63
1326.12
1326.62
1327.13
1327.64
1328.13
1328.63
1329.13
1329.63
1330.13
1330.63
1331.13
1331.64
1332.13
1332.63
1333.13
1333.64
1334.12
1334.63
1335.13
1335.64
1336.13
1336.63
1337.13
1337.63
1338.12
1338.63
1339.13
1339.64
1340.13
1340.63
1341.13
1341.64
1342.13
1342.63
1343.13
1343.63
1344.13
1344.63
1345.13
1345.63
1346.13
1346.63
1347.13
1347.64
1348.13
1348.63
1349.13
1349.63
1350.13
1350.63
1351.13
1351.64
1352.13
1352.63
1353.13
1353.63
1354.13
1354.63
1355.13
1355.63
1356.13
1356.62
1357.13
1357.63
1358.12
1358.63
1359.13
1359.63
1360.13
1360.63
1361.13
1361.63
1362.13
1362.63
1363.13
1363.64
1364.13
1364.63
1365.13
1365.64
1366.13
1366.63
1367.13
1367.63
1368.13
1368.63
1369.13
1369.64
1370.13
1370.63
1371.13
1371.64
1372.13
1372.63
1373.13
1373.64
1374.13
1374.63
1375.13
1375.63
1376.13
1376.63
1377.13
1377.63
1378.13
1378.63
1379.13
1379.63
1380.13
1380.63
1381.13
1381.63
1382.13
1382.63
1383.13
1383.63
1384.13
1384.63
1385.13
1385.63
1386.13
1386.63
1387.13
1387.63
1388.13
1388.63
1389.13
1389.64
1390.13
1390.63
1391.13
1391.63
1392.13
1392.63
1393.13
1393.64
1394.13
1394.63
1395.13
1395.63
1396.13
1396.63
1397.13
1397.63
1398.13
1398.63
1399.13
1399.63
1400.13
1400.63
1401.13
1401.63
1402.13
1402.63
1403.13
1403.63
1404.13
1404.63
1405.13
1405.64
1406.13
1406.63
1407.13
1407.63
1408.13
1408.63
1409.13
1409.63
1410.13
1410.63
1411.13
1411.64
1412.13
1412.63
1413.12
1413.64
1414.12
1414.63
1415.13
1415.64
1416.13
1416.63
1417.13
1417.64
1418.12
1418.63
1419.13
1419.64
1420.13
1420.63
1421.13
1421.64
1422.13
1422.63
1423.13
1423.63
1424.13
1424.63
1425.12
1425.64
1426.13
1426.63
1427.13
1427.64
1428.13
1428.63
1429.13
1429.64
1430.13
1430.63
1431.13
1431.64
1432.13
1432.63
1433.13
1433.63
1434.13
1434.63
1435.13
1435.63
1436.12
1436.63
1437.13
1437.64
1438.13
1438.63
1439.13
1439.63
1440.13
1440.63
1441.13
1441.64
1442.13
1442.63
1443.13
1443.64
1444.13
1444.63
1445.13
1445.64
1446.13
1446.63
1447.13
1447.64
1448.13
1448.62
1449.13
1449.64
1450.13
1450.63
1451.13
1451.64
1452.12
1452.63
1453.13
1453.63
1454.13
1454.63
1455.13
1455.63
1456.13
1456.63
1457.13
1457.64
1458.13
1458.63
1459.13
1459.63
1460.13
1460.63
1461.13
1461.64
1462.13
1462.63
1463.13
1463.63
1464.13
1464.63
1465.13
1465.64
1466.13
1466.63
1467.13
1467.64
1468.13
1468.63
1469.13
1469.63
1470.13
1470.63
1471.13
1471.63
1472.13
1472.63
1473.13
1473.63
1474.13
1474.63
1475.13
1475.64
1476.13
1476.63
1477.13
1477.63
1478.13
1478.63
1479.13
1479.63
1480.13
1480.63
1481.13
1481.63
1482.12
1482.63
1483.13
1483.63
1484.13
1484.63
1485.12
1485.64
1486.13
1486.63
1487.13
1487.63
1488.13
1488.63
1489.13
1489.64
1490.13
1490.63
1491.13
1491.63
1492.13
1492.63
1493.13
1493.63
1494.13
1494.63
1495.13
1495.63
1496.13
1496.63
1497.13
1497.63
1498.13
1498.63
1499.13
1499.64
1500.13
1500.63
1501.13
1501.63
1502.13
1502.63
1503.13
1503.63
1504.12
1504.63
1505.13
1505.64
1506.13
1506.63
1507.13
1507.63
1508.13
1508.63
1509.13
1509.63
1510.13
1510.63
1511.13
1511.64
1512.13
1512.63
1513.13
1513.64
1514.13
1514.63
1515.13
1515.64
1516.13
1516.63
1517.13
1517.63
1518.13
1518.63
1519.13
1519.63
1520.13
1520.63
1521.13
1521.63
1522.13
1522.63
1523.13
1523.64
1524.13
1524.63
1525.13
1525.63
1526.13
1526.63
1527.13
1527.64
1528.13
1528.63
1529.13
1529.64
1530.13
1530.63
1531.13
1531.63
1532.13
1532.63
1533.13
1533.64
1534.13
1534.63
1535.13
1535.64
1536.13
1536.63
1537.13
1537.63
1538.13
1538.63
1539.13
1539.63
1540.13
1540.63
1541.12
1541.63
1542.13
1542.63
1543.13
1543.63
1544.13
1544.63
1545.13
1545.64
1546.13
1546.63
1547.13
1547.64
1548.13
1548.63
1549.13
1549.63
1550.13
1550.63
1551.13
1551.63
1552.13
1552.63
1553.13
1553.63
1554.13
1554.63
1555.13
1555.64
1556.13
1556.63
1557.13
1557.63
1558.12
1558.63
1559.13
1559.64
1560.13
1560.63
1561.13
1561.63
1562.13
1562.63
1563.13
1563.64
1564.13
1564.63
1565.13
1565.63
1566.12
1566.63
1567.13
1567.64
1568.12
1568.62
1569.13
1569.63
1570.13
1570.63
1571.13
1571.63
1572.13
1572.63
1573.13
1573.63
1574.13
1574.63
1575.12
1575.64
1576.13
1576.63
1577.13
1577.63
1578.12
1578.63
1579.13
1579.63
1580.13
1580.63
1581.13
1581.63
1582.13
1582.63
1583.13
1583.63
1584.12
1584.63
1585.13
1585.64
1586.13
1586.63
1587.12
1587.63
1588.13
1588.63
1589.13
1589.64
1590.13
1590.63
1591.13
1591.63
1592.12
1592.62
1593.13
1593.63
1594.13
1594.63
1595.13
1595.64
1596.13
1596.63
1597.13
1597.64
1598.13
1598.63
1599.13
1599.63
1600.13
1600.63
1601.13
1601.64
1602.13
1602.63
1603.13
1603.63
1604.13
1604.63
1605.12
1605.64
1606.13
1606.63
1607.12
1607.63
1608.13
1608.63
1609.13
1609.64
1610.13
1610.63
1611.13
1611.63
1612.13
1612.63
1613.13
1613.64
1614.13
1614.63
1615.12
1615.63
1616.13
1616.63
1617.13
1617.64
1618.13
1618.63
1619.13
1619.63
1620.13
1620.63
1621.13
1621.64
1622.13
1622.63
1623.13
1623.64
1624.13
1624.63
1625.13
1625.64
1626.13
1626.63
1627.13
1627.64
1628.13
1628.63
1629.13
1629.64
1630.13
1630.63
1631.13
1631.64
1632.13
1632.63
1633.12
1633.64
1634.13
1634.63
1635.13
1635.63
1636.13
1636.63
1637.13
1637.63
1638.13
1638.63
1639.13
1639.63
1640.13
1640.63
1641.13
1641.63
1642.13
1642.63
1643.13
1643.64
1644.13
1644.62
1645.13
1645.63
1646.13
1646.63
1647.13
1647.64
1648.13
1648.63
1649.13
1649.64
1650.13
1650.63
1651.13
1651.65
1652.13
1652.63
1653.13
1653.64
1654.13
1654.63
1655.13
1655.63
1656.13
1656.63
1657.13
1657.63
1658.13
1658.63
1659.12
1659.63
1660.13
1660.63
1661.13
1661.64
1662.13
1662.63
1663.13
1663.64
1664.13
1664.63
1665.13
1665.64
1666.13
1666.63
1667.13
1667.63
1668.13
1668.63
1669.13
1669.64
1670.13
1670.63
1671.13
1671.63
1672.12
1672.63
1673.12
1673.63
1674.13
1674.63
1675.13
1675.64
1676.13
1676.63
1677.13
1677.63
1678.13
1678.63
1679.13
1679.64
1680.13
1680.63
1681.13
1681.63
1682.13
1682.63
1683.13
1683.63
1684.13
1684.63
1685.13
1685.63
1686.13
1686.63
1687.13
1687.64
1688.13
1688.63
1689.13
1689.64
1690.13
1690.63
1691.13
1691.64
1692.13
1692.63
1693.13
1693.64
1694.13
1694.63
1695.13
1695.64
1696.13
1696.63
1697.13
1697.63
1698.13
1698.63
1699.13
1699.64
1700.13
1700.63
1701.13
1701.64
1702.13
1702.63
1703.13
1703.64
1704.13
1704.63
1705.12
1705.63
1706.13
1706.63
1707.13
1707.63
1708.13
1708.63
1709.13
1709.64
1710.13
1710.63
1711.13
1711.63
1712.13
1712.63
1713.13
1713.64
1714.13
1714.62
1715.13
1715.63
1716.13
1716.63
1717.13
1717.64
1718.13
1718.63
1719.13
1719.64
1720.13
1720.63
1721.13
1721.64
1722.13
1722.63
1723.13
1723.63
1724.13
1724.63
1725.13
1725.63
1726.13
1726.63
1727.13
1727.64
1728.12
1728.63
1729.13
1729.63
1730.13
1730.62
1731.13
1731.64
1732.13
1732.63
1733.13
1733.63
1734.13
1734.63
1735.13
1735.63
1736.13
1736.63
1737.13
1737.64
1738.13
1738.63
1739.13
1739.64
1740.13
1740.63
1741.13
1741.63
1742.13
1742.63
1743.13
1743.63
1744.13
1744.63
1745.13
1745.63
1746.13
1746.63
1747.13
1747.63
1748.13
1748.63
1749.13
1749.64
1750.13
1750.63
1751.13
1751.64
1752.13
1752.63
1753.13
1753.64
1754.13
1754.63
1755.13
1755.64
1756.13
1756.63
1757.13
1757.64
1758.13
1758.63
1759.13
1759.64
1760.13
1760.63
1761.13
1761.64
1762.12
1762.63
1763.13
1763.64
1764.13
1764.63
1765.13
1765.63
1766.13
1766.63
1767.12
1767.63
1768.13
1768.63
1769.13
1769.63
1770.13
1770.63
1771.13
1771.63
1772.13
1772.63
1773.13
1773.63
1774.13
1774.63
1775.13
1775.64
1776.13
1776.63
1777.13
1777.63
1778.12
1778.63
1779.13
1779.63
1780.13
1780.63
1781.13
1781.64
1782.13
1782.63
1783.13
1783.63
1784.13
1784.63
1785.13
1785.64
1786.13
1786.63
1787.12
1787.64
1788.13
1788.63
1789.13
1789.64
1790.13
1790.63
1791.13
1791.64
1792.13
1792.63
1793.13
1793.63
1794.13
1794.63
1795.13
1795.64
1796.13
1796.63
1797.13
1797.64
1798.13
1798.63
1799.13
1799.63
1800.13
1800.63
1801.13
1801.63
1802.13
1802.63
1803.13
1803.64
1804.13
1804.63
1805.13
1805.63
1806.13
1806.63
1807.13
1807.63
1808.13
1808.63
1809.13
1809.64
1810.13
1810.63
1811.13
1811.63
1812.13
1812.63
1813.13
1813.64
1814.13
1814.63
1815.13
1815.64
1816.13
1816.63
1817.12
1817.63
1818.13
1818.63
1819.13
1819.63
1820.13
1820.63
1821.13
1821.63
1822.13
1822.63
1823.13
1823.63
1824.13
1824.63
1825.13
1825.63
1826.13
1826.63
1827.13
1827.64
1828.13
1828.63
1829.13
1829.64
1830.13
1830.63
1831.13
1831.64
1832.13
1832.63
1833.13
1833.63
1834.13
1834.63
1835.13
1835.63
1836.13
1836.63
1837.13
1837.64
1838.13
1838.63
1839.13
1839.64
1840.12
1840.63
1841.13
1841.64
1842.13
1842.63
1843.13
1843.64
1844.13
1844.63
1845.13
1845.64
1846.12
1846.63
1847.13
1847.63
1848.13
1848.63
1849.12
1849.64
1850.13
1850.63
1851.13
1851.64
1852.13
1852.63
1853.13
1853.63
1854.13
1854.63
1855.13
1855.63
1856.13
1856.63
1857.13
1857.63
1858.13
1858.63
1859.13
1859.64
1860.13
1860.63
1861.13
1861.63
1862.13
1862.63
1863.13
1863.65
1864.13
1864.63
1865.13
1865.63
1866.12
1866.63
1867.13
1867.63
1868.13
1868.63
1869.13
1869.64
1870.13
1870.63
1871.13
1871.64
1872.13
1872.63
1873.13
1873.63
1874.13
1874.63
1875.13
1875.64
1876.12
1876.63
1877.13
1877.63
1878.13
1878.63
1879.13
1879.63
1880.13
1880.63
1881.13
1881.63
1882.13
1882.63
1883.13
1883.64
1884.13
1884.63
1885.13
1885.64
1886.12
1886.63
1887.13
1887.64
1888.13
1888.63
1889.13
1889.64
1890.13
1890.63
1891.13
1891.64
1892.13
1892.63
1893.13
1893.63
1894.13
1894.63
1895.13
1895.63
1896.13
1896.63
1897.13
1897.64
1898.13
1898.63
1899.12
1899.63
1900.13
1900.63
1901.13
1901.64
1902.13
1902.63
1903.13
1903.63
1904.13
1904.63
1905.13
1905.64
1906.13
1906.63
1907.13
1907.64
1908.13
1908.63
1909.13
1909.63
1910.12
1910.63
1911.13
1911.64
1912.13
1912.63
1913.13
1913.64
1914.13
1914.63
1915.13
1915.64
1916.13
1916.63
1917.13
1917.64
1918.13
1918.63
1919.13
1919.63
1920.13
1920.63
1921.13
1921.64
1922.12
1922.63
1923.13
1923.64
1924.13
1924.63
1925.13
1925.64
1926.13
1926.63
1927.13
1927.63
1928.13
1928.63
1929.13
1929.64
1930.13
1930.63
1931.12
1931.64
1932.13
1932.63
1933.13
1933.64
1934.13
1934.63
1935.13
1935.63
1936.13
1936.63
1937.12
1937.63
1938.13
1938.63
1939.13
1939.64
1940.13
1940.63
1941.13
1941.64
1942.12
1942.63
1943.12
1943.64
1944.13
1944.63
1945.13
1945.63
1946.13
1946.63
1947.13
1947.63
1948.13
1948.63
1949.13
1949.64
1950.13
1950.63
1951.12
1951.64
1952.12
1952.63
1953.13
1953.64
1954.13
1954.63
1955.13
1955.63
1956.13
1956.63
1957.13
1957.64
1958.13
1958.63
1959.13
1959.64
1960.13
1960.63
1961.13
1961.64
1962.13
1962.63
1963.13
1963.64
1964.13
1964.63
1965.12
1965.63
1966.13
1966.62
1967.12
1967.63
1968.13
1968.63
1969.13
1969.64
1970.13
1970.63
1971.13
1971.64
1972.13
1972.63
1973.13
1973.63
1974.13
1974.63
1975.13
1975.63
1976.13
1976.63
1977.13
1977.64
1978.13
1978.63
1979.13
1979.64
1980.13
1980.62
1981.13
1981.63
1982.13
1982.63
1983.13
1983.64
1984.13
1984.63
1985.13
1985.63
1986.13
1986.62
1987.13
1987.63
1988.13
1988.63
1989.13
1989.63
1990.13
1990.63
1991.13
1991.64
1992.13
1992.63
1993.13
1993.63
1994.13
1994.63
1995.13
1995.64
1996.12
1996.63
1997.13
1997.63
1998.13
1998.63
1999.13
1999.64
2000.13
2000.63
2001.13
2001.64
2002.13
2002.63
2003.13
2003.63
2004.13
2004.63
2005.13
2005.64
2006.13
2006.63
2007.13
2007.63
2008.13
2008.63
2009.13
2009.64
2010.13
2010.63
2011.13
2011.64
2012.13
2012.63
2013.13
2013.64
2014.13
2014.63
2015.13
2015.64
2016.13
2016.63
2017.13
2017.63
2018.12
2018.63
2019.13
2019.64
2020.13
2020.63
2021.13
2021.64
2022.13
2022.63
2023.13
2023.64
2024.13
2024.63
2025.13
2025.63
2026.13
2026.63
2027.13
2027.64
2028.13
2028.63
2029.13
2029.63
2030.13
2030.63
2031.13
2031.63
2032.13
2032.63
2033.13
2033.64
2034.13
2034.63
2035.13
2035.63
2036.12
2036.63
2037.12
2037.63
2038.13
2038.63
2039.12
2039.64
2040.13
2040.63
2041.13
2041.64
2042.12
2042.63
2043.12
2043.63
2044.13
2044.63
2045.13
2045.63
2046.13
2046.63
2047.13
2047.64
2048.13
2048.63
2049.13
2049.63
2050.13
2050.63
2051.12
2051.63
2052.12
2052.63
2053.13
2053.63
2054.13
2054.63
2055.13
2055.64
2056.13
2056.63
2057.13
2057.63
2058.13
2058.63
2059.13
2059.64
2060.13
2060.63
2061.13
2061.63
2062.13
2062.63
2063.13
2063.64
2064.13
2064.63
2065.13
2065.63
2066.12
2066.63
2067.13
2067.64
2068.13
2068.63
2069.13
2069.64
2070.13
2070.63
2071.12
2071.63
2072.13
2072.63
2073.13
2073.64
2074.13
2074.63
2075.13
2075.63
2076.13
2076.63
2077.13
2077.63
2078.13
2078.63
2079.13
2079.63
2080.13
2080.63
2081.13
2081.64
2082.13
2082.63
2083.13
2083.64
2084.13
2084.63
2085.13
2085.64
2086.13
2086.63
2087.13
2087.64
2088.13
2088.63
2089.13
2089.64
2090.13
2090.63
2091.13
2091.63
2092.12
2092.63
2093.12
2093.64
2094.13
2094.63
2095.13
2095.64
2096.13
2096.63
2097.13
2097.63
2098.13
2098.62
2099.13
2099.63
2100.13
2100.63
2101.13
2101.64
2102.13
2102.63
2103.13
2103.64
2104.12
2104.63
2105.12
2105.63
2106.13
2106.62
2107.13
2107.63
2108.13
2108.63
2109.13
2109.63
2110.13
2110.63
2111.13
2111.64
2112.13
2112.63
2113.12
2113.63
2114.13
2114.63
2115.13
2115.64
2116.13
2116.63
2117.13
2117.63
2118.13
2118.63
2119.13
2119.64
2120.13
2120.63
2121.13
2121.64
2122.13
2122.63
2123.13
2123.63
2124.13
2124.63
2125.12
2125.63
2126.12
2126.63
2127.13
2127.63
2128.13
2128.63
2129.13
2129.64
2130.13
2130.63
2131.13
2131.64
2132.13
2132.63
2133.13
2133.63
2134.13
2134.63
2135.13
2135.64
2136.13
2136.63
2137.13
2137.63
2138.13
2138.63
2139.13
2139.64
2140.13
2140.63
2141.13
2141.63
2142.13
2142.63
2143.13
2143.64
2144.13
2144.63
2145.13
2145.64
2146.13
2146.63
2147.13
2147.63
2148.13
2148.63
2149.13
2149.63
2150.13
2150.63
2151.12
2151.63
2152.13
2152.63
2153.13
2153.64
2154.13
2154.63
2155.13
2155.63
2156.13
2156.63
2157.13
2157.63
2158.13
2158.63
2159.13
2159.64
2160.13
2160.63
2161.13
2161.64
2162.13
2162.63
2163.13
2163.63
2164.13
2164.63
2165.13
2165.63
2166.13
2166.63
2167.13
2167.64
2168.13
2168.63
2169.13
2169.63
2170.13
2170.63
2171.13
2171.64
2172.13
2172.63
2173.13
2173.64
2174.12
2174.63
2175.13
2175.64
2176.13
2176.63
2177.13
2177.63
2178.13
2178.63
2179.13
2179.64
2180.13
2180.63
2181.13
2181.64
2182.13
2182.63
2183.13
2183.64
2184.13
2184.63
2185.13
2185.64
2186.13
2186.63
2187.13
2187.64
2188.13
2188.63
2189.13
2189.64
2190.13
2190.63
2191.13
2191.64
2192.13
2192.63
2193.13
2193.64
2194.13
2194.63
2195.13
2195.63
2196.13
2196.63
2197.13
2197.64
2198.13
2198.63
2199.13
2199.63
2200.13
2200.63
2201.12
2201.63
2202.12
2202.63
2203.13
2203.64
2204.13
2204.63
2205.12
2205.64
2206.12
2206.63
2207.13
2207.63
2208.13
2208.63
2209.13
2209.64
2210.13
2210.63
2211.13
2211.64
2212.13
2212.63
2213.13
2213.63
2214.13
2214.63
2215.13
2215.64
2216.13
2216.63
2217.12
2217.64
2218.13
2218.63
2219.13
2219.64
2220.13
2220.63
2221.13
2221.64
2222.13
2222.63
2223.13
2223.64
2224.13
2224.63
2225.13
2225.63
2226.13
2226.63
2227.13
2227.64
2228.13
2228.63
2229.13
2229.63
2230.13
2230.63
2231.12
2231.63
2232.12
2232.63
2233.13
2233.63
2234.13
2234.63
2235.13
2235.63
2236.13
2236.63
2237.13
2237.64
2238.13
2238.63
2239.13
2239.63
2240.13
2240.63
2241.13
2241.64
2242.13
2242.63
2243.13
2243.63
2244.13
2244.63
2245.13
2245.64
2246.13
2246.63
2247.13
2247.63
2248.13
2248.63
2249.13
2249.63
2250.13
2250.63
2251.13
2251.64
2252.13
2252.63
2253.13
2253.64
2254.13
2254.63
2255.13
2255.63
2256.13
2256.63
2257.13
2257.64
2258.13
2258.63
2259.13
2259.64
2260.13
2260.63
2261.13
2261.63
2262.13
2262.63
2263.13
2263.63
2264.13
2264.63
2265.13
2265.63
2266.13
2266.63
2267.13
2267.64
2268.13
2268.62
2269.13
2269.63
2270.13
2270.63
2271.13
2271.64
2272.13
2272.63
2273.13
2273.63
2274.13
2274.63
2275.13
2275.64
2276.13
2276.63
2277.13
2277.64
2278.12
2278.63
2279.13
2279.64
2280.13
2280.63
2281.13
2281.63
2282.13
2282.63
2283.12
2283.63
2284.13
2284.63
2285.13
2285.63
2286.13
2286.63
2287.13
2287.63
2288.13
2288.63
2289.13
2289.64
2290.13
2290.63
2291.12
2291.64
2292.13
2292.63
2293.13
2293.63
2294.13
2294.63
2295.13
2295.64
2296.13
2296.63
2297.13
2297.63
2298.13
2298.63
2299.13
2299.64
2300.13
2300.63
2301.13
2301.64
2302.13
2302.63
2303.12
2303.63
2304.13
2304.63
2305.13
2305.63
2306.13
2306.63
2307.13
2307.64
2308.13
2308.63
2309.13
2309.64
2310.13
2310.63
2311.13
2311.63
2312.13
2312.63
2313.13
2313.64
2314.13
2314.63
2315.13
2315.63
2316.13
2316.63
2317.13
2317.63
2318.13
2318.63
2319.13
2319.64
2320.13
2320.63
2321.13
2321.64
2322.13
2322.63
2323.12
2323.63
2324.13
2324.63
2325.13
2325.64
2326.13
2326.63
2327.13
2327.64
2328.13
2328.63
2329.13
2329.64
2330.12
2330.63
2331.13
2331.63
2332.13
2332.63
2333.13
2333.64
2334.12
2334.63
2335.13
2335.63
2336.13
2336.63
2337.13
2337.64
2338.13
2338.63
2339.13
2339.63
2340.13
2340.63
2341.13
2341.63
2342.13
2342.63
2343.13
2343.63
2344.12
2344.62
2345.13
2345.63
2346.13
2346.63
2347.13
2347.64
2348.13
2348.63
2349.12
2349.63
2350.13
2350.63
2351.13
2351.64
2352.13
2352.63
2353.13
2353.63
2354.13
2354.63
2355.13
2355.64
2356.12
2356.63
2357.13
2357.64
2358.13
2358.63
2359.12
2359.64
2360.13
2360.63
2361.13
2361.63
2362.13
2362.63
2363.13
2363.63
2364.13
2364.63
2365.13
2365.64
2366.13
2366.63
2367.13
2367.63
2368.13
2368.63
2369.13
2369.64
2370.13
2370.63
2371.13
2371.64
2372.13
2372.63
2373.13
2373.64
2374.13
2374.63
2375.13
2375.63
2376.12
2376.62
2377.13
2377.64
2378.13
2378.63
2379.13
2379.63
2380.13
2380.63
2381.13
2381.63
2382.12
2382.63
2383.13
2383.63
2384.13
2384.63
2385.13
2385.64
2386.13
2386.63
2387.13
2387.63
2388.13
2388.63
2389.13
2389.64
2390.13
2390.63
2391.13
2391.63
2392.13
2392.63
2393.13
2393.64
2394.13
2394.63
2395.13
2395.64
2396.13
2396.63
2397.13
2397.64
2398.13
2398.63
2399.13
2399.64
2400.13
2400.63
2401.13
2401.64
2402.13
2402.63
2403.13
2403.64
2404.13
2404.63
2405.12
2405.63
2406.13
2406.63
2407.13
2407.64
2408.13
2408.63
2409.13
2409.63
2410.13
2410.63
2411.13
2411.64
2412.13
2412.63
2413.13
2413.63
2414.13
2414.63
2415.13
2415.64
2416.13
2416.63
2417.13
2417.64
2418.13
2418.62
2419.13
2419.63
2420.13
2420.63
2421.13
2421.63
2422.13
2422.63
2423.13
2423.64
2424.13
2424.63
2425.13
2425.63
2426.13
2426.63
2427.13
2427.63
2428.13
2428.63
2429.13
2429.64
2430.13
2430.63
2431.13
2431.63
2432.13
2432.63
2433.13
2433.64
2434.12
2434.62
2435.13
2435.64
2436.13
2436.63
2437.13
2437.64
2438.12
2438.63
2439.13
2439.63
2440.13
2440.63
2441.13
2441.64
2442.13
2442.63
2443.13
2443.64
2444.13
2444.63
2445.13
2445.63
2446.13
2446.63
2447.13
2447.64
2448.13
2448.63
2449.13
2449.63
2450.13
2450.63
2451.13
2451.64
2452.13
2452.63
2453.13
2453.63
2454.13
2454.63
2455.13
2455.64
2456.13
2456.63
2457.13
2457.63
2458.13
2458.63
2459.13
2459.63
2460.13
2460.63
2461.13
2461.64
2462.13
2462.63
2463.13
2463.63
2464.13
2464.63
2465.13
2465.63
2466.13
2466.63
2467.13
2467.64
2468.12
2468.63
2469.13
2469.63
2470.12
2470.63
2471.13
2471.63
2472.13
2472.63
2473.13
2473.63
2474.13
2474.63
2475.13
2475.64
2476.13
2476.63
2477.13
2477.63
2478.13
2478.63
2479.13
2479.63
2480.13
2480.63
2481.13
2481.63
2482.12
2482.63
2483.13
2483.64
2484.13
2484.63
2485.13
2485.63
2486.13
2486.63
2487.13
2487.64
2488.13
2488.63
2489.12
2489.64
2490.12
2490.63
2491.13
2491.64
2492.13
2492.63
2493.13
2493.64
2494.13
2494.63
2495.13
2495.64
2496.13
2496.63
2497.13
2497.63
2498.13
2498.63
2499.12
2499.64
2500.13
2500.63
2501.13
2501.63
2502.13
2502.63
2503.13
2503.64
2504.13
2504.63
2505.13
2505.63
2506.13
2506.63
2507.13
2507.63
2508.13
2508.63
2509.13
2509.64
2510.13
2510.63
2511.13
2511.64
2512.13
2512.63
2513.13
2513.63
2514.13
2514.63
2515.13
2515.64
2516.13
2516.63
2517.13
2517.63
2518.13
2518.63
2519.13
2519.63
2520.13
2520.63
2521.13
2521.63
2522.13
2522.63
2523.13
2523.63
2524.13
2524.63
2525.12
2525.64
2526.13
2526.62
2527.13
2527.64
2528.12
2528.63
2529.13
2529.63
2530.13
2530.63
2531.13
2531.63
2532.13
2532.63
2533.13
2533.63
2534.13
2534.63
2535.13
2535.64
2536.13
2536.62
2537.13
2537.64
2538.13
2538.63
2539.13
2539.64
2540.13
2540.63
2541.13
2541.64
2542.13
2542.63
2543.13
2543.63
2544.13
2544.63
2545.13
2545.64
2546.13
2546.63
2547.13
2547.63
2548.13
2548.62
2549.13
2549.64
2550.13
2550.63
2551.13
2551.64
2552.13
2552.63
2553.13
2553.64
2554.13
2554.63
2555.13
2555.63
2556.13
2556.63
2557.13
2557.64
2558.13
2558.63
2559.13
2559.64
2560.13
2560.63
2561.13
2561.63
2562.13
2562.63
2563.13
2563.64
2564.13
2564.63
2565.13
2565.63
2566.13
2566.63
2567.13
2567.63
2568.13
2568.63
2569.13
2569.64
2570.12
2570.63
2571.13
2571.63
2572.12
2572.62
2573.13
2573.64
2574.13
2574.63
2575.13
2575.63
2576.13
2576.63
2577.13
2577.64
2578.13
2578.63
2579.13
2579.63
2580.13
2580.63
2581.13
2581.63
2582.13
2582.63
2583.13
2583.63
2584.13
2584.63
2585.13
2585.63
2586.13
2586.63
2587.13
2587.64
2588.13
2588.63
2589.13
2589.64
2590.13
2590.63
2591.13
2591.64
2592.13
2592.63
2593.13
2593.63
2594.13
2594.63
2595.13
2595.63
2596.13
2596.63
2597.13
2597.63
2598.13
2598.63
2599.13
2599.63
2600.13
2600.63
2601.13
2601.64
2602.13
2602.63
2603.13
2603.63
2604.13
2604.63
2605.13
2605.63
2606.13
2606.63
2607.13
2607.63
2608.13
2608.63
2609.12
2609.64
2610.13
2610.63
2611.13
2611.63
2612.13
2612.63
2613.13
2613.63
2614.13
2614.63
2615.13
2615.63
2616.13
2616.63
2617.13
2617.63
2618.12
2618.63
2619.13
2619.64
2620.13
2620.63
2621.13
2621.64
2622.13
2622.63
2623.13
2623.64
2624.13
2624.63
2625.13
2625.64
2626.13
2626.63
2627.13
2627.63
2628.13
2628.63
2629.13
2629.63
2630.13
2630.63
2631.12
2631.64
2632.13
2632.63
2633.13
2633.63
2634.12
2634.63
2635.12
2635.64
2636.13
2636.63
2637.13
2637.64
2638.13
2638.63
2639.13
2639.63
2640.13
2640.63
2641.13
2641.64
2642.13
2642.63
2643.13
2643.64
2644.12
2644.63
2645.13
2645.64
2646.13
2646.63
2647.13
2647.63
2648.13
2648.63
2649.13
2649.63
2650.13
2650.63
2651.13
2651.64
2652.13
2652.63
2653.13
2653.63
2654.13
2654.63
2655.13
2655.64
2656.13
2656.63
2657.13
2657.63
2658.13
2658.63
2659.13
2659.64
2660.13
2660.63
2661.13
2661.64
2662.13
2662.63
2663.13
2663.63
2664.13
2664.62
2665.13
2665.63
2666.13
2666.63
2667.13
2667.64
2668.12
2668.63
2669.13
2669.64
2670.13
2670.63
2671.13
2671.64
2672.13
2672.63
2673.13
2673.64
2674.13
2674.63
2675.13
2675.64
2676.13
2676.63
2677.13
2677.64
2678.13
2678.63
2679.13
2679.64
2680.13
2680.62
2681.13
2681.64
2682.13
2682.63
2683.13
2683.63
2684.13
2684.63
2685.13
2685.63
2686.13
2686.63
2687.13
2687.64
2688.13
2688.63
2689.13
2689.64
2690.13
2690.63
2691.13
2691.64
2692.13
2692.63
2693.13
2693.63
2694.13
2694.63
2695.13
2695.64
2696.13
2696.63
2697.13
2697.63
2698.13
2698.63
2699.13
2699.64
2700.13
2700.62
2701.13
2701.64
2702.13
2702.63
2703.13
2703.64
2704.12
2704.63
2705.13
2705.64
2706.13
2706.63
2707.13
2707.63
2708.13
2708.63
2709.13
2709.64
2710.13
2710.63
2711.13
2711.63
2712.12
2712.63
2713.13
2713.64
2714.13
2714.63
2715.13
2715.64
2716.13
2716.63
2717.13
2717.64
2718.13
2718.63
2719.13
2719.64
2720.13
2720.63
2721.13
2721.64
2722.13
2722.63
2723.13
2723.63
2724.13
2724.63
2725.13
2725.63
2726.13
2726.63
2727.13
2727.63
2728.12
2728.63
2729.13
2729.64
2730.13
2730.63
2731.13
2731.63
2732.13
2732.63
2733.13
2733.63
2734.13
2734.63
2735.13
2735.64
2736.13
2736.63
2737.13
2737.63
2738.13
2738.63
2739.13
2739.63
2740.13
2740.63
2741.13
2741.63
2742.13
2742.63
2743.13
2743.63
2744.12
2744.63
2745.13
2745.64
2746.12
2746.63
2747.13
2747.64
2748.13
2748.63
2749.13
2749.63
2750.13
2750.63
2751.13
2751.63
2752.13
2752.63
2753.13
2753.63
2754.13
2754.63
2755.13
2755.63
2756.13
2756.63
2757.12
2757.63
2758.13
2758.63
2759.13
2759.63
2760.13
2760.63
2761.13
2761.63
2762.13
2762.63
2763.13
2763.64
2764.13
2764.63
2765.13
2765.64
2766.13
2766.63
2767.13
2767.63
2768.13
2768.63
2769.13
2769.64
2770.13
2770.63
2771.12
2771.64
2772.13
2772.63
2773.13
2773.63
2774.13
2774.63
2775.13
2775.63
2776.13
2776.63
2777.13
2777.64
2778.13
2778.63
2779.13
2779.64
2780.13
2780.63
2781.13
2781.65
2782.13
2782.63
2783.13
2783.64
2784.13
2784.63
2785.13
2785.64
2786.13
2786.63
2787.13
2787.63
2788.13
2788.63
2789.13
2789.64
2790.13
2790.63
2791.13
2791.64
2792.13
2792.63
2793.13
2793.63
2794.13
2794.63
2795.13
2795.63
2796.13
2796.63
2797.13
2797.64
2798.13
2798.63
2799.13
2799.64
2800.13
2800.63
2801.13
2801.64
2802.13
2802.63
2803.13
2803.64
2804.13
2804.63
2805.13
2805.64
2806.12
2806.63
2807.13
2807.63
2808.13
2808.63
2809.13
2809.64
2810.12
2810.63
2811.13
2811.64
2812.13
2812.63
2813.13
2813.64
2814.13
2814.63
2815.13
2815.64
2816.13
2816.63
2817.13
2817.64
2818.13
2818.63
2819.13
2819.63
2820.13
2820.63
2821.13
2821.64
2822.12
2822.63
2823.13
2823.64
2824.13
2824.63
2825.13
2825.63
2826.13
2826.63
2827.13
2827.64
2828.13
2828.63
2829.13
2829.63
2830.12
2830.63
2831.12
2831.63
2832.13
2832.63
2833.13
2833.63
2834.13
2834.63
2835.13
2835.63
2836.13
2836.63
2837.13
2837.64
2838.13
2838.63
2839.13
2839.64
2840.13
2840.63
2841.13
2841.63
2842.13
2842.63
2843.13
2843.64
2844.13
2844.63
2845.13
2845.63
2846.12
2846.63
2847.13
2847.63
2848.13
2848.63
2849.13
2849.63
2850.13
2850.63
2851.13
2851.64
2852.13
2852.63
2853.13
2853.63
2854.13
2854.62
2855.13
2855.64
2856.13
2856.63
2857.13
2857.63
2858.13
2858.63
2859.13
2859.63
2860.13
2860.63
2861.13
2861.64
2862.13
2862.63
2863.13
2863.64
2864.13
2864.63
2865.13
2865.63
2866.13
2866.63
2867.13
2867.64
2868.13
2868.63
2869.13
2869.63
2870.13
2870.63
2871.13
2871.63
2872.13
2872.63
2873.13
2873.63
2874.13
2874.63
2875.12
2875.64
2876.12
2876.63
2877.13
2877.63
2878.13
2878.63
2879.12
2879.63
2880.13
2880.63
2881.13
2881.63
2882.13
2882.63
2883.13
2883.64
2884.13
2884.63
2885.13
2885.64
2886.13
2886.63
2887.13
2887.63
2888.13
2888.63
2889.13
2889.64
2890.13
2890.63
2891.13
2891.64
2892.13
2892.63
2893.13
2893.64
2894.13
2894.63
2895.13
2895.64
2896.13
2896.63
2897.13
2897.64
2898.13
2898.63
2899.13
2899.63
2900.13
2900.63
2901.13
2901.64
2902.13
2902.63
2903.13
2903.63
2904.13
2904.63
2905.13
2905.63
2906.13
2906.63
2907.13
2907.63
2908.13
2908.63
2909.13
2909.63
2910.13
2910.63
2911.13
2911.64
2912.13
2912.63
2913.13
2913.63
2914.13
2914.62
2915.13
2915.63
2916.13
2916.62
2917.12
2917.63
2918.13
2918.63
2919.13
2919.63
2920.13
2920.63
2921.13
2921.63
2922.13
2922.63
2923.13
2923.63
2924.13
2924.63
2925.13
2925.63
2926.13
2926.63
2927.13
2927.64
2928.13
2928.63
2929.13
2929.64
2930.13
2930.63
2931.13
2931.64
2932.13
2932.63
2933.13
2933.64
2934.13
2934.63
2935.13
2935.64
2936.13
2936.63
2937.13
2937.63
2938.13
2938.63
2939.13
2939.63
2940.13
2940.63
2941.13
2941.64
2942.13
2942.63
2943.12
2943.64
2944.13
2944.63
2945.13
2945.63
2946.13
2946.63
2947.13
2947.63
2948.13
2948.63
2949.13
2949.63
2950.13
2950.63
2951.13
2951.63
2952.13
2952.63
2953.13
2953.64
2954.13
2954.63
2955.13
2955.63
2956.13
2956.63
2957.13
2957.64
2958.12
2958.63
2959.13
2959.63
2960.13
2960.63
2961.13
2961.64
2962.13
2962.63
2963.13
2963.64
2964.13
2964.63
2965.13
2965.64
2966.13
2966.63
2967.13
2967.63
2968.13
2968.63
2969.13
2969.64
2970.13
2970.63
2971.13
2971.63
2972.12
2972.63
2973.13
2973.64
2974.13
2974.63
2975.13
2975.64
2976.13
2976.63
2977.13
2977.64
2978.13
2978.63
2979.13
2979.64
2980.13
2980.63
2981.13
2981.63
2982.13
2982.62
2983.13
2983.63
2984.13
2984.63
2985.13
2985.63
2986.13
2986.63
2987.13
2987.64
2988.13
2988.63
2989.13
2989.64
2990.13
2990.63
2991.13
2991.63
2992.13
2992.63
2993.13
2993.64
2994.12
2994.63
2995.13
2995.64
2996.13
2996.63
2997.13
2997.63
2998.13
2998.63
2999.13
2999.64
3000.13
3000.63
3001.13
3001.63
3002.13
3002.63
3003.13
3003.63
3004.12
3004.63
3005.12
3005.64
3006.13
3006.63
3007.13
3007.63
3008.13
3008.63
3009.13
3009.63
3010.13
3010.63
3011.12
3011.63
3012.13
3012.63
3013.13
3013.64
3014.13
3014.63
3015.13
3015.64
3016.13
3016.63
3017.13
3017.63
3018.13
3018.63
3019.13
3019.63
3020.13
3020.63
3021.13
3021.63
3022.13
3022.63
3023.13
3023.64
3024.13
3024.63
3025.13
3025.64
3026.13
3026.63
3027.13
3027.63
3028.13
3028.63
3029.13
3029.63
3030.13
3030.63
3031.13
3031.63
3032.13
3032.63
3033.13
3033.64
3034.13
3034.63
3035.12
3035.63
3036.13
3036.63
3037.13
3037.63
3038.13
3038.63
3039.13
3039.64
3040.13
3040.63
3041.13
3041.63
3042.13
3042.63
3043.13
3043.64
3044.13
3044.63
3045.13
3045.64
3046.13
3046.63
3047.13
3047.63
3048.13
3048.63
3049.13
3049.64
3050.13
3050.63
3051.13
3051.64
3052.13
3052.63
3053.13
3053.64
3054.13
3054.63
3055.13
3055.63
3056.12
3056.63
3057.13
3057.64
3058.13
3058.63
3059.13
3059.63
3060.13
3060.63
3061.13
3061.64
3062.13
3062.63
3063.13
3063.64
3064.13
3064.63
3065.12
3065.63
3066.13
3066.63
3067.13
3067.63
3068.13
3068.63
3069.13
3069.63
3070.13
3070.63
3071.13
3071.64
3072.12
3072.63
3073.13
3073.63
3074.13
3074.63
3075.13
3075.64
3076.13
3076.63
3077.13
3077.64
3078.13
3078.63
3079.13
3079.63
3080.13
3080.63
3081.13
3081.63
3082.13
3082.63
3083.13
3083.63
3084.13
3084.63
3085.13
3085.64
3086.13
3086.63
3087.13
3087.64
3088.13
3088.63
3089.13
3089.63
3090.12
3090.63
3091.13
3091.64
3092.13
3092.63
3093.13
3093.63
3094.13
3094.63
3095.13
3095.63
3096.13
3096.63
3097.13
3097.63
3098.13
3098.63
3099.13
3099.64
3100.13
3100.63
3101.12
3101.64
3102.13
3102.63
3103.13
3103.64
3104.13
3104.63
3105.13
3105.63
3106.12
3106.63
3107.13
3107.63
3108.13
3108.63
3109.13
3109.64
3110.13
3110.63
3111.13
3111.64
3112.12
3112.63
3113.13
3113.63
3114.13
3114.63
3115.13
3115.64
3116.13
3116.63
3117.13
3117.63
3118.13
3118.63
3119.13
3119.64
3120.12
3120.63
3121.13
3121.64
3122.13
3122.63
3123.13
3123.63
3124.13
3124.63
3125.13
3125.64
3126.13
3126.63
3127.12
3127.64
3128.13
3128.63
3129.13
3129.64
3130.13
3130.63
3131.13
3131.63
3132.13
3132.63
3133.13
3133.64
3134.13
3134.63
3135.13
3135.64
3136.13
3136.63
3137.13
3137.64
3138.13
3138.63
3139.13
3139.64
3140.13
3140.63
3141.13
3141.64
3142.13
3142.63
3143.13
3143.63
3144.12
3144.63
3145.13
3145.63
3146.13
3146.63
3147.13
3147.64
3148.13
3148.63
3149.13
3149.64
3150.13
3150.63
3151.13
3151.64
3152.13
3152.63
3153.13
3153.63
3154.13
3154.63
3155.13
3155.64
3156.13
3156.63
3157.13
3157.64
3158.13
3158.63
3159.13
3159.63
3160.13
3160.63
3161.13
3161.64
3162.13
3162.63
3163.13
3163.64
3164.13
3164.63
3165.13
3165.64
3166.13
3166.63
3167.13
3167.64
3168.13
3168.63
3169.13
3169.65
3170.13
3170.63
3171.13
3171.64
3172.13
3172.63
3173.13
3173.64
3174.13
3174.63
3175.13
3175.64
3176.13
3176.63
3177.13
3177.64
3178.13
3178.63
3179.13
3179.63
3180.13
3180.63
3181.13
3181.63
3182.13
3182.63
3183.13
3183.63
3184.13
3184.63
3185.13
3185.64
3186.13
3186.63
3187.13
3187.63
3188.13
3188.63
3189.13
3189.63
3190.13
3190.63
3191.13
3191.63
3192.13
3192.63
3193.13
3193.63
3194.13
3194.62
3195.13
3195.64
3196.13
3196.63
3197.13
3197.64
3198.13
3198.63
3199.13
3199.63
3200.13
3200.63
3201.13
3201.63
3202.13
3202.63
3203.13
3203.64
3204.13
3204.63
3205.13
3205.63
3206.13
3206.63
3207.13
3207.64
3208.13
3208.63
3209.13
3209.63
3210.13
3210.63
3211.13
3211.63
3212.13
3212.63
3213.13
3213.64
3214.13
3214.63
3215.13
3215.64
3216.13
3216.63
3217.13
3217.64
3218.13
3218.63
3219.13
3219.64
3220.13
3220.63
3221.13
3221.63
3222.13
3222.63
3223.13
3223.63
3224.13
3224.63
3225.12
3225.63
3226.13
3226.63
3227.13
3227.64
3228.13
3228.63
3229.13
3229.63
3230.13
3230.63
3231.13
3231.64
3232.13
3232.63
3233.13
3233.64
3234.13
3234.63
3235.13
3235.63
3236.13
3236.63
3237.13
3237.64
3238.13
3238.63
3239.13
3239.63
3240.13
3240.63
3241.13
3241.64
3242.13
3242.63
3243.13
3243.64
3244.13
3244.62
3245.13
3245.64
3246.13
3246.63
3247.13
3247.63
3248.13
3248.63
3249.13
3249.64
3250.13
3250.63
3251.13
3251.64
3252.13
3252.63
3253.13
3253.64
3254.13
3254.63
3255.13
3255.63
3256.13
3256.63
3257.13
3257.63
3258.13
3258.63
3259.13
3259.64
3260.13
3260.63
3261.13
3261.64
3262.13
3262.62
3263.13
3263.63
3264.13
3264.63
3265.13
3265.63
3266.13
3266.62
3267.13
3267.63
3268.12
3268.63
3269.13
3269.63
3270.13
3270.63
3271.13
3271.64
3272.13
3272.63
3273.13
3273.63
3274.13
3274.63
3275.13
3275.64
3276.13
3276.63
3277.12
3277.63
3278.13
3278.63
3279.13
3279.64
3280.13
3280.63
3281.13
3281.64
3282.12
3282.63
3283.13
3283.63
3284.13
3284.63
3285.13
3285.64
3286.13
3286.63
3287.13
3287.63
3288.13
3288.63
3289.13
3289.64
3290.13
3290.63
3291.13
3291.63
3292.13
3292.63
3293.13
3293.64
3294.13
3294.63
3295.12
3295.63
3296.13
3296.63
3297.13
3297.64
3298.13
3298.63
3299.13
3299.64
3300.13
3300.63
3301.13
3301.64
3302.13
3302.63
3303.13
3303.64
3304.13
3304.63
3305.13
3305.64
3306.13
3306.63
3307.13
3307.64
3308.13
3308.63
3309.13
3309.63
3310.13
3310.63
3311.13
3311.63
3312.13
3312.63
3313.13
3313.63
3314.13
3314.63
3315.13
3315.63
3316.13
3316.63
3317.13
3317.63
3318.13
3318.63
3319.13
3319.63
3320.13
3320.63
3321.13
3321.63
3322.12
3322.63
3323.13
3323.63
3324.12
3324.63
3325.13
3325.63
3326.13
3326.63
3327.13
3327.64
3328.13
3328.63
3329.12
3329.64
3330.13
3330.63
3331.13
3331.64
3332.13
3332.63
3333.13
3333.63
3334.13
3334.63
3335.13
3335.63
3336.13
3336.63
3337.13
3337.64
3338.13
3338.63
3339.13
3339.63
3340.13
3340.62
3341.13
3341.63
3342.13
3342.63
3343.13
3343.64
3344.13
3344.63
3345.13
3345.64
3346.12
3346.63
3347.13
3347.64
3348.13
3348.63
3349.13
3349.63
3350.13
3350.63
3351.13
3351.64
3352.13
3352.63
3353.13
3353.63
3354.13
3354.63
3355.13
3355.64
3356.13
3356.63
3357.13
3357.64
3358.13
3358.63
3359.13
3359.63
3360.13
3360.63
3361.13
3361.64
3362.13
3362.63
3363.13
3363.64
3364.13
3364.63
3365.13
3365.64
3366.12
3366.63
3367.13
3367.64
3368.13
3368.63
3369.13
3369.64
3370.13
3370.63
3371.13
3371.64
3372.13
3372.63
3373.13
3373.63
3374.12
3374.63
3375.13
3375.64
3376.13
3376.63
3377.13
3377.63
3378.13
3378.63
3379.13
3379.63
3380.13
3380.63
3381.12
3381.64
3382.13
3382.63
3383.13
3383.64
3384.13
3384.63
3385.13
3385.64
3386.13
3386.63
3387.13
3387.63
3388.13
3388.63
3389.13
3389.64
3390.13
3390.63
3391.13
3391.63
3392.13
3392.63
3393.13
3393.64
3394.13
3394.63
3395.13
3395.64
3396.13
3396.62
3397.13
3397.63
3398.13
3398.63
3399.13
3399.63
3400.12
3400.63
3401.12
3401.63
3402.13
3402.63
3403.13
3403.64
3404.13
3404.63
3405.13
3405.64
3406.13
3406.63
3407.13
3407.63
3408.13
3408.63
3409.13
3409.64
3410.12
3410.63
3411.13
3411.63
3412.13
3412.63
3413.13
3413.64
3414.13
3414.63
3415.13
3415.64
3416.13
3416.63
3417.13
3417.63
3418.13
3418.63
3419.13
3419.64
3420.13
3420.63
3421.13
3421.64
3422.13
3422.63
3423.13
3423.64
3424.12
3424.63
3425.13
3425.63
3426.13
3426.63
3427.13
3427.64
3428.13
3428.63
3429.13
3429.63
3430.13
3430.63
3431.13
3431.63
3432.13
3432.63
3433.13
3433.64
3434.13
3434.63
3435.13
3435.63
3436.13
3436.63
3437.13
3437.63
3438.13
3438.63
3439.13
3439.64
3440.13
3440.63
3441.13
3441.63
3442.13
3442.63
3443.13
3443.63
3444.13
3444.63
3445.13
3445.64
3446.13
3446.63
3447.13
3447.63
3448.13
3448.63
3449.13
3449.64
3450.13
3450.63
3451.13
3451.63
3452.13
3452.63
3453.13
3453.64
3454.13
3454.63
3455.13
3455.63
3456.13
3456.63
3457.13
3457.64
3458.13
3458.63
3459.13
3459.63
3460.13
3460.63
3461.13
3461.63
3462.12
3462.63
3463.13
3463.64
3464.13
3464.63
3465.13
3465.63
3466.13
3466.63
3467.13
3467.64
3468.13
3468.62
3469.13
3469.63
3470.13
3470.63
3471.13
3471.64
3472.13
3472.63
3473.13
3473.64
3474.13
3474.63
3475.13
3475.63
3476.13
3476.63
3477.13
3477.64
3478.13
3478.63
3479.13
3479.63
3480.12
3480.63
3481.13
3481.64
3482.13
3482.63
3483.13
3483.64
3484.13
3484.63
3485.13
3485.64
3486.13
3486.63
3487.13
3487.64
3488.12
3488.63
3489.13
3489.63
3490.13
3490.63
3491.13
3491.63
3492.12
3492.63
3493.13
3493.63
3494.13
3494.63
3495.13
3495.64
3496.13
3496.63
3497.13
3497.63
3498.13
3498.63
3499.13
3499.63
3500.13
3500.63
3501.13
3501.63
3502.13
3502.63
3503.12
3503.64
3504.13
3504.63
3505.13
3505.64
3506.13
3506.63
3507.13
3507.64
3508.13
3508.63
3509.13
3509.63
3510.13
3510.63
3511.13
3511.64
3512.12
3512.63
3513.13
3513.64
3514.13
3514.63
3515.13
3515.63
3516.13
3516.63
3517.13
3517.64
3518.13
3518.63
3519.13
3519.64
3520.13
3520.63
3521.12
3521.63
3522.13
3522.63
3523.13
3523.63
3524.13
3524.63
3525.13
3525.63
3526.13
3526.63
3527.13
3527.64
3528.13
3528.63
3529.13
3529.63
3530.13
3530.63
3531.13
3531.63
3532.12
3532.63
3533.13
3533.64
3534.12
3534.63
3535.13
3535.64
3536.12
3536.62
3537.12
3537.64
3538.13
3538.63
3539.13
3539.64
3540.13
3540.63
3541.12
3541.64
3542.13
3542.63
3543.13
3543.64
3544.13
3544.63
3545.13
3545.63
3546.13
3546.63
3547.13
3547.63
3548.13
3548.63
3549.13
3549.63
3550.13
3550.63
3551.13
3551.64
3552.13
3552.63
3553.13
3553.63
3554.12
3554.63
3555.13
3555.64
3556.13
3556.63
3557.12
3557.64
3558.13
3558.63
3559.13
3559.64
3560.13
3560.63
3561.13
3561.64
3562.13
3562.63
3563.13
3563.64
3564.13
3564.63
3565.13
3565.63
3566.13
3566.63
3567.13
3567.63
3568.13
3568.63
3569.13
3569.63
3570.13
3570.63
3571.13
3571.64
3572.13
3572.63
3573.13
3573.63
3574.13
3574.63
3575.13
3575.63
3576.13
3576.63
3577.13
3577.64
3578.13
3578.63
3579.13
3579.64
3580.13
3580.63
3581.12
3581.63
3582.12
3582.63
3583.13
3583.63
3584.13
3584.63
3585.12
3585.63
3586.13
3586.63
3587.13
3587.63
3588.13
3588.63
3589.13
3589.64
3590.13
3590.63
3591.13
3591.63
3592.13
3592.63
3593.13
3593.64
3594.13
3594.63
3595.13
3595.64
3596.13
3596.63
3597.13
3597.64
3598.13
3598.63
3599.13
3599.63
3600.13
3600.63
3601.13
3601.64
3602.13
3602.63
3603.13
3603.64
3604.13
3604.63
3605.13
3605.63
3606.13
3606.63
3607.13
3607.64
3608.13
3608.63
3609.13
3609.64
3610.13
3610.63
3611.13
3611.63
3612.13
3612.63
3613.13
3613.64
3614.12
3614.63
3615.13
3615.63
3616.13
3616.63
3617.13
3617.63
3618.13
3618.63
3619.13
3619.64
3620.13
3620.62
3621.13
3621.63
3622.13
3622.63
3623.13
3623.63
3624.13
3624.63
3625.13
3625.64
3626.13
3626.63
3627.13
3627.63
3628.13
3628.63
3629.13
3629.63
3630.13
3630.63
3631.13
3631.64
3632.12
3632.63
3633.13
3633.64
3634.12
3634.63
3635.12
3635.63
3636.13
3636.63
3637.13
3637.63
3638.12
3638.63
3639.13
3639.63
3640.13
3640.63
3641.13
3641.64
3642.12
3642.63
3643.13
3643.64
3644.13
3644.63
3645.13
3645.63
3646.13
3646.63
3647.13
3647.63
3648.13
3648.63
3649.13
3649.64
3650.13
3650.63
3651.13
3651.64
3652.13
3652.62
3653.13
3653.64
3654.13
3654.63
3655.13
3655.64
3656.13
3656.63
3657.13
3657.63
3658.13
3658.63
3659.13
3659.63
3660.13
3660.63
3661.13
3661.64
3662.13
3662.63
3663.13
3663.64
3664.13
3664.63
3665.13
3665.64
3666.13
3666.63
3667.13
3667.64
3668.13
3668.63
3669.13
3669.64
3670.13
3670.63
3671.13
3671.64
3672.13
3672.63
3673.13
3673.64
3674.13
3674.63
3675.13
3675.64
3676.13
3676.63
3677.13
3677.64
3678.13
3678.63
3679.13
3679.64
3680.13
3680.63
3681.13
3681.63
3682.12
3682.63
3683.13
3683.63
3684.13
3684.63
3685.13
3685.63
3686.13
3686.63
3687.13
3687.63
3688.13
3688.63
3689.13
3689.63
3690.13
3690.63
3691.13
3691.64
3692.13
3692.63
3693.13
3693.64
3694.12
3694.63
3695.13
3695.64
3696.13
3696.63
3697.13
3697.63
3698.13
3698.63
3699.13
3699.63
3700.13
3700.63
3701.13
3701.64
3702.13
3702.63
3703.13
3703.63
3704.13
3704.63
3705.13
3705.64
3706.13
3706.63
3707.13
3707.64
3708.13
3708.63
3709.13
3709.63
3710.13
3710.63
3711.13
3711.64
3712.13
3712.63
3713.13
3713.64
3714.13
3714.63
3715.13
3715.64
3716.13
3716.63
3717.13
3717.64
3718.13
3718.63
3719.13
3719.63
3720.13
3720.63
3721.13
3721.64
3722.13
3722.63
3723.13
3723.63
3724.13
3724.63
3725.13
3725.63
3726.13
3726.63
3727.13
3727.64
3728.13
3728.63
3729.13
3729.64
3730.13
3730.63
3731.12
3731.64
3732.13
3732.62
3733.13
3733.64
3734.13
3734.63
3735.13
3735.64
3736.13
3736.63
3737.12
3737.63
3738.13
3738.63
3739.12
3739.63
3740.13
3740.63
3741.13
3741.63
3742.13
3742.62
3743.13
3743.63
3744.13
3744.63
3745.13
3745.64
3746.13
3746.63
3747.13
3747.63
3748.13
3748.63
3749.13
3749.64
3750.13
3750.63
3751.13
3751.64
3752.13
3752.63
3753.13
3753.64
3754.13
3754.63
3755.13
3755.64
3756.13
3756.63
3757.13
3757.64
3758.13
3758.63
3759.13
3759.63
3760.12
3760.63
3761.13
3761.64
3762.13
3762.63
3763.13
3763.63
3764.13
3764.63
3765.13
3765.64
3766.13
3766.63
3767.13
3767.64
3768.13
3768.63
3769.13
3769.63
3770.12
3770.63
3771.13
3771.64
3772.13
3772.63
3773.13
3773.63
3774.13
3774.63
3775.13
3775.64
3776.13
3776.63
3777.13
3777.64
3778.12
3778.63
3779.13
3779.64
3780.13
3780.63
3781.13
3781.64
3782.12
3782.63
3783.13
3783.64
3784.13
3784.63
3785.13
3785.64
3786.13
3786.63
3787.13
3787.63
3788.13
3788.63
3789.13
3789.64
3790.13
3790.63
3791.13
3791.63
3792.13
3792.63
3793.13
3793.63
3794.13
3794.63
3795.13
3795.64
3796.13
3796.63
3797.13
3797.63
3798.13
3798.63
3799.13
3799.63
3800.13
3800.63
3801.13
3801.63
3802.13
3802.63
3803.13
3803.64
3804.13
3804.63
3805.13
3805.63
3806.13
3806.63
3807.13
3807.63
3808.13
3808.63
3809.13
3809.64
3810.13
3810.63
3811.13
3811.64
3812.13
3812.63
3813.13
3813.63
3814.13
3814.63
3815.13
3815.64
3816.13
3816.63
3817.13
3817.63
3818.12
3818.63
3819.13
3819.63
3820.13
3820.63
3821.13
3821.63
3822.13
3822.63
3823.13
3823.64
3824.13
3824.63
3825.12
3825.64
3826.13
3826.63
3827.12
3827.64
3828.13
3828.63
3829.13
3829.63
3830.13
3830.63
3831.13
3831.63
3832.12
3832.63
3833.13
3833.63
3834.13
3834.63
3835.13
3835.63
3836.13
3836.63
3837.13
3837.63
3838.13
3838.63
3839.13
3839.64
3840.13
3840.63
3841.13
3841.63
3842.13
3842.63
3843.13
3843.64
3844.13
3844.63
3845.13
3845.64
3846.13
3846.63
3847.13
3847.63
3848.13
3848.63
3849.13
3849.63
3850.13
3850.63
3851.13
3851.63
3852.13
3852.63
3853.13
3853.63
3854.13
3854.63
3855.13
3855.64
3856.13
3856.63
3857.13
3857.64
3858.12
3858.63
3859.13
3859.63
3860.13
3860.63
3861.13
3861.64
3862.13
3862.63
3863.13
3863.63
3864.13
3864.63
3865.13
3865.64
3866.13
3866.63
3867.13
3867.63
3868.13
3868.63
3869.13
3869.64
3870.13
3870.63
3871.13
3871.63
3872.13
3872.63
3873.13
3873.63
3874.13
3874.63
3875.13
3875.63
3876.13
3876.63
3877.13
3877.64
3878.12
3878.63
3879.12
3879.63
3880.13
3880.63
3881.12
3881.64
3882.13
3882.63
3883.13
3883.64
3884.13
3884.63
3885.13
3885.63
3886.13
3886.63
3887.13
3887.63
3888.13
3888.63
3889.13
3889.64
3890.13
3890.63
3891.13
3891.64
3892.13
3892.63
3893.13
3893.63
3894.13
3894.63
3895.13
3895.63
3896.13
3896.63
3897.13
3897.63
3898.13
3898.63
3899.13
3899.63
3900.13
3900.63
3901.13
3901.63
3902.13
3902.63
3903.13
3903.63
3904.13
3904.63
3905.13
3905.64
3906.13
3906.63
3907.13
3907.63
3908.13
3908.63
3909.13
3909.64
3910.13
3910.63
3911.13
3911.64
3912.13
3912.63
3913.13
3913.64
3914.13
3914.63
3915.13
3915.63
3916.13
3916.63
3917.13
3917.64
3918.13
3918.63
3919.13
3919.64
3920.13
3920.63
3921.13
3921.63
3922.13
3922.63
3923.13
3923.63
3924.13
3924.62
3925.13
3925.63
3926.13
3926.63
3927.13
3927.64
3928.13
3928.63
3929.13
3929.63
3930.13
3930.63
3931.13
3931.64
3932.13
3932.63
3933.13
3933.64
3934.13
3934.63
3935.13
3935.64
3936.13
3936.63
3937.13
3937.63
3938.13
3938.63
3939.13
3939.64
3940.13
3940.63
3941.13
3941.63
3942.13
3942.63
3943.13
3943.64
3944.13
3944.63
3945.13
3945.63
3946.13
3946.63
3947.13
3947.63
3948.13
3948.63
3949.13
3949.64
3950.13
3950.63
3951.13
3951.63
3952.12
3952.63
3953.13
3953.64
3954.13
3954.63
3955.13
3955.64
3956.13
3956.62
3957.13
3957.63
3958.13
3958.63
3959.13
3959.64
3960.13
3960.63
3961.12
3961.64
3962.13
3962.63
3963.13
3963.63
3964.13
3964.63
3965.13
3965.63
3966.13
3966.63
3967.13
3967.64
3968.12
3968.63
3969.12
3969.64
3970.12
3970.63
3971.13
3971.63
3972.13
3972.63
3973.13
3973.63
3974.13
3974.63
3975.13
3975.63
3976.13
3976.63
3977.13
3977.63
3978.13
3978.63
3979.13
3979.63
3980.13
3980.63
3981.13
3981.63
3982.13
3982.63
3983.13
3983.63
3984.13
3984.63
3985.13
3985.64
3986.12
3986.63
3987.13
3987.64
3988.13
3988.63
3989.13
3989.64
3990.13
3990.63
3991.13
3991.63
3992.13
3992.63
3993.13
3993.64
3994.13
3994.63
3995.13
3995.63
3996.13
3996.63
3997.13
3997.63
3998.13
3998.63
3999.13
3999.63
4000.12
4000.63
4001.13
4001.63
4002.13
4002.63
4003.13
4003.64
4004.13
4004.63
4005.13
4005.63
4006.13
4006.63
4007.13
4007.63
4008.12
4008.63
4009.13
4009.63
4010.13
4010.63
4011.12
4011.64
4012.13
4012.63
4013.13
4013.64
4014.12
4014.63
4015.13
4015.63
4016.12
4016.63
4017.13
4017.64
4018.12
4018.63
4019.13
4019.64
4020.12
4020.63
4021.13
4021.64
4022.13
4022.62
4023.13
4023.64
4024.13
4024.63
4025.13
4025.63
4026.13
4026.63
4027.13
4027.63
4028.12
4028.63
4029.13
4029.64
4030.13
4030.63
4031.13
4031.63
4032.13
4032.63
4033.13
4033.64
4034.13
4034.63
4035.13
4035.63
4036.12
4036.63
4037.13
4037.64
4038.12
4038.63
4039.13
4039.63
4040.13
4040.63
4041.13
4041.64
4042.13
4042.63
4043.13
4043.63
4044.13
4044.63
4045.13
4045.64
4046.13
4046.63
4047.12
4047.64
4048.13
4048.63
4049.13
4049.63
4050.12
4050.63
4051.13
4051.63
4052.13
4052.63
4053.13
4053.63
4054.13
4054.63
4055.13
4055.64
4056.13
4056.63
4057.13
4057.64
4058.13
4058.63
4059.13
4059.64
4060.13
4060.63
4061.13
4061.63
4062.13
4062.63
4063.13
4063.63
4064.13
4064.63
4065.13
4065.64
4066.13
4066.63
4067.13
4067.63
4068.13
4068.63
4069.13
4069.64
4070.12
4070.63
4071.13
4071.63
4072.13
4072.63
4073.13
4073.63
4074.13
4074.63
4075.13
4075.64
4076.13
4076.63
4077.13
4077.64
4078.13
4078.63
4079.12
4079.64
4080.12
4080.63
4081.13
4081.64
4082.13
4082.63
4083.13
4083.64
4084.13
4084.63
4085.13
4085.64
4086.13
4086.63
4087.13
4087.64
4088.13
4088.63
4089.13
4089.63
4090.13
4090.63
4091.13
4091.63
4092.13
4092.63
4093.13
4093.64
4094.13
4094.63
4095.13
4095.64
4096.13
4096.63
4097.13
4097.64
4098.13
4098.63
4099.13
4099.64
4100.13
4100.63
4101.13
4101.63
4102.13
4102.63
4103.13
4103.64
4104.13
4104.63
4105.13
4105.63
4106.13
4106.63
4107.13
4107.63
4108.13
4108.63
4109.13
4109.64
4110.13
4110.63
4111.13
4111.64
4112.13
4112.63
4113.13
4113.63
4114.13
4114.63
4115.13
4115.64
4116.13
4116.63
4117.13
4117.64
4118.13
4118.63
4119.13
4119.64
4120.13
4120.63
4121.13
4121.64
4122.13
4122.63
4123.13
4123.63
4124.13
4124.62
4125.13
4125.64
4126.13
4126.63
4127.13
4127.63
4128.13
4128.63
4129.12
4129.64
4130.13
4130.63
4131.12
4131.63
4132.13
4132.63
4133.13
4133.63
4134.13
4134.63
4135.13
4135.64
4136.13
4136.63
4137.13
4137.63
4138.13
4138.63
4139.13
4139.63
4140.13
4140.63
4141.13
4141.64
4142.13
4142.63
4143.13
4143.64
4144.13
4144.63
4145.13
4145.63
4146.13
4146.63
4147.13
4147.63
4148.13
4148.63
4149.13
4149.63
4150.12
4150.63
4151.13
4151.64
4152.12
4152.63
4153.13
4153.63
4154.13
4154.63
4155.13
4155.64
4156.13
4156.63
4157.13
4157.64
4158.13
4158.63
4159.13
4159.64
4160.13
4160.63
4161.13
4161.64
4162.13
4162.63
4163.13
4163.63
4164.13
4164.63
4165.13
4165.63
4166.13
4166.63
4167.13
4167.63
4168.13
4168.63
4169.13
4169.63
4170.13
4170.63
4171.13
4171.64
4172.12
4172.63
4173.13
4173.64
4174.13
4174.63
4175.13
4175.64
4176.13
4176.63
4177.13
4177.64
4178.13
4178.63
4179.13
4179.63
4180.13
4180.62
4181.13
4181.64
4182.13
4182.63
4183.13
4183.63
4184.13
4184.63
4185.13
4185.64
4186.13
4186.63
4187.13
4187.63
4188.13
4188.63
4189.13
4189.64
4190.13
4190.63
4191.13
4191.64
4192.13
4192.63
4193.13
4193.64
4194.13
4194.63
4195.13
4195.64
4196.12
4196.63
4197.13
4197.64
4198.13
4198.63
4199.13
4199.63
4200.13
4200.62
4201.13
4201.64
4202.13
4202.63
4203.13
4203.64
4204.13
4204.63
4205.13
4205.64
4206.12
4206.63
4207.13
4207.64
4208.13
4208.63
4209.13
4209.63
4210.13
4210.63
4211.13
4211.64
4212.13
4212.63
4213.13
4213.63
4214.13
4214.63
4215.13
4215.64
4216.13
4216.63
4217.13
4217.64
4218.13
4218.63
4219.13
4219.64
4220.13
4220.63
4221.12
4221.63
4222.13
4222.63
4223.13
4223.63
4224.13
4224.63
4225.13
4225.64
4226.13
4226.63
4227.13
4227.63
4228.13
4228.63
4229.13
4229.63
4230.13
4230.63
4231.13
4231.64
4232.13
4232.63
4233.13
4233.64
4234.13
4234.63
4235.13
4235.64
4236.13
4236.63
4237.13
4237.63
4238.13
4238.63
4239.13
4239.63
4240.13
4240.63
4241.13
4241.63
4242.13
4242.63
4243.13
4243.64
4244.13
4244.63
4245.13
4245.63
4246.13
4246.63
4247.13
4247.64
4248.13
4248.63
4249.13
4249.63
4250.13
4250.63
4251.13
4251.64
4252.13
4252.63
4253.13
4253.64
4254.13
4254.63
4255.13
4255.64
4256.13
4256.63
4257.13
4257.64
4258.13
4258.63
4259.13
4259.63
4260.12
4260.62
4261.13
4261.63
4262.13
4262.63
4263.13
4263.63
4264.13
4264.63
4265.13
4265.64
4266.13
4266.63
4267.13
4267.63
4268.13
4268.63
4269.12
4269.63
4270.13
4270.62
4271.13
4271.63
4272.13
4272.63
4273.13
4273.64
4274.12
4274.63
4275.13
4275.64
4276.13
4276.63
4277.13
4277.63
4278.13
4278.63
4279.13
4279.64
4280.13
4280.63
4281.13
4281.64
4282.13
4282.63
4283.13
4283.63
4284.13
4284.63
4285.13
4285.64
4286.13
4286.63
4287.13
4287.64
4288.13
4288.63
4289.13
4289.64
4290.13
4290.63
4291.13
4291.63
4292.13
4292.63
4293.13
4293.64
4294.13
4294.63
4295.13
4295.63
4296.13
4296.63
4297.12
4297.63
4298.12
4298.63
4299.12
4299.64
4300.13
4300.63
4301.13
4301.63
4302.13
4302.63
4303.13
4303.63
4304.13
4304.62
4305.13
4305.63
4306.13
4306.63
4307.13
4307.64
4308.13
4308.63
4309.12
4309.64
4310.12
4310.62
4311.13
4311.64
4312.13
4312.63
4313.13
4313.63
4314.13
4314.63
4315.13
4315.64
4316.13
4316.62
4317.13
4317.63
4318.13
4318.63
4319.12
4319.64
4320.13
4320.63
4321.13
4321.63
4322.13
4322.63
4323.13
4323.63
4324.13
4324.63
4325.13
4325.63
4326.13
4326.63
4327.13
4327.64
4328.13
4328.63
4329.13
4329.64
4330.13
4330.63
4331.13
4331.64
4332.13
4332.63
4333.13
4333.64
4334.13
4334.63
4335.13
4335.64
4336.13
4336.63
4337.13
4337.64
4338.13
4338.63
4339.13
4339.64
4340.13
4340.63
4341.13
4341.63
4342.13
4342.63
4343.13
4343.63
4344.13
4344.63
4345.13
4345.64
4346.13
4346.63
4347.13
4347.64
4348.13
4348.63
4349.13
4349.64
4350.13
4350.63
4351.13
4351.64
4352.13
4352.63
4353.12
4353.63
4354.13
4354.63
4355.13
4355.63
4356.13
4356.63
4357.13
4357.64
4358.13
4358.63
4359.13
4359.63
4360.13
4360.63
4361.13
4361.64
4362.13
4362.63
4363.13
4363.64
4364.13
4364.63
4365.13
4365.63
4366.13
4366.63
4367.13
4367.64
4368.13
4368.63
4369.13
4369.64
4370.13
4370.63
4371.12
4371.63
4372.13
4372.63
4373.13
4373.64
4374.13
4374.63
4375.13
4375.64
4376.12
4376.63
4377.13
4377.64
4378.13
4378.63
4379.13
4379.63
4380.13
4380.63
4381.13
4381.64
4382.13
4382.63
4383.13
4383.63
4384.13
4384.63
4385.13
4385.63
4386.13
4386.63
4387.13
4387.64
4388.13
4388.63
4389.13
4389.63
4390.13
4390.63
4391.13
4391.63
4392.13
4392.63
4393.13
4393.64
4394.13
4394.63
4395.13
4395.64
4396.13
4396.63
4397.13
4397.64
4398.13
4398.63
4399.13
4399.63
4400.13
4400.63
4401.13
4401.64
4402.13
4402.63
4403.13
4403.63
4404.13
4404.63
4405.13
4405.63
4406.13
4406.63
4407.13
4407.64
4408.13
4408.63
4409.12
4409.64
4410.13
4410.63
4411.13
4411.63
4412.13
4412.63
4413.13
4413.64
4414.13
4414.63
4415.13
4415.64
4416.13
4416.63
4417.13
4417.64
4418.13
4418.63
4419.13
4419.63
4420.13
4420.63
4421.13
4421.64
4422.13
4422.63
4423.13
4423.64
4424.13
4424.63
4425.13
4425.64
4426.12
4426.63
4427.12
4427.64
4428.13
4428.63
4429.13
4429.63
4430.13
4430.63
4431.13
4431.63
4432.12
4432.62
4433.13
4433.63
4434.13
4434.63
4435.13
4435.63
4436.13
4436.63
4437.13
4437.64
4438.13
4438.63
4439.13
4439.64
4440.13
4440.63
4441.13
4441.65
4442.13
4442.63
4443.13
4443.63
4444.13
4444.63
4445.13
4445.64
4446.13
4446.63
4447.13
4447.63
4448.13
4448.63
4449.13
4449.64
4450.13
4450.63
4451.13
4451.64
4452.13
4452.63
4453.13
4453.64
4454.13
4454.63
4455.13
4455.63
4456.13
4456.63
4457.13
4457.64
4458.12
4458.63
4459.13
4459.64
4460.13
4460.63
4461.13
4461.64
4462.13
4462.63
4463.13
4463.64
4464.13
4464.63
4465.13
4465.63
4466.13
4466.63
4467.13
4467.63
4468.13
4468.63
4469.13
4469.63
4470.13
4470.63
4471.13
4471.64
4472.13
4472.63
4473.12
4473.63
4474.13
4474.63
4475.13
4475.63
4476.13
4476.63
4477.13
4477.64
4478.12
4478.63
4479.13
4479.63
4480.13
4480.63
4481.13
4481.63
4482.13
4482.63
4483.13
4483.64
4484.13
4484.63
4485.13
4485.63
4486.13
4486.63
4487.13
4487.63
4488.13
4488.62
4489.13
4489.64
4490.13
4490.62
4491.12
4491.63
4492.13
4492.63
4493.13
4493.64
4494.13
4494.63
4495.13
4495.63
4496.13
4496.63
4497.12
4497.64
4498.13
4498.63
4499.13
4499.63
4500.13
4500.63
4501.12
4501.64
4502.13
4502.63
4503.12
4503.63
4504.12
4504.63
4505.13
4505.63
4506.13
4506.63
4507.13
4507.63
4508.13
4508.63
4509.12
4509.64
4510.12
4510.63
4511.13
4511.63
4512.12
4512.63
4513.13
4513.63
4514.12
4514.63
4515.13
4515.63
4516.13
4516.63
4517.13
4517.63
4518.13
4518.63
4519.13
4519.64
4520.13
4520.63
4521.13
4521.64
4522.13
4522.63
4523.13
4523.64
4524.13
4524.63
4525.13
4525.64
4526.13
4526.63
4527.13
4527.63
4528.13
4528.63
4529.13
4529.64
4530.13
4530.63
4531.13
4531.64
4532.13
4532.63
4533.13
4533.63
4534.13
4534.63
4535.13
4535.63
4536.13
4536.63
4537.13
4537.63
4538.13
4538.63
4539.13
4539.64
4540.13
4540.63
4541.13
4541.64
4542.13
4542.63
4543.13
4543.64
4544.13
4544.63
4545.13
4545.64
4546.13
4546.63
4547.13
4547.63
4548.13
4548.63
4549.13
4549.63
4550.13
4550.63
4551.12
4551.64
4552.13
4552.63
4553.13
4553.64
4554.13
4554.63
4555.13
4555.63
4556.13
4556.63
4557.12
4557.63
4558.13
4558.63
4559.13
4559.64
4560.12
4560.63
4561.13
4561.64
4562.13
4562.62
4563.13
4563.64
4564.13
4564.63
4565.13
4565.64
4566.13
4566.63
4567.12
4567.64
4568.13
4568.63
4569.13
4569.63
4570.13
4570.63
4571.13
4571.64
4572.12
4572.63
4573.13
4573.63
4574.13
4574.63
4575.13
4575.64
4576.13
4576.63
4577.13
4577.64
4578.13
4578.63
4579.13
4579.64
4580.13
4580.63
4581.13
4581.63
4582.13
4582.63
4583.13
4583.64
4584.13
4584.63
4585.13
4585.63
4586.13
4586.63
4587.13
4587.64
4588.13
4588.63
4589.13
4589.64
4590.13
4590.63
4591.13
4591.64
4592.13
4592.63
4593.13
4593.64
4594.13
4594.63
4595.13
4595.63
4596.13
4596.63
4597.13
4597.64
4598.13
4598.63
4599.13
4599.64
4600.13
4600.63
4601.13
4601.64
4602.12
4602.63
4603.13
4603.64
4604.13
4604.63
4605.12
4605.63
4606.13
4606.63
4607.13
4607.63
4608.12
4608.63
4609.13
4609.64
4610.13
4610.63
4611.13
4611.64
4612.13
4612.63
4613.13
4613.63
4614.13
4614.63
4615.13
4615.63
4616.13
4616.63
4617.13
4617.63
4618.13
4618.63
4619.13
4619.63
4620.13
4620.63
4621.13
4621.64
4622.13
4622.63
4623.13
4623.64
4624.12
4624.63
4625.13
4625.63
4626.13
4626.63
4627.13
4627.63
4628.13
4628.63
4629.13
4629.63
4630.12
4630.63
4631.13
4631.64
4632.13
4632.63
4633.13
4633.64
4634.13
4634.63
4635.13
4635.64
4636.13
4636.63
4637.13
4637.63
4638.13
4638.63
4639.13
4639.64
4640.13
4640.63
4641.13
4641.63
4642.13
4642.63
4643.13
4643.64
4644.13
4644.63
4645.13
4645.63
4646.13
4646.63
4647.13
4647.63
4648.13
4648.63
4649.13
4649.63
4650.13
4650.63
4651.13
4651.63
4652.13
4652.63
4653.13
4653.63
4654.13
4654.63
4655.13
4655.63
4656.13
4656.63
4657.13
4657.63
4658.13
4658.63
4659.13
4659.63
4660.13
4660.63
4661.12
4661.64
4662.13
4662.63
4663.13
4663.64
4664.13
4664.63
4665.13
4665.64
4666.13
4666.63
4667.13
4667.63
4668.12
4668.63
4669.13
4669.64
4670.12
4670.63
4671.13
4671.64
4672.13
4672.63
4673.13
4673.63
4674.13
4674.63
4675.13
4675.64
4676.13
4676.63
4677.13
4677.64
4678.13
4678.63
4679.13
4679.63
4680.13
4680.63
4681.13
4681.64
4682.13
4682.62
4683.13
4683.64
4684.12
4684.63
4685.13
4685.63
4686.13
4686.62
4687.13
4687.64
4688.13
4688.63
4689.12
4689.64
4690.13
4690.63
4691.13
4691.64
4692.13
4692.63
4693.13
4693.63
4694.13
4694.63
4695.13
4695.64
4696.12
4696.63
4697.13
4697.64
4698.13
4698.63
4699.13
4699.64
4700.13
4700.63
4701.13
4701.64
4702.13
4702.63
4703.13
4703.64
4704.13
4704.63
4705.13
4705.63
4706.13
4706.63
4707.13
4707.64
4708.13
4708.63
4709.13
4709.64
4710.13
4710.63
4711.12
4711.64
4712.13
4712.63
4713.12
4713.63
4714.13
4714.63
4715.13
4715.63
4716.13
4716.63
4717.13
4717.63
4718.13
4718.63
4719.13
4719.64
4720.12
4720.63
4721.13
4721.64
4722.13
4722.63
4723.13
4723.64
4724.13
4724.63
4725.13
4725.63
4726.13
4726.63
4727.13
4727.63
4728.13
4728.63
4729.13
4729.63
4730.13
4730.63
4731.13
4731.64
4732.13
4732.63
4733.13
4733.63
4734.13
4734.63
4735.13
4735.64
4736.13
4736.63
4737.13
4737.64
4738.13
4738.63
4739.13
4739.63
4740.13
4740.63
4741.13
4741.64
4742.13
4742.63
4743.13
4743.63
4744.13
4744.63
4745.13
4745.64
4746.12
4746.63
4747.13
4747.64
4748.13
4748.63
4749.13
4749.64
4750.13
4750.63
4751.13
4751.63
4752.13
4752.63
4753.13
4753.64
4754.13
4754.63
4755.13
4755.63
4756.12
4756.63
4757.13
4757.63
4758.13
4758.63
4759.13
4759.64
4760.13
4760.63
4761.13
4761.64
4762.13
4762.63
4763.13
4763.63
4764.13
4764.63
4765.13
4765.64
4766.13
4766.62
4767.13
4767.64
4768.13
4768.63
4769.13
4769.64
4770.13
4770.63
4771.13
4771.63
4772.13
4772.63
4773.12
4773.64
4774.13
4774.63
4775.13
4775.63
4776.13
4776.63
4777.13
4777.64
4778.13
4778.63
4779.13
4779.64
4780.13
4780.63
4781.13
4781.64
4782.13
4782.63
4783.12
4783.63
4784.13
4784.63
4785.13
4785.64
4786.13
4786.63
4787.13
4787.63
4788.13
4788.63
4789.13
4789.64
4790.12
4790.63
4791.13
4791.63
4792.13
4792.63
4793.13
4793.63
4794.13
4794.63
4795.13
4795.64
4796.13
4796.63
4797.13
4797.63
4798.13
4798.63
4799.13
4799.64
4800.13
4800.63
4801.13
4801.64
4802.13
4802.63
4803.12
4803.64
4804.13
4804.63
4805.13
4805.64
4806.13
4806.63
4807.13
4807.63
4808.13
4808.63
4809.13
4809.64
4810.13
4810.63
4811.13
4811.64
4812.13
4812.63
4813.13
4813.64
4814.13
4814.63
4815.12
4815.64
4816.13
4816.63
4817.13
4817.64
4818.13
4818.63
4819.13
4819.63
4820.13
4820.63
4821.13
4821.64
4822.13
4822.63
4823.13
4823.64
4824.13
4824.63
4825.13
4825.63
4826.13
4826.63
4827.13
4827.63
4828.13
4828.63
4829.13
4829.64
4830.13
4830.63
4831.13
4831.64
4832.13
4832.63
4833.13
4833.63
4834.13
4834.63
4835.13
4835.64
4836.13
4836.63
4837.13
4837.63
4838.13
4838.63
4839.13
4839.64
4840.13
4840.63
4841.13
4841.64
4842.13
4842.63
4843.13
4843.64
4844.13
4844.63
4845.13
4845.63
4846.13
4846.63
4847.13
4847.63
4848.13
4848.63
4849.12
4849.64
4850.13
4850.63
4851.13
4851.64
4852.13
4852.63
4853.12
4853.63
4854.13
4854.63
4855.13
4855.64
4856.13
4856.63
4857.13
4857.64
4858.13
4858.63
4859.13
4859.63
4860.13
4860.63
4861.13
4861.64
4862.13
4862.62
4863.13
4863.63
4864.12
4864.63
4865.13
4865.64
4866.13
4866.63
4867.13
4867.63
4868.13
4868.63
4869.13
4869.63
4870.13
4870.63
4871.13
4871.63
4872.13
4872.63
4873.13
4873.63
4874.13
4874.63
4875.13
4875.63
4876.13
4876.62
4877.13
4877.64
4878.13
4878.63
4879.13
4879.63
4880.13
4880.63
4881.13
4881.64
4882.13
4882.63
4883.12
4883.63
4884.13
4884.63
4885.13
4885.64
4886.13
4886.63
4887.13
4887.64
4888.13
4888.63
4889.13
4889.63
4890.13
4890.63
4891.13
4891.64
4892.13
4892.63
4893.13
4893.64
4894.13
4894.63
4895.12
4895.63
4896.12
4896.63
4897.13
4897.63
4898.13
4898.63
4899.13
4899.64
4900.13
4900.63
4901.13
4901.64
4902.13
4902.63
4903.13
4903.63
4904.13
4904.63
4905.13
4905.64
4906.13
4906.63
4907.13
4907.63
4908.13
4908.63
4909.13
4909.65
4910.13
4910.62
4911.13
4911.63
4912.13
4912.63
4913.13
4913.63
4914.12
4914.63
4915.13
4915.63
4916.13
4916.63
4917.13
4917.64
4918.13
4918.63
4919.13
4919.63
4920.13
4920.63
4921.13
4921.63
4922.13
4922.63
4923.13
4923.64
4924.13
4924.63
4925.13
4925.63
4926.13
4926.63
4927.13
4927.64
4928.13
4928.63
4929.13
4929.64
4930.13
4930.63
4931.12
4931.64
4932.13
4932.63
4933.13
4933.64
4934.13
4934.63
4935.13
4935.63
4936.13
4936.63
4937.13
4937.64
4938.12
4938.62
4939.13
4939.64
4940.13
4940.63
4941.13
4941.64
4942.13
4942.63
4943.13
4943.64
4944.13
4944.63
4945.13
4945.63
4946.13
4946.63
4947.13
4947.64
4948.13
4948.63
4949.13
4949.64
4950.13
4950.63
4951.13
4951.64
4952.12
4952.63
4953.13
4953.64
4954.13
4954.63
4955.13
4955.63
4956.13
4956.63
4957.13
4957.64
4958.13
4958.63
4959.13
4959.64
4960.13
4960.63
4961.13
4961.63
4962.13
4962.63
4963.13
4963.63
4964.13
4964.63
4965.13
4965.64
4966.13
4966.63
4967.13
4967.64
4968.13
4968.62
4969.13
4969.63
4970.13
4970.63
4971.13
4971.64
4972.13
4972.63
4973.13
4973.64
4974.13
4974.63
4975.13
4975.63
4976.13
4976.63
4977.13
4977.64
4978.13
4978.63
4979.13
4979.63
4980.12
4980.63
4981.13
4981.64
4982.13
4982.63
4983.13
4983.63
4984.13
4984.63
4985.13
4985.64
4986.13
4986.63
4987.13
4987.64
4988.13
4988.63
4989.13
4989.64
4990.13
4990.63
4991.13
4991.64
4992.13
4992.63
4993.13
4993.64
4994.13
4994.63
4995.13
4995.64
4996.13
4996.63
4997.13
4997.63
4998.13
4998.63
4999.13
4999.64
5000.13
5000.63
5001.13
5001.64
5002.13
5002.63
5003.13
5003.64
5004.13
5004.63
5005.13
5005.63
5006.13
5006.63
5007.13
5007.63
5008.13
5008.63
5009.13
5009.63
5010.13
5010.63
5011.13
5011.63
5012.13
5012.63
5013.13
5013.63
5014.13
5014.63
5015.13
5015.63
5016.13
5016.63
5017.13
5017.64
5018.13
5018.63
5019.12
5019.63
5020.13
5020.63
5021.13
5021.63
5022.13
5022.63
5023.13
5023.64
5024.13
5024.63
5025.13
5025.64
5026.13
5026.63
5027.13
5027.63
5028.13
5028.63
5029.13
5029.64
5030.13
5030.63
5031.13
5031.63
5032.12
5032.63
5033.13
5033.63
5034.13
5034.63
5035.13
5035.64
5036.13
5036.63
5037.13
5037.63
5038.13
5038.63
5039.13
5039.64
5040.13
5040.63
5041.13
5041.63
5042.13
5042.63
5043.13
5043.64
5044.13
5044.63
5045.13
5045.64
5046.13
5046.62
5047.13
5047.64
5048.13
5048.63
5049.13
5049.64
5050.13
5050.63
5051.13
5051.63
5052.13
5052.63
5053.13
5053.63
5054.13
5054.63
5055.13
5055.64
5056.13
5056.63
5057.13
5057.63
5058.12
5058.63
5059.13
5059.64
5060.13
5060.63
5061.13
5061.64
5062.13
5062.63
5063.13
5063.63
5064.13
5064.63
5065.13
5065.64
5066.13
5066.63
5067.13
5067.64
5068.13
5068.63
5069.13
5069.63
5070.13
5070.63
5071.13
5071.64
5072.13
5072.63
5073.13
5073.63
5074.13
5074.63
5075.13
5075.64
5076.13
5076.63
5077.13
5077.64
5078.13
5078.63
5079.13
5079.63
5080.13
5080.63
5081.13
5081.64
5082.13
5082.63
5083.13
5083.64
5084.13
5084.63
5085.13
5085.64
5086.13
5086.63
5087.13
5087.63
5088.13
5088.63
5089.13
5089.63
5090.12
5090.62
5091.13
5091.64
5092.13
5092.63
5093.13
5093.64
5094.13
5094.63
5095.13
5095.64
5096.13
5096.63
5097.13
5097.64
5098.13
5098.63
5099.13
5099.63
5100.13
5100.63
5101.13
5101.64
5102.13
5102.63
5103.13
5103.63
5104.13
5104.63
5105.13
5105.64
5106.13
5106.63
5107.13
5107.63
5108.13
5108.63
5109.13
5109.63
5110.13
5110.63
5111.13
5111.63
5112.13
5112.62
5113.13
5113.63
5114.13
5114.62
5115.13
5115.63
5116.13
5116.63
5117.13
5117.64
5118.13
5118.63
5119.13
5119.64
5120.13
5120.62
5121.13
5121.63
5122.13
5122.63
5123.13
5123.64
5124.13
5124.63
5125.13
5125.64
5126.13
5126.63
5127.13
5127.63
5128.13
5128.63
5129.13
5129.63
5130.13
5130.63
5131.12
5131.63
5132.13
5132.63
5133.13
5133.64
5134.13
5134.63
5135.13
5135.63
5136.13
5136.63
5137.13
5137.63
5138.12
5138.63
5139.13
5139.64
5140.13
5140.63
5141.13
5141.64
5142.13
5142.63
5143.13
5143.64
5144.13
5144.63
5145.13
5145.63
5146.13
5146.63
5147.13
5147.64
5148.13
5148.63
5149.13
5149.64
5150.13
5150.63
5151.13
5151.63
5152.13
5152.63
5153.12
5153.64
5154.13
5154.63
5155.13
5155.64
5156.13
5156.63
5157.13
5157.63
5158.13
5158.62
5159.13
5159.63
5160.13
5160.63
5161.13
5161.64
5162.13
5162.63
5163.13
5163.63
5164.12
5164.63
5165.13
5165.63
5166.13
5166.63
5167.13
5167.63
5168.13
5168.63
5169.13
5169.64
5170.13
5170.63
5171.13
5171.64
5172.13
5172.63
5173.13
5173.64
5174.13
5174.63
5175.13
5175.63
5176.13
5176.63
5177.13
5177.64
5178.13
5178.62
5179.13
5179.64
5180.13
5180.63
5181.13
5181.64
5182.13
5182.63
5183.13
5183.63
5184.13
5184.63
5185.13
5185.63
5186.13
5186.63
5187.13
5187.63
5188.13
5188.63
5189.13
5189.63
5190.13
5190.63
5191.13
5191.64
5192.13
5192.63
5193.13
5193.64
5194.12
5194.63
5195.13
5195.63
5196.13
5196.63
5197.13
5197.64
5198.13
5198.63
5199.13
5199.64
5200.12
5200.63
5201.12
5201.64
5202.13
5202.63
5203.13
5203.63
5204.13
5204.63
5205.13
5205.64
5206.13
5206.63
5207.13
5207.64
5208.13
5208.63
5209.13
5209.63
5210.13
5210.63
5211.12
5211.63
5212.13
5212.63
5213.13
5213.64
5214.12
5214.63
5215.13
5215.63
5216.13
5216.63
5217.13
5217.64
5218.13
5218.63
5219.13
5219.63
5220.13
5220.63
5221.13
5221.64
5222.13
5222.63
5223.12
5223.63
5224.13
5224.63
5225.13
5225.64
5226.13
5226.63
5227.13
5227.63
5228.13
5228.63
5229.13
5229.63
5230.13
5230.63
5231.13
5231.63
5232.13
5232.63
5233.13
5233.64
5234.13
5234.63
5235.13
5235.63
5236.13
5236.63
5237.13
5237.63
5238.13
5238.63
5239.13
5239.63
5240.13
5240.63
5241.13
5241.64
5242.13
5242.63
5243.13
5243.63
5244.13
5244.63
5245.13
5245.64
5246.13
5246.63
5247.13
5247.64
5248.13
5248.63
5249.13
5249.63
5250.13
5250.63
5251.13
5251.64
5252.13
5252.63
5253.13
5253.64
5254.13
5254.63
5255.13
5255.64
5256.13
5256.63
5257.13
5257.64
5258.13
5258.63
5259.13
5259.63
5260.13
5260.63
5261.13
5261.64
5262.13
5262.63
5263.12
5263.63
5264.13
5264.63
5265.13
5265.64
5266.13
5266.63
5267.13
5267.64
5268.13
5268.63
5269.13
5269.64
5270.12
5270.63
5271.13
5271.64
5272.12
5272.63
5273.13
5273.64
5274.13
5274.63
5275.13
5275.64
5276.13
5276.63
5277.13
5277.63
5278.13
5278.63
5279.13
5279.64
5280.13
5280.63
5281.12
5281.63
5282.13
5282.63
5283.13
5283.64
5284.13
5284.63
5285.13
5285.64
5286.13
5286.63
5287.13
5287.63
5288.13
5288.63
5289.13
5289.64
5290.13
5290.63
5291.13
5291.64
5292.13
5292.63
5293.13
5293.64
5294.13
5294.63
5295.13
5295.64
5296.13
5296.63
5297.13
5297.63
5298.13
5298.63
5299.13
5299.64
5300.13
5300.63
5301.13
5301.63
5302.13
5302.63
5303.13
5303.64
5304.13
5304.63
5305.13
5305.63
5306.13
5306.63
5307.13
5307.63
5308.13
5308.63
5309.13
5309.63
5310.13
5310.63
5311.13
5311.63
5312.13
5312.63
5313.13
5313.64
5314.13
5314.62
5315.13
5315.64
5316.13
5316.63
5317.13
5317.64
5318.13
5318.63
