0.000000
0.000000
0.081714
0.367385
0.524604
0.646407
0.726323
0.876785
1.001580
1.105305
1.188349
1.270199
1.326174
1.375006
1.415333
1.433922
1.458040
1.482315
1.504053
1.512243
1.502697
1.526824
1.527870
1.515853
1.532804
1.549893
1.557868
1.549399
1.549934
1.544006
1.548127
1.554753
1.562194
1.573980
1.584056
1.595488
1.605301
1.618100
1.627233
1.636468
1.644723
1.652921
1.660471
1.666046
1.667747
1.674862
1.680492
1.683531
1.686467
1.684209
1.677785
1.681588
1.666226
1.661741
1.669474
1.674973
1.676199
1.682478
1.680804
1.682410
1.686071
1.687879
1.689378
1.692888
1.696675
1.699958
1.701212
1.703404
1.699072
1.699201
1.704376
1.708154
1.710286
1.708204
1.708980
1.713536
1.716740
1.720865
1.720461
1.709143
1.704105
1.704991
1.709883
1.712575
1.715400
1.707918
1.697726
1.696838
1.697257
1.697060
1.700759
1.700000
1.703445
1.706441
1.706714
1.705285
1.707550
1.711545
1.714207
1.716687
1.719154
1.722042
1.724670
1.728108
1.728286
1.731098
1.733170
1.734429
1.735454
1.737675
1.740829
1.742318
1.744293
1.746365
1.748414
1.750407
1.749597
1.747044
1.749063
1.750712
1.751947
1.752807
1.751864
1.747062
1.740819
1.737592
1.734180
1.733073
1.734668
1.734829
1.735510
1.733819
1.735788
1.735853
1.736725
1.738026
1.740408
1.741944
1.741966
1.743432
1.744321
1.741838
1.741343
1.739386
1.733488
1.732005
1.733634
1.735061
1.736041
1.738267
1.740660
1.742174
1.743169
1.743915
1.744834
1.746317
1.748489
1.749896
1.751329
1.752512
1.753825
1.754873
1.756366
1.758188
1.759515
1.760740
1.760220
1.761326
1.762588
1.764482
1.765626
1.764356
1.764256
1.764449
1.766111
1.761919
1.758261
1.758920
1.760254
1.760888
1.761406
1.762174
1.762428
1.760747
1.761430
1.761994
1.761596
1.762192
1.759714
1.759707
1.760861
1.761741
1.762669
1.763652
1.764501
1.765083
1.766572
1.766539
1.767198
1.767942
1.767288
1.767053
1.768575
1.769337
1.769957
1.770459
1.770917
1.768078
1.760646
1.757114
1.757728
1.758797
1.759841
1.760773
1.761625
1.762570
1.762835
1.756009
1.751882
1.752267
1.751970
1.750376
1.752096
1.752300
1.753575
1.754550
1.753860
1.751020
1.750990
1.752800
1.752914
1.753696
1.754793
1.755695
1.755938
1.757518
1.758489
1.758743
1.758988
1.759860
1.759745
1.757244
1.750230
1.743795
1.741190
1.742034
1.742605
1.739822
1.736566
1.732592
1.730573
1.730273
1.731147
1.728796
1.727068
1.726201
1.726407
1.726803
1.727743
1.727225
1.726729
1.726430
1.727413
1.727913
1.728956
1.729714
1.730720
1.729038
1.726171
1.726295
1.727212
1.727986
1.728020
1.728659
1.728691
1.728177
1.728331
1.728923
1.729314
1.729685
1.730662
1.729333
1.729567
1.729521
1.730200
1.730992
1.731852
1.732647
1.731967
1.729859
1.730174
1.730868
1.731813
1.732109
1.733129
1.732554
1.732995
1.733722
1.734518
1.735430
1.736119
1.737341
1.738000
1.738934
1.739433
1.739693
1.740046
1.740941
1.742074
1.742279
1.743319
1.743813
1.743798
1.744163
1.744998
1.746028
1.746909
1.747638
1.748213
1.748804
1.749661
1.750522
1.751142
1.750935
1.751089
1.751812
1.752242
1.751115
1.751666
1.751817
1.752624
1.753036
1.753670
1.753835
1.754911
1.755502
1.756277
1.756848
1.757572
1.758142
1.757553
1.756375
1.756957
1.757011
1.757997
1.758452
1.757574
1.755592
1.755966
1.756448
1.757137
1.757348
1.756589
1.755854
1.756164
1.756644
1.754572
1.751286
1.751149
1.751712
1.752009
1.753251
1.753663
1.753607
1.754092
1.754604
1.754676
1.755686
1.756298
1.756857
1.756766
1.755899
1.756416
1.756174
1.756389
1.756771
1.757112
1.757015
1.757341
1.756287
1.754683
1.753357
1.753760
1.753185
1.751324
1.750674
1.751136
1.751614
1.749470
1.747568
1.747289
1.747208
1.746119
1.744715
1.744844
1.745435
1.745865
1.746266
1.746134
1.745328
1.746281
1.746751
1.747169
1.747202
1.747262
1.743140
1.738867
1.736214
1.736177
1.736701
1.736887
1.737743
1.738166
1.738652
1.739016
1.738539
1.737657
1.736230
1.734518
1.734877
1.735842
1.736109
1.735761
1.736140
1.735968
1.735759
1.734723
1.734318
1.734929
1.735118
1.735284
1.735723
1.735829
1.732895
1.728891
1.724845
1.720975
1.717053
1.713119
1.709166
1.705346
1.701467
1.697637
1.693746
1.690002
1.686207
1.682438
1.678603
1.674924
1.671197
1.667498
1.663697
1.660120
1.656460
1.652827
1.649122
1.645577
1.641978
1.638403
1.634773
1.631286
1.627734
1.624211
1.620658
1.617240
1.613763
1.610290
1.606798
1.603422
1.599997
1.596593
1.593140
1.589833
1.586479
1.583138
1.579756
1.576495
1.573193
1.569918
1.566596
1.563386
1.560120
1.556905
1.553612
1.550478
1.547284
1.544090
1.540876
1.537752
1.534623
1.531490
1.528327
1.525280
1.522182
1.519108
1.516006
1.513001
1.509943
1.506910
1.503850
1.500900
1.497905
1.494923
1.491909
1.488984
1.486061
1.483111
1.480150
1.477278
1.474392
1.471495
1.468585
1.465750
1.462908
1.460050
1.457179
1.454403
1.451581
1.448789
1.445961
1.443217
1.440454
1.437706
1.434905
1.432222
1.429495
1.426781
1.424019
1.421377
1.418688
1.416026
1.413303
1.410701
1.408055
1.405414
1.402725
1.400177
1.397568
1.394971
1.392349
1.389811
1.387245
1.384702
1.382083
1.379605
1.377074
1.374561
1.371997
1.369539
1.367045
1.364569
1.362053
1.359620
1.357168
1.354733
1.352249
1.349853
1.347424
1.345030
1.342570
1.340213
1.337843
1.335449
1.333050
1.330733
1.328368
1.326037
1.323651
1.321369
1.319039
1.316738
1.314370
1.312136
1.309841
1.307566
1.305252
1.303021
1.300766
1.298517
1.296253
1.294053
1.291824
1.289604
1.287363
1.285185
1.283002
1.280805
1.278590
1.276459
1.274284
1.272136
1.269950
1.267835
1.265707
1.263571
1.261415
1.259342
1.257227
1.255131
1.252967
1.250944
1.248872
1.246788
1.244687
1.242660
1.240621
1.238569
1.236495
1.234504
1.232471
1.230458
1.228416
1.226435
1.224431
1.222450
1.220425
1.218482
1.216504
1.214538
1.212551
1.210617
1.208670
1.206725
1.204769
1.202870
1.200945
1.199028
1.197048
1.195205
1.193318
1.191416
1.189492
1.187649
1.185782
1.183910
1.182013
1.180193
1.178328
1.176492
1.174622
1.172813
1.170993
1.169172
1.167323
1.165533
1.163731
1.161936
1.160114
1.158347
1.156568
1.154782
1.152989
1.151245
1.149484
1.147735
1.145946
1.144235
1.142493
1.140763
1.139009
1.137310
1.135584
1.133871
1.132137
1.130454
1.128753
1.127062
1.125348
1.123697
1.122017
1.120347
1.118638
1.117012
1.115343
1.113694
1.111998
1.110403
1.108762
1.107137
1.105471
1.103877
1.102249
1.100639
1.098993
1.097419
1.095823
1.094226
1.092608
1.091050
1.089471
1.087890
1.086292
1.084749
1.083188
1.081625
1.080042
1.078518
1.076966
1.075435
1.073870
1.072360
1.070823
1.069311
1.067768
1.066265
1.064754
1.063254
1.061727
1.060255
1.058756
1.057271
1.055756
1.054296
1.052818
1.051343
1.049846
1.048409
1.046952
1.045494
1.043998
1.042585
1.041143
1.039702
1.038242
1.036836
1.035406
1.033978
1.032542
1.031138
1.029729
1.028323
1.026886
1.025507
1.024112
1.022719
1.021311
1.019937
1.018560
1.017171
1.015778
1.014435
1.013061
1.011696
1.010314
1.008979
1.007630
1.006273
1.004910
1.003593
1.002249
1.000912
0.999553
0.998251
0.996928
0.995608
0.994267
0.992977
0.991665
0.990353
0.989033
0.987754
0.986458
0.985160
0.983852
0.982580
0.981296
0.980024
0.978720
0.977469
0.976197
0.974930
0.973651
0.972406
0.971149
0.969898
0.968626
0.967400
0.966151
0.964916
0.963659
0.962440
0.961208
0.959984
0.958730
0.957529
0.956309
0.955099
0.953857
0.952677
0.951466
0.950263
0.949025
0.947863
0.946669
0.945481
0.944250
0.943108
0.941923
0.940741
0.939549
0.938396
0.937224
0.936055
0.934870
0.933727
0.932570
0.931415
0.930228
0.929105
0.927959
0.926812
0.925654
0.924536
0.923393
0.922262
0.921112
0.920003
0.918880
0.917752
0.916610
0.915522
0.914403
0.913293
0.912168
0.911075
0.909976
0.908869
0.907758
0.906676
0.905582
0.904495
0.903388
0.902316
0.901237
0.900155
0.899062
0.898011
0.896934
0.895865
0.894782
0.893734
0.892669
0.891612
0.890531
0.889499
0.888447
0.887396
0.886313
0.885305
0.884262
0.883223
0.882168
0.881151
0.880116
0.879092
0.878031
0.877041
0.876014
0.874995
0.873957
0.872957
0.871944
0.870933
0.869907
0.868922
0.867919
0.866914
0.865903
0.864922
0.863924
0.862928
0.861924
0.860951
0.859970
0.858987
0.857984
0.857020
0.856048
0.855075
0.854086
0.853133
0.852165
0.851200
0.850215
0.849274
0.848316
0.847355
0.846389
0.845452
0.844498
0.843553
0.842589
0.841659
0.840720
0.839780
0.838822
0.837903
0.836973
0.836039
0.835093
0.834180
0.833257
0.832331
0.831393
0.830496
0.829578
0.828658
0.827735
0.826835
0.825928
0.825022
0.824096
0.823211
0.822310
0.821413
0.820499
0.819620
0.818723
0.817832
0.816934
0.816056
0.815172
0.814291
0.813391
0.812529
0.811648
0.810771
0.809883
0.809026
0.808156
0.807289
0.806407
0.805555
0.804691
0.803831
0.802956
0.802112
0.801258
0.800408
0.799537
0.798701
0.797851
0.797006
0.796147
0.795320
0.794480
0.793641
0.792792
0.791963
0.791132
0.790299
0.789455
0.788641
0.787812
0.786986
0.786154
0.785344
0.784521
0.783702
0.782870
0.782074
0.781257
0.780445
0.779623
0.778830
0.778021
0.777216
0.776395
0.775610
0.774808
0.774012
0.773203
0.772423
0.771626
0.770834
0.770031
0.769258
0.768471
0.767685
0.766884
0.766116
0.765337
0.764559
0.763770
0.763006
0.762231
0.761460
0.760676
0.759915
0.759150
0.758383
0.757606
0.756856
0.756094
0.755333
0.754564
0.753819
0.753059
0.752309
0.751537
0.750805
0.750054
0.749304
0.748549
0.747813
0.747068
0.746325
0.745574
0.744849
0.744109
0.743372
0.742629
0.741907
0.741172
0.740444
0.739699
0.738984
0.738259
0.737536
0.736798
0.736086
0.735366
0.734647
0.733919
0.733213
0.732501
0.731787
0.731061
0.730364
0.729652
0.728945
0.728224
0.727535
0.726832
0.726126
0.725411
0.724726
0.724028
0.723331
0.722623
0.721939
0.721243
0.720552
0.719844
0.719171
0.718485
0.717800
0.717103
0.716430
0.715750
0.715067
0.714375
0.713707
0.713028
0.712356
0.711670
0.711005
0.710333
0.709660
0.708979
0.708326
0.707657
0.706989
0.706314
0.705660
0.705002
0.704340
0.703668
0.703018
0.702361
0.701707
0.701036
0.700397
0.699746
0.699096
0.698426
0.697795
0.697147
0.696502
0.695849
0.695211
0.694571
0.693926
0.693271
0.692647
0.692010
0.691373
0.690730
0.690104
0.689467
0.688834
0.688195
0.687575
0.686946
0.686320
0.685686
0.685067
0.684444
0.683822
0.683188
0.682578
0.681958
0.681340
0.680710
0.680106
0.679491
0.678874
0.678252
0.677654
0.677040
0.676431
0.675815
0.675213
0.674609
0.674001
0.673389
0.672798
0.672193
0.671591
0.670975
0.670392
0.669794
0.669197
0.668577
0.668011
0.667416
0.666822
0.666224
0.665640
0.665052
0.664465
0.663867
0.663291
0.662707
0.662123
0.661529
0.660957
0.660375
0.659793
0.659205
0.658637
0.658059
0.657486
0.656901
0.656335
0.655763
0.655191
0.654611
0.654049
0.653480
0.652914
0.652333
0.651778
0.651213
0.650651
0.650077
0.649527
0.648966
0.648403
0.647837
0.647288
0.646728
0.646171
0.645611
0.645065
0.644511
0.643956
0.643398
0.642853
0.642304
0.641756
0.641199
0.640663
0.640115
0.639572
0.639018
0.638485
0.637941
0.637397
0.636850
0.636322
0.635781
0.635243
0.634700
0.634173
0.633634
0.633102
0.632561
0.632038
0.631507
0.630976
0.630438
0.629916
0.629386
0.628861
0.628327
0.627812
0.627286
0.626763
0.626229
0.625719
0.625195
0.624678
0.624150
0.623640
0.623121
0.622605
0.622080
0.621575
0.621061
0.620550
0.620023
0.619525
0.619016
0.618506
0.617988
0.617490
0.616980
0.616476
0.615960
0.615465
0.614961
0.614459
0.613943
0.613456
0.612955
0.612454
0.611947
0.611456
0.610957
0.610462
0.609957
0.609473
0.608979
0.608487
0.607985
0.607499
0.607007
0.606519
0.606021
0.605539
0.605054
0.604566
0.604073
0.603595
0.603110
0.602627
0.602137
0.601663
0.601179
0.600700
0.600210
0.599741
0.599260
0.598783
0.598298
0.597828
0.597355
0.596881
0.596400
0.595935
0.595463
0.594988
0.594507
0.594050
0.593580
0.593112
0.592634
0.592175
0.591708
0.591242
0.590773
0.590313
0.589851
0.589387
0.588911
0.588465
0.588002
0.587542
0.587076
0.586625
0.586166
0.585710
0.585247
0.584797
0.584342
0.583890
0.583430
0.582982
0.582532
0.582081
0.581623
0.581178
0.580730
0.580281
0.579823
0.579385
0.578939
0.578495
0.578043
0.577605
0.577161
0.576716
0.576268
0.575832
0.575392
0.574949
0.574503
0.574071
0.573632
0.573195
0.572753
0.572324
0.571887
0.571453
0.571009
0.570584
0.570150
0.569719
0.569280
0.568855
0.568425
0.567993
0.567558
0.567136
0.566707
0.566281
0.565838
0.565429
0.565005
0.564579
0.564150
0.563732
0.563308
0.562889
0.562455
0.562045
0.561625
0.561205
0.560779
0.560368
0.559951
0.559534
0.559109
0.558701
0.558287
0.557870
0.557449
0.557044
0.556629
0.556218
0.555799
0.555394
0.554985
0.554575
0.554158
0.553758
0.553349
0.552944
0.552524
0.552130
0.551725
0.551319
0.550910
0.550512
0.550108
0.549706
0.549298
0.548903
0.548501
0.548100
0.547693
0.547302
0.546903
0.546505
0.546103
0.545713
0.545316
0.544921
0.544518
0.544131
0.543738
0.543344
0.542944
0.542559
0.542167
0.541776
0.541379
0.540996
0.540605
0.540217
0.539818
0.539441
0.539055
0.538668
0.538278
0.537896
0.537512
0.537129
0.536735
0.536359
0.535976
0.535596
0.535207
0.534833
0.534453
0.534071
0.533686
0.533312
0.532936
0.532558
0.532175
0.531805
0.531428
0.531051
0.530670
0.530302
0.529927
0.529554
0.529174
0.528808
0.528437
0.528065
0.527688
0.527325
0.526954
0.526584
0.526205
0.525846
0.525479
0.525112
0.524739
0.524378
0.524011
0.523647
0.523276
0.522917
0.522554
0.522190
0.521820
0.521466
0.521103
0.520743
0.520376
0.520023
0.519662
0.519303
0.518939
0.518585
0.518228
0.517870
0.517509
0.517159
0.516802
0.516448
0.516085
0.515737
0.515383
0.515032
0.514672
0.514326
0.513973
0.513622
0.513266
0.512920
0.512570
0.512220
0.511862
0.511522
0.511174
0.510828
0.510474
0.510134
0.509786
0.509442
0.509091
0.508751
0.508406
0.508064
0.507714
0.507376
0.507033
0.506693
0.506345
0.506011
0.505668
0.505328
0.504984
0.504651
0.504311
0.503973
0.503630
0.503299
0.502961
0.502623
0.502280
0.501953
0.501616
0.501281
0.500942
0.500615
0.500282
0.499949
0.499607
0.499283
0.498952
0.498620
0.498285
0.497958
0.497628
0.497299
0.496966
0.496643
0.496315
0.495987
0.495653
0.495332
0.495005
0.494680
0.494349
0.494030
0.493704
0.493381
0.493050
0.492732
0.492409
0.492088
0.491760
0.491443
0.491123
0.490801
0.490477
0.490161
0.489841
0.489522
0.489199
0.488885
0.488565
0.488250
0.487925
0.487615
0.487299
0.486983
0.486662
0.486353
0.486038
0.485724
0.485400
0.485096
0.484783
0.484469
0.484153
0.483845
0.483533
0.483224
0.482904
0.482603
0.482294
0.481983
0.481669
0.481366
0.481056
0.480750
0.480436
0.480134
0.479828
0.479523
0.479210
0.478911
0.478605
0.478300
0.477992
0.477693
0.477388
0.477084
0.476778
0.476481
0.476178
0.475875
0.475570
0.475275
0.474975
0.474674
0.474369
0.474075
0.473776
0.473477
0.473173
0.472880
0.472584
0.472287
0.471980
0.471692
0.471397
0.471101
0.470801
0.470511
0.470215
0.469923
0.469623
0.469334
0.469042
0.468749
0.468451
0.468164
0.467873
0.467582
0.467283
0.467002
0.466710
0.466421
0.466125
0.465842
0.465553
0.465264
0.464972
0.464690
0.464403
0.464115
0.463825
0.463542
0.463257
0.462970
0.462677
0.462401
0.462116
0.461832
0.461545
0.461265
0.460982
0.460700
0.460412
0.460134
0.459854
0.459573
0.459287
0.459009
0.458731
0.458451
0.458166
0.457890
0.457613
0.457333
0.457049
0.456777
0.456500
0.456222
0.455941
0.455669
0.455393
0.455116
0.454837
0.454565
0.454292
0.454016
0.453737
0.453468
0.453195
0.452921
0.452644
0.452375
0.452104
0.451832
0.451555
0.451289
0.451018
0.450748
0.450472
0.450207
0.449937
0.449668
0.449395
0.449130
0.448862
0.448595
0.448322
0.448059
0.447791
0.447524
0.447254
0.446993
0.446726
0.446460
0.446191
0.445931
0.445665
0.445401
0.445133
0.444874
0.444610
0.444347
0.444081
0.443824
0.443561
0.443299
0.443034
0.442776
0.442514
0.442254
0.441991
0.441736
0.441474
0.441216
0.440953
0.440698
0.440439
0.440182
0.439919
0.439667
0.439409
0.439152
0.438891
0.438640
0.438384
0.438128
0.437869
0.437617
0.437362
0.437108
0.436850
0.436600
0.436345
0.436094
0.435836
0.435588
0.435335
0.435083
0.434827
0.434579
0.434328
0.434077
0.433822
0.433576
0.433326
0.433075
0.432817
0.432577
0.432328
0.432079
0.431827
0.431583
0.431334
0.431087
0.430835
0.430593
0.430346
0.430100
0.429850
0.429608
0.429363
0.429117
0.428862
0.428627
0.428382
0.428139
0.427891
0.427652
0.427408
0.427165
0.426919
0.426680
0.426437
0.426195
0.425951
0.425712
0.425471
0.425231
0.424985
0.424748
0.424508
0.424270
0.424026
0.423792
0.423551
0.423313
0.423069
0.422836
0.422598
0.422362
0.422121
0.421887
0.421649
0.421414
0.421173
0.420941
0.420704
0.420470
0.420232
0.419999
0.419764
0.419529
0.419292
0.419063
0.418829
0.418595
0.418355
0.418129
0.417897
0.417664
0.417429
0.417200
0.416969
0.416738
0.416500
0.416274
0.416046
0.415814
0.415581
0.415355
0.415125
0.414895
0.414663
0.414437
0.414209
0.413982
0.413750
0.413525
0.413298
0.413070
0.412836
0.412616
0.412391
0.412165
0.411933
0.411712
0.411487
0.411260
0.411032
0.410812
0.410587
0.410362
0.410135
0.409915
0.409691
0.409469
0.409241
0.409023
0.408799
0.408577
0.408352
0.408134
0.407911
0.407691
0.407466
0.407248
0.407027
0.406807
0.406580
0.406366
0.406147
0.405928
0.405705
0.405490
0.405270
0.405052
0.404829
0.404615
0.404397
0.404180
0.403959
0.403745
0.403528
0.403312
0.403091
0.402880
0.402664
0.402448
0.402229
0.402017
0.401802
0.401588
0.401368
0.401157
0.400945
0.400730
0.400513
0.400303
0.400090
0.399876
0.399660
0.399451
0.399239
0.399027
0.398811
0.398603
0.398392
0.398181
0.397967
0.397760
0.397548
0.397338
0.397125
0.396919
0.396709
0.396499
0.396287
0.396081
0.395873
0.395665
0.395452
0.395247
0.395040
0.394833
0.394620
0.394417
0.394210
0.394004
0.393792
0.393591
0.393386
0.393180
0.392971
0.392768
0.392562
0.392358
0.392148
0.391947
0.391743
0.391539
0.391332
0.391132
0.390928
0.390725
0.390517
0.390319
0.390115
0.389913
0.389707
0.389508
0.389307
0.389106
0.388901
0.388704
0.388502
0.388302
0.388097
0.387899
0.387700
0.387500
0.387296
0.387100
0.386901
0.386702
0.386499
0.386304
0.386106
0.385907
0.385705
0.385511
0.385313
0.385116
0.384913
0.384722
0.384524
0.384328
0.384126
0.383935
0.383739
0.383542
0.383344
0.383152
0.382956
0.382761
0.382563
0.382372
0.382177
0.381982
0.381786
0.381594
0.381401
0.381207
0.381010
0.380820
0.380627
0.380435
0.380238
0.380050
0.379858
0.379665
0.379471
0.379281
0.379091
0.378900
0.378705
0.378517
0.378327
0.378136
0.377943
0.377755
0.377567
0.377376
0.377184
0.376998
0.376808
0.376619
0.376427
0.376243
0.376054
0.375866
0.375674
0.375490
0.375303
0.375115
0.374924
0.374741
0.374553
0.374367
0.374177
0.373995
0.373809
0.373622
0.373433
0.373251
0.373066
0.372881
0.372693
0.372511
0.372326
0.372142
0.371954
0.371773
0.371589
0.371406
0.371219
0.371039
0.370855
0.370672
0.370485
0.370307
0.370125
0.369942
0.369757
0.369578
0.369397
0.369215
0.369030
0.368853
0.368671
0.368491
0.368307
0.368130
0.367949
0.367768
0.367584
0.367409
0.367229
0.367050
0.366865
0.366692
0.366512
0.366333
0.366147
0.365977
0.365799
0.365621
0.365437
0.365264
0.365088
0.364910
0.364728
0.364556
0.364380
0.364202
0.364023
0.363850
0.363673
0.363498
0.363319
0.363146
0.362970
0.362795
0.362617
0.362445
0.362271
0.362096
0.361919
0.361746
0.361573
0.361398
0.361221
0.361051
0.360877
0.360705
0.360526
0.360358
0.360186
0.360013
0.359837
0.359668
0.359496
0.359324
0.359148
0.358981
0.358809
0.358638
0.358464
0.358295
0.358126
0.357954
0.357781
0.357614
0.357443
0.357273
0.357101
0.356934
0.356764
0.356595
0.356421
0.356257
0.356088
0.355919
0.355746
0.355582
0.355413
0.355246
0.355075
0.354910
0.354743
0.354575
0.354405
0.354240
0.354074
0.353907
0.353737
0.353574
0.353407
0.353242
0.353070
0.352909
0.352744
0.352578
0.352410
0.352247
0.352082
0.351917
0.351747
0.351588
0.351423
0.351259
0.351093
0.350931
0.350767
0.350603
0.350437
0.350276
0.350113
0.349950
0.349784
0.349623
0.349462
0.349299
0.349134
0.348974
0.348812
0.348650
0.348486
0.348326
0.348166
0.348005
0.347841
0.347683
0.347521
0.347360
0.347198
0.347039
0.346880
0.346720
0.346557
0.346400
0.346239
0.346080
0.345918
0.345761
0.345603
0.345444
0.345283
0.345126
0.344968
0.344809
0.344649
0.344494
0.344335
0.344177
0.344017
0.343862
0.343705
0.343548
0.343388
0.343234
0.343077
0.342920
0.342762
0.342608
0.342451
0.342295
0.342136
0.341983
0.341828
0.341672
0.341515
0.341362
0.341207
0.341052
0.340895
0.340742
0.340588
0.340433
0.340276
0.340126
0.339972
0.339818
0.339661
0.339510
0.339357
0.339204
0.339048
0.338898
0.338745
0.338592
0.338437
0.338287
0.338135
0.337983
0.337828
0.337679
0.337528
0.337376
0.337222
0.337073
0.336922
0.336771
0.336617
0.336469
0.336318
0.336168
0.336015
0.335867
0.335717
0.335567
0.335414
0.335267
0.335118
0.334969
0.334816
0.334670
0.334521
0.334372
0.334221
0.334075
0.333925
0.333777
0.333627
0.333482
0.333333
0.333186
0.333036
0.332890
0.332743
0.332595
0.332446
0.332302
0.332154
0.332008
0.331858
0.331714
0.331568
0.331421
0.331273
0.331129
0.330984
0.330837
0.330690
0.330547
0.330401
0.330256
0.330109
0.329966
0.329820
0.329675
0.329529
0.329387
0.329242
0.329098
0.328951
0.328810
0.328666
0.328523
0.328377
0.328236
0.328092
0.327949
0.327803
0.327663
0.327519
0.327377
0.327231
0.327092
0.326949
0.326808
0.326662
0.326523
0.326382
0.326240
0.326094
0.325956
0.325815
0.325673
0.325530
0.325392
0.325250
0.325110
0.324967
0.324829
0.324688
0.324548
0.324406
0.324268
0.324128
0.323988
0.323846
0.323709
0.323569
0.323431
0.323289
0.323152
0.323013
0.322874
0.322733
0.322597
0.322459
0.322320
0.322179
0.322044
0.321906
0.321767
0.321628
0.321492
0.321355
0.321217
0.321078
0.320943
0.320806
0.320669
0.320530
0.320395
0.320258
0.320121
0.319983
0.319850
0.319713
0.319578
0.319439
0.319305
0.319170
0.319034
0.318897
0.318764
0.318629
0.318493
0.318356
0.318224
0.318088
0.317954
0.317817
0.317685
0.317551
0.317417
0.317280
0.317148
0.317014
0.316881
0.316745
0.316614
0.316480
0.316348
0.316212
0.316081
0.315948
0.315815
0.315680
0.315550
0.315417
0.315285
0.315150
0.315021
0.314888
0.314756
0.314621
0.314493
0.314362
0.314230
0.314096
0.313968
0.313836
0.313705
0.313570
0.313443
0.313312
0.313181
0.313050
0.312921
0.312790
0.312660
0.312529
0.312400
0.312270
0.312140
0.312008
0.311881
0.311752
0.311622
0.311489
0.311364
0.311235
0.311106
0.310976
0.310849
0.310720
0.310592
0.310462
0.310335
0.310206
0.310079
0.309948
0.309823
0.309695
0.309568
0.309438
0.309313
0.309185
0.309058
0.308929
0.308805
0.308678
0.308551
0.308422
0.308297
0.308171
0.308044
0.307915
0.307792
0.307666
0.307540
0.307412
0.307288
0.307162
0.307037
0.306910
0.306786
0.306661
0.306535
0.306409
0.306286
0.306161
0.306037
0.305910
0.305787
0.305663
0.305538
0.305412
0.305290
0.305166
0.305042
0.304916
0.304795
0.304671
0.304547
0.304422
0.304301
0.304178
0.304054
0.303930
0.303809
0.303685
0.303562
0.303437
0.303318
0.303195
0.303073
0.302949
0.302828
0.302706
0.302585
0.302461
0.302341
0.302219
0.302098
0.301974
0.301855
0.301733
0.301613
0.301489
0.301370
0.301249
0.301129
0.301006
0.300888
0.300767
0.300647
0.300525
0.300406
0.300286
0.300166
0.300045
0.299926
0.299807
0.299687
0.299566
0.299448
0.299329
0.299210
0.299088
0.298971
0.298853
0.298734
0.298613
0.298496
0.298377
0.298260
0.298139
0.298023
0.297904
0.297787
0.297666
0.297550
0.297432
0.297315
0.297196
0.297080
0.296962
0.296845
0.296726
0.296611
0.296493
0.296377
0.296258
0.296143
0.296025
0.295909
0.295790
0.295676
0.295560
0.295444
0.295326
0.295211
0.295096
0.294979
0.294862
0.294748
0.294633
0.294517
0.294400
0.294286
0.294171
0.294056
0.293939
0.293826
0.293711
0.293596
0.293478
0.293367
0.293253
0.293138
0.293021
0.292909
0.292795
0.292681
0.292565
0.292453
0.292339
0.292225
0.292110
0.291998
0.291884
0.291772
0.291657
0.291545
0.291432
0.291319
0.291204
0.291093
0.290980
0.290867
0.290753
0.290643
0.290530
0.290418
0.290303
0.290193
0.290081
0.289970
0.289856
0.289746
0.289634
0.289523
0.289409
0.289300
0.289188
0.289076
0.288964
0.288855
0.288743
0.288632
0.288519
0.288410
0.288300
0.288190
0.288076
0.287969
0.287858
0.287748
0.287636
0.287527
0.287417
0.287308
0.287196
0.287088
0.286978
0.286869
0.286757
0.286650
0.286541
0.286431
0.286320
0.286212
0.286104
0.285995
0.285883
0.285777
0.285669
0.285560
0.285450
0.285343
0.285234
0.285126
0.285016
0.284910
0.284802
0.284694
0.284583
0.284478
0.284371
0.284263
0.284154
0.284048
0.283940
0.283833
0.283725
0.283620
0.283512
0.283405
0.283296
0.283192
0.283085
0.282978
0.282870
0.282765
0.282658
0.282552
0.282444
0.282340
0.282234
0.282128
0.282020
0.281916
0.281810
0.281705
0.281596
0.281493
0.281388
0.281282
0.281176
0.281073
0.280967
0.280862
0.280755
0.280652
0.280547
0.280443
0.280336
0.280233
0.280128
0.280024
0.279918
0.279816
0.279711
0.279608
0.279502
0.279399
0.279296
0.279192
0.279086
0.278984
0.278881
0.278778
0.278672
0.278570
0.278467
0.278364
0.278259
0.278158
0.278055
0.277952
0.277848
0.277746
0.277644
0.277541
0.277437
0.277336
0.277234
0.277132
0.277028
0.276928
0.276826
0.276724
0.276620
0.276519
0.276418
0.276316
0.276213
0.276113
0.276011
0.275910
0.275806
0.275707
0.275606
0.275505
0.275402
0.275303
0.275203
0.275102
0.274999
0.274900
0.274799
0.274699
0.274597
0.274499
0.274398
0.274298
0.274196
0.274098
0.273997
0.273898
0.273796
0.273698
0.273599
0.273499
0.273398
0.273300
0.273201
0.273101
0.273001
0.272903
0.272804
0.272705
0.272604
0.272507
0.272408
0.272309
0.272209
0.272112
0.272013
0.271915
0.271815
0.271718
0.271620
0.271522
0.271422
0.271326
0.271228
0.271130
0.271031
0.270934
0.270836
0.270739
0.270639
0.270544
0.270446
0.270349
0.270251
0.270154
0.270058
0.269960
0.269861
0.269766
0.269670
0.269573
0.269475
0.269379
0.269283
0.269186
0.269089
0.268994
0.268897
0.268801
0.268703
0.268609
0.268513
0.268417
0.268320
0.268225
0.268130
0.268034
0.267937
0.267843
0.267747
0.267652
0.267554
0.267461
0.267366
0.267271
0.267174
0.267081
0.266986
0.266891
0.266795
0.266701
0.266607
0.266512
0.266415
0.266323
0.266229
0.266135
0.266038
0.265946
0.265852
0.265758
0.265662
0.265570
0.265476
0.265383
0.265287
0.265195
0.265101
0.265008
0.264912
0.264821
0.264728
0.264634
0.264539
0.264448
0.264355
0.264262
0.264168
0.264076
0.263983
0.263891
0.263796
0.263705
0.263613
0.263520
0.263426
0.263336
0.263243
0.263151
0.263056
0.262967
0.262875
0.262783
0.262689
0.262599
0.262507
0.262416
0.262323
0.262232
0.262141
0.262050
0.261957
0.261867
0.261776
0.261684
0.261591
0.261502
0.261411
0.261320
0.261228
0.261138
0.261048
0.260957
0.260865
0.260776
0.260685
0.260595
0.260503
0.260414
0.260324
0.260234
0.260142
0.260053
0.259964
0.259873
0.259782
0.259694
0.259604
0.259515
0.259423
0.259336
0.259246
0.259156
0.259065
0.258978
0.258889
0.258799
0.258709
0.258621
0.258531
0.258443
0.258353
0.258265
0.258176
0.258087
0.257997
0.257910
0.257822
0.257734
0.257644
0.257557
0.257468
0.257380
0.257290
0.257204
0.257116
0.257028
0.256939
0.256852
0.256765
0.256677
0.256587
0.256502
0.256414
0.256326
0.256237
0.256152
0.256064
0.255977
0.255889
0.255803
0.255716
0.255629
0.255540
0.255454
0.255368
0.255281
0.255193
0.255108
0.255021
0.254935
0.254846
0.254762
0.254675
0.254589
0.254501
0.254416
0.254330
0.254244
0.254157
0.254072
0.253986
0.253900
0.253814
0.253729
0.253643
0.253558
0.253471
0.253387
0.253301
0.253216
0.253129
0.253045
0.252960
0.252874
0.252788
0.252705
0.252619
0.252535
0.252448
0.252365
0.252280
0.252195
0.252110
0.252026
0.251941
0.251857
0.251772
0.251689
0.251604
0.251520
0.251434
0.251352
0.251267
0.251184
0.251098
0.251016
0.250932
0.250848
0.250763
0.250681
0.250597
0.250514
0.250428
0.250347
0.250263
0.250179
0.250095
0.250013
0.249930
0.249847
0.249762
0.249681
0.249598
0.249515
0.249431
0.249349
0.249266
0.249184
0.249100
0.249018
0.248936
0.248854
0.248769
0.248689
0.248606
0.248524
0.248441
0.248360
0.248278
0.248196
0.248112
0.248032
0.247950
0.247868
0.247785
0.247704
0.247623
0.247542
0.247458
0.247378
0.247297
0.247216
0.247133
0.247053
0.246972
0.246890
0.246808
0.246728
0.246647
0.246566
0.246484
0.246404
0.246324
0.246243
0.246161
0.246082
0.246001
0.245920
0.245839
0.245760
0.245679
0.245599
0.245518
0.245438
0.245358
0.245278
0.245196
0.245118
0.245038
0.244958
0.244876
0.244798
0.244719
0.244639
0.244558
0.244480
0.244400
0.244321
0.244240
0.244162
0.244083
0.244004
0.243923
0.243845
0.243766
0.243686
0.243607
0.243529
0.243450
0.243371
0.243290
0.243213
0.243134
0.243056
0.242976
0.242899
0.242820
0.242742
0.242662
0.242585
0.242506
0.242428
0.242349
0.242272
0.242194
0.242116
0.242037
0.241960
0.241882
0.241804
0.241725
0.241648
0.241571
0.241493
0.241414
0.241338
0.241260
0.241183
0.241104
0.241028
0.240951
0.240874
0.240795
0.240719
0.240642
0.240565
0.240486
0.240411
0.240334
0.240257
0.240179
0.240104
0.240027
0.239950
0.239871
0.239797
0.239721
0.239644
0.239566
0.239491
0.239415
0.239339
0.239261
0.239186
0.239110
0.239034
0.238957
0.238882
0.238806
0.238730
0.238653
0.238578
0.238503
0.238427
0.238350
0.238276
0.238200
0.238125
0.238048
0.237974
0.237898
0.237823
0.237747
0.237673
0.237597
0.237522
0.237446
0.237372
0.237297
0.237222
0.237146
0.237072
0.236998
0.236923
0.236847
0.236774
0.236699
0.236624
0.236548
0.236475
0.236401
0.236326
0.236251
0.236178
0.236104
0.236030
0.235955
0.235881
0.235807
0.235733
0.235658
0.235585
0.235512
0.235438
0.235363
0.235290
0.235216
0.235143
0.235068
0.234996
0.234922
0.234849
0.234774
0.234702
0.234629
0.234555
0.234481
0.234409
0.234336
0.234263
0.234188
0.234117
0.234044
0.233971
0.233897
0.233825
0.233752
0.233680
0.233606
0.233535
0.233462
0.233389
0.233316
0.233245
0.233172
0.233100
0.233026
0.232955
0.232883
0.232811
0.232738
0.232667
0.232594
0.232522
0.232449
0.232379
0.232307
0.232235
0.232162
0.232092
0.232020
0.231948
0.231874
0.231805
0.231733
0.231662
0.231589
0.231519
0.231448
0.231376
0.231304
0.231234
0.231163
0.231092
0.231019
0.230950
0.230879
0.230808
0.230736
0.230666
0.230595
0.230524
0.230452
0.230383
0.230312
0.230242
0.230170
0.230101
0.230030
0.229960
0.229889
0.229819
0.229749
0.229678
0.229607
0.229538
0.229468
0.229398
0.229327
0.229258
0.229188
0.229118
0.229047
0.228978
0.228909
0.228839
0.228768
0.228699
0.228630
0.228560
0.228490
0.228421
0.228352
0.228283
0.228212
0.228144
0.228075
0.228005
0.227935
0.227867
0.227798
0.227729
0.227657
0.227591
0.227522
0.227453
0.227382
0.227315
0.227246
0.227178
0.227108
0.227041
0.226972
0.226903
0.226834
0.226766
0.226698
0.226630
0.226560
0.226493
0.226425
0.226356
0.226287
0.226220
0.226152
0.226084
0.226014
0.225948
0.225880
0.225812
0.225743
0.225676
0.225609
0.225541
0.225472
0.225406
0.225338
0.225270
0.225201
0.225135
0.225068
0.225000
0.224932
0.224866
0.224798
0.224731
0.224663
0.224597
0.224530
0.224463
0.224394
0.224328
0.224261
0.224194
0.224127
0.224061
0.223994
0.223927
0.223859
0.223794
0.223727
0.223660
0.223593
0.223527
0.223461
0.223394
0.223327
0.223261
0.223195
0.223129
0.223062
0.222997
0.222930
0.222864
0.222797
0.222732
0.222666
0.222600
0.222533
0.222468
0.222402
0.222337
0.222269
0.222205
0.222139
0.222074
0.222007
0.221942
0.221877
0.221811
0.221744
0.221680
0.221615
0.221549
0.221483
0.221419
0.221353
0.221288
0.221222
0.221158
0.221093
0.221028
0.220961
0.220898
0.220833
0.220768
0.220702
0.220638
0.220574
0.220509
0.220443
0.220379
0.220315
0.220250
0.220185
0.220121
0.220057
0.219992
0.219926
0.219863
0.219799
0.219735
0.219670
0.219606
0.219542
0.219478
0.219413
0.219350
0.219286
0.219222
0.219157
0.219094
0.219030
0.218966
0.218901
0.218838
0.218774
0.218711
0.218646
0.218584
0.218520
0.218457
0.218392
0.218330
0.218266
0.218203
0.218139
0.218076
0.218013
0.217949
0.217885
0.217823
0.217760
0.217697
0.217633
0.217571
0.217508
0.217445
0.217381
0.217319
0.217256
0.217194
0.217129
0.217068
0.217005
0.216943
0.216879
0.216817
0.216755
0.216692
0.216629
0.216567
0.216505
0.216442
0.216379
0.216318
0.216256
0.216193
0.216130
0.216069
0.216007
0.215945
0.215882
0.215820
0.215758
0.215696
0.215634
0.215573
0.215511
0.215449
0.215386
0.215326
0.215264
0.215202
0.215140
0.215079
0.215018
0.214956
0.214893
0.214833
0.214772
0.214710
0.214648
0.214587
0.214526
0.214465
0.214402
0.214342
0.214282
0.214220
0.214158
0.214098
0.214037
0.213976
0.213914
0.213854
0.213793
0.213733
0.213671
0.213611
0.213550
0.213490
0.213428
0.213369
0.213308
0.213247
0.213185
0.213126
0.213066
0.213005
0.212944
0.212885
0.212824
0.212764
0.212703
0.212643
0.212583
0.212523
0.212462
0.212403
0.212343
0.212283
0.212222
0.212163
0.212103
0.212043
0.211982
0.211924
0.211864
0.211804
0.211743
0.211685
0.211625
0.211565
0.211505
0.211447
0.211387
0.211327
0.211267
0.211209
0.211149
0.211090
0.211029
0.210971
0.210912
0.210853
0.210793
0.210734
0.210675
0.210616
0.210556
0.210498
0.210439
0.210381
0.210320
0.210262
0.210204
0.210145
0.210085
0.210027
0.209969
0.209910
0.209849
0.209793
0.209734
0.209676
0.209616
0.209559
0.209500
0.209442
0.209381
0.209325
0.209267
0.209209
0.209149
0.209092
0.209034
0.208976
0.208917
0.208860
0.208802
0.208744
0.208685
0.208627
0.208569
0.208512
0.208452
0.208396
0.208338
0.208281
0.208222
0.208165
0.208107
0.208050
0.207991
0.207934
0.207877
0.207820
0.207760
0.207704
0.207647
0.207590
0.207531
0.207475
0.207418
0.207361
0.207302
0.207246
0.207189
0.207132
0.207073
0.207018
0.206961
0.206904
0.206846
0.206790
0.206733
0.206676
0.206618
0.206562
0.206505
0.206449
0.206391
0.206335
0.206278
0.206222
0.206165
0.206109
0.206052
0.205996
0.205938
0.205883
0.205826
0.205770
0.205713
0.205657
0.205601
0.205545
0.205487
0.205432
0.205376
0.205320
0.205263
0.205208
0.205152
0.205096
0.205039
0.204984
0.204928
0.204872
0.204815
0.204760
0.204705
0.204649
0.204592
0.204537
0.204482
0.204426
0.204369
0.204315
0.204259
0.204204
0.204147
0.204093
0.204037
0.203982
0.203925
0.203871
0.203816
0.203760
0.203704
0.203650
0.203595
0.203540
0.203484
0.203430
0.203374
0.203319
0.203263
0.203209
0.203154
0.203099
0.203043
0.202990
0.202935
0.202880
0.202824
0.202771
0.202715
0.202661
0.202605
0.202552
0.202497
0.202442
0.202387
0.202333
0.202279
0.202225
0.202169
0.202116
0.202062
0.202007
0.201952
0.201898
0.201844
0.201790
0.201733
0.201681
0.201627
0.201573
0.201519
0.201465
0.201411
0.201357
0.201302
0.201249
0.201196
0.201142
0.201087
0.201034
0.200980
0.200926
0.200872
0.200819
0.200765
0.200711
0.200657
0.200604
0.200551
0.200497
0.200443
0.200390
0.200337
0.200283
0.200229
0.200177
0.200123
0.200070
0.200016
0.199963
0.199910
0.199857
0.199803
0.199751
0.199698
0.199645
0.199591
0.199538
0.199486
0.199432
0.199379
0.199327
0.199274
0.199221
0.199167
0.199115
0.199063
0.199010
0.198956
0.198905
0.198852
0.198799
0.198746
0.198694
0.198642
0.198589
0.198536
0.198484
0.198432
0.198379
0.198326
0.198275
0.198222
0.198170
0.198116
0.198065
0.198013
0.197961
0.197908
0.197857
0.197804
0.197752
0.197699
0.197648
0.197596
0.197544
0.197492
0.197441
0.197389
0.197337
0.197284
0.197233
0.197181
0.197130
0.197077
0.197026
0.196975
0.196923
0.196871
0.196820
0.196768
0.196717
0.196664
0.196614
0.196562
0.196511
0.196459
0.196408
0.196357
0.196305
0.196253
0.196203
0.196152
0.196101
0.196048
0.195998
0.195947
0.195896
0.195844
0.195794
0.195743
0.195692
0.195640
0.195590
0.195539
0.195488
0.195436
0.195386
0.195335
0.195285
0.195233
0.195183
0.195133
0.195082
0.195030
0.194981
0.194930
0.194879
0.194828
0.194779
0.194728
0.194678
0.194626
0.194577
0.194526
0.194476
0.194424
0.194375
0.194325
0.194275
0.194224
0.194174
0.194124
0.194074
0.194023
0.193974
0.193923
0.193874
0.193823
0.193773
0.193724
0.193673
0.193623
0.193574
0.193524
0.193474
0.193423
0.193374
0.193325
0.193275
0.193225
0.193175
0.193126
0.193076
0.193026
0.192977
0.192928
0.192878
0.192827
0.192779
0.192730
0.192680
0.192629
0.192581
0.192532
0.192482
0.192432
0.192384
0.192334
0.192285
0.192236
0.192187
0.192138
0.192088
0.192039
0.191990
0.191942
0.191892
0.191842
0.191794
0.191745
0.191696
0.191647
0.191599
0.191550
0.191501
0.191451
0.191404
0.191355
0.191306
0.191256
0.191208
0.191160
0.191111
0.191062
0.191014
0.190965
0.190917
0.190868
0.190820
0.190772
0.190723
0.190674
0.190626
0.190578
0.190529
0.190481
0.190433
0.190385
0.190336
0.190287
0.190240
0.190192
0.190144
0.190095
0.190047
0.189999
0.189951
0.189902
0.189855
0.189808
0.189759
0.189711
0.189664
0.189616
0.189568
0.189519
0.189472
0.189424
0.189377
0.189328
0.189281
0.189234
0.189186
0.189138
0.189091
0.189043
0.188996
0.188947
0.188900
0.188853
0.188805
0.188757
0.188711
0.188663
0.188616
0.188568
0.188521
0.188474
0.188427
0.188378
0.188332
0.188285
0.188238
0.188190
0.188143
0.188096
0.188049
0.188001
0.187955
0.187908
0.187861
0.187813
0.187767
0.187720
0.187673
0.187626
0.187580
0.187533
0.187486
0.187438
0.187393
0.187346
0.187299
0.187252
0.187206
0.187159
0.187112
0.187065
0.187019
0.186973
0.186926
0.186879
0.186833
0.186787
0.186740
0.186692
0.186647
0.186601
0.186555
0.186508
0.186462
0.186416
0.186370
0.186323
0.186277
0.186231
0.186185
0.186138
0.186093
0.186047
0.186000
0.185954
0.185908
0.185862
0.185816
0.185770
0.185724
0.185679
0.185633
0.185586
0.185541
0.185495
0.185449
0.185402
0.185358
0.185312
0.185266
0.185220
0.185175
0.185129
0.185084
0.185038
0.184993
0.184947
0.184902
0.184855
0.184810
0.184765
0.184720
0.184674
0.184629
0.184583
0.184538
0.184492
0.184447
0.184402
0.184357
0.184311
0.184267
0.184221
0.184176
0.184130
0.184086
0.184041
0.183996
0.183950
0.183906
0.183861
0.183816
0.183770
0.183726
0.183681
0.183636
0.183590
0.183546
0.183501
0.183456
0.183411
0.183367
0.183322
0.183278
0.183232
0.183188
0.183143
0.183099
0.183053
0.183009
0.182965
0.182921
0.182875
0.182831
0.182787
0.182742
0.182697
0.182653
0.182609
0.182565
0.182519
0.182476
0.182432
0.182387
0.182343
0.182299
0.182254
0.182210
0.182165
0.182122
0.182078
0.182034
0.181989
0.181946
0.181902
0.181858
0.181813
0.181769
0.181726
0.181682
0.181637
0.181594
0.181550
0.181506
0.181461
0.181418
0.181374
0.181331
0.181286
0.181243
0.181200
0.181156
0.181111
0.181069
0.181025
0.180981
0.180937
0.180894
0.180851
0.180807
0.180763
0.180720
0.180676
0.180633
0.180589
0.180546
0.180503
0.180459
0.180415
0.180373
0.180329
0.180286
0.180242
0.180200
0.180156
0.180113
0.180069
0.180027
0.179984
0.179941
0.179897
0.179854
0.179811
0.179768
0.179725
0.179683
0.179639
0.179597
0.179553
0.179511
0.179468
0.179425
0.179381
0.179339
0.179297
0.179254
0.179210
0.179168
0.179126
0.179083
0.179039
0.178997
0.178955
0.178912
0.178868
0.178827
0.178784
0.178742
0.178698
0.178657
0.178614
0.178572
0.178529
0.178487
0.178445
0.178402
0.178359
0.178317
0.178275
0.178233
0.178190
0.178148
0.178106
0.178064
0.178021
0.177979
0.177937
0.177895
0.177852
0.177811
0.177769
0.177727
0.177684
0.177643
0.177601
0.177559
0.177516
0.177475
0.177433
0.177391
0.177348
0.177307
0.177265
0.177224
0.177181
0.177140
0.177098
0.177057
0.177014
0.176973
0.176931
0.176890
0.176847
0.176807
0.176765
0.176723
0.176681
0.176640
0.176599
0.176557
0.176515
0.176474
0.176433
0.176391
0.176349
0.176308
0.176267
0.176226
0.176184
0.176143
0.176102
0.176060
0.176018
0.175978
0.175937
0.175896
0.175854
0.175813
0.175772
0.175731
0.175689
0.175649
0.175608
0.175567
0.175525
0.175485
0.175444
0.175403
0.175361
0.175321
0.175280
0.175239
0.175197
0.175157
0.175116
0.175076
0.175034
0.174994
0.174953
0.174913
0.174871
0.174831
0.174791
0.174750
0.174709
0.174669
0.174628
0.174587
0.174546
0.174506
0.174466
0.174425
0.174384
0.174344
0.174304
0.174263
0.174222
0.174182
0.174142
0.174102
0.174061
0.174021
0.173981
0.173941
0.173900
0.173860
0.173820
0.173780
0.173739
0.173699
0.173659
0.173619
0.173578
0.173539
0.173499
0.173459
0.173417
0.173379
0.173338
0.173299
0.173258
0.173219
0.173179
0.173139
0.173098
0.173059
0.173019
0.172979
0.172938
0.172900
0.172860
0.172820
0.172780
0.172741
0.172701
0.172661
0.172621
0.172582
0.172542
0.172503
0.172462
0.172423
0.172384
0.172344
0.172304
0.172265
0.172226
0.172186
0.172146
0.172107
0.172068
0.172028
0.171988
0.171950
0.171910
0.171871
0.171830
0.171792
0.171753
0.171714
0.171674
0.171635
0.171596
0.171557
0.171517
0.171479
0.171439
0.171400
0.171360
0.171322
0.171283
0.171244
0.171205
0.171166
0.171127
0.171088
0.171048
0.171010
0.170971
0.170932
0.170893
0.170855
0.170816
0.170777
0.170737
0.170699
0.170661
0.170622
0.170582
0.170544
0.170506
0.170467
0.170427
0.170390
0.170351
0.170312
0.170273
0.170235
0.170196
0.170158
0.170119
0.170081
0.170042
0.170004
0.169965
0.169927
0.169889
0.169850
0.169811
0.169773
0.169735
0.169697
0.169657
0.169620
0.169582
0.169544
0.169504
0.169467
0.169429
0.169390
0.169352
0.169314
0.169276
0.169238
0.169199
0.169161
0.169124
0.169085
0.169047
0.169009
0.168971
0.168933
0.168895
0.168857
0.168820
0.168781
0.168743
0.168706
0.168668
0.168630
0.168591
0.168554
0.168517
0.168479
0.168440
0.168403
0.168365
0.168328
0.168289
0.168252
0.168215
0.168177
0.168139
0.168102
0.168064
0.168026
0.167988
0.167951
0.167914
0.167876
0.167838
0.167801
0.167764
0.167726
0.167688
0.167652
0.167614
0.167577
0.167539
0.167502
0.167464
0.167427
0.167389
0.167353
0.167315
0.167278
0.167240
0.167204
0.167166
0.167129
0.167092
0.167055
0.167018
0.166981
0.166943
0.166906
0.166869
0.166832
0.166794
0.166758
0.166721
0.166684
0.166647
0.166610
0.166573
0.166536
0.166499
0.166462
0.166426
0.166389
0.166351
0.166315
0.166278
0.166242
0.166204
0.166168
0.166131
0.166094
0.166057
0.166021
0.165984
0.165948
0.165910
0.165874
0.165838
0.165801
0.165764
0.165728
0.165692
0.165655
0.165618
0.165582
0.165545
0.165509
0.165472
0.165436
0.165400
0.165363
0.165326
0.165290
0.165254
0.165218
0.165181
0.165145
0.165109
0.165072
0.165035
0.165000
0.164964
0.164927
0.164891
0.164855
0.164819
0.164783
0.164746
0.164711
0.164674
0.164638
0.164602
0.164566
0.164530
0.164494
0.164457
0.164422
0.164386
0.164350
0.164314
0.164278
0.164242
0.164206
0.164170
0.164135
0.164099
0.164063
0.164026
0.163991
0.163955
0.163920
0.163883
0.163848
0.163812
0.163777
0.163740
0.163705
0.163670
0.163634
0.163598
0.163563
0.163527
0.163492
0.163455
0.163420
0.163385
0.163349
0.163313
0.163278
0.163243
0.163208
0.163171
0.163137
0.163101
0.163066
0.163030
0.162995
0.162959
0.162924
0.162888
0.162854
0.162818
0.162783
0.162747
0.162712
0.162677
0.162642
0.162606
0.162572
0.162536
0.162501
0.162465
0.162431
0.162396
0.162361
0.162325
0.162291
0.162256
0.162221
0.162185
0.162151
0.162115
0.162080
0.162045
0.162011
0.161976
0.161941
0.161905
0.161871
0.161836
0.161801
0.161766
0.161731
0.161697
0.161662
0.161626
0.161592
0.161557
0.161523
0.161487
0.161453
0.161419
0.161384
0.161349
0.161315
0.161280
0.161246
0.161210
0.161176
0.161142
0.161107
0.161072
0.161038
0.161004
0.160969
0.160934
0.160900
0.160866
0.160831
0.160796
0.160762
0.160728
0.160694
0.160659
0.160625
0.160590
0.160556
0.160521
0.160488
0.160453
0.160419
0.160384
0.160351
0.160316
0.160282
0.160247
0.160214
0.160180
0.160145
0.160111
0.160077
0.160043
0.160009
0.159974
0.159941
0.159907
0.159873
0.159838
0.159805
0.159771
0.159737
0.159702
0.159669
0.159635
0.159601
0.159566
0.159533
0.159499
0.159465
0.159431
0.159398
0.159364
0.159330
0.159296
0.159263
0.159229
0.159195
0.159161
0.159128
0.159094
0.159060
0.159026
0.158993
0.158959
0.158926
0.158891
0.158858
0.158825
0.158791
0.158757
0.158724
0.158691
0.158657
0.158623
0.158590
0.158556
0.158523
0.158489
0.158456
0.158423
0.158389
0.158355
0.158323
0.158289
0.158256
0.158222
0.158189
0.158156
0.158123
0.158089
0.158056
0.158023
0.157990
0.157956
0.157923
0.157890
0.157857
0.157823
0.157791
0.157757
0.157724
0.157691
0.157658
0.157625
0.157592
0.157558
0.157526
0.157493
0.157460
0.157426
0.157394
0.157361
0.157328
0.157294
0.157262
0.157229
0.157196
0.157163
0.157130
0.157097
0.157065
0.157031
0.156999
0.156966
0.156933
0.156900
0.156868
0.156835
0.156802
0.156769
0.156737
0.156704
0.156671
0.156638
0.156606
0.156574
0.156541
0.156508
0.156476
0.156443
0.156411
0.156377
0.156345
0.156313
0.156281
0.156248
0.156215
0.156183
0.156150
0.156117
0.156086
0.156053
0.156021
0.155988
0.155956
0.155924
0.155891
0.155858
0.155827
0.155794
0.155762
0.155729
0.155697
0.155665
0.155633
0.155600
0.155568
0.155536
0.155504
0.155471
0.155440
0.155408
0.155375
0.155343
0.155311
0.155279
0.155247
0.155214
0.155183
0.155151
0.155119
0.155086
0.155054
0.155023
0.154991
0.154958
0.154927
0.154895
0.154863
0.154830
0.154799
0.154767
0.154735
0.154702
0.154671
0.154640
0.154608
0.154576
0.154544
0.154512
0.154481
0.154448
0.154417
0.154385
0.154354
0.154321
0.154290
0.154258
0.154227
0.154195
0.154164
0.154132
0.154100
0.154068
0.154037
0.154006
0.153974
0.153942
0.153911
0.153879
0.153848
0.153815
0.153785
0.153753
0.153722
0.153690
0.153659
0.153628
0.153596
0.153564
0.153533
0.153502
0.153471
0.153439
0.153408
0.153377
0.153345
0.153313
0.153283
0.153251
0.153220
0.153188
0.153158
0.153126
0.153095
0.153063
0.153033
0.153002
0.152970
0.152939
0.152908
0.152877
0.152846
0.152814
0.152784
0.152753
0.152722
0.152690
0.152660
0.152629
0.152597
0.152566
0.152536
0.152505
0.152474
0.152442
0.152412
0.152381
0.152350
0.152319
0.152288
0.152257
0.152227
0.152195
0.152165
0.152134
0.152103
0.152072
0.152042
0.152011
0.151980
0.151949
0.151919
0.151888
0.151857
0.151826
0.151796
0.151765
0.151735
0.151703
0.151673
0.151643
0.151612
0.151581
0.151551
0.151520
0.151490
0.151459
0.151429
0.151398
0.151368
0.151337
0.151307
0.151276
0.151246
0.151215
0.151185
0.151154
0.151124
0.151093
0.151063
0.151033
0.151003
0.150972
0.150942
0.150911
0.150881
0.150850
0.150821
0.150790
0.150760
0.150729
0.150699
0.150669
0.150639
0.150608
0.150579
0.150549
0.150518
0.150488
0.150458
0.150428
0.150398
0.150367
0.150338
0.150307
0.150277
0.150247
0.150217
0.150187
0.150157
0.150127
0.150097
0.150067
0.150037
0.150007
0.149977
0.149947
0.149918
0.149887
0.149858
0.149828
0.149798
0.149767
0.149738
0.149708
0.149678
0.149648
0.149619
0.149589
0.149559
0.149529
0.149500
0.149470
0.149440
0.149410
0.149381
0.149351
0.149322
0.149291
0.149262
0.149232
0.149203
0.149173
0.149144
0.149114
0.149084
0.149054
0.149025
0.148996
0.148966
0.148936
0.148907
0.148878
0.148848
0.148818
0.148789
0.148760
0.148730
0.148700
0.148671
0.148642
0.148612
0.148583
0.148554
0.148524
0.148495
0.148465
0.148436
0.148407
0.148378
0.148348
0.148319
0.148290
0.148260
0.148231
0.148202
0.148173
0.148143
0.148114
0.148085
0.148056
0.148027
0.147997
0.147968
0.147939
0.147910
0.147880
0.147852
0.147823
0.147794
0.147764
0.147736
0.147706
0.147677
0.147648
0.147620
0.147591
0.147561
0.147532
0.147503
0.147475
0.147446
0.147416
0.147388
0.147359
0.147330
0.147300
0.147272
0.147243
0.147214
0.147185
0.147157
0.147128
0.147099
0.147070
0.147041
0.147013
0.146984
0.146955
0.146926
0.146898
0.146869
0.146840
0.146812
0.146783
0.146754
0.146725
0.146697
0.146668
0.146640
0.146610
0.146582
0.146554
0.146525
0.146496
0.146468
0.146440
0.146411
0.146382
0.146354
0.146325
0.146297
0.146268
0.146240
0.146212
0.146183
0.146154
0.146126
0.146098
0.146069
0.146040
0.146013
0.145984
0.145956
0.145927
0.145899
0.145871
0.145843
0.145814
0.145786
0.145758
0.145729
0.145701
0.145673
0.145644
0.145616
0.145588
0.145560
0.145532
0.145503
0.145475
0.145447
0.145419
0.145391
0.145362
0.145335
0.145306
0.145278
0.145250
0.145222
0.145194
0.145166
0.145137
0.145110
0.145082
0.145054
0.145025
0.144998
0.144970
0.144942
0.144913
0.144886
0.144858
0.144830
0.144802
0.144774
0.144746
0.144718
0.144690
0.144663
0.144635
0.144607
0.144579
0.144551
0.144524
0.144496
0.144467
0.144440
0.144412
0.144385
0.144356
0.144329
0.144301
0.144274
0.144246
0.144218
0.144191
0.144163
0.144135
0.144108
0.144080
0.144053
0.144024
0.143997
0.143970
0.143942
0.143914
0.143887
0.143859
0.143832
0.143804
0.143777
0.143749
0.143722
0.143694
0.143667
0.143639
0.143612
0.143584
0.143557
0.143529
0.143502
0.143474
0.143447
0.143420
0.143393
0.143364
0.143338
0.143310
0.143283
0.143255
0.143228
0.143201
0.143174
0.143146
0.143119
0.143092
0.143065
0.143037
0.143010
0.142983
0.142956
0.142928
0.142901
0.142874
0.142847
0.142819
0.142793
0.142766
0.142738
0.142711
0.142684
0.142657
0.142630
0.142603
0.142576
0.142549
0.142522
0.142494
0.142468
0.142441
0.142414
0.142386
0.142360
0.142333
0.142306
0.142278
0.142252
0.142225
0.142198
0.142171
0.142144
0.142117
0.142090
0.142063
0.142037
0.142010
0.141983
0.141956
0.141929
0.141903
0.141876
0.141849
0.141822
0.141796
0.141769
0.141741
0.141715
0.141688
0.141662
0.141635
0.141608
0.141582
0.141555
0.141527
0.141502
0.141475
0.141448
0.141421
0.141395
0.141368
0.141342
0.141315
0.141289
0.141262
0.141236
0.141208
0.141183
0.141156
0.141129
0.141103
0.141076
0.141050
0.141023
0.140997
0.140971
0.140944
0.140918
0.140890
0.140865
0.140838
0.140812
0.140785
0.140759
0.140733
0.140707
0.140680
0.140654
0.140627
0.140601
0.140574
0.140548
0.140522
0.140496
0.140469
0.140443
0.140417
0.140391
0.140364
0.140338
0.140312
0.140286
0.140259
0.140234
0.140208
0.140181
0.140155
0.140129
0.140103
0.140077
0.140050
0.140025
0.139998
0.139972
0.139946
0.139920
0.139894
0.139868
0.139842
0.139816
0.139790
0.139764
0.139737
0.139712
0.139686
0.139660
0.139634
0.139608
0.139582
0.139556
0.139530
0.139504
0.139478
0.139453
0.139426
0.139401
0.139375
0.139349
0.139323
0.139297
0.139272
0.139246
0.139219
0.139194
0.139168
0.139143
0.139116
0.139091
0.139065
0.139040
0.139013
0.138988
0.138962
0.138937
0.138911
0.138885
0.138860
0.138834
0.138808
0.138783
0.138757
0.138731
0.138705
0.138680
0.138655
0.138629
0.138603
0.138578
0.138552
0.138527
0.138501
0.138476
0.138450
0.138425
0.138399
0.138374
0.138348
0.138323
0.138297
0.138272
0.138246
0.138221
0.138195
0.138170
0.138145
0.138119
0.138093
0.138068
0.138043
0.138018
0.137992
0.137967
0.137942
0.137916
0.137891
0.137866
0.137840
0.137815
0.137790
0.137765
0.137739
0.137714
0.137688
0.137664
0.137638
0.137613
0.137588
0.137563
0.137537
0.137512
0.137487
0.137462
0.137437
0.137412
0.137386
0.137361
0.137336
0.137311
0.137286
0.137261
0.137236
0.137211
0.137186
0.137161
0.137136
0.137111
0.137085
0.137061
0.137036
0.137011
0.136985
0.136961
0.136936
0.136911
0.136885
0.136861
0.136836
0.136811
0.136786
0.136761
0.136736
0.136712
0.136686
0.136662
0.136637
0.136612
0.136587
0.136562
0.136538
0.136513
0.136488
0.136463
0.136438
0.136413
0.136388
0.136364
0.136339
0.136315
0.136289
0.136265
0.136240
0.136216
0.136191
0.136166
0.136142
0.136117
0.136092
0.136068
0.136043
0.136018
0.135993
0.135969
0.135945
0.135920
0.135895
0.135871
0.135846
0.135822
0.135797
0.135772
0.135748
0.135723
0.135698
0.135674
0.135650
0.135625
0.135600
0.135576
0.135552
0.135527
0.135503
0.135479
0.135454
0.135430
0.135405
0.135381
0.135356
0.135332
0.135307
0.135283
0.135259
0.135235
0.135210
0.135186
0.135162
0.135137
0.135112
0.135089
0.135064
0.135040
0.135015
0.134992
0.134967
0.134943
0.134918
0.134895
0.134871
0.134846
0.134822
0.134798
0.134774
0.134750
0.134725
0.134701
0.134677
0.134653
0.134628
0.134605
0.134581
0.134556
0.134532
0.134508
0.134484
0.134460
0.134436
0.134412
0.134388
0.134364
0.134339
0.134316
0.134292
0.134268
0.134243
0.134220
0.134196
0.134172
0.134147
0.134124
0.134100
0.134076
0.134052
0.134028
0.134004
0.133980
0.133956
0.133933
0.133909
0.133885
0.133861
0.133837
0.133813
0.133789
0.133765
0.133742
0.133718
0.133694
0.133670
0.133647
0.133623
0.133599
0.133575
0.133552
0.133528
0.133504
0.133480
0.133457
0.133433
0.133409
0.133385
0.133362
0.133338
0.133315
0.133291
0.133267
0.133244
0.133220
0.133196
0.133173
0.133149
0.133126
0.133102
0.133078
0.133055
0.133031
0.133007
0.132984
0.132961
0.132937
0.132913
0.132890
0.132867
0.132843
0.132819
0.132796
0.132773
0.132749
0.132725
0.132702
0.132679
0.132655
0.132632
0.132609
0.132585
0.132562
0.132538
0.132515
0.132492
0.132468
0.132444
0.132421
0.132398
0.132375
0.132351
0.132328
0.132305
0.132282
0.132258
0.132235
0.132212
0.132189
0.132165
0.132142
0.132119
0.132095
0.132072
0.132049
0.132026
0.132003
0.131979
0.131956
0.131933
0.131910
0.131886
0.131864
0.131841
0.131817
0.131794
0.131771
0.131748
0.131725
0.131701
0.131679
0.131656
0.131633
0.131609
0.131586
0.131563
0.131540
0.131517
0.131494
0.131471
0.131448
0.131425
0.131402
0.131379
0.131356
0.131333
0.131310
0.131287
0.131264
0.131241
0.131219
0.131196
0.131173
0.131150
0.131127
0.131104
0.131081
0.131058
0.131035
0.131013
0.130990
0.130967
0.130944
0.130921
0.130899
0.130875
0.130853
0.130830
0.130807
0.130784
0.130762
0.130739
0.130716
0.130693
0.130671
0.130648
0.130625
0.130602
0.130580
0.130557
0.130535
0.130512
0.130489
0.130467
0.130444
0.130421
0.130399
0.130376
0.130353
0.130330
0.130308
0.130286
0.130263
0.130240
0.130218
0.130195
0.130173
0.130150
0.130127
0.130105
0.130082
0.130060
0.130037
0.130015
0.129992
0.129969
0.129947
0.129925
0.129902
0.129880
0.129858
0.129835
0.129813
0.129790
0.129768
0.129745
0.129723
0.129700
0.129678
0.129656
0.129633
0.129611
0.129589
0.129566
0.129544
0.129521
0.129499
0.129477
0.129455
0.129432
0.129410
0.129388
0.129365
0.129343
0.129321
0.129299
0.129276
0.129254
0.129232
0.129210
0.129188
0.129165
0.129143
0.129121
0.129099
0.129076
0.129054
0.129032
0.129010
0.128988
0.128966
0.128944
0.128921
0.128899
0.128877
0.128855
0.128833
0.128811
0.128789
0.128767
0.128745
0.128722
0.128701
0.128679
0.128657
0.128634
0.128612
0.128590
0.128568
0.128546
0.128524
0.128502
0.128480
0.128458
0.128437
0.128415
0.128393
0.128370
0.128349
0.128327
0.128305
0.128283
0.128261
0.128239
0.128217
0.128195
0.128174
0.128152
0.128130
0.128107
0.128086
0.128064
0.128042
0.128020
0.127999
0.127977
0.127955
0.127933
0.127912
0.127890
0.127868
0.127846
0.127824
0.127803
0.127781
0.127759
0.127738
0.127716
0.127694
0.127672
0.127651
0.127629
0.127607
0.127585
0.127564
0.127542
0.127521
0.127499
0.127477
0.127456
0.127434
0.127412
0.127391
0.127369
0.127348
0.127326
0.127305
0.127283
0.127262
0.127240
0.127218
0.127197
0.127175
0.127153
0.127132
0.127111
0.127089
0.127067
0.127046
0.127025
0.127003
0.126982
0.126960
0.126939
0.126917
0.126896
0.126875
0.126853
0.126832
0.126810
0.126789
0.126768
0.126746
0.126724
0.126703
0.126682
0.126661
0.126639
0.126618
0.126597
0.126575
0.126553
0.126533
0.126511
0.126490
0.126468
0.126448
0.126426
0.126405
0.126383
0.126362
0.126341
0.126320
0.126298
0.126277
0.126256
0.126235
0.126213
0.126193
0.126171
0.126150
0.126128
0.126108
0.126087
0.126065
0.126044
0.126023
0.126002
0.125981
0.125959
0.125939
0.125917
0.125896
0.125875
0.125854
0.125833
0.125812
0.125791
0.125770
0.125749
0.125728
0.125706
0.125686
0.125665
0.125644
0.125622
0.125602
0.125581
0.125560
0.125538
0.125518
0.125497
0.125476
0.125454
0.125434
0.125413
0.125392
0.125371
0.125350
0.125329
0.125308
0.125287
0.125267
0.125246
0.125225
0.125204
0.125183
0.125162
0.125141
0.125120
0.125100
0.125079
0.125058
0.125037
0.125016
0.124996
0.124975
0.124954
0.124933
0.124912
0.124892
0.124871
0.124850
0.124829
0.124809
0.124788
0.124767
0.124746
0.124726
0.124704
0.124684
0.124664
0.124643
0.124622
0.124602
0.124581
0.124560
0.124539
0.124519
0.124498
0.124478
0.124457
0.124437
0.124416
0.124395
0.124374
0.124354
0.124334
0.124313
0.124292
0.124272
0.124251
0.124231
0.124210
0.124190
0.124169
0.124149
0.124128
0.124108
0.124087
0.124066
0.124046
0.124026
0.124005
0.123985
0.123964
0.123944
0.123923
0.123903
0.123882
0.123862
0.123842
0.123821
0.123800
0.123780
0.123760
0.123740
0.123719
0.123699
0.123678
0.123658
0.123637
0.123617
0.123597
0.123577
0.123556
0.123536
0.123516
0.123495
0.123475
0.123455
0.123434
0.123414
0.123394
0.123374
0.123353
0.123333
0.123313
0.123293
0.123272
0.123252
0.123232
0.123212
0.123192
0.123171
0.123151
0.123131
0.123111
0.123091
0.123070
0.123050
0.123030
0.123010
0.122990
0.122970
0.122950
0.122929
0.122909
0.122889
0.122869
0.122849
0.122829
0.122809
0.122789
0.122769
0.122748
0.122729
0.122709
0.122689
0.122668
0.122648
0.122629
0.122609
0.122588
0.122568
0.122548
0.122528
0.122508
0.122488
0.122469
0.122449
0.122428
0.122409
0.122389
0.122369
0.122348
0.122329
0.122309
0.122289
0.122269
0.122249
0.122229
0.122209
0.122189
0.122170
0.122150
0.122130
0.122110
0.122090
0.122070
0.122051
0.122031
0.122011
0.121991
0.121971
0.121951
0.121932
0.121912
0.121892
0.121872
0.121853
0.121833
0.121813
0.121793
0.121774
0.121754
0.121734
0.121714
0.121695
0.121675
0.121655
0.121635
0.121616
0.121596
0.121577
0.121557
0.121537
0.121517
0.121498
0.121478
0.121459
0.121439
0.121419
0.121399
0.121380
0.121361
0.121341
0.121321
0.121302
0.121282
0.121262
0.121243
0.121223
0.121204
0.121184
0.121164
0.121145
0.121126
0.121106
0.121086
0.121067
0.121048
0.121028
0.121008
0.120989
0.120970
0.120950
0.120930
0.120911
0.120892
0.120872
0.120852
0.120833
0.120814
0.120795
0.120775
0.120756
0.120736
0.120717
0.120697
0.120678
0.120659
0.120639
0.120620
0.120601
0.120581
0.120562
0.120542
0.120523
0.120504
0.120485
0.120465
0.120446
0.120427
0.120407
0.120388
0.120369
0.120349
0.120330
0.120311
0.120292
0.120272
0.120253
0.120233
0.120215
0.120195
0.120176
0.120157
0.120138
0.120118
0.120099
0.120080
0.120061
0.120042
0.120022
0.120003
0.119984
0.119965
0.119946
0.119926
0.119907
0.119888
0.119869
0.119850
0.119831
0.119812
0.119793
0.119773
0.119755
0.119736
0.119716
0.119697
0.119678
0.119659
0.119640
0.119621
0.119602
0.119583
0.119564
0.119545
0.119526
0.119507
0.119488
0.119469
0.119450
0.119431
0.119412
0.119393
0.119374
0.119355
0.119336
0.119317
0.119298
0.119279
0.119260
0.119241
0.119222
0.119204
0.119185
0.119165
0.119147
0.119128
0.119109
0.119090
0.119071
0.119052
0.119034
0.119014
0.118996
0.118977
0.118958
0.118939
0.118920
0.118902
0.118883
0.118864
0.118845
0.118826
0.118807
0.118788
0.118770
0.118751
0.118732
0.118713
0.118695
0.118676
0.118657
0.118638
0.118620
0.118601
0.118583
0.118563
0.118545
0.118526
0.118508
0.118489
0.118470
0.118451
0.118433
0.118414
0.118396
0.118377
0.118358
0.118339
0.118321
0.118302
0.118284
0.118265
0.118247
0.118228
0.118209
0.118190
0.118172
0.118153
0.118135
0.118116
0.118098
0.118079
0.118061
0.118042
0.118024
0.118005
0.117986
0.117968
0.117949
0.117931
0.117912
0.117894
0.117875
0.117857
0.117838
0.117820
0.117801
0.117783
0.117764
0.117746
0.117728
0.117709
0.117691
0.117672
0.117654
0.117635
0.117617
0.117598
0.117580
0.117562
0.117543
0.117525
0.117507
0.117488
0.117470
0.117451
0.117433
0.117415
0.117396
0.117378
0.117360
0.117341
0.117323
0.117304
0.117286
0.117268
0.117250
0.117231
0.117213
0.117195
0.117177
0.117158
0.117140
0.117122
0.117104
0.117085
0.117067
0.117049
0.117030
0.117012
0.116994
0.116976
0.116958
0.116939
0.116921
0.116903
0.116885
0.116866
0.116849
0.116830
0.116812
0.116794
0.116776
0.116758
0.116739
0.116721
0.116703
0.116685
0.116667
0.116649
0.116631
0.116613
0.116595
0.116576
0.116558
0.116540
0.116522
0.116504
0.116486
0.116468
0.116450
0.116432
0.116414
0.116396
0.116378
0.116360
0.116342
0.116324
0.116306
0.116287
0.116270
0.116252
0.116234
0.116215
0.116198
0.116180
0.116162
0.116144
0.116126
0.116108
0.116090
0.116072
0.116054
0.116036
0.116018
0.116000
0.115983
0.115965
0.115947
0.115928
0.115911
0.115893
0.115875
0.115857
0.115839
0.115822
0.115804
0.115785
0.115768
0.115750
0.115732
0.115714
0.115697
0.115679
0.115661
0.115643
0.115625
0.115608
0.115590
0.115572
0.115554
0.115536
0.115519
0.115501
0.115483
0.115466
0.115448
0.115430
0.115412
0.115394
0.115377
0.115359
0.115341
0.115324
0.115306
0.115288
0.115271
0.115253
0.115235
0.115217
0.115200
0.115182
0.115165
0.115147
0.115129
0.115112
0.115094
0.115076
0.115059
0.115041
0.115023
0.115006
0.114988
0.114971
0.114953
0.114935
0.114918
0.114900
0.114883
0.114865
0.114848
0.114830
0.114812
0.114795
0.114777
0.114760
0.114742
0.114724
0.114707
0.114690
0.114672
0.114654
0.114637
0.114620
0.114602
0.114584
0.114567
0.114550
0.114532
0.114515
0.114498
0.114480
0.114463
0.114445
0.114428
0.114410
0.114393
0.114375
0.114358
0.114341
0.114323
0.114306
0.114288
0.114271
0.114254
0.114236
0.114219
0.114202
0.114184
0.114167
0.114149
0.114132
0.114115
0.114097
0.114080
0.114063
0.114046
0.114028
0.114011
0.113994
0.113976
0.113959
0.113942
0.113924
0.113907
0.113890
0.113873
0.113855
0.113838
0.113820
0.113804
0.113786
0.113769
0.113752
0.113735
0.113717
0.113700
0.113683
0.113666
0.113649
0.113631
0.113614
0.113597
0.113580
0.113563
0.113545
0.113528
0.113511
0.113494
0.113477
0.113460
0.113443
0.113425
0.113408
0.113391
0.113374
0.113357
0.113340
0.113323
0.113306
0.113289
0.113271
0.113255
0.113237
0.113220
0.113203
0.113186
0.113169
0.113152
0.113135
0.113118
0.113101
0.113084
0.113067
0.113050
0.113033
0.113016
0.112999
0.112982
0.112965
0.112948
0.112931
0.112914
0.112897
0.112880
0.112863
0.112846
0.112829
0.112812
0.112795
0.112778
0.112761
0.112745
0.112727
0.112711
0.112694
0.112677
0.112660
0.112643
0.112626
0.112609
0.112592
0.112576
0.112559
0.112542
0.112525
0.112508
0.112491
0.112474
0.112457
0.112441
0.112424
0.112407
0.112390
0.112373
0.112357
0.112340
0.112323
0.112306
0.112290
0.112273
0.112256
0.112239
0.112222
0.112206
0.112189
0.112172
0.112155
0.112139
0.112121
0.112105
0.112088
0.112072
0.112055
0.112038
0.112022
0.112005
0.111988
0.111971
0.111955
0.111938
0.111921
0.111905
0.111888
0.111871
0.111854
0.111838
0.111821
0.111805
0.111788
0.111771
0.111755
0.111738
0.111721
0.111705
0.111688
0.111672
0.111655
0.111639
0.111622
0.111605
0.111589
0.111572
0.111556
0.111539
0.111522
0.111506
0.111489
0.111473
0.111456
0.111440
0.111423
0.111407
0.111390
0.111374
0.111357
0.111341
0.111324
0.111308
0.111291
0.111275
0.111258
0.111242
0.111225
0.111209
0.111192
0.111176
0.111159
0.111143
0.111126
0.111110
0.111094
0.111077
0.111061
0.111045
0.111028
0.111012
0.110995
0.110979
0.110962
0.110946
0.110930
0.110913
0.110897
0.110881
0.110864
0.110848
0.110832
0.110815
0.110799
0.110782
0.110766
0.110750
0.110733
0.110717
0.110701
0.110684
0.110668
0.110652
0.110636
0.110619
0.110603
0.110587
0.110571
0.110554
0.110538
0.110522
0.110505
0.110489
0.110473
0.110457
0.110440
0.110424
0.110408
0.110392
0.110376
0.110359
0.110343
0.110327
0.110311
0.110294
0.110278
0.110262
0.110246
0.110230
0.110213
0.110197
0.110181
0.110165
0.110149
0.110133
0.110117
0.110101
0.110084
0.110068
0.110052
0.110036
0.110020
0.110004
0.109988
0.109972
0.109955
0.109939
0.109923
0.109907
0.109891
0.109875
0.109859
0.109843
0.109827
0.109811
0.109795
0.109779
0.109762
0.109747
0.109730
0.109714
0.109698
0.109682
0.109667
0.109650
0.109634
0.109618
0.109602
0.109586
0.109570
0.109555
0.109539
0.109523
0.109506
0.109491
0.109475
0.109459
0.109442
0.109427
0.109411
0.109395
0.109379
0.109363
0.109347
0.109331
0.109315
0.109299
0.109284
0.109268
0.109251
0.109236
0.109220
0.109204
0.109188
0.109172
0.109157
0.109141
0.109125
0.109109
0.109093
0.109077
0.109061
0.109046
0.109030
0.109014
0.108998
0.108982
0.108966
0.108951
0.108935
0.108919
0.108903
0.108887
0.108872
0.108856
0.108840
0.108824
0.108808
0.108793
0.108777
0.108761
0.108745
0.108730
0.108714
0.108698
0.108682
0.108667
0.108651
0.108636
0.108620
0.108604
0.108588
0.108573
0.108557
0.108541
0.108526
0.108510
0.108494
0.108479
0.108463
0.108447
0.108431
0.108416
0.108400
0.108385
0.108369
0.108353
0.108338
0.108322
0.108306
0.108291
0.108275
0.108260
0.108244
0.108229
0.108213
0.108197
0.108181
0.108166
0.108151
0.108135
0.108119
0.108104
0.108088
0.108073
0.108057
0.108042
0.108026
0.108011
0.107995
0.107980
0.107964
0.107949
0.107933
0.107918
0.107902
0.107887
0.107871
0.107856
0.107840
0.107825
0.107809
0.107794
0.107778
0.107763
0.107747
0.107732
0.107716
0.107701
0.107685
0.107670
0.107655
0.107639
0.107624
0.107608
0.107593
0.107578
0.107562
0.107547
0.107531
0.107516
0.107500
0.107485
0.107470
0.107455
0.107439
0.107424
0.107408
0.107393
0.107377
0.107362
0.107347
0.107332
0.107316
0.107301
0.107286
0.107270
0.107255
0.107240
0.107224
0.107209
0.107194
0.107179
0.107163
0.107148
0.107132
0.107117
0.107102
0.107087
0.107071
0.107056
0.107041
0.107026
0.107010
0.106995
0.106980
0.106965
0.106949
0.106934
0.106919
0.106904
0.106889
0.106873
0.106858
0.106843
0.106828
0.106813
0.106797
0.106782
0.106767
0.106752
0.106737
0.106722
0.106706
0.106691
0.106676
0.106661
0.106646
0.106631
0.106616
0.106600
0.106585
0.106570
0.106555
0.106540
0.106525
0.106510
0.106495
0.106480
0.106464
0.106449
0.106434
0.106419
0.106404
0.106389
0.106374
0.106359
0.106344
0.106329
0.106314
0.106299
0.106283
0.106269
0.106254
0.106239
0.106223
0.106209
0.106194
0.106179
0.106163
0.106149
0.106134
0.106119
0.106103
0.106089
0.106074
0.106059
0.106043
0.106029
0.106014
0.105999
0.105984
0.105969
0.105954
0.105939
0.105924
0.105909
0.105894
0.105879
0.105864
0.105849
0.105835
0.105820
0.105804
0.105790
0.105775
0.105760
0.105745
0.105730
0.105715
0.105701
0.105685
0.105671
0.105656
0.105641
0.105626
0.105611
0.105596
0.105582
0.105566
0.105552
0.105537
0.105522
0.105507
0.105493
0.105478
0.105463
0.105448
0.105433
0.105419
0.105404
0.105389
0.105374
0.105360
0.105345
0.105330
0.105315
0.105300
0.105286
0.105271
0.105256
0.105241
0.105227
0.105212
0.105197
0.105182
0.105168
0.105153
0.105138
0.105124
0.105109
0.105094
0.105079
0.105065
0.105050
0.105035
0.105021
0.105006
0.104991
0.104976
0.104962
0.104947
0.104933
0.104918
0.104903
0.104889
0.104874
0.104859
0.104845
0.104830
0.104816
0.104801
0.104786
0.104772
0.104757
0.104742
0.104728
0.104713
0.104699
0.104684
0.104669
0.104655
0.104640
0.104626
0.104611
0.104597
0.104582
0.104567
0.104553
0.104538
0.104524
0.104509
0.104495
0.104480
0.104466
0.104451
0.104437
0.104422
0.104408
0.104393
0.104379
0.104364
0.104350
0.104335
0.104321
0.104306
0.104292
0.104277
0.104263
0.104248
0.104234
0.104219
0.104205
0.104190
0.104176
0.104161
0.104147
0.104133
0.104118
0.104103
0.104089
0.104075
0.104060
0.104046
0.104032
0.104017
0.104003
0.103988
0.103974
0.103960
0.103945
0.103931
0.103917
0.103902
0.103888
0.103873
0.103859
0.103845
0.103830
0.103816
0.103802
0.103787
0.103773
0.103758
0.103744
0.103730
0.103716
0.103701
0.103687
0.103673
0.103658
0.103644
0.103630
0.103615
0.103601
0.103587
0.103573
0.103558
0.103544
0.103530
0.103515
0.103501
0.103487
0.103472
0.103459
0.103444
0.103430
0.103415
0.103402
0.103387
0.103373
0.103359
0.103345
0.103330
0.103316
0.103302
0.103288
0.103274
0.103259
0.103245
0.103231
0.103217
0.103203
0.103188
0.103174
0.103160
0.103146
0.103131
0.103118
0.103103
0.103089
0.103075
0.103061
0.103047
0.103033
0.103018
0.103004
0.102990
0.102976
0.102962
0.102948
0.102934
0.102920
0.102905
0.102892
0.102878
0.102863
0.102849
0.102835
0.102821
0.102807
0.102793
0.102779
0.102765
0.102751
0.102737
0.102723
0.102709
0.102695
0.102680
0.102667
0.102653
0.102639
0.102624
0.102610
0.102596
0.102582
0.102568
0.102554
0.102541
0.102526
0.102512
0.102498
0.102484
0.102470
0.102456
0.102443
0.102429
0.102415
0.102400
0.102387
0.102373
0.102359
0.102344
0.102331
0.102317
0.102303
0.102289
0.102275
0.102261
0.102247
0.102233
0.102219
0.102206
0.102192
0.102178
0.102164
0.102150
0.102136
0.102122
0.102108
0.102094
0.102081
0.102067
0.102053
0.102039
0.102025
0.102011
0.101997
0.101984
0.101970
0.101956
0.101942
0.101928
0.101914
0.101900
0.101887
0.101873
0.101859
0.101845
0.101832
0.101818
0.101804
0.101790
0.101776
0.101763
0.101749
0.101735
0.101721
0.101707
0.101694
0.101680
0.101666
0.101652
0.101639
0.101625
0.101611
0.101597
0.101584
0.101570
0.101556
0.101542
0.101529
0.101515
0.101501
0.101488
0.101474
0.101460
0.101446
0.101433
0.101419
0.101405
0.101392
0.101378
0.101364
0.101350
0.101337
0.101323
0.101310
0.101296
0.101282
0.101269
0.101255
0.101241
0.101228
0.101214
0.101200
0.101186
0.101173
0.101160
0.101146
0.101132
0.101119
0.101105
0.101092
0.101078
0.101064
0.101051
0.101037
0.101023
0.101010
0.100996
0.100983
0.100969
0.100956
0.100942
0.100928
0.100915
0.100901
0.100888
0.100874
0.100861
0.100847
0.100834
0.100820
0.100806
0.100793
0.100780
0.100766
0.100752
0.100739
0.100725
0.100712
0.100698
0.100685
0.100672
0.100658
0.100644
0.100631
0.100618
0.100604
0.100590
0.100577
0.100564
0.100550
0.100537
0.100523
0.100510
0.100496
0.100483
0.100470
0.100456
0.100443
0.100429
0.100416
0.100402
0.100389
0.100375
0.100362
0.100349
0.100335
0.100322
0.100308
0.100295
0.100282
0.100268
0.100255
0.100242
0.100228
0.100215
0.100201
0.100188
0.100175
0.100161
0.100148
0.100135
0.100121
0.100108
0.100095
0.100081
0.100068
0.100054
0.100041
0.100028
0.100015
0.100001
0.099988
0.099975
0.099961
0.099948
0.099935
0.099922
0.099908
0.099895
0.099882
0.099868
0.099855
0.099842
0.099829
0.099815
0.099802
0.099789
0.099776
0.099762
0.099749
0.099735
0.099723
0.099709
0.099696
0.099683
0.099670
0.099656
0.099643
0.099630
0.099617
0.099604
0.099590
0.099577
0.099564
0.099551
0.099538
0.099524
0.099511
0.099498
0.099485
0.099471
0.099459
0.099445
0.099432
0.099419
0.099406
0.099393
0.099380
0.099366
0.099353
0.099340
0.099327
0.099314
0.099301
0.099288
0.099274
0.099261
0.099248
0.099235
0.099222
0.099209
0.099196
0.099183
0.099170
0.099156
0.099143
0.099130
0.099117
0.099104
0.099091
0.099078
0.099065
0.099052
0.099039
0.099026
0.099013
0.098999
0.098987
0.098974
0.098961
0.098947
0.098935
0.098921
0.098908
0.098895
0.098882
0.098869
0.098856
0.098843
0.098830
0.098817
0.098804
0.098791
0.098778
0.098765
0.098752
0.098739
0.098726
0.098713
0.098700
0.098687
0.098675
0.098662
0.098649
0.098635
0.098623
0.098610
0.098597
0.098584
0.098571
0.098558
0.098545
0.098532
0.098519
0.098506
0.098493
0.098480
0.098468
0.098455
0.098442
0.098429
0.098416
0.098403
0.098390
0.098377
0.098364
0.098352
0.098339
0.098326
0.098313
0.098300
0.098287
0.098274
0.098261
0.098249
0.098236
0.098223
0.098210
0.098197
0.098184
0.098171
0.098159
0.098146
0.098133
0.098120
0.098107
0.098095
0.098082
0.098069
0.098056
0.098043
0.098031
0.098018
0.098005
0.097992
0.097980
0.097967
0.097954
0.097941
0.097928
0.097915
0.097903
0.097890
0.097877
0.097864
0.097852
0.097839
0.097826
0.097814
0.097801
0.097788
0.097775
0.097763
0.097750
0.097737
0.097725
0.097712
0.097699
0.097687
0.097674
0.097661
0.097648
0.097636
0.097623
0.097610
0.097598
0.097585
0.097572
0.097559
0.097547
0.097534
0.097522
0.097509
0.097496
0.097484
0.097471
0.097458
0.097446
0.097433
0.097420
0.097408
0.097395
0.097383
0.097370
0.097357
0.097345
0.097332
0.097319
0.097307
0.097294
0.097282
0.097269
0.097256
0.097244
0.097231
0.097219
0.097206
0.097193
0.097181
0.097168
0.097156
0.097143
0.097131
0.097118
0.097105
0.097093
0.097081
0.097068
0.097055
0.097043
0.097030
0.097018
0.097005
0.096993
0.096980
0.096968
0.096955
0.096943
0.096930
0.096918
0.096905
0.096893
0.096880
0.096868
0.096855
0.096843
0.096830
0.096818
0.096805
0.096793
0.096780
0.096768
0.096755
0.096743
0.096730
0.096718
0.096705
0.096693
0.096681
0.096668
0.096656
0.096643
0.096631
0.096618
0.096606
0.096594
0.096581
0.096569
0.096556
0.096544
0.096532
0.096519
0.096507
0.096494
0.096482
0.096470
0.096457
0.096445
0.096432
0.096420
0.096407
0.096395
0.096383
0.096371
0.096358
0.096346
0.096333
0.096321
0.096309
0.096296
0.096284
0.096272
0.096259
0.096247
0.096235
0.096222
0.096210
0.096198
0.096185
0.096173
0.096161
0.096149
0.096136
0.096124
0.096111
0.096099
0.096087
0.096075
0.096062
0.096050
0.096038
0.096026
0.096013
0.096001
0.095989
0.095976
0.095964
0.095952
0.095940
0.095927
0.095915
0.095903
0.095891
0.095878
0.095866
0.095854
0.095842
0.095830
0.095817
0.095805
0.095793
0.095781
0.095768
0.095756
0.095744
0.095732
0.095720
0.095707
0.095695
0.095683
0.095671
0.095659
0.095647
0.095634
0.095622
0.095610
0.095598
0.095586
0.095573
0.095561
0.095549
0.095537
0.095524
0.095513
0.095501
0.095488
0.095476
0.095464
0.095452
0.095440
0.095428
0.095416
0.095404
0.095391
0.095379
0.095367
0.095355
0.095343
0.095331
0.095319
0.095307
0.095295
0.095282
0.095270
0.095258
0.095246
0.095234
0.095222
0.095210
0.095198
0.095186
0.095174
0.095162
0.095150
0.095137
0.095126
0.095114
0.095102
0.095089
0.095078
0.095065
0.095053
0.095041
0.095029
0.095017
0.095005
0.094993
0.094981
0.094969
0.094957
0.094945
0.094933
0.094921
0.094909
0.094897
0.094885
0.094873
0.094861
0.094849
0.094837
0.094825
0.094813
0.094801
0.094790
0.094778
0.094766
0.094754
0.094742
0.094730
0.094718
0.094706
0.094694
0.094682
0.094670
0.094658
0.094646
0.094634
0.094622
0.094610
0.094599
0.094587
0.094575
0.094563
0.094551
0.094539
0.094527
0.094515
0.094503
0.094491
0.094480
0.094468
0.094456
0.094444
0.094432
0.094420
0.094408
0.094397
0.094385
0.094373
0.094361
0.094349
0.094337
0.094325
0.094313
0.094302
0.094290
0.094278
0.094266
0.094254
0.094243
0.094230
0.094219
0.094207
0.094195
0.094183
0.094172
0.094160
0.094148
0.094136
0.094124
0.094113
0.094101
0.094089
0.094077
0.094066
0.094054
0.094042
0.094030
0.094018
0.094007
0.093995
0.093983
0.093971
0.093960
0.093948
0.093936
0.093924
0.093913
0.093901
0.093889
0.093877
0.093866
0.093854
0.093842
0.093830
0.093819
0.093807
0.093795
0.093784
0.093772
0.093760
0.093749
0.093737
0.093725
0.093713
0.093702
0.093690
0.093678
0.093666
0.093655
0.093643
0.093632
0.093620
0.093608
0.093597
0.093585
0.093573
0.093562
0.093550
0.093538
0.093527
0.093515
0.093503
0.093492
0.093480
0.093469
0.093457
0.093445
0.093433
0.093422
0.093410
0.093399
0.093387
0.093376
0.093364
0.093352
0.093341
0.093329
0.093318
0.093306
0.093294
0.093283
0.093271
0.093260
0.093248
0.093237
0.093225
0.093213
0.093202
0.093190
0.093179
0.093167
0.093155
0.093144
0.093132
0.093121
0.093109
0.093098
0.093086
0.093075
0.093063
0.093052
0.093040
0.093029
0.093017
0.093006
0.092994
0.092983
0.092971
0.092960
0.092948
0.092937
0.092925
0.092914
0.092902
0.092891
0.092879
0.092868
0.092856
0.092845
0.092833
0.092822
0.092810
0.092799
0.092787
0.092776
0.092764
0.092753
0.092741
0.092730
0.092719
0.092707
0.092696
0.092684
0.092673
0.092661
0.092650
0.092639
0.092627
0.092616
0.092604
0.092593
0.092581
0.092570
0.092558
0.092547
0.092536
0.092525
0.092513
0.092502
0.092490
0.092479
0.092467
0.092456
0.092445
0.092433
0.092422
0.092411
0.092399
0.092388
0.092376
0.092365
0.092354
0.092342
0.092331
0.092320
0.092308
0.092297
0.092286
0.092274
0.092263
0.092252
0.092240
0.092229
0.092218
0.092206
0.092195
0.092184
0.092172
0.092161
0.092150
0.092139
0.092127
0.092116
0.092105
0.092093
0.092082
0.092071
0.092059
0.092048
0.092037
0.092026
0.092014
0.092003
0.091992
0.091981
0.091969
0.091958
0.091947
0.091936
0.091924
0.091913
0.091902
0.091891
0.091879
0.091868
0.091857
0.091846
0.091834
0.091823
0.091812
0.091801
0.091789
0.091778
0.091767
0.091756
0.091745
0.091734
0.091722
0.091711
0.091700
0.091689
0.091678
0.091666
0.091655
0.091644
0.091633
0.091622
0.091610
0.091599
0.091588
0.091577
0.091565
0.091555
0.091543
0.091532
0.091521
0.091510
0.091499
0.091488
0.091476
0.091465
0.091454
0.091443
0.091432
0.091421
0.091410
0.091399
0.091387
0.091376
0.091365
0.091354
0.091343
0.091332
0.091321
0.091310
0.091298
0.091288
0.091277
0.091265
0.091254
0.091243
0.091232
0.091221
0.091210
0.091199
0.091188
0.091177
0.091166
0.091155
0.091144
0.091133
0.091121
0.091110
0.091099
0.091088
0.091077
0.091066
0.091055
0.091044
0.091033
0.091022
0.091011
0.091000
0.090989
0.090978
0.090967
0.090956
0.090945
0.090934
0.090923
0.090912
0.090901
0.090890
0.090879
0.090868
0.090857
0.090846
0.090835
0.090824
0.090813
0.090802
0.090791
0.090780
0.090769
0.090758
0.090747
0.090736
0.090725
0.090714
0.090703
0.090692
0.090681
0.090671
0.090660
0.090649
0.090638
0.090627
0.090616
0.090605
0.090594
0.090583
0.090572
0.090561
0.090550
0.090539
0.090528
0.090518
0.090506
0.090496
0.090485
0.090474
0.090463
0.090452
0.090441
0.090430
0.090419
0.090409
0.090398
0.090387
0.090376
0.090365
0.090354
0.090343
0.090332
0.090322
0.090311
0.090300
0.090289
0.090278
0.090267
0.090257
0.090246
0.090235
0.090224
0.090213
0.090202
0.090191
0.090181
0.090170
0.090159
0.090148
0.090137
0.090127
0.090116
0.090105
0.090094
0.090083
0.090072
0.090062
0.090051
0.090040
0.090029
0.090019
0.090008
0.089997
0.089986
0.089975
0.089965
0.089954
0.089943
0.089932
0.089922
0.089911
0.089900
0.089889
0.089879
0.089868
0.089857
0.089846
0.089836
0.089825
0.089814
0.089803
0.089793
0.089782
0.089771
0.089760
0.089750
0.089739
0.089728
0.089718
0.089707
0.089696
0.089685
0.089675
0.089664
0.089653
0.089642
0.089632
0.089621
0.089610
0.089600
0.089589
0.089578
0.089568
0.089557
0.089546
0.089536
0.089525
0.089514
0.089504
0.089493
0.089482
0.089472
0.089461
0.089450
0.089440
0.089429
0.089418
0.089408
0.089397
0.089386
0.089376
0.089365
0.089355
0.089344
0.089333
0.089323
0.089312
0.089301
0.089291
0.089280
0.089270
0.089259
0.089249
0.089238
0.089227
0.089216
0.089206
0.089195
0.089185
0.089174
0.089164
0.089153
0.089143
0.089132
0.089121
0.089111
0.089100
0.089090
0.089079
0.089069
0.089058
0.089047
0.089037
0.089026
0.089016
0.089005
0.088995
0.088984
0.088974
0.088963
0.088953
0.088942
0.088931
0.088921
0.088910
0.088900
0.088889
0.088879
0.088868
0.088858
0.088847
0.088837
0.088826
0.088816
0.088805
0.088795
0.088784
0.088774
0.088763
0.088753
0.088742
0.088732
0.088721
0.088711
0.088700
0.088690
0.088680
0.088669
0.088659
0.088648
0.088638
0.088627
0.088617
0.088606
0.088596
0.088585
0.088575
0.088564
0.088554
0.088543
0.088533
0.088523
0.088512
0.088502
0.088491
0.088481
0.088471
0.088460
0.088450
0.088439
0.088429
0.088418
0.088408
0.088398
0.088387
0.088377
0.088367
0.088356
0.088346
0.088335
0.088325
0.088315
0.088304
0.088294
0.088283
0.088273
0.088263
0.088252
0.088242
0.088232
0.088221
0.088211
0.088201
0.088190
0.088180
0.088169
0.088159
0.088149
0.088138
0.088128
0.088118
0.088107
0.088097
0.088087
0.088076
0.088066
0.088056
0.088045
0.088035
0.088025
0.088015
0.088004
0.087994
0.087984
0.087973
0.087963
0.087953
0.087942
0.087932
0.087922
0.087912
0.087901
0.087891
0.087880
0.087870
0.087860
0.087850
0.087839
0.087829
0.087819
0.087809
0.087798
0.087788
0.087778
0.087768
0.087757
0.087747
0.087737
0.087727
0.087716
0.087706
0.087696
0.087686
0.087675
0.087665
0.087655
0.087645
0.087634
0.087624
0.087614
0.087604
0.087593
0.087584
0.087573
0.087563
0.087553
0.087543
0.087532
0.087522
0.087512
0.087502
0.087492
0.087481
0.087471
0.087461
0.087451
0.087441
0.087430
0.087420
0.087410
0.087400
0.087390
0.087380
0.087370
0.087359
0.087349
0.087339
0.087329
0.087319
0.087308
0.087298
0.087288
0.087278
0.087268
0.087258
0.087248
0.087238
0.087227
0.087217
0.087207
0.087197
0.087187
0.087177
0.087167
0.087157
0.087146
0.087136
0.087126
0.087116
0.087106
0.087096
0.087086
0.087076
0.087066
0.087056
0.087046
0.087036
0.087025
0.087015
0.087005
0.086995
0.086985
0.086975
0.086965
0.086955
0.086945
0.086935
0.086925
0.086915
0.086904
0.086895
0.086884
0.086874
0.086864
0.086854
0.086844
0.086834
0.086824
0.086814
0.086804
0.086794
0.086784
0.086774
0.086764
0.086754
0.086744
0.086734
0.086724
0.086714
0.086704
0.086694
0.086684
0.086674
0.086664
0.086654
0.086644
0.086634
0.086624
0.086614
0.086604
0.086594
0.086584
0.086574
0.086564
0.086554
0.086544
0.086534
0.086524
0.086514
0.086504
0.086494
0.086484
0.086474
0.086464
0.086454
0.086445
0.086435
0.086424
0.086415
0.086405
0.086395
0.086385
0.086375
0.086365
0.086355
0.086345
0.086335
0.086325
0.086315
0.086305
0.086296
0.086286
0.086276
0.086266
0.086256
0.086246
0.086236
0.086226
0.086216
0.086206
0.086197
0.086187
0.086177
0.086167
0.086157
0.086147
0.086137
0.086127
0.086117
0.086107
0.086098
0.086088
0.086078
0.086068
0.086058
0.086048
0.086039
0.086029
0.086019
0.086009
0.085999
0.085989
0.085980
0.085970
0.085960
0.085950
0.085940
0.085930
0.085921
0.085910
0.085901
0.085891
0.085881
0.085871
0.085862
0.085852
0.085842
0.085832
0.085822
0.085812
0.085803
0.085793
0.085783
0.085773
0.085764
0.085753
0.085744
0.085734
0.085724
0.085714
0.085705
0.085695
0.085685
0.085675
0.085666
0.085656
0.085646
0.085636
0.085627
0.085617
0.085607
0.085597
0.085588
0.085578
0.085568
0.085558
0.085549
0.085539
0.085529
0.085519
0.085510
0.085500
0.085490
0.085480
0.085471
0.085461
0.085451
0.085441
0.085432
0.085422
0.085412
0.085403
0.085393
0.085383
0.085374
0.085364
0.085354
0.085344
0.085335
0.085325
0.085315
0.085306
0.085296
0.085286
0.085277
0.085267
0.085257
0.085247
0.085238
0.085228
0.085219
0.085209
0.085199
0.085190
0.085180
0.085170
0.085161
0.085151
0.085141
0.085131
0.085122
0.085112
0.085103
0.085093
0.085084
0.085074
0.085064
0.085054
0.085045
0.085035
0.085026
0.085016
0.085006
0.084997
0.084987
0.084977
0.084968
0.084958
0.084949
0.084939
0.084930
0.084920
0.084910
0.084901
0.084891
0.084882
0.084872
0.084862
0.084853
0.084843
0.084834
0.084824
0.084815
0.084805
0.084795
0.084786
0.084776
0.084767
0.084757
0.084747
0.084738
0.084728
0.084719
0.084709
0.084700
0.084690
0.084681
0.084671
0.084662
0.084652
0.084643
0.084633
0.084623
0.084614
0.084604
0.084594
0.084585
0.084576
0.084566
0.084557
0.084547
0.084538
0.084528
0.084518
0.084509
0.084500
0.084490
0.084481
0.084471
0.084462
0.084452
0.084442
0.084433
0.084424
0.084414
0.084405
0.084395
0.084386
0.084376
0.084367
0.084357
0.084348
0.084338
0.084329
0.084319
0.084310
0.084301
0.084291
0.084282
0.084272
0.084263
0.084253
0.084244
0.084234
0.084225
0.084215
0.084206
0.084197
0.084187
0.084177
0.084168
0.084159
0.084149
0.084140
0.084131
0.084121
0.084112
0.084102
0.084093
0.084083
0.084074
0.084065
0.084055
0.084046
0.084036
0.084027
0.084018
0.084008
0.083999
0.083989
0.083980
0.083971
0.083961
0.083952
0.083943
0.083933
0.083924
0.083914
0.083905
0.083896
0.083886
0.083877
0.083868
0.083858
0.083849
0.083839
0.083830
0.083821
0.083811
0.083802
0.083793
0.083783
0.083774
0.083765
0.083755
0.083746
0.083737
0.083727
0.083718
0.083709
0.083699
0.083690
0.083681
0.083671
0.083662
0.083653
0.083643
0.083634
0.083625
0.083615
0.083606
0.083597
0.083588
0.083578
0.083569
0.083560
0.083550
0.083541
0.083532
0.083522
0.083513
0.083504
0.083495
0.083485
0.083476
0.083467
0.083458
0.083448
0.083439
0.083430
0.083421
0.083411
0.083402
0.083393
0.083383
0.083374
0.083365
0.083356
0.083346
0.083337
0.083328
0.083318
0.083309
0.083300
0.083291
0.083282
0.083273
0.083263
0.083254
0.083245
0.083236
0.083226
0.083217
0.083208
0.083199
0.083189
0.083180
0.083171
0.083162
0.083153
0.083143
0.083134
0.083125
0.083116
0.083107
0.083097
0.083088
0.083079
0.083070
0.083061
0.083052
0.083042
0.083033
0.083024
0.083015
0.083006
0.082996
0.082987
0.082978
0.082969
0.082960
0.082950
0.082941
0.082932
0.082923
0.082914
0.082905
0.082896
0.082887
0.082877
0.082868
0.082859
0.082850
0.082841
0.082832
0.082823
0.082813
0.082804
0.082795
0.082786
0.082777
0.082768
0.082759
0.082750
0.082741
0.082731
0.082722
0.082713
0.082704
0.082695
0.082686
0.082677
0.082668
0.082658
0.082649
0.082640
0.082631
0.082622
0.082613
0.082604
0.082595
0.082586
0.082577
0.082568
0.082559
0.082549
0.082540
0.082531
0.082522
0.082513
0.082504
0.082495
0.082486
0.082477
0.082468
0.082459
0.082450
0.082441
0.082432
0.082423
0.082414
0.082404
0.082396
0.082387
0.082378
0.082368
0.082360
0.082350
0.082341
0.082332
0.082323
0.082314
0.082305
0.082296
0.082287
0.082278
0.082269
0.082260
0.082251
0.082242
0.082233
0.082224
0.082215
0.082206
0.082197
0.082188
0.082179
0.082170
0.082161
0.082152
0.082143
0.082134
0.082125
0.082116
0.082107
0.082098
0.082089
0.082080
0.082072
0.082063
0.082054
0.082044
0.082036
0.082027
0.082018
0.082009
0.082000
0.081991
0.081982
0.081973
0.081964
0.081955
0.081946
0.081937
0.081928
0.081919
0.081910
0.081901
0.081893
0.081884
0.081875
0.081866
0.081857
0.081848
0.081839
0.081830
0.081821
0.081812
0.081803
0.081794
0.081786
0.081777
0.081768
0.081759
0.081750
0.081741
0.081732
0.081723
0.081714
0.081705
0.081697
0.081688
0.081679
0.081670
0.081661
0.081652
0.081643
0.081635
0.081626
0.081617
0.081608
0.081599
0.081590
0.081581
0.081572
0.081564
0.081555
0.081546
0.081537
0.081528
0.081519
0.081510
0.081502
0.081493
0.081484
0.081475
0.081466
0.081457
0.081449
0.081440
0.081431
0.081422
0.081413
0.081404
0.081396
0.081387
0.081378
0.081369
0.081360
0.081352
0.081343
0.081334
0.081325
0.081316
0.081308
0.081299
0.081290
0.081281
0.081272
0.081263
0.081255
0.081246
0.081237
0.081228
0.081220
0.081211
0.081202
0.081193
0.081185
0.081176
0.081167
0.081158
0.081149
0.081141
0.081132
0.081123
0.081114
0.081106
0.081097
0.081088
0.081079
0.081071
0.081062
0.081053
0.081044
0.081036
0.081027
0.081018
0.081009
0.081001
0.080992
0.080983
0.080974
0.080966
0.080957
0.080948
0.080940
0.080931
0.080922
0.080913
0.080905
0.080896
0.080887
0.080878
0.080870
0.080861
0.080852
0.080844
0.080835
0.080826
0.080818
0.080809
0.080800
0.080792
0.080783
0.080774
0.080766
0.080757
0.080748
0.080739
0.080731
0.080722
0.080713
0.080705
0.080696
0.080687
0.080679
0.080670
0.080661
0.080653
0.080644
0.080635
0.080627
0.080618
0.080610
0.080601
0.080592
0.080584
0.080575
0.080566
0.080558
0.080549
0.080540
0.080532
0.080523
0.080514
0.080506
0.080497
0.080489
0.080480
0.080471
0.080463
0.080454
0.080445
0.080437
0.080428
0.080420
0.080411
0.080402
0.080394
0.080385
0.080377
0.080368
0.080359
0.080351
0.080342
0.080334
0.080325
0.080316
0.080308
0.080299
0.080291
0.080282
0.080274
0.080265
0.080256
0.080248
0.080239
0.080231
0.080222
0.080214
0.080205
0.080196
0.080188
0.080179
0.080171
0.080162
0.080153
0.080145
0.080137
0.080128
0.080119
0.080111
0.080102
0.080094
0.080085
0.080077
0.080068
0.080060
0.080051
0.080043
0.080034
0.080026
0.080017
0.080009
0.080000
0.079991
0.079983
0.079974
0.079966
0.079957
0.079949
0.079940
0.079932
0.079923
0.079915
0.079906
0.079898
0.079889
0.079881
0.079872
0.079864
0.079855
0.079847
0.079838
0.079830
0.079821
0.079813
0.079805
0.079796
0.079788
0.079779
0.079771
0.079762
0.079754
0.079745
0.079737
0.079728
0.079720
0.079711
0.079703
0.079694
0.079686
0.079677
0.079669
0.079661
0.079652
0.079644
0.079635
0.079627
0.079618
0.079610
0.079602
0.079593
0.079585
0.079576
0.079568
0.079559
0.079551
0.079542
0.079534
0.079526
0.079517
0.079509
0.079500
0.079492
0.079484
0.079475
0.079467
0.079458
0.079450
0.079441
0.079433
0.079425
0.079416
0.079408
0.079400
0.079391
0.079383
0.079374
0.079366
0.079358
0.079349
0.079341
0.079333
0.079324
0.079316
0.079307
0.079299
0.079291
0.079282
0.079274
0.079266
0.079257
0.079249
0.079240
0.079232
0.079224
0.079215
0.079207
0.079199
0.079190
0.079182
0.079173
0.079165
0.079157
0.079149
0.079140
0.079132
0.079124
0.079115
0.079107
0.079099
0.079090
0.079082
0.079073
0.079065
0.079057
0.079049
0.079040
0.079032
0.079024
0.079015
0.079007
0.078999
0.078990
0.078982
0.078974
0.078966
0.078957
0.078949
0.078940
0.078932
0.078924
0.078916
0.078907
0.078899
0.078891
0.078883
0.078874
0.078866
0.078858
0.078849
0.078841
0.078833
0.078825
0.078816
0.078808
0.078800
0.078792
0.078783
0.078775
0.078767
0.078759
0.078750
0.078742
0.078734
0.078726
0.078717
0.078709
0.078701
0.078693
0.078684
0.078676
0.078668
0.078660
0.078651
0.078643
0.078635
0.078627
0.078618
0.078610
0.078602
0.078594
0.078586
0.078577
0.078569
0.078561
0.078553
0.078544
0.078536
0.078528
0.078520
0.078511
0.078503
0.078495
0.078487
0.078479
0.078471
0.078462
0.078454
0.078446
0.078438
0.078430
0.078421
0.078413
0.078405
0.078397
0.078389
0.078380
0.078372
0.078364
0.078356
0.078348
0.078340
0.078331
0.078323
0.078315
0.078307
0.078299
0.078291
0.078282
0.078274
0.078266
0.078258
0.078250
0.078242
0.078234
0.078225
0.078217
0.078209
0.078201
0.078193
0.078184
0.078177
0.078168
0.078160
0.078152
0.078144
0.078136
0.078128
0.078119
0.078112
0.078103
0.078095
0.078087
0.078079
0.078071
0.078063
0.078054
0.078047
0.078038
0.078030
0.078022
0.078014
0.078006
0.077998
0.077990
0.077982
0.077974
0.077966
0.077957
0.077949
0.077941
0.077933
0.077925
0.077917
0.077909
0.077901
0.077893
0.077885
0.077877
0.077869
0.077860
0.077852
0.077844
0.077836
0.077828
0.077820
0.077812
0.077804
0.077796
0.077788
0.077780
0.077772
0.077764
0.077756
0.077748
0.077740
0.077731
0.077724
0.077716
0.077708
0.077699
0.077691
0.077683
0.077675
0.077667
0.077659
0.077651
0.077643
0.077635
0.077627
0.077619
0.077611
0.077603
0.077595
0.077587
0.077579
0.077571
0.077563
0.077555
0.077547
0.077539
0.077531
0.077523
0.077515
0.077507
0.077499
0.077491
0.077483
0.077475
0.077467
0.077459
0.077451
0.077443
0.077435
0.077427
0.077419
0.077411
0.077403
0.077395
0.077387
0.077379
0.077371
0.077363
0.077355
0.077347
0.077339
0.077331
0.077324
0.077315
0.077308
0.077300
0.077292
0.077284
0.077276
0.077268
0.077260
0.077252
0.077244
0.077236
0.077228
0.077220
0.077212
0.077204
0.077196
0.077188
0.077181
0.077173
0.077165
0.077157
0.077149
0.077141
0.077133
0.077125
0.077117
0.077109
0.077101
0.077093
0.077085
0.077078
0.077070
0.077062
0.077054
0.077046
0.077038
0.077030
0.077022
0.077014
0.077006
0.076998
0.076991
0.076983
0.076975
0.076967
0.076959
0.076951
0.076943
0.076935
0.076928
0.076920
0.076912
0.076904
0.076896
0.076888
0.076880
0.076872
0.076865
0.076857
0.076849
0.076841
0.076833
0.076825
0.076817
0.076809
0.076802
0.076794
0.076786
0.076778
0.076770
0.076763
0.076755
0.076747
0.076739
0.076731
0.076723
0.076715
0.076708
0.076700
0.076692
0.076684
0.076676
0.076668
0.076661
0.076653
0.076645
0.076637
0.076629
0.076621
0.076614
0.076606
0.076598
0.076590
0.076582
0.076575
0.076567
0.076559
0.076551
0.076543
0.076536
0.076528
0.076520
0.076512
0.076505
0.076497
0.076489
0.076481
0.076473
0.076465
0.076458
0.076450
0.076442
0.076434
0.076427
0.076419
0.076411
0.076403
0.076396
0.076388
0.076380
0.076372
0.076365
0.076357
0.076349
0.076341
0.076333
0.076326
0.076318
0.076310
0.076302
0.076295
0.076287
0.076279
0.076271
0.076264
0.076256
0.076248
0.076241
0.076233
0.076225
0.076217
0.076210
0.076202
0.076194
0.076186
0.076179
0.076171
0.076163
0.076155
0.076148
0.076140
0.076132
0.076124
0.076117
0.076109
0.076101
0.076094
0.076086
0.076078
0.076071
0.076063
0.076055
0.076048
0.076040
0.076032
0.076024
0.076017
0.076009
0.076001
0.075994
0.075986
0.075978
0.075971
0.075963
0.075955
0.075948
0.075940
0.075932
0.075925
0.075917
0.075909
0.075902
0.075894
0.075886
0.075878
0.075871
0.075863
0.075856
0.075848
0.075840
0.075833
0.075825
0.075817
0.075810
0.075802
0.075794
0.075787
0.075779
0.075771
0.075764
0.075756
0.075748
0.075741
0.075733
0.075725
0.075718
0.075710
0.075703
0.075695
0.075687
0.075680
0.075672
0.075664
0.075657
0.075649
0.075642
0.075634
0.075626
0.075619
0.075611
0.075603
0.075596
0.075588
0.075581
0.075573
0.075566
0.075558
0.075550
0.075543
0.075535
0.075528
0.075520
0.075512
0.075505
0.075497
0.075490
0.075482
0.075474
0.075467
0.075459
0.075452
0.075444
0.075437
0.075429
0.075421
0.075414
0.075406
0.075399
0.075391
0.075384
0.075376
0.075368
0.075361
0.075353
0.075346
0.075338
0.075330
0.075323
0.075316
0.075308
0.075300
0.075293
0.075285
0.075278
0.075270
0.075263
0.075255
0.075248
0.075240
0.075233
0.075225
0.075217
0.075210
0.075202
0.075195
0.075187
0.075180
0.075172
0.075165
0.075157
0.075150
0.075142
0.075135
0.075127
0.075120
0.075112
0.075105
0.075097
0.075090
0.075082
0.075075
0.075067
0.075060
0.075052
0.075045
0.075037
0.075030
0.075022
0.075015
0.075007
0.075000
0.074992
0.074985
0.074977
0.074970
0.074962
0.074955
0.074947
0.074940
0.074932
0.074925
0.074917
0.074910
0.074902
0.074895
0.074888
0.074880
0.074873
0.074865
0.074858
0.074850
0.074843
0.074835
0.074828
0.074820
0.074813
0.074806
0.074798
0.074790
0.074783
0.074776
0.074768
0.074761
0.074753
0.074746
0.074739
0.074731
0.074724
0.074716
0.074709
0.074701
0.074694
0.074687
0.074679
0.074672
0.074664
0.074657
0.074649
0.074642
0.074635
0.074627
0.074620
0.074612
0.074605
0.074597
0.074590
0.074583
0.074575
0.074568
0.074560
0.074553
0.074546
0.074538
0.074531
0.074523
0.074516
0.074509
0.074501
0.074494
0.074487
0.074479
0.074472
0.074464
0.074457
0.074450
0.074442
0.074435
0.074428
0.074420
0.074413
0.074405
0.074398
0.074391
0.074383
0.074376
0.074369
0.074361
0.074354
0.074346
0.074339
0.074332
0.074324
0.074317
0.074310
0.074302
0.074295
0.074288
0.074280
0.074273
0.074266
0.074258
0.074251
0.074244
0.074236
0.074229
0.074222
0.074214
0.074207
0.074199
0.074192
0.074185
0.074178
0.074170
0.074163
0.074156
0.074148
0.074141
0.074134
0.074126
0.074119
0.074112
0.074104
0.074097
0.074090
0.074082
0.074075
0.074068
0.074061
0.074053
0.074046
0.074039
0.074031
0.074024
0.074017
0.074010
0.074002
0.073995
0.073988
0.073980
0.073973
0.073966
0.073958
0.073951
0.073944
0.073936
0.073929
0.073922
0.073915
0.073907
0.073900
0.073893
0.073886
0.073878
0.073871
0.073864
0.073857
0.073849
0.073842
0.073835
0.073828
0.073820
0.073813
0.073806
0.073799
0.073791
0.073784
0.073777
0.073770
0.073762
0.073755
0.073748
0.073741
0.073733
0.073726
0.073719
0.073712
0.073704
0.073697
0.073690
0.073683
0.073675
0.073668
0.073661
0.073654
0.073647
0.073639
0.073632
0.073625
0.073618
0.073611
0.073603
0.073596
0.073589
0.073582
0.073575
0.073567
0.073560
0.073553
0.073546
0.073539
0.073531
0.073524
0.073517
0.073510
0.073502
0.073495
0.073488
0.073481
0.073474
0.073467
0.073459
0.073452
0.073445
0.073438
0.073431
0.073424
0.073416
0.073409
0.073402
0.073395
0.073388
0.073380
0.073373
0.073366
0.073359
0.073352
0.073345
0.073337
0.073330
0.073323
0.073316
0.073309
0.073302
0.073295
0.073287
0.073280
0.073273
0.073266
0.073259
0.073252
0.073244
0.073237
0.073230
0.073223
0.073216
0.073209
0.073202
0.073195
0.073187
0.073180
0.073173
0.073166
0.073159
0.073152
0.073145
0.073138
0.073130
0.073123
0.073116
0.073109
0.073102
0.073095
0.073088
0.073081
0.073073
0.073066
0.073059
0.073052
0.073045
0.073038
0.073031
0.073024
0.073017
0.073010
0.073003
0.072995
0.072988
0.072981
0.072974
0.072967
0.072960
0.072953
0.072946
0.072939
0.072932
0.072925
0.072917
0.072910
0.072903
0.072896
0.072889
0.072882
0.072875
0.072868
0.072861
0.072854
0.072847
0.072840
0.072833
0.072826
0.072818
0.072811
0.072804
0.072797
0.072790
0.072783
0.072776
0.072769
0.072762
0.072755
0.072748
0.072741
0.072734
0.072727
0.072720
0.072713
0.072706
0.072699
0.072692
0.072685
0.072677
0.072671
0.072664
0.072657
0.072649
0.072642
0.072635
0.072628
0.072621
0.072614
0.072607
0.072600
0.072593
0.072586
0.072579
0.072572
0.072565
0.072558
0.072551
0.072544
0.072537
0.072530
0.072523
0.072516
0.072509
0.072502
0.072495
0.072488
0.072481
0.072474
0.072467
0.072460
0.072453
0.072446
0.072439
0.072432
0.072425
0.072418
0.072411
0.072404
0.072397
0.072390
0.072383
0.072376
0.072369
0.072363
0.072356
0.072349
0.072341
0.072335
0.072328
0.072321
0.072314
0.072307
0.072300
0.072293
0.072286
0.072279
0.072272
0.072265
0.072258
0.072251
0.072244
0.072237
0.072230
0.072223
0.072216
0.072210
0.072202
0.072196
0.072189
0.072182
0.072175
0.072168
0.072161
0.072154
0.072147
0.072140
0.072133
0.072126
0.072119
0.072112
0.072106
0.072099
0.072092
0.072085
0.072078
0.072071
0.072064
0.072057
0.072050
0.072043
0.072036
0.072029
0.072023
0.072016
0.072009
0.072002
0.071995
0.071988
0.071981
0.071974
0.071967
0.071960
0.071953
0.071947
0.071940
0.071933
0.071926
0.071919
0.071912
0.071905
0.071898
0.071892
0.071885
0.071878
0.071871
0.071864
0.071857
0.071850
0.071843
0.071837
0.071830
0.071823
0.071816
0.071809
0.071802
0.071795
0.071788
0.071782
0.071775
0.071768
0.071761
0.071754
0.071747
0.071741
0.071734
0.071727
0.071720
0.071713
0.071706
0.071699
0.071693
0.071686
0.071679
0.071672
0.071665
0.071658
0.071651
0.071645
0.071638
0.071631
0.071624
0.071617
0.071611
0.071604
0.071597
0.071590
0.071583
0.071576
0.071570
0.071563
0.071556
0.071549
0.071542
0.071536
0.071529
0.071522
0.071515
0.071508
0.071502
0.071495
0.071488
0.071481
0.071474
0.071468
0.071461
0.071454
0.071447
0.071440
0.071433
0.071427
0.071420
0.071413
0.071406
0.071400
0.071393
0.071386
0.071379
0.071372
0.071366
0.071359
0.071352
0.071345
0.071339
0.071332
0.071325
0.071318
0.071311
0.071305
0.071298
0.071291
0.071284
0.071278
0.071271
0.071264
0.071257
0.071251
0.071244
0.071237
0.071230
0.071224
0.071217
0.071210
0.071203
0.071197
0.071190
0.071183
0.071176
0.071170
0.071163
0.071156
0.071149
0.071143
0.071136
0.071129
0.071122
0.071116
0.071109
0.071102
0.071095
0.071089
0.071082
0.071075
0.071069
0.071062
0.071055
0.071048
0.071042
0.071035
0.071028
0.071022
0.071015
0.071008
0.071001
0.070995
0.070988
0.070981
0.070974
0.070968
0.070961
0.070954
0.070948
0.070941
0.070934
0.070928
0.070921
0.070914
0.070908
0.070901
0.070894
0.070888
0.070881
0.070874
0.070867
0.070861
0.070854
0.070847
0.070841
0.070834
0.070827
0.070821
0.070814
0.070807
0.070801
0.070794
0.070787
0.070781
0.070774
0.070767
0.070761
0.070754
0.070747
0.070741
0.070734
0.070727
0.070721
0.070714
0.070707
0.070701
0.070694
0.070687
0.070681
0.070674
0.070667
0.070661
0.070654
0.070647
0.070641
