1.61734
1.61745
2.11753
2.61766
3.11769
3.61877
4.11866
4.62524
5.11746
5.64179
6.11871
6.62011
7.11747
7.63821
8.11871
8.6187
9.11745
9.64079
10.119
10.6201
11.1176
11.6407
12.119
12.6181
13.119
13.6456
14.1176
14.619
15.1188
15.6429
16.1176
16.6192
17.1189
17.6491
18.136
18.6198
19.1267
19.6484
20.1176
20.6207
21.1204
21.6442
22.1175
22.6191
23.1189
23.6433
24.1176
24.6192
25.1188
25.6425
26.1176
26.6208
27.119
27.6421
28.1175
28.6478
29.1191
29.6428
30.1175
30.6246
31.1186
31.6373
32.1176
32.619
33.1186
33.654
34.1187
34.628
35.1184
35.6625
36.1175
36.6195
37.1193
37.6462
38.1175
38.6209
39.1268
39.6513
40.1175
40.6279
41.119
41.6515
42.1175
42.6539
43.1175
43.6413
44.1192
44.6196
45.1175
45.6463
46.146
46.619
47.1191
47.6341
48.1175
48.6189
49.133
49.6519
50.1175
50.6195
51.1362
51.6521
52.1177
52.6187
53.119
53.6488
54.1742
54.633
55.1192
55.6474
56.1176
56.6352
57.1189
57.6505
58.1176
58.6207
59.1175
59.65
60.1188
60.6189
61.1175
61.6408
62.1189
62.6199
63.1175
63.6392
64.1174
64.6194
65.1187
65.6376
66.1175
66.6231
67.1185
67.6628
68.1188
68.6706
69.1175
69.6439
70.1175
70.6189
71.1189
71.6535
72.1175
72.6199
73.1186
73.6675
74.119
74.62
75.1175
75.6452
76.1431
76.6201
77.1176
77.6631
78.1185
78.6434
79.1176
79.6586
80.1198
80.6197
81.1462
81.65
82.1187
82.6207
83.1176
83.6577
84.1214
84.6202
85.1324
85.6467
86.1197
86.6301
87.1188
87.6778
88.119
88.6532
89.1177
89.6531
90.1193
90.6225
91.1195
91.6679
92.1614
92.6202
93.1354
93.6858
94.1569
94.6202
95.1188
95.6538
96.1175
96.6206
97.1176
97.6485
98.1191
98.6191
99.1189
99.652
100.118
100.621
101.119
101.655
102.117
102.62
103.125
103.654
104.117
104.62
105.151
105.704
106.118
106.62
107.119
107.644
108.119
108.624
109.118
109.646
110.169
110.633
111.118
111.652
112.118
112.62
113.119
113.665
114.118
114.62
115.126
115.647
116.118
116.62
117.125
117.652
118.118
118.62
119.155
119.651
120.118
120.661
121.117
121.655
122.187
122.672
123.155
123.654
124.125
124.621
125.119
125.654
126.131
126.62
127.119
127.652
128.118
128.62
129.119
129.651
130.118
130.649
131.119
131.715
132.117
132.62
133.119
133.662
134.118
134.627
135.119
135.661
136.118
136.622
137.119
137.655
138.122
138.621
139.163
139.656
140.119
140.62
141.127
141.684
142.119
142.629
143.117
143.643
144.119
144.629
145.118
145.644
146.121
146.639
147.12
147.657
148.119
148.667
149.12
149.648
150.132
150.63
151.126
151.647
152.128
152.629
153.137
153.663
154.143
154.644
155.123
155.668
156.127
156.668
157.125
157.659
158.131
158.639
159.128
159.661
160.126
160.629
161.127
161.657
162.126
162.678
163.127
163.665
164.126
164.661
165.127
165.66
166.126
166.631
167.128
167.664
168.129
168.639
169.126
169.663
170.125
170.628
171.126
171.661
172.125
172.629
173.127
173.711
174.128
174.639
175.127
175.652
176.126
176.643
177.126
177.656
178.127
178.638
179.125
179.662
180.145
180.629
181.127
181.675
182.155
182.628
183.135
183.663
184.148
184.642
185.138
185.656
186.125
186.644
187.127
187.65
188.125
188.629
189.127
189.691
190.129
190.627
191.126
191.655
192.128
192.638
193.125
193.664
194.128
194.638
195.125
195.651
196.128
196.658
197.127
197.658
198.128
198.636
199.125
199.663
200.126
200.632
201.127
201.67
202.127
202.73
203.126
203.728
204.175
204.656
205.153
205.652
206.129
206.64
207.183
207.661
208.141
208.629
209.128
209.653
210.127
210.67
211.182
211.661
212.125
212.633
213.128
213.663
214.129
214.629
215.127
215.654
216.13
216.63
217.128
217.663
218.128
218.629
219.128
219.66
220.127
220.629
221.128
221.658
222.127
222.632
223.128
223.659
224.126
224.63
225.126
225.659
226.127
226.63
227.126
227.664
228.127
228.63
229.126
229.66
230.126
230.63
231.126
231.658
232.125
232.631
233.129
233.659
234.125
234.629
235.128
235.658
236.126
236.631
237.129
237.662
238.129
238.631
239.128
239.659
240.127
240.631
241.126
241.656
242.125
242.631
243.126
243.659
244.125
244.628
245.128
245.658
246.13
246.631
247.129
247.659
248.127
248.631
249.128
249.657
250.125
250.631
251.129
251.659
252.126
252.63
253.128
253.658
254.129
254.628
255.129
255.658
256.128
256.629
257.128
257.656
258.127
258.629
259.129
259.658
260.126
260.632
261.128
261.658
262.128
262.631
263.126
263.659
264.126
264.629
265.127
265.66
266.127
266.631
267.126
267.66
268.126
268.63
269.129
269.664
270.127
270.632
271.129
271.659
272.128
272.631
273.126
273.663
274.127
274.631
275.127
275.66
276.128
276.632
277.128
277.659
278.129
278.631
279.126
279.658
280.128
280.632
281.126
281.661
282.129
282.629
283.129
283.658
284.125
284.631
285.126
285.659
286.125
286.631
287.126
287.663
288.125
288.63
289.127
289.658
290.128
290.631
291.128
291.656
292.125
292.629
293.127
293.657
294.128
294.629
295.128
295.658
296.126
296.631
297.126
297.657
298.127
298.628
299.128
299.658
300.125
300.63
301.126
301.666
302.127
302.628
303.129
303.66
304.129
304.629
305.127
305.659
306.125
306.63
307.126
307.657
308.127
308.632
309.126
309.658
310.126
310.63
311.128
311.657
312.128
312.631
313.13
313.658
314.126
314.63
315.128
315.668
316.129
316.629
317.129
317.661
318.128
318.629
319.128
319.659
320.126
320.633
321.128
321.659
322.128
322.63
323.126
323.658
324.128
324.631
325.127
325.657
326.128
326.63
327.129
327.658
328.128
328.631
329.126
329.66
330.126
330.63
331.126
331.656
332.125
332.631
333.127
333.657
334.128
334.632
335.128
335.658
336.126
336.63
337.126
337.661
338.126
338.633
339.129
339.665
340.127
340.631
341.126
341.66
342.127
342.633
343.128
343.662
344.129
344.631
345.129
345.659
346.127
346.629
347.127
347.658
348.126
348.63
349.127
349.659
350.127
350.632
351.126
351.657
352.127
352.633
353.126
353.656
354.128
354.632
355.127
355.657
356.125
356.63
357.126
357.658
358.127
358.631
359.128
359.66
360.128
360.63
361.127
361.665
362.129
362.631
363.128
363.659
364.126
364.63
365.129
365.656
366.128
366.63
367.126
367.659
368.128
368.63
369.127
369.656
370.128
370.629
371.13
371.659
372.125
372.631
373.128
373.659
374.127
374.629
375.129
375.658
376.125
376.63
377.128
377.661
378.127
378.63
379.127
379.659
380.126
380.63
381.129
381.658
382.126
382.629
383.128
383.657
384.128
384.632
385.126
385.659
386.127
386.631
387.128
387.657
388.127
388.631
389.127
389.658
390.126
390.631
391.126
391.657
392.127
392.63
393.126
393.661
394.128
394.632
395.127
395.662
396.126
396.631
397.128
397.667
398.128
398.631
399.127
399.667
400.126
400.63
401.129
401.658
402.126
402.63
403.127
403.658
404.127
404.629
405.126
405.663
406.128
406.631
407.129
407.658
408.125
408.632
409.128
409.659
410.127
410.629
411.129
411.662
412.125
412.631
413.127
413.657
414.127
414.629
415.129
415.657
416.128
416.632
417.128
417.659
418.129
418.631
419.129
419.66
420.125
420.63
421.127
421.658
422.126
422.631
423.127
423.661
424.127
424.63
425.128
425.668
426.127
426.631
427.128
427.659
428.127
428.632
429.126
429.666
430.125
430.63
431.127
431.659
432.128
432.632
433.129
433.66
434.126
434.629
435.128
435.657
436.125
436.63
437.129
437.659
438.128
438.63
439.126
439.66
440.129
440.63
441.126
441.658
442.125
442.629
443.126
443.66
444.126
444.629
445.128
445.656
446.125
446.63
447.126
447.658
448.127
448.629
449.126
449.659
450.127
450.629
451.128
451.659
452.128
452.63
453.129
453.66
454.125
454.629
455.129
455.657
456.127
456.63
457.126
457.661
458.127
458.63
459.126
459.658
460.126
460.631
461.128
461.656
462.127
462.63
463.126
463.658
464.125
464.63
465.128
465.659
466.127
466.629
467.126
467.657
468.127
468.631
469.127
469.659
470.128
470.63
471.126
471.659
472.128
472.632
473.129
473.66
474.127
474.63
475.126
475.656
476.128
476.63
477.127
477.659
478.126
478.63
479.128
479.656
480.126
480.63
481.128
481.66
482.125
482.63
483.128
483.658
484.125
484.63
485.128
485.661
486.127
486.632
487.128
487.658
488.125
488.631
489.128
489.659
490.126
490.629
491.127
491.661
492.128
492.63
493.127
493.658
494.127
494.63
495.127
495.657
496.129
496.63
497.128
497.659
498.126
498.63
499.127
499.657
500.125
500.631
501.126
501.661
502.126
502.63
503.129
503.656
504.127
504.631
505.129
505.658
506.125
506.631
507.128
507.656
508.125
508.631
509.126
509.66
510.128
510.63
511.126
511.658
512.128
512.632
513.128
513.658
514.128
514.629
515.127
515.659
516.126
516.631
517.127
517.66
518.126
518.628
519.128
519.66
520.126
520.629
521.127
521.657
522.127
522.632
523.129
523.664
524.129
524.631
525.127
525.659
526.127
526.629
527.128
527.659
528.127
528.632
529.126
529.657
530.127
530.631
531.129
531.66
532.125
532.63
533.128
533.659
534.128
534.629
535.127
535.659
536.128
536.631
537.127
537.662
538.127
538.63
539.126
539.664
540.128
540.631
541.127
541.656
542.128
542.629
543.129
543.662
544.127
544.63
545.128
545.656
546.125
546.632
547.13
547.659
548.128
548.632
549.127
549.656
550.127
550.63
551.126
551.659
552.126
552.63
553.127
553.659
554.126
554.63
555.129
555.659
556.125
556.63
557.127
557.656
558.128
558.629
559.129
559.658
560.125
560.63
561.129
561.665
562.128
562.632
563.129
563.672
564.125
564.63
565.128
565.656
566.128
566.63
567.126
567.658
568.126
568.629
569.126
569.658
570.126
570.63
571.129
571.659
572.127
572.631
573.126
573.657
574.127
574.629
575.127
575.657
576.127
576.631
577.126
577.661
578.128
578.631
579.127
579.659
580.125
580.629
581.128
581.657
582.125
582.631
583.129
583.656
584.125
584.629
585.128
585.656
586.128
586.631
587.128
587.659
588.125
588.631
589.126
589.658
590.125
590.63
591.13
591.659
592.125
592.631
593.128
593.656
594.125
594.632
595.127
595.657
596.125
596.629
597.127
597.657
598.127
598.633
599.128
599.659
600.125
600.631
601.127
601.66
602.126
602.633
603.128
603.659
604.127
604.632
605.129
605.661
606.128
606.631
607.127
607.664
608.128
608.63
609.127
609.659
610.125
610.632
611.126
611.66
612.126
612.63
613.127
613.663
614.125
614.629
615.127
615.658
616.127
616.632
617.129
617.66
618.126
618.629
619.126
619.658
620.128
620.633
621.128
621.659
622.129
622.63
623.128
623.658
624.127
624.631
625.127
625.657
626.125
626.631
627.127
627.659
628.126
628.632
629.128
629.659
630.129
630.63
631.127
631.657
632.126
632.629
633.129
633.662
634.125
634.629
635.126
635.659
636.126
636.631
637.128
637.655
638.127
638.629
639.127
639.665
640.126
640.631
641.128
641.659
642.127
642.632
643.128
643.658
644.128
644.632
645.127
645.657
646.128
646.629
647.126
647.657
648.127
648.63
649.128
649.661
650.128
650.631
651.126
651.657
652.125
652.629
653.128
653.657
654.128
654.629
655.13
655.659
656.128
656.632
657.128
657.657
658.126
658.63
659.126
659.66
660.127
660.631
661.126
661.658
662.127
662.63
663.129
663.659
664.128
664.632
665.128
665.671
666.127
666.629
667.129
667.657
668.127
668.632
669.126
669.663
670.127
670.63
671.128
671.658
672.126
672.629
673.126
673.66
674.127
674.629
675.128
675.659
676.126
676.633
677.128
677.66
678.129
678.631
679.129
679.66
680.127
680.632
681.126
681.665
682.127
682.629
683.128
683.656
684.126
684.631
685.128
685.658
686.125
686.631
687.129
687.66
688.127
688.632
689.128
689.658
690.125
690.63
691.127
691.659
692.126
692.629
693.127
693.658
694.127
694.63
695.128
695.659
696.127
696.632
697.129
697.664
698.127
698.63
699.128
699.656
700.128
700.63
701.126
701.661
702.128
702.632
703.126
703.659
704.126
704.629
705.129
705.66
706.129
706.63
707.127
707.657
708.125
708.629
709.128
709.658
710.126
710.631
711.127
711.66
712.127
712.63
713.127
713.657
714.125
714.63
715.128
715.664
716.128
716.63
717.126
717.658
718.128
718.632
719.127
719.659
720.129
720.631
721.129
721.662
722.126
722.632
723.128
723.659
724.125
724.631
725.128
725.658
726.128
726.63
727.128
727.657
728.125
728.631
729.126
729.66
730.127
730.631
731.126
731.658
732.126
732.631
733.127
733.657
734.127
734.63
735.128
735.664
736.129
736.632
737.127
737.66
738.126
738.632
739.128
739.658
740.127
740.632
741.126
741.659
742.128
742.632
743.127
743.658
744.125
744.632
745.129
745.658
746.126
746.631
747.127
747.657
748.125
748.629
749.129
749.662
750.126
750.631
751.129
751.659
752.125
752.629
753.126
753.663
754.127
754.629
755.127
755.657
756.128
756.632
757.128
757.658
758.125
758.629
759.127
759.66
760.128
760.632
761.128
761.659
762.126
762.63
763.127
763.66
764.127
764.631
765.126
765.658
766.127
766.629
767.128
767.657
768.126
768.631
769.127
769.657
770.126
770.632
771.126
771.66
772.127
772.63
773.128
773.659
774.126
774.629
775.127
775.664
776.127
776.63
777.13
777.658
778.128
778.633
779.128
779.664
780.127
780.629
781.127
781.659
782.126
782.633
783.126
783.659
784.127
784.631
785.126
785.66
786.126
786.63
787.128
787.658
788.125
788.631
789.13
789.657
790.126
790.63
791.129
791.659
792.125
792.628
793.127
793.659
794.126
794.629
795.126
795.66
796.128
796.629
797.126
797.665
798.127
798.629
799.127
799.658
800.126
800.632
801.127
801.66
802.129
802.63
803.128
803.659
804.128
804.63
805.128
805.665
806.125
806.631
807.128
807.661
808.128
808.631
809.129
809.659
810.125
810.63
811.128
811.657
812.127
812.629
813.13
813.666
814.126
814.631
815.128
815.657
816.127
816.63
817.127
817.659
818.128
818.628
819.126
819.657
820.128
820.629
821.126
821.658
822.128
822.628
823.128
823.661
824.127
824.63
825.129
825.658
826.127
826.629
827.128
827.657
828.128
828.628
829.128
829.659
830.127
830.629
831.128
831.659
832.128
832.63
833.126
833.659
834.126
834.63
835.126
835.658
836.126
836.63
837.127
837.658
838.128
838.629
839.126
839.657
840.126
840.631
841.128
841.658
842.125
842.63
843.128
843.658
844.125
844.632
845.129
845.659
846.127
846.632
847.129
847.658
848.125
848.63
849.128
849.657
850.128
850.632
851.129
851.657
852.125
852.632
853.127
853.658
854.127
854.631
855.126
855.66
856.126
856.63
857.127
857.658
858.125
858.629
859.126
859.656
860.127
860.631
861.127
861.658
862.127
862.632
863.126
863.657
864.125
864.629
865.127
865.657
866.127
866.63
867.126
867.657
868.126
868.629
869.128
869.668
870.126
870.63
871.127
871.657
872.126
872.632
873.129
873.66
874.127
874.63
875.127
875.658
876.127
876.629
877.128
877.671
878.127
878.633
879.126
879.659
880.126
880.629
881.127
881.657
882.126
882.63
883.128
883.656
884.127
884.631
885.127
885.659
886.129
886.633
887.126
887.658
888.125
888.631
889.127
889.662
890.127
890.631
891.126
891.657
892.127
892.631
893.126
893.658
894.127
894.632
895.127
895.657
896.127
896.631
897.129
897.659
898.125
898.63
899.128
899.666
900.127
900.63
901.127
901.657
902.128
902.63
903.127
903.663
904.129
904.629
905.128
905.658
906.126
906.63
907.13
907.659
908.128
908.63
909.126
909.657
910.127
910.629
911.13
911.666
912.128
912.629
913.126
913.66
914.127
914.629
915.13
915.659
916.126
916.63
917.128
917.657
918.127
918.63
919.126
919.658
920.126
920.63
921.127
921.656
922.125
922.632
923.126
923.657
924.127
924.631
925.126
925.666
926.128
926.631
927.127
927.657
928.125
928.631
929.128
929.661
930.127
930.632
931.128
931.658
932.128
932.631
933.127
933.662
934.125
934.629
935.126
935.658
936.126
936.63
937.126
937.66
938.129
938.628
939.128
939.659
940.126
940.63
941.129
941.659
942.129
942.631
943.129
943.659
944.128
944.63
945.128
945.658
946.125
946.633
947.129
947.658
948.125
948.631
949.129
949.66
950.127
950.63
951.126
951.661
952.129
952.629
953.126
953.661
954.128
954.633
955.128
955.662
956.126
956.629
957.126
957.656
958.126
958.631
959.127
959.661
960.128
960.631
961.129
961.658
962.125
962.63
963.128
963.66
964.126
964.632
965.128
965.66
966.128
966.631
967.127
967.658
968.125
968.63
969.126
969.66
970.129
970.629
971.128
971.66
972.127
972.63
973.126
973.659
974.127
974.629
975.128
975.66
976.128
976.63
977.127
977.663
978.125
978.631
979.126
979.662
980.126
980.629
981.129
981.657
982.126
982.63
983.126
983.659
984.126
984.63
985.128
985.657
986.127
986.629
987.128
987.658
988.127
988.631
989.127
989.66
990.126
990.629
991.128
991.658
992.129
992.63
993.126
993.659
994.127
994.629
995.128
995.659
996.129
996.629
997.128
997.659
998.126
998.632
999.128
999.66
1000.13
1000.63
1001.13
1001.66
1002.13
1002.63
1003.13
1003.66
1004.13
1004.63
1005.13
1005.66
1006.13
1006.63
1007.13
1007.66
1008.13
1008.63
1009.13
1009.66
1010.13
1010.63
1011.13
1011.66
1012.13
1012.63
1013.13
1013.66
1014.13
1014.63
1015.13
1015.66
1016.13
1016.63
1017.13
1017.66
1018.13
1018.63
1019.13
1019.66
1020.13
1020.63
1021.13
1021.66
1022.13
1022.63
1023.13
1023.66
1024.13
1024.63
1025.13
1025.67
1026.13
1026.63
1027.13
1027.67
1028.13
1028.63
1029.13
1029.67
1030.13
1030.63
1031.13
1031.66
1032.13
1032.63
1033.13
1033.66
1034.13
1034.63
1035.13
1035.66
1036.13
1036.63
1037.13
1037.66
1038.13
1038.63
1039.13
1039.66
1040.13
1040.63
1041.13
1041.66
1042.13
1042.63
1043.13
1043.67
1044.13
1044.63
1045.13
1045.66
1046.13
1046.63
1047.13
1047.66
1048.13
1048.63
1049.13
1049.66
1050.13
1050.63
1051.13
1051.66
1052.13
1052.63
1053.13
1053.66
1054.13
1054.63
1055.13
1055.66
1056.13
1056.63
1057.13
1057.66
1058.13
1058.63
1059.13
1059.66
1060.13
1060.63
1061.13
1061.66
1062.13
1062.63
1063.13
1063.66
1064.13
1064.63
1065.13
1065.66
1066.13
1066.63
1067.13
1067.66
1068.13
1068.63
1069.13
1069.67
1070.13
1070.63
1071.13
1071.66
1072.13
1072.63
1073.13
1073.66
1074.13
1074.63
1075.13
1075.66
1076.13
1076.63
1077.13
1077.66
1078.13
1078.63
1079.13
1079.66
1080.13
1080.63
1081.13
1081.66
1082.13
1082.63
1083.13
1083.66
1084.13
1084.63
1085.13
1085.66
1086.12
1086.63
1087.13
1087.66
1088.13
1088.63
1089.13
1089.66
1090.13
1090.63
1091.13
1091.66
1092.12
1092.63
1093.13
1093.66
1094.13
1094.63
1095.13
1095.66
1096.13
1096.63
1097.13
1097.66
1098.13
1098.63
1099.13
1099.66
1100.13
1100.63
1101.13
1101.66
1102.12
1102.63
1103.13
1103.66
1104.13
1104.63
1105.13
1105.66
1106.12
1106.63
1107.13
1107.66
1108.13
1108.63
1109.13
1109.66
1110.13
1110.63
1111.13
1111.66
1112.13
1112.63
1113.13
1113.66
1114.13
1114.63
1115.13
1115.66
1116.13
1116.63
1117.13
1117.66
1118.13
1118.63
1119.13
1119.66
1120.13
1120.63
1121.13
1121.66
1122.13
1122.63
1123.13
1123.66
1124.13
1124.63
1125.13
1125.66
1126.13
1126.63
1127.13
1127.66
1128.13
1128.63
1129.13
1129.66
1130.13
1130.63
1131.13
1131.66
1132.13
1132.63
1133.13
1133.66
1134.13
1134.63
1135.13
1135.66
1136.13
1136.63
1137.13
1137.66
1138.13
1138.63
1139.13
1139.66
1140.13
1140.63
1141.13
1141.66
1142.13
1142.63
1143.13
1143.66
1144.13
1144.63
1145.13
1145.66
1146.12
1146.63
1147.13
1147.66
1148.13
1148.63
1149.13
1149.66
1150.13
1150.63
1151.13
1151.66
1152.13
1152.63
1153.13
1153.66
1154.13
1154.63
1155.13
1155.66
1156.13
1156.63
1157.13
1157.66
1158.13
1158.63
1159.13
1159.66
1160.12
1160.63
1161.13
1161.66
1162.13
1162.63
1163.13
1163.66
1164.13
1164.63
1165.13
1165.66
1166.13
1166.63
1167.13
1167.66
1168.13
1168.63
1169.13
1169.66
1170.13
1170.63
1171.13
1171.66
1172.13
1172.63
1173.13
1173.66
1174.13
1174.63
1175.13
1175.66
1176.13
1176.63
1177.13
1177.66
1178.13
1178.63
1179.13
1179.66
1180.13
1180.63
1181.13
1181.66
1182.12
1182.63
1183.13
1183.66
1184.13
1184.63
1185.13
1185.66
1186.13
1186.63
1187.13
1187.66
1188.13
1188.63
1189.13
1189.66
1190.13
1190.63
1191.13
1191.66
1192.12
1192.63
1193.13
1193.66
1194.13
1194.63
1195.13
1195.66
1196.13
1196.63
1197.13
1197.66
1198.12
1198.63
1199.13
1199.67
1200.13
1200.63
1201.13
1201.66
1202.13
1202.63
1203.13
1203.66
1204.13
1204.63
1205.13
1205.66
1206.13
1206.63
1207.13
1207.67
1208.13
1208.63
1209.13
1209.66
1210.13
1210.63
1211.13
1211.66
1212.13
1212.63
1213.13
1213.66
1214.13
1214.63
1215.13
1215.66
1216.13
1216.63
1217.13
1217.66
1218.12
1218.63
1219.13
1219.66
1220.13
1220.63
1221.13
1221.66
1222.13
1222.63
1223.13
1223.66
1224.13
1224.63
1225.13
1225.66
1226.13
1226.63
1227.13
1227.66
1228.13
1228.63
1229.13
1229.66
1230.13
1230.63
1231.13
1231.66
1232.13
1232.63
1233.13
1233.66
1234.13
1234.63
1235.13
1235.66
1236.13
1236.63
1237.13
1237.66
1238.13
1238.63
1239.13
1239.66
1240.13
1240.63
1241.13
1241.66
1242.13
1242.63
1243.13
1243.66
1244.13
1244.63
1245.13
1245.66
1246.13
1246.63
1247.13
1247.66
1248.13
1248.63
1249.13
1249.66
1250.12
1250.63
1251.13
1251.66
1252.13
1252.63
1253.13
1253.66
1254.13
1254.63
1255.13
1255.66
1256.13
1256.63
1257.13
1257.66
1258.13
1258.63
1259.13
1259.66
1260.13
1260.63
1261.13
1261.66
1262.13
1262.63
1263.13
1263.66
1264.13
1264.63
1265.13
1265.66
1266.13
1266.63
1267.13
1267.66
1268.13
1268.63
1269.13
1269.66
1270.13
1270.63
1271.13
1271.66
1272.13
1272.63
1273.13
1273.66
1274.13
1274.63
1275.13
1275.66
1276.13
1276.63
1277.13
1277.66
1278.13
1278.63
1279.13
1279.66
1280.13
1280.63
1281.13
1281.66
1282.13
1282.63
1283.13
1283.66
1284.13
1284.63
1285.13
1285.66
1286.12
1286.63
1287.13
1287.66
1288.13
1288.63
1289.13
1289.66
1290.13
1290.63
1291.13
1291.66
1292.13
1292.63
1293.13
1293.66
1294.13
1294.63
1295.13
1295.66
1296.13
1296.63
1297.13
1297.66
1298.12
1298.63
1299.13
1299.66
1300.13
1300.63
1301.13
1301.66
1302.13
1302.63
1303.13
1303.66
1304.13
1304.63
1305.13
1305.66
1306.13
1306.63
1307.13
1307.66
1308.13
1308.63
1309.13
1309.66
1310.13
1310.63
1311.13
1311.66
1312.13
1312.63
1313.13
1313.66
1314.13
1314.63
1315.13
1315.66
1316.13
1316.63
1317.13
1317.66
1318.13
1318.63
1319.13
1319.66
1320.13
1320.63
1321.13
1321.66
1322.13
1322.63
1323.13
1323.66
1324.13
1324.63
1325.13
1325.66
1326.12
1326.63
1327.13
1327.66
1328.13
1328.63
1329.13
1329.66
1330.13
1330.63
1331.13
1331.66
1332.13
1332.63
1333.13
1333.66
1334.12
1334.63
1335.13
1335.66
1336.13
1336.63
1337.13
1337.66
1338.12
1338.63
1339.13
1339.66
1340.13
1340.63
1341.13
1341.66
1342.13
1342.63
1343.13
1343.66
1344.13
1344.63
1345.13
1345.66
1346.13
1346.63
1347.13
1347.66
1348.13
1348.63
1349.13
1349.66
1350.13
1350.63
1351.13
1351.66
1352.13
1352.63
1353.13
1353.66
1354.13
1354.63
1355.13
1355.66
1356.13
1356.63
1357.13
1357.66
1358.12
1358.63
1359.13
1359.66
1360.13
1360.63
1361.13
1361.66
1362.13
1362.63
1363.13
1363.66
1364.13
1364.63
1365.13
1365.66
1366.13
1366.63
1367.13
1367.66
1368.13
1368.63
1369.13
1369.66
1370.13
1370.63
1371.13
1371.66
1372.13
1372.63
1373.13
1373.66
1374.13
1374.63
1375.13
1375.66
1376.13
1376.63
1377.13
1377.66
1378.13
1378.63
1379.13
1379.66
1380.13
1380.63
1381.13
1381.66
1382.13
1382.63
1383.13
1383.66
1384.13
1384.63
1385.13
1385.66
1386.13
1386.63
1387.13
1387.66
1388.13
1388.63
1389.13
1389.66
1390.13
1390.63
1391.13
1391.66
1392.13
1392.63
1393.13
1393.66
1394.13
1394.63
1395.13
1395.66
1396.13
1396.63
1397.13
1397.66
1398.13
1398.63
1399.13
1399.66
1400.13
1400.63
1401.13
1401.66
1402.13
1402.63
1403.13
1403.66
1404.13
1404.63
1405.13
1405.67
1406.13
1406.63
1407.13
1407.66
1408.13
1408.63
1409.13
1409.66
1410.13
1410.63
1411.13
1411.66
1412.13
1412.63
1413.13
1413.66
1414.12
1414.63
1415.13
1415.66
1416.13
1416.63
1417.13
1417.66
1418.12
1418.63
1419.13
1419.67
1420.13
1420.63
1421.13
1421.66
1422.13
1422.63
1423.13
1423.66
1424.13
1424.63
1425.13
1425.66
1426.13
1426.63
1427.13
1427.66
1428.13
1428.63
1429.13
1429.66
1430.13
1430.63
1431.13
1431.66
1432.13
1432.63
1433.13
1433.66
1434.13
1434.63
1435.13
1435.66
1436.12
1436.63
1437.13
1437.66
1438.13
1438.63
1439.13
1439.66
1440.13
1440.63
1441.13
1441.66
1442.13
1442.63
1443.13
1443.66
1444.13
1444.63
1445.13
1445.66
1446.13
1446.63
1447.13
1447.66
1448.13
1448.63
1449.13
1449.66
1450.13
1450.63
1451.13
1451.66
1452.12
1452.63
1453.13
1453.66
1454.13
1454.64
1455.13
1455.66
1456.13
1456.63
1457.13
1457.66
1458.13
1458.63
1459.13
1459.66
1460.13
1460.63
1461.13
1461.66
1462.13
1462.63
1463.13
1463.66
1464.13
1464.63
1465.13
1465.66
1466.13
1466.63
1467.13
1467.66
1468.13
1468.63
1469.13
1469.66
1470.13
1470.63
1471.13
1471.66
1472.13
1472.63
1473.13
1473.66
1474.13
1474.63
1475.13
1475.66
1476.13
1476.63
1477.13
1477.66
1478.13
1478.63
1479.13
1479.66
1480.13
1480.63
1481.13
1481.66
1482.12
1482.63
1483.13
1483.66
1484.13
1484.63
1485.13
1485.66
1486.13
1486.63
1487.13
1487.66
1488.13
1488.63
1489.13
1489.66
1490.13
1490.63
1491.13
1491.66
1492.13
1492.63
1493.13
1493.66
1494.13
1494.63
1495.13
1495.66
1496.13
1496.63
1497.13
1497.66
1498.13
1498.63
1499.13
1499.66
1500.13
1500.63
1501.13
1501.66
1502.13
1502.63
1503.13
1503.66
1504.12
1504.63
1505.13
1505.66
1506.13
1506.63
1507.13
1507.66
1508.13
1508.63
1509.13
1509.66
1510.13
1510.63
1511.13
1511.66
1512.13
1512.63
1513.13
1513.66
1514.13
1514.63
1515.13
1515.66
1516.13
1516.63
1517.13
1517.66
1518.13
1518.63
1519.13
1519.66
1520.13
1520.63
1521.13
1521.66
1522.13
1522.63
1523.13
1523.66
1524.13
1524.63
1525.13
1525.66
1526.13
1526.63
1527.13
1527.66
1528.13
1528.63
1529.13
1529.66
1530.13
1530.63
1531.13
1531.66
1532.13
1532.63
1533.13
1533.66
1534.13
1534.63
1535.13
1535.67
1536.13
1536.63
1537.13
1537.66
1538.13
1538.63
1539.13
1539.66
1540.13
1540.63
1541.13
1541.66
1542.13
1542.63
1543.13
1543.66
1544.13
1544.63
1545.13
1545.66
1546.13
1546.63
1547.13
1547.66
1548.13
1548.63
1549.13
1549.66
1550.13
1550.63
1551.13
1551.66
1552.13
1552.63
1553.13
1553.66
1554.13
1554.63
1555.13
1555.66
1556.13
1556.63
1557.13
1557.66
1558.12
1558.63
1559.13
1559.66
1560.13
1560.63
1561.13
1561.66
1562.13
1562.63
1563.13
1563.66
1564.13
1564.63
1565.13
1565.66
1566.13
1566.63
1567.13
1567.67
1568.12
1568.63
1569.13
1569.66
1570.13
1570.63
1571.13
1571.66
1572.13
1572.63
1573.13
1573.66
1574.13
1574.63
1575.13
1575.66
1576.13
1576.63
1577.13
1577.66
1578.12
1578.63
1579.13
1579.66
1580.13
1580.63
1581.13
1581.66
1582.13
1582.63
1583.13
1583.66
1584.12
1584.63
1585.13
1585.66
1586.13
1586.63
1587.13
1587.66
1588.13
1588.63
1589.13
1589.66
1590.13
1590.63
1591.13
1591.66
1592.12
1592.63
1593.13
1593.66
1594.13
1594.63
1595.13
1595.66
1596.13
1596.63
1597.13
1597.66
1598.13
1598.63
1599.13
1599.66
1600.13
1600.63
1601.13
1601.66
1602.13
1602.63
1603.13
1603.66
1604.13
1604.63
1605.13
1605.67
1606.13
1606.63
1607.13
1607.66
1608.13
1608.63
1609.13
1609.66
1610.13
1610.63
1611.13
1611.66
1612.13
1612.63
1613.13
1613.66
1614.13
1614.63
1615.13
1615.66
1616.13
1616.63
1617.13
1617.66
1618.13
1618.63
1619.13
1619.66
1620.13
1620.63
1621.13
1621.66
1622.13
1622.63
1623.13
1623.66
1624.13
1624.63
1625.13
1625.66
1626.13
1626.63
1627.13
1627.67
1628.13
1628.63
1629.13
1629.66
1630.13
1630.63
1631.13
1631.66
1632.13
1632.63
1633.13
1633.66
1634.13
1634.63
1635.13
1635.66
1636.13
1636.63
1637.13
1637.66
1638.13
1638.63
1639.13
1639.66
1640.13
1640.63
1641.13
1641.66
1642.13
1642.63
1643.13
1643.66
1644.13
1644.63
1645.13
1645.66
1646.13
1646.63
1647.13
1647.66
1648.13
1648.63
1649.13
1649.66
1650.13
1650.63
1651.13
1651.67
1652.13
1652.63
1653.13
1653.66
1654.13
1654.63
1655.13
1655.66
1656.13
1656.63
1657.13
1657.66
1658.13
1658.63
1659.13
1659.66
1660.13
1660.63
1661.13
1661.66
1662.13
1662.63
1663.13
1663.66
1664.13
1664.63
1665.13
1665.66
1666.13
1666.63
1667.13
1667.66
1668.13
1668.63
1669.13
1669.66
1670.13
1670.63
1671.13
1671.66
1672.12
1672.63
1673.13
1673.66
1674.13
1674.63
1675.13
1675.66
1676.13
1676.63
1677.13
1677.66
1678.13
1678.63
1679.13
1679.66
1680.13
1680.63
1681.13
1681.66
1682.13
1682.63
1683.13
1683.66
1684.13
1684.63
1685.13
1685.66
1686.13
1686.63
1687.13
1687.66
1688.13
1688.63
1689.13
1689.66
1690.13
1690.63
1691.13
1691.66
1692.13
1692.63
1693.13
1693.66
1694.13
1694.63
1695.13
1695.66
1696.13
1696.63
1697.13
1697.66
1698.13
1698.63
1699.13
1699.66
1700.13
1700.63
1701.13
1701.67
1702.13
1702.63
1703.13
1703.66
1704.13
1704.63
1705.13
1705.66
1706.13
1706.63
1707.13
1707.66
1708.13
1708.63
1709.13
1709.66
1710.13
1710.63
1711.13
1711.66
1712.13
1712.63
1713.13
1713.66
1714.13
1714.63
1715.13
1715.66
1716.13
1716.63
1717.13
1717.66
1718.13
1718.63
1719.13
1719.66
1720.13
1720.63
1721.13
1721.66
1722.13
1722.63
1723.13
1723.66
1724.13
1724.63
1725.13
1725.66
1726.13
1726.63
1727.13
1727.66
1728.12
1728.63
1729.13
1729.66
1730.13
1730.63
1731.13
1731.66
1732.13
1732.63
1733.13
1733.66
1734.13
1734.63
1735.13
1735.66
1736.13
1736.63
1737.13
1737.66
1738.13
1738.63
1739.13
1739.66
1740.13
1740.63
1741.13
1741.66
1742.13
1742.63
1743.13
1743.66
1744.13
1744.63
1745.13
1745.66
1746.13
1746.63
1747.13
1747.66
1748.13
1748.63
1749.13
1749.66
1750.13
1750.63
1751.13
1751.66
1752.13
1752.63
1753.13
1753.66
1754.13
1754.63
1755.13
1755.66
1756.13
1756.63
1757.13
1757.66
1758.13
1758.63
1759.13
1759.66
1760.13
1760.63
1761.13
1761.66
1762.12
1762.63
1763.13
1763.66
1764.13
1764.63
1765.13
1765.66
1766.13
1766.63
1767.13
1767.66
1768.13
1768.63
1769.13
1769.66
1770.13
1770.63
1771.13
1771.66
1772.13
1772.63
1773.13
1773.66
1774.13
1774.63
1775.13
1775.66
1776.13
1776.63
1777.13
1777.66
1778.12
1778.63
1779.13
1779.66
1780.13
1780.63
1781.13
1781.66
1782.13
1782.63
1783.13
1783.66
1784.13
1784.63
1785.13
1785.66
1786.13
1786.63
1787.13
1787.66
1788.13
1788.63
1789.13
1789.66
1790.13
1790.63
1791.13
1791.67
1792.13
1792.63
1793.13
1793.66
1794.13
1794.63
1795.13
1795.67
1796.13
1796.63
1797.13
1797.66
1798.13
1798.63
1799.13
1799.66
1800.13
1800.63
1801.13
1801.66
1802.13
1802.63
1803.13
1803.66
1804.13
1804.63
1805.13
1805.66
1806.13
1806.63
1807.13
1807.66
1808.13
1808.63
1809.13
1809.67
1810.13
1810.63
1811.13
1811.66
1812.13
1812.63
1813.13
1813.66
1814.13
1814.63
1815.13
1815.66
1816.13
1816.63
1817.13
1817.66
1818.13
1818.63
1819.13
1819.66
1820.13
1820.63
1821.13
1821.66
1822.13
1822.63
1823.13
1823.66
1824.13
1824.63
1825.13
1825.66
1826.13
1826.63
1827.13
1827.66
1828.13
1828.63
1829.13
1829.66
1830.13
1830.63
1831.13
1831.66
1832.13
1832.63
1833.13
1833.66
1834.13
1834.63
1835.13
1835.66
1836.13
1836.63
1837.13
1837.66
1838.13
1838.63
1839.13
1839.66
1840.12
1840.63
1841.13
1841.66
1842.13
1842.63
1843.13
1843.66
1844.13
1844.63
1845.13
1845.66
1846.12
1846.63
1847.13
1847.66
1848.13
1848.63
1849.13
1849.66
1850.13
1850.63
1851.13
1851.66
1852.13
1852.63
1853.13
1853.66
1854.13
1854.63
1855.13
1855.66
1856.13
1856.63
1857.13
1857.66
1858.13
1858.63
1859.13
1859.66
1860.13
1860.63
1861.13
1861.66
1862.13
1862.63
1863.13
1863.67
1864.13
1864.63
1865.13
1865.66
1866.13
1866.63
1867.13
1867.66
1868.13
1868.63
1869.13
1869.66
1870.13
1870.63
1871.13
1871.66
1872.13
1872.63
1873.13
1873.66
1874.13
1874.63
1875.13
1875.66
1876.12
1876.63
1877.13
1877.66
1878.13
1878.63
1879.13
1879.66
1880.13
1880.63
1881.13
1881.66
1882.13
1882.63
1883.13
1883.66
1884.13
1884.63
1885.13
1885.66
1886.12
1886.63
1887.13
1887.66
1888.13
1888.63
1889.13
1889.66
1890.13
1890.63
1891.13
1891.66
1892.13
1892.63
1893.13
1893.66
1894.13
1894.63
1895.13
1895.66
1896.13
1896.63
1897.13
1897.66
1898.13
1898.63
1899.13
1899.66
1900.13
1900.63
1901.13
1901.66
1902.13
1902.63
1903.13
1903.66
1904.13
1904.63
1905.13
1905.66
1906.13
1906.63
1907.13
1907.66
1908.13
1908.63
1909.13
1909.66
1910.12
1910.63
1911.13
1911.66
1912.13
1912.63
1913.13
1913.66
1914.13
1914.63
1915.13
1915.66
1916.13
1916.63
1917.13
1917.66
1918.13
1918.63
1919.13
1919.66
1920.13
1920.63
1921.13
1921.66
1922.13
1922.63
1923.13
1923.66
1924.13
1924.63
1925.13
1925.66
1926.13
1926.63
1927.13
1927.66
1928.13
1928.63
1929.13
1929.66
1930.13
1930.63
1931.13
1931.66
1932.13
1932.63
1933.13
1933.66
1934.13
1934.63
1935.13
1935.66
1936.13
1936.63
1937.13
1937.66
1938.13
1938.63
1939.13
1939.66
1940.13
1940.63
1941.13
1941.66
1942.12
1942.63
1943.13
1943.66
1944.13
1944.63
1945.13
1945.66
1946.13
1946.63
1947.13
1947.66
1948.13
1948.63
1949.13
1949.66
1950.13
1950.63
1951.13
1951.66
1952.12
1952.63
1953.13
1953.66
1954.13
1954.63
1955.13
1955.66
1956.13
1956.63
1957.13
1957.66
1958.13
1958.63
1959.13
1959.66
1960.13
1960.63
1961.13
1961.66
1962.13
1962.63
1963.13
1963.67
1964.13
1964.63
1965.13
1965.66
1966.13
1966.63
1967.13
1967.66
1968.13
1968.63
1969.13
1969.66
1970.13
1970.63
1971.13
1971.66
1972.13
1972.63
1973.13
1973.66
1974.13
1974.63
1975.13
1975.66
1976.13
1976.63
1977.13
1977.66
1978.13
1978.63
1979.13
1979.66
1980.13
1980.63
1981.13
1981.66
1982.13
1982.63
1983.13
1983.66
1984.13
1984.63
1985.13
1985.66
1986.13
1986.63
1987.13
1987.66
1988.13
1988.63
1989.13
1989.66
1990.13
1990.63
1991.13
1991.66
1992.13
1992.63
1993.13
1993.66
1994.13
1994.63
1995.13
1995.66
1996.12
1996.63
1997.13
1997.66
1998.13
1998.63
1999.13
1999.66
2000.13
2000.63
2001.13
2001.66
2002.13
2002.63
2003.13
2003.66
2004.13
2004.63
2005.13
2005.66
2006.13
2006.63
2007.13
2007.66
2008.13
2008.63
2009.13
2009.66
2010.13
2010.63
2011.13
2011.66
2012.13
2012.63
2013.13
2013.67
2014.13
2014.63
2015.13
2015.66
2016.13
2016.63
2017.13
2017.66
2018.12
2018.63
2019.13
2019.66
2020.13
2020.63
2021.13
2021.66
2022.13
2022.63
2023.13
2023.66
2024.13
2024.63
2025.13
2025.66
2026.13
2026.63
2027.13
2027.67
2028.13
2028.63
2029.13
2029.66
2030.13
2030.63
2031.13
2031.66
2032.13
2032.63
2033.13
2033.66
2034.13
2034.63
2035.13
2035.66
2036.12
2036.63
2037.13
2037.66
2038.13
2038.63
2039.13
2039.66
2040.13
2040.63
2041.13
2041.66
2042.12
2042.63
2043.13
2043.66
2044.13
2044.63
2045.13
2045.66
2046.13
2046.63
2047.13
2047.66
2048.13
2048.63
2049.13
2049.66
2050.13
2050.63
2051.13
2051.66
2052.12
2052.63
2053.13
2053.66
2054.13
2054.63
2055.13
2055.66
2056.13
2056.63
2057.13
2057.66
2058.13
2058.63
2059.13
2059.66
2060.13
2060.63
2061.13
2061.66
2062.13
2062.63
2063.13
2063.66
2064.13
2064.63
2065.13
2065.66
2066.12
2066.63
2067.13
2067.66
2068.13
2068.63
2069.13
2069.66
2070.13
2070.63
2071.13
2071.66
2072.13
2072.63
2073.13
2073.66
2074.13
2074.63
2075.13
2075.66
2076.13
2076.63
2077.13
2077.66
2078.13
2078.63
2079.13
2079.66
2080.13
2080.63
2081.13
2081.66
2082.13
2082.63
2083.13
2083.67
2084.13
2084.63
2085.13
2085.66
2086.13
2086.63
2087.13
2087.66
2088.13
2088.63
2089.13
2089.66
2090.13
2090.63
2091.13
2091.66
2092.12
2092.63
2093.13
2093.66
2094.13
2094.63
2095.13
2095.66
2096.13
2096.63
2097.13
2097.66
2098.13
2098.63
2099.13
2099.66
2100.13
2100.63
2101.13
2101.67
2102.13
2102.63
2103.13
2103.66
2104.12
2104.63
2105.13
2105.66
2106.13
2106.63
2107.13
2107.66
2108.13
2108.63
2109.13
2109.66
2110.13
2110.63
2111.13
2111.66
2112.13
2112.63
2113.13
2113.66
2114.13
2114.63
2115.13
2115.66
2116.13
2116.63
2117.13
2117.66
2118.13
2118.63
2119.13
2119.66
2120.13
2120.63
2121.13
2121.66
2122.13
2122.63
2123.13
2123.66
2124.13
2124.63
2125.13
2125.66
2126.12
2126.63
2127.13
2127.66
2128.13
2128.63
2129.13
2129.66
2130.13
2130.63
2131.13
2131.66
2132.13
2132.63
2133.13
2133.66
2134.13
2134.63
2135.13
2135.66
2136.13
2136.63
2137.13
2137.66
2138.13
2138.63
2139.13
2139.66
2140.13
2140.63
2141.13
2141.66
2142.13
2142.63
2143.13
2143.66
2144.13
2144.63
2145.13
2145.66
2146.13
2146.63
2147.13
2147.66
2148.13
2148.63
2149.13
2149.66
2150.13
2150.63
2151.13
2151.66
2152.13
2152.63
2153.13
2153.66
2154.13
2154.63
2155.13
2155.66
2156.13
2156.63
2157.13
2157.66
2158.13
2158.63
2159.13
2159.66
2160.13
2160.63
2161.13
2161.66
2162.13
2162.63
2163.13
2163.66
2164.13
2164.63
2165.13
2165.66
2166.13
2166.63
2167.13
2167.66
2168.13
2168.63
2169.13
2169.66
2170.13
2170.63
2171.13
2171.66
2172.13
2172.63
2173.13
2173.66
2174.12
2174.63
2175.13
2175.66
2176.13
2176.63
2177.13
2177.66
2178.13
2178.63
2179.13
2179.66
2180.13
2180.63
2181.13
2181.66
2182.13
2182.63
2183.13
2183.66
2184.13
2184.63
2185.13
2185.66
2186.13
2186.63
2187.13
2187.67
2188.13
2188.63
2189.13
2189.66
2190.13
2190.63
2191.13
2191.66
2192.13
2192.63
2193.13
2193.66
2194.13
2194.63
2195.13
2195.66
2196.13
2196.63
2197.13
2197.66
2198.13
2198.63
2199.13
2199.66
2200.13
2200.63
2201.13
2201.66
2202.12
2202.63
2203.13
2203.66
2204.13
2204.63
2205.13
2205.66
2206.12
2206.63
2207.13
2207.66
2208.13
2208.63
2209.13
2209.66
2210.13
2210.63
2211.13
2211.66
2212.13
2212.63
2213.13
2213.66
2214.13
2214.63
2215.13
2215.67
2216.13
2216.63
2217.13
2217.66
2218.13
2218.63
2219.13
2219.66
2220.13
2220.63
2221.13
2221.66
2222.13
2222.63
2223.13
2223.66
2224.13
2224.63
2225.13
2225.66
2226.13
2226.63
2227.13
2227.66
2228.13
2228.63
2229.13
2229.66
2230.13
2230.63
2231.13
2231.66
2232.12
2232.63
2233.13
2233.66
2234.13
2234.63
2235.13
2235.66
2236.13
2236.63
2237.13
2237.66
2238.13
2238.63
2239.13
2239.66
2240.13
2240.63
2241.13
2241.66
2242.13
2242.63
2243.13
2243.66
2244.13
2244.63
2245.13
2245.66
2246.13
2246.63
2247.13
2247.66
2248.13
2248.63
2249.13
2249.66
2250.13
2250.63
2251.13
2251.66
2252.13
2252.63
2253.13
2253.66
2254.13
2254.63
2255.13
2255.66
2256.13
2256.63
2257.13
2257.66
2258.13
2258.63
2259.13
2259.66
2260.13
2260.63
2261.13
2261.66
2262.13
2262.63
2263.13
2263.66
2264.13
2264.63
2265.13
2265.66
2266.13
2266.63
2267.13
2267.66
2268.13
2268.63
2269.13
2269.66
2270.13
2270.63
2271.13
2271.66
2272.13
2272.63
2273.13
2273.66
2274.13
2274.63
2275.13
2275.66
2276.13
2276.63
2277.13
2277.66
2278.12
2278.63
2279.13
2279.66
2280.13
2280.63
2281.13
2281.66
2282.13
2282.63
2283.13
2283.66
2284.13
2284.63
2285.13
2285.66
2286.13
2286.63
2287.13
2287.66
2288.13
2288.63
2289.13
2289.66
2290.13
2290.63
2291.13
2291.66
2292.13
2292.63
2293.13
2293.66
2294.13
2294.63
2295.13
2295.66
2296.13
2296.63
2297.13
2297.66
2298.13
2298.63
2299.13
2299.66
2300.13
2300.63
2301.13
2301.66
2302.13
2302.63
2303.13
2303.66
2304.13
2304.63
2305.13
2305.66
2306.13
2306.63
2307.13
2307.66
2308.13
2308.63
2309.13
2309.66
2310.13
2310.63
2311.13
2311.66
2312.13
2312.63
2313.13
2313.66
2314.13
2314.63
2315.13
2315.66
2316.13
2316.63
2317.13
2317.66
2318.13
2318.63
2319.13
2319.66
2320.13
2320.63
2321.13
2321.67
2322.13
2322.63
2323.13
2323.66
2324.13
2324.63
2325.13
2325.66
2326.13
2326.63
2327.13
2327.66
2328.13
2328.63
2329.13
2329.66
2330.12
2330.63
2331.13
2331.66
2332.13
2332.63
2333.13
2333.66
2334.12
2334.63
2335.13
2335.66
2336.13
2336.63
2337.13
2337.67
2338.13
2338.63
2339.13
2339.66
2340.13
2340.63
2341.13
2341.66
2342.13
2342.63
2343.13
2343.66
2344.12
2344.63
2345.13
2345.66
2346.13
2346.63
2347.13
2347.66
2348.13
2348.63
2349.13
2349.66
2350.13
2350.63
2351.13
2351.66
2352.13
2352.63
2353.13
2353.66
2354.13
2354.63
2355.13
2355.66
2356.12
2356.63
2357.13
2357.66
2358.13
2358.63
2359.13
2359.66
2360.13
2360.63
2361.13
2361.66
2362.13
2362.63
2363.13
2363.66
2364.13
2364.63
2365.13
2365.66
2366.13
2366.63
2367.13
2367.66
2368.13
2368.63
2369.13
2369.66
2370.13
2370.63
2371.13
2371.66
2372.13
2372.63
2373.13
2373.66
2374.13
2374.63
2375.13
2375.66
2376.12
2376.63
2377.13
2377.66
2378.13
2378.63
2379.13
2379.66
2380.13
2380.63
2381.13
2381.66
2382.12
2382.63
2383.13
2383.66
2384.13
2384.63
2385.13
2385.66
2386.13
2386.63
2387.13
2387.66
2388.13
2388.63
2389.13
2389.66
2390.13
2390.63
2391.13
2391.66
2392.13
2392.63
2393.13
2393.66
2394.13
2394.63
2395.13
2395.66
2396.13
2396.63
2397.13
2397.66
2398.13
2398.63
2399.13
2399.66
2400.13
2400.63
2401.13
2401.66
2402.13
2402.63
2403.13
2403.66
2404.13
2404.63
2405.13
2405.66
2406.13
2406.63
2407.13
2407.66
2408.13
2408.63
2409.13
2409.66
2410.13
2410.63
2411.13
2411.66
2412.13
2412.63
2413.13
2413.66
2414.13
2414.63
2415.13
2415.66
2416.13
2416.63
2417.13
2417.66
2418.13
2418.63
2419.13
2419.66
2420.13
2420.63
2421.13
2421.66
2422.13
2422.63
2423.13
2423.66
2424.13
2424.63
2425.13
2425.66
2426.13
2426.63
2427.13
2427.66
2428.13
2428.63
2429.13
2429.66
2430.13
2430.63
2431.13
2431.66
2432.13
2432.63
2433.13
2433.66
2434.12
2434.63
2435.13
2435.66
2436.13
2436.63
2437.13
2437.66
2438.12
2438.63
2439.13
2439.66
2440.13
2440.63
2441.13
2441.66
2442.13
2442.63
2443.13
2443.66
2444.13
2444.63
2445.13
2445.66
2446.13
2446.63
2447.13
2447.66
2448.13
2448.63
2449.13
2449.66
2450.13
2450.63
2451.13
2451.66
2452.13
2452.63
2453.13
2453.66
2454.13
2454.63
2455.13
2455.66
2456.13
2456.63
2457.13
2457.66
2458.13
2458.63
2459.13
2459.66
2460.13
2460.63
2461.13
2461.66
2462.13
2462.63
2463.13
2463.66
2464.13
2464.63
2465.13
2465.66
2466.13
2466.63
2467.13
2467.66
2468.12
2468.63
2469.13
2469.66
2470.12
2470.63
2471.13
2471.66
2472.13
2472.63
2473.13
2473.66
2474.13
2474.63
2475.13
2475.66
2476.13
2476.63
2477.13
2477.66
2478.13
2478.63
2479.13
2479.66
2480.13
2480.63
2481.13
2481.66
2482.12
2482.63
2483.13
2483.66
2484.13
2484.63
2485.13
2485.66
2486.13
2486.63
2487.13
2487.66
2488.13
2488.63
2489.13
2489.66
2490.13
2490.63
2491.13
2491.66
2492.13
2492.63
2493.13
2493.66
2494.13
2494.63
2495.13
2495.66
2496.13
2496.63
2497.13
2497.66
2498.13
2498.63
2499.13
2499.66
2500.13
2500.63
2501.13
2501.66
2502.13
2502.63
2503.13
2503.66
2504.13
2504.63
2505.13
2505.66
2506.13
2506.63
2507.13
2507.66
2508.13
2508.63
2509.13
2509.66
2510.13
2510.63
2511.13
2511.66
2512.13
2512.63
2513.13
2513.66
2514.13
2514.63
2515.13
2515.66
2516.13
2516.63
2517.13
2517.66
2518.13
2518.63
2519.13
2519.66
2520.13
2520.63
2521.13
2521.66
2522.13
2522.63
2523.13
2523.66
2524.13
2524.63
2525.13
2525.66
2526.13
2526.63
2527.13
2527.66
2528.12
2528.63
2529.13
2529.66
2530.13
2530.63
2531.13
2531.66
2532.13
2532.63
2533.13
2533.66
2534.13
2534.63
2535.13
2535.66
2536.13
2536.63
2537.13
2537.66
2538.13
2538.63
2539.13
2539.66
2540.13
2540.63
2541.13
2541.66
2542.13
2542.63
2543.13
2543.66
2544.13
2544.63
2545.13
2545.66
2546.13
2546.63
2547.13
2547.66
2548.13
2548.63
2549.13
2549.66
2550.13
2550.63
2551.13
2551.66
2552.13
2552.63
2553.13
2553.66
2554.13
2554.63
2555.13
2555.66
2556.13
2556.63
2557.13
2557.66
2558.13
2558.63
2559.13
2559.66
2560.13
2560.63
2561.13
2561.66
2562.13
2562.63
2563.13
2563.66
2564.13
2564.63
2565.13
2565.66
2566.13
2566.63
2567.13
2567.66
2568.13
2568.63
2569.13
2569.66
2570.12
2570.63
2571.13
2571.66
2572.12
2572.63
2573.13
2573.66
2574.13
2574.63
2575.13
2575.66
2576.13
2576.63
2577.13
2577.66
2578.13
2578.63
2579.13
2579.66
2580.13
2580.63
2581.13
2581.66
2582.13
2582.63
2583.13
2583.66
2584.13
2584.63
2585.13
2585.66
2586.13
2586.63
2587.13
2587.66
2588.13
2588.63
2589.13
2589.66
2590.13
2590.63
2591.13
2591.66
2592.13
2592.63
2593.13
2593.66
2594.13
2594.63
2595.13
2595.66
2596.13
2596.63
2597.13
2597.66
2598.13
2598.63
2599.13
2599.66
2600.13
2600.63
2601.13
2601.66
2602.13
2602.63
2603.13
2603.66
2604.13
2604.63
2605.13
2605.66
2606.13
2606.63
2607.13
2607.66
2608.13
2608.63
2609.13
2609.66
2610.13
2610.63
2611.13
2611.66
2612.13
2612.63
2613.13
2613.66
2614.13
2614.63
2615.13
2615.66
2616.13
2616.63
2617.13
2617.66
2618.12
2618.63
2619.13
2619.66
2620.13
2620.63
2621.13
2621.66
2622.13
2622.63
2623.13
2623.67
2624.13
2624.63
2625.13
2625.66
2626.13
2626.63
2627.13
2627.66
2628.13
2628.63
2629.13
2629.66
2630.13
2630.63
2631.13
2631.66
2632.13
2632.63
2633.13
2633.66
2634.13
2634.63
2635.13
2635.66
2636.13
2636.63
2637.13
2637.66
2638.13
2638.63
2639.13
2639.66
2640.13
2640.63
2641.13
2641.67
2642.13
2642.63
2643.13
2643.66
2644.12
2644.63
2645.13
2645.66
2646.13
2646.63
2647.13
2647.66
2648.13
2648.63
2649.13
2649.66
2650.13
2650.63
2651.13
2651.66
2652.13
2652.63
2653.13
2653.66
2654.13
2654.63
2655.13
2655.66
2656.13
2656.63
2657.13
2657.66
2658.13
2658.63
2659.13
2659.66
2660.13
2660.63
2661.13
2661.66
2662.13
2662.63
2663.13
2663.66
2664.13
2664.63
2665.13
2665.66
2666.13
2666.63
2667.13
2667.66
2668.12
2668.63
2669.13
2669.67
2670.13
2670.63
2671.13
2671.66
2672.13
2672.63
2673.13
2673.66
2674.13
2674.63
2675.13
2675.66
2676.13
2676.63
2677.13
2677.66
2678.13
2678.63
2679.13
2679.66
2680.13
2680.63
2681.13
2681.66
2682.13
2682.63
2683.13
2683.66
2684.13
2684.63
2685.13
2685.66
2686.13
2686.63
2687.13
2687.66
2688.13
2688.63
2689.13
2689.66
2690.13
2690.63
2691.13
2691.66
2692.13
2692.63
2693.13
2693.66
2694.13
2694.63
2695.13
2695.66
2696.13
2696.63
2697.13
2697.66
2698.13
2698.63
2699.13
2699.66
2700.13
2700.63
2701.13
2701.66
2702.13
2702.63
2703.13
2703.66
2704.12
2704.63
2705.13
2705.66
2706.13
2706.63
2707.13
2707.66
2708.13
2708.63
2709.13
2709.66
2710.13
2710.63
2711.13
2711.66
2712.12
2712.63
2713.13
2713.66
2714.13
2714.63
2715.13
2715.66
2716.13
2716.63
2717.13
2717.66
2718.13
2718.63
2719.13
2719.66
2720.13
2720.63
2721.13
2721.66
2722.13
2722.63
2723.13
2723.66
2724.13
2724.63
2725.13
2725.66
2726.13
2726.63
2727.13
2727.66
2728.12
2728.63
2729.13
2729.66
2730.13
2730.63
2731.13
2731.66
2732.13
2732.63
2733.13
2733.66
2734.13
2734.63
2735.13
2735.66
2736.13
2736.63
2737.13
2737.66
2738.13
2738.63
2739.13
2739.66
2740.13
2740.63
2741.13
2741.66
2742.13
2742.63
2743.13
2743.66
2744.12
2744.63
2745.13
2745.66
2746.12
2746.63
2747.13
2747.66
2748.13
2748.63
2749.13
2749.66
2750.13
2750.63
2751.13
2751.66
2752.13
2752.63
2753.13
2753.66
2754.13
2754.63
2755.13
2755.66
2756.13
2756.63
2757.13
2757.66
2758.13
2758.63
2759.13
2759.66
2760.13
2760.63
2761.13
2761.66
2762.13
2762.63
2763.13
2763.66
2764.13
2764.63
2765.13
2765.66
2766.13
2766.63
2767.13
2767.66
2768.13
2768.63
2769.13
2769.66
2770.13
2770.63
2771.13
2771.66
2772.13
2772.63
2773.13
2773.66
2774.13
2774.63
2775.13
2775.66
2776.13
2776.63
2777.13
2777.66
2778.13
2778.63
2779.13
2779.66
2780.13
2780.63
2781.13
2781.68
2782.13
2782.63
2783.13
2783.66
2784.13
2784.63
2785.13
2785.67
2786.13
2786.63
2787.13
2787.66
2788.13
2788.63
2789.13
2789.66
2790.13
2790.63
2791.13
2791.67
2792.13
2792.63
2793.13
2793.66
2794.13
2794.63
2795.13
2795.66
2796.13
2796.63
2797.13
2797.66
2798.13
2798.63
2799.13
2799.67
2800.13
2800.63
2801.13
2801.66
2802.13
2802.63
2803.13
2803.66
2804.13
2804.63
2805.13
2805.66
2806.12
2806.63
2807.13
2807.66
2808.13
2808.63
2809.13
2809.66
2810.12
2810.63
2811.13
2811.66
2812.13
2812.63
2813.13
2813.66
2814.13
2814.63
2815.13
2815.66
2816.13
2816.63
2817.13
2817.66
2818.13
2818.63
2819.13
2819.66
2820.13
2820.63
2821.13
2821.66
2822.12
2822.63
2823.13
2823.66
2824.13
2824.63
2825.13
2825.66
2826.13
2826.63
2827.13
2827.66
2828.13
2828.63
2829.13
2829.66
2830.12
2830.63
2831.13
2831.66
2832.13
2832.63
2833.13
2833.66
2834.13
2834.63
2835.13
2835.66
2836.13
2836.63
2837.13
2837.66
2838.13
2838.63
2839.13
2839.66
2840.13
2840.63
2841.13
2841.66
2842.13
2842.63
2843.13
2843.66
2844.13
2844.63
2845.13
2845.66
2846.12
2846.63
2847.13
2847.66
2848.13
2848.63
2849.13
2849.66
2850.13
2850.63
2851.13
2851.66
2852.13
2852.63
2853.13
2853.66
2854.13
2854.63
2855.13
2855.66
2856.13
2856.63
2857.13
2857.66
2858.13
2858.63
2859.13
2859.66
2860.13
2860.63
2861.13
2861.67
2862.13
2862.63
2863.13
2863.66
2864.13
2864.63
2865.13
2865.66
2866.13
2866.63
2867.13
2867.66
2868.13
2868.63
2869.13
2869.66
2870.13
2870.63
2871.13
2871.66
2872.13
2872.63
2873.13
2873.66
2874.13
2874.63
2875.13
2875.66
2876.12
2876.63
2877.13
2877.66
2878.13
2878.63
2879.13
2879.66
2880.13
2880.63
2881.13
2881.66
2882.13
2882.63
2883.13
2883.66
2884.13
2884.63
2885.13
2885.66
2886.13
2886.63
2887.13
2887.66
2888.13
2888.63
2889.13
2889.66
2890.13
2890.63
2891.13
2891.66
2892.13
2892.63
2893.13
2893.66
2894.13
2894.63
2895.13
2895.66
2896.13
2896.63
2897.13
2897.66
2898.13
2898.63
2899.13
2899.66
2900.13
2900.63
2901.13
2901.66
2902.13
2902.63
2903.13
2903.66
2904.13
2904.63
2905.13
2905.66
2906.13
2906.63
2907.13
2907.66
2908.13
2908.63
2909.13
2909.66
2910.13
2910.63
2911.13
2911.66
2912.13
2912.63
2913.13
2913.66
2914.13
2914.63
2915.13
2915.66
2916.13
2916.63
2917.13
2917.66
2918.13
2918.63
2919.13
2919.66
2920.13
2920.63
2921.13
2921.66
2922.13
2922.63
2923.13
2923.66
2924.13
2924.63
2925.13
2925.66
2926.13
2926.63
2927.13
2927.66
2928.13
2928.63
2929.13
2929.66
2930.13
2930.63
2931.13
2931.66
2932.13
2932.63
2933.13
2933.66
2934.13
2934.63
2935.13
2935.66
2936.13
2936.63
2937.13
2937.66
2938.13
2938.63
2939.13
2939.66
2940.13
2940.63
2941.13
2941.66
2942.13
2942.63
2943.13
2943.66
2944.13
2944.63
2945.13
2945.66
2946.13
2946.63
2947.13
2947.66
2948.13
2948.63
2949.13
2949.66
2950.13
2950.63
2951.13
2951.66
2952.13
2952.63
2953.13
2953.66
2954.13
2954.63
2955.13
2955.66
2956.13
2956.63
2957.13
2957.66
2958.12
2958.63
2959.13
2959.66
2960.13
2960.63
2961.13
2961.66
2962.13
2962.63
2963.13
2963.66
2964.13
2964.63
2965.13
2965.66
2966.13
2966.63
2967.13
2967.66
2968.13
2968.63
2969.13
2969.66
2970.13
2970.63
2971.13
2971.66
2972.12
2972.63
2973.13
2973.66
2974.13
2974.63
2975.13
2975.66
2976.13
2976.63
2977.13
2977.66
2978.13
2978.63
2979.13
2979.66
2980.13
2980.63
2981.13
2981.66
2982.13
2982.63
2983.13
2983.66
2984.13
2984.63
2985.13
2985.66
2986.13
2986.63
2987.13
2987.66
2988.13
2988.63
2989.13
2989.66
2990.13
2990.63
2991.13
2991.66
2992.13
2992.63
2993.13
2993.66
2994.12
2994.63
2995.13
2995.66
2996.13
2996.63
2997.13
2997.66
2998.13
2998.63
2999.13
2999.66
3000.13
3000.63
3001.13
3001.66
3002.13
3002.63
3003.13
3003.66
3004.12
3004.63
3005.13
3005.66
3006.13
3006.63
3007.13
3007.66
3008.13
3008.63
3009.13
3009.66
3010.13
3010.63
3011.13
3011.66
3012.13
3012.63
3013.13
3013.67
3014.13
3014.63
3015.13
3015.66
3016.13
3016.63
3017.13
3017.66
3018.13
3018.63
3019.13
3019.66
3020.13
3020.63
3021.13
3021.66
3022.13
3022.63
3023.13
3023.66
3024.13
3024.63
3025.13
3025.66
3026.13
3026.63
3027.13
3027.66
3028.13
3028.63
3029.13
3029.66
3030.13
3030.63
3031.13
3031.66
3032.13
3032.63
3033.13
3033.66
3034.13
3034.63
3035.13
3035.66
3036.13
3036.63
3037.13
3037.66
3038.13
3038.63
3039.13
3039.66
3040.13
3040.63
3041.13
3041.66
3042.13
3042.63
3043.13
3043.66
3044.13
3044.63
3045.13
3045.66
3046.13
3046.63
3047.13
3047.66
3048.13
3048.63
3049.13
3049.66
3050.13
3050.63
3051.13
3051.66
3052.13
3052.63
3053.13
3053.66
3054.13
3054.63
3055.13
3055.66
3056.12
3056.63
3057.13
3057.67
3058.13
3058.63
3059.13
3059.66
3060.13
3060.63
3061.13
3061.66
3062.13
3062.63
3063.13
3063.67
3064.13
3064.63
3065.13
3065.66
3066.13
3066.63
3067.13
3067.66
3068.13
3068.63
3069.13
3069.66
3070.13
3070.63
3071.13
3071.66
3072.12
3072.63
3073.13
3073.66
3074.13
3074.63
3075.13
3075.66
3076.13
3076.63
3077.13
3077.66
3078.13
3078.63
3079.13
3079.66
3080.13
3080.63
3081.13
3081.66
3082.13
3082.63
3083.13
3083.66
3084.13
3084.63
3085.13
3085.66
3086.13
3086.63
3087.13
3087.66
3088.13
3088.63
3089.13
3089.66
3090.12
3090.63
3091.13
3091.66
3092.13
3092.63
3093.13
3093.66
3094.13
3094.63
3095.13
3095.66
3096.13
3096.63
3097.13
3097.66
3098.13
3098.63
3099.13
3099.66
3100.13
3100.63
3101.13
3101.66
3102.13
3102.63
3103.13
3103.66
3104.13
3104.63
3105.13
3105.66
3106.12
3106.63
3107.13
3107.66
3108.13
3108.63
3109.13
3109.66
3110.13
3110.63
3111.13
3111.66
3112.12
3112.63
3113.13
3113.66
3114.13
3114.63
3115.13
3115.66
3116.13
3116.63
3117.13
3117.66
3118.13
3118.63
3119.13
3119.66
3120.13
3120.63
3121.13
3121.66
3122.13
3122.63
3123.13
3123.66
3124.13
3124.63
3125.13
3125.66
3126.13
3126.63
3127.13
3127.66
3128.13
3128.63
3129.13
3129.66
3130.13
3130.63
3131.13
3131.66
3132.13
3132.63
3133.13
3133.66
3134.13
3134.63
3135.13
3135.66
3136.13
3136.63
3137.13
3137.66
3138.13
3138.63
3139.13
3139.66
3140.13
3140.63
3141.13
3141.66
3142.13
3142.63
3143.13
3143.66
3144.12
3144.63
3145.13
3145.66
3146.13
3146.63
3147.13
3147.66
3148.13
3148.63
3149.13
3149.66
3150.13
3150.63
3151.13
3151.66
3152.13
3152.63
3153.13
3153.66
3154.13
3154.63
3155.13
3155.66
3156.13
3156.63
3157.13
3157.66
3158.13
3158.63
3159.13
3159.66
3160.13
3160.63
3161.13
3161.66
3162.13
3162.63
3163.13
3163.66
3164.13
3164.63
3165.13
3165.66
3166.13
3166.63
3167.13
3167.66
3168.13
3168.63
3169.13
3169.67
3170.13
3170.63
3171.13
3171.66
3172.13
3172.63
3173.13
3173.66
3174.13
3174.63
3175.13
3175.66
3176.13
3176.63
3177.13
3177.66
3178.13
3178.63
3179.13
3179.66
3180.13
3180.63
3181.13
3181.66
3182.13
3182.63
3183.13
3183.66
3184.13
3184.63
3185.13
3185.66
3186.13
3186.63
3187.13
3187.66
3188.13
3188.63
3189.13
3189.66
3190.13
3190.63
3191.13
3191.66
3192.13
3192.63
3193.13
3193.66
3194.13
3194.63
3195.13
3195.66
3196.13
3196.63
3197.13
3197.66
3198.13
3198.63
3199.13
3199.66
3200.13
3200.63
3201.13
3201.66
3202.13
3202.63
3203.13
3203.67
3204.13
3204.63
3205.13
3205.66
3206.13
3206.63
3207.13
3207.66
3208.13
3208.63
3209.13
3209.66
3210.13
3210.63
3211.13
3211.66
3212.13
3212.63
3213.13
3213.66
3214.13
3214.63
3215.13
3215.66
3216.13
3216.63
3217.13
3217.66
3218.13
3218.63
3219.13
3219.66
3220.13
3220.63
3221.13
3221.66
3222.13
3222.63
3223.13
3223.66
3224.13
3224.63
3225.13
3225.66
3226.13
3226.63
3227.13
3227.66
3228.13
3228.63
3229.13
3229.66
3230.13
3230.63
3231.13
3231.66
3232.13
3232.63
3233.13
3233.66
3234.13
3234.63
3235.13
3235.66
3236.13
3236.63
3237.13
3237.66
3238.13
3238.63
3239.13
3239.66
3240.13
3240.63
3241.13
3241.66
3242.13
3242.63
3243.13
3243.66
3244.13
3244.63
3245.13
3245.66
3246.13
3246.63
3247.13
3247.66
3248.13
3248.63
3249.13
3249.66
3250.13
3250.63
3251.13
3251.66
3252.13
3252.63
3253.13
3253.66
3254.13
3254.63
3255.13
3255.66
3256.13
3256.63
3257.13
3257.66
3258.13
3258.63
3259.13
3259.66
3260.13
3260.63
3261.13
3261.66
3262.13
3262.63
3263.13
3263.66
3264.13
3264.63
3265.13
3265.66
3266.13
3266.63
3267.13
3267.66
3268.12
3268.63
3269.13
3269.66
3270.13
3270.63
3271.13
3271.66
3272.13
3272.63
3273.13
3273.66
3274.13
3274.63
3275.13
3275.66
3276.13
3276.63
3277.13
3277.66
3278.13
3278.63
3279.13
3279.67
3280.13
3280.63
3281.13
3281.66
3282.12
3282.63
3283.13
3283.66
3284.13
3284.63
3285.13
3285.66
3286.13
3286.63
3287.13
3287.66
3288.13
3288.63
3289.13
3289.66
3290.13
3290.63
3291.13
3291.66
3292.13
3292.63
3293.13
3293.66
3294.13
3294.63
3295.13
3295.66
3296.13
3296.63
3297.13
3297.66
3298.13
3298.63
3299.13
3299.66
3300.13
3300.63
3301.13
3301.66
3302.13
3302.63
3303.13
3303.66
3304.13
3304.63
3305.13
3305.66
3306.13
3306.63
3307.13
3307.66
3308.13
3308.63
3309.13
3309.66
3310.13
3310.63
3311.13
3311.66
3312.13
3312.63
3313.13
3313.66
3314.13
3314.63
3315.13
3315.66
3316.13
3316.63
3317.13
3317.66
3318.13
3318.63
3319.13
3319.66
3320.13
3320.63
3321.13
3321.66
3322.12
3322.63
3323.13
3323.66
3324.12
3324.63
3325.13
3325.66
3326.13
3326.63
3327.13
3327.66
3328.13
3328.63
3329.13
3329.66
3330.13
3330.63
3331.13
3331.67
3332.13
3332.63
3333.13
3333.66
3334.13
3334.63
3335.13
3335.66
3336.13
3336.63
3337.13
3337.66
3338.13
3338.63
3339.13
3339.66
3340.13
3340.63
3341.13
3341.66
3342.13
3342.63
3343.13
3343.66
3344.13
3344.63
3345.13
3345.66
3346.13
3346.63
3347.13
3347.66
3348.13
3348.63
3349.13
3349.66
3350.13
3350.63
3351.13
3351.66
3352.13
3352.63
3353.13
3353.66
3354.13
3354.63
3355.13
3355.66
3356.13
3356.63
3357.13
3357.66
3358.13
3358.63
3359.13
3359.66
3360.13
3360.63
3361.13
3361.66
3362.13
3362.63
3363.13
3363.66
3364.13
3364.63
3365.13
3365.66
3366.12
3366.63
3367.13
3367.66
3368.13
3368.63
3369.13
3369.66
3370.13
3370.63
3371.13
3371.66
3372.13
3372.63
3373.13
3373.66
3374.12
3374.63
3375.13
3375.66
3376.13
3376.63
3377.13
3377.66
3378.13
3378.63
3379.13
3379.66
3380.13
3380.63
3381.13
3381.66
3382.13
3382.63
3383.13
3383.66
3384.13
3384.63
3385.13
3385.66
3386.13
3386.63
3387.13
3387.66
3388.13
3388.63
3389.13
3389.66
3390.13
3390.63
3391.13
3391.66
3392.13
3392.63
3393.13
3393.66
3394.13
3394.63
3395.13
3395.66
3396.13
3396.63
3397.13
3397.66
3398.13
3398.63
3399.13
3399.66
3400.12
3400.63
3401.13
3401.66
3402.13
3402.63
3403.13
3403.66
3404.13
3404.63
3405.13
3405.67
3406.13
3406.63
3407.13
3407.66
3408.13
3408.63
3409.13
3409.66
3410.12
3410.63
3411.13
3411.66
3412.13
3412.63
3413.13
3413.66
3414.13
3414.63
3415.13
3415.66
3416.13
3416.63
3417.13
3417.66
3418.13
3418.63
3419.13
3419.66
3420.13
3420.63
3421.13
3421.66
3422.13
3422.63
3423.13
3423.66
3424.12
3424.63
3425.13
3425.66
3426.13
3426.63
3427.13
3427.66
3428.13
3428.63
3429.13
3429.66
3430.13
3430.63
3431.13
3431.66
3432.13
3432.63
3433.13
3433.66
3434.13
3434.63
3435.13
3435.66
3436.13
3436.63
3437.13
3437.66
3438.13
3438.63
3439.13
3439.66
3440.13
3440.63
3441.13
3441.66
3442.13
3442.63
3443.13
3443.66
3444.13
3444.63
3445.13
3445.66
3446.13
3446.63
3447.13
3447.66
3448.13
3448.63
3449.13
3449.66
3450.13
3450.63
3451.13
3451.66
3452.13
3452.63
3453.13
3453.66
3454.13
3454.63
3455.13
3455.66
3456.13
3456.63
3457.13
3457.67
3458.13
3458.63
3459.13
3459.66
3460.13
3460.63
3461.13
3461.66
3462.12
3462.63
3463.13
3463.66
3464.13
3464.63
3465.13
3465.66
3466.13
3466.63
3467.13
3467.66
3468.13
3468.63
3469.13
3469.66
3470.13
3470.63
3471.13
3471.66
3472.13
3472.63
3473.13
3473.66
3474.13
3474.63
3475.13
3475.66
3476.13
3476.63
3477.13
3477.66
3478.13
3478.63
3479.13
3479.66
3480.12
3480.63
3481.13
3481.66
3482.13
3482.63
3483.13
3483.66
3484.13
3484.63
3485.13
3485.66
3486.13
3486.63
3487.13
3487.66
3488.12
3488.63
3489.13
3489.66
3490.13
3490.63
3491.13
3491.66
3492.12
3492.63
3493.13
3493.66
3494.13
3494.63
3495.13
3495.66
3496.13
3496.63
3497.13
3497.66
3498.13
3498.63
3499.13
3499.66
3500.13
3500.63
3501.13
3501.66
3502.13
3502.63
3503.13
3503.66
3504.13
3504.63
3505.13
3505.66
3506.13
3506.63
3507.13
3507.66
3508.13
3508.63
3509.13
3509.66
3510.13
3510.63
3511.13
3511.66
3512.12
3512.63
3513.13
3513.66
3514.13
3514.63
3515.13
3515.66
3516.13
3516.63
3517.13
3517.66
3518.13
3518.63
3519.13
3519.66
3520.13
3520.63
3521.13
3521.66
3522.13
3522.63
3523.13
3523.66
3524.13
3524.63
3525.13
3525.66
3526.13
3526.63
3527.13
3527.66
3528.13
3528.63
3529.13
3529.66
3530.13
3530.63
3531.13
3531.66
3532.12
3532.63
3533.13
3533.66
3534.12
3534.63
3535.13
3535.66
3536.12
3536.63
3537.13
3537.66
3538.13
3538.63
3539.13
3539.66
3540.13
3540.63
3541.13
3541.66
3542.13
3542.63
3543.13
3543.66
3544.13
3544.63
3545.13
3545.66
3546.13
3546.63
3547.13
3547.66
3548.13
3548.63
3549.13
3549.66
3550.13
3550.63
3551.13
3551.66
3552.13
3552.63
3553.13
3553.66
3554.12
3554.63
3555.13
3555.66
3556.13
3556.63
3557.13
3557.66
3558.13
3558.63
3559.13
3559.66
3560.13
3560.63
3561.13
3561.66
3562.13
3562.63
3563.13
3563.66
3564.13
3564.63
3565.13
3565.66
3566.13
3566.63
3567.13
3567.66
3568.13
3568.63
3569.13
3569.66
3570.13
3570.63
3571.13
3571.66
3572.13
3572.63
3573.13
3573.66
3574.13
3574.63
3575.13
3575.66
3576.13
3576.63
3577.13
3577.66
3578.13
3578.63
3579.13
3579.66
3580.13
3580.63
3581.13
3581.66
3582.12
3582.63
3583.13
3583.66
3584.13
3584.63
3585.13
3585.66
3586.13
3586.63
3587.13
3587.66
3588.13
3588.63
3589.13
3589.66
3590.13
3590.63
3591.13
3591.66
3592.13
3592.63
3593.13
3593.66
3594.13
3594.63
3595.13
3595.66
3596.13
3596.63
3597.13
3597.66
3598.13
3598.63
3599.13
3599.66
3600.13
3600.63
3601.13
3601.66
3602.13
3602.63
3603.13
3603.67
3604.13
3604.63
3605.13
3605.66
3606.13
3606.63
3607.13
3607.66
3608.13
3608.63
3609.13
3609.66
3610.13
3610.63
3611.13
3611.66
3612.13
3612.63
3613.13
3613.66
3614.13
3614.63
3615.13
3615.66
3616.13
3616.63
3617.13
3617.66
3618.13
3618.63
3619.13
3619.66
3620.13
3620.63
3621.13
3621.66
3622.13
3622.63
3623.13
3623.66
3624.13
3624.63
3625.13
3625.66
3626.13
3626.63
3627.13
3627.66
3628.13
3628.63
3629.13
3629.66
3630.13
3630.63
3631.13
3631.66
3632.12
3632.63
3633.13
3633.66
3634.12
3634.63
3635.13
3635.66
3636.13
3636.63
3637.13
3637.66
3638.12
3638.63
3639.13
3639.66
3640.13
3640.63
3641.13
3641.66
3642.12
3642.63
3643.13
3643.66
3644.13
3644.63
3645.13
3645.66
3646.13
3646.63
3647.13
3647.66
3648.13
3648.63
3649.13
3649.66
3650.13
3650.63
3651.13
3651.66
3652.13
3652.63
3653.13
3653.66
3654.13
3654.63
3655.13
3655.66
3656.13
3656.63
3657.13
3657.66
3658.13
3658.63
3659.13
3659.66
3660.13
3660.63
3661.13
3661.66
3662.13
3662.63
3663.13
3663.66
3664.13
3664.63
3665.13
3665.66
3666.13
3666.63
3667.13
3667.66
3668.13
3668.63
3669.13
3669.66
3670.13
3670.63
3671.13
3671.66
3672.13
3672.63
3673.13
3673.66
3674.13
3674.63
3675.13
3675.66
3676.13
3676.63
3677.13
3677.66
3678.13
3678.63
3679.13
3679.66
3680.13
3680.63
3681.13
3681.66
3682.13
3682.63
3683.13
3683.66
3684.13
3684.63
3685.13
3685.66
3686.13
3686.63
3687.13
3687.66
3688.13
3688.63
3689.13
3689.66
3690.13
3690.63
3691.13
3691.66
3692.13
3692.63
3693.13
3693.66
3694.13
3694.63
3695.13
3695.66
3696.13
3696.63
3697.13
3697.66
3698.13
3698.63
3699.13
3699.66
3700.13
3700.63
3701.13
3701.66
3702.13
3702.63
3703.13
3703.66
3704.13
3704.63
3705.13
3705.66
3706.13
3706.63
3707.13
3707.67
3708.13
3708.63
3709.13
3709.66
3710.13
3710.63
3711.13
3711.66
3712.13
3712.63
3713.13
3713.66
3714.13
3714.63
3715.13
3715.66
3716.13
3716.63
3717.13
3717.66
3718.13
3718.63
3719.13
3719.66
3720.13
3720.63
3721.13
3721.66
3722.13
3722.63
3723.13
3723.66
3724.13
3724.63
3725.13
3725.66
3726.13
3726.63
3727.13
3727.66
3728.13
3728.63
3729.13
3729.66
3730.13
3730.63
3731.13
3731.66
3732.13
3732.63
3733.13
3733.66
3734.13
3734.63
3735.13
3735.66
3736.13
3736.63
3737.13
3737.66
3738.13
3738.63
3739.13
3739.66
3740.13
3740.63
3741.13
3741.66
3742.13
3742.63
3743.13
3743.66
3744.13
3744.63
3745.13
3745.66
3746.13
3746.63
3747.13
3747.66
3748.13
3748.63
3749.13
3749.66
3750.13
3750.63
3751.13
3751.66
3752.13
3752.63
3753.13
3753.66
3754.13
3754.63
3755.13
3755.66
3756.13
3756.63
3757.13
3757.66
3758.13
3758.63
3759.13
3759.66
3760.12
3760.63
3761.13
3761.66
3762.13
3762.63
3763.13
3763.66
3764.13
3764.63
3765.13
3765.66
3766.13
3766.63
3767.13
3767.67
3768.13
3768.63
3769.13
3769.66
3770.12
3770.63
3771.13
3771.66
3772.13
3772.63
3773.13
3773.66
3774.13
3774.63
3775.13
3775.66
3776.13
3776.63
3777.13
3777.67
3778.12
3778.63
3779.13
3779.66
3780.13
3780.63
3781.13
3781.66
3782.12
3782.63
3783.13
3783.66
3784.13
3784.63
3785.13
3785.66
3786.13
3786.63
3787.13
3787.66
3788.13
3788.63
3789.13
3789.66
3790.13
3790.63
3791.13
3791.66
3792.13
3792.63
3793.13
3793.66
3794.13
3794.63
3795.13
3795.66
3796.13
3796.63
3797.13
3797.66
3798.13
3798.63
3799.13
3799.66
3800.13
3800.63
3801.13
3801.66
3802.13
3802.63
3803.13
3803.66
3804.13
3804.63
3805.13
3805.66
3806.13
3806.63
3807.13
3807.66
3808.13
3808.63
3809.13
3809.66
3810.13
3810.63
3811.13
3811.66
3812.13
3812.63
3813.13
3813.66
3814.13
3814.63
3815.13
3815.66
3816.13
3816.63
3817.13
3817.66
3818.12
3818.63
3819.13
3819.66
3820.13
3820.63
3821.13
3821.66
3822.13
3822.63
3823.13
3823.66
3824.13
3824.63
3825.13
3825.67
3826.13
3826.63
3827.13
3827.66
3828.13
3828.63
3829.13
3829.66
3830.13
3830.63
3831.13
3831.66
3832.12
3832.63
3833.13
3833.66
3834.13
3834.63
3835.13
3835.66
3836.13
3836.63
3837.13
3837.66
3838.13
3838.63
3839.13
3839.67
3840.13
3840.63
3841.13
3841.66
3842.13
3842.63
3843.13
3843.66
3844.13
3844.63
3845.13
3845.66
3846.13
3846.63
3847.13
3847.66
3848.13
3848.63
3849.13
3849.66
3850.13
3850.63
3851.13
3851.66
3852.13
3852.63
3853.13
3853.66
3854.13
3854.63
3855.13
3855.66
3856.13
3856.63
3857.13
3857.66
3858.12
3858.63
3859.13
3859.66
3860.13
3860.63
3861.13
3861.66
3862.13
3862.63
3863.13
3863.66
3864.13
3864.63
3865.13
3865.66
3866.13
3866.63
3867.13
3867.66
3868.13
3868.63
3869.13
3869.66
3870.13
3870.63
3871.13
3871.66
3872.13
3872.63
3873.13
3873.66
3874.13
3874.63
3875.13
3875.66
3876.13
3876.63
3877.13
3877.66
3878.12
3878.63
3879.13
3879.66
3880.13
3880.63
3881.13
3881.66
3882.13
3882.63
3883.13
3883.66
3884.13
3884.63
3885.13
3885.66
3886.13
3886.63
3887.13
3887.66
3888.13
3888.63
3889.13
3889.66
3890.13
3890.63
3891.13
3891.66
3892.13
3892.63
3893.13
3893.66
3894.13
3894.63
3895.13
3895.66
3896.13
3896.63
3897.13
3897.66
3898.13
3898.63
3899.13
3899.66
3900.13
3900.63
3901.13
3901.66
3902.13
3902.63
3903.13
3903.66
3904.13
3904.63
3905.13
3905.66
3906.13
3906.63
3907.13
3907.66
3908.13
3908.63
3909.13
3909.66
3910.13
3910.63
3911.13
3911.66
3912.13
3912.63
3913.13
3913.66
3914.13
3914.63
3915.13
3915.66
3916.13
3916.63
3917.13
3917.66
3918.13
3918.63
3919.13
3919.66
3920.13
3920.63
3921.13
3921.66
3922.13
3922.63
3923.13
3923.66
3924.13
3924.63
3925.13
3925.66
3926.13
3926.63
3927.13
3927.66
3928.13
3928.63
3929.13
3929.66
3930.13
3930.63
3931.13
3931.66
3932.13
3932.63
3933.13
3933.67
3934.13
3934.63
3935.13
3935.66
3936.13
3936.63
3937.13
3937.66
3938.13
3938.63
3939.13
3939.66
3940.13
3940.63
3941.13
3941.66
3942.13
3942.63
3943.13
3943.66
3944.13
3944.63
3945.13
3945.66
3946.13
3946.63
3947.13
3947.66
3948.13
3948.63
3949.13
3949.67
3950.13
3950.63
3951.13
3951.66
3952.12
3952.63
3953.13
3953.66
3954.13
3954.63
3955.13
3955.66
3956.13
3956.63
3957.13
3957.66
3958.13
3958.63
3959.13
3959.66
3960.13
3960.63
3961.13
3961.66
3962.13
3962.63
3963.13
3963.66
3964.13
3964.63
3965.13
3965.66
3966.13
3966.63
3967.13
3967.67
3968.13
3968.63
3969.13
3969.66
3970.12
3970.63
3971.13
3971.66
3972.13
3972.63
3973.13
3973.66
3974.13
3974.63
3975.13
3975.66
3976.13
3976.63
3977.13
3977.66
3978.13
3978.63
3979.13
3979.66
3980.13
3980.63
3981.13
3981.66
3982.13
3982.63
3983.13
3983.66
3984.13
3984.63
3985.13
3985.66
3986.12
3986.63
3987.13
3987.67
3988.13
3988.63
3989.13
3989.66
3990.13
3990.63
3991.13
3991.66
3992.13
3992.63
3993.13
3993.66
3994.13
3994.63
3995.13
3995.66
3996.13
3996.63
3997.13
3997.66
3998.13
3998.63
3999.13
3999.66
4000.12
4000.63
4001.13
4001.66
4002.13
4002.63
4003.13
4003.66
4004.13
4004.63
4005.13
4005.66
4006.13
4006.63
4007.13
4007.66
4008.12
4008.63
4009.13
4009.66
4010.13
4010.63
4011.13
4011.66
4012.13
4012.63
4013.13
4013.66
4014.12
4014.63
4015.13
4015.66
4016.12
4016.63
4017.13
4017.66
4018.12
4018.63
4019.13
4019.66
4020.12
4020.63
4021.13
4021.66
4022.13
4022.63
4023.13
4023.66
4024.13
4024.63
4025.13
4025.66
4026.13
4026.63
4027.13
4027.66
4028.12
4028.63
4029.13
4029.66
4030.13
4030.63
4031.13
4031.66
4032.13
4032.63
4033.13
4033.66
4034.13
4034.63
4035.13
4035.66
4036.12
4036.63
4037.13
4037.66
4038.12
4038.63
4039.13
4039.66
4040.13
4040.63
4041.13
4041.66
4042.13
4042.63
4043.13
4043.66
4044.13
4044.63
4045.13
4045.66
4046.13
4046.63
4047.13
4047.66
4048.13
4048.63
4049.13
4049.66
4050.12
4050.63
4051.13
4051.66
4052.13
4052.63
4053.13
4053.66
4054.13
4054.63
4055.13
4055.66
4056.13
4056.63
4057.13
4057.66
4058.13
4058.63
4059.13
4059.66
4060.13
4060.63
4061.13
4061.66
4062.13
4062.63
4063.13
4063.66
4064.13
4064.63
4065.13
4065.66
4066.13
4066.63
4067.13
4067.66
4068.13
4068.63
4069.13
4069.66
4070.12
4070.63
4071.13
4071.66
4072.13
4072.63
4073.13
4073.66
4074.13
4074.63
4075.13
4075.66
4076.13
4076.63
4077.13
4077.66
4078.13
4078.63
4079.13
4079.66
4080.12
4080.63
4081.13
4081.66
4082.13
4082.63
4083.13
4083.66
4084.13
4084.63
4085.13
4085.66
4086.13
4086.63
4087.13
4087.66
4088.13
4088.63
4089.13
4089.66
4090.13
4090.63
4091.13
4091.66
4092.13
4092.63
4093.13
4093.66
4094.13
4094.63
4095.13
4095.66
4096.13
4096.63
4097.13
4097.66
4098.13
4098.63
4099.13
4099.66
4100.13
4100.63
4101.13
4101.66
4102.13
4102.63
4103.13
4103.66
4104.13
4104.63
4105.13
4105.66
4106.13
4106.63
4107.13
4107.66
4108.13
4108.63
4109.13
4109.66
4110.13
4110.63
4111.13
4111.66
4112.13
4112.63
4113.13
4113.66
4114.13
4114.63
4115.13
4115.66
4116.13
4116.63
4117.13
4117.67
4118.13
4118.63
4119.13
4119.66
4120.13
4120.63
4121.13
4121.66
4122.13
4122.63
4123.13
4123.66
4124.13
4124.63
4125.13
4125.66
4126.13
4126.63
4127.13
4127.66
4128.13
4128.63
4129.13
4129.66
4130.13
4130.63
4131.13
4131.66
4132.13
4132.63
4133.13
4133.66
4134.13
4134.63
4135.13
4135.66
4136.13
4136.63
4137.13
4137.66
4138.13
4138.63
4139.13
4139.66
4140.13
4140.63
4141.13
4141.66
4142.13
4142.63
4143.13
4143.66
4144.13
4144.63
4145.13
4145.66
4146.13
4146.63
4147.13
4147.66
4148.13
4148.63
4149.13
4149.66
4150.12
4150.63
4151.13
4151.66
4152.12
4152.63
4153.13
4153.66
4154.13
4154.63
4155.13
4155.66
4156.13
4156.63
4157.13
4157.66
4158.13
4158.63
4159.13
4159.66
4160.13
4160.63
4161.13
4161.66
4162.13
4162.63
4163.13
4163.66
4164.13
4164.63
4165.13
4165.66
4166.13
4166.63
4167.13
4167.66
4168.13
4168.63
4169.13
4169.66
4170.13
4170.63
4171.13
4171.66
4172.12
4172.63
4173.13
4173.66
4174.13
4174.63
4175.13
4175.66
4176.13
4176.63
4177.13
4177.66
4178.13
4178.63
4179.13
4179.66
4180.13
4180.63
4181.13
4181.66
4182.13
4182.63
4183.13
4183.66
4184.13
4184.63
4185.13
4185.66
4186.13
4186.63
4187.13
4187.66
4188.13
4188.63
4189.13
4189.66
4190.13
4190.63
4191.13
4191.66
4192.13
4192.63
4193.13
4193.66
4194.13
4194.63
4195.13
4195.66
4196.13
4196.63
4197.13
4197.66
4198.13
4198.63
4199.13
4199.66
4200.13
4200.63
4201.13
4201.66
4202.13
4202.63
4203.13
4203.66
4204.13
4204.63
4205.13
4205.66
4206.12
4206.63
4207.13
4207.66
4208.13
4208.63
4209.13
4209.66
4210.13
4210.63
4211.13
4211.67
4212.13
4212.63
4213.13
4213.66
4214.13
4214.63
4215.13
4215.66
4216.13
4216.63
4217.13
4217.66
4218.13
4218.63
4219.13
4219.66
4220.13
4220.63
4221.13
4221.66
4222.13
4222.63
4223.13
4223.66
4224.13
4224.63
4225.13
4225.66
4226.13
4226.63
4227.13
4227.66
4228.13
4228.63
4229.13
4229.66
4230.13
4230.63
4231.13
4231.66
4232.13
4232.63
4233.13
4233.66
4234.13
4234.63
4235.13
4235.66
4236.13
4236.63
4237.13
4237.66
4238.13
4238.63
4239.13
4239.66
4240.13
4240.63
4241.13
4241.66
4242.13
4242.63
4243.13
4243.66
4244.13
4244.63
4245.13
4245.66
4246.13
4246.63
4247.13
4247.66
4248.13
4248.63
4249.13
4249.66
4250.13
4250.63
4251.13
4251.66
4252.13
4252.63
4253.13
4253.66
4254.13
4254.63
4255.13
4255.66
4256.13
4256.63
4257.13
4257.66
4258.13
4258.63
4259.13
4259.66
4260.12
4260.63
4261.13
4261.66
4262.13
4262.63
4263.13
4263.66
4264.13
4264.63
4265.13
4265.66
4266.13
4266.63
4267.13
4267.66
4268.13
4268.63
4269.13
4269.66
4270.13
4270.63
4271.13
4271.66
4272.13
4272.63
4273.13
4273.66
4274.12
4274.63
4275.13
4275.66
4276.13
4276.63
4277.13
4277.66
4278.13
4278.63
4279.13
4279.66
4280.13
4280.63
4281.13
4281.66
4282.13
4282.63
4283.13
4283.66
4284.13
4284.63
4285.13
4285.66
4286.13
4286.63
4287.13
4287.66
4288.13
4288.63
4289.13
4289.67
4290.13
4290.63
4291.13
4291.66
4292.13
4292.63
4293.13
4293.66
4294.13
4294.63
4295.13
4295.66
4296.13
4296.63
4297.13
4297.66
4298.12
4298.63
4299.13
4299.66
4300.13
4300.63
4301.13
4301.66
4302.13
4302.63
4303.13
4303.66
4304.13
4304.63
4305.13
4305.66
4306.13
4306.63
4307.13
4307.66
4308.13
4308.63
4309.13
4309.66
4310.12
4310.63
4311.13
4311.66
4312.13
4312.63
4313.13
4313.66
4314.13
4314.63
4315.13
4315.66
4316.13
4316.63
4317.13
4317.66
4318.13
4318.63
4319.13
4319.66
4320.13
4320.63
4321.13
4321.66
4322.13
4322.63
4323.13
4323.66
4324.13
4324.63
4325.13
4325.66
4326.13
4326.63
4327.13
4327.66
4328.13
4328.63
4329.13
4329.66
4330.13
4330.63
4331.13
4331.66
4332.13
4332.63
4333.13
4333.66
4334.13
4334.63
4335.13
4335.67
4336.13
4336.63
4337.13
4337.66
4338.13
4338.63
4339.13
4339.66
4340.13
4340.63
4341.13
4341.66
4342.13
4342.63
4343.13
4343.66
4344.13
4344.63
4345.13
4345.66
4346.13
4346.63
4347.13
4347.66
4348.13
4348.63
4349.13
4349.66
4350.13
4350.63
4351.13
4351.66
4352.13
4352.63
4353.13
4353.66
4354.13
4354.63
4355.13
4355.66
4356.13
4356.63
4357.13
4357.66
4358.13
4358.63
4359.13
4359.66
4360.13
4360.63
4361.13
4361.66
4362.13
4362.63
4363.13
4363.66
4364.13
4364.63
4365.13
4365.66
4366.13
4366.63
4367.13
4367.66
4368.13
4368.63
4369.13
4369.66
4370.13
4370.63
4371.13
4371.66
4372.13
4372.63
4373.13
4373.66
4374.13
4374.63
4375.13
4375.66
4376.12
4376.63
4377.13
4377.66
4378.13
4378.63
4379.13
4379.66
4380.13
4380.63
4381.13
4381.66
4382.13
4382.63
4383.13
4383.66
4384.13
4384.63
4385.13
4385.66
4386.13
4386.63
4387.13
4387.66
4388.13
4388.63
4389.13
4389.66
4390.13
4390.63
4391.13
4391.66
4392.13
4392.63
4393.13
4393.66
4394.13
4394.63
4395.13
4395.66
4396.13
4396.63
4397.13
4397.66
4398.13
4398.63
4399.13
4399.66
4400.13
4400.63
4401.13
4401.66
4402.13
4402.63
4403.13
4403.66
4404.13
4404.63
4405.13
4405.66
4406.13
4406.63
4407.13
4407.66
4408.13
4408.63
4409.13
4409.66
4410.13
4410.63
4411.13
4411.66
4412.13
4412.63
4413.13
4413.66
4414.13
4414.63
4415.13
4415.66
4416.13
4416.63
4417.13
4417.66
4418.13
4418.63
4419.13
4419.66
4420.13
4420.63
4421.13
4421.66
4422.13
4422.63
4423.13
4423.66
4424.13
4424.63
4425.13
4425.66
4426.12
4426.63
4427.13
4427.66
4428.13
4428.63
4429.13
4429.66
4430.13
4430.63
4431.13
4431.66
4432.12
4432.63
4433.13
4433.66
4434.13
4434.63
4435.13
4435.66
4436.13
4436.63
4437.13
4437.66
4438.13
4438.63
4439.13
4439.66
4440.13
4440.63
4441.13
4441.67
4442.13
4442.63
4443.13
4443.66
4444.13
4444.63
4445.13
4445.66
4446.13
4446.63
4447.13
4447.66
4448.13
4448.63
4449.13
4449.66
4450.13
4450.63
4451.13
4451.66
4452.13
4452.63
4453.13
4453.66
4454.13
4454.63
4455.13
4455.66
4456.13
4456.63
4457.13
4457.66
4458.12
4458.63
4459.13
4459.67
4460.13
4460.63
4461.13
4461.66
4462.13
4462.63
4463.13
4463.66
4464.13
4464.63
4465.13
4465.66
4466.13
4466.63
4467.13
4467.66
4468.13
4468.63
4469.13
4469.66
4470.13
4470.63
4471.13
4471.67
4472.13
4472.63
4473.13
4473.66
4474.13
4474.63
4475.13
4475.66
4476.13
4476.63
4477.13
4477.66
4478.12
4478.63
4479.13
4479.66
4480.13
4480.63
4481.13
4481.66
4482.13
4482.63
4483.13
4483.66
4484.13
4484.63
4485.13
4485.66
4486.13
4486.63
4487.13
4487.66
4488.13
4488.63
4489.13
4489.66
4490.13
4490.63
4491.13
4491.66
4492.13
4492.63
4493.13
4493.66
4494.13
4494.63
4495.13
4495.66
4496.13
4496.63
4497.13
4497.66
4498.13
4498.63
4499.13
4499.66
4500.13
4500.63
4501.13
4501.66
4502.13
4502.63
4503.13
4503.66
4504.12
4504.63
4505.13
4505.66
4506.13
4506.63
4507.13
4507.66
4508.13
4508.63
4509.13
4509.66
4510.12
4510.63
4511.13
4511.66
4512.12
4512.63
4513.13
4513.66
4514.12
4514.63
4515.13
4515.66
4516.13
4516.63
4517.13
4517.66
4518.13
4518.63
4519.13
4519.66
4520.13
4520.63
4521.13
4521.66
4522.13
4522.63
4523.13
4523.66
4524.13
4524.63
4525.13
4525.66
4526.13
4526.63
4527.13
4527.66
4528.13
4528.63
4529.13
4529.66
4530.13
4530.63
4531.13
4531.66
4532.13
4532.63
4533.13
4533.66
4534.13
4534.63
4535.13
4535.66
4536.13
4536.63
4537.13
4537.66
4538.13
4538.63
4539.13
4539.66
4540.13
4540.63
4541.13
4541.66
4542.13
4542.63
4543.13
4543.66
4544.13
4544.63
4545.13
4545.66
4546.13
4546.63
4547.13
4547.66
4548.13
4548.63
4549.13
4549.66
4550.13
4550.63
4551.13
4551.66
4552.13
4552.63
4553.13
4553.66
4554.13
4554.63
4555.13
4555.66
4556.13
4556.63
4557.13
4557.66
4558.13
4558.63
4559.13
4559.66
4560.13
4560.63
4561.13
4561.66
4562.13
4562.63
4563.13
4563.66
4564.13
4564.63
4565.13
4565.66
4566.13
4566.63
4567.13
4567.66
4568.13
4568.63
4569.13
4569.66
4570.13
4570.63
4571.13
4571.66
4572.12
4572.63
4573.13
4573.66
4574.13
4574.63
4575.13
4575.66
4576.13
4576.63
4577.13
4577.66
4578.13
4578.63
4579.13
4579.66
4580.13
4580.63
4581.13
4581.66
4582.13
4582.63
4583.13
4583.66
4584.13
4584.63
4585.13
4585.66
4586.13
4586.63
4587.13
4587.66
4588.13
4588.63
4589.13
4589.66
4590.13
4590.63
4591.13
4591.66
4592.13
4592.63
4593.13
4593.66
4594.13
4594.63
4595.13
4595.66
4596.13
4596.63
4597.13
4597.66
4598.13
4598.63
4599.13
4599.66
4600.13
4600.63
4601.13
4601.66
4602.13
4602.63
4603.13
4603.66
4604.13
4604.63
4605.13
4605.66
4606.13
4606.63
4607.13
4607.66
4608.13
4608.63
4609.13
4609.66
4610.13
4610.63
4611.13
4611.66
4612.13
4612.63
4613.13
4613.66
4614.13
4614.63
4615.13
4615.66
4616.13
4616.63
4617.13
4617.66
4618.13
4618.63
4619.13
4619.66
4620.13
4620.63
4621.13
4621.66
4622.13
4622.63
4623.13
4623.66
4624.12
4624.63
4625.13
4625.66
4626.13
4626.63
4627.13
4627.66
4628.13
4628.63
4629.13
4629.66
4630.12
4630.63
4631.13
4631.66
4632.13
4632.63
4633.13
4633.66
4634.13
4634.63
4635.13
4635.66
4636.13
4636.63
4637.13
4637.66
4638.13
4638.63
4639.13
4639.66
4640.13
4640.63
4641.13
4641.66
4642.13
4642.63
4643.13
4643.66
4644.13
4644.63
4645.13
4645.66
4646.13
4646.63
4647.13
4647.66
4648.13
4648.63
4649.13
4649.66
4650.13
4650.63
4651.13
4651.66
4652.13
4652.63
4653.13
4653.66
4654.13
4654.63
4655.13
4655.66
4656.13
4656.63
4657.13
4657.66
4658.13
4658.63
4659.13
4659.66
4660.13
4660.63
4661.13
4661.66
4662.13
4662.63
4663.13
4663.66
4664.13
4664.63
4665.13
4665.66
4666.13
4666.63
4667.13
4667.66
4668.12
4668.63
4669.13
4669.66
4670.12
4670.63
4671.13
4671.66
4672.13
4672.63
4673.13
4673.66
4674.13
4674.63
4675.13
4675.66
4676.13
4676.63
4677.13
4677.66
4678.13
4678.63
4679.13
4679.66
4680.13
4680.63
4681.13
4681.66
4682.13
4682.63
4683.13
4683.67
4684.12
4684.63
4685.13
4685.66
4686.13
4686.63
4687.13
4687.66
4688.13
4688.63
4689.13
4689.66
4690.13
4690.63
4691.13
4691.66
4692.13
4692.63
4693.13
4693.66
4694.13
4694.63
4695.13
4695.66
4696.12
4696.63
4697.13
4697.66
4698.13
4698.63
4699.13
4699.66
4700.13
4700.63
4701.13
4701.66
4702.13
4702.63
4703.13
4703.66
4704.13
4704.63
4705.13
4705.66
4706.13
4706.63
4707.13
4707.66
4708.13
4708.63
4709.13
4709.66
4710.13
4710.63
4711.13
4711.66
4712.13
4712.63
4713.13
4713.66
4714.13
4714.63
4715.13
4715.66
4716.13
4716.63
4717.13
4717.66
4718.13
4718.63
4719.13
4719.66
4720.12
4720.63
4721.13
4721.66
4722.13
4722.63
4723.13
4723.66
4724.13
4724.63
4725.13
4725.66
4726.13
4726.63
4727.13
4727.66
4728.13
4728.63
4729.13
4729.66
4730.13
4730.63
4731.13
4731.66
4732.13
4732.63
4733.13
4733.66
4734.13
4734.63
4735.13
4735.66
4736.13
4736.63
4737.13
4737.66
4738.13
4738.63
4739.13
4739.66
4740.13
4740.63
4741.13
4741.66
4742.13
4742.63
4743.13
4743.66
4744.13
4744.63
4745.13
4745.66
4746.13
4746.63
4747.13
4747.66
4748.13
4748.63
4749.13
4749.66
4750.13
4750.63
4751.13
4751.66
4752.13
4752.63
4753.13
4753.66
4754.13
4754.63
4755.13
4755.66
4756.12
4756.63
4757.13
4757.66
4758.13
4758.63
4759.13
4759.66
4760.13
4760.63
4761.13
4761.66
4762.13
4762.63
4763.13
4763.66
4764.13
4764.63
4765.13
4765.66
4766.13
4766.63
4767.13
4767.66
4768.13
4768.63
4769.13
4769.66
4770.13
4770.63
4771.13
4771.66
4772.13
4772.63
4773.13
4773.66
4774.13
4774.63
4775.13
4775.66
4776.13
4776.63
4777.13
4777.67
4778.13
4778.63
4779.13
4779.66
4780.13
4780.63
4781.13
4781.67
4782.13
4782.63
4783.13
4783.66
4784.13
4784.63
4785.13
4785.66
4786.13
4786.63
4787.13
4787.66
4788.13
4788.63
4789.13
4789.66
4790.12
4790.63
4791.13
4791.66
4792.13
4792.63
4793.13
4793.66
4794.13
4794.63
4795.13
4795.66
4796.13
4796.63
4797.13
4797.66
4798.13
4798.63
4799.13
4799.66
4800.13
4800.63
4801.13
4801.66
4802.13
4802.63
4803.13
4803.66
4804.13
4804.63
4805.13
4805.66
4806.13
4806.63
4807.13
4807.66
4808.13
4808.63
4809.13
4809.66
4810.13
4810.63
4811.13
4811.66
4812.13
4812.63
4813.13
4813.67
4814.13
4814.63
4815.13
4815.66
4816.13
4816.63
4817.13
4817.67
4818.13
4818.63
4819.13
4819.66
4820.13
4820.63
4821.13
4821.66
4822.13
4822.63
4823.13
4823.66
4824.13
4824.63
4825.13
4825.66
4826.13
4826.63
4827.13
4827.66
4828.13
4828.63
4829.13
4829.66
4830.13
4830.63
4831.13
4831.66
4832.13
4832.63
4833.13
4833.66
4834.13
4834.63
4835.13
4835.66
4836.13
4836.63
4837.13
4837.66
4838.13
4838.63
4839.13
4839.66
4840.13
4840.63
4841.13
4841.66
4842.13
4842.63
4843.13
4843.66
4844.13
4844.63
4845.13
4845.66
4846.13
4846.63
4847.13
4847.66
4848.13
4848.63
4849.13
4849.66
4850.13
4850.63
4851.13
4851.66
4852.13
4852.63
4853.13
4853.66
4854.13
4854.63
4855.13
4855.66
4856.13
4856.63
4857.13
4857.66
4858.13
4858.63
4859.13
4859.66
4860.13
4860.63
4861.13
4861.66
4862.13
4862.63
4863.13
4863.66
4864.12
4864.63
4865.13
4865.66
4866.13
4866.63
4867.13
4867.66
4868.13
4868.63
4869.13
4869.66
4870.13
4870.63
4871.13
4871.66
4872.13
4872.63
4873.13
4873.66
4874.13
4874.63
4875.13
4875.66
4876.13
4876.63
4877.13
4877.66
4878.13
4878.63
4879.13
4879.66
4880.13
4880.63
4881.13
4881.66
4882.13
4882.63
4883.13
4883.66
4884.13
4884.63
4885.13
4885.66
4886.13
4886.63
4887.13
4887.66
4888.13
4888.63
4889.13
4889.66
4890.13
4890.63
4891.13
4891.66
4892.13
4892.63
4893.13
4893.66
4894.13
4894.63
4895.13
4895.66
4896.12
4896.63
4897.13
4897.66
4898.13
4898.63
4899.13
4899.67
4900.13
4900.63
4901.13
4901.66
4902.13
4902.63
4903.13
4903.66
4904.13
4904.63
4905.13
4905.66
4906.13
4906.63
4907.13
4907.66
4908.13
4908.63
4909.13
4909.67
4910.13
4910.63
4911.13
4911.66
4912.13
4912.63
4913.13
4913.66
4914.12
4914.63
4915.13
4915.66
4916.13
4916.63
4917.13
4917.66
4918.13
4918.63
4919.13
4919.66
4920.13
4920.63
4921.13
4921.66
4922.13
4922.63
4923.13
4923.66
4924.13
4924.63
4925.13
4925.66
4926.13
4926.63
4927.13
4927.66
4928.13
4928.63
4929.13
4929.66
4930.13
4930.63
4931.13
4931.66
4932.13
4932.63
4933.13
4933.66
4934.13
4934.63
4935.13
4935.66
4936.13
4936.63
4937.13
4937.66
4938.12
4938.63
4939.13
4939.66
4940.13
4940.63
4941.13
4941.66
4942.13
4942.63
4943.13
4943.66
4944.13
4944.63
4945.13
4945.66
4946.13
4946.63
4947.13
4947.66
4948.13
4948.63
4949.13
4949.66
4950.13
4950.63
4951.13
4951.66
4952.12
4952.63
4953.13
4953.66
4954.13
4954.63
4955.13
4955.66
4956.13
4956.63
4957.13
4957.66
4958.13
4958.63
4959.13
4959.66
4960.13
4960.63
4961.13
4961.66
4962.13
4962.63
4963.13
4963.66
4964.13
4964.63
4965.13
4965.66
4966.13
4966.63
4967.13
4967.66
4968.13
4968.63
4969.13
4969.66
4970.13
4970.63
4971.13
4971.66
4972.13
4972.63
4973.13
4973.66
4974.13
4974.63
4975.13
4975.66
4976.13
4976.63
4977.13
4977.66
4978.13
4978.63
4979.13
4979.66
4980.12
4980.63
4981.13
4981.67
4982.13
4982.63
4983.13
4983.66
4984.13
4984.63
4985.13
4985.66
4986.13
4986.63
4987.13
4987.66
4988.13
4988.63
4989.13
4989.66
4990.13
4990.63
4991.13
4991.66
4992.13
4992.63
4993.13
4993.66
4994.13
4994.63
4995.13
4995.66
4996.13
4996.63
4997.13
4997.66
4998.13
4998.63
4999.13
4999.66
5000.13
5000.63
5001.13
5001.66
5002.13
5002.63
5003.13
5003.66
5004.13
5004.63
5005.13
5005.66
5006.13
5006.63
5007.13
5007.66
5008.13
5008.63
5009.13
5009.66
5010.13
5010.63
5011.13
5011.66
5012.13
5012.63
5013.13
5013.66
5014.13
5014.63
5015.13
5015.66
5016.13
5016.63
5017.13
5017.66
5018.13
5018.63
5019.13
5019.66
5020.13
5020.63
5021.13
5021.66
5022.13
5022.63
5023.13
5023.66
5024.13
5024.63
5025.13
5025.66
5026.13
5026.63
5027.13
5027.66
5028.13
5028.63
5029.13
5029.66
5030.13
5030.63
5031.13
5031.66
5032.12
5032.63
5033.13
5033.66
5034.13
5034.63
5035.13
5035.66
5036.13
5036.63
5037.13
5037.66
5038.13
5038.63
5039.13
5039.66
5040.13
5040.63
5041.13
5041.66
5042.13
5042.63
5043.13
5043.66
5044.13
5044.63
5045.13
5045.66
5046.13
5046.63
5047.13
5047.66
5048.13
5048.63
5049.13
5049.66
5050.13
5050.63
5051.13
5051.66
5052.13
5052.63
5053.13
5053.66
5054.13
5054.63
5055.13
5055.66
5056.13
5056.63
5057.13
5057.66
5058.12
5058.63
5059.13
5059.66
5060.13
5060.63
5061.13
5061.66
5062.13
5062.63
5063.13
5063.66
5064.13
5064.63
5065.13
5065.66
5066.13
5066.63
5067.13
5067.66
5068.13
5068.63
5069.13
5069.66
5070.13
5070.63
5071.13
5071.66
5072.13
5072.63
5073.13
5073.66
5074.13
5074.63
5075.13
5075.66
5076.13
5076.63
5077.13
5077.66
5078.13
5078.63
5079.13
5079.66
5080.13
5080.63
5081.13
5081.66
5082.13
5082.63
5083.13
5083.66
5084.13
5084.63
5085.13
5085.66
5086.13
5086.63
5087.13
5087.66
5088.13
5088.63
5089.13
5089.66
5090.12
5090.63
5091.13
5091.66
5092.13
5092.63
5093.13
5093.66
5094.13
5094.63
5095.13
5095.67
5096.13
5096.63
5097.13
5097.66
5098.13
5098.63
5099.13
5099.66
5100.13
5100.63
5101.13
5101.66
5102.13
5102.63
5103.13
5103.66
5104.13
5104.63
5105.13
5105.66
5106.13
5106.63
5107.13
5107.66
5108.13
5108.63
5109.13
5109.66
5110.13
5110.63
5111.13
5111.66
5112.13
5112.63
5113.13
5113.66
5114.13
5114.63
5115.13
5115.66
5116.13
5116.63
5117.13
5117.66
5118.13
5118.63
5119.13
5119.66
5120.13
5120.63
5121.13
5121.66
5122.13
5122.63
5123.13
5123.66
5124.13
5124.63
5125.13
5125.66
5126.13
5126.63
5127.13
5127.66
5128.13
5128.63
5129.13
5129.66
5130.13
5130.63
5131.13
5131.66
5132.13
5132.63
5133.13
5133.66
5134.13
5134.63
5135.13
5135.66
5136.13
5136.63
5137.13
5137.66
5138.13
5138.63
5139.13
5139.66
5140.13
5140.63
5141.13
5141.66
5142.13
5142.63
5143.13
5143.66
5144.13
5144.63
5145.13
5145.66
5146.13
5146.63
5147.13
5147.66
5148.13
5148.63
5149.13
5149.66
5150.13
5150.63
5151.13
5151.66
5152.13
5152.63
5153.13
5153.66
5154.13
5154.63
5155.13
5155.66
5156.13
5156.63
5157.13
5157.66
5158.13
5158.63
5159.13
5159.66
5160.13
5160.63
5161.13
5161.66
5162.13
5162.63
5163.13
5163.66
5164.12
5164.63
5165.13
5165.66
5166.13
5166.63
5167.13
5167.66
5168.13
5168.63
5169.13
5169.66
5170.13
5170.63
5171.13
5171.66
5172.13
5172.63
5173.13
5173.66
5174.13
5174.63
5175.13
5175.66
5176.13
5176.63
5177.13
5177.66
5178.13
5178.63
5179.13
5179.66
5180.13
5180.63
5181.13
5181.66
5182.13
5182.63
5183.13
5183.66
5184.13
5184.63
5185.13
5185.66
5186.13
5186.63
5187.13
5187.66
5188.13
5188.63
5189.13
5189.66
5190.13
5190.63
5191.13
5191.66
5192.13
5192.63
5193.13
5193.66
5194.12
5194.63
5195.13
5195.66
5196.13
5196.63
5197.13
5197.66
5198.13
5198.63
5199.13
5199.66
5200.12
5200.63
5201.13
5201.66
5202.13
5202.63
5203.13
5203.66
5204.13
5204.63
5205.13
5205.66
5206.13
5206.63
5207.13
5207.66
5208.13
5208.63
5209.13
5209.66
5210.13
5210.63
5211.13
5211.66
5212.13
5212.63
5213.13
5213.66
5214.12
5214.63
5215.13
5215.66
5216.13
5216.63
5217.13
5217.66
5218.13
5218.63
5219.13
5219.66
5220.13
5220.63
5221.13
5221.66
5222.13
5222.63
5223.13
5223.66
5224.13
5224.63
5225.13
5225.66
5226.13
5226.63
5227.13
5227.66
5228.13
5228.63
5229.13
5229.66
5230.13
5230.63
5231.13
5231.66
5232.13
5232.63
5233.13
5233.67
5234.13
5234.63
5235.13
5235.66
5236.13
5236.63
5237.13
5237.66
5238.13
5238.63
5239.13
5239.66
5240.13
5240.63
5241.13
5241.66
5242.13
5242.63
5243.13
5243.66
5244.13
5244.63
5245.13
5245.66
5246.13
5246.63
5247.13
5247.66
5248.13
5248.63
5249.13
5249.66
5250.13
5250.63
5251.13
5251.66
5252.13
5252.63
5253.13
5253.66
5254.13
5254.63
5255.13
5255.66
5256.13
5256.63
5257.13
5257.66
5258.13
5258.63
5259.13
5259.66
5260.13
5260.63
5261.13
5261.66
5262.13
5262.63
5263.13
5263.66
5264.13
5264.63
5265.13
5265.66
5266.13
5266.63
5267.13
5267.66
5268.13
5268.63
5269.13
5269.66
5270.12
5270.63
5271.13
5271.66
5272.12
5272.63
5273.13
5273.66
5274.13
5274.63
5275.13
5275.66
5276.13
5276.63
5277.13
5277.66
5278.13
5278.63
5279.13
5279.66
5280.13
5280.63
5281.13
5281.66
5282.13
5282.63
5283.13
5283.66
5284.13
5284.63
5285.13
5285.66
5286.13
5286.63
5287.13
5287.66
5288.13
5288.63
5289.13
5289.66
5290.13
5290.63
5291.13
5291.66
5292.13
5292.63
5293.13
5293.66
5294.13
5294.63
5295.13
5295.66
5296.13
5296.63
5297.13
5297.66
5298.13
5298.63
5299.13
5299.66
5300.13
5300.63
5301.13
5301.66
5302.13
5302.63
5303.13
5303.66
5304.13
5304.63
5305.13
5305.66
5306.13
5306.63
5307.13
5307.66
5308.13
5308.63
5309.13
5309.66
5310.13
5310.63
5311.13
5311.66
5312.13
5312.63
5313.13
5313.66
5314.13
5314.63
5315.13
5315.66
5316.13
5316.63
5317.13
5317.66
5318.13
5318.63
