0.004719
0.003109
0.001317
0.001122
0.000753
0.000749
0.002309
0.000767
0.000955
0.000709
0.001241
0.002122
0.000895
0.000911
0.002069
0.001225
0.001411
0.001112
0.002765
0.001643
0.002656
0.001095
0.000689
0.000636
0.002420
0.001675
0.001418
0.001137
0.001065
0.001469
0.001814
0.001687
0.001075
0.001727
0.002069
0.000901
0.001818
0.002049
0.003402
0.001004
0.001749
0.001137
0.001105
0.001508
0.001268
0.002332
0.001870
0.002494
0.002032
0.002277
0.002262
0.002292
0.001721
0.002639
0.001866
0.003489
0.002178
0.001894
0.001543
0.001957
0.001577
0.001089
0.001356
0.001060
0.001349
0.001260
0.001198
0.001635
0.001627
0.001331
0.001339
0.000949
0.001586
0.000838
0.001857
0.001935
0.002114
0.002156
0.002822
0.002425
0.001677
0.003112
0.001809
0.001705
0.001931
0.002730
0.002219
0.002393
0.002219
0.001855
0.001206
0.001590
0.002024
0.002066
0.001892
0.002454
0.002069
0.001586
0.002074
0.002204
0.003666
0.001981
0.001903
0.001895
0.001817
0.001742
0.001976
0.002092
0.001875
0.001975
0.002395
0.002156
0.002736
0.002593
0.002485
0.002816
0.001818
0.002023
0.004924
0.001940
0.003329
0.002022
0.001817
0.002177
0.001710
0.004290
0.002595
0.001991
0.002450
0.002283
0.001921
0.002172
0.002559
0.002207
0.002189
0.002061
0.002219
0.002480
0.001825
0.002051
0.001958
0.001765
0.001698
0.002196
0.001766
0.001770
0.001917
0.002353
0.002291
0.001683
0.001687
0.001684
0.001894
0.002087
0.001862
0.002240
0.002456
0.002145
0.001786
0.001795
0.001703
0.001927
0.001751
0.002628
0.001438
0.001634
0.002544
0.001812
0.001159
0.001273
0.001313
0.001536
0.000940
0.001315
0.002409
0.002566
0.002392
0.002502
0.001088
0.001158
0.002184
0.001474
0.001491
0.001132
0.001481
0.001646
0.001173
0.001176
0.001453
0.003510
0.006431
0.001714
0.003270
0.001747
0.002285
0.004641
0.002816
0.001633
0.001981
0.002218
0.002806
0.002663
0.002607
0.002245
0.001834
0.001249
0.001207
0.001619
0.001287
0.002034
0.001677
0.001135
0.003408
0.001156
0.000868
0.000726
0.001194
0.001351
0.001189
0.002479
0.001162
0.002200
0.001008
0.000709
0.001390
0.001886
0.000820
0.001369
0.001602
0.001423
0.001942
0.001095
0.001409
0.001121
0.001058
0.001496
