164.359375
164.359375
164.359375
164.359375
164.359375
164.359375
164.644531
164.644531
164.644531
164.644531
164.644531
164.644531
164.644531
164.644531
164.644531
164.644531
164.644531
164.644531
164.644531
164.644531
164.644531
164.644531
164.644531
164.644531
164.644531
164.644531
164.644531
164.644531
164.644531
164.644531
164.644531
164.644531
164.644531
164.644531
164.644531
164.644531
164.644531
164.644531
164.644531
164.644531
164.644531
164.644531
164.644531
164.644531
164.644531
164.644531
164.644531
164.644531
164.644531
164.644531
164.644531
164.644531
164.644531
164.644531
164.644531
164.644531
164.644531
164.644531
164.644531
164.644531
164.644531
164.644531
164.644531
164.644531
164.644531
164.644531
164.644531
164.644531
164.644531
164.644531
164.644531
164.644531
164.644531
164.644531
164.644531
164.644531
164.644531
164.644531
164.644531
164.644531
164.644531
164.644531
164.644531
164.644531
164.644531
164.644531
164.644531
164.644531
164.644531
164.644531
164.644531
164.644531
164.644531
164.644531
164.644531
164.644531
164.644531
164.644531
164.644531
164.644531
164.644531
164.644531
164.644531
164.644531
164.644531
164.644531
164.644531
164.644531
164.644531
