0.002899
0.002341
0.002343
0.002612
0.002160
0.002442
0.002693
0.001878
0.002138
0.002079
0.002465
0.002257
0.002183
0.002510
0.002261
0.002370
0.002156
0.002235
0.002046
0.003263
0.005011
0.002342
0.002181
0.002165
0.002525
0.002188
0.002864
0.002179
0.001952
0.002176
0.002533
0.002064
0.001920
0.002065
0.003984
0.001673
0.002158
0.003459
0.004277
0.002217
0.002220
0.002110
0.002223
0.001977
0.002236
0.002271
0.002459
0.004078
0.002170
0.002990
0.002506
0.001931
0.001774
0.001706
0.001788
0.001738
0.002478
0.002649
0.002471
0.002344
0.002823
0.002850
0.002623
0.002584
0.003348
0.003334
0.002571
0.002605
0.003103
0.002797
0.003066
0.002919
0.003260
0.003189
0.003908
0.003920
0.004548
0.005104
0.004519
0.004339
0.006211
0.004125
0.003898
0.003209
0.003465
0.003836
0.003127
0.005319
0.003145
0.003352
0.003404
0.002825
0.002807
0.002736
0.004441
0.003918
0.003032
0.002666
0.003164
0.002931
0.003814
0.003690
0.002722
0.002629
0.002753
0.002685
0.002683
0.002502
0.002256
0.002353
0.002527
0.002736
0.002649
0.002476
0.002600
0.003218
0.002363
0.002728
0.004755
0.002546
0.004384
0.002167
0.002187
0.002446
0.002491
0.002961
0.002160
0.002370
0.002113
0.002211
0.002272
0.002382
0.002282
0.002360
0.002225
0.002574
0.002212
0.002268
0.002417
0.002548
0.002221
0.002479
0.002248
0.002489
0.002574
0.002496
0.002736
0.003155
0.002751
0.002497
0.002434
0.002696
0.002731
0.002770
0.002363
0.002332
0.002601
0.002786
0.002661
0.002516
0.002480
0.002808
0.002469
0.004390
0.002388
0.002546
0.002153
0.002650
0.002718
0.002480
0.002503
0.003538
0.002391
0.002169
0.002295
0.002013
0.002069
0.002174
0.002730
0.002839
0.003633
0.002843
0.003641
0.002531
0.002180
0.002055
0.002238
0.002285
0.002299
0.002801
0.003896
0.001417
0.002156
0.001095
0.001008
0.005445
0.002419
0.002410
0.002494
0.001979
0.002234
0.003065
0.002167
0.002748
0.002069
0.002658
0.002504
0.003196
0.002713
0.002633
0.003701
0.003658
0.004821
0.003044
0.002600
0.002592
0.001877
0.002079
0.002989
0.004235
0.001806
0.004313
0.001754
0.001905
0.001933
0.003196
0.001922
0.001815
0.001958
0.002592
0.003933
0.001934
0.001726
0.002203
0.001689
0.001865
