4.90449
4.94155
6.14434
6.49378
6.61466
7.68036
7.80929
9.13308
10.0691
11.1224
11.4061
12.2097
13.0043
13.4067
13.67
14.4504
14.4771
14.5074
14.5404
14.6021
14.6351
14.6614
14.6878
14.7173
14.7528
14.7821
14.8137
14.8448
14.8696
14.9007
14.933
14.9635
14.9938
15.0206
15.0547
15.0796
15.1208
15.1573
16.543
17.9112
18.6044
19.9876
21.3684
21.4064
22.7818
23.141
24.0851
25.2164
25.5286
26.8508
27.1177
28.3788
28.6029
29.8771
30.0765
30.2029
31.0066
31.0387
31.0653
31.1129
31.6824
31.8064
31.8341
31.8644
31.9359
31.9684
31.9962
32.0546
32.72
33.6509
34.0727
34.1782
34.2089
34.6021
34.6296
35.6662
35.6967
35.7277
35.7609
35.9332
35.9573
35.9893
36.016
36.0455
36.0764
36.1092
36.1364
36.1674
36.1986
36.2285
36.2529
36.2864
36.3153
36.349
36.3773
36.4072
36.4451
36.4754
36.51
36.5364
36.5892
36.6359
36.6626
36.6913
36.723
36.7509
36.7815
36.8122
36.8469
36.8734
36.9012
36.9341
36.9696
37.0043
37.0367
37.0637
37.0909
37.1217
37.1638
37.1943
37.2332
37.2693
37.3005
37.3306
37.3549
37.3951
37.4205
37.4466
37.4776
37.5137
37.5396
37.5698
37.6006
37.6412
37.6734
37.7066
37.7361
37.7692
37.8059
37.8373
37.8653
37.8958
37.9227
37.9533
37.9864
38.0136
38.0515
38.0785
38.1098
38.1337
38.163
38.1929
38.2271
38.2587
38.2886
38.3187
38.3476
38.3776
38.407
38.4424
38.4671
38.4982
38.5243
38.5605
38.5935
38.6283
38.6551
38.6895
38.7182
38.7441
38.7767
38.8062
38.8362
38.8715
38.8944
38.9263
38.9549
38.9841
39.0429
39.0724
39.1171
39.1507
39.1821
39.2062
39.2524
39.2845
39.6208
39.6516
40.9963
41.0286
41.0642
41.1245
41.1606
41.183
44.1977
47.4637
48.7279
50.0968
50.6032
51.8144
52.0741
53.4589
53.4862
53.8015
53.826
54.9888
55.0203
55.0527
55.2528
55.2846
55.4061
55.5255
55.5621
55.5858
55.6121
55.6437
55.671
55.702
55.7317
55.7683
55.8055
55.8411
55.8634
55.9061
55.936
55.9698
55.998
56.0409
56.0699
56.1021
56.1378
56.177
56.2075
56.2379
56.2669
56.3093
