0.008837
0.008876
0.006620
0.005141
0.007663
0.007492
0.009541
0.005516
0.005735
0.006162
0.007951
0.010506
0.005370
0.008237
0.006049
0.006779
0.006862
0.007364
0.008966
0.006567
0.006729
0.007241
0.004255
0.003767
0.006965
0.007492
0.008620
0.005095
0.005848
0.006343
0.007877
0.008929
0.006813
0.006018
0.007827
0.006346
0.010072
0.010449
0.022562
0.008743
0.016315
0.012530
0.009607
0.008167
0.006727
0.009540
0.008817
0.006542
0.007519
0.008802
0.005137
0.007399
0.005119
0.007550
0.006328
0.008880
0.005476
0.008230
0.005367
0.007704
0.008687
0.005984
0.006714
0.007200
0.008804
0.007688
0.006216
0.009217
0.007132
0.007109
0.008174
0.006533
0.007318
0.005838
0.009400
0.005865
0.005468
0.005885
0.009012
0.011879
0.004975
0.007583
0.005768
0.005279
0.006434
0.008176
0.006638
0.005238
0.006360
0.008746
0.003802
0.007481
0.005919
0.009658
0.005792
0.006341
0.007507
0.005726
0.009270
0.005849
0.010024
0.006482
0.008497
0.007231
0.007476
0.006922
0.007450
0.008191
0.005970
0.009603
0.006757
0.009774
0.014817
0.008395
0.011635
0.007735
0.006644
0.006923
0.014046
0.005857
0.011419
0.008651
0.010003
0.009496
0.004272
0.011396
0.009203
0.005734
0.006517
0.006525
0.008824
0.008785
0.009289
0.007703
0.007562
0.010313
0.010113
0.013026
0.008524
0.009323
0.007909
0.008149
0.005501
0.005356
0.008772
0.005955
0.009380
0.009770
0.011526
0.006172
0.005515
0.005263
0.009295
0.010606
0.011196
0.008819
0.009239
0.009536
0.009221
0.009464
0.009676
0.010230
0.006923
0.010237
0.006399
0.010721
0.007188
0.011725
0.007897
0.007084
0.009557
0.007820
0.005643
0.010524
0.006364
0.008412
0.007239
0.006089
0.005763
0.005127
0.010222
0.008845
0.009557
0.005147
0.011715
0.008170
0.004553
0.005460
0.004927
0.009634
0.011156
0.005497
0.009122
0.004115
0.004644
0.013041
0.009654
0.007014
0.006512
0.006897
0.009720
0.006563
0.006163
0.006524
0.007006
0.007997
0.007437
0.008693
0.007903
0.010833
0.008285
0.008288
0.011387
0.009078
0.006225
0.004686
0.005321
0.006056
0.004992
0.009051
0.006513
0.008537
0.004727
0.004883
0.006247
0.008327
0.008904
0.005674
0.005215
0.006896
0.010732
0.011132
0.006961
0.007276
0.006781
0.007787
