2.14171
2.64168
3.1417
3.65663
4.14168
4.6417
5.14169
5.64166
6.14444
6.64166
7.14213
7.65734
8.14164
8.64161
9.14167
9.64828
10.1419
10.6417
11.1416
11.6416
12.1417
12.6417
13.1417
13.6537
14.1419
14.6468
15.1574
15.6417
16.1417
16.6417
17.1418
17.6416
18.1427
18.6416
19.1427
19.6417
20.1417
20.6417
21.1417
21.6416
22.1417
22.6417
23.1416
23.6427
24.1417
24.6417
25.1417
25.6416
26.1416
26.6418
27.1416
27.6438
28.1417
28.6417
29.1417
29.6451
30.1417
30.6417
31.1416
31.6498
32.1417
32.6417
33.1417
33.6513
34.1417
34.6417
35.1417
35.6416
36.1417
36.6449
37.1639
37.642
38.1416
38.6416
39.1507
39.6416
40.1418
40.6418
41.1421
41.6416
42.1417
42.6418
43.1417
43.643
44.1417
44.6417
45.1417
45.6434
46.1417
46.6417
47.1417
47.6425
48.1416
48.6424
49.1417
49.6431
50.1417
50.6417
51.1423
51.648
52.1417
52.6417
53.1417
53.6417
54.1417
54.6417
55.1416
55.6437
56.1462
