0.000000
0.000000
0.200000
0.700000
1.246667
1.846667
2.469734
3.267495
4.226631
5.036598
5.990456
6.842233
7.390064
8.331165
9.320773
10.200822
10.896951
11.388556
11.875825
12.757807
13.814008
14.736677
15.616270
16.603432
17.485342
18.476827
19.511360
20.320725
20.559662
21.071094
21.973004
22.960404
23.952067
25.008087
25.941083
26.807882
28.032307
29.034144
30.081573
31.189406
32.179671
33.170479
34.161374
35.149690
36.137477
37.125641
38.182018
39.180251
40.174885
41.163657
42.155445
43.134110
44.117360
45.180821
46.172413
47.163711
48.156212
49.132361
50.115293
51.162055
52.127612
53.067710
54.044965
55.037375
55.977542
56.860725
57.840041
58.831131
59.807643
60.740486
61.338515
61.845110
62.784712
63.654401
64.457347
65.230114
66.079594
66.881084
67.698612
68.710532
69.632470
70.624155
71.605172
72.587429
73.577939
74.562602
75.596284
76.586158
77.572681
78.552047
79.537933
80.530625
81.568525
82.549873
83.544846
84.534163
85.524541
86.513085
87.504683
88.563820
89.544454
90.553007
91.540756
92.531035
93.584659
94.682936
95.680118
96.694009
97.579092
