0.000000
0.000000
35.157000
35.157000
36.942000
40.124000
41.843000
47.573000
53.231000
59.402000
69.254000
78.057000
85.211000
92.242000
95.770000
98.098000
100.144000
112.091000
123.543000
128.616000
131.860000
138.533000
144.292000
151.982000
158.361000
165.761000
170.688000
176.924000
178.221000
178.901000
179.152000
179.451000
179.933000
180.383000
180.628000
181.423000
181.943000
182.362000
182.701000
183.262000
184.190000
186.255000
188.359000
192.312000
198.177000
204.568000
213.663000
220.205000
225.451000
231.281000
237.637000
245.795000
252.401000
257.292000
261.743000
267.553000
273.887000
281.380000
288.753000
300.200000
315.699000
328.513000
332.917000
336.112000
343.441000
347.695000
350.786000
355.719000
359.035000
363.010000
365.298000
366.047000
366.707000
367.366000
367.735000
368.127000
368.216000
368.299000
368.333000
368.614000
369.187000
369.403000
369.522000
369.618000
369.765000
370.459000
371.483000
371.886000
372.125000
372.428000
372.711000
372.945000
373.046000
373.142000
373.188000
373.249000
373.393000
373.475000
376.242000
387.252000
394.547000
401.447000
406.760000
412.855000
417.868000
423.028000
427.252000
433.614000
439.935000
446.631000
447.930000
