1.64358
1.64366
2.1437
2.64487
3.14536
3.65741
4.1437
4.6449
5.14465
5.65691
6.14447
6.64522
7.14464
7.66956
8.14368
8.64413
9.14379
9.65979
10.1437
10.6453
11.1442
11.6548
12.1437
12.6452
13.1454
13.6596
14.1437
14.6477
15.1579
15.6468
16.1437
16.6535
17.1449
17.6488
18.152
18.6455
19.1445
19.6555
20.1437
20.6473
21.1453
21.6548
22.1437
22.6473
23.1439
23.6509
24.1437
24.6453
25.1448
25.6504
26.1437
26.6472
27.1438
27.6534
28.1437
28.6448
29.1446
29.6525
30.1437
30.6509
31.1454
31.6573
32.1437
32.65
33.1449
33.6563
34.1437
34.6447
35.1457
35.6462
36.1438
36.6454
37.1646
37.6448
38.1502
38.6556
39.1513
39.6545
40.1438
40.6458
41.144
41.6502
42.1437
42.6457
43.1446
43.6501
44.1437
44.6456
45.1461
45.6464
46.1437
46.6619
47.1463
47.6462
48.1437
48.6457
49.1461
49.6531
50.1437
50.6453
51.1547
51.656
52.1437
52.65
53.1447
53.6495
54.1437
54.6461
55.1441
55.6512
56.1463
