0.013126
0.006421
0.006736
0.006072
0.005345
0.005198
0.004657
0.003073
0.004187
0.003963
0.004456
0.005765
0.004957
0.003675
0.003680
0.003119
0.004027
0.003813
0.004316
0.005967
0.003902
0.004377
0.003473
0.003653
0.003551
0.003946
0.004785
0.004729
0.004811
0.005250
0.005929
0.006350
0.006241
0.005993
0.008585
0.009229
0.008602
0.007533
0.006238
0.008007
0.005502
0.004283
0.003402
0.002567
0.002694
0.002563
0.003840
0.005291
0.005755
0.002601
0.004631
0.003876
0.004028
0.004009
0.004017
0.008165
0.003550
0.003606
0.001606
0.003759
0.002041
0.003132
0.004667
0.003553
0.005466
0.006438
0.006328
0.006237
0.006392
0.006729
0.004942
0.004016
0.004066
0.002681
0.002908
0.003735
0.003261
0.007803
0.003322
0.004272
0.004332
0.005011
0.004955
0.006271
0.005417
0.004717
0.005382
0.005016
0.005384
0.005904
0.006669
0.007154
0.003687
0.005084
0.008337
0.003660
0.007153
0.004099
0.003077
0.004363
0.003822
0.004089
0.006381
0.004342
0.004422
0.006130
0.006474
0.006182
0.004018
0.004287
0.004199
0.002892
0.003216
0.002112
0.002935
0.003371
0.003728
0.007805
0.009414
0.009457
0.008589
0.006797
0.004777
0.004761
0.004172
0.006745
0.004515
0.005278
0.003790
0.008037
0.003868
0.002496
0.002144
0.002905
0.003878
0.003637
0.003891
0.004364
0.005093
0.005133
0.006035
0.006147
0.008456
0.008440
0.006209
0.008821
0.006421
0.004434
0.003147
0.003210
0.003829
0.004054
0.003405
0.003472
0.003184
0.003426
0.003521
0.002760
0.002498
0.002875
0.002523
0.003290
0.003270
0.003330
0.003302
0.003289
0.003311
0.003273
0.003287
0.003408
0.003373
0.003409
0.003406
0.004005
0.005509
0.004990
0.006349
0.006351
0.006094
0.006660
0.005477
0.004620
0.007647
0.007129
0.006728
0.006432
0.006518
0.005976
0.005883
0.004428
0.003843
0.003997
0.003870
0.005218
0.003300
0.003686
0.004309
0.004931
0.004975
0.005804
0.007693
0.007997
0.007591
0.007257
0.006129
0.006697
0.005033
0.003119
0.003280
0.004994
0.004704
0.002800
0.002886
0.003464
0.004175
0.003430
0.003803
0.003527
0.003523
0.003605
0.004613
0.004661
0.004639
0.003651
0.003635
0.003622
0.002337
0.003459
0.002370
0.002964
0.003617
0.002423
0.003624
0.003269
0.004156
0.004842
0.002355
0.003032
0.006734
0.005998
0.005707
0.004195
0.003604
0.004629
0.004651
0.003940
0.004972
0.006078
0.006490
0.005913
0.005581
0.004568
0.003084
0.004799
0.005314
0.004962
0.003273
0.003363
0.003719
0.004208
0.004367
0.004203
0.004735
0.003529
0.003462
0.003874
0.004457
0.005736
0.006104
0.005486
0.006891
0.005759
0.005080
0.005419
0.006848
0.006200
0.004297
0.005224
0.005015
0.004732
0.007115
0.006852
0.004450
0.006971
0.004994
0.003628
0.002620
0.003887
0.003823
0.004128
0.005099
0.003902
0.005119
0.006715
0.005582
0.007370
0.007740
0.003791
0.005560
0.004555
0.004234
0.004792
0.005031
0.007669
0.005865
0.005061
0.005831
0.004843
0.005858
0.005204
0.008477
0.004790
0.003325
0.004321
0.010653
0.009846
0.008327
0.008262
0.009977
0.009845
0.006755
0.006849
0.005427
0.006039
0.005879
0.005900
0.006998
0.005974
0.004592
0.005690
0.006201
0.005288
0.004999
0.006550
0.006426
0.007077
0.007086
0.007365
0.008083
0.010764
0.009712
0.010267
0.005372
0.006471
0.007781
0.009210
0.010013
0.006706
0.005089
0.005085
0.004810
0.004789
0.007076
0.007066
0.006653
0.008604
0.007926
0.006795
0.006819
0.009918
0.006832
0.006919
0.006829
0.007220
0.006384
0.005676
0.005576
0.005657
0.006425
0.005647
0.005702
0.004433
0.004640
0.004823
0.003832
0.003728
0.003871
0.003515
0.003404
0.003881
0.003632
0.003646
0.004115
0.004930
0.004343
0.004289
0.005777
0.005316
0.005342
0.008716
0.006131
0.007282
0.006381
0.007887
0.007134
0.006316
0.007801
0.005419
0.005469
0.004932
0.004476
0.004480
0.004501
0.004634
0.004658
0.004676
0.004731
0.004702
0.004668
0.004612
0.004636
0.004643
0.004619
0.004740
0.004819
0.004849
0.004828
0.004935
0.005285
0.004651
0.004643
0.004983
0.006371
0.007315
0.006704
0.008006
0.006973
0.006588
0.006871
0.006363
0.006742
0.005530
0.007390
0.005528
0.005625
0.004833
0.006535
0.006541
0.005800
0.004727
0.004370
0.005604
0.004172
0.003635
0.004251
0.004180
0.004877
0.003514
0.004367
0.004518
0.004679
0.004314
0.004676
0.003759
0.003784
0.004901
0.004356
0.003733
0.004240
0.004236
0.004551
0.006197
0.006248
0.006204
0.006227
0.006275
0.006228
0.006201
0.006162
0.006177
0.006172
0.006170
0.006174
0.006282
0.006176
0.006171
0.006233
0.006149
0.006156
0.006162
0.006181
0.006188
0.006206
0.006170
0.006159
0.006204
0.006371
0.006429
0.006459
0.004749
0.004734
0.004750
0.004792
0.004783
0.004758
0.004791
0.004719
0.006209
0.007308
0.005717
0.005660
0.005697
0.006011
0.005811
0.007516
0.007875
0.006668
0.005664
0.005079
0.006761
0.007524
0.007493
0.006169
0.005071
0.004771
0.003614
0.003185
0.007709
0.006766
0.007362
0.008705
0.003496
0.003061
0.004030
0.003463
0.004228
0.003063
0.002970
0.002402
0.002805
0.002727
0.002863
0.004417
0.003537
0.003876
0.005100
0.004485
0.006137
0.004912
0.005917
0.004107
0.005782
0.003820
0.004281
0.005353
0.005741
0.006614
0.006249
0.003713
0.004150
0.003070
0.003443
0.003387
0.003405
0.003517
0.004195
0.004480
0.003099
0.004262
0.005417
0.005938
0.005594
0.006485
0.007563
0.007039
0.007582
0.006738
0.005255
0.003412
0.005206
0.006343
0.006052
0.006762
0.002910
0.003206
0.003525
0.002835
0.004434
0.004431
0.004426
0.004410
0.004358
0.004377
0.004352
0.004436
0.004428
0.004659
0.003318
0.003885
0.004792
0.004159
0.005532
0.004667
0.005427
0.004508
0.004153
0.005763
0.009223
0.013529
0.009742
0.009673
0.009698
0.009994
0.008958
0.008276
0.008665
0.009339
0.007717
0.009642
0.009872
0.007828
0.006835
0.007873
0.006454
0.007324
0.004773
0.007747
0.008596
0.008294
0.007660
0.008205
0.007991
0.005947
0.005621
0.006214
0.006207
0.005347
0.005257
0.004554
0.004429
0.003516
0.003941
0.004080
0.003892
0.003767
0.003499
0.004114
0.003822
0.003507
0.004663
0.003200
0.003344
0.003891
0.004546
0.003493
0.004841
0.004885
0.005441
0.006240
0.008324
0.006633
0.008601
0.008264
0.007471
0.006545
0.012393
0.012510
0.006705
0.005931
0.011658
0.011587
0.009782
0.008599
0.008081
0.008113
0.007036
0.007237
0.005494
0.005813
0.005952
0.005755
0.006970
0.009272
0.006367
0.006642
0.006374
0.006489
0.006438
0.006354
0.004809
0.004786
0.006413
0.006450
0.005710
0.010302
0.006432
0.006709
0.010654
0.006261
0.010281
0.009347
0.009807
0.009270
0.008305
0.009455
0.008604
0.007256
0.009137
0.006423
0.006491
0.006474
0.006467
0.006479
0.006484
0.007227
0.005569
0.006441
0.006858
0.006914
0.005481
0.006006
0.006573
0.006396
0.006906
0.004923
0.005625
0.005457
0.005204
0.006460
0.004285
0.004061
0.004066
0.003585
0.002684
0.002270
0.005556
0.008184
0.006857
0.011397
0.010669
0.009857
0.006823
0.007841
0.008713
0.007003
0.006784
0.006891
0.007223
0.006329
0.005100
0.003271
0.003732
0.003627
0.003706
0.004837
0.005567
0.003026
0.002810
0.003234
0.023355
0.021566
0.023379
