164.496094
164.496094
164.496094
168.363281
168.363281
168.363281
168.718750
168.718750
168.718750
168.718750
168.718750
168.718750
168.718750
168.718750
168.718750
168.718750
168.718750
168.718750
168.718750
168.718750
168.718750
168.718750
168.718750
168.718750
168.718750
168.718750
168.718750
168.718750
168.718750
168.718750
168.718750
168.718750
168.718750
168.718750
168.718750
168.718750
168.718750
168.718750
168.718750
168.718750
168.718750
168.718750
168.718750
168.718750
168.718750
168.718750
168.718750
168.718750
168.718750
168.718750
168.718750
168.718750
168.718750
168.718750
168.718750
168.718750
168.718750
168.718750
168.718750
168.718750
168.718750
168.718750
168.718750
168.718750
168.718750
168.718750
168.718750
168.718750
168.718750
169.875000
169.875000
169.875000
169.875000
169.875000
169.875000
169.875000
169.875000
169.875000
169.875000
169.875000
169.875000
169.875000
169.875000
169.875000
169.875000
169.875000
169.875000
169.875000
169.875000
169.875000
169.875000
169.875000
169.875000
169.875000
169.875000
169.875000
169.875000
169.875000
169.875000
169.875000
169.875000
169.875000
169.875000
169.875000
169.875000
169.875000
169.875000
169.875000
169.875000
170.390625
170.390625
170.390625
170.390625
170.390625
170.390625
170.390625
170.390625
170.390625
170.390625
170.390625
170.390625
170.390625
170.390625
170.390625
170.390625
170.390625
170.390625
170.390625
170.390625
170.390625
170.390625
170.390625
170.390625
170.390625
170.390625
170.390625
170.390625
170.390625
170.390625
170.390625
170.390625
170.390625
170.390625
170.390625
170.390625
170.390625
170.390625
170.390625
170.390625
170.390625
170.390625
170.390625
170.390625
170.390625
170.390625
170.390625
170.390625
170.390625
170.390625
170.390625
170.390625
170.390625
170.390625
170.390625
170.390625
170.390625
170.390625
170.390625
170.390625
170.390625
170.390625
170.390625
170.390625
170.390625
170.390625
170.390625
170.390625
170.390625
170.390625
170.390625
170.390625
170.390625
170.390625
170.390625
170.390625
170.390625
170.390625
170.390625
170.390625
170.390625
170.390625
170.390625
170.390625
170.390625
170.390625
170.390625
170.390625
170.390625
170.390625
170.390625
170.390625
170.390625
170.390625
170.390625
170.390625
170.390625
170.390625
170.390625
170.390625
170.390625
170.390625
170.390625
170.390625
170.390625
171.164062
171.164062
172.968750
172.968750
172.968750
172.968750
172.968750
172.968750
172.968750
173.742188
173.742188
173.742188
173.742188
173.742188
173.742188
173.742188
173.742188
173.742188
173.742188
173.742188
173.742188
173.742188
173.742188
173.742188
173.742188
173.742188
173.742188
173.742188
173.742188
173.742188
173.742188
173.742188
173.742188
173.742188
173.742188
173.742188
173.742188
173.742188
173.742188
173.742188
173.742188
173.742188
173.742188
174.515625
174.515625
174.515625
174.515625
174.515625
174.515625
174.515625
174.515625
174.515625
174.515625
174.515625
174.515625
174.515625
174.515625
174.515625
174.515625
174.515625
174.515625
174.515625
174.515625
174.515625
174.515625
174.515625
174.515625
174.515625
174.515625
174.515625
174.515625
174.515625
174.515625
174.515625
174.515625
174.515625
174.515625
174.515625
174.515625
174.515625
174.515625
174.515625
174.515625
174.515625
174.515625
174.515625
174.515625
174.515625
174.515625
174.515625
174.515625
174.515625
174.515625
174.515625
174.515625
175.546875
175.546875
175.546875
175.546875
175.546875
175.546875
175.546875
175.546875
175.546875
175.546875
175.546875
175.546875
175.546875
175.546875
175.546875
175.546875
175.546875
175.546875
175.546875
175.546875
175.546875
175.546875
175.546875
175.546875
175.546875
175.546875
175.546875
175.546875
175.546875
175.546875
175.546875
175.546875
175.546875
175.546875
175.546875
175.546875
175.546875
175.546875
175.546875
175.546875
175.546875
175.546875
175.546875
175.546875
175.546875
175.546875
175.546875
175.546875
175.546875
175.546875
175.546875
175.546875
175.546875
175.546875
175.546875
175.546875
175.546875
175.546875
175.546875
175.546875
175.546875
175.546875
175.546875
175.546875
175.546875
175.546875
175.546875
175.546875
175.546875
175.546875
175.546875
175.546875
175.546875
175.546875
175.546875
175.546875
175.546875
175.546875
175.546875
175.546875
175.546875
175.546875
175.546875
175.546875
175.546875
175.546875
175.546875
175.546875
175.546875
175.546875
175.546875
175.546875
175.546875
175.546875
175.546875
175.546875
175.546875
175.546875
175.546875
175.546875
175.546875
175.546875
175.546875
175.546875
175.546875
175.546875
175.546875
175.546875
175.546875
175.546875
175.546875
175.546875
175.546875
175.546875
175.546875
175.546875
175.546875
175.546875
175.546875
175.546875
175.546875
175.546875
175.546875
175.546875
175.546875
175.546875
175.546875
175.546875
175.546875
175.546875
175.546875
175.546875
175.546875
175.546875
175.546875
175.546875
175.546875
175.546875
175.546875
175.546875
175.546875
175.546875
175.546875
175.546875
175.546875
175.546875
175.546875
175.546875
175.546875
175.546875
175.546875
175.546875
175.546875
175.546875
175.546875
175.546875
175.546875
175.546875
175.546875
175.546875
175.546875
175.546875
175.546875
175.546875
175.546875
175.546875
175.546875
175.546875
175.546875
175.546875
175.546875
175.546875
175.546875
175.546875
175.546875
175.546875
175.546875
175.546875
176.835938
176.835938
176.835938
176.835938
176.835938
176.835938
176.835938
176.835938
176.835938
176.835938
176.835938
176.835938
176.835938
176.835938
176.835938
176.835938
176.835938
176.835938
176.835938
176.835938
176.835938
176.835938
176.835938
176.835938
176.835938
176.835938
176.835938
176.835938
176.835938
176.835938
176.835938
177.351562
177.351562
177.351562
177.351562
177.351562
177.351562
177.351562
177.351562
177.351562
177.351562
177.351562
177.351562
177.351562
177.351562
177.351562
177.351562
177.351562
177.351562
177.351562
177.351562
177.351562
177.351562
177.351562
177.351562
177.351562
177.351562
177.351562
177.351562
177.351562
177.351562
177.351562
177.351562
177.351562
177.351562
177.351562
177.351562
177.351562
177.351562
177.351562
177.351562
177.351562
177.351562
177.351562
177.351562
177.351562
177.351562
177.351562
177.351562
177.351562
177.867188
177.867188
178.125000
178.125000
178.125000
186.117188
186.117188
186.117188
186.117188
186.117188
186.117188
186.117188
186.117188
186.117188
186.117188
186.117188
186.117188
186.117188
186.117188
186.117188
186.117188
186.117188
186.117188
186.117188
186.117188
186.117188
186.117188
186.117188
186.117188
186.117188
186.117188
186.117188
186.117188
186.117188
186.117188
186.117188
186.117188
186.117188
186.117188
186.117188
186.117188
186.117188
186.117188
186.117188
186.117188
186.117188
186.117188
186.117188
186.117188
186.117188
186.117188
186.117188
186.117188
186.117188
186.117188
186.117188
186.117188
186.117188
186.117188
186.117188
186.117188
186.117188
186.117188
186.117188
186.117188
186.117188
186.117188
186.117188
186.117188
186.117188
186.117188
186.117188
186.117188
186.117188
186.117188
186.117188
186.117188
186.117188
186.117188
186.117188
186.117188
186.117188
186.117188
186.117188
186.117188
186.117188
186.117188
186.117188
186.117188
186.117188
186.117188
186.117188
186.117188
186.117188
186.117188
186.117188
186.117188
186.117188
186.117188
186.117188
186.117188
186.117188
186.117188
186.117188
186.117188
186.117188
186.117188
