2.10209
2.59833
3.0983
3.60595
4.09833
4.61352
5.09844
5.59843
6.09856
6.59829
7.09847
7.59846
8.09836
8.59928
9.09839
9.59833
10.0984
10.5985
11.0983
11.5983
12.0985
12.5984
13.0985
13.5985
14.0984
14.5986
15.0984
15.5983
16.0984
16.5986
17.0985
17.5985
18.0983
18.5985
19.1037
19.5997
20.0995
20.5986
21.0983
21.5984
22.0984
22.5983
23.0984
23.5985
24.0984
24.5985
25.0984
25.5983
26.0983
26.5983
27.0983
27.5988
28.0984
28.5983
29.0983
29.6103
30.0983
30.5983
31.0983
31.5983
32.0984
32.615
33.0985
33.5983
34.0984
34.6119
35.0984
35.5985
36.0984
36.5983
37.0987
37.6006
38.112
38.5984
39.0985
39.5984
40.0994
40.5984
41.1143
41.6045
42.0985
42.5984
43.0983
43.5988
44.0984
44.5985
45.0984
45.5984
46.0984
46.5985
47.0984
47.5985
48.0983
48.5985
49.0983
49.5984
50.119
50.5984
51.0983
51.5984
52.1095
52.5984
53.1042
53.5986
54.114
54.5984
55.0984
55.5983
56.0983
56.5983
57.0984
57.6058
58.0984
58.5985
59.0983
59.5982
60.0984
60.5984
61.0983
61.5984
62.1006
62.5984
63.0984
63.5983
64.0984
64.5987
65.0984
65.5984
66.0983
66.6016
67.0984
67.5983
68.1121
68.6011
69.0984
69.6019
70.0984
70.5983
71.0984
71.5984
72.0984
72.6055
73.0986
73.5984
74.0983
74.5985
75.0989
75.6002
76.0983
76.6118
77.0988
77.599
78.0984
78.6016
79.0986
79.6002
80.0983
80.616
81.1004
81.6009
82.0984
82.614
83.1001
83.5996
84.0984
84.6044
85.1102
85.5982
86.1036
86.6079
87.1086
87.5983
88.1101
88.6032
89.0983
89.5983
90.0985
90.6033
91.0989
91.5994
92.0984
92.6135
93.105
93.6101
94.105
94.6067
95.1058
95.5983
96.1073
96.6126
97.1059
97.6016
98.0983
98.6082
99.1008
99.6063
100.115
100.606
101.106
101.601
102.123
102.609
103.101
103.606
104.101
104.606
105.106
105.606
106.102
106.606
107.106
107.601
108.128
108.621
109.106
109.606
110.105
110.627
111.106
111.606
112.108
112.606
113.106
113.608
114.107
114.606
115.107
115.607
116.122
116.62
117.107
117.607
118.117
118.62
119.111
119.606
120.11
120.607
121.106
121.612
122.111
122.619
123.107
123.607
124.108
124.619
125.106
125.607
126.106
126.606
127.106
127.614
128.106
128.606
129.106
129.62
130.107
130.62
131.105
131.606
132.105
132.605
133.105
133.605
134.116
134.622
135.108
135.608
136.112
136.62
137.132
137.606
138.116
138.606
139.105
139.605
140.105
140.621
141.106
141.607
142.129
142.618
143.098
143.601
144.101
144.607
145.106
145.606
146.099
146.612
147.098
147.607
148.098
148.606
149.098
149.606
150.098
150.614
151.098
151.605
152.098
152.619
153.114
153.604
154.099
154.603
155.113
155.6
156.1
156.6
157.098
157.598
158.098
158.611
159.107
159.598
160.098
160.602
161.102
161.598
162.101
162.6
163.102
163.599
164.105
164.6
165.108
165.598
166.098
166.619
167.105
167.609
168.098
168.607
169.1
169.601
170.115
170.602
171.104
171.6
172.098
172.616
173.098
173.598
174.098
174.617
175.098
175.598
176.104
176.604
177.098
177.605
178.121
178.602
179.105
179.6
180.114
180.606
181.106
181.606
182.103
182.606
183.106
183.608
184.111
184.621
185.106
185.598
186.099
186.598
187.098
187.602
188.098
188.598
189.115
189.606
190.122
190.601
191.105
191.605
192.118
192.606
193.106
193.606
194.123
194.606
195.098
195.601
196.101
196.612
197.106
197.598
198.101
198.606
199.098
199.606
200.121
200.613
201.106
201.605
202.1
202.619
203.102
203.607
204.099
204.606
205.106
205.601
206.105
206.62
207.102
207.606
208.1
208.607
209.1
209.602
210.127
210.606
211.107
211.603
212.103
212.614
213.106
213.607
214.104
214.607
215.104
215.607
216.111
216.606
217.109
217.606
218.109
218.607
219.11
219.606
220.108
220.607
221.106
221.607
222.112
222.62
223.104
223.607
224.107
224.607
225.104
225.607
226.106
226.607
227.105
227.62
228.103
228.606
229.108
229.606
230.105
230.606
231.104
231.603
232.102
232.606
233.102
233.621
234.102
234.606
235.103
235.602
236.1
236.598
237.103
237.606
238.106
238.606
239.11
239.607
240.099
240.603
241.1
241.6
242.106
242.606
243.106
243.605
244.103
244.607
245.105
245.603
246.106
246.604
247.106
247.599
248.1
248.598
249.098
249.598
250.098
250.625
251.098
251.598
252.098
252.599
253.098
253.6
254.098
254.601
255.098
255.6
256.098
256.598
257.104
257.598
258.098
258.598
259.098
259.601
260.098
260.612
261.098
261.598
262.098
262.611
263.098
263.6
264.098
264.611
265.106
265.6
266.098
266.603
267.105
267.6
268.098
268.617
269.101
269.598
270.098
270.614
271.103
271.598
272.098
272.598
273.101
273.598
274.098
274.615
275.098
275.598
276.098
276.598
277.098
277.598
278.098
278.598
279.098
279.598
280.098
280.615
281.098
281.598
282.098
282.617
283.098
283.598
284.098
284.598
285.098
285.598
286.098
286.598
287.098
287.598
288.098
288.598
289.099
289.598
290.098
290.598
291.098
291.598
292.098
292.598
293.099
293.598
294.098
294.598
295.098
295.598
296.098
296.612
297.098
297.598
298.098
298.612
299.098
299.598
300.098
300.598
301.098
301.598
302.098
302.598
303.098
303.598
304.098
304.601
305.098
305.598
306.098
306.598
307.098
307.598
308.098
308.6
309.104
309.604
310.102
310.603
311.101
311.598
312.098
312.598
313.099
313.599
314.098
314.601
315.102
315.601
316.101
316.615
317.098
317.604
318.099
318.601
319.101
319.601
320.1
320.601
321.104
321.598
322.098
322.598
323.1
323.6
324.1
324.602
325.103
325.6
326.1
326.6
327.1
327.6
328.1
328.601
329.101
329.6
330.099
330.601
331.101
331.601
332.099
332.601
333.102
333.6
334.099
334.601
335.101
335.6
336.1
336.601
337.1
337.6
338.1
338.601
