4.9853
5.05641
5.20732
5.46824
5.86147
6.92432
7.20109
8.53256
9.06466
9.59272
10.4034
10.8064
11.4608
12.41
12.5331
13.7323
13.9979
14.3945
15.2582
16.2625
17.248
17.2865
17.3244
17.8477
19.1795
19.5912
20.9726
21.0101
21.6572
22.4813
22.7857
23.7271
23.7558
23.8506
24.5365
24.7958
24.9282
25.0538
25.0901
26.2665
27.1966
27.3276
28.0663
28.3871
28.4243
28.4583
29.6101
29.8634
30.3987
31.6631
32.3804
32.4239
32.4576
32.4995
32.5349
32.5682
32.5926
33.9748
34.3366
34.5396
34.5703
34.6003
34.6374
34.6615
34.6973
34.7282
34.7682
34.8063
34.8367
36.251
37.6295
37.8615
38.112
38.9066
39.414
39.9336
39.981
40.0195
40.0536
40.0962
41.0521
41.0846
41.1143
41.1486
41.1853
41.2164
41.2476
41.2737
41.3118
41.3531
41.3898
41.4298
41.4635
41.4952
41.5293
41.5654
41.6043
41.6332
41.6558
41.697
41.7293
41.7601
41.7956
41.8264
41.8496
41.8847
41.9149
43.3081
44.6839
45.0537
46.2554
47.1724
47.2036
47.2285
47.2634
47.2971
47.323
47.3632
47.4468
48.8398
50.1189
51.4997
52.1254
52.3824
52.5286
52.9316
52.9678
54.1309
54.2652
54.2998
54.3283
55.3249
55.5917
56.8097
57.6057
58.3991
58.5312
59.4714
60.5022
60.5574
60.6664
60.8105
62.081
62.2671
62.3976
62.6541
63.8596
65.2435
66.6317
66.7905
66.8274
67.5912
67.6456
67.7559
67.7956
68.0657
68.1271
69.512
69.5864
69.6326
69.6757
71.0531
72.2582
72.285
72.3146
72.3514
72.3925
72.4286
72.4648
72.5101
72.5399
72.5692
72.6054
73.4557
74.9058
75.1848
75.4594
75.4902
75.5256
75.5929
76.5315
77.8024
78.9299
79.593
80.0017
81.0116
81.2013
81.4642
82.5291
82.9348
83.1933
83.9353
84.2679
84.6611
85.7273
85.8645
87.1231
87.4667
88.3424
89.0677
89.4616
89.7306
90.7437
91.0639
91.8868
92.8019
93.5961
94.2614
94.2972
95.2015
95.319
96.2572
96.5409
96.573
97.324
98.4592
98.8025
99.062
99.1859
99.4571
99.9826
100.397
100.43
101.583
101.624
101.655
101.696
101.725
101.751
101.784
101.835
101.872
101.905
101.933
101.972
102
102.028
102.053
102.102
103.486
104.88
105.315
105.341
105.391
105.434
107.041
108.143
109.271
109.47
110.662
110.927
111.994
112.799
113.32
113.902
113.993
114.798
114.872
114.919
115.327
115.376
115.406
115.449
116.251
116.279
116.308
117.055
117.952
118.26
118.298
119.313
119.343
119.409
120.393
120.437
120.477
120.516
121.313
121.343
121.58
121.641
123.017
124.183
124.251
125.651
126.513
127.59
128.713
128.927
129.596
129.728
130.4
130.511
131.888
132.515
132.651
133.988
134.245
134.4
135.184
135.213
135.245
135.275
135.322
135.38
135.409
135.452
135.481
135.514
136.883
137.108
137.17
137.202
137.235
137.274
137.317
137.378
137.42
137.465
138.844
140.237
140.778
140.806
140.839
140.9
140.937
140.968
140.997
141.847
141.896
141.926
141.956
141.996
142.027
142.057
142.129
142.17
142.213
142.25
145.509
148.783
150.153
151.08
151.182
151.863
151.908
151.951
151.991
153.051
153.081
153.114
153.142
153.188
153.242
153.283
153.329
154.709
154.84
154.972
155.018
155.06
155.103
155.175
156.547
156.676
156.806
156.837
156.869
157.004
157.043
157.072
157.183
157.21
158.588
159.857
159.982
160.012
160.904
161.307
161.456
161.575
162.261
162.915
164.312
164.39
164.917
165.062
165.108
165.143
166.52
166.551
167.188
167.329
167.367
167.458
167.486
167.598
167.646
168.797
169.318
169.592
169.637
169.672
169.716
169.745
169.776
169.806
169.863
169.898
169.927
169.97
170.009
170.044
170.08
170.131
170.161
170.191
170.234
170.272
170.799
170.838
170.925
170.968
172.175
173.054
173.587
174.396
174.657
174.698
174.736
174.778
175.049
175.991
176.251
176.28
176.311
177.444
178.141
178.792
179.723
180.796
180.834
180.919
182.25
182.28
183.386
183.715
184.511
184.546
185.05
185.709
185.836
185.879
185.904
185.936
185.968
187.364
187.992
188.035
188.915
188.943
188.976
189.014
189.061
189.115
189.152
189.2
189.237
189.268
189.313
189.344
189.388
189.434
189.477
189.513
189.543
189.591
189.643
189.673
189.721
189.757
189.787
189.84
189.886
189.924
189.954
189.998
190.04
190.079
190.139
190.168
190.197
190.24
190.272
190.301
190.33
190.382
190.43
190.47
190.516
190.555
190.584
190.639
190.672
190.705
190.747
191.987
192.038
192.077
192.139
192.178
192.208
192.25
192.281
193.323
193.59
194.139
194.173
194.213
194.259
194.304
194.341
194.398
194.434
195.835
195.88
195.92
196.267
196.394
196.447
196.499
197.454
197.875
197.915
199.309
200.138
200.661
200.795
202.175
202.397
203.638
203.871
204.648
204.682
205.707
206.263
207.066
207.725
208.518
209.321
209.711
209.842
209.889
209.993
210.038
210.077
210.145
210.174
210.208
211.459
211.714
211.753
212.984
213.186
214.405
214.654
215.804
215.994
216.033
216.071
217.178
217.455
218.253
219.577
220.955
221.057
221.313
222.129
222.158
222.19
222.23
222.267
222.297
222.327
222.39
222.434
222.475
222.509
222.543
222.574
222.62
223.996
224.124
224.161
224.191
224.228
224.264
224.303
224.355
224.429
224.475
224.522
224.577
224.631
224.674
224.717
224.761
224.805
224.849
224.904
224.947
226.318
226.507
227.879
229.249
230.632
230.876
231.875
233.261
234.638
234.685
234.732
236.121
237.509
238.884
239.131
239.171
240.546
240.72
240.756
241.517
241.655
241.688
241.716
241.745
241.79
241.828
241.878
242.185
243.043
243.324
243.38
243.414
244.405
245.057
245.9
245.986
246.652
247.846
249.233
250.597
251.452
252.844
254.235
255.588
255.759
257.139
258.513
259.874
261.055
262.427
263.877
265.253
266.656
267.514
267.719
267.759
267.786
268.86
268.906
268.944
268.977
269.02
269.059
269.089
269.119
269.149
269.191
269.223
270.397
270.43
270.462
270.507
270.546
270.584
270.636
270.677
270.724
270.772
270.818
270.865
270.914
270.96
271.002
271.05
271.096
272.63
272.717
272.773
272.917
273.053
273.094
273.135
273.178
273.322
273.364
273.864
273.909
273.974
274.254
274.286
274.318
274.345
274.393
274.422
274.45
274.481
274.52
274.555
274.591
274.63
276.006
276.93
277.31
277.457
277.492
277.58
280.901
284.171
285.559
286.919
288.289
288.918
289.325
290.397
290.813
291.791
291.999
292.924
293.474
294.396
295.453
296.514
297.578
297.979
299.354
300.382
300.793
301.585
301.925
303.279
304.699
