0.006756
0.002036
0.001866
0.002090
0.002024
0.002349
0.002324
0.002169
0.002452
0.002471
0.003058
0.002709
0.003376
0.003243
0.003105
0.003585
0.003823
0.003580
0.004420
0.003293
0.005211
0.005868
0.003020
0.003051
0.003711
0.003734
0.002472
0.002366
0.002809
0.003160
0.003082
0.003038
0.003579
0.002934
0.002872
0.002707
0.002436
0.002460
0.002250
0.003040
0.003108
0.002939
0.003079
0.002950
0.002896
0.002501
0.004336
0.003103
0.003451
0.004339
0.003427
0.002902
0.002601
0.003106
0.002721
0.003362
0.002856
0.003446
0.002628
0.003019
0.003479
0.002701
0.003197
0.003066
0.003251
0.002905
0.002986
0.003054
0.003238
0.003385
0.003525
0.003252
0.003529
0.003711
0.005020
0.006331
0.004450
0.006912
0.004411
0.004088
0.004196
0.004301
0.003284
0.007026
0.003999
0.006383
0.006310
0.003783
0.003585
0.002424
0.002574
0.002468
0.002441
0.003641
0.002515
0.002418
0.002105
0.002387
0.002208
0.002274
0.002278
0.002510
0.003142
0.002159
0.001888
0.002628
0.003390
0.003925
0.004231
0.003646
0.003444
0.003719
0.003347
0.003419
0.003615
0.003495
0.003139
0.003262
0.003054
0.003069
0.002780
0.003732
0.003135
0.003518
0.003562
0.003267
0.003163
0.003678
0.003854
0.004964
0.003535
0.003906
0.003919
0.003884
0.003982
0.004223
0.004337
0.004802
0.005437
0.005498
0.005286
0.005398
0.005287
0.005473
0.005059
0.004932
0.004921
0.005006
0.004297
0.004057
0.004244
0.003970
0.003742
0.003851
0.003688
0.003453
0.003472
0.004032
0.004301
0.004298
0.003798
0.004681
0.004101
0.004271
0.003912
0.003762
0.003915
0.003947
0.004035
0.003707
0.003507
0.003809
0.003585
0.003889
0.003870
0.004108
0.004441
0.003980
0.004067
0.004330
0.005104
0.005327
0.004690
0.004521
0.004481
0.004630
0.004651
0.004912
0.004554
0.004833
0.004748
0.004282
0.004538
0.004936
0.003119
0.002860
0.003052
0.003186
0.003233
0.003505
0.003823
0.002695
0.003934
0.003088
0.003445
0.003214
0.003573
0.003808
0.003727
0.003559
0.003678
0.003983
0.004180
0.003756
0.003917
0.003793
0.003274
0.003120
0.003392
0.003991
0.003675
0.003478
0.003403
0.003761
0.003607
0.003078
0.003081
0.003515
0.003602
0.003344
0.003086
0.002406
0.002471
0.002656
0.002512
0.002648
0.002600
0.002264
0.002374
0.003009
0.003363
0.003912
0.004080
0.004031
0.003536
0.003973
0.003303
0.004156
0.003976
0.003787
0.004010
0.004209
0.003835
0.004132
0.003052
0.003144
0.005011
0.005113
0.005121
0.005106
0.004439
0.004175
0.005107
0.005210
0.005080
0.004768
0.004247
0.004695
0.005055
0.004710
0.004778
0.004581
0.005008
0.004432
0.004450
0.004885
0.004501
0.004451
0.004170
0.004100
0.004055
0.004458
0.004642
0.004486
0.005259
0.005382
0.005309
0.005848
0.005932
0.005440
0.005757
0.005609
0.005490
0.005837
0.005273
0.005566
0.004632
0.005365
0.005010
0.005417
0.005039
0.004997
0.004778
0.004765
0.004723
0.004485
0.004988
0.004953
0.004669
0.004655
0.011864
0.004263
0.004098
0.004147
0.004100
0.003959
0.004083
0.004314
0.003887
0.004364
0.004095
0.004526
0.003862
0.004320
0.004597
0.005342
0.004305
0.004234
0.004209
0.004164
0.004105
0.004335
0.004058
0.004206
0.004043
0.004099
0.004281
0.004308
0.002779
0.006514
0.004923
0.004969
0.005147
0.005005
0.005096
0.008523
0.004895
0.004807
0.004781
0.004401
0.004890
0.004678
0.005059
0.005235
0.004716
0.004840
0.007765
0.004874
0.004581
0.005151
0.005118
0.004829
0.004565
0.005113
0.005083
0.005583
0.004165
0.004529
0.007727
0.004386
0.004381
0.004470
0.003988
0.004125
0.004338
0.004361
0.004120
0.003727
0.003774
0.003686
0.003850
0.003919
0.003541
0.003621
0.003884
0.004030
0.003837
0.003728
0.003436
0.003737
0.007542
0.004480
0.004247
0.004079
0.004629
0.004143
0.003953
0.004417
0.004932
0.004688
0.004447
0.004607
0.004422
0.004746
0.004307
0.004632
0.004301
0.004873
0.005025
0.004503
0.004677
0.004510
0.004950
0.005014
0.004829
0.005252
0.004964
0.005058
0.004676
0.004958
0.005110
0.005258
0.005136
0.005051
0.005495
0.005273
0.005464
0.005626
0.005323
0.005076
0.004866
0.004936
0.006078
0.004691
0.005039
0.005042
0.004811
0.004664
0.004575
0.004286
0.004075
0.004901
0.004305
0.003298
0.003490
0.003363
0.002791
0.002957
0.003170
0.002821
0.003023
0.003354
0.003163
0.002648
0.002315
0.002905
0.002846
0.002779
0.002886
0.003726
0.002801
0.003103
0.003127
0.003194
0.003097
0.002732
0.003165
0.003380
0.003075
0.003222
0.003459
0.003497
0.003390
0.003709
0.003137
0.002878
0.003745
0.003554
0.003307
0.003518
0.003475
0.003156
0.003531
0.003649
0.003225
0.003641
0.003548
0.003872
0.003860
0.003466
0.003808
0.003555
0.004059
0.003351
0.003659
0.003262
0.003324
0.003506
0.003217
0.003565
0.003936
0.003408
0.003497
0.003231
0.003568
0.003639
0.004667
0.004077
0.004057
0.004084
0.004529
0.004255
0.004388
0.003910
0.005700
0.005885
0.005542
0.005464
0.005344
0.006741
0.006711
0.005736
0.006402
0.006190
0.006144
0.005561
0.004799
0.005295
0.005487
0.005765
0.005626
0.005393
0.005450
0.005305
0.005542
0.005382
0.005768
0.005623
0.005173
0.005002
0.003206
0.003221
0.004099
0.003717
0.003721
0.003394
0.003702
0.003886
0.003701
0.003338
0.003859
0.003736
0.003980
0.004104
0.004019
0.003562
0.003911
0.003789
0.003650
0.004659
0.004951
0.004578
0.005231
0.005250
0.005399
0.005626
0.005160
0.004625
0.004806
0.004912
0.004619
0.004927
0.004431
0.004776
0.004433
0.004509
0.005532
0.004309
0.004237
0.004047
0.004599
0.004520
0.004265
0.003846
0.004215
0.004648
0.007559
0.004890
0.004735
0.004340
0.004407
0.004065
0.003477
0.003799
0.003485
0.003799
0.003469
0.003764
0.007562
0.004089
0.003876
0.004523
0.003682
0.003831
0.003695
0.003654
0.003941
0.004119
0.003822
0.003601
0.003438
0.003627
0.006026
0.003769
0.004085
0.004268
0.004271
0.004560
0.005008
0.005114
0.004612
0.004994
0.005236
0.005490
0.006405
0.006166
0.006532
0.005249
0.005925
0.005466
0.005666
0.005314
0.005342
0.005187
0.005094
0.005135
0.005738
0.005051
0.005635
0.005868
0.006137
0.005330
0.005442
0.005165
0.005640
0.005854
0.006182
0.006366
0.006254
0.006579
0.006245
0.005333
0.005351
0.005782
0.006924
0.006307
0.006010
0.006452
0.006186
0.006164
0.006055
0.005659
0.005764
0.006076
0.008899
0.005191
0.005519
0.004974
0.005006
0.006473
0.004835
0.005136
0.006845
0.005282
0.005079
0.004640
0.004734
0.005229
0.005029
0.004766
0.005007
0.004685
0.005013
0.004799
0.004603
0.005034
0.004808
0.004681
0.004647
0.004273
0.004747
0.004913
0.005170
0.004626
0.004871
0.005462
0.005032
0.013015
0.004589
0.004781
0.004815
0.004993
0.005072
0.005072
0.005106
0.004743
0.005221
0.009382
0.005122
0.004417
0.004775
0.004411
0.004440
0.004681
0.004692
0.004599
0.004474
0.004708
0.005437
0.004517
0.004621
0.004732
0.004591
0.004421
0.005379
0.004175
0.002970
0.003494
0.005647
0.006153
0.006516
0.006818
0.007057
0.006974
0.007107
0.007031
0.007878
0.007796
0.006586
0.007080
0.007281
0.007594
0.007381
0.003740
0.003179
0.003554
0.003336
0.003367
0.007039
0.006936
0.007219
0.007211
