0.000000
0.000000
0.100000
0.600000
1.126667
1.726667
2.295111
3.119259
4.087528
5.141629
6.134006
7.080991
7.888566
8.795287
9.495170
10.487670
11.454346
12.444485
13.409816
14.284202
15.261871
16.251634
17.293587
18.288561
19.277156
20.237938
21.221740
22.149594
23.124306
24.177210
25.168204
26.137405
27.113530
27.878496
28.539361
29.524966
30.511617
31.495578
32.500188
33.487563
34.471344
35.462737
36.501406
37.484871
38.461490
39.403330
40.403064
41.359886
42.416324
43.399876
44.374794
45.318897
46.219295
47.193477
48.139466
49.214893
50.167891
51.136287
52.121581
53.103528
53.813520
54.431333
55.320700
56.319807
57.308224
58.237289
58.649879
59.202622
60.194908
61.225557
62.217925
63.206641
64.149466
65.090193
66.076568
67.087476
68.059964
68.956349
69.805755
70.732576
71.364144
71.703881
72.488000
73.469054
74.419409
75.411026
76.398248
77.365521
78.375896
79.337379
80.316488
81.280324
82.049124
82.320652
82.968226
84.009143
84.999358
85.991650
86.983879
87.971766
88.964156
90.025271
91.018767
92.003248
92.971202
93.951417
94.952475
95.939774
96.991649
97.977195
99.002367
99.999373
100.989551
101.979699
102.984996
103.978688
104.960756
105.948490
106.906305
107.756903
108.672618
109.716450
110.620708
111.190922
111.934244
112.860300
113.862942
114.864220
115.923737
116.904374
117.909155
118.830583
119.644479
120.077055
120.509700
121.401334
122.150697
122.332109
122.809164
123.699100
124.692179
125.740474
126.721076
127.701180
128.666044
129.668471
130.635091
131.679810
132.663099
133.650992
134.631900
135.625324
136.612178
137.587746
138.636136
139.420640
140.304046
141.292682
142.283588
143.226523
144.145384
145.207752
146.192716
147.104882
148.098422
149.085258
150.070150
151.125527
152.106946
153.077549
154.075486
155.062713
156.045867
156.908370
157.861034
158.846744
159.810383
160.800113
161.779789
162.771874
163.827295
164.817813
165.806723
166.790095
167.779838
168.760096
169.581860
170.520245
171.547836
172.514890
173.275029
174.258624
175.221632
176.202105
177.230678
178.165990
179.142919
180.133661
181.097439
182.104024
182.906190
183.164194
183.756377
184.688143
185.694179
186.689888
187.676939
188.734167
189.639350
190.585536
191.532496
192.251026
193.194966
194.190036
195.177317
196.166751
197.157321
198.148789
199.137267
200.056934
201.026405
202.009456
202.999202
203.979642
204.962630
205.955388
206.944324
207.989005
208.970223
209.959837
210.956593
211.801557
212.595991
213.572630
214.550521
215.538976
216.515930
217.513842
218.473301
219.472677
220.569135
221.572886
222.555741
223.548852
224.526615
225.388011
226.332904
227.321135
228.299802
229.301020
230.281858
231.272081
232.192831
232.963753
233.759804
234.644397
235.574015
236.558905
237.478565
238.150548
239.050013
240.033882
240.930453
241.868565
242.913965
243.612993
244.099887
244.887459
245.785697
246.782861
247.770715
248.807210
249.625787
249.902883
250.559054
251.558917
252.542409
253.507981
254.496522
255.540263
256.501846
257.483102
257.893808
258.272844
259.097178
260.078765
261.123282
262.106362
263.097579
264.088051
265.074865
266.056067
267.047628
268.097449
269.047745
270.028519
271.020254
272.009847
273.005078
274.051993
275.033887
275.926280
276.922377
277.864092
278.534605
279.289303
280.314007
281.056198
281.365680
281.646486
282.247743
283.236939
284.297529
285.291306
286.276101
287.268137
288.257349
289.243730
290.235078
291.274276
292.229059
293.205059
294.190257
295.169949
296.164048
297.143765
298.198525
299.075994
299.564421
300.261810
301.249331
302.229347
303.216782
304.188246
305.180880
306.167134
307.148864
308.135600
309.127525
310.145410
311.108133
312.066746
313.044740
313.836223
314.680892
315.631685
316.503939
317.350202
318.312225
319.296920
320.268557
321.262451
322.316791
323.287725
324.287922
325.131055
325.939985
326.909925
327.908617
328.912383
329.901466
330.906791
331.893933
332.882869
333.778761
334.794937
335.652194
336.624544
337.617435
338.442894
339.033893
339.882840
340.912295
341.902097
342.882960
343.856380
344.814505
345.767557
346.773431
347.767095
348.756682
349.738107
350.742505
351.759877
352.589748
353.180067
353.671077
353.995703
354.750466
355.717076
356.541842
357.432848
358.488982
359.468206
360.458053
361.452303
362.440063
363.363516
364.133894
365.102801
366.093432
367.081702
368.068224
369.057222
370.037785
371.064334
371.818930
372.764489
373.742127
374.709655
375.700806
376.746744
377.723188
378.700661
379.705317
380.679909
381.493744
382.435746
383.493096
384.484380
385.469900
386.454736
387.446165
388.430910
389.422377
390.474563
391.457451
392.447393
393.433915
394.416554
395.408371
396.458478
397.458889
398.470794
399.380439
400.058306
400.641031
401.460901
402.600940
403.504929
404.419260
405.408497
406.335173
407.096758
408.016996
409.024459
409.962521
410.960308
411.953501
412.957495
413.582059
413.951540
414.287927
414.614849
415.301493
416.307562
417.320245
418.308317
419.388220
420.219817
421.174233
421.872216
422.078051
422.763374
423.783259
424.777264
425.720457
426.397932
427.123727
428.121814
429.092278
430.130325
431.150956
432.126173
433.106789
434.088585
435.079839
436.136409
437.100193
438.086074
439.057746
439.950108
440.935221
441.838098
442.785675
443.776930
444.757826
445.641788
446.626887
447.580681
448.521961
449.136516
449.472546
449.947193
450.607715
451.492340
452.413914
453.443910
454.402273
455.388025
456.038641
456.348950
457.195201
458.185189
459.242365
460.233126
461.223375
462.214292
463.214243
463.766868
464.162146
464.881554
465.152188
465.960111
466.950064
467.933440
468.924402
469.982403
470.977118
471.677445
472.055914
472.632856
473.510538
474.512013
475.558390
476.545066
477.534914
478.527342
479.517844
480.508158
481.563507
482.554142
483.536897
484.523115
485.520532
486.494048
487.334977
488.352902
489.270822
490.135233
491.108459
492.139405
493.124634
494.180827
495.114384
495.974814
496.761803
497.248311
497.945110
498.906630
499.972708
500.937761
501.666662
501.912363
502.456619
503.341361
504.329167
505.379990
506.345960
507.316343
508.302616
509.292753
510.277464
511.328581
512.319377
513.310750
514.306348
515.301474
516.284855
517.277521
518.332429
519.403412
520.462573
521.437535
522.428782
523.412412
524.469228
525.460828
526.448869
527.440641
528.426132
529.297055
530.033566
531.065937
532.028125
533.008081
533.954963
534.937376
535.848850
536.780776
537.825625
538.723186
539.694532
540.453182
540.878371
541.625003
542.671366
543.660681
544.636285
545.753098
547.161804
548.002945
548.199393
548.829542
549.836663
550.841141
551.923258
552.864442
553.602476
554.385318
554.569206
554.569206
554.569206
554.569206
554.569206
554.569206
554.569206
554.569206
554.569206
554.569206
554.569206
554.569206
554.569206
554.569206
554.569206
554.569206
554.569206
554.569206
554.569206
554.569206
554.569206
554.569206
554.569206
554.569206
554.569206
554.569206
554.569206
554.569206
554.569206
554.569206
554.569206
554.569206
554.569206
554.569206
554.569206
554.569206
554.569206
554.569206
554.569206
554.569206
554.569206
554.569206
554.569206
554.569206
554.569206
554.569206
554.569206
554.569206
554.569206
554.569206
554.569206
554.569206
554.569206
554.569206
554.569206
554.569206
554.569206
554.569206
554.569206
554.569206
554.569206
554.569206
554.569206
554.569206
