2.10205
2.59822
3.09824
3.60591
4.09829
4.61349
5.09834
5.59838
6.09851
6.59821
7.09836
7.59835
8.09833
8.59918
9.09833
9.5983
10.0983
10.5984
11.0982
11.5982
12.0985
12.5983
13.0984
13.5984
14.0983
14.5984
15.0983
15.5982
16.0984
16.5984
17.0983
17.5984
18.0982
18.5984
19.1036
19.5984
20.0995
20.5985
21.0982
21.5982
22.0983
22.5982
23.0982
23.5983
24.0984
24.5983
25.0983
25.5982
26.0983
26.5982
27.0982
27.5987
28.0983
28.5982
29.0982
29.6103
30.0983
30.5982
31.0982
31.5982
32.0984
32.615
33.0984
33.5982
34.0983
34.6119
35.0983
35.5984
36.0983
36.5983
37.0987
37.6006
38.112
38.5983
39.0983
39.5983
40.0994
40.5983
41.1143
41.6045
42.0984
42.5983
43.0982
43.5988
44.0984
44.5984
45.0983
45.5983
46.0983
46.5983
47.0983
47.5984
48.0983
48.5984
49.0982
49.5983
50.119
50.5982
51.0982
51.5984
52.1095
52.5983
53.1041
53.5985
54.1139
54.5983
55.0984
55.5983
56.0982
56.5982
57.0983
57.6058
58.0983
58.5984
59.0983
59.5982
60.0983
60.5983
61.0983
61.5984
62.1006
62.5983
63.0983
63.5983
64.0983
64.5987
65.0984
65.5983
66.0982
66.6016
67.0984
67.5982
68.1121
68.601
69.0983
69.6019
70.0984
70.5983
71.0983
71.5983
72.0983
72.6055
73.0986
73.5983
74.0983
74.5984
75.0989
75.6002
76.0983
76.6117
77.0987
77.5989
78.0983
78.6015
79.0986
79.6002
80.0983
80.616
81.1003
81.6008
82.0984
82.6139
83.1001
83.5996
84.0984
84.6043
85.1102
85.5982
86.1036
86.6063
87.1086
87.5983
88.11
88.6032
89.0983
89.5983
90.0984
90.6032
91.0989
91.5994
92.0984
92.6135
93.105
93.6101
94.105
94.6067
95.1057
95.5983
96.1072
96.6112
97.1059
97.6016
98.0982
98.6082
99.1008
99.6062
100.115
100.606
101.106
101.601
102.123
102.609
103.101
103.606
104.101
104.606
105.106
105.606
106.102
106.606
107.106
107.601
108.128
108.621
109.106
109.606
110.105
110.627
111.106
111.606
112.108
112.606
113.106
113.608
114.107
114.606
115.107
115.607
116.122
116.62
117.107
117.607
118.117
118.62
119.111
119.606
120.11
120.607
121.106
121.612
122.111
122.619
123.107
123.607
124.108
124.619
125.105
125.607
126.106
126.606
127.106
127.614
128.106
128.606
129.106
129.62
130.107
130.62
131.105
131.606
132.105
132.605
133.105
133.605
134.116
134.622
135.107
135.608
136.112
136.62
137.132
137.606
138.116
138.606
139.105
139.605
140.105
140.621
141.106
141.607
142.129
142.618
143.098
143.601
144.101
144.607
145.106
145.606
146.099
146.612
147.098
147.607
148.098
148.606
149.098
149.606
150.098
150.613
151.098
151.605
152.098
152.619
153.114
153.603
154.099
154.603
155.113
155.6
156.1
156.6
157.098
157.598
158.098
158.611
159.107
159.598
160.098
160.602
161.102
161.598
162.101
162.599
163.102
163.599
164.105
164.6
165.108
165.598
166.098
166.619
167.105
167.608
168.098
168.607
169.1
169.601
170.115
170.602
171.104
171.6
172.098
172.616
173.098
173.598
174.098
174.617
175.098
175.598
176.104
176.604
177.098
177.605
178.121
178.602
179.105
179.6
180.114
180.606
181.106
181.606
182.103
182.606
183.106
183.608
184.111
184.621
185.106
185.598
186.099
186.598
187.098
187.602
188.098
188.598
189.115
189.606
190.122
190.601
191.105
191.605
192.118
192.606
193.106
193.606
194.123
194.606
195.098
195.601
196.101
196.612
197.106
197.598
198.101
198.606
199.098
199.606
200.121
200.612
201.106
201.605
202.1
202.619
203.102
203.607
204.099
204.606
205.106
205.601
206.105
206.62
207.102
207.606
208.1
208.606
209.1
209.601
210.127
210.606
211.107
211.603
212.103
212.614
213.106
213.607
214.104
214.607
215.104
215.606
216.111
216.606
217.109
217.606
218.109
218.607
219.11
219.606
220.108
220.607
221.106
221.607
222.112
222.62
223.104
223.607
224.107
224.607
225.104
225.607
226.106
226.607
227.105
227.62
228.103
228.606
229.108
229.606
230.105
230.606
231.104
231.603
232.102
232.606
233.102
233.621
234.102
234.606
235.103
235.602
236.1
236.598
237.103
237.606
238.106
238.606
239.11
239.607
240.099
240.603
241.1
241.6
242.106
242.606
243.106
243.605
244.103
244.607
245.105
245.603
246.106
246.604
247.106
247.599
248.1
248.598
249.098
249.598
250.098
250.625
251.098
251.598
252.098
252.598
253.098
253.6
254.098
254.601
255.098
255.6
256.098
256.598
257.104
257.598
258.098
258.598
259.098
259.601
260.098
260.612
261.098
261.598
262.098
262.611
263.098
263.6
264.098
264.611
265.105
265.6
266.098
266.603
267.105
267.6
268.098
268.617
269.101
269.598
270.098
270.614
271.103
271.598
272.098
272.598
273.101
273.598
274.098
274.615
275.098
275.598
276.098
276.598
277.098
277.598
278.098
278.598
279.098
279.598
280.098
280.615
281.098
281.598
282.098
282.617
283.098
283.598
284.098
284.598
285.098
285.598
286.098
286.598
287.098
287.598
288.098
288.598
289.099
289.598
290.098
290.598
291.098
291.598
292.098
292.598
293.098
293.598
294.098
294.598
295.098
295.598
296.098
296.612
297.098
297.598
298.098
298.612
299.098
299.598
300.098
300.598
301.098
301.598
302.098
302.598
303.098
303.598
304.098
304.601
305.098
305.598
306.098
306.598
307.098
307.598
308.098
308.6
309.104
309.604
310.102
310.603
311.101
311.598
312.098
312.598
313.099
313.599
314.098
314.601
315.102
315.601
316.101
316.615
317.098
317.604
318.099
318.601
319.101
319.601
320.1
320.601
321.104
321.598
322.098
322.598
323.1
323.6
324.1
324.602
325.103
325.6
326.1
326.6
327.1
327.6
328.1
328.601
329.101
329.6
330.099
330.601
331.101
331.601
332.099
332.601
333.102
333.6
334.099
334.601
335.101
335.6
336.1
336.601
337.1
337.6
338.1
338.601
