0.000000
0.000000
0.002000
0.002000
0.002000
45.378000
48.917000
59.293000
66.609000
78.443000
82.897000
86.104000
88.434000
90.056000
104.314000
114.147000
120.988000
130.949000
143.792000
165.945000
177.028000
186.888000
195.870000
207.187000
219.825000
231.204000
247.444000
258.371000
270.197000
276.185000
281.609000
286.462000
289.962000
295.306000
302.337000
302.367000
303.241000
307.105000
312.322000
316.449000
322.662000
331.701000
346.202000
358.339000
370.003000
380.510000
386.059000
389.291000
396.175000
404.337000
417.309000
428.560000
432.123000
437.063000
444.535000
452.080000
457.020000
465.697000
477.219000
496.417000
506.223000
519.685000
534.384000
549.748000
560.682000
561.821000
562.059000
563.750000
563.922000
564.414000
565.509000
566.389000
566.812000
570.028000
575.472000
579.777000
583.475000
591.333000
603.102000
606.907000
611.155000
615.627000
616.360000
616.525000
616.729000
617.223000
617.370000
619.513000
625.523000
628.776000
632.073000
635.936000
645.297000
652.203000
653.568000
653.889000
653.932000
654.103000
654.128000
654.160000
654.244000
657.223000
664.706000
677.869000
683.165000
692.899000
705.547000
719.311000
726.033000
735.557000
741.198000
746.519000
752.423000
763.192000
775.387000
792.751000
800.177000
814.880000
824.321000
837.106000
843.771000
848.677000
856.227000
862.762000
865.329000
866.802000
872.730000
873.391000
873.482000
874.172000
881.730000
882.624000
885.740000
887.396000
893.515000
893.751000
895.097000
906.375000
911.196000
911.808000
912.161000
914.182000
917.114000
921.085000
924.258000
928.523000
933.259000
940.831000
949.495000
966.735000
972.769000
975.658000
976.184000
979.500000
987.475000
1005.142000
1019.801000
1032.162000
1044.850000
1057.250000
1067.531000
1079.932000
1091.487000
1103.580000
1115.216000
1129.733000
1141.216000
1150.293000
1154.455000
1159.641000
1164.029000
1169.354000
1174.295000
1182.651000
1195.968000
1213.805000
1225.846000
1237.441000
1242.872000
1253.355000
1262.921000
1274.821000
1289.640000
1312.166000
1322.297000
1328.924000
1337.043000
1344.152000
1346.696000
1352.340000
1361.983000
1371.714000
1377.423000
1386.883000
1398.245000
1405.569000
1414.677000
1425.132000
1431.045000
1438.504000
1441.786000
1447.482000
1448.007000
1448.059000
1448.085000
1448.144000
1448.209000
1448.244000
1448.275000
1452.581000
1453.362000
1460.123000
1471.392000
1476.416000
1490.692000
1504.239000
1509.135000
1519.648000
1530.038000
1541.727000
1550.962000
1562.164000
1576.867000
1592.478000
1598.353000
1609.387000
1625.059000
1635.026000
1646.286000
1656.952000
1661.349000
1671.358000
1680.374000
1687.271000
1699.133000
1711.816000
1720.429000
1731.588000
1737.757000
1744.496000
1748.013000
1751.339000
1753.182000
1753.533000
1753.709000
1753.773000
1753.808000
1759.355000
1759.716000
1759.988000
1760.232000
1761.100000
1761.295000
1767.020000
1772.942000
1778.029000
1784.736000
1790.648000
1797.247000
1802.260000
1805.705000
1806.456000
1806.629000
1809.101000
1811.632000
1812.110000
1826.538000
1835.920000
1840.562000
1844.031000
1845.896000
1847.691000
1849.856000
1852.201000
1852.553000
1852.676000
1852.694000
1852.695000
1854.277000
1859.462000
1863.322000
1866.499000
1869.313000
1872.401000
1872.652000
1872.880000
1872.928000
1873.104000
1873.120000
1873.124000
1873.127000
1873.130000
1873.142000
1873.145000
1873.145000
1873.145000
1873.145000
1873.206000
1874.378000
1875.480000
1879.440000
1885.183000
1888.907000
1891.667000
1894.070000
1897.918000
1898.467000
1898.537000
1898.581000
1898.813000
1898.836000
1898.852000
1898.859000
1898.861000
1898.867000
1898.873000
1899.529000
1902.967000
1906.993000
1911.240000
1914.657000
1919.235000
1923.718000
1928.197000
1931.737000
1936.904000
1945.255000
1961.523000
1976.046000
1981.241000
1983.927000
1987.962000
1992.049000
1996.750000
2000.464000
2004.306000
2008.934000
2015.851000
2024.206000
2033.255000
2041.142000
2051.170000
2067.208000
2080.719000
2089.417000
2099.280000
2106.681000
2113.670000
2124.483000
2127.919000
2132.886000
2139.435000
2144.598000
2151.858000
2160.374000
2170.206000
2175.611000
2185.865000
2196.520000
2204.512000
2209.903000
2216.038000
2221.070000
2225.953000
2229.967000
2235.960000
2243.866000
2257.918000
2268.539000
2279.788000
2283.350000
2284.811000
2286.717000
2289.426000
2293.858000
2300.748000
2316.739000
2324.343000
2325.545000
2325.705000
2325.712000
2325.768000
2326.170000
2328.775000
2332.541000
2340.951000
2357.503000
2359.985000
2360.172000
2360.243000
2362.095000
2374.671000
2377.806000
2382.234000
2386.113000
2390.277000
2395.763000
2401.265000
2413.800000
2422.547000
2424.816000
2428.781000
2434.728000
2441.379000
2445.735000
2450.269000
2458.242000
2467.195000
2469.721000
2477.993000
2490.212000
2500.568000
2509.366000
2520.347000
2529.498000
2540.220000
2549.764000
2562.146000
2569.685000
2575.746000
2578.703000
2582.658000
2589.802000
2597.604000
2603.744000
2612.397000
2620.783000
2630.674000
2638.646000
2648.185000
2659.361000
2668.068000
2674.348000
2682.820000
2690.922000
2695.053000
2704.134000
2711.845000
2717.280000
2721.121000
2725.300000
2733.679000
2740.656000
2750.540000
2752.699000
2755.483000
2760.770000
2764.434000
2765.360000
2765.762000
2765.827000
2765.854000
2765.860000
2765.864000
2765.864000
2765.864000
2765.865000
2765.887000
2765.896000
2765.909000
2766.763000
2768.330000
2769.079000
2769.410000
2770.494000
2770.650000
2770.657000
2770.660000
2770.674000
2770.678000
2770.701000
2770.701000
2770.703000
2770.712000
2770.712000
2771.204000
2778.800000
2784.504000
2789.555000
2795.872000
2804.441000
2811.792000
2814.299000
2818.982000
2824.289000
2830.603000
2838.008000
2843.182000
2846.470000
2853.144000
2867.730000
2876.308000
2881.968000
2886.686000
2892.794000
2893.807000
2894.942000
2895.548000
2895.927000
2896.035000
2896.143000
2899.449000
2901.178000
2901.319000
2901.375000
2901.383000
2901.400000
2901.453000
2901.590000
2902.058000
2904.386000
2905.172000
2905.917000
2906.231000
2906.243000
2906.519000
2906.521000
2906.523000
2906.600000
2908.104000
2911.473000
2914.025000
2915.151000
2915.847000
2916.217000
2916.386000
2916.422000
2916.475000
2916.503000
2916.647000
2916.647000
2916.794000
2917.871000
2921.524000
2929.042000
2937.279000
2941.049000
2945.343000
2949.039000
2951.373000
2951.494000
2951.861000
2952.045000
2952.154000
2952.277000
2952.332000
2952.928000
2958.886000
2959.077000
2959.117000
2959.565000
2960.146000
2962.561000
2972.387000
2975.116000
2975.350000
2975.360000
2975.372000
2975.375000
2975.410000
2975.427000
2975.490000
2975.507000
2975.507000
2975.509000
2975.520000
2975.520000
2975.520000
2975.609000
2975.659000
2975.722000
2976.753000
2976.772000
2976.877000
2977.152000
2977.553000
2981.594000
2988.388000
2997.972000
3010.463000
3018.809000
3027.517000
3034.028000
3037.213000
3048.175000
3065.735000
3072.557000
3083.779000
3090.286000
3102.835000
3113.400000
3117.906000
3122.483000
3124.175000
3130.656000
3132.123000
3132.414000
3133.543000
3136.576000
3140.426000
3144.933000
3149.776000
3154.480000
3155.759000
3156.070000
3156.465000
3156.475000
3156.514000
3156.528000
3156.673000
3160.414000
3160.727000
3160.806000
3160.806000
3160.806000
3160.806000
3160.806000
3160.806000
3160.806000
3160.806000
3160.806000
3160.806000
3160.806000
3160.806000
3160.806000
3160.806000
3160.806000
3160.806000
3160.806000
3160.806000
3160.806000
3160.806000
3160.806000
3160.806000
3160.806000
3160.806000
3160.806000
3160.806000
3160.806000
3160.806000
3160.806000
3160.806000
3160.806000
3160.806000
3160.806000
3160.806000
3160.806000
3160.806000
3160.806000
3160.806000
3160.806000
3160.806000
3160.806000
3160.806000
3160.806000
3160.806000
3160.806000
3160.806000
3160.806000
3160.806000
3160.806000
3160.806000
3160.806000
3160.806000
3160.806000
3160.806000
3160.806000
3160.806000
3160.806000
3160.806000
3160.806000
3160.806000
3160.806000
3160.806000
3160.806000
3160.806000
