0.007824
0.006374
0.006724
0.005730
0.004466
0.005381
0.003647
0.004618
0.004256
0.004688
0.003931
0.004608
0.005555
0.006102
0.006085
0.008433
0.006083
0.004838
0.004888
0.005211
0.007600
0.008141
0.007902
0.005089
0.004533
0.003746
0.003461
0.003521
0.003518
0.003659
0.004017
0.003815
0.003255
0.004315
0.005282
0.006303
0.008005
0.008351
0.007948
0.006922
0.008093
0.008061
0.006471
0.007511
0.007831
0.007488
0.008662
0.009168
0.007041
0.008214
0.008548
0.008631
0.005821
0.004080
0.007291
0.006467
0.006711
0.005365
0.006460
0.006430
0.004659
0.003686
0.004419
0.004977
0.003773
0.004366
0.005105
0.004017
0.002723
0.002404
0.002330
0.003325
0.002900
0.001768
0.002758
0.002785
0.002771
0.003564
0.003994
0.005309
0.004428
0.004694
0.003850
0.004191
0.004968
0.005244
0.004171
0.002939
0.003735
0.004716
0.004967
0.005566
0.005736
0.006891
0.005749
0.003791
0.003002
0.003145
0.003366
0.003025
0.004580
0.005476
0.005532
0.005139
0.005608
0.004957
0.005510
0.004836
0.007584
0.007790
0.007582
0.006416
0.007476
0.007416
0.009015
0.009034
0.006714
0.006097
0.007543
0.008156
0.006391
0.006887
0.006487
0.006521
0.006419
0.007551
0.006317
0.007348
0.004860
0.005678
0.005995
0.007065
0.006742
0.004645
0.006391
0.005965
0.004539
0.003700
0.003420
0.005083
0.005861
0.005329
0.003581
0.005077
0.003593
0.003496
0.003352
0.003189
0.004651
0.003946
0.004013
0.004098
0.003988
0.003412
0.003838
0.002561
0.003628
0.004653
0.003270
0.003626
0.005387
0.004098
0.002506
0.003536
0.003547
0.005195
0.003757
0.004169
0.006931
0.004604
0.003415
0.007278
0.007275
0.004072
0.006681
0.006922
0.006098
0.006712
0.006527
0.005785
0.006821
0.003880
0.004138
0.004147
0.003127
0.004064
0.004230
0.003546
0.003064
0.005191
0.005237
0.004493
0.005394
0.004949
0.004307
0.004785
0.005141
0.006026
0.004136
0.005887
0.003762
0.004288
0.006694
0.004624
0.005211
0.005264
0.004101
0.003760
0.004805
0.004387
0.004605
0.005391
0.006453
0.003798
0.005203
0.005637
0.004759
0.006221
0.005321
0.006856
0.005090
0.004289
0.006057
0.004438
0.004651
0.005495
0.004070
0.004964
0.005648
0.005424
0.004483
0.005667
0.005305
0.004578
0.004612
0.005682
0.005350
0.008740
0.008548
0.007163
0.007929
0.005372
0.008099
0.004041
0.004965
0.003214
0.005721
0.006355
0.005951
0.007048
0.006590
0.006745
0.007165
0.005003
0.008810
0.004497
0.008152
0.007411
0.006665
0.005162
0.003157
0.004074
0.004064
0.003990
0.003666
0.004449
0.004983
0.004771
0.005783
0.004616
0.004702
0.004038
0.004307
0.005476
0.009669
0.011268
0.012446
0.010617
0.011595
0.006518
0.004516
0.006755
0.008314
0.008618
0.008133
0.007331
0.012509
0.011812
0.011955
0.011813
0.008051
0.004976
0.003168
0.005941
0.005422
0.005701
0.005725
0.005362
0.005111
0.006733
0.007172
0.004465
0.005738
0.004393
0.003624
0.003795
0.004453
0.006348
0.005277
0.003165
0.003042
0.003212
0.003675
0.003084
0.002928
0.003466
0.004530
0.005004
0.004616
0.005574
0.006353
0.006264
0.006499
0.006317
0.006816
0.006336
0.007007
0.009207
0.008392
0.007038
0.006135
0.007063
0.007625
0.004520
0.003927
0.003393
0.002929
0.003101
0.002841
0.004022
0.005801
0.005922
0.004734
0.004099
0.004033
0.005322
0.005018
0.003621
0.003884
0.003658
0.003545
0.003854
0.004051
0.004080
0.003992
0.005406
0.005040
0.006107
0.004850
0.005581
0.004823
0.006491
0.007377
0.008379
0.008696
0.008853
0.005971
0.006847
0.007700
0.004814
0.004217
0.007070
0.006841
0.005198
0.005705
0.004714
0.006703
0.006310
0.005317
0.004443
0.005667
0.006157
0.008103
0.007546
0.007692
0.007753
0.006269
0.005693
0.006512
0.004043
0.002124
0.002403
0.002355
0.002753
0.003458
0.003570
0.003961
0.004388
0.003641
0.003977
0.004370
0.003978
0.005248
0.005123
0.003040
0.003263
0.005907
0.003649
0.004768
0.003585
0.003700
0.002697
0.003664
0.004231
0.005389
0.003675
0.002864
0.007763
0.010030
0.009354
0.009433
0.009403
0.008597
0.010441
0.007215
0.006403
0.008853
0.005950
0.004040
0.004422
0.004480
0.005001
0.002978
0.002775
0.003724
0.002295
0.002019
0.006416
0.005322
0.005248
0.005338
0.005668
0.004668
0.004909
0.004018
0.004687
0.005546
0.003069
0.003506
0.003659
0.003736
0.003510
0.003895
0.003889
0.004044
0.003935
0.005181
0.003793
0.003819
0.003980
0.003950
0.003974
0.011971
0.014259
0.005986
0.005814
0.007480
0.007452
0.006891
0.006665
0.004444
0.004698
0.004763
0.002862
0.003743
0.002582
0.002232
0.002530
0.003508
0.004305
0.007864
0.008553
0.005888
0.009755
0.006631
0.011487
0.008131
0.010056
0.011017
0.007964
0.012796
0.011214
0.010761
0.008800
0.008794
0.009364
0.012054
0.009710
0.009315
0.010703
0.012378
0.011319
0.012804
0.014279
0.012100
0.012110
0.011627
0.013021
0.011199
0.011847
0.014029
0.013412
0.012909
0.010004
0.012414
0.013240
0.009647
0.012026
0.014220
0.013914
0.009239
0.009640
0.009766
0.009097
0.010659
0.010769
0.014242
0.011761
0.009095
0.007832
0.006444
0.006587
0.005671
0.005713
0.005327
0.006638
0.005043
0.005352
0.005565
0.004922
0.004429
0.005050
0.005184
0.004767
0.005322
0.003268
0.003215
0.003095
0.003743
0.003031
0.002915
0.003014
0.002897
0.003425
0.003428
0.003534
0.002568
0.005233
0.004694
0.004440
0.004258
0.004124
0.004445
0.002027
0.002120
0.003037
0.002892
0.003886
0.003850
0.004466
0.004532
0.005434
0.003526
0.003720
0.003750
0.003987
0.004473
0.004628
0.004307
0.004655
0.004243
0.003436
0.004486
0.004345
0.004393
0.004119
0.005678
0.007350
0.006900
0.006708
0.005872
0.005572
0.005579
0.005645
0.003860
0.005555
0.009071
0.007505
0.003129
0.004162
0.003689
0.008582
0.007582
0.011752
0.016380
0.012349
0.013276
0.013253
0.017739
0.008613
0.006286
0.004940
0.005068
0.004949
0.005193
0.005274
0.003196
0.003093
0.004114
0.013421
0.012627
0.012681
0.011466
0.013327
0.007535
0.006832
0.005481
0.005420
0.009494
0.008981
0.008902
0.008179
0.005912
0.006913
0.006478
0.005400
0.003843
0.003831
0.004024
0.003763
0.004017
0.010877
0.010109
0.007809
0.006119
0.004873
0.004978
0.004637
0.004116
0.005016
0.004756
0.003989
0.003560
0.004351
0.005093
0.005159
0.005090
0.004270
0.006290
0.005208
0.003621
0.008695
0.006998
0.006104
0.005604
0.003828
0.003763
0.005031
0.003611
0.003913
0.004298
0.003313
0.004935
0.004415
0.004463
0.007330
0.004957
0.011301
0.011525
0.009942
0.007876
0.006428
0.005063
0.004698
0.003515
0.002224
0.002964
0.003289
0.005038
0.005097
0.003997
0.005398
0.003776
0.004954
0.005112
0.010955
0.007828
0.007660
0.005124
0.005400
0.004934
0.005711
0.007981
0.006001
0.005351
0.004982
0.003439
0.003599
0.003341
0.003429
0.004037
0.003245
0.004539
0.004014
0.004065
0.007324
0.010679
0.010968
0.009976
0.009165
0.008524
0.012037
0.012146
0.010359
0.008832
0.007202
0.008115
0.005243
