4.88304
4.9413
5.47579
5.72796
6.74173
6.79115
7.46154
8.8804
8.94174
9.06274
10.1326
10.6648
10.7998
10.931
10.972
11.0188
11.077
12.3883
12.5274
13.3483
13.6084
14.6542
14.6943
14.8061
15.8604
15.89
17.2624
17.3012
17.339
17.3672
17.4013
17.4403
18.2515
18.9224
19.1921
19.9938
20.5257
20.5671
20.6053
21.602
21.7187
21.8535
21.8898
21.9207
21.9529
21.9966
22.9131
24.0015
24.0557
24.1038
24.1456
24.1892
24.2413
24.2776
24.7942
25.5943
25.8531
25.8824
26.9259
27.6037
28.3941
28.9691
29.1996
30.2612
30.7944
30.8274
31.4436
31.4702
32.7872
32.9131
34.2993
34.5222
34.5593
35.7247
35.7633
35.7898
37.1953
37.718
38.9278
39.1971
40.259
40.2957
40.6491
40.6833
40.7145
40.7465
42.0014
43.3763
43.4043
44.2521
44.7854
45.3191
45.5965
46.3946
46.7992
47.7199
48.5267
49.1898
49.2208
49.2545
49.3127
50.6976
50.7273
50.7872
50.8199
51.7286
52.7527
52.929
53.7152
53.7552
53.8376
53.8854
53.923
53.9536
53.9994
54.0533
54.104
54.1453
54.1859
55.4718
55.709
55.7403
56.2602
56.9615
57.5971
57.6382
58.257
58.516
58.6636
58.6917
58.7916
59.0618
59.4549
59.9942
60.0264
60.0644
60.6636
61.4662
61.8459
63.2337
63.8521
64.0022
64.0266
64.0612
65.0804
65.4598
65.4882
65.7108
65.7401
65.77
65.8405
65.8689
65.9113
65.9409
65.9809
66.0053
66.0515
66.0875
66.1368
66.1712
66.2044
66.245
66.2691
66.3059
66.3322
66.3784
66.4167
66.4548
66.5023
66.5406
66.6508
66.7057
66.9557
66.9918
67.0381
67.0785
68.4593
69.851
70.8224
71.0522
71.0917
71.1182
71.1791
72.5628
73.19
73.3216
73.461
73.4905
73.5187
73.5518
74.1419
75.1483
75.2082
76.4061
76.6721
76.9301
77.731
77.861
78.2641
79.0553
80.1117
80.1668
80.7349
81.4644
81.8664
82.0033
82.8049
82.922
83.0624
83.1016
83.1474
83.1947
83.7187
83.9908
84.7979
85.719
85.7468
86.4253
87.1898
87.7199
87.7583
87.8508
87.911
87.9474
87.988
88.0206
88.0618
88.1145
88.1692
88.2547
88.3057
88.4663
89.3171
89.3541
89.4032
89.4459
89.4745
89.5114
89.5559
90.9209
90.964
92.3412
92.5164
93.4141
93.5927
94.9739
95.9062
95.9583
96.8044
97.2052
98.0098
98.815
99.2115
99.3338
99.8671
100.941
101.076
102.154
102.428
103.816
105.187
106.57
106.678
106.725
107.198
108.15
108.456
108.514
108.566
108.935
109.899
109.999
111.051
111.907
112.435
113.476
113.607
114.995
115.057
116.254
116.798
116.936
117.784
119.176
120.555
121.26
121.725
121.853
123.238
124.617
125.604
126.987
128.414
128.924
130.257
130.812
130.933
131.861
133.263
134.33
134.691
135.606
135.734
136.931
137.203
137.612
138.45
139.322
140.425
140.462
140.672
140.704
141.187
141.224
141.443
141.988
142.02
143.415
144.25
145.08
145.465
145.506
146.421
146.46
146.504
146.543
147.321
147.452
147.723
147.767
147.808
148.527
149.065
150.005
150.152
150.932
151.196
151.229
151.27
152.426
152.696
153.197
154.587
154.632
154.696
155.718
156.789
158.163
158.518
159.061
159.093
159.122
159.186
159.215
159.245
159.281
159.319
159.985
160.116
160.172
160.212
160.257
161.677
162.258
162.523
162.57
162.612
163.871
163.996
164.052
164.795
165.601
165.719
167.096
167.321
168.311
168.689
169.341
169.469
170.695
171.726
172.908
173.12
174.509
174.999
175.132
176.508
176.6
177.929
179.301
180.451
180.492
180.527
180.583
180.624
180.857
180.912
180.942
180.982
181.014
181.044
181.071
181.115
181.172
181.199
181.248
181.29
181.326
181.36
181.428
181.457
181.5
181.536
181.57
181.598
181.676
181.712
181.748
181.796
183.165
183.34
184.665
186.07
187.438
187.8
187.931
187.976
188.198
188.988
189.025
189.056
189.086
190.459
190.989
191.019
191.047
191.074
191.409
191.446
191.477
191.524
192.908
194.278
194.713
194.991
195.021
195.053
195.077
196.439
196.47
196.501
196.53
196.569
196.606
196.658
196.7
196.744
196.983
197.01
197.247
197.285
197.311
197.358
197.45
198.807
198.853
198.909
200.286
201.682
203.058
204.452
205.105
205.411
205.451
205.513
205.55
205.85
206.077
206.106
206.994
207.931
209.261
209.3
209.522
209.563
209.609
209.693
209.739
209.787
209.83
209.879
209.955
210.001
210.052
210.109
210.168
210.215
210.275
210.317
210.363
210.441
210.487
210.542
210.59
210.684
210.732
210.791
210.839
210.91
210.964
211.014
211.065
211.114
211.182
211.229
211.278
211.324
211.372
211.448
211.498
211.544
211.594
211.665
211.731
211.783
211.845
211.922
213.294
215.043
216.415
217.791
219.16
219.45
219.993
220.033
220.072
220.118
220.174
220.927
220.964
221.315
221.354
221.407
221.454
221.493
222.672
223.449
223.487
223.516
223.547
223.59
223.62
223.681
223.725
223.756
223.786
223.811
223.851
223.904
223.937
225.313
226.687
227.9
228.422
228.452
228.513
228.54
229.042
229.179
229.208
229.241
229.272
229.312
229.344
229.399
229.436
229.466
229.496
229.526
229.556
229.597
229.647
229.684
229.724
229.754
229.783
229.819
229.862
229.92
231.307
232.676
234.054
234.084
234.15
234.235
234.269
234.304
234.349
234.407
234.441
234.466
234.513
234.558
234.609
234.698
235.273
235.327
235.38
235.463
235.51
236.86
238.239
238.279
238.461
238.611
238.76
239.454
239.586
240.391
243.663
245.065
246.44
247.81
248.265
249.624
253.19
254.567
254.706
255.401
256.806
256.925
257.067
257.998
258.153
259.197
260
260.141
260.682
260.926
261.066
261.193
261.259
262.671
264.056
265.447
265.922
266.686
267.599
267.86
268.676
269.834
271.223
271.45
271.714
271.844
273.227
274.602
275.548
275.594
276.972
277.587
277.719
279.094
280.649
282.024
282.513
282.541
283.766
284.513
284.784
285.576
285.606
285.837
285.868
285.991
286.031
286.07
286.128
287.501
288.564
289.937
291.313
292.633
294.011
295.383
295.591
295.716
295.743
296.259
296.3
296.381
296.421
296.459
296.503
296.541
296.597
297.965
299.343
301.981
303.183
303.217
303.258
303.311
304.687
306.856
307.055
308.424
309.314
309.844
310.111
310.514
311.046
311.083
311.111
311.142
311.182
311.228
312.606
313.986
315.36
316.734
317.455
318.833
320.202
321.584
322.387
322.432
322.469
