0.002612
0.002033
0.002057
0.001866
0.002397
0.002470
0.002193
0.002883
0.002682
0.002382
0.002929
0.003153
0.002867
0.003024
0.003048
0.005940
0.002940
0.003199
0.002636
0.002972
0.003384
0.003704
0.003524
0.003559
0.003930
0.004229
0.003535
0.003504
0.003491
0.003509
0.006509
0.003339
0.003476
0.003818
0.003483
0.003687
0.003918
0.003829
0.003453
0.005054
0.003464
0.003609
0.003528
0.003448
0.003773
0.003151
0.003301
0.003685
0.003529
0.003631
0.003595
0.003718
0.003385
0.003759
0.004213
0.003419
0.003815
0.003596
0.002654
0.002796
0.002871
0.003116
0.002795
0.003020
0.003180
0.003234
0.003139
0.002721
0.003181
0.003334
0.003222
0.003402
0.003689
0.003725
0.004419
0.004045
0.003927
0.003889
0.004378
0.004243
0.004482
0.004512
0.004846
0.004660
0.004579
0.004116
0.003712
0.003817
0.003934
0.004084
0.003973
0.003639
0.003116
0.003373
0.003536
0.003833
0.005221
0.003711
0.003878
0.003396
0.003229
0.003371
0.003369
0.003279
0.003390
0.004163
0.004370
0.004378
0.004334
0.005230
0.004464
0.004587
0.004409
0.004002
0.004851
0.004260
0.004225
0.004270
0.004044
0.006479
0.004156
0.004090
0.004573
0.006872
0.004249
0.004379
0.004125
0.004055
0.004234
0.004585
0.003796
0.004079
0.004253
0.003944
0.004094
0.004386
0.005746
0.005644
0.004224
0.007500
0.004263
0.004113
0.003901
0.004097
0.004064
0.004544
0.004464
0.004482
0.004783
0.004635
0.004442
0.004723
0.004665
0.004326
0.004631
0.004337
0.004563
0.004939
0.004536
0.004727
0.004587
0.004504
0.004643
0.004611
0.004278
0.004667
0.004829
0.004610
0.004454
0.004784
0.004609
0.004536
0.004512
0.004439
0.004529
0.004446
0.004638
0.004513
0.004500
0.004866
0.004531
0.004389
0.004672
0.004880
0.004742
0.004524
0.005126
0.005011
0.004786
0.004791
0.004646
0.005143
0.004969
0.005616
0.005710
0.005487
0.005296
0.005690
0.004911
0.005164
0.005841
0.005679
0.006183
0.005386
0.005645
0.005437
0.005598
0.005620
0.005792
0.008483
0.005801
0.005950
0.006171
0.005412
0.006238
0.005259
0.005540
0.005764
0.005979
0.006141
0.006872
0.006519
0.006492
0.006300
0.006096
0.006035
0.006538
0.006591
0.006595
0.006708
0.006320
0.006769
0.006564
0.006740
0.006499
0.006462
0.006386
0.006327
0.006402
0.006360
0.006427
0.006588
0.006019
0.006130
0.006782
0.007021
0.007013
0.007035
0.006583
0.006575
0.006487
0.006067
0.006714
0.006313
0.006188
0.006965
0.006084
0.006830
0.006687
0.008284
0.007217
0.007713
0.007549
0.008362
0.007337
0.006036
0.006393
0.006069
0.006402
0.006055
0.006177
0.006183
0.005589
0.005159
0.005126
0.004964
0.004463
0.007675
0.005692
0.005389
0.005150
0.005090
0.005639
0.004979
0.005526
0.005311
0.005570
0.005846
0.005518
0.004948
0.005378
0.005628
0.005512
0.005116
0.006198
0.005574
0.006828
0.006409
0.006475
0.006844
0.007141
0.006896
0.006871
0.006077
0.005815
0.006629
0.006477
0.006430
0.007161
0.005833
0.005460
0.005051
0.005146
0.005795
0.005552
0.005137
0.005678
0.005772
0.005758
0.005118
0.005658
0.005553
0.006098
0.005604
0.005713
0.005843
0.006578
0.006260
0.006355
0.006548
0.006380
0.006102
0.006183
0.006254
0.006492
0.007017
0.007746
0.006718
0.006808
0.006785
0.006816
0.006615
0.007217
0.007295
0.007788
0.008110
0.008630
0.007965
0.008018
0.007964
0.008306
0.008115
0.006189
0.005993
0.006031
0.005837
0.005753
0.005784
0.005767
0.005942
0.006436
0.005627
0.005671
0.006222
0.006087
0.006504
0.006313
0.006726
0.006484
0.006811
0.006926
0.006519
0.006550
0.006504
0.006515
0.006875
0.007360
0.007107
0.007514
0.008165
0.007736
0.007961
0.007251
0.008471
0.008382
0.013804
0.008426
0.008215
0.006850
0.006885
0.007047
0.008263
0.007172
0.007488
0.007196
0.006506
0.007877
0.006943
0.006461
0.006693
0.006554
0.006396
0.006357
0.006754
0.006900
0.006442
0.006411
0.005917
0.006577
0.006279
0.006201
0.006231
0.005805
0.005802
0.005291
0.005829
0.005778
0.005435
0.005598
0.006332
0.006841
0.006006
0.006660
0.007816
0.006536
0.006680
0.006663
0.006357
0.005986
0.006011
0.006372
0.006536
0.005813
0.007119
0.006211
0.006084
0.005843
0.006631
0.005479
0.005702
0.005679
0.005294
0.005522
0.005628
0.005673
0.005428
0.005515
0.005406
0.005691
0.006170
0.005820
0.006307
0.005247
0.005205
0.005788
0.005557
0.008023
0.005396
0.005241
0.005344
0.005508
0.005219
0.005020
0.006619
0.005791
0.005552
0.006038
0.005858
0.005939
0.006456
0.006384
0.007781
0.007117
0.007371
0.006790
0.007174
0.007856
0.007410
0.007290
0.007572
0.006830
0.006308
0.006325
0.006490
0.006298
0.006234
0.006332
0.006632
0.006206
0.005799
0.006044
0.007388
0.006115
0.005598
0.006319
0.006216
0.005921
0.006340
0.006165
0.006427
0.006224
0.006192
0.006096
0.006118
0.006278
0.006096
0.006310
0.006294
0.006202
0.006328
0.006242
0.006189
0.006058
0.006177
0.006280
0.006182
0.006305
0.006154
0.006463
0.005954
0.006824
0.006109
0.007037
0.006739
0.006549
0.006757
0.006055
0.007114
0.007398
0.007480
0.006518
0.006160
0.006363
0.006255
0.006407
0.006309
0.006266
0.006387
0.006187
0.006108
0.006032
0.006663
0.006687
0.006526
0.006587
0.006441
0.006448
0.006324
0.006333
0.006701
0.006382
0.006501
0.006431
0.006197
0.006305
0.006374
0.006413
0.006197
0.006024
0.006243
0.005970
0.006468
0.005988
0.005687
0.005922
0.005482
0.005782
0.005469
0.005240
0.005451
0.005261
0.005147
0.004695
0.006177
0.005263
0.005339
0.005105
0.005206
0.004908
0.004888
0.004720
0.004621
0.005006
0.004784
0.004710
0.004851
0.005674
0.005121
0.005281
0.004647
0.005507
0.005621
0.005692
0.005257
0.005617
0.005643
0.005443
0.006958
0.005609
0.005285
0.005319
0.005187
0.007103
0.006042
0.005850
0.005400
0.005628
0.005723
0.005983
0.005788
0.006236
0.006134
0.007293
0.006339
0.006363
0.006471
0.006593
0.009060
0.004335
0.007349
0.008404
0.008244
0.008100
0.008051
0.009408
0.010295
0.008523
0.008140
0.008150
0.007634
0.007561
0.007474
0.007370
0.007063
0.007696
0.007237
0.007215
0.007270
0.008358
0.008286
0.007733
0.007574
0.006992
0.007521
0.008191
0.007912
0.007668
0.007983
0.009902
0.007622
0.007479
0.007625
0.006079
0.005748
0.005560
0.008366
0.007152
0.006995
0.006662
0.006815
0.007238
0.007402
0.008518
0.005583
0.005709
0.005655
0.008065
0.005373
0.005330
0.005158
0.005002
0.004865
0.005170
0.005026
0.004810
0.008068
0.005191
0.005034
0.004882
0.005069
0.005147
0.005157
0.005191
0.005337
0.005821
0.005973
0.005336
0.005670
0.006183
0.006325
0.006489
0.006162
0.006037
0.006312
0.006005
0.005506
0.007364
0.007124
0.006283
0.005780
0.006286
0.005987
0.007599
0.007454
0.006250
0.006358
0.005655
0.006289
0.006036
0.006202
0.005738
0.004973
0.005157
0.005015
0.005024
0.005075
0.005233
0.005793
0.005726
0.006606
0.007103
0.006343
0.007475
0.006160
0.004944
0.005294
0.006152
0.005524
