0.006433
0.007074
0.008277
0.008929
0.008501
0.009507
0.007937
0.007880
0.007232
0.006181
0.005122
0.007210
0.006771
0.008277
0.008042
0.007941
0.007798
0.008014
0.007613
0.007903
0.007561
0.008407
0.007667
0.008397
0.006931
0.006865
0.008955
0.009020
0.008381
0.008528
0.009218
0.007436
0.007657
0.007533
0.006757
0.006872
0.008354
0.007529
0.005334
0.009262
0.006154
0.007426
0.005952
0.006065
0.007590
0.008961
0.006301
0.006246
0.005231
0.006601
0.008772
0.009452
0.008453
0.005740
0.006809
0.008250
0.005127
0.006033
0.008765
0.007442
0.007070
0.005947
0.007476
0.009441
0.006011
0.007253
0.004680
0.008185
0.009649
0.006899
0.008078
0.008609
0.006938
0.007589
0.009881
0.007459
0.007689
0.007405
0.007382
0.008450
0.006165
0.006287
0.006210
0.005090
0.005670
0.007727
0.007543
0.007347
0.008497
0.006834
0.005850
0.007079
0.008435
0.008290
0.005966
0.009828
0.006606
0.008778
0.007907
0.006826
0.009050
0.007596
0.007265
0.007275
0.007655
0.007364
0.007963
0.006047
0.007111
0.005836
0.005531
0.006224
0.005478
0.006471
0.008117
0.006127
0.007141
0.009405
0.008880
0.007418
0.006065
0.007731
0.006664
0.005862
0.006449
0.006607
0.007286
0.006856
0.007412
0.006362
0.007587
0.007506
0.005811
0.007344
0.007486
0.009203
0.006748
0.007416
0.005669
0.007368
0.007218
0.006764
0.006416
0.008690
0.008891
0.008709
0.007073
0.006195
0.006714
0.007891
0.007327
0.006585
0.007742
0.008356
0.007355
0.003131
0.005280
0.009802
0.005367
0.005641
0.007156
0.008552
0.004102
0.007271
0.006520
0.006495
0.005795
0.005694
0.007120
0.006281
0.008156
0.009043
0.008986
0.007266
0.007972
0.006588
0.005275
0.007248
0.005934
0.009329
0.007846
0.007510
0.006042
0.007161
0.006740
0.008527
0.008791
0.006653
0.005855
0.007655
0.009756
0.008411
0.009699
0.006379
0.006222
0.007056
0.007335
0.007268
0.006008
0.006185
0.007550
0.008315
0.009104
0.007790
0.006836
0.006509
0.005607
0.005685
0.006031
0.006052
0.007336
0.008557
0.008276
0.007790
0.007665
0.007265
0.005514
0.006749
0.006690
0.007647
0.006347
0.005538
0.007964
0.004078
0.006017
0.007405
0.003736
0.006335
0.008611
0.007700
0.005363
0.009004
0.007762
0.005413
0.006184
0.006090
0.006281
0.009751
0.009332
0.008627
0.008561
0.007644
0.010934
0.008454
0.010399
0.006272
0.008530
0.008177
0.007466
0.007708
0.008739
0.009398
0.005307
0.005884
0.008435
0.008075
0.005648
0.007927
0.007761
0.006884
0.006947
0.008202
0.005018
0.006886
0.006121
0.007164
0.007344
0.005744
0.008220
0.006937
0.007262
0.008575
0.007741
0.006541
0.005930
0.007556
0.006765
0.007703
0.010802
0.010897
0.009501
0.011487
0.008274
0.008258
0.006973
0.009476
0.011650
0.009559
0.009859
0.009992
0.006851
0.005777
0.007233
0.007191
0.007261
0.006124
0.006794
0.009793
0.005694
0.009716
0.008579
0.006317
0.008561
0.007288
0.007250
0.005965
0.007093
0.008590
0.008038
0.008116
0.005638
0.008260
0.006619
0.006531
0.007199
0.006444
0.008875
0.009153
0.006228
0.007356
0.006430
0.006875
0.007605
0.007293
0.006825
0.006521
0.007036
0.006874
0.007564
0.008087
0.006855
0.007250
0.005859
0.007449
0.008150
0.008152
0.005964
0.007385
0.006587
0.006802
0.008662
0.007448
0.005324
0.005791
0.005947
0.006330
0.008940
0.007502
0.008706
0.005036
0.007208
0.005559
0.005529
0.004833
0.005665
0.009677
0.007701
0.006284
0.006876
0.008271
0.007758
0.007842
0.007216
0.007776
0.008912
0.007290
0.005805
0.009062
0.006782
0.007102
0.007368
0.007281
0.007871
0.006270
0.007336
0.007602
0.005868
0.005504
0.006715
0.006507
0.007709
0.008548
0.006803
0.006575
0.007140
0.007349
0.005871
0.009217
0.007733
0.006385
0.007102
0.009405
0.005007
0.006462
0.009869
0.007337
0.006289
0.007048
0.005452
0.007252
0.007207
0.004713
0.007107
0.006363
0.005236
0.006469
0.008995
0.005852
0.008782
0.007592
0.005994
0.005575
0.006466
0.009124
0.006786
0.007050
0.007286
0.008224
0.010527
0.006845
0.007849
0.007968
0.008735
0.007544
0.008399
0.007686
0.008116
0.008440
0.006544
0.006094
0.006948
0.006264
0.007271
0.007322
0.007668
0.006742
0.004771
0.010189
0.006141
0.007107
0.010831
0.011034
0.006400
0.008938
0.007421
0.006477
0.007832
0.004171
0.007410
0.007534
0.008056
0.007455
0.005862
0.007474
0.006098
0.006250
0.009914
0.007513
0.006918
0.005906
0.008619
0.005494
0.014508
0.020243
0.010615
0.009435
0.007828
0.007862
0.007399
0.009558
0.008854
0.006973
0.008808
0.008830
0.008444
0.007012
0.007550
0.009060
0.007208
0.008331
0.011083
0.008775
0.006269
0.008737
0.007694
0.007496
0.009939
0.008528
0.007140
0.009381
0.010204
0.007407
0.007980
0.008937
0.008624
0.007368
0.009220
0.007873
0.006556
0.008214
0.008959
0.008530
0.010162
0.007858
0.009618
0.009576
0.007584
0.008730
0.006865
0.010598
0.008398
0.009178
0.009208
0.003839
0.008751
0.008949
0.004845
0.008929
0.008343
0.009778
0.009439
0.009993
0.008205
0.006150
0.011675
0.011144
0.010891
0.011015
0.009817
0.010165
0.008852
0.008327
0.006357
0.008590
0.007738
0.008645
0.007021
0.007133
0.008544
0.006221
0.005120
0.007153
0.007594
0.008653
0.007541
0.008942
0.007826
0.009001
0.006502
0.007880
0.007974
0.007724
0.007849
0.007457
0.008569
0.008928
0.004247
0.008131
0.005369
0.008684
0.008510
0.007637
0.008588
0.008419
0.006160
0.008789
0.006288
0.007914
0.007402
0.005262
0.008149
0.009044
0.007119
0.007180
0.007584
0.007492
0.007313
0.007279
0.007380
0.007553
0.007506
0.007106
0.007393
0.006478
0.006956
0.005966
0.009214
0.010406
0.009535
0.009079
0.007166
0.007065
0.007150
0.007658
0.003872
0.007521
0.008704
0.010758
0.005425
0.008471
0.004202
0.012952
0.009753
0.012717
0.017768
0.013801
0.014574
0.013833
0.017969
0.011731
0.007586
0.006990
0.007231
0.007509
0.007104
0.008643
0.006416
0.005858
0.006018
0.009699
0.014655
0.012602
0.011388
0.013556
0.006978
0.006358
0.006616
0.005515
0.009010
0.008338
0.006187
0.007908
0.007702
0.007106
0.008376
0.008646
0.006389
0.008282
0.008515
0.006628
0.007304
0.010655
0.010907
0.010399
0.007333
0.006715
0.006815
0.006258
0.006408
0.008473
0.006563
0.007340
0.006445
0.007379
0.008812
0.009138
0.008899
0.007857
0.008872
0.008956
0.007694
0.011343
0.009150
0.006138
0.008874
0.007277
0.004858
0.008960
0.007102
0.007874
0.004842
0.006761
0.005436
0.007859
0.007657
0.012173
0.008530
0.017073
0.016424
0.014337
0.010292
0.010245
0.008407
0.008341
0.008023
0.005595
0.007054
0.007118
0.009626
0.009367
0.006516
0.008372
0.007245
0.008229
0.005688
0.014284
0.012665
0.012074
0.006191
0.005045
0.008984
0.008383
0.007439
0.009118
0.009618
0.008717
0.008610
0.007380
0.007580
0.005642
0.008440
0.007247
0.006902
0.005363
0.006380
0.010365
0.009543
0.010712
0.009649
0.007865
0.006133
0.012304
0.013428
0.012863
0.010530
0.009968
0.010871
0.005463
