2.11385
2.61379
3.11384
3.6138
4.11384
4.61921
5.11384
5.61378
6.11389
6.62429
7.11385
7.61384
8.11401
8.66219
9.11378
9.61375
10.1201
10.6264
11.1138
11.6138
12.1139
12.6261
13.1138
13.6138
14.1138
14.6149
15.1139
15.6138
16.1139
16.6255
17.1138
17.6138
18.1137
18.6279
19.1165
19.6142
20.1139
20.6198
21.1138
21.6141
22.1139
22.6157
23.114
23.6138
24.1139
24.6287
25.1139
25.6138
26.1139
26.6224
27.1138
27.6138
28.1138
28.6206
29.1138
29.6138
30.1138
30.6284
31.1138
31.6148
32.1139
32.6257
33.1138
33.6149
34.1137
34.6192
35.1138
35.6244
36.1138
36.6315
37.1155
37.6138
38.1215
38.6276
39.1169
39.6158
40.1139
40.6187
41.1197
41.6176
42.1187
42.6277
43.1185
43.6179
44.1139
44.6184
45.1138
45.6138
46.1137
46.6201
47.1223
47.6233
48.1197
48.6301
49.1237
49.6272
50.12
50.634
51.1237
51.6312
52.1275
52.6421
53.1317
53.6239
54.1201
54.6376
55.1251
55.6314
56.1184
56.6353
57.1283
57.6383
58.125
58.6348
59.1248
59.6279
60.1204
60.6358
61.1287
61.6274
62.1273
62.6287
63.1307
63.6296
64.1222
64.6399
65.1243
65.6289
66.1368
66.6508
67.1293
67.63
68.1309
68.6422
69.1314
69.6287
70.1201
70.6285
71.1324
71.6311
72.129
72.6382
73.131
73.6273
74.1419
74.6404
75.1302
75.6293
76.1279
76.6324
77.1315
77.6305
78.1301
78.6399
79.133
79.6317
80.1306
80.6484
81.1322
81.6349
82.1311
82.6435
83.1474
83.6323
84.1309
84.6487
85.147
85.6308
86.1309
86.644
87.1315
87.6325
88.1372
88.6457
89.1307
89.6322
90.1313
90.6439
91.1314
91.6311
92.1324
92.6499
93.1311
93.6297
94.1313
94.658
95.1313
95.631
96.1308
96.6568
97.1317
97.6315
98.1314
98.6467
99.1332
99.6331
100.13
100.651
101.131
101.643
102.154
102.655
103.131
103.631
104.131
104.653
105.131
105.632
106.132
106.645
107.132
107.631
108.15
108.651
109.133
109.632
110.131
110.654
111.132
111.636
112.131
112.658
113.131
113.632
114.132
114.647
115.131
115.631
116.135
116.651
117.132
117.631
118.135
118.644
119.131
119.632
120.131
120.656
121.132
121.632
122.132
122.636
123.131
123.63
124.131
124.655
125.13
125.627
126.131
126.65
127.126
127.632
128.131
128.647
129.131
129.632
130.128
130.647
131.131
131.632
132.128
132.635
133.131
133.631
134.131
134.653
135.131
135.627
136.132
136.64
137.132
137.636
138.133
138.645
139.132
139.632
140.131
140.648
141.132
141.632
142.131
142.65
143.131
143.633
144.131
144.658
145.131
145.632
146.132
146.651
147.131
147.631
148.131
148.651
149.133
149.634
150.152
150.654
151.148
151.633
152.132
152.65
153.134
153.633
154.131
154.659
155.131
155.632
156.132
156.655
157.131
157.633
158.132
158.649
159.148
159.631
160.141
160.643
161.132
161.646
162.132
162.652
163.132
163.632
164.133
164.646
165.133
165.632
166.131
166.64
167.132
167.647
168.132
168.643
169.132
169.635
170.131
170.65
171.133
171.633
172.131
172.643
173.148
173.655
174.131
174.632
175.157
175.644
176.133
176.632
177.132
177.644
178.132
178.634
179.131
179.651
180.134
180.651
181.142
181.651
182.131
182.632
183.131
183.648
184.133
184.632
185.132
185.65
186.132
186.631
187.131
187.653
188.132
188.632
189.131
189.647
190.132
190.632
191.132
191.653
192.131
192.631
193.133
193.66
194.132
194.631
195.131
195.655
196.133
196.632
197.132
197.654
198.132
198.632
199.131
199.642
200.132
200.632
201.131
201.647
202.132
202.632
203.132
203.645
204.132
204.631
205.131
205.649
206.131
206.631
207.131
207.649
208.131
208.632
209.132
209.649
210.135
210.655
211.14
211.64
212.131
212.641
213.131
213.63
214.131
214.641
215.131
215.632
216.131
216.641
217.132
217.631
218.131
218.642
219.131
219.631
220.144
220.646
221.131
221.631
222.131
222.643
223.131
223.647
224.132
224.642
225.131
225.632
226.132
226.639
227.131
227.632
228.131
228.656
229.133
229.647
230.132
230.642
231.131
231.632
232.131
232.647
233.132
233.633
234.15
234.647
235.131
235.633
236.131
236.639
237.131
237.631
238.131
238.65
239.131
239.631
240.131
240.632
241.125
241.626
242.124
242.632
243.123
243.624
244.124
244.632
245.131
245.625
246.125
246.636
247.131
247.628
248.124
248.648
249.13
249.639
250.121
250.639
251.122
251.631
252.12
252.645
253.127
253.627
254.125
254.637
255.125
255.631
256.12
256.644
257.127
257.625
258.131
258.639
259.126
259.63
260.141
260.642
261.122
261.626
262.124
262.671
263.124
263.626
264.124
264.638
265.131
265.624
266.124
266.65
267.129
267.623
268.131
268.635
269.131
269.63
270.126
270.635
271.132
271.628
272.127
272.633
273.127
273.632
274.127
274.636
275.127
275.631
276.124
276.63
277.132
277.62
278.121
278.628
279.118
279.63
280.118
280.63
281.123
281.625
282.119
282.633
283.126
283.626
284.119
284.636
285.131
285.618
286.134
286.617
287.114
287.614
288.117
288.62
289.114
289.614
290.116
290.62
291.115
291.621
292.114
292.639
293.116
293.618
294.114
294.62
295.12
295.614
296.114
296.617
297.114
297.614
298.114
298.62
299.114
299.614
300.114
300.625
301.114
301.614
302.114
302.617
303.114
303.614
304.114
304.619
305.114
305.614
306.114
306.619
307.114
307.614
308.114
308.62
309.114
309.614
310.114
310.616
311.114
311.614
312.114
312.619
313.114
313.614
314.114
314.614
315.114
315.614
316.114
316.614
317.114
317.614
318.114
318.619
319.114
319.614
320.114
320.628
321.114
321.614
322.114
