0.000000
0.000000
0.150698
0.383116
0.535714
0.666071
0.742497
0.886211
1.011340
1.109964
1.192674
1.254701
1.302503
1.343715
1.388353
1.408413
1.442781
1.470906
1.506250
1.530577
1.552509
1.569788
1.589071
1.605410
1.615036
1.634751
1.646940
1.658838
1.669875
1.677374
1.689246
1.695434
1.703716
1.709615
1.718222
1.722853
1.726602
1.728763
1.736312
1.743755
1.749461
1.754300
1.759707
1.754568
1.741963
1.744454
1.746686
1.750926
1.755473
1.759048
1.764056
1.770516
1.773778
1.778421
1.782431
1.785620
1.788924
1.785234
1.774955
1.761749
1.763125
1.765674
1.768907
1.762022
1.753394
1.752238
1.737160
1.721791
1.720393
1.720810
1.725055
1.729929
1.732934
1.735919
1.740121
1.740331
1.740977
1.734028
1.733174
1.735721
1.738662
1.739864
1.743316
1.746452
1.747927
1.748918
1.751647
1.754208
1.756707
1.758943
1.761170
1.764716
1.767587
1.769385
1.771743
1.773610
1.775792
1.777424
1.781132
1.782864
1.784826
1.786141
1.786212
1.776273
1.772711
1.771205
1.772125
1.773679
1.775906
1.777022
1.779063
1.781994
1.784586
1.785892
1.787481
1.788613
1.790482
1.792777
1.794415
1.796011
1.797372
1.794891
1.791184
1.791049
1.793943
1.794473
1.796415
1.797551
1.798326
1.797585
1.796792
1.792289
1.792873
1.793829
1.791923
1.785885
1.782349
1.784148
1.785258
1.785758
1.783457
1.782955
1.783610
1.783717
1.785582
1.786667
1.788287
1.789427
1.790767
1.793036
1.795398
1.796546
1.797577
1.798114
1.799435
1.800525
1.801571
1.802334
1.804010
1.805014
1.806017
1.806767
1.807095
1.807852
1.809745
1.810258
1.810740
1.811788
1.812782
1.813493
1.815485
1.816197
1.816883
1.815971
1.815488
1.816113
1.816674
1.817760
1.819033
1.820014
1.820805
1.821287
1.820483
1.821084
1.820222
1.817117
1.818028
1.818123
1.818820
1.818197
1.817316
1.816045
1.816926
1.815763
1.815980
1.816476
1.816779
1.817362
1.815791
1.811610
1.810201
1.812368
1.815474
1.815871
1.816400
1.814410
1.813610
1.813847
1.814731
1.815209
1.816925
1.817629
1.818023
1.818744
1.819651
1.820322
1.821717
1.822035
1.823141
1.823861
1.824166
1.823932
1.825065
1.826179
1.826880
1.827316
1.828246
1.828921
1.829483
1.829679
1.829679
1.830997
1.832120
1.827513
1.825382
1.824612
1.825746
1.826011
1.827226
1.827550
1.828951
1.826103
1.821375
1.820837
1.821271
1.821556
1.822590
1.823291
1.823470
1.823018
1.824205
1.825221
1.825795
1.826051
1.826914
1.827316
1.828194
1.826872
1.827505
1.827949
1.827963
1.824192
1.821947
1.822911
1.823513
1.823744
1.824060
1.824719
1.825150
1.826109
1.826790
1.827085
1.827584
1.827771
1.827825
1.828404
1.829443
1.829760
1.829792
1.828946
1.827217
1.827160
1.828508
1.829338
1.830013
1.830237
1.831113
1.831604
1.832041
1.832782
1.833398
1.833936
1.834408
1.834654
1.835361
1.835069
1.834692
1.834967
1.835520
1.836108
1.836482
1.836966
1.837932
1.838165
1.838481
1.837470
1.834913
1.831058
1.829639
1.829324
1.827237
1.823624
1.822712
1.822660
1.821890
1.822271
1.822588
1.822563
1.820771
1.819123
1.819371
1.819626
1.820613
1.821104
1.821585
1.821812
1.822426
1.822870
1.823333
1.824110
1.824700
1.824912
1.825534
1.825840
1.826129
1.826886
1.827334
1.827595
1.827574
1.827775
1.828178
1.828437
1.829095
1.829894
1.830547
1.830975
1.831127
1.831687
1.832630
1.833039
1.833143
1.833098
1.833678
1.834162
1.834591
1.835160
1.835721
1.835935
1.836421
1.836119
1.834431
1.831415
1.830868
1.830458
1.828005
1.825159
1.821536
1.820686
1.821736
1.822108
1.822532
1.822748
1.823354
1.823204
1.823564
1.823567
1.823546
1.823935
1.824273
1.823636
1.821334
1.818979
1.818698
1.818858
1.819589
1.820002
1.820451
1.820056
1.818379
1.815756
1.814542
1.814899
1.814257
1.811610
1.810524
1.808870
1.805883
1.805308
1.805824
1.806139
1.806651
1.807416
1.807846
1.808179
1.808713
1.809008
1.809372
1.809632
1.810475
1.810867
1.811216
1.811375
1.811732
1.812073
1.812778
1.813047
1.813711
1.813701
1.813938
1.814258
1.814843
1.814416
1.813774
1.814648
1.814626
1.812398
1.811976
1.812382
1.813111
1.813411
1.813887
1.814281
1.814658
1.814931
1.815744
1.816129
1.816142
1.816138
1.816182
1.816112
1.816243
1.816815
1.817205
1.816522
1.816666
1.815253
1.812485
1.812064
1.812381
1.812730
1.812932
1.813191
1.813299
1.813221
1.813706
1.813902
1.814243
1.812186
1.809637
1.809239
1.809623
1.810103
1.810556
1.810925
1.811102
1.811362
1.810719
1.808574
1.807447
1.807279
1.807811
1.808186
1.808556
1.808762
1.809545
1.809903
1.810204
1.810547
1.810924
1.811267
1.811893
1.812177
1.812596
1.812867
1.813094
1.813317
1.813626
1.814293
1.814628
1.814942
1.815316
1.815683
1.816013
1.815977
1.814743
1.812751
1.812789
1.812972
1.813433
1.813681
1.814337
1.814497
1.814941
1.815187
1.815511
1.815755
1.815111
1.813061
1.811431
1.810735
1.811109
1.811401
1.811690
1.812124
1.812582
1.812798
1.813001
1.813179
1.813446
1.813749
1.814311
1.814308
1.814924
1.815232
1.815554
1.815820
1.816039
1.815635
1.814830
1.814749
1.815164
1.815494
1.815671
1.816177
1.816486
1.816796
1.817085
1.816651
1.816105
1.816003
1.816492
1.815485
1.813008
1.812376
1.812659
1.812907
1.813509
1.813669
1.813385
1.813434
1.813825
1.814221
1.814489
1.814824
1.815140
1.815355
1.815708
1.815938
1.816271
1.816554
1.817120
1.817328
1.817634
1.817922
1.818215
1.818048
1.818770
1.817924
1.817375
1.817257
1.815396
1.814103
1.814280
1.814806
1.815288
1.815591
1.815897
1.816156
1.816476
1.816946
1.817274
1.817407
1.817833
1.818104
1.818403
1.818640
1.819138
1.819447
1.819315
1.819550
1.819797
1.820087
1.820328
1.819839
1.817764
1.817395
1.818161
1.819241
1.820197
1.821272
1.822215
1.822939
1.823199
1.823246
1.822705
1.821843
1.822077
1.821551
1.821267
1.821419
1.821710
1.821961
1.822430
1.822666
1.822950
1.823198
1.823408
1.823654
1.823640
1.823656
1.821900
1.820330
1.820287
1.820624
1.820859
1.821041
1.821544
1.821764
1.821980
1.822208
1.822519
1.822805
1.822542
1.820544
1.819846
1.819986
1.820014
1.820195
1.820501
1.820946
1.821230
