0.000000
0.000000
0.002000
0.002000
0.678000
45.848000
50.729000
61.201000
68.427000
79.300000
85.322000
92.644000
97.176000
104.463000
109.225000
124.494000
139.465000
151.525000
167.266000
181.380000
191.106000
197.765000
205.360000
219.037000
230.209000
246.400000
260.982000
276.442000
284.833000
295.226000
303.073000
307.173000
311.551000
317.223000
325.262000
337.471000
344.982000
355.628000
370.287000
382.917000
395.707000
408.570000
423.424000
432.708000
439.071000
444.487000
448.841000
455.425000
458.450000
464.668000
471.959000
478.835000
484.381000
492.543000
501.774000
509.224000
513.333000
518.638000
525.521000
543.281000
550.714000
555.298000
556.376000
556.631000
566.218000
570.047000
578.076000
596.095000
604.324000
615.752000
622.368000
623.865000
628.733000
636.868000
644.475000
655.207000
665.680000
681.719000
699.046000
708.280000
710.447000
718.346000
728.962000
733.566000
738.229000
748.254000
757.703000
768.437000
776.516000
786.487000
797.305000
809.277000
815.632000
825.121000
836.730000
850.388000
856.738000
866.782000
875.916000
886.759000
896.367000
912.220000
928.396000
941.428000
953.290000
964.741000
966.274000
969.440000
971.850000
978.589000
988.300000
999.082000
1008.151000
1019.559000
1032.869000
1044.273000
1051.565000
1058.630000
1064.766000
1069.562000
1074.047000
1085.283000
1094.669000
1095.785000
1098.334000
1104.723000
1112.621000
1115.521000
1118.676000
1125.405000
1131.370000
1132.056000
1132.383000
1132.465000
1132.479000
1132.497000
1132.509000
1132.516000
1132.520000
1133.864000
1136.902000
1139.551000
1142.035000
1147.662000
1154.171000
1164.015000
1172.967000
1182.104000
1188.227000
1199.327000
1214.972000
1236.774000
1245.767000
1252.655000
1264.597000
1282.332000
1289.495000
1301.750000
1313.861000
1329.457000
1337.835000
1350.388000
1367.303000
1380.604000
1394.470000
1404.241000
1409.263000
1416.233000
1422.244000
1435.136000
1449.658000
1460.961000
1467.857000
1478.145000
1485.041000
1487.647000
1490.423000
1494.250000
1495.813000
1496.764000
1496.820000
1496.822000
1496.825000
1500.147000
1503.204000
1508.688000
1514.296000
1517.740000
1521.012000
1528.320000
1548.452000
1560.397000
1571.692000
1580.844000
1589.445000
1596.599000
1602.681000
1608.725000
1614.980000
1620.259000
1629.179000
1636.941000
1639.367000
1641.338000
1641.560000
1641.724000
1641.862000
1642.310000
1646.349000
1649.409000
1654.447000
1662.454000
1673.710000
1683.831000
1693.260000
1701.227000
1705.429000
1710.551000
1715.315000
1722.022000
1727.998000
1743.659000
1766.065000
1771.965000
1774.996000
1779.830000
1785.369000
1787.389000
1789.146000
1792.504000
1794.131000
1795.982000
1797.706000
1801.397000
1810.006000
1811.726000
1811.870000
1812.482000
1813.065000
1814.484000
1816.149000
1819.306000
1821.910000
1823.430000
1823.481000
1823.517000
1823.634000
1823.635000
1823.696000
1824.142000
1824.683000
1825.165000
1825.276000
1825.531000
1825.778000
1825.848000
1826.246000
1826.589000
1826.929000
1845.876000
1856.882000
1864.985000
1875.325000
1875.446000
1875.650000
1877.326000
1885.854000
1904.442000
1916.494000
1932.059000
1945.802000
1957.885000
1967.956000
1985.289000
1997.679000
2004.638000
2007.849000
2014.123000
2017.134000
2021.323000
2029.985000
2032.846000
2034.868000
2039.103000
2042.769000
2048.973000
2057.789000
2071.663000
2085.018000
2096.402000
2106.699000
2113.565000
2115.946000
2121.621000
2129.090000
2137.833000
2145.883000
2154.866000
2158.578000
2164.605000
2171.489000
2178.560000
2185.810000
2196.393000
2206.605000
2222.199000
2235.257000
2248.396000
2258.426000
2261.570000
2265.122000
2267.659000
2276.495000
2277.681000
2277.881000
2297.727000
2310.422000
2318.501000
2329.337000
2332.762000
2332.878000
2333.270000
2339.739000
2348.929000
2356.904000
2369.523000
2384.296000
2398.892000
2412.137000
2424.380000
2441.427000
2448.612000
2451.781000
2457.555000
2466.715000
2480.336000
2488.012000
2504.154000
2515.448000
2520.409000
2523.423000
2524.856000
2530.439000
2534.775000
2538.948000
2540.326000
2540.549000
2541.226000
2544.124000
2544.666000
2544.723000
2545.705000
2547.509000
2548.738000
2549.863000
2550.716000
2551.171000
2555.411000
2557.996000
2564.424000
2569.978000
2570.576000
2570.783000
2571.090000
2571.289000
2571.459000
2571.478000
2571.505000
2571.529000
2571.542000
2571.597000
2571.637000
2572.115000
2573.538000
2577.639000
2583.242000
2600.437000
2606.334000
2606.791000
2608.403000
2617.780000
2621.655000
2622.141000
2622.937000
2623.001000
2623.043000
2624.314000
2628.300000
2632.838000
2636.697000
2638.506000
2640.193000
2642.735000
2647.443000
2649.473000
2649.829000
2649.966000
2649.987000
2650.006000
2650.198000
2650.458000
2650.725000
2650.946000
2650.982000
2651.007000
2651.028000
2651.029000
2651.147000
2652.282000
2655.429000
2660.006000
2661.217000
2669.421000
2674.406000
2677.625000
2679.618000
2682.902000
2692.202000
2694.556000
2695.066000
2695.238000
2695.625000
2695.703000
2695.746000
2695.778000
2695.796000
2695.807000
2695.823000
2695.847000
2696.105000
2696.152000
2696.180000
2696.192000
2696.210000
2698.785000
2699.479000
2699.556000
2703.777000
2709.596000
2715.605000
2718.941000
2725.825000
2730.216000
2733.424000
2739.904000
2748.056000
2752.629000
2753.316000
2753.432000
2753.463000
2753.486000
2753.491000
2753.495000
2753.549000
2762.725000
2778.604000
2785.232000
2791.390000
2792.203000
2792.621000
2792.710000
2792.772000
2792.944000
2793.779000
2793.792000
2793.792000
2794.348000
2798.225000
2798.507000
2798.645000
2798.768000
2798.825000
2798.889000
2798.889000
2798.889000
2798.934000
2799.117000
2800.593000
2803.706000
2805.832000
2807.595000
2807.937000
2807.980000
2808.003000
2808.216000
2808.530000
2808.769000
2808.844000
2809.088000
2809.443000
2809.611000
2809.635000
2809.681000
2809.775000
2809.830000
2812.277000
2813.032000
2813.288000
2813.411000
2813.544000
2814.935000
2815.699000
2816.141000
2816.314000
2816.354000
2816.371000
2816.371000
2817.130000
2821.946000
2823.406000
2823.569000
2825.973000
2829.784000
2836.657000
2846.162000
2853.920000
2860.541000
2871.398000
2883.854000
2894.675000
2900.409000
2902.538000
2903.114000
2903.590000
2903.626000
2903.823000
2904.171000
2904.171000
2904.272000
2906.183000
2910.070000
2921.557000
2929.957000
2935.689000
2942.945000
2954.571000
2962.933000
2968.435000
2974.271000
2976.970000
2977.274000
2988.256000
2993.754000
2994.824000
2994.905000
2996.901000
2997.239000
2997.300000
2997.336000
3000.799000
3002.812000
3003.677000
3003.974000
3006.346000
3010.075000
3011.017000
3011.297000
3011.298000
3011.305000
3011.305000
3011.305000
3011.719000
3015.932000
3020.285000
3022.757000
3027.639000
3033.610000
3042.260000
3051.526000
3059.352000
3066.411000
3068.430000
3068.577000
3068.587000
3068.722000
3068.963000
3069.065000
3069.130000
3069.148000
3069.160000
3069.160000
3069.160000
3069.161000
3069.161000
3069.212000
3069.250000
3069.472000
3070.019000
3072.714000
3078.574000
3087.050000
3092.950000
3094.936000
3095.390000
3095.396000
3095.398000
3095.418000
3095.453000
3095.578000
3095.924000
3096.181000
3096.683000
3097.012000
3099.767000
3102.238000
3105.700000
3106.694000
3106.941000
3106.997000
3107.007000
3107.012000
3107.150000
3107.181000
3107.553000
3108.631000
3112.359000
3118.519000
3131.136000
3135.577000
3144.472000
3147.998000
3152.621000
3153.755000
3153.792000
3153.826000
3154.272000
3154.314000
3154.334000
3154.336000
3154.337000
3154.424000
3154.450000
3154.459000
3157.958000
3159.088000
3159.364000
3159.408000
3159.411000
3159.434000
3159.446000
3159.449000
3159.452000
3159.515000
