0.011679
0.008879
0.006829
0.006835
0.008637
0.008185
0.004196
0.013650
0.011783
0.006395
0.010119
0.010402
0.008577
0.010120
0.011470
0.012928
0.020440
0.021718
0.013961
0.015524
0.015839
0.014874
0.006862
0.008849
0.011984
0.014076
0.008798
0.006734
0.004631
0.006493
0.009963
0.014765
0.017488
0.013955
0.016888
0.013445
0.013620
0.017422
0.015179
0.018034
0.018408
0.016696
0.014323
0.015761
0.013953
0.020815
0.019974
0.019622
0.022256
0.010109
0.014859
0.009051
0.008839
0.012315
0.008728
0.013608
0.007073
0.007423
0.013942
0.010488
0.011818
0.016241
0.015312
0.015959
0.012177
0.011849
0.007594
0.011273
0.011879
0.014892
0.010466
0.013649
0.009753
0.009489
0.008981
0.014224
0.016864
0.014712
0.009075
0.008702
0.006948
0.008535
0.009088
0.007914
0.009849
0.007542
0.011076
0.017954
0.007806
0.007957
0.018111
0.011044
0.009157
0.010058
0.007819
0.007580
0.006556
0.014042
0.010221
0.010724
0.017477
0.021245
0.023578
0.021331
0.009178
0.010389
0.012803
0.012987
0.014105
0.015189
0.010619
0.011678
0.011867
0.011782
0.014717
0.012526
0.013682
0.016951
0.010519
0.013355
0.011911
0.011215
0.009252
0.015856
0.011025
0.014821
0.012773
0.012552
0.011990
0.009524
0.009526
0.010514
0.013490
0.015609
0.019794
0.009109
0.008404
0.013949
0.012631
0.012513
0.012820
0.011817
0.011223
0.014751
0.027330
0.027527
0.018376
0.018528
0.011610
0.017094
0.014201
0.013113
0.008556
0.007091
0.016319
0.009240
0.013867
0.008965
0.015621
0.011099
0.014822
0.008477
0.010932
0.015958
0.021905
0.028524
0.026900
0.015545
0.020526
0.018972
0.018937
0.015823
0.012790
0.011881
0.008034
0.008070
0.009002
0.009397
0.010403
0.010971
0.010566
0.010299
0.013490
0.009760
0.006618
0.004855
0.010406
0.007898
0.011646
0.008306
0.013440
0.009263
0.008516
0.013529
0.005832
0.009688
0.006505
0.011910
0.012103
0.012013
0.019510
0.023554
0.011479
0.005191
0.007983
0.005194
0.006014
0.007069
0.006592
0.008153
0.013213
0.013739
0.012286
0.009991
0.008919
0.010334
0.013696
0.012005
0.015557
0.011081
0.008321
0.007834
0.006114
0.009168
0.014941
0.011642
0.010069
0.008367
0.018590
0.015750
0.016953
0.019954
0.013965
0.017886
0.013068
0.013055
0.023090
0.019950
0.020509
0.020576
0.027179
0.020193
0.017253
0.015972
0.014058
0.012873
0.011225
0.013550
0.007229
0.008946
0.013375
0.010048
0.013741
0.010210
0.010221
0.011447
0.011370
0.010135
0.012527
0.010079
0.010776
0.012445
0.013741
0.007171
0.014103
0.008313
0.012036
0.017502
0.019388
0.014800
0.023538
0.025899
0.018896
0.018034
0.018009
0.013613
0.013407
0.019128
0.017020
0.019387
0.032065
0.039050
0.037624
0.023884
0.027281
0.019551
0.033211
0.030133
0.017058
0.022809
0.018220
0.014527
0.017801
0.013027
0.019312
0.016167
0.015278
0.016006
0.011191
0.015769
0.011725
0.016269
0.016361
0.019605
0.019607
0.016143
0.006661
0.009570
0.010924
0.004533
0.003026
0.006255
0.006584
0.015544
0.006789
0.007956
0.004960
0.006999
0.005599
0.015416
0.016689
0.013805
0.009150
0.005644
0.004702
0.016304
0.023474
0.020097
0.013789
0.011046
0.014930
0.013588
0.014226
0.020471
0.010517
0.009498
0.017102
0.017444
0.016498
0.014052
0.007297
0.005604
0.009551
0.006309
0.011184
0.009271
0.012297
0.011080
0.012130
0.009586
0.013059
0.007293
0.007764
0.005910
0.008733
0.017171
0.011210
0.005708
0.005936
0.007247
0.007433
0.032728
0.019886
0.015997
0.014040
0.025840
0.022377
0.020772
0.020289
0.019476
0.014134
0.015734
0.011195
0.013949
0.010567
0.013651
0.014547
0.018810
0.011598
0.013450
0.017878
0.014682
0.011928
0.013988
0.010198
0.008374
0.016531
0.013571
0.013427
0.021516
0.017056
0.017864
0.019353
0.013440
0.008170
0.006017
0.010823
0.014008
0.019490
0.018650
0.016347
0.011456
0.009228
0.009387
0.013712
0.013559
0.021230
0.016947
0.019629
0.012850
0.010230
0.011357
0.005806
0.010693
0.011785
0.013728
0.024510
0.020889
0.020771
0.016619
0.011012
0.010185
0.015455
0.013746
0.014638
0.015122
0.010893
0.009371
0.009948
0.012063
0.013532
0.019507
0.022493
0.025059
0.012227
0.012053
0.010941
0.011302
0.014596
0.026376
0.024155
0.016858
0.008909
0.017944
0.026368
0.024811
0.022869
0.015346
0.009173
0.005277
0.002686
0.008952
0.008864
0.010900
0.015168
0.023573
0.022677
0.018386
0.009597
0.013330
0.016598
0.015830
0.019238
0.014104
0.012065
0.009960
0.010164
0.010848
0.014333
0.015708
0.018001
0.017859
0.017694
0.021571
0.027195
0.024894
0.017922
0.011035
0.011325
0.011399
0.016154
0.012418
0.015435
0.026481
0.026980
0.020388
0.016267
0.018072
0.024625
0.029241
0.019190
0.020540
0.020805
0.012137
0.012032
0.013498
0.008485
0.005486
0.003417
0.002641
0.009883
0.007053
0.012754
0.018518
0.017776
0.015609
0.025752
0.020797
0.018092
0.027364
0.021691
0.019674
0.025282
0.030773
0.027247
0.026428
0.014935
0.015601
0.016656
0.010041
0.010132
0.015368
0.025182
0.031271
0.032984
0.026774
0.017337
0.014347
0.011296
0.008022
0.013890
0.018814
0.031160
0.023829
0.015916
0.014611
0.017483
0.015046
0.011343
0.013956
0.015981
0.006859
0.027844
0.021473
0.015354
0.011396
0.008175
0.009571
0.007171
0.009136
0.009116
0.012025
0.017917
0.022660
0.012782
0.013842
0.003999
0.003913
0.005712
0.004246
0.006637
0.018228
0.017807
0.011737
0.008869
0.011014
0.013459
0.008501
0.014598
0.014066
0.005630
0.014719
0.014355
0.016225
0.021100
0.018853
0.019517
0.013299
0.011014
0.010648
0.010955
0.011256
0.011959
0.015717
0.013737
0.012971
0.011491
0.014856
0.015398
0.015356
0.017500
0.018692
0.016672
0.016445
0.016603
0.016877
0.022733
0.016836
0.024290
0.020977
0.012311
0.012845
0.012786
0.016865
0.014203
0.009523
0.019882
0.022439
0.015207
0.020592
0.015490
0.029202
0.023935
0.030262
0.025705
0.013921
0.017260
0.025174
0.031256
0.017390
0.014562
0.015138
0.018006
0.013287
0.009927
0.020810
0.021214
0.016768
0.013482
0.024712
0.021349
0.024872
0.019006
0.016451
0.009859
0.014142
0.014478
0.010296
0.011422
0.014716
0.017583
0.022112
0.026595
0.031072
0.020896
0.039070
0.036255
0.027922
0.018330
0.013247
0.005622
0.005359
0.005274
0.011587
0.008916
0.007202
0.009737
0.036391
0.033329
0.017543
0.009257
0.011477
0.011552
0.013769
0.014418
0.016108
0.014448
0.010434
0.018958
0.017464
0.014525
0.019468
0.017323
0.014528
0.011867
0.010658
0.008369
0.025968
0.035848
0.025317
0.017676
0.015785
0.013473
0.008057
0.010983
0.009793
0.027179
0.034841
0.034431
0.035966
0.026870
0.021621
0.024964
0.017761
0.016232
0.014831
0.009307
0.007934
0.012031
0.009231
0.010005
0.014188
0.011140
0.012263
0.015218
0.011858
0.011140
0.009960
0.014532
0.018107
0.014054
0.012603
0.011851
0.012538
0.012773
0.010704
0.015175
0.013428
0.012189
0.013433
0.009403
0.010021
0.010854
0.014585
0.015601
0.013882
0.013367
0.015162
0.016638
0.014760
0.012574
0.015156
0.022852
0.017968
0.017773
0.017825
0.009376
0.008715
0.006443
0.010784
0.006279
0.003793
0.003340
0.004284
0.003919
0.006975
0.008636
0.009686
0.010555
0.014768
0.019893
0.017133
0.013260
0.013167
0.018651
0.019710
0.018055
0.018756
0.020262
0.020393
0.016558
0.013609
0.003692
0.013226
0.010078
0.012640
0.006796
0.007190
0.012018
0.011197
0.006791
0.010223
0.018351
0.015996
0.012804
0.009266
0.013537
0.012846
0.014469
0.010943
0.008685
0.007727
0.007533
0.007233
0.007236
0.007239
0.007245
0.007250
0.007591
0.007224
0.008592
0.010456
0.017432
0.016104
0.014548
0.018115
0.017398
0.009257
0.004927
0.017270
0.010347
0.009327
0.015334
0.010368
0.019708
0.021103
0.013738
0.014246
0.017602
0.020864
0.009878
0.015699
0.009804
0.012956
0.012074
0.007629
0.008998
0.008998
0.008637
0.008655
0.014646
0.019220
0.018130
0.014829
0.018938
0.015453
0.013085
0.020622
0.020125
0.014925
0.011702
0.007334
0.007049
0.009700
0.014317
0.012782
0.011375
0.011824
0.013407
0.015111
0.015461
0.017288
0.016462
0.008903
0.010961
0.008904
0.008571
0.008943
0.009880
0.015810
0.017973
0.015379
0.023698
0.018410
0.014357
0.009758
0.011118
0.012416
0.016059
0.011084
0.013082
0.010818
0.017527
0.011887
0.012793
0.009363
0.007587
0.011136
0.011251
0.010875
0.012199
0.018253
0.005594
0.005659
0.005615
0.009894
0.008951
0.008760
0.011027
0.010063
0.006279
0.006458
0.009542
0.009311
0.008545
0.004861
0.006535
0.006067
0.004114
0.008838
0.016308
0.022180
0.022770
0.020257
0.017537
0.010354
0.010014
0.012349
0.013581
0.013561
0.014096
0.017650
0.017057
0.012276
0.013366
0.011204
0.009969
0.019053
0.025566
0.014519
0.018077
0.010262
0.006596
0.019361
0.017702
0.018083
0.017834
0.012049
0.013499
0.011505
0.008486
0.014918
0.014617
0.017332
0.012044
0.018145
0.008813
0.005830
0.004926
0.003666
0.008534
0.008615
0.018772
0.017923
0.003508
0.003452
0.005193
0.010972
0.012286
0.008526
0.005172
0.008713
0.011104
0.009488
0.005389
0.007950
0.011851
0.012275
0.009024
0.006737
