4.96682
5.87921
7.2766
7.33779
8.07449
9.12836
10.5407
11.4568
12.8076
13.7752
14.7512
15.9294
17.3061
18.7307
19.8166
20.3572
21.3922
22.2438
23.3507
24.662
25.609
27.0253
27.7222
28.9458
29.4337
29.7461
30.9524
31.4658
32.9083
33.8486
34.4851
35.4278
36.4134
37.3372
38.3723
39.7912
40.3459
41.5881
42.1309
43.3292
44.3692
45.2356
45.7815
46.9987
47.5572
48.7696
48.859
49.4904
50.4224
51.7951
52.9492
54.1694
55.0561
55.7115
56.161
57.1686
58.0876
59.4824
60.0865
60.8259
62.2878
63.7379
64.2024
65.4009
65.9689
67.1849
67.7545
68.9419
69.4602
70.1843
71.4667
72.0906
73.21
73.8145
74.9802
75.7478
76.7325
77.2072
78.1848
79.2203
79.7571
80.9557
81.4898
82.6546
83.8416
84.9805
86.0412
87.5396
88.6194
89.7323
90.8368
92.2975
93.9862
95.3455
95.8045
96.7685
97.6269
98.3058
99.4543
99.9715
101.198
102.005
102.62
103.548
104.606
105.89
106.839
108.222
109.215
110.182
111.491
112.565
112.828
113.819
114.476
115.621
116.195
116.581
117.507
118.12
118.992
119.761
120.54
121.831
122.66
123.448
124.373
125.29
125.458
126.36
127.727
128.357
128.939
130.18
130.695
131.541
132.601
132.754
134.022
134.541
135.358
136.544
136.752
138.17
138.766
140.147
141.798
142.949
143.716
144.582
145.37
146.543
147.373
148.597
149.64
151.034
151.866
153.026
153.611
154.756
155.462
156.547
157.16
158.606
159.105
160.17
161.424
162.213
162.434
162.728
163.646
165.17
166.558
167.219
168.476
169.788
170.576
171.485
172.973
174.181
174.683
175.803
177.231
178.253
178.802
180.033
180.58
181.875
182.387
183.612
184.231
184.744
185.419
185.949
187.192
188.099
188.932
190.37
191.818
192.788
194.283
195.952
197.013
198.32
199.332
200.537
201.972
203.32
204.54
205.244
206.473
207.887
208.754
209.835
210.772
211.917
213.007
214.436
215.712
216.713
218.096
219.547
220.929
221.761
223.084
224.24
225.337
226.173
228.354
229.751
231.122
232.269
233.259
233.988
235.031
236.231
237.405
238.357
239.567
240.147
241.366
242.724
243.81
244.018
244.956
245.754
246.341
246.706
248.086
248.748
248.827
250.01
250.329
251.603
252.145
253.365
253.882
255.148
255.803
256.948
257.513
258.219
259.63
260.523
261.448
262.901
263.839
264.85
266.509
267.978
269.1
269.26
269.802
271.242
272.048
272.517
273.227
274.204
275.194
275.464
276.337
277.791
278.554
279.154
281.143
281.401
282.269
283.678
284.589
285.396
286.739
287.224
288.469
289.047
290.241
290.78
292.145
292.409
294.373
295.775
296.969
297.553
297.753
299.386
300.619
302.124
303.52
304.584
306.416
307.587
308.545
309.581
311.051
313.102
317.871
319.231
321.625
323.213
325.017
325.999
326.761
327.771
328.307
329.574
330.711
331.934
333.327
334.717
335.349
336.75
339.216
340.613
340.944
341.63
341.782
341.924
343.185
344.297
344.981
345.943
346.896
347.578
348.982
349.789
350.425
351.502
352.481
353.818
354.721
356.147
357.577
361.03
362.359
363.245
365.112
367.393
368.603
369.913
370.813
371.385
372.663
374.099
383.882
385.985
387.47
388.6
390
390.65
391.766
392.183
393.601
394.367
394.51
395.935
396.985
398.139
399.081
399.771
400.94
402.349
402.935
403.959
404.706
405.741
406.717
407.821
408.817
411.824
413.13
414.236
415.62
416.204
417.443
417.813
419.022
419.915
420.798
421.619
422.746
423.767
425.187
426.377
427.623
428.612
429.348
430.775
431.59
432.728
433.785
434.552
442.488
443.793
445.407
448.403
450.273
451.396
454.061
455.888
457.315
458.714
459.966
461.304
462.248
463.918
465.143
465.62
466.924
468.282
469.734
471.188
471.993
472.924
474.257
474.849
475.492
476.878
478.28
478.928
479.86
480.8
481.777
482.585
483.499
484.399
487.396
489.614
490.736
491.921
492.814
493.764
494.618
496.031
497.468
498.117
499.281
500.021
500.991
501.977
502.843
503.1
504.554
505.351
505.974
508.002
509.442
510.137
511.552
512.14
512.765
512.948
513.089
513.223
514.514
515.497
516.036
517.459
518.65
519.788
521.227
522.726
523.991
525.365
526.275
527.211
528.507
529.927
530.966
531.796
532.737
533.646
534.38
537
539.132
540.489
541.754
542.718
543.952
544.56
545.737
547.176
548.035
549.441
550.369
551.246
552.493
552.994
553.401
554.783
555.569
556.437
557.815
558.768
559.511
560.225
561.203
562.347
563.017
564.364
565.825
567.044
568.367
569.759
571.209
572.288
573.471
574.013
575.444
576.133
576.981
578.363
581.139
582.215
583.574
584.561
585.98
586.748
587.593
588.516
589.471
590.393
591.253
597.312
599.972
603.648
605.028
605.36
606.704
608.2
608.716
609.632
609.83
611.238
612.038
612.997
614.167
615.359
616.737
618.137
618.949
620.365
621.396
622.244
623.646
625.992
627.314
628.125
629.447
629.529
630.735
632.11
633.182
634.426
637.027
638.446
639.902
641.438
642.149
643.531
644.585
646.017
646.513
647.932
648.203
649.596
651.007
651.73
652.642
653.582
654.763
656.121
657.513
658.119
659.498
660.535
661.457
662.275
663.41
664.268
665.032
666.144
666.769
668.001
668.532
669.595
670.629
672.014
672.774
674.2
674.966
675.371
676.767
677.042
678.453
679.117
680.465
680.711
682.088
683.218
683.375
684.737
685.945
686.888
687.743
688.564
689.734
690.486
691.493
692.234
693.385
695.674
696.996
697.776
699.106
700.514
701.44
702.737
704.117
705.501
706.535
707.896
709.293
710.33
711.533
712.347
713.201
714.003
715.488
716.544
720.579
722.006
723.384
724.151
725.652
726.664
728.508
729.839
730.784
733.101
743.084
750.846
753.783
755.221
756.626
757.905
758.754
760.165
761.556
761.934
762.693
764.133
764.817
765.494
766.289
767.108
768.511
769.374
770.783
771.366
772.676
784.082
785.378
786.771
787.963
788.574
789.972
791.375
795.361
797.46
798.646
803.605
805.444
806.837
816.498
817.77
819.199
819.893
821.097
821.95
822.728
823.463
824.876
826.145
827.342
828.242
828.515
829.939
830.474
831.876
832.949
833.778
834.267
835.744
836.536
837.595
838.977
840.361
841.127
841.957
843.301
844.222
844.984
845.88
846.734
847.617
848.535
849.97
850.193
851.377
852.759
853.52
854.506
855.36
856.76
858.151
859.341
860.429
861.81
862.784
863.372
864.755
865.488
867.184
868.583
869.981
871.378
872.231
873.507
875.42
876.819
877.512
878.918
879.045
879.331
880.711
881.246
882.631
883.621
884.202
885.621
886.295
887.749
888.237
888.735
889.883
891.29
892.574
893.669
895.056
895.919
897.019
898.424
899.197
900.54
901.963
903.017
903.954
905.016
906.428
906.666
907.018
908.577
909.3
909.366
909.465
909.525
909.601
909.697
909.763
909.823
909.923
910.002
911.377
912.559
913.932
914.259
915.195
916.572
917.359
918.116
919.199
920.564
921.935
922.873
924.663
925.198
926.604
927.981
929.192
930.575
931.961
933.059
934.456
935.754
936.017
937.423
939.101
940.338
940.43
940.517
940.577
941.974
944.121
945.506
946.462
947.465
948.844
949.235
950.668
952.048
952.973
954.355
955.506
956.722
957.124
958.601
959.974
961.364
961.857
963.18
963.769
964.709
965.084
966.248
967.564
968.959
970.336
971.533
972.287
973.726
975.132
976.348
977.493
978.952
980.338
981.729
983.128
984.481
985.873
987.221
988.503
989.83
991.208
992.626
993.759
995.183
995.86
996.936
998.336
999.715
1000.12
1001.5
1002.95
1005
1005.05
1005.12
1006.74
1007.54
1008.57
1009.72
1010.71
1012.1
1013.5
1014.82
1016.2
1017.22
1018.55
1019.78
1020.88
1022.28
1023.76
1026.49
1028.16
1032.41
1033.79
1035.21
1036.55
1037.35
1038.1
1039.1
1040.03
1040.97
1042.05
1042.96
1043.92
1045.55
1047.34
1049.05
1050.29
1052.22
1053.53
1055.01
1056.77
1057.91
1059.63
1061.01
1062.45
1063.34
1064.18
1065.34
1067.46
1067.73
1069.14
1070.26
1071.67
1072.63
1074.01
1075.22
1077.27
1078.69
1080.06
1081.67
1082.95
1083.78
1085.25
1086.03
1087.46
1088.08
1089.47
1090.89
1092.28
1093.47
1094.54
1095.46
1096.89
1098.51
1099.93
1100.7
1101.63
1103.1
1104.68
