0.003095
0.003656
0.003899
0.004155
0.004333
0.004167
0.005346
0.006089
0.006811
0.006846
0.007407
0.008048
0.008995
0.008289
0.009631
0.009936
0.007808
0.008098
0.008781
0.009438
0.008857
0.009678
0.011151
0.012277
0.012646
0.012428
0.012909
0.013011
0.012901
0.013430
0.014533
0.016286
0.015004
0.015915
0.016420
0.017087
0.014727
0.014522
0.014886
0.014330
0.011633
0.012549
0.013098
0.012485
0.013168
0.010777
0.010447
0.009180
0.009038
0.009860
0.009622
0.010593
0.010963
0.010787
0.011146
0.010709
0.010827
0.010860
0.011229
0.013470
0.016548
0.015735
0.016312
0.019224
0.020924
0.021253
0.022044
0.022420
0.022914
0.022779
0.020857
0.020146
0.020839
0.017954
0.019264
0.013654
0.013737
0.013955
0.014987
0.015532
0.014798
0.015424
0.015128
0.015970
0.014373
0.015541
0.019984
0.020783
0.022198
0.022268
0.022042
0.027531
0.027159
0.025461
0.025216
0.023673
0.024283
0.021858
0.020201
0.018023
0.018825
0.015341
0.015431
0.012709
0.013104
0.016183
0.016770
0.019351
0.016375
0.017434
0.017883
0.021247
0.020554
0.020601
0.020678
0.020763
0.019112
0.019012
0.019461
0.017837
0.018779
0.016771
0.013873
0.014719
0.016904
0.013521
0.014593
0.014588
0.014360
0.010888
0.010768
0.011228
0.011044
0.011273
0.011407
0.011816
0.015258
0.014958
0.014802
0.019735
0.017634
0.020291
0.020097
0.021503
0.020662
0.021956
0.019886
0.021541
0.022636
0.022767
0.023797
0.025324
0.028767
0.028340
0.031555
0.031841
0.035183
0.034990
0.033178
0.034825
0.031622
0.032356
0.031360
0.031075
0.031123
0.031058
0.031811
0.026950
0.026961
0.025381
0.025018
0.022660
0.017829
0.017865
0.016497
0.015047
0.014078
0.012505
0.014808
0.015338
0.014946
0.017323
0.019614
0.021028
0.020891
0.024718
0.025793
0.027762
0.028428
0.026862
0.028610
0.028649
0.029292
0.029942
0.026231
0.024121
0.028054
0.029261
0.030824
0.031977
0.037568
0.042247
0.041327
0.040745
0.033721
0.033267
0.033136
0.026980
0.024640
0.024874
0.019716
0.018132
0.014188
0.013433
0.015063
0.013363
0.013510
0.013781
0.011812
0.013077
0.018488
0.019186
0.019985
0.020078
0.018711
0.024833
0.027225
0.028737
0.033248
0.033980
0.034771
0.038257
0.036689
0.038758
0.036501
0.037756
0.036145
0.037236
0.032349
0.028506
0.029560
0.026890
0.023275
0.023007
0.020598
0.020724
0.021034
0.021372
0.020545
0.017915
0.017462
0.017399
0.017574
0.020115
0.020144
0.022795
0.023179
0.026442
0.026953
0.030112
0.029389
0.027598
0.024936
0.025846
0.026275
0.029976
0.034636
0.034339
0.040385
0.040691
0.040237
0.040101
0.035568
0.036914
0.035876
0.030284
0.029030
0.030205
0.027637
0.027463
0.034998
0.036047
0.039438
0.039907
0.046172
0.045880
0.044617
0.044889
0.049325
0.049379
0.045438
0.044380
0.046757
0.045834
0.045702
0.045587
0.043354
0.042863
0.039882
0.039956
0.043897
0.043555
0.043367
0.046206
0.046414
0.047103
0.045258
0.045555
0.042060
0.043463
0.040715
0.040854
0.041512
0.041765
0.037192
0.039299
0.038043
0.039608
0.034345
0.034112
0.033297
0.026405
0.028667
0.029777
0.029214
0.029493
0.028429
0.028939
0.029125
0.028124
0.036354
0.036029
0.028594
0.026865
0.026826
0.028846
0.029217
0.019877
0.020282
0.018419
0.017980
0.016630
0.022044
0.022304
0.027447
0.028892
0.033458
0.031164
0.030462
0.030733
0.032883
0.040998
0.040728
0.046645
0.047114
0.051692
0.053176
0.053922
0.054139
0.050004
0.049914
0.051003
0.047663
0.048651
0.040785
0.040904
0.039044
0.032091
0.032052
0.026812
0.027115
0.024388
0.025333
0.025701
0.023771
0.024006
0.022751
0.023176
0.019538
0.018069
0.017744
0.013954
0.017483
0.016401
0.020532
0.021207
0.026056
0.031167
0.035193
0.025692
0.024007
0.024841
0.021717
0.020422
0.018037
0.019252
0.019353
0.022282
0.022167
0.025048
0.026124
0.027492
0.027305
0.027083
0.026787
0.034492
0.034344
0.033844
0.034316
0.039107
0.041555
0.041016
0.041793
0.046893
0.049289
0.040814
0.042237
0.039466
0.032669
0.032423
0.028069
0.028405
0.027970
0.022314
0.024884
0.026906
0.023325
0.018824
0.019894
0.024201
0.024538
0.027252
0.022504
0.022609
0.021509
0.021392
0.025274
0.026392
0.034049
0.027691
0.027149
0.033137
0.033719
0.030960
0.041390
0.035238
0.034612
0.034729
0.027899
0.027930
0.026434
0.031808
0.032740
0.034573
0.035179
0.034249
0.033922
0.027820
0.025693
0.025294
0.024959
0.026703
0.026195
0.024468
0.030870
0.027185
0.027650
0.027853
0.027158
0.029544
0.029660
0.029581
0.031116
0.033458
0.032656
0.034369
0.034262
0.038081
0.035383
0.035162
0.035334
0.025539
0.025913
0.027422
0.021792
0.023658
0.023814
0.019617
0.023834
0.027568
0.026642
0.032520
0.033964
0.027552
0.027874
0.027745
0.022961
0.023483
0.019386
0.024232
0.024104
0.026110
0.025496
0.028871
0.027091
0.027391
0.027361
0.027000
0.025041
0.025752
0.022407
0.026737
0.026392
0.023496
0.022854
0.020132
0.021113
0.021264
0.031650
0.027155
0.026882
0.027081
0.027385
0.019448
0.019673
0.018363
0.024383
0.027548
0.027466
0.024475
0.025560
0.034039
0.033708
0.033226
0.033186
0.032516
0.032111
0.029885
0.029945
0.029182
0.027578
0.032682
0.033316
0.038564
0.033332
0.028193
0.028865
0.025434
0.023428
0.032788
0.032531
0.032407
0.033240
0.032138
0.029166
0.029404
0.025039
0.021528
0.020905
0.029038
0.029679
0.028484
0.029444
0.030517
0.028740
0.028707
0.025118
0.023590
0.021908
0.022105
0.020289
0.017564
0.017261
0.021410
0.022539
0.025931
0.025222
0.023502
0.024173
0.027353
0.027218
0.027585
0.026894
0.027779
0.029891
0.028892
0.035464
0.030150
0.028251
0.027196
0.025716
0.025779
0.020864
0.025587
0.022542
0.022080
0.018216
0.024285
0.024071
0.027505
0.028419
0.033310
0.032674
0.033104
0.031716
0.029756
0.030233
0.029528
0.029716
0.027878
0.030064
0.029714
0.031534
0.030529
0.028839
0.027675
0.023970
0.024839
0.023608
0.018386
0.017403
0.021510
0.021611
0.018768
0.021843
0.022415
0.026180
0.031485
0.031937
0.039140
0.037472
0.036472
0.029157
0.029708
0.025294
0.022539
0.025746
0.025328
0.024410
0.030018
0.020748
0.021438
0.025137
0.020571
0.025347
0.030861
0.035794
0.034340
0.041530
0.044270
0.040165
0.040661
0.047794
0.048629
0.055577
0.054565
0.054435
0.057940
0.053750
0.060271
0.052645
0.048681
0.042573
0.039998
0.032168
0.033807
0.033174
0.032848
0.032372
0.032804
0.031545
0.032851
0.032917
0.036109
0.032985
0.034602
0.041277
0.040458
0.041261
0.050341
0.040900
0.038934
0.033127
0.031776
0.032495
0.038455
0.046633
0.040212
0.044343
0.048232
0.039021
0.033829
0.034427
0.027474
0.028051
0.023488
0.019803
0.018970
0.015412
0.016862
0.015821
0.015553
0.019794
0.021059
0.020288
0.024801
0.024153
0.016148
0.016021
0.019724
0.020583
0.022931
0.020648
0.020624
0.016277
0.016206
0.015494
0.015702
0.015565
0.012973
0.015665
0.016192
0.013688
0.016433
0.021102
0.025069
0.024616
0.024970
0.020496
0.021388
0.016723
0.016211
0.016155
0.016433
0.016518
0.019409
0.023045
0.026067
0.026083
0.023442
0.023318
0.016936
0.020961
0.016965
0.014708
0.014303
0.017180
0.020158
0.026899
0.027504
0.029029
0.029391
0.029033
0.022115
0.027871
0.027516
0.029102
0.029482
0.036198
0.035862
0.029302
0.029382
0.030581
0.026852
0.019669
0.017197
0.022009
0.014648
0.013652
0.013954
0.017271
0.016739
0.024549
0.021141
0.021286
0.020534
0.016896
0.017112
0.017528
0.017202
0.012093
0.018194
0.016737
0.017970
0.016695
0.017261
0.017440
0.017148
0.017512
0.017232
0.018088
0.017054
0.016708
0.013852
0.014946
0.019952
0.016055
0.023656
0.022804
0.023880
0.016122
0.014043
0.013769
0.014147
0.013487
0.017762
0.021836
0.025717
0.021140
0.021033
0.022355
0.025656
0.024574
0.023725
0.016974
0.014504
0.017703
0.017682
0.017152
0.017196
0.020631
0.023640
0.018446
0.019006
0.023044
0.019818
0.015996
0.017322
0.018019
0.021487
0.021306
0.017328
0.020611
0.021070
0.025657
0.017034
0.021021
0.020865
0.017452
0.017076
0.020624
0.019255
0.020515
0.023147
0.023293
0.020251
0.014315
0.013944
0.015822
0.016812
0.017147
0.020191
0.020192
0.018065
0.021179
0.022042
0.017356
0.019814
0.019582
0.027278
0.022042
0.020202
0.021322
0.021524
0.017931
0.017330
0.020602
0.016983
0.019778
0.019996
0.017025
0.021603
0.017163
0.016474
0.017127
0.016726
0.017565
0.020293
0.019790
0.024649
0.023975
0.023654
0.026050
0.027510
0.023106
0.024562
0.023029
0.023325
0.033926
0.034138
0.042202
0.046567
0.044308
0.036266
0.029588
0.033477
0.034202
0.028726
0.031511
0.031807
0.026268
0.026088
0.016668
0.021169
0.020890
0.021458
0.021852
0.017037
0.017176
0.021589
0.022933
0.024314
0.024043
0.023941
0.022678
0.023947
0.020628
0.019318
0.020454
0.020336
0.019586
0.020472
0.018118
0.018170
0.019581
0.019488
0.019893
0.017096
0.017421
0.016751
0.021207
0.016525
0.016477
0.020948
0.027917
0.024971
0.024286
0.024744
0.020863
0.020292
0.021031
0.020796
0.021289
0.024992
0.025039
0.025207
0.021571
0.021449
0.022026
0.017459
