0.007537
0.007897
0.007478
0.006929
0.006423
0.007035
0.007439
0.008042
0.008614
0.005647
0.006755
0.009833
0.005670
0.006865
0.006407
0.007459
0.008779
0.009169
0.006466
0.008364
0.008173
0.008563
0.006603
0.007452
0.008581
0.009167
0.006572
0.009185
0.006322
0.006511
0.008481
0.007954
0.008008
0.006902
0.007339
0.007438
0.008251
0.007047
0.007051
0.007528
0.007822
0.006907
0.007052
0.008115
0.007587
0.007622
0.006279
0.009129
0.010652
0.006606
0.010069
0.008186
0.007622
0.008128
0.006810
0.008647
0.005676
0.007691
0.010059
0.009182
0.008770
0.007761
0.007761
0.006693
0.007323
0.007638
0.007648
0.006605
0.008259
0.008292
0.007008
0.007809
0.007562
0.008478
0.006446
0.008881
0.008205
0.008398
0.006931
0.007696
0.005877
0.006896
0.006876
0.007839
0.008326
0.007544
0.008820
0.009039
0.007610
0.008727
0.010219
0.008358
0.006370
0.006548
0.006881
0.007466
0.007756
0.008511
0.007695
0.008337
0.010208
0.009056
0.008630
0.006661
0.006490
0.008309
0.008519
0.007576
0.007629
0.006306
0.006270
0.006316
0.008360
0.006271
0.009081
0.007969
0.007548
0.009012
0.007491
0.007553
0.007122
0.006825
0.006362
0.008867
0.005849
0.007069
0.007427
0.006013
0.007173
0.009046
0.007091
0.006213
0.007098
0.007974
0.008928
0.006593
0.007264
0.008369
0.006442
0.006747
0.007755
0.008028
0.007217
0.006983
0.010325
0.008033
0.008743
0.007364
0.007297
0.007692
0.008137
0.008536
0.007871
0.008037
0.009925
0.007038
0.008331
0.006861
0.009339
0.007235
0.008796
0.006210
0.006146
0.006671
0.006527
0.009062
0.008799
0.006160
0.009285
0.008240
0.009699
0.007219
0.007658
0.006311
0.008704
0.007372
0.007667
0.007893
0.006746
0.006117
0.007598
0.008576
0.009068
0.007539
0.009174
0.007686
0.009265
0.007445
0.009317
0.007318
0.009144
0.007544
0.007366
0.009645
0.009833
0.009486
0.006378
0.008636
0.008664
0.007908
0.009116
0.009362
0.009136
0.006860
0.008700
0.010949
0.007849
0.008847
0.006455
0.008205
0.009910
0.009860
0.010569
0.009704
0.008655
0.009590
0.008631
0.005692
0.008668
0.008098
0.005607
0.006501
0.005988
0.009276
0.010216
0.006926
0.006696
0.005990
0.009601
0.006987
0.005802
0.009288
0.006493
0.008594
0.007773
0.006984
0.010326
0.007010
0.007885
0.007292
0.010088
0.006542
0.007881
0.007441
0.009358
0.007186
0.007877
0.009502
0.007239
0.006060
0.010224
0.007941
0.009466
0.007694
0.008650
0.006616
0.009073
0.007061
0.009299
0.007714
0.006083
0.006524
0.008647
0.009114
0.008733
0.008803
0.007344
0.008902
0.008567
0.007589
0.008582
0.006712
0.006585
0.007357
0.007465
0.007843
0.007923
0.008968
0.007822
0.006684
0.009956
0.007909
0.009343
0.008162
0.008243
0.005488
0.010222
0.009186
0.007441
0.008757
0.007230
0.007223
0.008058
0.008211
0.006435
0.009283
0.007643
0.009089
0.009816
0.006255
0.008799
0.007053
0.006598
0.008987
0.005413
0.009586
0.008945
0.009300
0.008209
0.008540
0.007274
0.008365
0.009902
0.005923
0.009689
0.010316
0.010609
0.011247
0.008857
0.008840
0.008061
0.007712
0.005965
0.007587
0.006800
0.008443
0.009045
0.007633
0.008065
0.008953
0.010418
0.008766
0.006932
0.007997
0.007552
0.007346
0.009109
0.008945
0.008719
0.007439
0.006888
0.006765
0.008336
0.006395
0.008620
0.005521
0.008889
0.008800
0.008094
0.006122
0.008343
0.010661
0.009685
0.010219
0.009487
0.009255
0.008841
0.005750
0.008725
0.009909
0.006088
0.012388
0.010034
0.010894
0.009221
0.008898
0.007756
0.006743
0.007390
0.007899
0.007185
0.008835
0.006401
0.008068
0.007096
0.007203
0.008000
0.009724
0.007730
0.007496
0.006857
0.007310
0.007821
0.008653
0.009672
0.007825
0.009605
0.009817
0.009202
0.009671
0.007571
0.007923
0.007551
0.009948
0.008620
0.007485
0.008551
0.009088
0.008857
0.007415
0.009266
0.006359
0.007679
0.009032
0.005884
0.006342
0.009041
0.006702
0.009807
0.009024
0.011676
0.011408
0.008545
0.010639
0.009927
0.010917
0.012027
0.012185
0.011274
0.008717
0.008360
0.006453
0.010782
0.008910
0.009060
0.007617
0.007591
0.009959
0.006546
0.006446
0.008279
0.008834
0.007658
0.010145
0.005872
0.009817
0.009418
0.006675
0.007234
0.008141
0.008874
0.007596
0.007855
0.008789
0.010678
0.007807
0.009650
0.008693
0.008958
0.007088
0.008410
0.011073
0.008492
0.008388
0.007753
0.007240
0.008326
0.007656
0.006039
0.007146
0.007005
0.006514
0.008734
0.009742
0.009283
0.008234
0.008916
0.007584
0.007566
0.006717
0.009630
0.009746
0.008891
0.007694
0.008153
0.007709
0.009288
0.007476
0.006199
0.008714
0.010831
0.008477
0.008560
0.008845
0.009779
0.007559
0.005666
0.007968
0.008934
0.008837
0.008684
0.011328
0.009177
0.006232
0.007150
0.007018
0.004982
0.007239
0.008303
0.006431
0.009529
0.007695
0.007798
0.007858
0.008026
0.007402
0.008709
0.008799
0.008585
0.010267
0.009003
0.007242
0.008820
0.009095
0.006099
0.009513
0.008815
0.009915
0.009588
0.006443
0.009278
0.007684
0.008845
0.008137
0.008971
0.009955
0.006204
0.008376
0.009569
0.009983
0.006847
0.005907
0.008471
0.007461
0.006311
0.006047
0.008596
0.007687
0.005828
0.007860
0.006849
0.008459
0.011536
0.009512
0.007657
0.007819
0.006572
0.008318
0.009219
0.009837
0.009852
0.006437
0.007681
0.006936
0.007329
0.008903
0.006865
0.009508
0.006861
0.007250
0.007280
0.010252
0.007227
0.008184
0.006701
0.010200
0.008807
0.008576
0.007370
0.005683
0.005175
0.012686
0.009375
0.006444
0.007769
0.008607
0.009516
0.007396
0.004681
0.008868
0.005517
0.008954
0.005995
0.006679
0.007067
0.007158
0.008625
0.008522
0.005762
0.006269
0.005539
0.008742
0.009192
0.008994
0.007560
0.008086
0.009825
0.006362
0.009080
0.006806
0.005484
0.007222
0.006249
0.008125
0.007011
0.007103
0.007860
0.010160
0.006828
0.008024
0.006947
0.010188
0.006974
0.009099
0.007876
0.002980
0.003201
0.007828
0.009702
0.007191
0.007214
0.006894
0.008595
0.007954
0.005613
0.008816
0.009383
0.007217
0.008012
0.008682
0.006072
0.008767
0.009774
0.008663
0.007178
0.008397
0.007678
0.007557
0.008594
0.008062
0.008569
0.009523
0.006598
0.009979
0.008072
0.011491
0.009655
0.007372
0.009429
0.009063
0.007706
0.005852
0.007579
0.008996
0.007639
0.007696
0.008207
0.010576
0.010417
0.010610
0.009237
0.007149
0.007752
0.010223
0.008758
0.006393
0.007182
0.008259
0.008166
0.008852
0.007357
0.008916
0.009070
0.007434
0.005924
0.006898
0.005320
0.009232
0.007134
0.011202
0.010267
0.008760
0.007565
0.008576
0.009053
0.009049
0.011092
0.009204
0.008259
0.012099
0.008945
0.006737
0.013201
0.008290
0.007035
0.008968
0.006715
0.007384
0.008317
0.005814
0.007617
0.007994
0.005715
0.007855
0.006956
0.008863
0.005318
0.006122
0.005493
0.009064
0.008094
0.008886
0.008367
0.010244
0.008660
0.006930
0.008712
0.007839
0.008576
0.009558
0.008177
0.008809
0.009321
0.009887
0.008760
0.007732
0.007795
0.008680
0.008174
0.008498
0.008964
0.006702
0.009437
0.008688
0.009867
0.011091
0.008143
0.008157
0.006016
0.005958
0.007878
0.007428
0.006663
0.007362
0.006679
0.007179
0.010675
0.005916
0.006821
0.007255
0.006876
0.006914
0.005532
0.007254
0.009264
0.009273
0.007697
0.007233
0.006488
0.009494
0.009055
0.007800
0.005344
0.009427
0.005453
0.006136
0.008881
0.005496
0.007700
0.008612
0.005401
0.007273
0.010089
0.008694
0.007046
0.007468
0.006638
0.007625
0.007527
0.005743
0.005727
0.007680
0.006815
0.007515
0.007579
0.007604
0.006799
0.007043
0.007360
0.007423
0.007629
0.006088
0.009871
0.009141
0.006576
0.008608
0.009567
0.003089
0.004775
0.010606
0.007480
0.006719
0.009356
0.006415
0.009680
0.010226
0.007672
0.008938
0.007638
0.009884
0.005665
0.010134
0.007463
0.006936
0.005907
0.007453
0.007178
0.007648
0.006724
0.006912
0.009524
0.009499
0.009068
0.006625
0.007156
0.007748
0.008698
0.009484
0.008943
0.009945
0.007957
0.005983
0.007426
0.006351
0.009682
0.008001
0.007746
0.007737
0.005073
0.007997
0.007118
0.009018
0.009122
0.007739
0.008895
0.007914
0.006111
0.002807
0.002846
0.008443
0.008477
0.007458
0.010815
0.008494
0.008840
0.006354
0.002688
0.003195
0.008012
0.005751
0.005799
0.009259
0.009509
0.007659
0.010239
0.007807
0.007738
0.005413
0.005612
0.002597
0.002676
0.006053
0.003366
0.003515
0.003380
0.008979
0.007817
0.007575
0.003736
0.005272
0.003563
0.005027
0.008391
0.008730
0.008098
0.002902
0.003961
0.005505
0.003258
0.006540
0.014064
0.010248
0.011454
0.010680
0.009537
0.006150
0.007577
0.006432
0.006928
0.006934
0.007127
0.007554
0.005514
0.006285
0.005503
0.005603
0.003599
0.007121
0.008492
0.008795
0.010000
0.005249
0.003774
0.009672
0.009398
0.007062
0.008054
0.007530
0.003111
0.007814
0.004399
0.008651
0.007151
0.007536
0.007280
0.008789
0.003930
0.004086
0.003578
0.004607
0.007579
0.007673
0.008821
0.007455
0.003791
0.004332
0.003080
0.002683
0.002668
0.005998
0.003443
0.008037
0.002655
0.007506
0.004727
0.007870
0.003501
0.002728
0.004472
0.004276
