0.000000
0.000000
0.100000
0.600000
1.126667
1.726667
2.302111
3.274366
4.239491
5.225515
6.214297
7.203486
8.194001
9.248788
10.220322
11.077891
11.997336
12.975651
13.953078
14.837582
15.669128
16.664518
17.648493
18.584682
19.589083
20.625330
21.417976
22.429176
23.414257
24.218182
24.920995
25.541983
26.318961
27.377956
28.358569
29.345811
30.322063
31.301892
32.286627
33.274234
34.329940
35.322716
36.281800
37.254784
38.260947
39.247968
40.222357
41.211734
42.087223
42.705392
43.467870
44.422111
45.342605
46.399083
47.384427
48.365243
49.291910
49.934516
50.807267
51.873395
52.523155
52.982605
53.809427
54.764492
55.732499
56.544204
57.398138
58.122908
59.102022
60.088488
61.046176
61.991037
62.953220
63.962057
64.574888
65.325387
66.299687
67.285056
68.275335
69.331895
70.301267
71.262702
72.251649
73.235763
74.217708
75.138504
76.160399
77.129863
78.120647
79.110629
80.101006
81.076649
82.068103
83.125215
84.107892
85.099836
86.076658
87.009604
87.955047
89.009156
90.011138
90.996454
91.984762
92.974318
94.030719
94.946385
95.989448
96.905818
97.747849
98.090607
98.832782
99.654880
100.669438
101.316344
101.931521
102.803564
103.775524
104.814372
105.676403
106.704586
107.694007
108.678909
109.670196
110.660330
111.597780
112.642181
113.630894
114.619807
115.599414
116.589853
117.645412
118.623938
119.617663
120.607651
121.597736
122.579274
123.547911
124.473719
125.308067
126.316933
127.290940
128.271798
129.263476
130.238287
131.225549
132.280383
133.263623
134.236891
135.212243
136.181530
137.143277
138.103690
138.943564
139.897159
140.854759
141.792697
142.767247
143.822647
144.741608
145.779710
146.764083
147.741807
148.724384
149.705025
150.690507
151.620401
152.549346
153.539691
154.522745
155.499893
156.502195
157.119116
157.447327
158.344552
159.306887
160.286884
161.196144
162.178164
163.231476
164.219473
165.207562
166.192619
167.177551
168.165946
169.221698
170.206234
171.198598
172.177364
173.158092
174.084419
175.007248
176.029055
176.994995
177.980753
178.969347
179.959838
181.006990
181.931541
182.987119
183.947403
184.926715
185.904860
186.775884
187.448952
188.311210
189.154699
190.086742
190.901413
191.796823
192.843751
193.632311
194.496800
195.470153
196.261761
197.157244
198.138956
199.111213
200.040130
201.059263
201.868557
202.719487
203.716483
204.691373
205.676356
206.664497
207.716926
208.700157
209.692392
210.669100
211.642673
212.610561
213.665756
214.610552
215.582928
216.514755
217.389598
218.328574
219.295607
220.261525
221.247400
222.234797
223.225091
224.274937
225.264655
226.224528
227.105687
228.010873
228.923879
229.857984
230.849629
231.300172
231.849385
232.777897
233.764654
234.738346
235.731183
236.719397
237.710128
238.754526
239.724872
240.680025
241.686901
242.650274
243.613975
244.668746
245.648837
246.620659
247.564444
248.453278
249.451976
250.281191
250.937954
251.753795
252.752181
253.723166
254.717329
255.698800
256.753428
257.691048
258.690464
259.652429
260.633695
261.619937
262.474363
263.377795
264.334731
265.254652
266.201962
267.117382
268.117039
269.083737
270.048064
270.992698
271.979046
272.850539
273.821326
274.703355
275.485610
276.427950
277.411548
278.398373
279.376118
280.361224
281.323567
282.374680
283.370171
284.321758
285.305887
286.285364
287.277539
288.307752
289.098014
289.477249
290.336976
291.282165
292.248898
293.373581
294.274085
295.276952
296.167897
297.083199
298.064295
298.995876
299.978501
301.026418
302.010794
302.997070
303.792449
304.332410
305.090986
306.041633
307.018840
307.997529
308.980425
309.918963
310.909694
311.876273
312.918338
313.840916
314.844106
315.718560
316.166737
316.588154
317.238401
318.072102
319.046452
319.985747
320.668094
321.480468
322.463040
323.517275
324.505262
325.491282
326.453724
327.438250
328.491563
329.415745
330.450560
331.440366
332.429097
333.418389
334.399690
335.376133
336.434096
337.413169
338.382664
339.350501
340.338172
341.335032
342.307085
343.374769
344.333388
345.305721
346.133723
347.018328
347.523883
348.098143
348.875414
349.600068
350.611810
351.538181
352.517008
353.305122
354.266267
355.330601
356.235638
357.224619
358.192677
358.454675
358.897677
359.886471
360.757805
361.622103
362.582418
363.568357
364.556557
365.613378
366.605194
367.594927
368.583782
369.574063
370.409186
371.036267
371.773783
372.709495
373.643445
374.520370
375.443006
376.386256
377.413536
378.054045
378.888353
379.876192
380.854577
381.825584
382.791271
383.830740
384.756941
385.677753
386.459771
387.436060
388.043677
388.514293
389.026888
389.686606
390.654094
391.585180
392.586394
393.494712
394.546747
395.251864
396.004636
396.975795
397.754656
398.588085
399.423679
399.856944
400.218999
400.976944
401.836337
402.839648
403.811505
404.807477
405.694744
406.588000
407.220678
408.174962
409.158600
410.106817
411.069338
412.057782
412.898236
413.318153
413.374751
413.979528
415.019956
415.911436
416.810556
417.770554
418.600170
419.604828
420.565382
421.621962
422.598038
423.581758
424.558739
425.549696
426.583862
427.566673
428.450966
429.437032
430.423208
431.287873
432.042871
432.807618
433.878775
434.844039
435.836261
436.825630
437.804399
438.772271
439.437484
439.964070
440.920251
441.943226
442.867893
443.809417
444.798762
445.781481
446.819640
447.727914
448.525345
449.459635
450.504792
451.490404
452.541813
453.529284
454.548264
455.536303
456.531530
457.517984
458.507932
459.565678
460.538791
461.525741
462.511123
463.503666
464.570325
465.583571
466.567633
467.535980
468.518325
469.506702
470.538156
471.419595
472.483971
473.455942
474.442770
475.351025
476.279962
476.888191
477.717640
478.770547
479.751453
480.738922
481.688637
482.528340
483.482472
484.530919
485.509490
486.477147
487.464383
488.456219
489.424243
490.400625
491.356471
492.328480
493.129397
494.003264
494.956723
495.944568
496.987469
497.971557
498.942867
499.907304
500.889124
501.877420
502.857677
503.905965
504.896204
505.885314
506.873457
507.831877
508.891035
509.808886
510.841984
511.891722
512.807155
513.802783
514.747999
515.932080
516.609425
517.465262
518.472156
519.536503
520.457551
521.442704
522.396378
523.429807
524.420139
525.404449
526.394712
527.385083
528.372650
529.427555
530.407777
531.398881
532.369349
533.359749
534.347534
535.467462
536.380015
537.362361
538.321150
538.772869
538.806838
539.342277
540.375250
541.228683
542.103698
543.025991
543.917854
544.883759
545.962819
546.787760
547.050723
547.421792
548.307206
549.307805
550.262030
550.740264
551.093527
551.963781
552.951160
553.937853
554.929972
555.792558
556.471022
557.088647
557.113540
557.619230
558.574453
559.542954
560.537019
561.537278
562.431324
563.005617
563.272232
564.029240
564.996565
566.039988
567.028003
567.480318
567.728287
568.584438
569.572913
570.057969
570.057969
570.057969
570.057969
570.057969
570.057969
570.090862
570.621181
571.650931
572.508238
573.274501
574.180832
574.877788
575.257209
576.070867
577.061527
578.049434
579.039197
580.020572
580.878786
581.129689
581.538237
582.403637
583.261769
584.250192
585.241572
586.229419
587.219007
588.275133
589.265276
590.244325
591.146756
591.727124
592.390328
593.384126
594.252574
595.106704
595.971108
596.887493
597.923077
598.711288
599.683145
600.506491
601.431399
602.400586
603.266833
604.007592
604.007592
604.007592
604.153678
604.903683
605.890235
606.874465
607.864516
608.885541
609.839815
610.847440
611.834532
612.820331
613.746445
614.723852
615.725435
616.712326
617.694561
618.479294
619.323233
620.212977
621.004686
621.961150
622.941278
623.927051
624.915495
625.903403
626.955579
628.072919
628.923707
629.907984
630.896928
631.841869
632.823385
633.877119
634.805451
635.417347
635.862234
636.743753
637.741031
638.720040
639.777684
640.829452
641.252670
641.317753
641.317753
641.319431
641.644977
642.589277
643.579554
644.561844
645.360414
646.128629
647.095290
647.409224
647.671463
648.519171
649.512573
650.491364
651.411163
652.403079
653.478178
654.509537
655.483901
656.469593
657.429235
658.424516
659.476868
660.465417
661.453865
662.425845
663.401851
664.405374
665.044404
666.076485
667.066453
668.127229
669.050792
670.084334
671.000674
672.019030
672.121836
672.121836
672.121836
672.121836
672.121836
672.121836
672.121836
672.121836
672.121836
672.121836
672.121836
672.162663
672.725363
673.731934
674.723825
675.698935
676.628315
677.549361
678.536581
679.586819
680.567824
681.567631
682.553257
683.541415
684.529455
685.517669
686.574312
687.549080
688.490625
689.199181
690.092584
691.078261
692.129398
692.900807
693.372777
693.927845
694.857757
695.839029
696.677991
697.445628
698.066746
698.911411
699.862162
700.813039
701.630679
702.298249
703.025561
704.015864
704.945807
705.906952
706.872973
707.819520
708.790523
709.774549
710.748660
711.464122
712.368387
713.302028
714.255378
715.296179
716.271541
717.236138
718.182083
719.174953
720.135482
720.887318
720.887318
720.962889
721.608227
722.586609
723.575319
724.625022
725.670011
726.614103
727.606547
728.567975
729.554362
730.539508
731.572684
732.543260
733.526353
734.512449
735.266881
735.947911
736.892452
737.922149
738.894508
739.765022
740.746937
741.693816
742.673434
743.547937
744.507634
745.510072
746.363213
747.318344
748.118389
748.944462
749.998459
750.906059
751.784417
752.634762
753.593194
754.554942
755.553275
756.571076
757.567937
758.554329
759.537831
760.525968
761.499552
762.223342
763.197990
763.997930
764.942372
765.790250
766.017892
766.017892
766.017892
766.017892
766.017892
766.017892
766.017892
766.017892
766.017892
766.017892
766.017892
766.017892
766.024663
766.413933
767.413833
768.345274
769.394817
770.384076
771.366822
772.357475
773.801792
774.315038
774.315038
774.315038
774.394836
775.145297
776.245833
777.583614
778.585872
779.622009
780.443348
781.353649
782.335301
783.325701
784.316278
785.356222
786.327542
787.277298
788.266061
789.256134
790.247397
791.237072
792.293766
793.288966
794.279423
795.271095
796.259088
797.245183
798.291337
799.282321
800.187036
801.088862
802.020586
802.877746
803.794649
804.614204
805.365385
806.308741
807.258181
808.253786
809.243508
810.227478
811.264411
812.218189
812.987971
813.699427
814.598841
815.565516
816.266888
817.047085
818.017532
818.995793
819.921794
820.849513
821.571541
822.528329
823.498843
824.448913
825.410585
826.299038
827.281785
828.241441
829.104005
830.019219
830.956332
831.945302
832.858515
833.587493
834.479126
835.434368
836.410972
837.255713
838.246483
839.208332
840.196485
841.213494
842.184006
843.166011
844.045802
844.290890
844.290890
844.290890
844.331488
844.890729
845.852251
846.838726
847.824743
848.797941
849.837859
850.711827
851.700664
852.658353
853.597318
854.541667
855.355102
856.424752
857.401281
858.197744
858.929001
859.950671
860.717671
861.365218
862.190541
863.113567
864.046296
864.972183
865.712971
866.717678
867.630273
868.579254
869.463718
870.462513
871.435494
872.365982
873.305216
874.031695
874.841145
875.753033
876.702961
877.672051
878.602674
879.613765
880.599358
881.528392
882.450449
883.423938
884.419741
885.292320
886.098946
886.412281
887.007284
887.953926
888.844193
889.796894
890.804499
891.780756
892.761091
893.713046
894.680706
895.681434
896.620711
897.598514
898.588718
899.552654
900.440445
901.130265
902.101304
903.096169
903.790856
904.338743
905.108650
906.073328
906.917785
907.247123
907.882033
908.914083
909.903298
910.891678
911.878994
912.862370
913.836791
914.825161
915.380361
916.275041
917.196920
918.038429
918.997888
920.000800
920.920739
921.910927
922.888802
923.876280
924.920031
925.765321
926.821007
927.804061
928.740120
929.627012
930.612010
931.498605
931.498605
931.508750
931.938271
932.815346
933.794115
934.782993
935.743198
936.791469
937.755073
938.613596
939.479582
940.368401
941.340534
942.180513
942.966635
943.811077
944.677027
945.636874
946.626097
947.562225
948.549911
949.518297
950.507387
951.497503
952.453544
953.437579
954.420158
955.475944
956.451305
957.424588
958.229175
958.832819
959.663165
961.077702
962.171489
963.042389
964.136006
965.278816
966.425152
967.281800
968.343701
969.305935
970.291244
971.278085
972.257267
973.243048
974.178831
975.087433
975.988131
976.961042
977.937524
978.986370
979.837545
980.840700
981.684804
982.688942
983.612225
984.531351
985.520013
986.454823
987.463672
988.451644
989.090012
989.499788
989.758605
990.401372
991.440360
992.388700
993.084701
993.815002
994.674723
995.650866
996.445647
997.300568
998.282665
999.244948
1000.149053
1001.023406
1002.022185
1003.002509
1004.051080
1005.010263
1005.937145
1006.926710
1007.896389
1008.291772
1008.949473
1009.205700
1009.955643
1010.833768
1011.712990
1012.487679
1013.325865
1013.974269
1014.769889
1015.618598
1016.594780
1017.439161
1018.432669
1019.477992
1020.474004
1021.456421
1022.434412
1023.307706
1024.309251
1025.179049
1026.162657
1027.112028
1028.098785
1029.068756
1030.031000
1031.047945
1031.920566
1032.585676
1032.613291
1032.613291
1032.613291
1032.613291
1032.613291
1032.613291
1032.613291
1032.613291
1032.677390
1033.293603
1034.271653
1035.086906
1035.279469
1035.303446
1035.752463
1036.666829
1037.646336
1038.691824
1039.668656
1040.710375
1041.428253
1042.151944
1043.145947
1044.133355
1045.123986
1046.150952
1047.142347
1048.030448
1048.745377
1049.588363
1050.502081
1051.496520
1052.461525
1053.282334
1053.819399
1054.634973
1055.512391
1056.035080
1056.863404
1057.804812
1058.654090
1059.646969
1060.629480
1061.654864
1062.287762
1063.171590
1064.155497
1065.122693
1065.745944
1066.415620
1067.300511
1068.349943
1069.089715
1069.425164
1070.169029
1071.137281
1071.824305
1072.537033
1073.466982
1074.444644
1075.431161
1076.419569
1077.399984
1078.159655
1078.301876
1078.307222
1078.656401
1079.576525
1080.606373
1081.595201
1082.574515
1083.629690
1084.615525
1085.545412
1086.523970
1087.460510
1087.966238
1088.604338
1089.575079
1090.572084
1091.473742
1092.231367
1093.194644
1093.893532
1094.308001
1095.108499
1096.065963
1096.966497
1097.879084
1098.866706
1099.844455
1100.764688
1101.697873
1102.592577
1103.150257
1103.800903
1104.784291
1105.706856
1106.691163
1107.658010
1108.625609
1109.591940
1110.340452
1110.940005
1111.957454
1112.844846
1113.651754
1114.542810
1115.412883
1116.270897
1117.065068
1118.059095
1119.054385
1119.945974
1120.915459
1121.889446
1122.935570
1123.921819
1124.813240
1125.414535
1126.378762
1127.322759
1128.327034
1128.840244
1129.711854
1130.633338
1131.223585
1132.080290
1133.105336
1134.163137
1135.022206
1136.079563
1137.045522
1137.936550
1138.924703
1139.825386
1140.789930
1141.535428
1142.530690
1143.519669
1144.476636
1145.379608
1146.208806
1147.088213
1148.125837
1149.133713
1150.063701
1151.033931
1152.010388
1152.956775
1153.906241
1154.875737
1155.612369
1155.952598
1156.378434
1157.163695
1158.126857
1159.114769
1159.890474
1160.894803
1161.782372
1162.715360
1163.701155
1164.678807
1165.706667
1166.638337
1167.634758
1168.598002
1169.642963
1170.562947
1171.623429
1172.619276
1173.605424
1174.586830
1175.578992
1176.536078
1177.156647
1177.455212
1177.832326
1178.532737
1179.375755
1180.269652
1181.202101
1182.214485
1183.118623
1184.004717
1184.900570
1185.896451
1186.949379
1187.853834
1188.900222
1189.813540
1190.806084
1191.753634
1192.717210
1193.687262
1194.576524
1195.556493
1196.514440
1197.492544
1198.454010
1199.435091
1200.421930
1200.480499
1200.480499
1200.676419
1201.475626
1202.464291
1203.423089
1204.296322
1205.306207
1206.254175
1207.224277
1208.133962
1209.087538
1210.078636
1211.128431
1212.106831
1213.098264
1214.058402
1214.991742
1215.977156
1216.925449
1217.730453
1218.564837
1219.541190
1220.534924
1221.507685
1222.558736
1223.442090
1224.295270
1225.159896
1226.140675
1227.115796
1227.950237
1228.884019
1229.897658
1230.828358
1231.765220
1232.724271
1233.657541
1234.644210
1235.658034
1236.653916
1237.641005
1238.631487
1239.613102
1240.541315
1241.436875
1241.641005
1241.641005
1241.641005
1241.641005
1241.641005
1241.642334
1241.907100
1242.847184
1243.847361
1244.809793
1245.800473
1246.786371
1247.771170
1248.552207
1249.081207
1249.972175
1250.955364
1251.867287
1252.821251
1253.887375
1254.706348
1254.712735
1255.091443
1256.015043
1256.841411
1257.769065
1258.823761
1259.809904
1260.673790
1260.745670
1260.745670
1261.102326
1261.981647
1263.037993
1264.024371
1265.084566
1266.113165
1266.749628
1266.749628
1266.749628
1266.749628
1266.749628
1266.749628
1266.749628
1266.749628
1266.749628
1266.749628
1266.749628
1266.749628
1266.749628
1266.749628
1267.091881
1267.963666
1269.220587
1270.011177
1271.067471
1272.123470
1272.845478
1272.845478
1272.845478
1272.845478
1272.845478
1272.845478
1272.845478
1272.845478
1272.845478
1272.935044
1273.577668
1274.544971
1275.657435
1276.514668
1277.501123
1278.498181
1279.552097
1280.542533
1281.533342
1282.548832
1283.524417
1284.467165
1285.440738
1286.474430
1287.456134
1288.310960
1289.052855
1289.971160
1291.022428
1291.978322
1292.975227
1293.865434
1294.838712
1295.613933
1296.092273
1296.934028
1297.985270
1298.968182
1299.949050
1300.921754
1301.828895
1302.525889
1303.258383
1303.872862
1304.713140
1305.699015
1306.681156
1307.660548
1308.714036
1309.679876
1310.523955
1311.427284
1312.381633
1313.562911
1314.498805
1315.258372
1316.115306
1316.879282
1317.011598
1317.201228
1317.201228
1317.201228
1317.201228
1317.201228
1317.201228
1317.201228
1317.201228
1317.201228
1317.201228
1317.201228
1317.201228
1317.201228
1317.201228
1317.201228
1317.201228
1317.202907
1317.521176
1318.421307
1319.413011
1320.397068
1321.449457
1322.369025
1323.423186
1324.409765
1325.386979
1326.124761
1326.634973
1327.583922
1328.466769
1329.278819
1330.331760
1331.415795
1332.334239
1333.225893
1333.225893
1333.225893
1333.225893
1333.225893
1333.280993
1333.875399
1334.839835
1335.823573
1336.872427
1337.773138
1339.099109
1340.104886
1340.435873
1340.519737
1340.519737
1340.519737
1340.519737
1340.519737
1340.519737
1340.519737
1340.519737
1340.852123
1341.709478
1342.699520
1343.689094
1344.660763
1345.654457
1346.637959
1347.682600
1348.670709
1349.345315
1349.345315
1349.345315
1349.345315
1349.345315
1349.345315
1349.345315
1349.345315
1349.345315
1349.345315
1349.345315
1349.345315
1349.345315
1349.345315
1349.345315
1349.345315
1349.351686
1349.804511
1350.699834
1351.679660
1352.664876
1353.655572
1354.711600
1355.635144
1356.684459
1357.677156
1358.673310
1359.662557
1360.657975
1361.572052
1362.556912
1363.152565
1363.615829
1364.324624
1365.279767
1366.226002
1366.822844
1367.846364
1368.825593
1369.803657
1370.649514
1371.185213
1371.985784
1373.032622
1374.015027
1374.995743
1375.996670
1376.853674
1377.779310
1378.548557
1379.430058
1380.362572
1381.342168
1382.309546
1383.227391
1384.046050
1385.061391
1386.049772
1386.927032
1387.544732
1388.424853
1389.477047
1390.374546
1391.139697
1392.139483
1392.969247
1393.887981
1394.864440
1395.739135
1396.682672
1397.668479
1398.601203
1399.576402
1400.560725
1401.540866
1402.495910
1403.498568
1404.471114
1405.446818
1406.372795
1407.363610
1408.322662
1409.314195
1410.350258
1411.215140
1412.134816
1412.775183
1413.291163
1414.349038
1415.398497
1416.384922
1417.211564
1418.094882
1419.054753
1419.998294
1420.893032
1421.892170
1422.932478
1423.891816
1424.877322
1425.851662
1426.834234
1427.691538
1428.606908
1429.544066
1430.472414
1431.434732
1432.265773
1433.157710
1434.103982
1435.126849
1435.907221
1436.715711
1437.686357
1438.672971
1439.589882
1440.656577
1441.485323
1441.863703
1442.547892
1443.499895
1444.504357
1445.492343
1446.545763
1447.320546
1448.004978
1448.948646
1449.941007
1450.997424
1451.919963
1452.976762
1453.939924
1454.925498
1455.903304
1456.853549
1457.578798
1458.474008
1459.622755
1460.718386
1461.629726
1462.585606
1463.526503
1464.232793
1464.881248
1465.587497
1466.340567
1466.885202
1467.387987
1468.101737
1469.126758
1470.113938
1471.079081
1472.062477
1472.974918
1473.880915
1474.785565
1475.808846
1476.773755
1477.762492
1478.748036
1479.691803
1480.500411
1481.843232
1482.784890
1483.623203
1484.612650
1485.605858
1486.593770
1487.582301
1488.632817
1489.623546
1490.609014
1491.595239
1492.583776
1493.570687
1494.505006
1495.402200
1496.304272
1497.288874
1498.271730
1499.334018
1500.272107
1501.245039
1502.184532
1503.071023
1503.940573
1504.929786
1505.918165
1506.971842
1507.947447
1508.906540
1509.798944
1510.589579
1511.559319
1512.320314
1512.872139
1513.710496
1514.517305
1515.145833
1515.904092
1516.814908
1517.687999
1518.647749
1519.429301
1520.006794
1520.333215
1521.115099
1522.153705
1523.051206
1523.989478
1524.971773
1525.971540
1526.974277
1528.016126
1528.947751
1529.980406
1530.962060
1531.939632
1532.853734
1533.268408
1533.784528
1534.705722
1535.514059
1536.476311
1537.463837
1538.462772
1539.454929
1540.435691
1541.425743
1542.462871
1543.259729
1544.165474
1545.155371
1546.136799
1547.121313
1548.158942
1549.158559
1550.133117
1551.123647
1552.111332
1553.098891
1554.086452
1555.129401
1556.115840
1557.106950
1558.072702
1559.022076
1559.856700
1560.740629
1561.730759
1562.594753
1563.352299
1564.368978
1565.373362
1566.411063
1567.287913
1568.203107
1569.197901
1570.180940
1571.157824
1572.147482
1573.132995
1574.158906
1575.135254
1576.035732
1576.900859
1577.864152
1578.928334
1579.916237
1580.906934
1581.889469
1582.865496
1583.777279
1584.764567
1585.750832
1586.783053
1587.768717
1588.709450
1589.670926
1590.657176
1591.619630
1592.675385
1593.589450
1594.472839
1595.470046
1596.446702
1597.421222
1598.412315
1599.468643
1600.450262
1601.390106
1602.357548
1603.324806
1604.335284
1604.909868
1605.424005
1606.379482
1607.284147
1608.068464
1608.706250
1609.441154
1610.325126
1611.262341
1612.253300
1613.231954
1614.222388
1615.207320
1616.183078
1617.217501
1618.190671
1619.026451
1619.823334
1620.657273
1621.641968
1622.659355
1623.933167
1625.154558
1626.149092
1627.135216
1627.919557
1628.577443
1629.471462
1630.459077
1631.452198
1632.445363
1633.393465
1634.390314
1635.390808
1636.287272
1636.806050
1637.528269
1638.413692
1638.963319
1639.435050
1640.314695
1641.249476
1641.906125
1642.746897
1643.768361
1644.763871
1645.759935
1646.667087
1647.389926
1648.354451
1649.357109
1650.338688
1651.331037
1652.334242
1653.317165
1654.306104
1655.267896
1656.204131
1657.185680
1657.819706
1658.246841
1658.919753
1659.550148
1660.109269
1660.895866
1661.765291
1662.694235
1663.265251
1663.767012
1664.574644
1665.387974
1666.353869
1667.405039
1668.392691
1669.381379
1670.356335
1671.329537
1672.273820
1672.989028
1673.730038
1674.720922
1675.697249
1676.662422
1677.638908
1678.426025
1679.342647
1680.313013
1681.151222
1681.904680
1682.676882
1683.110265
1683.700081
1684.419388
1685.091615
1685.482341
1685.974326
1686.722168
1687.693475
1688.739155
1689.257677
1689.571329
1690.362095
1691.176960
1691.631161
1692.518096
1693.453180
1694.499375
1695.452831
1696.424910
1697.422288
1698.743847
1699.526986
1700.042076
1700.543470
1701.356796
1701.986897
1702.509966
1703.158891
1704.121499
1705.187644
1705.727213
1706.178727
1707.065838
1708.256437
1709.135783
1709.736914
1710.380426
1710.663950
1711.549895
1712.505439
1713.012809
1713.587741
1714.378326
1715.268281
1716.205260
1716.705054
1717.008026
1717.720434
1718.651831
1719.656370
1720.166841
1720.239659
1720.247011
1720.640267
1721.569169
1722.620751
1723.603572
1724.577997
1725.561278
1726.542236
1727.539338
1728.527386
1729.573724
1730.569605
1731.548145
1732.475247
1733.438553
1734.428954
1735.409339
1736.427021
1737.697272
1738.658404
1739.619717
1740.574109
1741.565242
1742.531141
1743.465951
1744.461323
1745.376975
1746.352924
1747.191208
1748.237988
1749.181951
1750.152612
1750.976178
1751.847924
1752.767976
1753.746507
1754.445202
1754.982166
1755.866170
1756.498955
1757.080281
1757.715583
1758.257071
1758.922454
1759.885104
1760.757785
1761.210145
1762.086199
1763.184754
1764.162836
1765.211741
1766.201018
1767.176549
1768.195897
1769.159784
1769.884692
1770.712383
1771.652883
1772.816864
1773.899320
1775.059231
1775.435061
1775.969029
1776.751265
1777.542144
1778.101039
1778.626326
1779.214257
1779.898873
1780.838171
1781.891379
1782.881814
1783.874943
1784.859080
1785.772567
1786.693994
1787.662998
1788.282520
1789.014979
1789.533049
1790.040716
1790.675463
1791.245158
1791.884372
1792.452369
1793.185353
1793.979406
1794.953159
1795.833737
1796.710368
1797.754546
1798.697184
1799.686493
1800.533683
1801.062575
1801.871869
1802.848086
1803.932404
1804.758707
1805.279931
1805.653869
1806.199875
1806.845459
1807.404256
1807.948705
1808.435330
1808.968710
1809.652615
1810.473687
1811.495177
1812.002479
1812.256787
1812.947862
1813.918057
1814.951478
1815.895855
1817.420195
1818.731485
1819.596827
1820.508424
1821.074578
1821.487772
1822.493151
1823.205902
1823.490577
1824.307871
1825.530155
1826.376306
1826.655384
1826.962476
1827.440859
1827.925637
1828.473798
1828.933902
1829.714189
1830.425788
1831.526318
1832.572846
1833.498664
1834.070796
1834.509079
1835.220774
1836.024737
1836.795691
1837.759812
1838.555434
1839.401141
1840.393844
1841.291302
1842.119063
1842.553385
1843.107119
1843.555959
1844.058570
1844.643115
1845.083734
1845.645292
1846.292199
1846.925021
1847.297711
1847.803079
1848.579679
1848.922969
1848.934434
1848.934434
1848.934434
1848.934434
1848.934434
1848.934434
1848.934434
1848.934434
1848.934434
1848.934434
1848.934434
1848.934434
1848.934434
1848.934434
1848.934434
1848.934434
1848.934434
1848.934434
1848.934434
1848.934434
1848.934434
1848.934434
1848.934434
1848.934434
1848.934434
1848.934434
1848.934434
1848.934434
1848.934434
1848.934434
1848.934434
1848.934434
1848.934434
1848.934434
1848.934434
1848.934434
1848.934434
1848.934434
1848.934434
1848.934434
1848.934434
1848.934434
1848.934434
1848.934434
1848.934434
1848.934434
1848.934434
1848.934434
1848.934434
1848.934434
1848.934434
1848.934434
1848.934434
1848.934434
1848.934434
1848.934434
1848.934434
1848.934434
1848.934434
1848.934434
1848.934434
1848.934434
1848.934434
1848.934434
1848.934434
1848.934434
1848.934434
1848.934434
1848.934434
1848.934434
1848.934434
1848.934434
1848.934434
1848.934434
1848.934434
1848.934434
1848.934434
1848.934434
1848.934434
1848.934434
1848.934434
1848.934434
1848.934434
1848.934434
1848.934434
1848.934434
1848.934434
1848.934434
1848.934434
1848.934434
1848.934434
1848.934434
1848.934434
1848.934434
1848.934434
1848.934434
1848.934434
1848.934434
1848.934434
1848.934434
1848.934434
1848.934434
1848.934434
1848.934434
1848.934434
1848.934434
1848.934434
1848.934434
1848.934434
1848.934434
1848.934434
1848.934434
1848.934434
1848.934434
1848.934434
1848.934434
1848.934434
1848.934434
1848.934434
1848.934434
1848.934434
1848.934434
1848.934434
1848.934434
