0.000000
0.000000
0.082636
0.350862
0.509774
0.637139
0.717120
0.882509
1.006976
1.104763
1.192718
1.261537
1.319451
1.378335
1.416401
1.436818
1.461283
1.489726
1.514974
1.525370
1.534667
1.555972
1.574329
1.584298
1.604339
1.622760
1.621330
1.633580
1.647718
1.646372
1.638453
1.624046
1.623623
1.638397
1.646830
1.655087
1.665120
1.672996
1.680707
1.686552
1.698646
1.705580
1.710599
1.714617
1.722672
1.726409
1.732966
1.736261
1.738410
1.728261
1.724221
1.724393
1.729970
1.737137
1.741422
1.744232
1.747305
1.739273
1.739372
1.744918
1.738590
1.725247
1.724106
1.726226
1.730282
1.728650
1.728332
1.722771
1.727620
1.730948
1.733770
1.735199
1.738559
1.742355
1.735411
1.731532
1.735133
1.738181
1.741269
1.745214
1.746999
1.750491
1.753246
1.755137
1.758289
1.759271
1.762554
1.764579
1.767025
1.768756
1.771750
1.773714
1.775966
1.779032
1.781315
1.783636
1.785419
1.785478
1.787324
1.790504
1.791998
1.793662
1.795848
1.797677
1.799736
1.801084
1.803818
1.802555
1.802152
1.792572
1.789079
1.788357
1.790399
1.785723
1.781408
1.781061
1.782289
1.784933
1.784253
1.786741
1.788126
1.789686
1.791290
1.791307
1.792201
1.795751
1.797225
1.798102
1.800035
1.800844
1.802977
1.804341
1.806258
1.807360
1.808851
1.809554
1.810365
1.811162
1.810173
1.811566
1.812237
1.813177
1.814798
1.815729
1.816839
1.818455
1.819846
1.820711
1.821598
1.821961
1.823054
1.823654
1.821994
1.822860
1.823898
1.824200
1.825018
1.826399
1.826920
1.828438
1.829361
1.829002
1.830941
1.831340
1.832579
1.832759
1.832664
1.833784
1.834544
1.835277
1.835929
1.832386
1.825923
1.825242
1.826314
1.826422
1.826909
1.827802
1.829369
1.830188
1.829532
1.831760
1.832528
1.832580
1.834577
1.835199
1.836336
1.836955
1.837640
1.837726
1.837739
1.838200
1.839315
1.840015
1.840671
1.841134
1.842693
1.842725
1.843570
1.843996
1.845045
1.844843
1.845109
1.842336
1.842056
1.840797
1.841397
1.840105
1.840144
1.841372
1.840084
1.839559
1.840092
1.838601
1.838690
1.839208
1.839380
1.839502
1.840709
1.839685
1.839053
1.839473
1.840255
1.840858
1.841453
1.842322
1.843166
1.843388
1.843771
1.844698
1.845114
1.845957
1.845647
1.846820
1.846834
1.846279
1.846666
1.847044
1.847381
1.847592
1.848448
1.848402
1.849990
1.850257
1.850792
1.850477
1.850273
1.849977
1.850266
1.850782
1.847007
1.844026
1.844076
1.844563
1.845005
1.845334
1.845737
1.846165
1.847530
1.847842
1.848118
1.848621
1.849050
1.849071
1.850327
1.850678
1.851084
1.851071
1.850954
1.851457
1.850793
1.848586
1.847366
1.848555
1.848873
1.849183
1.849147
1.850742
1.850863
1.851158
1.851654
1.852002
1.852467
1.851572
1.851800
1.851801
1.851978
1.852083
1.852055
1.852301
1.852831
1.852877
1.853215
1.853337
1.853229
1.852724
1.853237
1.852050
1.852226
1.852765
1.853126
1.853467
1.853745
1.853690
1.854821
1.855153
1.855549
1.855641
1.856251
1.856668
1.856544
1.856248
1.852914
1.852368
1.852269
1.852868
1.853018
1.853947
1.854414
1.853984
1.853650
1.854268
1.854474
1.854031
1.855575
1.855757
1.855725
1.855474
1.853105
1.851880
1.852245
1.852422
1.852861
1.852978
1.853237
1.853636
1.853850
1.854375
1.854530
1.854971
1.854649
1.851863
1.848925
1.847144
1.846519
1.846823
1.847145
1.845755
1.845161
1.845478
1.846248
1.846596
1.846968
1.847196
1.847471
1.848083
1.848285
1.848868
1.849226
1.849607
1.849945
1.850263
1.850578
1.850938
1.851019
1.851633
1.851963
1.852402
1.852543
1.852808
1.853511
1.853949
1.853884
1.853619
1.853443
1.851031
1.849290
1.848543
1.847470
1.847789
1.847966
1.847877
1.847504
1.847569
1.847586
1.848379
1.848675
1.848638
1.845544
1.842903
1.843377
1.843117
1.842874
1.843021
1.843366
1.843521
1.844379
1.844701
1.845080
1.845241
1.845728
1.845287
1.843830
1.842782
1.843005
1.843024
1.842855
1.842841
1.842937
1.843486
1.842125
1.841687
1.842003
1.842147
1.842500
1.842749
1.843307
1.843304
1.843296
1.842672
1.842879
1.841411
1.839309
1.837361
1.836134
1.836260
1.836454
1.836693
1.836777
1.837373
1.836382
1.835632
1.835740
1.835118
1.834867
1.834458
1.832249
1.829580
1.829024
1.828760
1.829185
1.829282
1.829817
1.829653
1.829371
1.828310
1.828488
1.828687
1.828546
1.829060
1.829393
1.828877
1.826621
1.823184
1.821859
1.822111
1.822357
1.822278
1.822285
1.822097
1.821941
1.822770
1.823371
1.823602
1.823964
1.824115
1.824591
1.824672
1.825040
1.825162
1.825593
1.825904
1.825726
1.825022
1.824427
1.824969
1.824913
1.825525
1.825983
1.826222
1.826455
1.825327
1.823828
1.824003
1.824471
1.824432
1.824625
1.824940
1.825262
1.825668
1.825765
1.825285
1.825323
1.825887
1.826204
1.826730
1.827046
1.827332
1.827752
1.828045
1.828018
1.828691
1.829273
1.829479
1.829599
1.830051
1.829973
1.830626
1.831319
1.831482
1.831799
1.831975
1.832367
1.832787
1.832681
1.832884
1.833486
1.833631
1.833699
1.833626
1.832584
1.832240
1.832754
1.832876
1.833290
1.833366
1.833097
1.833232
1.833763
1.833933
1.834178
1.834388
1.834736
1.834913
1.834968
1.835256
1.835491
1.834919
1.834869
1.834991
1.835259
1.835596
1.835975
1.836148
1.836198
1.836423
1.836713
1.836921
1.837550
1.837671
1.838045
1.838271
1.838446
1.838951
1.838544
1.839219
1.839430
1.839194
1.839623
1.840148
1.839853
1.840241
1.839996
1.839651
1.840384
1.840743
1.840716
1.841159
1.841588
1.841559
1.841819
1.842273
1.842516
1.842635
1.842916
1.843413
1.843381
1.843829
1.844069
1.844186
1.844535
1.844951
1.845151
1.845013
1.843363
1.840642
1.839320
1.839403
1.839474
1.839210
1.839337
1.839103
1.839390
1.839914
1.839258
1.837367
1.835572
1.835324
1.835747
1.835391
1.834092
1.832527
1.832361
1.832501
1.832841
1.833001
1.832910
1.831648
1.830965
1.828107
1.826888
1.827015
1.827173
1.827467
1.827747
1.827650
1.826556
1.824468
1.823974
1.824161
1.824594
1.824535
1.823185
1.821228
1.821015
1.820728
1.819635
1.816667
1.813901
1.810852
1.808052
1.805141
1.802551
1.801578
1.801733
1.801760
1.801415
1.801216
1.800622
1.798997
1.798662
1.799217
1.799308
1.799676
1.800018
1.799725
1.797872
1.796265
1.796246
1.796023
1.796419
1.796709
1.796973
1.797163
1.797751
1.797897
1.798254
1.798271
1.797316
1.796578
1.796862
1.796684
1.796655
1.796437
1.796621
1.797012
1.796686
1.796911
1.796676
1.796767
1.796978
1.796675
1.796008
1.793516
1.790923
1.788768
1.788441
1.788540
1.788955
1.788967
1.789643
1.789707
1.789809
1.790313
1.790669
1.790750
1.791008
1.791316
1.791536
1.791743
1.791477
1.791358
1.791327
1.791036
1.791170
1.791364
1.791689
1.791960
1.792206
1.792584
1.792548
1.793083
1.793441
1.793696
1.793847
1.793991
1.794517
1.794607
1.793535
1.792531
1.792463
1.792655
1.792999
1.793433
1.793118
1.792329
1.789896
1.787390
1.785268
1.783614
1.783797
1.784103
1.784298
1.784078
1.783765
1.783705
1.782197
1.780593
1.780522
1.780284
1.780758
1.781128
1.781406
1.781747
1.782267
1.782517
1.782767
1.782961
1.783241
1.783644
1.783944
1.783769
1.784404
1.784045
1.784578
1.784260
1.784623
1.784816
1.784925
1.785028
1.785641
1.785646
1.785816
1.783695
1.781366
1.779073
1.776534
1.774343
1.772174
1.769554
1.767286
1.765104
1.762853
1.760496
1.758509
1.757634
1.757884
1.758066
1.758585
1.758679
1.758829
1.758993
1.759343
1.759689
1.760083
1.760379
1.760666
1.760603
1.761219
1.761593
1.761635
1.761973
1.761620
1.761626
1.761921
1.762285
1.762069
1.761046
1.760223
1.760332
1.760595
1.760473
1.760017
1.759494
1.759447
1.759649
1.759807
1.759670
1.759113
1.758657
1.759041
1.759136
1.759363
1.759485
1.759587
1.759780
1.760229
1.760320
1.760038
1.760103
1.760233
1.760429
1.760806
1.760944
1.761265
1.761418
1.761663
1.761687
1.761451
1.759199
1.757247
1.756896
1.756925
1.757406
1.757820
1.758213
1.758357
1.758484
1.758726
1.759027
1.759356
1.759658
1.759937
1.760182
1.760430
1.760071
1.759663
1.759760
1.760172
1.760242
1.760369
1.760517
1.760786
1.761026
1.761008
1.761099
1.761428
1.761400
1.761599
1.761390
1.761238
1.761563
1.761746
1.761653
1.761664
1.761772
1.762013
1.762315
1.762621
1.762824
1.763136
1.763378
1.763604
1.763824
1.763456
1.763679
1.763405
1.763613
1.763219
1.761859
1.759714
1.757737
1.755768
1.753797
1.751714
1.749730
1.747757
1.745772
1.743768
1.741694
1.739709
1.738070
1.736995
1.737289
1.737418
1.737839
1.737941
1.738366
1.738628
1.739712
1.738778
1.736945
1.734972
1.733462
1.733223
1.733560
1.734486
1.735087
1.735333
1.735368
1.735463
1.735690
1.735800
1.735990
1.736545
1.736840
1.737025
1.737225
1.737577
1.737823
1.738104
1.738503
1.738773
1.739055
1.739335
1.739570
1.739780
1.740218
1.740484
1.740563
1.740616
1.740751
1.740727
1.740818
1.740732
1.740456
1.740435
1.740684
1.741062
1.741304
1.741567
1.741845
1.742069
1.741879
1.741501
1.741498
1.741807
1.741434
1.741010
1.741453
1.741679
1.741809
1.741930
1.741600
1.741776
1.742002
1.742182
1.742372
1.742398
1.742625
1.742812
1.742799
1.742907
1.743041
1.743277
1.743262
1.743061
1.743104
1.743293
1.743510
1.743446
1.743651
1.743871
1.744105
1.744434
1.744629
1.744854
1.744550
1.743431
1.741532
1.739882
1.738280
1.737635
1.737697
1.737821
1.738171
1.738522
1.738789
1.738886
1.739108
1.739273
1.739438
1.739603
1.739479
1.739889
1.740006
1.739948
1.739659
1.739975
1.739771
1.739333
1.739209
1.739172
1.739465
1.739590
1.739321
1.739602
1.739663
1.739842
1.739854
1.740114
1.740314
1.740433
1.740581
1.740288
1.740185
1.740262
1.740414
1.740598
1.740737
1.741014
1.741230
1.741356
1.741461
1.741644
1.741845
1.741772
1.741795
1.740691
1.740138
1.740130
1.740338
1.740469
1.740757
1.740949
1.741193
1.741332
1.741521
1.741734
1.741859
1.742021
1.742359
1.742541
1.742373
1.742189
1.742408
1.742646
1.742313
1.741584
1.741478
1.741673
1.741478
1.740582
1.740079
1.740457
1.740659
1.740911
1.741111
1.741332
1.741535
1.741678
1.741162
1.741210
1.741289
1.741123
1.741419
1.741646
1.741704
1.741987
1.742187
1.742351
1.742678
1.742692
1.742805
1.743232
1.743352
1.743378
1.743508
1.743548
1.741813
1.740398
1.739571
1.739575
1.739544
1.739833
1.740174
1.740490
1.740614
1.740646
1.740638
1.740684
1.740787
1.740804
1.740661
1.740600
1.740594
1.740770
1.740978
1.740995
1.741329
1.741438
1.741707
1.741935
1.742080
1.742302
1.742494
1.742827
1.743012
1.743004
1.743092
1.742593
1.742538
1.743510
1.743902
1.743914
1.744313
1.744786
1.745285
1.745280
1.745609
1.745764
1.745975
1.746114
1.746327
1.746563
1.746683
1.746756
1.746804
1.746902
1.747160
1.747451
1.747440
1.747654
1.747547
1.747840
1.747914
1.747997
1.748205
1.748308
1.748558
1.748758
1.748289
1.747520
1.746430
1.746030
1.746329
1.746461
1.746139
1.745629
1.745860
1.746049
1.745920
1.745891
1.746065
1.746219
1.746270
1.746285
1.746506
1.746562
1.746993
1.747137
1.747227
1.747427
1.747607
1.746779
1.746406
1.745323
1.745117
1.744992
1.745131
1.744877
1.744922
1.744521
1.744407
1.744347
1.744521
1.744491
1.744646
1.744982
1.745213
1.745383
1.745564
1.745575
1.745734
1.745778
1.745932
1.746089
1.746288
1.746467
1.746567
1.746848
1.746697
1.746327
1.744866
1.743524
1.741860
1.740417
1.739094
1.737548
1.736170
1.734715
1.733421
1.733034
1.733036
1.732978
1.731832
1.730457
1.729901
1.729989
1.729865
1.730263
1.730499
1.730725
1.730533
1.730488
1.730652
1.730895
1.731055
1.731368
1.731586
1.731609
1.731364
1.731327
1.731352
1.731623
1.731631
1.731702
1.731159
1.731086
1.731100
1.730545
1.730445
1.730604
1.730573
1.730586
1.730936
1.731256
1.730873
1.730898
1.731019
1.731249
1.730861
1.730430
1.730532
1.730880
1.730663
1.729801
1.729624
1.729781
1.729484
1.729238
1.729357
1.729543
1.729544
1.729932
1.730002
1.729846
1.728759
1.727409
1.726587
1.726679
1.726906
1.727068
1.727342
1.727631
1.727786
1.727935
1.728115
1.728238
1.727607
1.727220
1.727480
1.727681
1.727698
1.727585
1.727737
1.727480
1.726733
1.726668
1.726819
1.726883
1.726959
1.727151
1.727336
1.727416
1.727517
1.727581
1.727044
1.726756
1.726898
1.726902
1.727224
1.727379
1.727558
1.727707
1.727524
1.727102
1.727354
1.727392
1.727303
1.727344
1.727362
1.727265
1.727208
1.727455
1.727594
1.727694
1.727850
1.728030
1.728236
1.728492
1.728408
1.728119
1.728267
1.728414
1.728622
1.728077
1.728051
1.728068
1.727750
1.727756
1.727966
1.728181
1.728294
1.728589
1.728736
1.728769
1.728962
1.729015
1.729118
1.728995
1.729195
1.729379
1.729467
1.729570
1.729525
1.729530
1.729769
1.729899
1.730115
1.730266
1.730393
1.730571
1.730676
1.730847
1.730608
1.729791
1.729073
1.729087
1.729198
1.729412
1.729288
1.729509
1.729530
1.729602
1.729779
1.729988
1.730210
1.730320
1.730519
1.730661
1.730874
1.731000
1.731253
1.731373
1.731665
1.731849
1.731977
1.732148
1.731791
1.730924
1.730187
1.730014
1.729978
1.730010
1.730065
1.730321
1.730382
1.730401
1.730422
1.730659
1.730917
1.730973
1.731236
1.731319
1.731382
1.731629
1.731726
1.731909
1.731932
1.732113
1.732230
1.732395
1.732536
1.732614
1.732796
1.731634
1.730262
1.729496
1.729400
1.729590
1.729597
1.729733
1.729892
1.729983
1.730216
1.730264
1.730409
1.730574
1.730800
1.731016
1.731197
1.731316
1.731412
1.731491
1.731698
1.731620
1.731564
1.731739
1.731905
1.732056
1.732324
1.732346
1.732294
1.732332
1.732493
1.732641
1.732589
1.732698
1.732897
1.732995
1.733044
1.733172
1.733282
1.733475
1.733696
1.733872
1.734029
1.734208
1.734369
1.734406
1.734397
1.733423
1.732082
1.730980
1.729762
1.728473
1.727547
1.726721
1.726820
1.727020
1.727105
1.727334
1.727487
1.727535
1.727498
1.727088
1.726983
1.727287
1.727133
1.727475
1.727635
1.727559
1.726507
1.725846
1.725885
1.725869
1.725957
1.726242
1.726228
1.725850
1.725131
1.724068
1.723413
1.723464
1.723619
1.723816
1.723879
1.724214
1.723798
1.722762
1.721519
1.720222
1.719172
1.718150
1.716874
1.715728
1.714661
1.713379
1.712318
1.710977
1.709960
1.708956
1.708250
1.708302
1.708328
1.708633
1.708877
1.709018
1.708987
1.707711
1.706684
1.705428
1.704440
1.703164
1.702056
1.700932
1.699745
1.698884
1.698707
1.698803
1.698836
1.699186
1.699324
1.699604
1.699825
1.700000
1.700257
1.700464
1.700535
1.700756
1.700884
1.701156
1.701303
1.701344
1.701188
1.701117
1.701514
1.701689
1.701866
1.701925
1.701906
1.701988
1.701499
1.701369
1.701757
1.701912
1.702054
1.702262
1.702320
1.702061
1.701962
1.701676
1.701628
1.701826
1.701987
1.702175
1.702425
1.702570
1.702571
1.702631
1.702591
1.703212
1.703310
1.702872
1.703065
1.702721
1.702022
1.700991
1.700086
1.699075
1.697816
1.696738
1.695658
1.694638
1.693575
1.692389
1.691244
1.690255
1.689190
1.688084
1.687071
1.685922
1.684808
1.683813
1.683190
1.683316
1.683499
1.683686
1.683908
1.684045
1.684310
1.684497
1.684641
1.684530
1.684124
1.684132
1.684292
1.684277
1.684527
1.684697
1.684765
1.684852
1.683847
1.682798
1.681722
1.680689
1.679726
1.679453
1.679438
1.679797
1.680051
1.680126
1.680596
1.680872
1.680231
1.679117
1.678241
1.677047
1.675989
1.674896
1.673889
1.672860
1.671970
1.671394
1.671421
1.671484
1.671770
1.671972
1.672178
1.672363
1.672615
1.672815
1.672483
1.671471
1.670367
1.669346
1.668322
1.667364
1.666214
1.665327
1.664233
1.663233
1.662121
1.661122
1.660119
1.659130
1.658085
1.657063
1.656160
1.655737
1.655819
1.655995
1.656150
1.656345
1.656631
1.656780
1.657033
1.657261
1.657458
1.657655
1.657861
1.657960
1.658161
1.657861
1.657392
1.657278
1.657387
1.657434
1.657293
1.657523
1.657695
1.657891
1.657873
1.657559
1.657527
1.657781
1.657929
1.658148
1.658354
1.658391
1.658472
1.658437
1.658493
1.658617
1.658777
1.658968
1.658989
1.659075
1.659290
1.659480
1.659532
1.659291
1.659340
1.659615
1.659688
1.659612
1.659771
1.659754
1.659923
1.660091
1.660153
1.660285
1.660465
1.660585
1.660754
1.660952
1.661128
1.661262
1.661440
1.661630
1.661771
1.661930
1.662103
1.662260
1.662418
1.662651
1.662710
1.662847
1.662611
1.662249
1.662468
1.662764
1.662944
1.662934
1.662969
1.663157
1.663277
1.663357
1.663527
1.663799
1.663945
1.664014
1.664260
1.664464
1.664496
1.664593
1.664724
1.664823
1.664950
1.664970
1.665042
1.665170
1.665368
1.665344
1.665302
1.665467
1.665654
1.665743
1.665970
1.665951
1.665492
1.665322
1.665445
1.665650
1.665819
1.666073
1.666014
1.665851
1.665965
1.666163
1.666400
1.666514
1.666767
1.666914
1.667097
1.667263
1.667398
1.667257
1.667331
1.667688
1.667958
1.668092
1.668229
1.668343
1.668177
1.667989
1.667835
1.667690
1.667428
1.667056
1.666839
1.667121
1.667205
1.667306
1.667587
1.667702
1.667713
1.667869
1.668085
1.668236
1.668330
1.668568
1.668705
1.668682
1.669255
1.669376
1.669367
1.669551
1.669713
1.669899
1.670036
1.670308
1.670366
1.670652
1.670826
1.670986
1.671167
1.671263
1.671309
1.671416
1.671572
1.671686
1.671987
1.672117
1.672240
1.672300
1.672432
1.672473
1.672611
1.672805
1.673056
1.673199
1.673339
1.673412
1.673341
1.673504
1.673409
1.673102
1.673028
1.673069
1.672849
1.672753
1.672828
1.672808
1.673009
1.672960
1.672663
1.672103
1.672051
1.672274
1.672300
1.672446
1.672602
1.672757
1.672979
1.673154
1.673276
1.673507
1.673675
1.673829
1.673904
1.673420
1.673097
1.673152
1.673169
1.673307
1.673454
1.673637
1.673815
1.673963
1.674138
1.674342
1.674306
1.674367
1.674538
1.674693
1.674867
1.675068
1.675193
1.675406
1.675539
1.675722
1.675894
1.676017
1.676234
1.676420
1.676599
1.676738
1.676843
1.676837
1.676866
1.677067
1.677078
1.677005
1.677181
1.677374
1.677578
1.677623
1.677680
1.677866
1.678026
1.678163
1.678302
1.678486
1.678684
1.678826
1.678889
1.678934
1.679062
1.679294
1.679462
1.679614
1.679705
1.679826
1.679992
1.680151
1.680293
1.680494
1.680658
1.680754
1.680879
1.681051
1.681167
1.681396
1.681483
1.681480
1.681611
1.681824
1.681973
1.682131
1.682325
1.682511
1.682596
1.682745
1.682835
1.683055
1.682776
1.682396
1.682541
1.682562
1.682556
1.682331
1.682219
1.682265
1.682334
1.682538
1.682667
1.682821
1.682939
1.683111
1.683322
1.683421
1.683444
1.683402
1.683356
1.683525
1.683730
1.684181
1.684561
1.684718
1.684870
1.684805
1.684611
1.684682
1.684820
1.684975
1.685132
1.685232
1.685399
1.685561
1.685620
1.685283
1.685161
1.685205
1.684914
1.684462
1.684558
1.684668
1.684470
1.684469
1.684619
1.684799
1.684967
1.685033
1.684886
1.685028
1.685198
1.685336
1.685469
1.685655
1.685806
1.685899
1.686034
1.686159
1.686300
1.686084
1.685664
1.685500
1.685283
1.684991
1.684933
1.684960
1.685058
1.684774
1.684434
1.684396
1.684373
1.684492
1.684704
1.684856
1.684938
1.685122
1.685231
1.685361
1.685230
1.685107
1.685263
1.685426
1.685535
1.685678
1.685622
1.685692
1.685830
1.685817
1.685726
1.685607
1.685251
1.684984
1.684879
1.684689
1.684246
1.683895
1.683805
1.683940
1.684084
1.683765
1.683291
1.683247
1.683155
1.682767
1.682874
1.682955
1.683167
1.683278
1.683369
1.683570
1.683995
1.683985
1.683657
1.683304
1.683287
1.683083
1.682773
1.682571
1.682700
1.682912
1.682621
1.682228
1.682284
1.682620
1.682652
1.682411
1.682239
1.681683
1.681736
1.681842
1.681507
1.681245
1.681208
1.681258
1.681345
1.681020
1.680398
1.680368
1.680443
1.680529
1.680232
1.679372
1.678686
1.678292
1.678389
1.678450
1.678722
1.678854
1.678914
1.679061
1.679153
1.679404
1.679519
1.679723
1.679893
1.680001
1.680121
1.680263
1.680399
1.680539
1.680996
1.681105
1.681229
1.681340
1.681460
1.681594
1.681689
1.681795
1.681917
1.682037
1.682043
1.682234
1.682334
1.682448
1.682419
1.682472
1.682547
1.682676
1.682549
1.682252
1.682297
1.682094
1.681853
1.681620
1.681371
1.681200
1.681263
1.681336
1.680966
1.681011
1.681254
1.681380
1.681550
1.681731
1.681847
1.682022
1.682136
1.682036
1.681995
1.682108
1.682409
1.682573
1.682879
1.682507
1.682209
1.682155
1.682113
1.681851
1.681490
1.681306
1.681168
1.681199
1.681445
1.681603
1.681711
1.681871
1.681944
1.682024
1.682108
1.681932
1.681819
1.681524
1.681170
1.681022
1.680760
1.680574
1.680315
1.680139
1.680172
1.680300
1.680340
1.680378
1.680462
1.680653
1.680745
1.680798
1.680517
1.680489
1.680617
1.680839
1.680824
1.680529
1.680094
1.679823
1.679647
1.679385
1.679100
1.678778
1.678493
1.678347
1.678341
1.678472
1.678125
1.677651
1.677517
1.677638
1.677819
1.677920
1.678556
1.678954
1.679003
1.679069
1.678823
1.678425
1.678580
1.678473
1.677951
1.677937
1.678294
1.678288
1.677787
1.677291
1.676955
1.676634
1.676378
1.676027
1.675967
1.675850
1.676097
1.676285
1.676346
1.676122
1.675760
1.675652
1.675614
1.675560
1.675663
1.675631
1.675634
1.675772
1.675835
1.675830
1.675399
1.675193
1.674829
1.674531
1.674314
1.673948
1.673697
1.673538
1.673345
1.672866
1.672575
1.672542
1.672091
1.671348
1.670597
1.669828
1.669090
1.668340
1.667567
1.666804
1.666069
1.665325
1.664584
1.663783
1.663102
1.662317
1.661594
1.660831
1.660094
1.659352
1.658616
1.657828
1.657134
1.656359
1.655630
1.654888
1.654136
1.653413
1.652683
1.651944
1.651212
1.650441
1.649717
1.648968
1.648249
1.647517
1.646778
1.646034
1.645309
1.644577
1.643871
1.643088
1.642418
1.641651
1.640935
1.640197
1.639480
1.638726
1.638047
1.637277
1.636597
1.635871
1.635133
1.634410
1.633692
1.632945
1.632228
1.631494
1.630823
1.630103
1.629363
1.628630
1.627924
1.627210
1.626498
1.625785
1.625075
1.624358
1.623643
1.622932
1.622209
1.621501
1.620796
1.620080
1.619376
1.618671
1.617950
1.617243
1.616559
1.615830
1.615131
1.614439
1.613719
1.613018
1.612323
1.611606
1.610916
1.610212
1.609506
1.608789
1.608092
1.607392
1.606716
1.606017
1.605318
1.604617
1.603928
1.603237
1.602529
1.601843
1.601153
1.600446
1.599779
1.599045
1.598356
1.597700
1.597011
1.596327
1.595620
1.594917
1.594235
1.593548
1.592875
1.592171
1.591490
1.590802
1.590138
1.589434
1.588789
1.588065
1.587401
1.586702
1.586024
1.585346
1.584706
1.583984
1.583309
