0.000000
0.000000
0.000000
0.000000
0.002000
67.695000
81.851000
102.468000
116.845000
149.710000
175.052000
204.358000
216.568000
221.243000
227.841000
238.869000
251.481000
275.165000
308.782000
348.282000
375.309000
387.253000
402.453000
445.098000
482.893000
509.954000
532.015000
556.850000
564.201000
603.338000
640.138000
681.138000
706.274000
717.460000
738.812000
796.144000
845.348000
885.139000
914.631000
940.723000
958.700000
996.559000
1017.419000
1040.209000
1080.466000
1130.263000
1160.324000
1178.648000
1200.196000
1233.709000
1251.574000
1273.325000
1304.494000
1342.061000
1372.252000
1413.763000
1449.314000
1464.453000
1472.780000
1481.449000
1491.994000
1519.877000
1522.674000
1527.809000
1536.633000
1545.027000
1550.469000
1561.556000
1579.075000
1610.935000
1635.988000
1672.023000
1696.079000
1716.264000
1729.190000
1750.045000
1771.049000
1796.976000
1823.786000
1857.000000
1892.732000
1932.143000
1958.490000
1991.651000
2028.393000
2065.384000
2091.590000
2125.986000
2162.360000
2192.704000
2226.423000
2263.383000
2291.503000
2322.256000
2361.468000
2400.193000
2426.838000
2445.233000
2452.329000
2481.814000
2505.329000
2528.998000
2552.279000
2588.281000
2623.634000
2663.999000
2697.633000
2720.605000
2746.280000
2769.122000
2776.574000
2784.782000
2802.631000
2810.763000
2815.693000
2819.207000
2822.993000
2832.185000
2848.028000
2868.429000
2890.016000
2929.463000
2973.748000
3015.151000
3041.463000
3085.422000
3117.574000
3147.695000
3184.410000
3222.918000
3249.282000
3278.121000
3298.480000
3328.325000
3346.362000
3365.346000
3380.098000
3389.821000
3399.007000
3425.397000
3444.613000
3467.119000
3488.028000
3506.973000
3521.043000
3542.912000
3566.534000
3588.342000
3606.523000
3619.896000
3647.363000
3668.428000
3680.391000
3699.112000
3739.600000
3780.578000
3795.027000
3823.943000
3849.575000
3874.076000
3893.846000
3919.029000
3938.931000
3965.106000
3979.875000
4004.663000
4021.853000
4042.047000
4056.405000
4079.418000
4096.691000
4122.273000
4148.830000
4156.476000
4158.346000
4171.478000
4187.631000
4211.687000
4219.245000
4227.973000
4232.942000
4234.683000
4236.667000
4238.314000
4239.102000
4239.635000
4240.091000
4241.147000
4242.828000
4255.827000
4276.882000
4299.862000
4313.867000
4330.991000
4346.228000
4359.115000
4374.746000
4401.790000
4425.606000
4450.244000
4488.487000
4529.926000
4541.811000
4548.702000
4549.658000
4551.494000
4552.426000
4560.785000
4586.034000
4598.894000
4602.817000
4606.547000
4607.953000
4608.942000
4612.252000
4615.352000
4619.018000
4623.644000
4630.237000
4636.712000
4642.742000
4648.140000
4655.863000
4668.819000
4677.640000
4685.678000
4694.794000
4706.819000
4716.200000
4730.646000
4746.700000
4764.422000
4772.788000
4798.098000
4818.365000
4836.087000
4843.498000
4849.523000
4853.831000
4857.578000
4862.495000
4901.122000
4943.029000
4991.732000
5017.126000
5040.330000
5051.746000
5067.069000
5078.089000
5089.156000
5095.431000
5107.915000
5111.638000
5119.141000
5131.498000
5144.107000
5164.632000
5191.212000
5211.014000
5241.784000
5266.854000
5296.343000
5313.848000
5340.544000
5360.433000
5378.129000
5393.830000
5409.095000
5416.847000
5420.193000
5421.354000
5428.761000
5436.818000
5440.772000
5444.870000
5453.519000
5459.140000
5463.218000
5465.156000
5467.705000
5468.597000
5468.597000
5469.422000
5470.639000
5474.845000
5476.783000
5476.960000
5476.984000
5477.055000
5477.325000
5477.431000
5477.909000
5479.568000
5482.680000
5488.536000
5507.490000
5522.991000
5556.454000
5584.763000
5613.969000
5624.736000
5643.338000
5659.196000
5683.082000
5709.679000
5736.882000
5756.082000
5784.688000
5810.926000
5836.050000
5855.420000
5872.682000
5883.617000
5888.374000
5889.880000
5895.326000
5910.891000
5915.588000
5921.111000
5931.118000
5939.941000
5946.335000
5953.687000
5966.873000
5974.279000
5981.833000
5991.924000
6007.144000
6016.039000
6028.379000
6037.231000
6052.437000
6065.218000
6075.550000
6093.721000
6133.663000
6166.080000
6198.630000
6215.335000
6228.727000
6235.602000
6243.811000
6253.640000
6286.786000
6306.242000
6326.467000
6345.122000
6383.468000
6412.832000
6446.643000
6462.829000
6489.464000
6514.283000
6545.466000
6576.857000
6632.693000
6673.706000
6714.904000
6748.104000
6801.131000
6835.722000
6881.731000
6926.879000
6958.965000
7007.373000
7057.030000
7090.521000
7121.487000
7138.998000
7158.966000
7179.059000
7199.327000
7205.638000
7207.003000
7207.458000
7207.630000
7207.897000
7208.064000
7210.803000
7233.148000
7242.001000
7253.419000
7256.482000
7260.615000
7262.950000
7267.425000
7268.606000
7273.193000
7277.845000
7280.630000
7284.756000
7285.563000
7286.676000
7289.896000
7296.401000
7307.373000
7315.035000
7317.975000
7319.177000
7322.076000
7330.791000
7334.293000
7336.623000
7342.926000
7346.489000
7353.488000
7364.382000
7380.481000
7392.083000
7398.713000
7401.947000
7402.796000
7403.040000
7404.833000
7410.320000
7411.906000
7411.948000
7412.104000
7418.602000
7425.182000
7427.962000
7428.197000
7428.354000
7428.549000
7428.696000
7429.417000
7433.677000
7442.116000
7443.254000
7443.387000
7443.454000
7443.497000
7443.504000
7443.523000
7446.103000
7447.086000
7447.096000
7459.056000
7498.889000
7514.467000
7524.326000
7525.390000
7531.948000
7535.814000
7548.070000
7553.978000
7555.915000
7556.119000
7556.258000
7556.463000
7556.604000
7556.855000
7557.058000
7557.323000
7557.380000
7557.419000
7559.475000
7565.387000
7571.835000
7589.320000
7603.214000
7617.510000
7627.567000
7635.960000
7648.473000
7659.448000
7669.465000
7679.024000
7686.306000
7697.415000
7701.978000
7708.714000
7717.947000
7732.692000
7754.966000
7768.926000
7785.370000
7803.416000
7813.286000
7819.806000
7825.711000
7845.690000
7855.980000
7861.695000
7865.900000
7882.032000
7902.771000
7911.620000
7918.273000
7926.039000
7936.020000
7947.016000
7952.024000
7957.386000
7970.618000
7989.076000
8009.451000
8016.764000
8026.638000
8042.164000
8054.638000
8071.208000
8090.500000
8112.569000
8130.679000
8151.218000
8169.402000
8185.893000
8205.559000
8224.733000
8243.503000
8264.571000
8278.546000
8291.938000
8298.119000
8302.533000
8303.234000
8303.772000
8305.520000
8307.679000
8313.295000
8317.491000
8317.973000
8318.468000
8319.029000
8319.635000
8319.839000
8322.446000
8323.689000
8331.364000
8337.352000
8341.256000
8345.915000
8352.526000
8356.082000
8363.434000
8370.117000
8375.675000
8377.932000
8380.055000
8382.994000
8389.183000
8394.761000
8405.688000
8417.620000
8432.780000
8436.989000
8444.665000
8447.859000
8453.052000
8456.780000
8459.668000
8460.733000
8461.183000
8461.309000
8461.375000
8463.801000
8466.131000
8467.355000
8468.445000
8470.231000
8472.945000
8475.241000
8475.795000
8476.054000
8476.236000
8476.339000
8477.670000
8485.373000
8492.356000
8501.772000
8510.684000
8521.423000
8536.391000
8547.138000
8561.066000
8568.746000
8575.282000
8581.261000
8587.814000
8596.349000
8605.616000
8614.335000
8621.912000
8624.886000
8625.862000
8626.046000
8626.073000
8626.188000
8631.756000
8637.274000
8639.058000
8645.566000
8648.574000
8660.456000
8675.865000
8686.093000
8687.390000
8687.454000
8698.032000
8698.918000
8704.390000
8705.990000
8706.155000
8707.132000
8716.671000
8728.237000
8744.112000
8758.739000
8782.739000
8793.554000
8794.705000
8799.556000
8809.698000
8813.299000
8820.035000
8823.461000
8825.212000
8825.482000
8825.735000
8830.458000
8832.821000
8834.373000
8838.198000
8840.232000
8844.965000
8853.471000
8857.252000
8859.381000
8859.381000
8859.381000
8859.381000
8859.381000
8859.381000
8859.413000
8859.700000
8861.978000
8868.868000
8872.017000
8873.307000
8873.628000
8874.407000
8878.772000
8886.684000
8893.458000
8906.122000
8918.753000
8934.778000
8939.071000
8948.893000
8972.160000
9006.158000
9029.469000
9047.658000
9068.518000
9082.748000
9094.633000
9119.937000
9127.394000
9134.726000
9136.298000
9142.140000
9149.464000
9157.400000
9158.337000
9158.524000
9158.575000
9169.005000
9172.635000
9173.140000
9173.373000
9173.922000
9174.010000
9174.515000
9174.949000
9174.963000
9174.963000
9175.012000
9175.044000
9175.780000
9178.745000
9181.701000
9184.612000
9190.059000
9192.420000
9195.095000
9198.735000
9200.900000
9201.169000
9201.270000
9204.117000
9207.458000
9211.688000
9215.814000
9219.378000
9233.917000
9264.798000
9284.070000
9296.520000
9319.400000
9339.190000
9350.662000
9358.455000
9365.957000
9372.229000
9377.296000
9391.295000
9401.292000
9405.999000
9406.906000
9412.498000
9412.700000
9412.721000
9412.881000
9416.848000
9425.192000
9426.971000
9427.823000
9428.343000
9428.343000
9428.343000
9429.280000
9429.390000
9430.561000
9433.881000
9434.124000
9434.392000
9440.436000
9442.909000
9443.812000
9445.433000
9447.232000
9447.505000
9447.643000
9448.135000
9464.011000
9472.935000
9497.782000
9511.412000
9518.009000
9528.477000
9534.612000
9544.558000
9558.466000
9561.503000
9563.059000
9564.935000
9566.096000
9567.132000
9567.281000
9567.384000
9567.442000
9567.520000
9567.698000
9567.751000
9567.758000
9567.758000
9567.758000
9567.758000
9567.758000
9567.758000
9567.758000
9567.758000
9567.758000
9567.758000
9567.758000
9567.766000
9567.840000
9567.877000
9567.893000
9567.901000
9567.906000
9571.777000
9576.070000
9580.987000
9583.890000
9586.757000
9587.950000
9589.046000
9596.608000
9604.612000
9616.785000
9624.503000
9628.174000
9630.293000
9635.446000
9641.309000
9650.119000
9658.944000
9672.855000
9678.857000
9684.745000
9698.093000
9717.715000
9728.596000
9732.142000
9733.446000
9736.460000
9737.800000
9766.015000
9775.460000
9791.084000
9807.800000
9823.732000
9834.223000
9841.037000
9847.342000
9861.954000
9873.793000
9883.310000
9889.353000
9901.217000
9921.303000
9951.545000
9971.704000
9978.528000
9979.619000
9980.334000
9982.936000
9983.123000
9983.164000
9983.173000
9983.191000
9983.482000
9986.436000
9996.206000
10013.353000
10024.471000
10031.808000
10036.944000
10040.767000
10046.978000
10052.590000
10061.187000
10064.199000
10064.851000
10077.418000
10083.231000
10090.356000
10095.162000
10099.670000
10102.288000
10105.800000
10113.380000
10114.547000
10115.123000
10115.316000
10115.452000
10115.648000
10115.855000
10115.863000
10115.897000
10115.904000
10115.982000
10116.231000
10116.902000
10117.081000
10117.136000
10117.142000
10117.147000
10117.154000
10117.233000
10117.271000
10118.149000
10119.019000
10119.182000
10119.278000
10119.288000
10119.720000
10126.074000
10128.034000
10128.547000
10128.547000
10128.547000
10128.547000
10128.547000
10128.547000
10128.547000
10128.547000
10128.547000
10128.547000
10128.547000
10128.547000
10128.557000
10128.608000
10128.812000
10128.907000
10129.100000
10129.517000
10131.953000
10132.790000
10133.196000
10133.579000
10133.579000
10133.579000
10133.661000
10133.979000
10134.292000
10134.696000
10135.238000
10135.440000
10135.685000
10135.757000
10135.764000
10135.769000
10135.827000
10135.871000
10135.920000
10135.979000
10136.084000
10136.146000
10136.217000
10136.248000
10136.268000
10136.278000
10136.282000
10136.285000
10136.285000
10136.299000
10136.307000
10136.314000
10136.345000
10136.371000
10136.483000
10136.621000
10136.668000
10136.674000
10136.682000
10136.715000
10136.753000
10136.822000
10142.034000
10155.310000
10166.168000
10170.946000
10177.744000
10199.902000
10215.790000
10219.441000
10221.902000
10235.377000
10253.713000
10261.707000
10265.331000
10265.937000
10267.473000
10269.308000
10269.777000
10269.816000
10269.832000
10269.838000
10270.373000
10270.678000
10270.708000
10270.908000
10271.420000
10271.527000
10271.551000
10271.580000
10271.745000
10271.967000
10272.016000
10272.018000
10272.023000
10272.035000
10272.064000
10272.096000
10272.184000
10272.222000
10272.565000
10272.607000
10272.607000
10272.607000
10272.633000
10272.799000
10272.826000
10272.852000
10273.181000
10273.443000
10276.681000
10278.115000
10278.948000
10279.298000
10279.447000
10279.626000
10279.872000
10283.705000
10285.957000
10287.032000
10289.411000
10292.662000
10294.999000
10295.809000
10296.065000
10296.235000
10296.304000
10296.416000
10296.441000
10296.468000
10296.516000
10296.520000
10296.597000
10296.617000
10296.882000
10297.301000
10297.973000
10298.055000
10300.211000
10306.493000
10309.532000
10309.632000
10309.657000
10309.673000
10309.688000
10309.710000
10309.737000
10309.766000
10311.199000
10314.392000
10316.021000
10316.416000
10316.512000
10316.551000
10316.565000
10316.639000
10316.658000
10316.671000
10316.687000
10316.705000
10316.785000
10316.824000
10317.065000
10317.164000
10317.164000
10317.177000
10317.260000
10317.360000
10317.462000
10317.545000
10317.580000
10317.602000
10317.664000
10317.704000
10317.736000
10317.753000
10317.801000
10317.883000
10317.923000
10317.928000
10317.981000
10318.130000
10318.259000
10318.303000
10318.335000
10318.643000
10319.385000
10319.398000
10319.403000
10319.412000
10319.445000
10319.467000
10319.506000
10319.549000
10319.569000
10319.593000
10319.625000
10319.636000
10319.636000
10319.642000
10319.686000
10319.701000
10319.701000
10319.701000
10319.748000
10319.809000
10319.877000
10320.940000
10322.831000
10325.331000
10330.409000
10331.523000
10333.531000
10334.051000
10334.194000
10334.430000
10334.564000
10334.672000
10334.774000
10334.885000
10340.173000
10342.887000
10343.250000
10343.559000
10343.793000
10343.979000
10344.144000
10344.183000
10344.216000
10344.233000
10344.241000
10344.245000
10344.247000
10344.247000
10344.247000
10344.247000
10344.250000
10344.258000
10344.270000
10344.270000
10344.270000
10344.284000
10344.324000
10344.362000
10344.434000
10344.456000
10344.506000
10344.518000
10344.561000
10344.566000
10344.573000
10344.577000
10344.577000
10344.577000
10344.577000
10344.577000
10344.577000
10344.607000
10344.638000
10344.780000
10344.815000
10344.893000
10344.924000
10344.947000
10344.980000
10345.000000
10345.038000
10345.108000
10345.162000
10345.259000
10345.333000
10345.546000
10345.645000
10345.675000
10345.713000
10345.713000
10345.715000
10345.715000
10345.715000
10345.715000
10345.741000
10345.769000
10345.826000
10345.870000
10345.883000
10345.885000
10345.887000
10345.887000
10345.909000
10345.919000
10345.929000
10345.995000
10346.001000
10346.042000
10346.082000
10346.109000
10346.159000
10346.178000
10346.192000
10346.193000
10346.193000
10346.196000
10346.206000
10346.209000
10346.212000
10346.245000
10346.261000
10346.271000
10346.292000
10346.311000
10346.333000
10346.352000
10346.361000
10346.375000
10346.416000
10346.449000
10346.461000
10346.461000
10346.461000
10346.461000
10346.461000
10346.461000
10346.461000
10346.461000
10346.476000
10346.504000
10346.689000
10346.904000
10346.990000
10346.999000
10347.137000
10347.320000
10347.589000
10347.707000
10347.731000
10347.768000
10347.803000
10347.823000
10347.914000
10350.327000
10358.412000
10360.077000
10363.007000
10365.111000
10366.502000
10372.254000
10377.082000
10381.311000
10395.202000
10395.594000
10395.820000
10395.942000
10397.053000
10397.147000
10397.180000
10397.223000
10397.237000
10397.300000
10397.745000
10397.943000
10398.072000
10398.900000
10419.810000
10427.583000
10432.878000
10436.449000
10440.725000
10449.470000
10450.597000
10451.340000
10452.096000
10457.891000
10462.439000
10462.838000
10463.128000
10463.449000
10464.504000
10464.545000
10464.572000
10464.599000
10464.603000
10464.603000
10464.621000
10464.655000
10470.467000
10480.321000
10491.746000
10501.501000
10507.940000
10508.826000
10511.595000
10521.155000
10523.974000
10524.525000
10524.622000
10524.778000
10525.221000
10525.256000
10530.607000
10530.940000
10537.066000
10547.428000
10554.895000
10557.958000
10559.129000
10559.939000
10561.446000
10561.473000
10561.559000
10561.659000
10561.724000
10561.743000
10561.754000
10561.760000
10561.766000
10561.774000
10561.833000
10561.943000
10561.979000
10562.016000
10562.046000
10562.274000
10562.294000
10562.342000
10566.234000
10577.318000
10578.122000
10581.736000
10588.624000
10589.446000
10594.594000
10596.363000
10608.070000
10611.043000
10612.430000
10612.635000
10616.447000
10620.341000
10621.016000
10621.441000
10621.984000
10625.781000
10625.810000
10625.927000
10629.258000
10631.088000
10632.573000
10634.955000
10635.138000
10635.266000
10635.338000
10638.491000
10639.638000
10639.850000
10640.369000
10640.732000
10641.065000
10641.078000
10642.090000
10648.196000
10651.756000
10652.970000
10655.036000
10661.019000
10665.206000
10665.580000
10674.040000
10680.674000
10682.340000
10682.637000
10689.652000
10689.720000
10691.412000
10692.158000
10693.854000
10696.293000
10696.450000
10697.482000
10700.817000
10702.635000
10705.278000
10706.773000
10707.994000
10708.979000
10710.887000
10712.334000
10714.427000
10716.522000
10719.633000
10721.788000
10723.570000
10724.964000
10726.711000
10727.844000
10729.769000
10733.234000
10739.462000
10740.178000
10740.222000
10740.259000
10740.259000
10740.288000
10740.328000
10740.400000
10740.475000
10740.551000
10740.687000
10740.746000
10740.836000
10740.906000
10740.941000
10740.952000
10741.605000
10741.728000
10742.050000
10751.430000
10761.965000
10765.553000
10767.329000
10767.674000
10767.674000
10767.753000
10768.776000
10769.604000
10773.450000
10773.775000
10773.805000
10775.671000
10776.901000
10776.975000
10776.995000
10777.100000
10777.115000
10777.115000
10777.139000
10777.256000
10777.638000
10778.579000
10778.984000
10779.121000
10779.277000
10779.302000
10779.323000
10779.342000
10779.351000
10779.366000
10779.397000
10779.407000
10779.610000
10779.660000
10779.718000
10779.728000
10779.784000
10779.789000
10779.877000
10779.926000
10779.986000
10780.063000
10780.120000
10780.242000
10780.393000
10780.422000
10780.516000
10780.760000
10780.889000
10780.960000
10780.960000
10780.960000
10780.960000
10780.960000
10780.960000
10781.022000
10781.105000
10781.183000
10781.263000
10781.791000
10795.713000
10806.757000
10810.894000
10819.941000
10838.140000
10846.738000
10851.190000
10853.039000
10853.732000
10854.521000
10854.582000
10854.774000
10856.158000
10862.101000
10863.349000
10864.002000
10864.878000
10865.156000
10865.309000
10865.309000
10865.462000
10865.525000
10865.569000
10865.612000
10865.668000
10865.733000
10865.838000
10865.838000
10865.838000
10865.838000
10865.838000
10865.838000
10865.838000
10865.838000
10865.838000
10865.838000
10865.838000
10865.838000
10865.838000
10865.838000
10865.932000
10865.961000
10866.045000
10866.071000
10866.111000
10866.127000
10866.327000
10866.339000
10866.339000
10866.339000
10866.339000
10866.339000
10866.339000
10866.339000
10866.339000
10866.349000
10866.506000
10866.886000
10867.521000
10867.649000
10868.758000
10870.064000
10872.441000
10874.585000
10877.838000
10878.431000
10878.603000
10878.635000
10878.799000
10878.893000
10878.995000
10879.307000
10879.456000
10879.472000
10879.491000
10879.497000
10879.514000
10879.543000
10879.572000
10879.635000
10879.670000
10879.688000
10879.764000
10879.856000
10880.024000
10880.045000
10880.365000
10880.533000
10880.609000
10880.662000
10880.712000
10880.714000
10880.737000
10880.753000
10880.758000
10880.782000
10880.807000
10880.866000
10880.901000
10880.916000
10880.979000
10880.982000
10881.083000
10881.180000
10881.212000
10881.231000
10881.231000
10881.231000
10881.231000
10881.231000
10881.231000
10881.231000
10881.231000
10881.231000
10881.231000
10881.231000
10881.231000
10881.231000
10881.231000
10881.231000
10881.231000
10881.231000
10881.231000
10881.250000
10881.284000
10881.293000
10881.360000
10881.387000
10881.458000
10881.525000
10881.674000
10881.712000
10881.761000
10881.809000
10881.882000
10882.989000
10883.847000
10884.089000
10884.315000
10884.446000
10884.446000
10884.446000
10884.446000
10884.446000
10884.473000
10884.873000
10886.600000
10886.672000
10886.732000
10886.765000
10886.839000
10886.916000
10886.969000
10886.984000
10886.984000
10886.984000
10886.984000
10886.984000
10886.984000
10886.984000
10886.984000
10887.023000
10887.074000
10887.099000
10887.099000
10887.099000
10887.099000
10887.102000
10887.170000
10887.474000
10887.532000
10887.532000
10887.532000
10887.532000
10887.532000
10887.532000
10887.532000
10887.532000
10887.532000
10887.532000
10887.532000
10887.532000
10887.532000
10887.532000
10887.532000
10887.532000
10887.551000
10887.589000
10887.625000
10887.650000
10887.696000
10887.707000
10887.732000
10887.776000
10887.841000
10887.866000
10887.882000
10888.086000
10888.508000
10888.877000
10889.187000
10892.763000
10893.090000
10893.249000
10894.724000
10897.229000
10899.603000
10907.865000
10911.091000
10911.319000
10913.863000
10915.024000
10915.067000
10915.159000
10921.338000
10925.195000
10925.364000
10925.701000
10925.730000
10925.791000
10925.812000
10925.857000
10925.914000
10926.304000
10928.536000
10930.607000
10931.072000
10931.202000
10931.212000
10931.231000
10932.313000
10936.757000
10937.942000
10938.255000
10938.526000
10938.533000
10938.537000
10938.559000
10938.585000
10938.613000
10938.647000
10938.652000
10938.660000
10938.775000
10942.271000
10944.511000
10945.966000
10946.531000
10953.698000
10954.450000
10957.137000
10957.451000
10957.702000
10957.927000
10957.949000
10957.971000
10957.984000
10957.988000
10958.019000
10958.081000
10958.128000
10958.152000
10958.165000
10958.169000
10958.169000
10958.172000
10958.175000
10958.187000
10958.200000
10958.335000
10958.359000
10958.368000
10958.386000
10958.399000
10958.401000
10958.446000
10961.097000
10962.251000
10965.858000
10968.326000
10972.483000
10974.965000
10979.061000
10982.134000
10982.484000
10982.491000
10984.511000
10989.691000
10990.454000
10990.470000
10990.470000
10990.470000
10990.470000
10997.376000
11000.510000
11002.701000
11008.771000
11016.175000
11027.229000
11038.479000
11047.722000
11051.105000
11052.231000
11053.043000
11053.236000
11053.344000
11053.477000
11053.515000
11053.624000
11053.656000
11053.674000
11053.679000
11053.690000
11053.712000
11053.745000
11053.778000
11053.816000
11053.853000
11053.858000
11054.020000
11054.394000
11054.569000
11054.733000
11054.830000
11054.944000
11054.994000
11055.036000
11055.158000
11055.447000
11055.456000
11055.473000
11055.488000
11055.588000
11055.593000
11055.600000
11055.623000
11056.365000
11056.802000
11056.957000
11057.379000
11062.055000
11068.713000
11071.761000
11073.692000
11074.640000
11075.740000
11076.162000
11076.222000
11076.319000
11076.437000
11077.043000
11077.059000
11077.209000
11077.325000
11077.342000
11077.376000
11077.445000
11077.484000
11077.497000
11077.504000
11077.518000
11077.525000
11077.530000
11077.534000
11077.536000
11077.537000
11077.552000
11077.553000
11077.553000
11077.557000
11077.585000
11077.587000
11077.600000
11077.627000
11077.628000
11077.630000
11077.640000
11077.659000
11077.669000
11077.675000
11077.675000
11077.675000
11077.682000
11077.684000
11077.692000
11077.695000
11077.713000
11077.738000
11077.749000
11077.770000
11077.785000
11077.806000
11077.808000
11077.809000
11077.809000
11077.809000
11077.810000
11077.810000
11077.810000
11077.812000
11077.812000
11077.812000
11077.812000
11077.813000
11077.816000
11077.819000
11077.822000
11077.835000
11077.849000
11077.865000
11077.889000
11077.896000
11077.906000
11077.913000
11077.917000
11077.961000
11077.982000
11078.005000
11078.016000
11078.040000
11078.057000
11078.089000
11078.221000
11078.269000
11078.345000
11078.382000
11078.399000
11078.432000
11078.458000
11078.462000
11078.468000
11078.478000
11078.593000
11078.859000
11078.993000
11078.995000
11078.995000
11078.997000
11079.003000
11079.004000
11079.058000
11079.087000
11079.093000
11079.094000
11079.104000
11079.104000
11079.104000
11079.108000
11079.119000
11079.123000
11079.145000
11079.159000
11079.176000
11079.186000
11079.187000
11079.189000
11079.194000
11079.200000
11079.336000
11079.338000
11079.342000
11079.352000
11079.359000
11079.377000
11079.437000
11079.458000
11079.495000
11079.531000
11079.641000
11079.679000
11079.687000
11079.693000
11079.757000
11079.815000
11079.905000
11079.911000
11079.913000
11079.916000
11079.916000
11079.917000
11079.920000
11079.927000
11079.937000
11079.940000
11079.945000
11079.956000
11079.956000
11079.966000
11079.977000
11079.988000
11080.285000
11080.674000
11080.701000
11080.702000
11080.702000
11080.702000
11080.751000
11080.766000
11080.781000
11080.784000
11080.786000
11080.786000
11080.786000
11080.786000
11080.788000
11080.788000
11080.788000
11080.789000
11080.796000
11080.797000
11080.802000
11080.815000
11080.827000
11080.828000
11080.828000
11080.834000
11080.846000
11080.848000
11080.849000
11080.854000
11080.864000
11080.869000
11080.872000
11080.903000
11080.956000
11080.972000
11080.976000
11080.982000
11080.993000
11081.006000
11081.009000
11081.009000
11081.013000
11081.017000
11081.049000
11081.091000
11081.134000
11081.152000
11081.202000
11081.217000
11081.224000
11081.229000
11081.231000
11081.250000
11081.265000
11081.273000
11081.279000
11081.290000
11081.327000
11081.375000
11081.394000
11081.440000
11081.449000
11081.463000
11081.476000
11081.492000
11081.507000
11081.507000
11081.507000
11081.508000
11081.515000
11081.516000
11081.516000
11081.516000
11081.519000
11081.521000
11081.540000
11081.546000
11081.548000
11081.563000
11081.575000
11081.578000
11081.578000
11081.580000
11081.580000
11081.580000
11081.583000
11081.583000
11081.590000
11081.617000
11081.631000
11081.652000
11081.674000
11081.724000
11081.930000
11082.011000
11082.056000
11082.139000
11082.178000
11082.215000
11082.259000
11082.266000
11082.270000
11082.284000
11082.286000
11082.306000
11082.320000
11082.357000
11082.726000
11082.812000
11083.210000
11083.354000
11083.570000
11083.880000
11083.897000
11083.901000
11083.906000
11083.967000
11084.202000
11084.348000
11084.454000
11084.605000
11084.692000
11084.847000
11085.224000
11085.333000
11085.557000
11085.629000
11085.763000
11085.815000
11085.923000
11086.216000
11086.299000
11086.375000
11086.502000
11086.566000
11086.619000
11086.642000
11086.748000
11086.792000
11086.813000
11086.835000
11086.840000
11086.842000
11086.842000
11086.842000
11086.846000
11086.846000
11086.849000
11086.849000
11086.851000
11086.852000
11086.859000
11086.862000
11086.868000
11086.869000
11086.871000
11086.871000
11086.872000
11086.874000
11086.874000
11086.874000
11086.874000
11086.874000
11086.874000
11086.874000
11086.875000
11086.875000
11086.875000
11086.876000
11086.881000
11086.900000
11086.925000
11086.929000
11086.930000
11086.930000
11086.930000
11086.933000
11086.933000
11086.935000
11086.936000
11086.940000
11086.946000
11086.950000
11086.961000
11086.974000
11086.980000
11087.007000
11087.054000
11087.081000
11087.084000
11087.085000
11087.090000
11087.092000
11087.092000
11087.097000
11087.101000
11087.103000
11087.106000
11087.108000
11087.108000
11087.108000
11087.108000
11087.108000
11087.110000
11087.114000
11087.115000
11087.117000
11087.117000
11087.120000
11087.124000
11087.127000
11087.127000
11087.132000
11087.132000
11087.132000
11087.132000
11087.132000
11087.132000
11087.139000
11087.139000
11087.140000
11087.140000
11087.148000
11087.150000
11087.150000
11087.152000
11087.152000
11087.152000
11087.159000
11087.208000
11087.222000
11087.290000
11087.290000
11087.290000
11087.296000
11087.299000
11087.304000
11087.305000
11087.307000
11087.311000
11087.313000
11087.315000
11087.336000
11087.386000
11087.421000
11087.421000
11087.421000
11087.421000
11087.421000
11087.423000
11087.425000
11087.426000
11087.431000
11087.467000
11087.486000
11087.523000
11087.529000
11087.540000
11087.546000
11087.560000
11087.582000
11087.652000
11087.678000
11087.685000
11087.691000
11087.696000
11087.696000
11087.696000
11087.696000
11087.696000
11087.696000
11087.696000
11087.696000
11087.696000
11087.696000
11087.697000
11087.700000
11087.707000
11087.712000
11087.712000
11087.712000
11087.712000
11087.712000
11087.712000
11087.712000
11087.712000
11087.712000
11087.712000
11087.712000
11087.712000
11087.712000
11087.712000
11087.712000
11087.712000
11087.712000
11087.712000
11087.712000
11087.712000
11087.712000
11087.712000
11087.712000
11087.712000
11087.712000
11087.712000
11087.712000
11087.712000
11087.712000
11087.712000
11087.712000
11087.712000
11087.712000
11087.712000
11087.712000
11087.712000
11087.712000
11087.712000
11087.712000
11087.712000
11087.712000
11087.712000
11087.712000
11087.712000
11087.712000
11087.712000
11087.712000
11087.712000
11087.712000
11087.712000
11087.712000
11087.712000
11087.712000
11087.712000
11087.712000
11087.712000
11087.712000
11087.712000
11087.712000
11087.712000
11087.712000
11087.712000
11087.712000
11087.712000
11087.712000
11087.712000
11087.712000
11087.712000
11087.712000
11087.712000
11087.712000
11087.712000
11087.712000
11087.712000
11087.712000
11087.712000
11087.712000
11087.712000
11087.712000
11087.712000
11087.712000
11087.712000
11087.712000
11087.712000
11087.712000
11087.712000
11087.712000
11087.712000
11087.712000
11087.712000
11087.712000
11087.712000
11087.712000
11087.712000
11087.712000
11087.712000
11087.712000
11087.712000
11087.712000
11087.712000
11087.712000
11087.712000
11087.712000
11087.712000
11087.712000
11087.712000
11087.712000
11087.712000
11087.712000
11087.712000
11087.712000
11087.712000
11087.712000
11087.712000
11087.712000
11087.712000
11087.712000
11087.712000
11087.712000
11087.712000
11087.712000
11087.712000
11087.712000
11087.712000
