4.89622
4.9582
6.14505
6.43833
6.82733
7.50451
7.62802
8.56366
8.70227
9.77152
10.6926
10.9635
12.0125
12.2937
12.4125
13.0952
13.2151
13.25
13.276
13.3124
13.3454
13.3767
13.4074
13.4408
13.4747
13.4935
13.5249
13.5565
13.5834
13.6177
13.6504
13.6768
13.7085
13.7452
13.7637
13.8057
13.8493
15.21
16.5739
17.9617
19.3673
20.0154
20.1718
21.491
21.6309
22.6922
22.8343
23.7644
24.2921
24.4211
25.6156
25.8948
27.1057
27.3602
28.6311
28.8225
30.0143
30.6931
30.7232
30.9664
30.9953
31.7997
31.8916
32.0125
33.2809
33.3155
33.3489
33.3819
33.6124
33.6527
33.685
33.7167
33.7479
33.7725
33.8047
33.8351
33.8727
33.9042
33.9349
34.052
34.3414
34.3767
34.4064
34.441
34.4646
34.4994
34.5267
34.5574
34.5863
34.6154
34.6526
34.6878
34.7263
34.7578
34.7998
34.8332
34.8613
34.8907
34.9335
34.9677
34.9968
35.0324
35.0554
35.0855
35.1267
35.1596
35.2007
35.2332
35.2676
35.2918
35.3325
35.3642
35.3993
35.4271
35.4569
35.492
35.5193
35.5562
35.6037
36.6987
36.7255
36.7584
36.7905
36.8213
36.8539
36.8781
37.6204
37.6491
37.6797
37.7054
37.7569
38.2791
38.3081
38.3351
38.3641
38.4155
38.449
38.4756
38.5102
38.549
38.577
38.6142
38.6433
38.6744
38.6984
38.7286
38.7574
40.1635
40.5655
40.5948
40.6254
40.6631
40.6958
40.7306
40.7592
40.8039
40.8349
40.8656
40.8965
40.9308
41.0158
41.0505
41.0808
41.1079
41.1388
41.167
41.2097
41.2431
41.2701
41.3093
41.344
41.3765
41.4048
41.4314
41.478
41.5057
41.5388
41.5701
41.6076
41.6377
41.6699
41.7011
41.7513
41.783
41.8138
41.8483
41.8852
41.9181
41.9453
41.9737
42.0069
42.0326
42.0662
42.0941
42.1331
42.1694
42.2007
42.2289
42.261
42.2943
42.3481
42.3768
45.6331
48.8693
50.2593
51.6156
52.2431
52.4138
53.678
53.8901
55.2294
55.4986
56.6981
56.9603
56.9892
57.2106
57.2421
57.2743
57.3023
57.3423
57.3721
57.402
57.4421
57.475
57.5027
57.5374
57.5636
57.5986
57.6239
57.655
57.6866
57.7164
57.7443
57.7738
57.8094
57.8411
57.8767
57.9037
57.9388
57.9666
58.0028
58.0248
58.0491
