0.004326
0.002827
0.000930
0.002459
0.001274
0.001016
0.001129
0.000551
0.001522
0.001733
0.000811
0.001382
0.002024
0.001118
0.002101
0.001393
0.002738
0.002959
0.002252
0.004862
0.002123
0.001886
0.002146
0.002626
0.001836
0.001237
0.002354
0.001125
0.001278
0.001518
0.002563
0.002139
0.002250
0.001878
0.000977
0.003430
0.005504
0.001762
0.001410
0.001127
0.001722
0.000892
0.001974
0.001846
0.002068
0.001959
0.002172
0.001758
0.001420
0.002076
0.002744
0.002237
0.002549
0.001485
0.002654
0.001767
0.001024
0.000985
0.002744
0.001115
0.001265
0.001715
0.001206
0.001277
0.001770
0.003120
0.001772
0.002567
0.001702
0.004148
0.001883
0.002289
0.002122
0.001932
0.002028
0.001995
0.002158
0.001752
0.001985
0.002400
0.001411
0.002353
0.001964
0.003597
0.001920
0.002190
0.002183
0.001535
0.001892
0.001814
0.003379
0.001705
0.004153
0.002045
0.001838
0.002464
0.002094
0.002205
0.005748
0.002589
0.002354
0.004869
0.002224
0.002598
0.004306
0.003085
0.001544
0.002282
0.003791
0.002069
0.004733
0.002503
0.003181
0.003671
0.002571
0.002539
0.002290
0.004927
0.003229
0.001230
0.001100
0.001391
0.001663
0.001135
0.002190
0.001280
0.001726
0.001238
0.001516
0.001274
0.002176
0.001633
0.001226
0.001076
0.000796
0.001833
0.001308
0.001017
0.001193
0.001009
0.000714
0.001780
0.001656
0.001143
0.000848
0.001222
0.001208
0.001226
0.001694
0.001374
0.001619
0.003114
0.001072
0.001165
0.001485
0.001459
0.001469
0.001484
0.001713
0.003120
0.001283
0.003138
0.001090
0.001100
0.001710
0.001464
0.001654
0.001821
0.001321
0.002305
0.001166
0.001255
0.001192
0.000842
0.001068
0.000855
0.001099
0.002401
0.001095
0.001636
0.001580
0.001538
0.001277
0.001549
0.001704
0.002914
0.001319
0.003586
0.001518
0.001554
0.001937
0.001875
0.001624
0.001742
0.005095
0.002982
0.003581
0.002841
0.003511
0.002162
0.008568
0.002647
0.005685
0.001876
0.005782
0.001871
0.003684
0.001805
0.001811
0.001497
0.001879
0.001966
0.001240
0.000957
0.000954
0.000777
0.001128
0.001666
0.001369
0.000811
0.001326
0.000994
0.001464
0.000815
0.000886
0.001809
0.000841
0.000754
0.000582
0.000658
0.001223
0.001686
0.000940
0.000545
0.001557
0.001524
0.001029
0.001206
0.002538
0.001113
0.001100
0.001353
0.000663
