164.429688
164.429688
164.429688
164.429688
164.429688
164.429688
164.785156
164.785156
164.785156
164.785156
164.785156
164.785156
164.785156
164.785156
164.785156
164.785156
164.785156
164.785156
164.785156
164.785156
164.785156
164.785156
164.785156
164.785156
164.785156
164.785156
164.785156
164.785156
164.785156
164.785156
164.785156
164.785156
164.785156
164.785156
164.785156
164.785156
164.785156
164.785156
164.785156
164.785156
164.785156
164.785156
164.785156
164.785156
164.785156
164.785156
164.785156
164.785156
164.785156
164.785156
164.785156
164.785156
164.785156
164.785156
164.785156
164.785156
164.785156
164.785156
164.785156
164.785156
164.785156
164.785156
164.785156
164.785156
164.785156
164.785156
164.785156
164.785156
164.785156
164.785156
164.785156
164.785156
164.785156
164.785156
164.785156
164.785156
164.785156
164.785156
164.785156
164.785156
164.785156
164.785156
164.785156
164.785156
164.785156
164.785156
164.785156
164.785156
164.785156
164.785156
164.785156
164.785156
164.785156
164.785156
164.785156
164.785156
164.785156
164.785156
164.785156
164.785156
164.785156
164.785156
164.785156
164.785156
164.785156
164.785156
164.785156
164.785156
164.785156
164.785156
164.785156
164.785156
