2.1471
2.63065
3.13064
3.63066
4.14693
4.63061
5.13067
5.63059
6.14511
6.63069
7.13064
7.63051
8.1327
8.63066
9.13059
9.63079
10.1459
10.6306
11.1307
11.6307
12.138
12.6307
13.1306
13.6306
14.146
14.6307
15.1307
15.6305
16.1458
16.6308
17.1306
17.6308
18.1317
18.6306
19.1306
19.6306
20.1446
20.6305
21.1307
21.631
22.1445
22.6307
23.1307
23.6308
24.1483
24.6306
25.1306
25.6307
26.1381
26.6307
27.1307
27.6306
28.1306
28.6312
29.1306
29.6307
30.1452
30.6306
31.1307
31.6307
32.1369
32.6319
33.1306
33.6306
34.1415
34.6306
35.1307
35.6307
36.132
36.6307
37.1306
37.6317
38.1451
38.6434
39.1306
39.6306
40.1539
40.6306
41.1388
41.6378
42.1472
42.6307
43.1307
43.6306
44.1422
44.6307
45.1307
45.6332
46.1333
46.6307
47.1307
47.6306
48.1467
48.6307
49.1306
49.6307
50.1318
50.6306
51.1307
51.6307
52.1499
52.6306
53.1306
53.6306
54.1408
54.6306
55.1306
55.6306
56.1418
56.6307
57.1305
57.6306
