2.14709
2.63062
3.13061
3.63064
4.14692
4.6306
5.13064
5.63057
6.14509
6.63066
7.13061
7.6305
8.13268
8.63063
9.13056
9.63076
10.1459
10.6306
11.1306
11.6306
12.138
12.6306
13.1306
13.6305
14.146
14.6306
15.1306
15.6305
16.1458
16.6307
17.1305
17.6307
18.1317
18.6306
19.1305
19.6306
20.1446
20.6305
21.1306
21.631
22.1445
22.6306
23.1306
23.6307
24.1483
24.6305
25.1306
25.6307
26.1381
26.6307
27.1306
27.6306
28.1306
28.6312
29.1306
29.6306
30.1452
30.6306
31.1306
31.6306
32.1369
32.6319
33.1306
33.6306
34.1415
34.6306
35.1307
35.6307
36.132
36.6307
37.1306
37.6316
38.1451
38.6434
39.1306
39.6306
40.1539
40.6306
41.1388
41.6377
42.1472
42.6306
43.1306
43.6306
44.1422
44.6306
45.1306
45.6332
46.1333
46.6306
47.1307
47.6306
48.1467
48.6306
49.1306
49.6306
50.1318
50.6306
51.1306
51.6306
52.1499
52.6306
53.1306
53.6306
54.1408
54.6306
55.1306
55.6306
56.1418
56.6307
57.1305
57.6306
