0.000000
0.000000
0.200000
0.700000
1.246667
1.886667
2.464733
3.313684
4.280462
5.099676
6.086171
7.071651
7.990847
8.972820
9.878337
10.873004
11.856951
12.847004
13.814972
14.689870
15.676014
16.644984
17.630398
18.619589
19.582522
20.241634
20.636858
21.434018
22.405231
23.403954
24.390020
25.450407
26.442465
27.433594
28.424285
29.415446
30.405797
31.338897
32.394468
33.386242
34.364119
35.353620
36.310542
37.289292
38.268069
39.302431
40.293166
41.285997
42.309305
43.321372
44.315849
45.365529
46.356016
47.347234
48.330107
49.316144
50.307247
51.206550
52.115336
53.053812
54.044390
55.034893
56.025306
57.015016
58.051727
58.740903
59.115612
59.823276
60.806114
61.788394
62.782018
63.837614
64.814694
65.788296
66.633643
67.167674
67.534215
68.057335
69.037517
69.343189
69.864126
70.785749
71.486157
72.033954
72.877063
73.821870
74.811202
75.802343
76.784826
77.765845
78.755126
79.811319
80.800080
81.790489
82.780740
83.761086
84.752729
85.820652
86.816002
87.806723
88.797594
89.788239
90.780902
91.769707
92.792290
93.757493
94.752283
95.741669
96.733037
97.724323
98.715671
99.772371
