0.008163
0.009137
0.006990
0.010332
0.006218
0.006811
0.008970
0.007468
0.010722
0.008828
0.006510
0.006301
0.005193
0.006370
0.008048
0.008016
0.006256
0.007419
0.007203
0.011520
0.008463
0.007066
0.007286
0.009411
0.006390
0.004391
0.004050
0.007545
0.004213
0.008298
0.008433
0.006705
0.008539
0.007095
0.005351
0.014633
0.013701
0.010152
0.011950
0.011502
0.010284
0.007215
0.010613
0.008769
0.009883
0.006481
0.008748
0.007601
0.004994
0.007531
0.007532
0.006128
0.008300
0.005316
0.006594
0.005809
0.006222
0.006472
0.009679
0.005824
0.004851
0.006967
0.005667
0.006559
0.007880
0.010219
0.005711
0.007470
0.005944
0.008384
0.006243
0.007145
0.007384
0.004012
0.005729
0.004631
0.005823
0.005915
0.005991
0.006020
0.004564
0.008330
0.007200
0.009857
0.006297
0.010754
0.008264
0.005063
0.007797
0.006758
0.012336
0.007836
0.012930
0.005430
0.006344
0.008158
0.006802
0.006042
0.014384
0.008886
0.008518
0.008719
0.006937
0.006650
0.015291
0.007091
0.004811
0.007499
0.008926
0.006474
0.012148
0.006669
0.011007
0.008205
0.008964
0.009994
0.012093
0.011223
0.009029
0.007696
0.005960
0.008396
0.010240
0.005955
0.009911
0.008694
0.010022
0.006004
0.009334
0.005086
0.011635
0.006030
0.008561
0.005759
0.005290
0.010053
0.005978
0.005228
0.009090
0.007643
0.004138
0.008105
0.009511
0.005744
0.005462
0.004990
0.004218
0.004928
0.005824
0.005673
0.004973
0.011544
0.004056
0.008792
0.007186
0.006891
0.006284
0.006894
0.007500
0.008106
0.006378
0.007723
0.007236
0.008563
0.008444
0.007028
0.008059
0.008829
0.006067
0.012079
0.007789
0.008414
0.007071
0.004141
0.006514
0.004423
0.007248
0.007232
0.005286
0.004927
0.006949
0.008485
0.009038
0.007409
0.008602
0.010223
0.008661
0.008973
0.008616
0.007253
0.008322
0.005420
0.009678
0.007003
0.011290
0.011213
0.012041
0.011013
0.012532
0.005159
0.021211
0.004765
0.009243
0.007977
0.008447
0.005787
0.012088
0.005744
0.006753
0.004668
0.006842
0.005296
0.006798
0.006427
0.005182
0.007115
0.008146
0.009822
0.005850
0.006346
0.005920
0.005092
0.012147
0.004531
0.004586
0.007177
0.005409
0.004716
0.006159
0.006845
0.008247
0.006602
0.006181
0.006285
0.009711
0.011287
0.005767
0.005557
0.007427
0.008215
0.007174
0.006520
0.001745
