0.000000
0.000000
0.153669
0.388547
0.537848
0.673440
0.746544
0.871676
0.991748
1.062089
1.148007
1.218941
1.267658
1.319239
1.352923
1.393683
1.425658
1.459638
1.485239
1.498733
1.520620
1.540985
1.560002
1.577729
1.589884
1.581189
1.551466
1.553024
1.564966
1.581176
1.593963
1.610622
1.621974
1.632806
1.642883
1.652414
1.660107
1.666832
1.678337
1.686005
1.691525
1.699568
1.704597
1.710388
1.714575
1.723679
1.729210
1.734585
1.740475
1.746722
1.751506
1.758250
1.762485
1.766546
1.770235
1.773867
1.776629
1.777913
1.778589
1.780238
1.783179
1.786759
1.789860
1.792840
1.796575
1.790799
1.775158
1.769834
1.772621
1.775450
1.778452
1.783044
1.784741
1.787028
1.786353
1.776851
1.762150
1.753983
1.756241
1.741909
1.732821
1.734881
1.730836
1.723238
1.722326
1.724749
1.727680
1.730483
1.733125
1.735785
1.738465
1.742549
1.744478
1.747603
1.750066
1.752269
1.754614
1.758565
1.760920
1.763130
1.764629
1.767432
1.769556
1.771564
1.773833
1.775659
1.777666
1.779535
1.781038
1.783240
1.785046
1.787986
