1.63386
1.63398
2.1476
2.63398
3.13555
3.63532
4.14749
4.63406
5.13526
5.65157
6.14557
6.6346
7.1349
7.64059
8.13415
8.63444
9.13567
9.65223
10.1464
10.634
11.1349
11.6522
12.1384
12.634
13.1354
13.6371
14.1464
14.6341
15.1345
15.6426
16.1471
16.6341
17.1348
17.656
18.1361
18.634
19.1347
19.6617
20.1453
20.634
21.1362
21.6416
22.1451
22.6354
23.1362
23.649
24.1488
24.634
25.1349
25.6451
26.1388
26.634
27.1344
27.6492
28.1339
28.6341
29.1343
29.6477
30.1457
30.6342
31.1354
31.6465
32.1374
32.6365
33.1347
33.6544
34.1419
34.6527
35.1339
35.6424
36.134
36.6343
37.1347
37.6388
38.1455
38.6435
39.1359
39.6484
40.1544
40.634
41.1393
41.6437
42.1479
42.634
43.1358
43.6453
44.1429
44.634
45.135
45.6349
46.1341
46.634
47.1351
47.6368
48.1472
48.634
49.1362
49.6425
50.1342
50.6344
51.1393
51.6407
52.1506
52.6353
53.1347
53.6472
54.1412
54.6356
55.1349
55.648
56.1422
56.634
57.134
57.6384
