0.000000
0.000000
35.157000
35.157000
36.654000
40.124000
43.265000
47.532000
52.837000
58.868000
71.648000
77.657000
85.303000
94.232000
102.272000
108.858000
117.167000
125.561000
133.082000
138.417000
145.074000
150.460000
158.034000
163.236000
169.944000
174.443000
175.212000
175.577000
175.961000
176.279000
176.393000
176.637000
176.948000
177.197000
177.418000
177.581000
177.828000
179.499000
183.104000
186.042000
190.945000
196.119000
202.905000
209.803000
218.124000
223.854000
228.767000
234.233000
242.614000
249.475000
255.223000
259.141000
264.693000
270.920000
277.922000
284.309000
294.962000
304.370000
316.630000
324.289000
335.290000
340.029000
344.989000
348.667000
353.508000
358.042000
359.088000
359.655000
360.254000
360.972000
361.121000
361.295000
363.016000
366.363000
367.171000
367.968000
368.454000
368.669000
368.984000
369.296000
369.837000
369.980000
370.099000
370.240000
370.333000
370.448000
370.587000
370.842000
370.869000
371.024000
371.543000
371.724000
372.581000
372.732000
373.073000
373.167000
373.296000
373.364000
373.435000
373.488000
373.526000
375.278000
383.718000
388.410000
395.448000
402.997000
409.465000
413.790000
419.784000
425.673000
431.425000
436.153000
442.729000
447.783000
