0.007830
0.006632
0.007400
0.006396
0.004465
0.005440
0.003881
0.004038
0.003639
0.004769
0.005471
0.004838
0.005088
0.004752
0.003503
0.003225
0.003867
0.003771
0.003241
0.003127
0.002767
0.002865
0.003325
0.003357
0.003454
0.003088
0.006814
0.005021
0.005182
0.006922
0.006881
0.006629
0.006318
0.004907
0.005897
0.004575
0.008509
0.006229
0.005996
0.005239
0.005804
0.005787
0.005208
0.006273
0.005469
0.006691
0.003805
0.003753
0.004331
0.004161
0.003742
0.005102
0.004116
0.006436
0.004158
0.005222
0.003544
0.003342
0.004123
0.004797
0.005505
0.003836
0.003870
0.003855
0.003905
0.003615
0.003636
0.003851
0.003500
0.003632
0.003883
0.003934
0.003887
0.008130
0.003980
0.004066
0.006334
0.003901
0.003230
0.003460
0.003221
0.003372
0.003386
0.003381
0.004410
0.003524
0.004866
0.004861
0.005712
0.006403
0.006522
0.006265
0.007122
0.008774
0.008433
0.006655
0.006557
0.006972
0.007770
0.004484
0.004081
0.003283
0.002781
0.003294
0.002851
0.003828
0.005191
0.006275
0.003853
0.003834
0.003615
0.003345
0.003412
0.005490
0.003396
0.002563
0.002362
0.003278
0.007239
0.007376
0.005327
0.005473
0.004994
0.005676
0.006443
0.006115
0.006080
0.005816
0.006172
0.004535
0.005884
0.006101
0.004711
0.006023
0.005080
0.004610
0.004824
0.004490
0.005834
0.003386
0.002671
0.002836
0.004479
0.004647
0.004967
0.006882
0.006377
0.005603
0.005588
0.006470
0.004653
0.003540
0.003348
0.004457
0.003240
0.004689
0.004924
0.005152
0.004821
0.004372
0.004307
0.005043
0.005202
0.007096
0.005344
0.004552
0.006707
0.007814
0.006685
0.008199
0.005818
0.005791
0.007486
0.005225
0.005121
0.006049
0.006908
0.004478
0.004648
0.004198
0.004092
0.004389
0.003947
0.003791
0.005241
0.006665
0.006805
0.006730
0.005626
0.005600
0.005563
0.006370
0.007118
0.006320
0.006270
0.004776
0.005525
0.006820
0.006544
0.007481
0.006967
0.005424
0.007384
0.007178
0.006692
0.005140
0.003084
0.005490
0.004427
0.005206
0.004983
0.004004
0.004127
0.004755
0.005013
0.004338
0.005406
0.006951
0.007389
0.007462
0.006737
0.008499
0.007150
0.006391
0.006457
0.006652
0.008971
0.008766
0.008144
0.009403
0.008708
0.007401
0.007050
0.007027
0.007306
0.005331
0.005432
0.004834
0.003950
0.003828
0.005203
0.005135
0.004896
0.004301
0.008285
0.004681
0.004866
0.010514
0.008834
0.003679
0.005584
0.009485
0.008442
0.008883
0.009147
0.009173
0.006413
0.004239
0.005752
0.006085
0.007616
0.007632
0.007870
0.007620
0.007732
0.007870
0.005337
0.007472
0.009331
0.005617
0.007336
0.008323
0.011942
0.006469
0.006424
0.006997
0.006348
0.005774
0.005765
0.004489
0.006284
0.006367
0.003434
0.003928
0.003365
0.002526
0.002361
0.007897
0.007317
0.007989
0.009367
0.009162
0.009431
0.007051
0.010931
0.009839
0.008081
0.006687
0.008051
0.006087
0.005287
0.007063
0.006469
0.006400
0.006319
0.008247
0.006902
0.006369
0.005899
0.005160
0.004427
0.004368
0.003431
0.003891
0.004572
0.004187
0.005178
0.003516
0.004423
0.006028
0.003831
0.004257
0.004462
0.004277
0.003596
0.004893
0.004300
0.002930
0.003899
0.005449
0.004028
0.005616
0.005873
0.006287
0.006126
0.007580
0.004880
0.006833
0.002959
0.003069
0.004404
0.002051
0.002424
0.007260
0.009182
0.006642
0.005603
0.007161
0.006294
0.006735
0.005637
0.006807
0.007114
0.009072
0.008905
0.006345
0.006894
0.005984
0.003725
0.003801
0.003331
0.004555
0.004196
0.004562
0.004506
0.003970
0.003668
0.004806
0.003618
0.003164
0.005339
0.006343
0.007821
0.006850
0.005167
0.005433
0.005149
0.004770
0.003054
0.003014
0.003452
0.003629
0.003650
0.003765
0.003679
0.003677
0.004010
0.004885
0.005182
0.005875
0.004534
0.004618
0.004018
0.003494
0.005563
0.011117
0.011389
0.010221
0.010607
0.003600
0.003830
0.002586
0.002301
0.003453
0.005961
0.007321
0.009952
0.009247
0.009148
0.009367
0.012511
0.009703
0.007928
0.004774
0.009635
0.009804
0.010894
0.010956
0.008718
0.008155
0.006181
0.006758
0.005991
0.004924
0.003309
0.004417
0.004310
0.004034
0.013191
0.008385
0.008580
0.007390
0.005270
0.006424
0.006440
0.017343
0.017241
0.014846
0.006189
0.006393
0.005370
0.005737
0.011747
0.011380
0.011024
0.008910
0.007125
0.006880
0.007928
0.005580
0.004942
0.002644
0.003314
0.003107
0.002221
0.002613
0.002810
0.004449
0.006013
0.004788
0.005586
0.005713
0.005041
0.006178
0.006556
0.004880
0.004739
0.005347
0.005735
0.005196
0.006038
0.006172
0.005835
0.005421
0.005576
0.005414
0.004234
0.005394
0.005286
0.004664
0.003711
0.005455
0.004694
0.006237
0.005863
0.006090
0.005095
0.005800
0.005308
0.005472
0.005265
0.004586
0.011355
0.006494
0.005504
0.011094
0.011288
0.009749
0.008691
0.008700
0.008703
0.009831
0.008141
0.008082
0.008079
0.008081
0.007215
0.005805
0.005401
0.003711
0.004581
0.003513
0.004845
0.004390
0.004262
0.003283
0.003501
0.002883
0.003982
0.003566
0.003130
0.003703
0.003829
0.004422
0.004400
0.004301
0.004629
0.005077
0.005099
0.005076
0.004765
0.004428
0.008739
0.008115
0.008388
0.007205
0.006217
0.006231
0.007790
0.007224
0.006075
0.006982
0.007068
0.007908
0.005342
0.006216
0.006151
0.005871
0.005940
0.004906
0.006357
0.004926
0.005550
0.005345
0.007265
0.007255
0.004508
0.005296
0.004562
0.005567
0.006723
0.005121
0.006173
0.004938
0.004265
0.006230
0.007066
0.005151
0.005533
0.004318
0.005533
0.004382
0.003894
0.007279
0.005256
0.004973
0.005223
0.005231
0.008606
0.007027
0.004725
0.003992
0.003328
0.003804
0.004418
0.006006
0.005166
0.005984
0.005121
0.006002
0.006060
0.006400
0.005685
0.006493
0.005710
0.005675
0.005511
0.003767
0.008356
0.007218
0.008921
0.006748
0.006687
0.004708
0.005707
0.006778
0.003293
0.003365
0.004935
0.005943
0.005843
0.007134
0.008002
0.007994
0.008648
0.008644
0.005512
0.006026
0.006366
0.005301
0.006659
0.005481
0.004761
0.005090
0.005013
0.003205
0.003346
0.004291
0.004985
0.003794
0.004909
0.004483
0.004308
0.005562
0.005916
0.006670
0.004242
0.004212
0.004368
0.004059
0.007260
0.006052
0.004922
0.004122
0.003150
0.002899
0.002291
0.003156
0.003256
0.003787
0.003146
0.002764
0.003429
0.003396
0.003070
0.007388
0.006324
0.005363
0.005337
0.005801
0.006124
0.005833
0.010874
0.013110
0.011172
0.012399
0.010031
0.009866
0.011208
0.010768
0.019409
0.014030
0.013515
0.005452
0.011232
0.008478
0.007776
0.005889
0.006105
0.006989
0.009011
0.005779
0.008303
0.006979
0.006714
0.006980
0.006405
0.004855
0.004811
0.005224
0.004827
0.005314
0.005642
0.010166
0.008987
0.009008
0.008919
0.008900
0.008904
0.011286
0.009290
0.009284
0.009285
0.009207
0.011200
0.012430
0.009121
0.009127
0.009154
0.008923
0.008958
0.009161
0.009383
0.009653
0.008873
0.008831
0.008830
0.009170
0.009232
0.008908
0.008942
0.008035
0.007904
0.008143
0.009331
0.008885
0.006551
