168.785156
168.785156
169.042969
172.910156
172.910156
172.910156
172.910156
172.910156
172.910156
172.910156
172.910156
172.910156
172.910156
172.910156
172.910156
172.910156
172.910156
172.910156
172.910156
172.910156
172.910156
172.910156
172.910156
172.910156
172.910156
172.910156
172.910156
172.910156
172.910156
172.910156
172.910156
172.910156
172.910156
172.910156
172.910156
172.910156
172.910156
172.910156
172.910156
172.910156
172.910156
172.910156
172.910156
172.910156
172.910156
172.910156
172.910156
172.910156
172.910156
172.910156
172.910156
172.910156
172.910156
172.910156
172.910156
172.910156
172.910156
172.910156
172.910156
172.910156
172.910156
172.910156
172.910156
172.910156
172.910156
172.910156
172.910156
172.910156
172.910156
172.910156
172.910156
172.910156
172.910156
172.910156
174.476562
174.476562
174.476562
174.476562
174.476562
174.476562
174.476562
174.476562
174.476562
174.476562
174.476562
174.476562
174.476562
174.476562
174.476562
174.476562
174.476562
174.476562
174.476562
174.476562
174.476562
174.476562
174.476562
174.476562
174.476562
174.476562
174.476562
174.476562
174.476562
174.476562
174.476562
174.476562
174.476562
174.476562
174.476562
174.476562
174.476562
174.476562
174.476562
174.476562
174.476562
174.476562
174.476562
174.476562
174.476562
174.476562
174.476562
174.476562
174.476562
174.476562
174.476562
174.476562
174.476562
174.476562
174.476562
174.476562
174.476562
174.476562
174.476562
174.476562
174.476562
174.476562
174.476562
174.476562
174.476562
174.476562
174.476562
174.476562
174.476562
174.476562
174.476562
174.476562
174.476562
174.476562
174.476562
174.476562
174.476562
174.476562
174.476562
174.476562
174.476562
174.476562
174.476562
174.476562
174.476562
174.476562
174.476562
174.476562
174.476562
174.476562
174.476562
174.476562
174.476562
174.476562
174.476562
174.476562
174.476562
174.476562
174.476562
174.476562
174.476562
174.476562
174.476562
174.476562
174.476562
174.476562
174.476562
174.476562
174.476562
174.476562
174.476562
174.476562
174.992188
174.992188
174.992188
174.992188
174.992188
174.992188
175.507812
175.507812
175.507812
175.507812
175.507812
175.507812
175.507812
175.507812
175.507812
175.507812
177.570312
177.570312
177.570312
177.570312
177.570312
177.570312
177.570312
177.570312
177.570312
177.570312
177.570312
177.570312
177.570312
177.570312
177.570312
177.570312
177.570312
177.570312
177.570312
177.570312
177.570312
177.570312
177.570312
177.570312
177.570312
177.570312
177.570312
177.570312
177.570312
177.570312
177.570312
177.570312
177.570312
177.570312
177.570312
177.570312
177.570312
177.570312
177.570312
177.570312
177.570312
177.570312
177.570312
177.570312
177.570312
177.570312
177.570312
177.570312
177.570312
177.570312
177.570312
177.570312
177.570312
177.570312
177.570312
177.570312
177.570312
177.570312
177.570312
177.570312
177.570312
177.570312
177.570312
177.570312
177.570312
177.570312
177.570312
177.570312
177.570312
177.570312
177.570312
177.570312
177.570312
177.570312
177.570312
177.570312
177.570312
177.570312
177.570312
177.570312
177.570312
177.570312
177.570312
177.570312
177.570312
177.570312
177.570312
177.570312
177.570312
177.570312
177.570312
177.570312
177.570312
177.570312
177.570312
177.570312
177.570312
177.570312
177.570312
177.570312
177.570312
177.570312
177.570312
177.570312
177.570312
177.570312
177.570312
177.570312
177.570312
177.570312
177.570312
177.570312
177.828125
177.828125
177.828125
177.828125
177.828125
177.828125
177.828125
177.828125
177.828125
177.828125
177.828125
177.828125
177.828125
177.828125
177.828125
178.085938
178.085938
178.085938
178.085938
178.085938
178.343750
178.343750
178.343750
178.343750
178.343750
178.343750
179.117188
179.117188
179.117188
179.117188
179.375000
179.375000
179.632812
179.632812
179.632812
179.632812
179.632812
179.632812
179.632812
179.890625
179.890625
179.890625
179.890625
179.890625
179.890625
179.890625
179.890625
179.890625
179.890625
179.890625
179.890625
179.890625
179.890625
179.890625
180.148438
180.148438
180.148438
180.148438
180.148438
180.148438
180.148438
180.148438
180.148438
180.148438
180.148438
180.148438
180.148438
180.148438
180.148438
180.148438
180.148438
180.148438
180.148438
180.148438
180.148438
180.148438
180.148438
180.148438
180.148438
180.148438
180.148438
180.148438
180.148438
180.148438
180.148438
180.148438
180.148438
180.148438
180.148438
180.148438
180.148438
180.148438
180.148438
180.148438
180.148438
180.148438
180.148438
180.148438
180.148438
180.148438
180.148438
180.148438
180.148438
180.148438
180.148438
180.148438
180.148438
180.148438
180.148438
180.148438
180.148438
180.148438
180.148438
180.148438
180.148438
180.148438
180.148438
180.148438
180.148438
180.148438
180.148438
180.148438
180.148438
180.148438
180.148438
180.148438
180.148438
180.148438
180.148438
180.148438
180.148438
180.148438
180.148438
180.148438
180.148438
180.148438
180.148438
180.148438
180.148438
180.148438
180.148438
180.148438
180.148438
180.148438
180.148438
180.148438
180.406250
180.406250
180.406250
180.406250
180.406250
180.406250
180.406250
180.406250
180.406250
180.406250
180.406250
180.406250
180.406250
180.406250
180.406250
180.406250
180.406250
180.406250
180.406250
180.406250
180.406250
180.406250
180.406250
180.406250
180.406250
180.406250
180.406250
180.406250
180.406250
180.406250
180.406250
180.406250
180.406250
180.406250
180.406250
180.406250
180.406250
180.406250
180.406250
180.406250
180.406250
180.406250
180.406250
180.406250
181.179688
181.179688
181.179688
181.179688
181.437500
181.437500
181.437500
181.437500
181.437500
181.437500
181.437500
181.437500
181.437500
181.437500
181.437500
181.437500
181.437500
181.437500
181.437500
181.437500
181.437500
181.437500
181.437500
181.437500
181.437500
181.695312
181.695312
181.695312
181.695312
181.695312
181.695312
181.695312
181.695312
181.695312
181.695312
181.695312
181.695312
181.695312
181.695312
181.695312
181.695312
181.695312
181.695312
181.695312
181.695312
181.695312
181.695312
181.695312
181.695312
181.695312
181.695312
181.695312
181.695312
181.695312
181.695312
181.695312
182.984375
182.984375
182.984375
182.984375
182.984375
182.984375
182.984375
182.984375
182.984375
182.984375
182.984375
182.984375
182.984375
182.984375
182.984375
182.984375
182.984375
182.984375
182.984375
182.984375
182.984375
182.984375
182.984375
182.984375
182.984375
182.984375
182.984375
182.984375
182.984375
182.984375
182.984375
182.984375
182.984375
182.984375
182.984375
182.984375
182.984375
182.984375
182.984375
182.984375
182.984375
182.984375
182.984375
182.984375
182.984375
