2.11731
2.62323
3.11734
3.62313
4.11732
4.63864
5.11736
5.61741
6.11726
6.61721
7.11729
7.61732
8.11743
8.61725
9.11735
9.61771
10.1173
10.6172
11.1175
11.6173
12.1173
12.6173
13.1174
13.6173
14.1173
14.6193
15.1173
15.6174
16.1174
16.6173
17.1173
17.6174
18.1173
18.6173
19.121
19.6173
20.1185
20.6174
21.1173
21.6173
22.1172
22.6187
23.1173
23.62
24.1179
24.6173
25.1174
25.6174
26.1174
26.6173
27.1178
27.6173
28.1204
28.6174
29.1173
29.6172
30.1173
30.6172
31.1173
31.6173
32.1173
32.6172
33.1172
33.6174
34.1173
34.6241
35.1173
35.6173
36.1173
36.6174
37.1173
37.6174
38.1173
38.6177
39.1173
39.6174
40.1173
40.6173
41.1189
41.6186
42.1173
42.6333
43.1183
43.6181
44.1213
44.6172
45.1219
45.6208
46.1216
46.6226
47.1173
47.6174
48.1233
48.6226
49.1215
49.6172
50.1215
50.6236
51.121
51.618
52.1246
52.6182
53.1172
53.6188
54.1307
54.6243
55.1173
55.6248
56.1237
56.6172
57.1194
57.6188
58.1299
58.6236
59.1281
59.642
60.1267
60.6266
61.1209
61.6283
62.1261
62.6282
63.1269
63.6289
64.1205
64.6303
65.1273
65.6272
66.1248
66.621
67.1254
67.6237
68.1321
68.6417
69.1295
69.6444
70.1309
70.6322
71.1314
71.6212
72.132
72.6246
73.1451
73.6321
74.132
74.6248
75.1319
75.6332
76.1321
76.6246
77.1303
77.6374
78.1325
78.6331
79.1322
79.6328
80.1323
80.63
81.1342
81.632
82.1327
82.64
83.1327
83.6421
84.1381
84.6413
85.1323
85.6541
86.141
86.6332
87.1569
87.6347
88.1325
88.6371
89.1352
89.6334
90.133
90.6403
91.1472
91.633
92.1337
92.6324
93.1339
93.6323
94.1444
94.6321
95.1332
95.633
96.1349
96.6546
97.1335
97.6329
98.133
98.6437
99.1328
99.6328
100.133
100.637
101.148
101.634
102.132
102.64
103.153
103.633
104.133
104.652
105.145
105.665
106.137
106.634
107.134
107.651
108.133
108.633
109.132
109.632
110.134
110.633
111.134
111.633
112.133
112.633
113.132
113.634
114.132
114.632
115.133
115.633
116.134
116.633
117.132
117.632
118.146
118.633
119.133
119.637
120.133
120.632
121.133
121.632
122.147
122.634
123.133
123.632
124.136
124.632
125.132
125.632
126.134
126.632
127.137
127.633
128.132
128.634
129.132
129.642
130.137
130.632
131.133
131.639
132.136
132.632
133.132
133.632
134.134
134.637
135.132
135.635
136.134
136.65
137.132
137.66
138.147
138.632
139.133
139.633
140.133
140.632
141.134
141.646
142.132
142.633
143.134
143.633
144.133
144.633
145.133
145.633
146.147
146.632
147.133
147.644
148.146
148.632
149.145
149.633
150.132
150.632
151.133
151.634
152.135
152.633
153.132
153.632
154.132
154.645
155.133
155.652
156.133
156.633
157.132
157.638
158.132
158.633
159.132
159.639
160.133
160.634
161.133
161.634
162.133
162.658
163.132
163.654
164.133
164.632
165.136
165.663
166.133
166.633
167.133
167.649
168.133
168.644
169.133
169.651
170.133
170.632
171.134
171.635
172.132
172.633
173.132
173.632
174.132
174.633
175.133
175.645
176.133
176.642
177.133
177.636
178.133
178.632
179.132
179.634
180.132
180.634
181.132
181.632
182.133
182.636
183.133
183.633
184.14
184.637
185.133
185.632
186.133
186.636
187.132
187.633
188.132
188.636
189.147
189.634
190.132
190.63
191.132
191.633
192.133
192.644
193.134
193.632
194.133
194.631
195.133
195.632
196.132
196.628
197.133
197.632
198.132
198.629
199.128
199.629
200.129
200.624
201.126
201.627
202.124
202.626
203.142
203.629
204.131
204.624
205.132
205.644
206.13
206.619
207.136
207.63
208.127
208.619
209.132
209.619
210.12
210.631
211.135
211.62
212.124
212.619
213.13
213.626
214.126
214.644
215.122
215.623
216.133
216.635
217.13
217.63
218.129
218.621
219.121
219.621
220.119
220.62
221.143
221.622
222.121
222.619
223.12
223.62
224.125
224.644
225.12
225.621
226.12
226.635
227.121
227.627
228.128
228.648
229.138
229.62
230.131
230.65
231.118
231.618
232.125
232.621
233.119
233.618
234.127
234.619
235.119
235.617
236.127
236.617
237.125
237.618
238.137
238.617
239.121
239.626
240.122
240.618
241.117
241.618
242.126
242.617
243.12
243.618
244.13
244.619
245.133
245.634
246.12
246.617
247.131
247.617
248.121
248.626
249.128
249.617
250.136
250.633
251.134
251.617
252.132
252.617
253.117
253.624
254.117
254.649
255.138
255.633
256.127
256.634
257.126
257.635
258.117
258.62
259.12
259.627
260.117
260.617
261.124
261.623
262.121
262.617
263.131
263.619
264.117
264.617
265.122
265.617
266.117
266.617
267.124
267.617
268.117
268.617
269.122
269.617
270.117
270.633
271.117
271.625
272.126
272.617
273.117
273.617
274.117
274.617
275.117
275.62
276.117
276.617
277.131
277.617
278.12
278.62
279.121
279.62
280.121
280.617
281.121
281.623
282.127
282.635
283.132
283.617
284.117
284.617
285.117
285.617
286.117
286.624
287.117
287.617
288.117
288.617
289.117
289.617
290.118
290.617
291.14
291.617
292.117
292.618
293.117
293.617
294.117
294.624
295.117
295.621
296.117
296.629
297.117
297.617
298.117
298.617
299.131
299.617
300.118
300.617
301.117
301.617
302.139
302.617
303.117
303.617
304.117
