0.001726
0.002048
0.001936
0.001816
0.002203
0.002522
0.001869
0.001998
0.002383
0.002761
0.002784
0.002882
0.003064
0.003719
0.002693
0.003154
0.003211
0.004436
0.003357
0.003688
0.003726
0.003750
0.003838
0.003569
0.003246
0.003759
0.004355
0.003411
0.003169
0.004168
0.003300
0.003224
0.003318
0.003471
0.003644
0.003762
0.003700
0.003809
0.004404
0.003855
0.004007
0.003989
0.004076
0.004108
0.005139
0.005052
0.003946
0.004270
0.004153
0.003979
0.003979
0.004340
0.003888
0.007070
0.004508
0.004222
0.003890
0.004344
0.004311
0.004775
0.003524
0.003127
0.003202
0.003056
0.003147
0.003247
0.003159
0.003579
0.003059
0.003531
0.003125
0.003415
0.003209
0.006531
0.003302
0.003507
0.003976
0.003424
0.003380
0.004432
0.003324
0.003277
0.003119
0.003523
0.003712
0.002924
0.002753
0.002824
0.003366
0.003185
0.003423
0.003461
0.003120
0.003012
0.003314
0.002890
0.002703
0.003559
0.003277
0.003300
0.003505
0.003633
0.003428
0.003418
0.003118
0.003532
0.003326
0.003576
0.003077
0.003393
0.003027
0.003146
0.003675
0.002731
0.002843
0.003158
0.002637
0.002948
0.002708
0.002910
0.003443
0.003365
0.003729
0.003614
0.003102
0.003361
0.003509
0.003467
0.003606
0.003444
0.004038
0.004156
0.004040
0.004282
0.004308
0.004258
0.004363
0.004032
0.003955
0.004787
0.004344
0.004381
0.003958
0.004448
0.004817
0.004918
0.004912
0.005052
0.005092
0.005611
0.005108
0.005303
0.005302
0.005472
0.005275
0.005579
0.005323
0.005612
0.005560
0.005380
0.005404
0.005739
0.005525
0.005395
0.005424
0.005299
0.005417
0.005397
0.005474
0.005935
0.005889
0.005514
0.006489
0.005233
0.005567
0.005988
0.005972
0.006218
0.006042
0.005774
0.005398
0.006246
0.006025
0.006203
0.006281
0.006305
0.006392
0.006166
0.006160
0.005734
0.006217
0.005776
0.006256
0.006452
0.006468
0.006420
0.006470
0.006541
0.006149
0.006922
0.007108
0.007030
0.006981
0.007250
0.006950
0.006709
0.006594
0.006610
0.007371
0.007879
0.008214
0.008051
0.007756
0.008085
0.008566
0.006407
0.006423
0.006285
0.006259
0.006428
0.006088
0.006320
0.006692
0.006701
0.006941
0.006629
0.006534
0.006384
0.006352
0.006331
0.006314
0.006302
0.011865
0.007842
0.006194
0.006930
0.007099
0.006785
0.006444
0.006699
0.006696
0.006502
0.006489
0.006688
0.006713
0.006966
0.007227
0.006770
0.006714
0.006377
0.006560
0.006390
0.005413
0.006234
0.005781
0.005976
0.006450
0.006058
0.006063
0.005858
0.005318
0.005918
0.005744
0.005782
0.006024
0.005864
0.006006
0.005885
0.005527
0.005705
0.005211
0.005363
0.005623
0.005601
0.005785
0.005868
0.005735
0.005650
0.005727
0.005843
0.005403
0.005552
0.005319
0.005384
0.006453
0.005825
0.005497
0.005480
0.005648
0.005247
0.005625
0.005401
0.006452
0.006551
0.006466
0.007048
0.006350
0.006162
0.006733
0.007294
0.006022
0.009288
0.005681
0.006189
0.005754
0.005218
0.005574
0.005949
0.005843
0.005618
0.005908
0.005912
0.006257
0.006752
0.005444
0.005655
0.005376
0.005544
0.005566
0.006051
0.005205
0.005247
0.007543
0.010443
0.005170
0.005357
0.005285
0.004887
0.006582
0.006249
0.006235
0.006219
0.005947
0.006706
0.012319
0.006346
0.006337
0.005958
0.006126
0.006429
0.005677
0.006042
0.006104
0.005593
0.006037
0.005761
0.005296
0.005276
0.005236
0.005220
0.005203
0.005104
0.005139
0.005605
0.005533
0.005748
0.005967
0.005831
0.005011
0.005201
0.005479
0.005331
0.005724
0.005730
0.005800
0.005669
0.006086
0.005525
0.005939
0.005993
0.006138
0.006664
0.007025
0.007075
0.006525
0.007133
0.006834
0.006412
0.006451
0.006629
0.005548
0.005224
0.005700
0.005534
0.005609
0.005421
0.005543
0.006178
0.005640
0.005802
0.005920
0.005663
0.005679
0.004869
0.004575
0.005441
0.005090
0.006990
0.006831
0.007068
0.006517
0.006913
0.006533
0.006038
0.006323
0.006031
0.005924
0.006490
0.006016
0.006184
0.005930
0.006714
0.006418
0.006102
0.006718
0.007599
0.007316
0.007332
0.006813
0.006481
0.006747
0.006402
0.007418
0.007382
0.008160
0.007611
0.006710
0.007367
0.007852
0.007844
0.007556
0.008402
0.008106
0.007638
0.007494
0.008295
0.007167
0.012094
0.007213
0.006288
0.006622
0.006180
0.007222
0.007533
0.006283
0.005719
0.005284
0.005171
0.005004
0.004646
0.004997
0.005557
0.004872
0.005270
0.005001
0.004959
0.005206
0.005587
0.004564
0.009136
0.004821
0.004824
0.004730
0.004773
0.004659
0.010026
0.004799
0.004578
0.004643
0.004656
0.004793
0.004611
0.004553
0.004710
0.004968
0.005216
0.004566
0.004492
0.004831
0.004525
0.004480
0.004707
0.004437
0.004027
0.004434
0.004486
0.004601
0.004181
0.004513
0.004282
0.004244
0.004072
0.003909
0.004366
0.004111
0.004220
0.005002
0.004829
0.005158
0.005318
0.005249
0.005766
0.005472
0.005260
0.005182
0.005497
0.005418
0.005370
0.005573
0.006132
0.006742
0.005975
0.006259
0.006352
0.005305
0.005326
0.005388
0.005669
0.005591
0.005136
0.005373
0.005502
0.005063
0.005660
0.005470
0.005027
0.005158
0.005258
0.005319
0.005116
0.005253
0.005269
0.005150
0.004845
0.005503
0.006062
0.007416
0.006617
0.006828
0.006549
0.006510
0.006441
0.005917
0.006144
0.006310
0.006220
0.006121
0.005828
0.006097
0.006001
0.005936
0.006145
0.005643
0.005535
0.005610
0.005771
0.005483
0.005796
0.005446
0.005483
0.005455
0.005307
0.005296
0.005101
0.004935
0.004781
0.004959
0.004999
0.005092
0.004774
0.004790
0.004969
0.004867
0.004671
0.004826
0.004899
0.004525
0.004503
0.005203
0.004861
0.004909
0.004992
0.005974
0.006114
0.006098
0.005972
0.005854
0.006206
0.006505
0.007776
0.006630
0.005841
0.006110
0.006197
0.006053
0.007943
0.007873
0.007346
0.008133
0.006751
0.007599
0.007310
0.007894
0.007530
0.006974
0.006536
0.006488
0.005980
0.005167
0.005384
0.005646
0.005148
0.005628
0.004976
0.004936
0.005187
0.005257
0.004963
0.005241
0.005357
0.005683
0.005670
0.005202
0.005610
0.005332
0.004920
0.005976
0.004855
0.004972
0.004021
0.004650
0.004400
0.004320
0.004052
0.004306
0.004088
0.004074
0.004393
0.004293
0.004010
0.004491
0.004951
0.005007
0.005291
0.005777
0.006163
0.005867
0.005437
0.005842
0.006116
0.005826
0.006237
0.005598
0.005638
0.005611
0.005424
0.005290
0.006447
0.004548
0.004777
0.004953
0.004718
0.004669
0.004699
0.005013
0.005238
0.004788
0.004687
0.004643
0.005069
0.004909
0.004924
0.004920
0.003299
0.006029
0.006450
0.006397
0.006202
0.006838
0.008203
0.006865
0.006364
0.006468
0.006530
0.006109
0.006450
0.006393
0.006403
0.006493
0.010727
0.006408
0.005896
0.005859
0.006027
0.003487
0.003413
0.003133
0.003346
0.003406
0.006300
0.003608
0.003583
0.003489
0.003690
0.006821
0.016351
0.003706
0.003299
0.003889
0.006112
0.003659
0.003609
0.003425
0.006124
0.005283
0.003150
0.003354
0.004657
0.003720
0.003423
0.003327
0.005008
0.003296
0.003220
0.006777
0.006430
0.006227
