0.000000
0.000000
0.233333
0.733333
1.286667
1.886667
2.485862
3.478189
4.457901
5.447818
6.426689
7.261003
8.078773
9.062543
10.093441
10.653906
10.952488
11.569745
12.522567
13.499255
14.550039
15.518441
16.508565
17.480105
18.460323
19.450600
20.426552
21.460663
22.449924
23.135823
23.722678
24.679698
25.508379
26.128956
27.108643
28.099191
29.089725
30.053572
30.887742
31.783339
32.796548
33.801955
34.765111
35.748472
36.728663
37.683627
38.642422
39.696494
40.688036
41.683177
42.655263
43.649743
44.633896
45.674368
46.604841
47.599450
48.586107
49.543895
50.498754
51.455185
52.505243
53.497679
54.509945
55.510840
56.499960
57.499740
58.494922
59.551553
60.541158
61.521916
62.521351
63.502084
64.466835
65.458006
66.432241
67.412529
68.403644
69.398591
70.374338
71.361384
72.338382
73.333502
74.311612
75.245555
76.219102
77.149811
78.174277
79.125642
80.123354
81.113930
82.097496
83.075629
84.043710
84.724339
85.057455
85.607850
86.477744
87.309267
87.749636
88.392420
89.416751
90.385217
91.312391
92.277152
92.909547
93.477769
94.411564
95.411248
96.397872
97.357964
98.340469
99.336492
100.411191
101.476462
102.474447
103.458923
104.449669
105.436231
106.421713
107.477211
108.420983
109.404656
110.358082
110.873780
111.340279
112.199249
113.258316
114.224021
115.229532
116.131102
117.030020
118.028883
118.986342
119.956072
120.845958
121.986217
122.978614
123.969004
124.851435
125.836040
126.817801
127.795693
128.773393
129.727205
130.657852
131.651706
132.676522
133.653912
134.644765
135.638721
136.629233
137.620710
138.651247
139.601664
140.601139
141.583929
142.571290
143.576668
144.567903
145.621376
146.609670
147.599368
148.586291
149.476665
150.205744
151.153359
152.207965
153.193101
154.126860
155.096294
156.092680
157.049638
158.100778
159.073740
160.066281
160.899683
161.712158
162.643425
163.624702
164.672137
165.649725
166.622419
167.612161
168.602821
169.586563
170.536569
171.508748
172.510383
173.527111
174.518024
175.478604
176.430872
177.503434
178.461109
179.294900
180.059430
181.044789
181.991345
182.982979
184.068635
185.063607
186.054222
187.037166
187.991641
188.892476
189.955377
190.916860
191.846672
192.765123
193.637575
194.595628
195.608967
196.465399
197.269133
197.910029
198.411006
199.276708
200.164260
201.204989
201.963634
202.213465
202.763626
203.690177
204.826542
205.842959
206.804116
207.749599
209.076690
210.469871
211.894320
213.220271
214.284936
215.801660
216.967587
217.938452
218.927137
219.943910
220.851963
221.892723
222.813091
223.781003
224.726123
225.703574
226.686562
227.675899
228.724819
229.676129
230.656825
231.643017
232.613717
233.637441
234.707382
235.682843
236.740888
237.737651
238.728728
239.648576
240.595773
241.508966
242.462560
243.452711
244.412594
245.134171
245.896060
246.843277
247.894308
248.882859
249.846128
250.473117
251.144370
252.075026
253.152696
254.101790
254.885677
255.534181
256.400507
257.366445
258.370039
259.390193
260.391079
261.358181
262.316875
262.918414
263.143741
263.931153
264.875929
265.872725
266.872368
267.875389
268.858692
269.832045
270.876434
271.811402
272.755162
273.762286
274.742011
275.700140
276.699798
277.771053
278.762419
279.753343
280.744214
281.734531
282.721783
283.777185
284.747148
285.725999
286.703342
287.616293
288.584474
289.506737
290.336327
291.206350
292.195515
293.193919
294.183418
295.173649
296.222540
297.198409
298.152043
298.953334
299.616983
300.484415
301.457126
302.514714
303.507703
304.492020
305.495395
306.483534
307.470883
308.454945
309.484897
310.462957
311.455280
312.444265
313.438832
314.430462
315.461771
316.434612
317.417842
318.401648
319.388771
320.379881
321.368850
322.419248
323.398601
324.388966
325.317801
326.083299
327.171678
328.541534
329.569498
329.865084
330.577633
331.618885
332.602487
333.592445
334.158863
334.533236
334.861908
335.699210
336.693185
337.693834
338.684343
339.737142
340.643735
341.531868
342.540020
343.522222
344.483719
345.537244
346.543273
347.517776
348.455577
349.447326
350.431943
351.423987
352.474246
353.430350
354.413543
355.401020
356.380200
357.359225
358.415939
359.406700
360.397718
361.380569
362.057466
362.369089
363.090924
363.465806
364.311546
365.477455
366.843150
368.134890
369.139084
369.944915
370.771282
371.543564
372.283347
373.256852
374.241308
375.250321
376.304725
377.299060
378.282925
379.282200
380.236478
381.200697
382.182529
383.241294
384.228499
385.219047
386.205364
387.195608
388.186985
389.245146
390.233381
391.217994
392.196910
393.189630
394.172127
394.925641
395.763750
396.744418
397.548579
398.263348
399.170440
399.865246
400.701586
401.812346
402.720653
403.136773
403.455233
404.301635
405.292296
406.339142
407.259142
408.115644
409.079464
410.027026
411.024063
412.012360
413.066308
414.069491
415.056288
416.037254
417.045456
418.033443
419.057143
419.950487
420.943929
421.939663
422.933913
423.866948
424.540471
424.759036
425.427139
426.415117
427.427560
428.412899
429.396416
430.388453
431.440483
432.084643
432.548137
433.451673
434.460502
435.448298
436.492815
437.458611
438.002192
438.345609
439.204000
440.193106
441.170779
442.119926
442.996896
443.973111
444.942939
445.833907
446.751244
447.671912
448.584707
449.551523
450.529569
451.247677
452.045974
453.038100
454.045477
455.043368
456.022128
457.012667
458.003528
458.994347
459.984505
461.039926
462.029278
463.013578
464.003520
464.998249
465.971841
467.024656
468.002949
468.993041
469.976027
470.846750
471.392322
472.231120
473.288845
474.275892
475.262638
476.252479
477.233372
477.986757
478.661264
479.544109
480.334864
481.095290
482.066162
483.054028
484.033593
485.087138
486.079650
487.070349
488.063587
489.049851
490.045444
491.028441
492.297537
493.792625
494.881843
495.386664
495.943249
496.404753
496.997571
497.955832
498.945321
499.875272
500.849583
501.828021
502.809802
503.839885
504.837076
505.816083
506.877174
507.860628
508.832510
509.685664
510.574963
511.556212
512.245703
512.644025
513.459690
514.449496
515.497456
516.490714
517.478413
518.467283
519.446184
520.320748
520.899572
521.782892
522.542524
522.842529
523.502539
524.419647
525.421671
526.477543
527.385053
528.175583
529.051669
530.036426
531.013785
531.983472
533.042480
534.009186
534.996540
536.002350
537.038230
538.026111
539.045316
539.934894
540.874236
541.558850
542.400739
543.293183
543.670928
544.148792
545.079622
546.188318
547.260007
548.070917
548.509951
548.963668
549.816653
550.773062
551.765706
552.755167
553.777154
554.805084
555.864177
556.867781
557.898918
558.900146
