4.85205
4.91515
5.46101
5.72039
6.7839
6.83539
7.44844
8.79085
9.96903
11.0503
11.1969
11.8543
12.1163
13.0588
13.4558
14.5137
14.7803
15.3173
16.2434
17.1769
17.452
17.4838
17.5761
18.9671
20.2494
21.4564
22.8963
23.1862
23.2269
23.5773
23.6065
23.6468
23.7068
24.1166
24.2515
25.5809
25.7187
26.4027
26.769
27.3493
27.712
27.7444
28.1092
28.1398
28.2384
28.2712
28.508
28.5418
28.5724
28.6142
28.6495
28.6837
29.5711
29.9696
30.0059
30.0423
31.3156
31.563
31.6012
32.7741
33.0359
34.2341
34.2618
34.2922
34.3211
34.3567
34.3801
34.4105
34.4405
34.4731
34.5072
34.5425
34.5709
34.6093
34.6452
34.6747
34.7077
34.751
34.7856
34.8161
34.8476
34.8849
34.9189
35.5669
35.8448
37.0343
37.1732
38.3758
38.9229
39.3079
40.2449
40.278
41.0438
41.3119
41.4463
41.4769
41.5146
41.5572
42.778
43.7218
44.1176
44.4994
44.905
44.9413
44.9691
46.1171
46.4916
46.9855
48.1785
48.205
49.3679
49.4022
49.4331
49.4651
49.9083
49.9342
49.9641
49.9988
50.0466
51.4355
52.4921
53.3887
53.5153
53.5479
54.3231
54.3541
55.5008
55.7671
55.8061
55.9179
57.3026
57.5288
57.9262
59.1197
59.1596
59.1927
59.6702
60.1794
60.3222
61.4983
61.5462
62.4593
62.7132
64.1079
64.9867
65.9431
66.1865
66.3309
66.5829
67.4512
68.1946
69.2603
69.3923
69.6751
70.5132
70.7751
71.443
72.2353
72.9226
72.9539
73.0438
73.0819
73.1135
73.1782
73.2152
73.247
73.2903
74.5132
75.0342
76.4099
76.5077
77.7188
77.8606
77.9157
77.9635
79.2117
79.3093
79.3545
79.4053
80.4637
81.4351
81.9693
82.2442
82.2734
83.0506
83.5737
83.6164
84.112
84.1667
84.1971
84.2446
84.2862
85.053
85.1888
85.5861
85.654
85.7208
85.7667
85.8213
86.6781
87.0492
87.0924
87.1772
87.2337
87.7208
88.9497
89.9866
90.2598
91.0609
91.7265
91.8568
93.0614
93.1917
94.1169
94.178
95.4346
95.4765
96.3706
96.4271
96.6794
96.7266
96.7802
97.8747
98.958
99.849
99.9109
101.038
101.439
101.481
101.525
101.573
102.764
103.056
103.098
103.174
104.372
104.427
104.46
104.499
104.528
104.559
104.587
104.652
104.695
104.741
104.785
104.827
104.876
104.952
104.988
105.023
105.07
105.119
105.181
105.232
105.279
105.319
105.36
105.416
105.454
105.5
105.541
105.584
105.664
105.71
105.764
105.866
105.937
105.982
106.021
106.055
106.099
106.163
106.205
107.584
107.626
107.701
107.73
108.236
108.274
108.307
108.357
108.409
109.7
110.557
110.921
111.029
111.312
112.689
114.063
114.106
115.487
116.865
116.937
118.045
119.42
120.597
121.107
121.165
121.206
121.253
122.354
122.717
122.746
122.777
123.839
124.439
124.718
125.763
125.791
126.977
127.111
128.429
128.465
129.551
129.924
129.954
130.708
130.749
131.408
132.034
132.173
132.207
132.247
132.291
132.326
133.704
134.3
134.341
135.255
136.65
137.51
137.659
137.699
137.735
137.777
137.815
137.848
137.924
139.307
140.176
141.62
142.426
142.565
143.933
145.303
146.693
147.505
147.544
147.574
147.601
147.667
147.709
147.757
149.171
150.554
151.503
151.767
152.834
153.926
154.581
154.619
154.86
155.253
155.37
155.68
156.189
156.986
157.534
157.935
158.594
159.278
159.79
159.94
160.461
160.866
161.256
162.677
162.714
163.654
165.044
165.11
165.17
165.229
165.285
165.321
165.697
166.473
166.867
166.95
167.402
168.315
168.464
169.448
170.318
170.871
171.943
173.321
173.375
174.182
175.175
175.605
175.681
176.918
177.036
177.176
178.562
179.94
181.321
182.705
183.452
183.848
185.23
186.596
187.442
187.855
188.782
188.935
189.055
190.238
190.403
190.518
191.564
192.238
192.68
193.599
193.706
194.757
194.943
196.304
197.699
199.069
200.102
200.236
200.279
200.389
200.536
202.078
203.43
204.808
204.85
204.918
205.583
205.632
207.009
208.404
209.707
210.233
210.654
210.912
210.944
211.983
212.511
213.578
213.963
214.111
214.644
215.166
216.563
216.605
216.66
216.693
216.722
216.766
216.922
216.955
216.994
217.035
217.068
217.103
217.162
217.202
217.242
217.291
217.329
217.358
217.4
217.439
217.479
217.515
217.549
217.589
217.612
217.672
217.714
217.745
217.785
217.825
217.862
217.908
217.947
217.983
218.028
218.071
218.113
218.165
218.217
219.585
220.968
221.106
221.17
221.319
221.465
221.511
221.564
221.714
221.87
223.252
224.644
225.968
226.368
226.656
227.17
227.561
228.106
228.143
228.648
228.681
228.715
228.755
228.782
228.816
228.853
228.914
228.946
228.974
229.017
229.057
229.096
229.138
229.182
229.22
229.263
230.65
230.694
232.065
233.434
233.794
235.047
235.966
236.01
236.116
236.771
238.159
238.915
239.169
239.312
240.684
241.167
241.84
241.885
241.966
242.37
242.407
243.709
243.751
243.831
243.864
243.902
244.362
244.4
244.43
244.463
244.5
244.757
244.904
245.434
245.462
245.493
245.521
245.566
245.594
245.623
245.668
245.711
245.74
245.77
245.801
245.848
247.222
248.602
249.574
250.624
251.321
252.124
252.248
253.233
253.448
254.331
254.67
255.329
255.875
256.623
256.676
256.927
257.779
257.97
258.106
258.372
259.725
259.983
261.371
261.855
262.113
262.267
263.041
264.365
264.504
265.893
265.962
266.109
266.909
268.285
269.672
270.521
270.564
270.602
270.654
271.716
272.12
272.162
272.239
272.503
272.912
272.949
274.108
274.764
275.301
276.362
276.498
276.532
276.561
276.592
276.765
276.794
276.824
278.192
278.235
278.264
278.293
278.33
279.703
281.083
281.562
282.635
282.663
282.689
282.721
282.764
282.796
282.824
282.851
282.9
282.931
282.96
282.998
283.043
283.082
283.111
283.154
283.186
283.225
283.263
283.315
283.365
283.414
283.463
283.512
283.559
283.609
283.669
283.721
285.091
286.62
289.89
291.163
291.207
291.258
291.306
291.968
292.011
292.066
292.114
292.157
292.196
293.04
293.082
293.301
293.331
293.366
293.405
293.45
293.49
294.518
294.557
294.587
294.623
294.663
294.793
294.928
295.068
295.199
295.229
295.369
295.404
295.551
295.59
295.62
295.751
295.884
295.925
295.967
296.008
296.052
296.185
296.226
296.268
296.311
296.358
296.497
296.629
296.76
296.897
296.929
300.764
302.139
303.506
