0.006434
0.005776
0.008658
0.009358
0.008560
0.012113
0.008511
0.008488
0.007566
0.007687
0.007084
0.005279
0.007284
0.007609
0.006611
0.006803
0.006898
0.006813
0.007552
0.006696
0.006469
0.007489
0.007925
0.008591
0.008812
0.005405
0.008438
0.007348
0.007178
0.007089
0.005867
0.007592
0.007064
0.007171
0.007103
0.007631
0.009408
0.008095
0.005268
0.007294
0.007552
0.007866
0.008911
0.008204
0.006371
0.008106
0.007258
0.005549
0.005740
0.005425
0.007349
0.009793
0.007256
0.006616
0.007298
0.009179
0.006373
0.007058
0.009434
0.007545
0.009894
0.008141
0.007718
0.008154
0.006967
0.007824
0.006183
0.006084
0.006653
0.008915
0.007054
0.007632
0.006232
0.007263
0.006575
0.007610
0.007845
0.006919
0.007595
0.006864
0.007444
0.004985
0.007140
0.007776
0.008429
0.006851
0.008496
0.007271
0.007731
0.006697
0.005367
0.005694
0.006177
0.007779
0.007273
0.007711
0.005496
0.006343
0.008031
0.006425
0.008443
0.008629
0.005831
0.007422
0.006441
0.006958
0.010972
0.007284
0.007825
0.006506
0.005800
0.007483
0.007879
0.008582
0.007304
0.003810
0.004462
0.007792
0.008476
0.008273
0.006224
0.009940
0.005523
0.006827
0.007535
0.008553
0.009855
0.005869
0.008146
0.005892
0.007503
0.009506
0.008166
0.007720
0.006568
0.005517
0.006241
0.008109
0.008007
0.007513
0.006214
0.008359
0.009700
0.008658
0.006623
0.006334
0.007456
0.006825
0.006512
0.009578
0.009434
0.008317
0.005750
0.006705
0.005871
0.008372
0.006084
0.005481
0.005778
0.007530
0.005753
0.007128
0.008711
0.009031
0.005984
0.005313
0.008055
0.008066
0.006463
0.007760
0.008031
0.008335
0.008105
0.007932
0.006554
0.006156
0.006262
0.006711
0.009015
0.008886
0.006520
0.006599
0.007664
0.007143
0.007151
0.008036
0.006111
0.007833
0.005948
0.007426
0.005774
0.008125
0.007698
0.007930
0.007199
0.006430
0.008010
0.007547
0.005501
0.006762
0.007502
0.006412
0.005785
0.007411
0.008594
0.008203
0.007408
0.009698
0.009718
0.008480
0.008576
0.008745
0.005925
0.008716
0.008069
0.006411
0.008021
0.006445
0.006170
0.009088
0.010050
0.009771
0.009737
0.007478
0.007674
0.006386
0.006756
0.007362
0.006384
0.007695
0.006467
0.008071
0.007160
0.006682
0.007127
0.006953
0.005701
0.006980
0.006926
0.007334
0.006758
0.005850
0.007063
0.007195
0.010653
0.008322
0.009034
0.010627
0.010523
0.005155
0.009182
0.010844
0.011073
0.010306
0.009214
0.011507
0.007065
0.008553
0.008241
0.006101
0.010695
0.007212
0.009129
0.011808
0.010099
0.010318
0.004868
0.008082
0.009862
0.008046
0.010365
0.008887
0.008543
0.009017
0.008477
0.008833
0.007395
0.006781
0.005731
0.007351
0.008558
0.006558
0.006350
0.007840
0.007441
0.007630
0.005599
0.010837
0.011683
0.011373
0.007935
0.009110
0.005982
0.008579
0.010972
0.010153
0.007596
0.007153
0.006867
0.007565
0.006239
0.006006
0.007037
0.005275
0.007499
0.008016
0.007877
0.006686
0.007421
0.006687
0.007133
0.006163
0.007562
0.007097
0.007602
0.006316
0.007312
0.007418
0.007605
0.008812
0.007382
0.006885
0.008459
0.005613
0.005405
0.004577
0.009505
0.005074
0.008780
0.010051
0.007516
0.007465
0.006532
0.006237
0.007206
0.007603
0.006416
0.008047
0.007660
0.005521
0.008823
0.007025
0.005562
0.009834
0.011137
0.007241
0.005866
0.008608
0.008177
0.007694
0.005820
0.007602
0.009807
0.008411
0.011054
0.008164
0.007773
0.007229
0.007488
0.007924
0.005772
0.006088
0.008564
0.006679
0.007115
0.005373
0.007750
0.008111
0.006372
0.007198
0.007371
0.006812
0.008099
0.005476
0.006570
0.005970
0.005621
0.006979
0.005174
0.007102
0.006014
0.007766
0.007011
0.007475
0.007186
0.006305
0.007268
0.007667
0.005582
0.007927
0.006407
0.008267
0.008290
0.008545
0.006978
0.006325
0.007365
0.005965
0.006337
0.007552
0.006778
0.008531
0.008030
0.005372
0.010053
0.006025
0.008458
0.007169
0.008146
0.008882
0.009977
0.006131
0.009625
0.005529
0.007741
0.008832
0.008095
0.008301
0.005548
0.006838
0.007565
0.007969
0.005842
0.008477
0.005455
0.007348
0.007772
0.007865
0.016001
0.011821
0.010225
0.009894
0.006032
0.008651
0.008892
0.022337
0.022643
0.017291
0.007352
0.008300
0.007480
0.007773
0.011515
0.010002
0.008706
0.008514
0.005604
0.008694
0.010091
0.005133
0.006523
0.008534
0.008351
0.008316
0.005763
0.006551
0.007468
0.008004
0.007534
0.007890
0.005119
0.008234
0.007177
0.007759
0.008156
0.008055
0.008590
0.006901
0.009356
0.005438
0.006858
0.008991
0.005518
0.007130
0.007720
0.006716
0.006373
0.007524
0.009715
0.006413
0.003782
0.006531
0.003958
0.009296
0.007927
0.008478
0.008543
0.007956
0.006346
0.007248
0.007364
0.005430
0.014991
0.009725
0.010216
0.013085
0.015037
0.013438
0.012793
0.012785
0.013086
0.012122
0.012213
0.011670
0.011491
0.011664
0.011097
0.007631
0.008821
0.006600
0.006340
0.006612
0.009660
0.005874
0.005782
0.005362
0.008273
0.004367
0.007579
0.006892
0.004374
0.007784
0.004987
0.006537
0.009099
0.007328
0.005945
0.007996
0.006733
0.006372
0.007494
0.007774
0.008553
0.008998
0.008180
0.007320
0.005671
0.005978
0.008905
0.006247
0.008515
0.008085
0.006468
0.006890
0.007322
0.007929
0.006900
0.006226
0.007424
0.007409
0.006075
0.007526
0.007171
0.006531
0.007731
0.008726
0.007575
0.007334
0.005527
0.007249
0.005735
0.007154
0.008326
0.004992
0.005100
0.007574
0.007680
0.007366
0.007860
0.007416
0.009176
0.008101
0.008066
0.006988
0.009523
0.008545
0.008730
0.009239
0.009789
0.006393
0.007007
0.007174
0.007394
0.005674
0.007678
0.008331
0.005848
0.009252
0.008302
0.006777
0.007804
0.007559
0.008731
0.007740
0.007379
0.008338
0.008998
0.006421
0.006803
0.008047
0.006102
0.009012
0.006298
0.007608
0.008808
0.008764
0.009696
0.009596
0.008537
0.007231
0.008766
0.008840
0.006581
0.009374
0.009221
0.009248
0.006450
0.008466
0.008004
0.005601
0.008682
0.008699
0.008553
0.008852
0.006729
0.008791
0.009037
0.007087
0.007270
0.006708
0.008411
0.007668
0.009811
0.007843
0.007148
0.006483
0.006833
0.007978
0.006341
0.006469
0.009805
0.008231
0.006050
0.008837
0.007084
0.008403
0.004624
0.006781
0.007396
0.008950
0.007240
0.004719
0.007038
0.008341
0.008188
0.011476
0.012816
0.007324
0.008412
0.008342
0.010319
0.008153
0.011612
0.013670
0.013836
0.010891
0.013842
0.013553
0.010153
0.013907
0.015454
0.012408
0.010701
0.005034
0.007768
0.007051
0.006238
0.007015
0.006699
0.005897
0.006920
0.004018
0.008728
0.009254
0.006264
0.009288
0.009061
0.007349
0.007404
0.007903
0.007349
0.007771
0.008418
0.006865
0.006382
0.006788
0.006810
0.006920
0.007100
0.007085
0.006919
0.006582
0.006758
0.006493
0.006445
0.007385
0.006747
0.006823
0.006849
0.007791
0.008020
0.009196
0.008161
0.007702
0.008397
0.009196
0.008829
0.009392
0.009106
0.009641
0.009116
0.007832
0.005901
0.007239
0.011395
0.009368
0.008792
