2.1172
2.62318
3.11719
3.62309
4.11719
4.63859
5.11724
5.61727
6.11716
6.61715
7.11721
7.61722
8.1173
8.61719
9.11726
9.61758
10.1172
10.6172
11.1173
11.6172
12.1173
12.6172
13.1173
13.6172
14.1172
14.6193
15.1172
15.6173
16.1172
16.6172
17.1172
17.6172
18.1172
18.6172
19.1209
19.6172
20.1172
20.6173
21.1172
21.6172
22.1172
22.6187
23.1172
23.62
24.1179
24.6172
25.1173
25.6173
26.1173
26.6172
27.1177
27.6172
28.1204
28.6174
29.1172
29.6172
30.1172
30.6172
31.1172
31.6173
32.1172
32.6172
33.1172
33.6173
34.1172
34.6241
35.1172
35.6172
36.1172
36.6174
37.1172
37.6173
38.1172
38.6176
39.1172
39.6173
40.1172
40.6172
41.1189
41.6186
42.1172
42.6333
43.1182
43.618
44.1213
44.6171
45.1218
45.6207
46.1216
46.6225
47.1173
47.6173
48.1232
48.6225
49.1214
49.6172
50.1214
50.6235
51.1209
51.6179
52.1246
52.6181
53.1172
53.6187
54.1306
54.6243
55.1172
55.6248
56.1236
56.6172
57.1194
57.6187
58.1298
58.6235
59.128
59.642
60.1267
60.6266
61.1208
61.6283
62.1261
62.6282
63.1269
63.6289
64.1204
64.6303
65.1273
65.6272
66.1247
66.6209
67.1254
67.6236
68.132
68.6417
69.1295
69.6444
70.1309
70.6322
71.1314
71.6212
72.1319
72.6246
73.1451
73.6321
74.132
74.6248
75.1318
75.6332
76.132
76.6246
77.1302
77.6373
78.1324
78.6331
79.1321
79.6328
80.1322
80.6299
81.1341
81.632
82.1327
82.64
83.1326
83.6421
84.138
84.6413
85.1322
85.6541
86.141
86.6331
87.1569
87.6347
88.1325
88.637
89.1352
89.6334
90.133
90.6389
91.1472
91.6329
92.1336
92.6324
93.1338
93.6323
94.1444
94.6321
95.1331
95.633
96.1349
96.6545
97.1335
97.6329
98.1329
98.6436
99.1328
99.6328
100.132
100.637
101.148
101.634
102.132
102.64
103.153
103.633
104.133
104.652
105.145
105.665
106.137
106.634
107.134
107.651
108.133
108.633
109.132
109.632
110.134
110.633
111.133
111.633
112.133
112.633
113.132
113.633
114.132
114.632
115.133
115.633
116.134
116.632
117.132
117.632
118.146
118.633
119.133
119.637
120.133
120.632
121.133
121.632
122.147
122.634
123.133
123.632
124.136
124.632
125.132
125.632
126.134
126.632
127.137
127.633
128.132
128.634
129.132
129.642
130.137
130.632
131.133
131.639
132.136
132.632
133.132
133.632
134.134
134.637
135.132
135.635
136.134
136.65
137.132
137.659
138.147
138.632
139.133
139.633
140.133
140.632
141.134
141.646
142.132
142.633
143.133
143.633
144.133
144.633
145.133
145.633
146.147
146.632
147.133
147.644
148.146
148.632
149.145
149.633
150.132
150.632
151.133
151.634
152.135
152.633
153.132
153.632
154.132
154.645
155.133
155.652
156.133
156.633
157.132
157.638
158.132
158.633
159.132
159.639
160.133
160.634
161.133
161.634
162.133
162.658
163.132
163.654
164.133
164.632
165.136
165.663
166.133
166.633
167.133
167.649
168.133
168.644
169.133
169.651
170.133
170.632
171.134
171.633
172.132
172.633
173.132
173.632
174.132
174.633
175.133
175.645
176.133
176.641
177.132
177.636
178.132
178.632
179.132
179.634
180.132
180.634
181.132
181.632
182.133
182.636
183.133
183.633
184.14
184.637
185.133
185.632
186.133
186.636
187.132
187.633
188.132
188.636
189.147
189.634
190.132
190.63
191.132
191.632
192.133
192.644
193.134
193.632
194.133
194.631
195.133
195.632
196.132
196.628
197.133
197.632
198.132
198.629
199.128
199.629
200.129
200.624
201.126
201.627
202.124
202.626
203.141
203.629
204.131
204.624
205.132
205.644
206.13
206.619
207.136
207.63
208.127
208.619
209.132
209.619
210.12
210.631
211.135
211.62
212.124
212.619
213.13
213.626
214.126
214.644
215.122
215.623
216.133
216.635
217.13
217.63
218.129
218.62
219.121
219.621
220.119
220.62
221.143
221.622
222.121
222.619
223.12
223.62
224.125
224.644
225.12
225.621
226.12
226.634
227.121
227.627
228.128
228.648
229.138
229.62
230.131
230.65
231.118
231.618
232.125
232.621
233.119
233.618
234.127
234.619
235.119
235.617
236.127
236.617
237.125
237.618
238.137
238.617
239.121
239.626
240.122
240.618
241.117
241.618
242.126
242.617
243.12
243.618
244.13
244.619
245.133
245.634
246.12
246.617
247.131
247.617
248.121
248.626
249.128
249.617
250.135
250.633
251.134
251.617
252.132
252.617
253.117
253.624
254.117
254.649
255.137
255.633
256.126
256.634
257.126
257.635
258.117
258.62
259.12
259.627
260.117
260.617
261.124
261.623
262.121
262.617
263.131
263.619
264.117
264.617
265.122
265.617
266.117
266.617
267.124
267.617
268.117
268.617
269.122
269.617
270.117
270.633
271.117
271.625
272.126
272.617
273.117
273.617
274.117
274.617
275.117
275.62
276.117
276.617
277.131
277.617
278.12
278.62
279.121
279.62
280.121
280.617
281.121
281.623
282.127
282.635
283.132
283.617
284.117
284.617
285.117
285.617
286.117
286.624
287.117
287.617
288.117
288.617
289.117
289.617
290.118
290.617
291.14
291.617
292.117
292.618
293.117
293.617
294.117
294.624
295.117
295.621
296.117
296.629
297.117
297.617
298.117
298.617
299.131
299.617
300.117
300.617
301.117
301.617
302.139
302.617
303.117
303.617
304.117
