1.61917
1.61974
2.11931
2.62334
3.11935
3.62388
4.1203
4.63908
5.14537
5.63833
6.1205
6.62003
7.13765
7.64247
8.12004
8.61993
9.14675
9.64678
10.1205
10.6201
11.1195
11.6509
12.1197
12.6197
13.1394
13.647
14.1211
14.6203
15.1512
15.6485
16.1219
16.6201
17.1423
17.645
18.1351
18.62
19.1345
19.6454
20.1203
20.6207
21.1358
21.6406
22.1196
22.62
23.1505
23.6293
24.12
24.6201
25.1424
25.64
26.1202
26.6211
27.1426
27.6391
28.121
28.6202
29.1323
29.6241
30.1204
30.62
31.1411
31.6265
32.1204
32.6211
33.1314
33.6327
34.1203
34.6263
35.1373
35.6264
36.1198
36.6197
37.1433
37.6345
38.12
38.6199
39.1421
39.6341
40.1204
40.6197
41.1437
41.6332
42.1204
42.634
43.1359
43.6358
44.1219
44.62
45.1391
45.6422
46.1223
46.6238
47.12
47.6326
48.1385
48.6235
49.1222
49.6256
50.1353
50.624
51.1266
51.6263
52.1382
52.6241
53.1198
53.6345
54.1311
54.6253
55.1197
55.6345
56.1402
56.6194
57.1198
57.6393
58.1463
58.6241
59.1286
59.6547
60.1416
60.6272
61.1216
61.6447
62.1397
62.6292
63.1274
63.6439
64.133
64.6305
65.1279
65.6454
66.139
66.6212
67.1261
67.6494
68.1468
68.6421
69.1302
69.6583
70.1449
70.6327
71.1456
71.6323
72.1326
72.6253
73.1456
73.6409
74.1328
74.6255
75.1458
75.6421
76.1327
76.6252
77.1447
77.6518
78.133
78.6338
79.146
79.6402
80.1329
80.6304
81.1479
81.6416
82.1336
82.6408
83.1477
83.6543
84.1401
84.6449
85.1463
85.6675
86.1415
86.6338
87.1776
87.6586
88.133
88.6379
89.1498
89.6473
90.1335
90.6421
91.1477
91.651
92.1343
92.6429
93.1486
93.6458
94.1448
94.6328
95.1484
95.6423
96.1362
96.6564
97.1489
97.646
98.1336
98.6462
99.1476
99.6425
100.133
100.643
101.148
101.644
102.133
102.64
103.153
103.64
104.134
104.653
105.145
105.671
106.137
106.635
107.149
107.658
108.134
108.634
109.146
109.637
110.135
110.634
111.147
111.638
112.135
112.634
113.147
113.637
114.133
114.633
115.146
115.636
116.135
116.634
117.133
117.637
118.147
118.633
119.134
119.645
120.147
120.632
121.133
121.64
122.147
122.634
123.134
123.64
124.15
124.632
125.133
125.64
126.148
126.633
127.137
127.649
128.146
128.635
129.132
129.65
130.152
130.635
131.134
131.646
132.151
132.633
133.133
133.644
134.148
134.646
135.133
135.646
136.149
136.65
137.132
137.664
138.147
138.633
139.134
139.648
140.147
140.632
141.135
141.651
142.147
142.644
143.134
143.636
144.147
144.634
145.134
145.642
146.148
146.632
147.134
147.647
148.147
148.636
149.171
149.641
150.147
150.632
151.134
151.643
152.135
152.633
153.133
153.645
154.147
154.654
155.133
155.665
156.148
156.634
157.133
157.653
158.148
158.649
159.133
159.658
160.149
160.636
161.134
161.643
162.148
162.659
163.133
163.668
164.147
164.633
165.137
165.68
166.148
166.642
167.133
167.666
168.147
168.659
169.134
169.67
170.148
170.633
171.134
171.651
172.148
172.634
173.132
173.662
174.146
174.65
175.134
175.654
176.134
176.656
177.146
177.649
178.133
178.633
179.146
179.647
180.133
180.635
181.149
181.645
182.134
182.637
183.154
183.647
184.14
184.638
185.15
185.66
186.134
186.637
187.147
187.643
188.133
188.637
189.147
189.645
190.132
190.632
191.147
191.642
192.135
192.662
193.149
193.643
194.134
194.632
195.147
195.642
196.133
196.629
197.149
197.655
198.133
198.63
199.142
199.636
200.13
200.624
201.141
201.636
202.124
202.627
203.142
203.635
204.131
204.632
205.147
205.652
206.131
206.624
207.136
207.64
208.128
208.621
209.133
209.63
210.12
210.655
211.135
211.632
212.125
212.62
213.144
213.636
214.127
214.644
215.139
215.631
216.136
216.645
217.144
217.642
218.129
218.621
219.135
219.631
220.12
220.621
221.143
221.631
222.122
222.62
223.135
223.63
224.126
224.645
225.132
225.633
226.121
226.64
227.136
227.634
228.129
228.649
229.152
229.63
230.132
230.651
231.132
231.63
232.126
232.625
233.132
233.633
234.128
234.62
235.135
235.631
236.128
236.629
237.139
237.628
238.138
238.62
239.136
239.637
240.123
240.62
241.132
241.63
242.127
242.62
243.136
243.629
244.131
244.62
245.134
245.638
246.121
246.62
247.131
247.641
248.122
248.626
249.147
249.632
250.137
250.634
251.135
251.634
252.132
252.621
253.132
253.645
254.12
254.649
255.139
255.654
256.127
256.635
257.141
257.654
258.12
258.622
259.134
259.642
260.12
260.62
261.137
261.643
262.121
262.62
263.132
263.653
264.121
264.62
265.138
265.631
266.12
266.621
267.144
267.629
268.121
268.62
269.136
269.64
270.12
270.634
271.138
271.635
272.127
272.621
273.134
273.635
274.12
274.62
275.136
275.624
276.121
276.62
277.132
277.629
278.121
278.621
279.134
279.635
280.122
280.62
281.135
281.648
282.13
282.636
283.135
283.622
284.121
284.62
285.132
285.628
286.12
286.625
287.138
287.637
288.122
288.62
289.133
289.637
290.12
290.64
291.14
291.628
292.12
292.62
293.134
293.629
294.12
294.625
295.14
295.624
296.121
296.63
297.141
297.623
298.12
298.621
299.132
299.623
300.121
300.62
301.133
301.624
302.14
302.62
303.132
303.628
304.123
