0.000000
0.000000
0.002000
0.002000
0.678000
45.848000
50.729000
61.201000
71.442000
79.736000
85.886000
92.765000
98.809000
103.778000
107.845000
117.179000
137.510000
144.022000
163.242000
170.313000
183.246000
207.109000
218.100000
222.545000
230.126000
237.118000
248.606000
260.501000
276.442000
287.062000
296.360000
299.873000
305.174000
321.463000
324.297000
326.801000
330.274000
334.027000
340.531000
345.610000
347.960000
350.682000
355.084000
362.989000
375.879000
387.991000
392.773000
396.642000
399.486000
405.456000
419.883000
432.051000
451.923000
462.252000
471.180000
478.992000
481.630000
484.410000
489.351000
492.321000
496.255000
499.489000
503.985000
508.378000
511.156000
513.875000
518.387000
522.806000
527.372000
531.131000
535.765000
540.501000
545.542000
549.744000
560.018000
576.253000
589.765000
596.670000
608.164000
613.139000
618.318000
623.469000
630.281000
644.898000
654.854000
658.386000
663.445000
671.848000
678.625000
683.755000
692.480000
702.604000
719.244000
730.927000
747.153000
758.588000
766.434000
769.765000
771.585000
772.075000
772.330000
772.457000
772.635000
785.050000
799.889000
807.674000
813.927000
819.629000
826.424000
837.355000
856.519000
861.350000
867.806000
879.536000
897.786000
903.119000
908.335000
917.548000
928.773000
932.366000
939.836000
961.471000
972.928000
978.933000
991.032000
994.554000
994.782000
994.816000
1002.457000
1015.454000
1030.470000
1036.583000
1043.741000
1053.100000
1067.783000
1083.624000
1100.826000
1113.491000
1122.027000
1130.027000
1139.317000
1147.233000
1160.122000
1177.830000
1184.366000
1187.138000
1191.945000
1200.213000
1208.087000
1214.068000
1221.943000
1230.277000
1240.999000
1252.375000
1265.923000
1277.240000
1284.441000
1288.362000
1292.793000
1296.329000
1299.920000
1306.676000
1322.941000
1331.747000
1341.301000
1351.159000
1361.465000
1371.683000
1382.126000
1388.492000
1403.178000
1413.615000
1422.978000
1430.331000
1437.987000
1444.679000
1451.198000
1456.354000
1468.500000
1475.800000
1489.782000
1499.833000
1514.731000
1527.155000
1543.083000
1554.482000
1560.639000
1566.012000
1570.787000
1574.089000
1578.711000
1582.605000
1586.798000
1590.599000
1596.174000
1606.810000
1620.445000
1634.162000
1655.836000
1666.185000
1667.892000
1670.369000
1675.794000
1684.766000
1692.847000
1694.917000
1697.586000
1700.165000
1700.486000
1700.901000
1700.965000
1701.258000
1701.443000
1701.875000
1707.168000
1716.552000
1717.380000
1717.605000
1718.722000
1721.383000
1730.024000
1732.921000
1733.381000
1733.422000
1733.438000
1733.460000
1733.829000
1734.484000
1734.706000
1734.711000
1734.717000
1734.791000
1734.857000
1734.877000
1735.947000
1737.273000
1738.405000
1739.013000
1740.280000
1743.215000
1747.968000
1758.497000
1761.776000
1765.996000
1771.961000
1778.047000
1782.016000
1788.052000
1795.896000
1804.129000
1815.096000
1821.382000
1829.480000
1836.644000
1841.831000
1845.577000
1850.772000
1856.469000
1863.795000
1872.460000
1886.385000
1900.117000
1904.060000
1906.281000
1907.540000
1910.615000
1914.626000
1917.879000
1931.085000
1942.297000
1948.332000
1954.322000
1964.812000
1976.928000
1980.025000
1980.154000
1980.412000
1988.146000
1994.216000
1998.234000
2002.466000
2006.015000
2008.910000
2013.829000
2015.978000
2015.996000
2016.040000
2016.076000
2016.256000
2016.301000
2017.211000
2018.446000
2021.646000
2025.172000
2027.990000
2028.175000
2028.531000
2028.567000
2028.586000
2028.608000
2029.518000
2032.085000
2036.059000
2041.610000
2046.543000
2054.133000
2064.703000
2073.267000
2080.300000
2085.569000
2093.092000
2095.647000
2101.984000
2110.911000
2125.900000
2140.317000
2157.298000
2173.548000
2188.131000
2195.566000
2204.072000
2212.485000
2217.603000
2221.729000
2228.439000
2231.800000
2235.898000
2240.016000
2248.020000
2261.169000
2271.647000
2278.422000
2286.128000
2291.721000
2296.786000
2300.070000
2306.773000
2315.051000
2332.562000
2351.165000
2356.895000
2360.333000
2365.962000
2370.064000
2371.699000
2374.726000
2377.660000
2378.698000
2381.695000
2393.484000
2395.770000
2400.417000
2406.070000
2406.941000
2407.148000
2407.219000
2407.234000
2407.331000
2407.422000
2407.464000
2407.503000
2407.525000
2407.553000
2407.700000
2407.898000
2408.150000
2408.829000
2409.282000
2409.322000
2409.425000
2409.485000
2409.509000
2409.677000
2413.902000
2417.750000
2418.481000
2420.121000
2422.363000
2425.941000
2430.368000
2434.358000
2438.660000
2446.170000
2456.837000
2466.795000
2475.297000
2482.211000
2486.534000
2492.188000
2493.610000
2493.667000
2493.668000
2493.693000
2493.759000
2493.780000
2493.780000
2493.802000
2493.890000
2494.516000
2497.020000
2497.857000
2498.292000
2498.317000
2498.359000
2498.837000
2499.663000
2500.631000
2501.796000
2503.079000
2504.865000
2508.050000
2508.213000
2508.270000
2508.316000
2508.386000
2508.545000
2508.843000
2510.213000
2513.749000
2520.455000
2523.868000
2526.315000
2533.394000
2544.346000
2547.308000
2548.382000
2557.873000
2569.190000
2578.993000
2582.817000
2585.100000
2590.869000
2596.787000
2597.558000
2598.295000
2598.441000
2598.450000
2598.457000
2598.591000
2598.664000
2598.718000
2598.910000
2599.590000
2599.995000
2600.055000
2600.064000
2600.076000
2600.085000
2600.089000
2600.180000
2603.426000
2612.341000
2620.014000
2624.706000
2631.338000
2637.475000
2641.668000
2642.224000
2642.363000
2642.538000
2642.728000
2642.777000
2643.311000
2643.320000
2643.330000
2643.330000
2648.004000
2651.070000
2655.077000
2659.872000
2668.074000
2673.840000
2675.392000
2676.118000
2676.233000
2676.366000
2678.648000
2680.308000
2684.435000
2690.330000
2696.193000
2701.504000
2712.508000
2722.529000
2728.356000
2733.983000
2743.500000
2750.454000
2754.800000
2758.363000
2762.187000
2762.456000
2762.789000
2762.816000
2763.091000
2763.866000
2768.328000
2773.916000
2783.637000
2790.521000
2800.357000
2812.035000
2824.343000
2833.482000
2843.233000
2850.607000
2860.949000
2875.845000
2885.588000
2895.945000
2905.532000
2917.087000
2927.225000
2932.967000
2940.397000
2946.808000
2948.609000
2948.875000
2956.028000
2956.634000
2956.715000
2958.228000
2970.840000
2975.316000
2983.593000
2989.094000
2993.508000
3000.020000
3002.293000
3004.380000
3008.594000
3011.138000
3016.624000
3016.978000
3017.110000
3017.156000
3017.156000
3017.156000
3017.157000
3019.671000
3022.218000
3025.315000
3030.982000
3039.291000
3042.878000
3049.662000
3058.009000
3063.785000
3081.025000
3086.442000
3089.036000
3095.165000
3097.440000
3097.988000
3098.177000
3098.254000
3098.418000
3098.418000
3098.464000
3098.576000
3099.318000
3104.648000
3112.571000
3116.259000
3122.362000
3123.796000
3124.081000
3124.836000
3124.841000
3126.137000
3126.273000
3126.276000
3126.277000
3126.278000
3126.278000
3126.282000
3126.285000
3126.343000
3126.805000
3128.282000
3134.452000
3139.135000
3143.128000
3145.787000
3147.997000
3151.405000
3153.520000
3161.232000
3161.404000
3161.524000
3161.560000
3161.617000
3161.660000
3161.669000
3161.675000
3161.677000
3161.677000
3161.677000
3161.679000
3161.681000
3161.688000
3161.744000
3161.861000
3161.921000
3162.396000
3162.825000
3163.235000
