0.003409
0.004377
0.004245
0.004325
0.005161
0.006784
0.004767
0.004057
0.005036
0.005060
0.004059
0.004376
0.004314
0.006305
0.005760
0.005405
0.006260
0.007102
0.003412
0.003359
0.003723
0.005718
0.004281
0.005267
0.003810
0.004577
0.004429
0.004263
0.003615
0.003052
0.003640
0.003621
0.003631
0.003613
0.003629
0.004633
0.003960
0.004501
0.003617
0.003141
0.002841
0.003584
0.002342
0.002606
0.004071
0.003765
0.003181
0.004309
0.003842
0.009199
0.009557
0.009764
0.007564
0.008430
0.006087
0.004510
0.004910
0.004757
0.004193
0.005237
0.004834
0.004720
0.004041
0.004706
0.004727
0.005366
0.004366
0.003521
0.005082
0.002752
0.002690
0.005761
0.005658
0.004760
0.003937
0.004451
0.003714
0.005575
0.004680
0.005863
0.005298
0.006748
0.003890
0.004779
0.004052
0.003044
0.009118
0.004712
0.003383
0.004460
0.004834
0.005263
0.004325
0.009382
0.010215
0.007540
0.007995
0.006382
0.007224
0.006950
0.003617
0.003427
0.008914
0.008951
0.009867
0.007072
0.006255
0.005641
0.009286
0.008559
0.007977
0.006917
0.005524
0.006837
0.006715
0.004067
0.004369
0.003363
0.003005
0.003498
0.002698
0.001090
