162.546875
162.546875
171.347656
171.605469
171.605469
171.605469
171.605469
171.605469
171.605469
171.605469
171.605469
171.605469
171.605469
171.605469
171.605469
171.605469
171.605469
171.605469
171.605469
171.605469
171.605469
171.605469
171.605469
171.605469
171.605469
171.605469
171.605469
171.605469
171.605469
171.605469
171.605469
171.605469
171.605469
171.605469
171.605469
171.605469
171.605469
171.605469
171.605469
171.605469
171.605469
171.605469
171.605469
171.605469
171.605469
171.605469
171.605469
171.605469
171.605469
171.605469
171.605469
171.605469
171.605469
171.605469
171.605469
171.605469
171.605469
171.605469
171.605469
171.605469
171.605469
171.605469
171.605469
171.605469
171.605469
171.605469
171.605469
171.605469
171.605469
171.605469
171.605469
171.605469
171.605469
171.605469
171.605469
171.605469
171.605469
171.605469
171.605469
171.605469
171.605469
171.605469
171.605469
171.605469
171.605469
171.605469
172.343750
172.343750
172.343750
173.117188
173.117188
173.117188
173.117188
173.117188
173.117188
173.117188
173.117188
173.117188
173.117188
173.117188
173.117188
173.117188
173.117188
173.117188
173.117188
173.117188
173.117188
173.117188
173.117188
173.117188
173.117188
173.117188
173.117188
173.117188
173.117188
173.117188
173.117188
173.117188
173.117188
173.117188
173.117188
173.117188
173.117188
173.117188
173.117188
173.117188
173.117188
173.117188
173.117188
173.117188
173.117188
173.117188
173.117188
173.117188
173.117188
173.117188
173.117188
173.117188
173.375000
173.375000
173.375000
173.632812
173.632812
173.632812
173.632812
173.632812
173.632812
173.632812
173.632812
173.632812
173.632812
173.632812
173.632812
173.632812
173.632812
173.632812
173.632812
173.632812
173.632812
173.632812
173.632812
173.632812
173.632812
173.632812
173.632812
173.632812
173.632812
173.632812
