4.43453
5.0013
5.0499
5.15982
5.94363
6.34166
7.27343
7.40565
7.67168
8.58745
9.15217
10.0701
10.4712
11.013
11.1784
11.9536
12.3523
12.8744
13.6749
14.6045
15.008
15.405
15.4415
16.2055
16.8659
16.8959
17.145
17.1767
17.2644
17.2932
17.9431
18.4669
18.4947
18.5259
18.5543
18.5925
19.0157
19.1556
19.6672
21.0449
21.1451
21.2697
22.5916
22.859
24.1928
24.3436
24.4594
25.5382
25.7938
25.9557
27.337
28.7057
30.0701
30.3483
31.7262
32.4749
32.8706
34.2079
34.346
35.6099
35.7974
37.0084
37.2691
38.4775
38.7485
40.0687
40.3526
40.5985
41.6794
43.0275
43.1352
43.3966
44.7776
46.1487
46.8417
46.8853
47.8053
49.1929
49.9704
50.0713
51.1496
51.2751
52.3371
52.4776
53.8564
54.0698
54.5991
55.9702
57.272
58.3436
58.7419
58.8799
59.1434
59.2828
60.6637
62.0602
62.3396
63.275
64.1985
65.4007
66.4691
67.1398
68.0721
69.4611
70.8386
72.2033
73.5756
74.9489
75.8054
77.1806
78.5508
79.9361
81.321
81.5437
82.6602
82.8663
83.8004
84.5973
84.75
85.5345
85.5625
85.5861
