0.003014
0.001879
0.002082
0.002008
0.002131
0.002551
0.002538
0.002650
0.002539
0.002776
0.003006
0.003132
0.003458
0.003327
0.003555
0.004376
0.002864
0.003428
0.003380
0.003222
0.003392
0.003766
0.003540
0.002559
0.002572
0.002475
0.002974
0.002635
0.002707
0.002334
0.002754
0.002615
0.002787
0.002827
0.002475
0.002733
0.002896
0.002707
0.003093
0.003622
0.003924
0.003287
0.002615
0.002490
0.003332
0.002886
0.003006
0.002837
0.003032
0.003726
0.007311
0.006841
0.003445
0.003471
0.003247
0.004015
0.003720
0.004142
0.004195
0.003576
0.003363
0.003349
0.003279
0.003366
0.003366
0.002533
0.002830
0.002575
0.002774
0.003689
0.002546
0.002744
0.002697
0.002524
0.002683
0.002711
0.003078
0.003858
0.003988
0.003454
0.004017
0.003589
0.004221
0.003644
0.004483
0.004086
0.003428
0.003709
0.003870
0.003540
0.003676
0.002979
0.003106
0.003877
0.003598
0.003834
0.003967
0.003589
0.003348
0.003489
0.003704
0.003193
0.003230
0.002769
0.003201
0.003712
0.004014
0.005309
0.004119
0.005813
0.003855
0.004245
0.003417
0.003438
0.003514
0.002849
0.002445
0.002454
0.002563
0.002400
0.002319
0.003149
