4.43456
5.00132
5.04993
5.15984
5.94365
6.34169
7.27345
7.40569
7.67171
8.58748
9.15219
10.0701
10.4712
11.013
11.1785
11.9536
12.3523
12.8744
13.675
14.6045
15.008
15.405
15.4416
16.2055
16.8659
16.8959
17.145
17.1768
17.2645
17.2932
17.9431
18.467
18.4948
18.5259
18.5544
18.5925
19.0157
19.1557
19.6672
21.0449
21.1451
21.2697
22.5916
22.859
24.1929
24.3436
24.4594
25.5383
25.7938
25.9557
27.337
28.7057
30.0701
30.3483
31.7263
32.4749
32.8706
34.2079
34.346
35.6099
35.7974
37.0084
37.2692
38.4775
38.7485
40.0687
40.3526
40.5986
41.6794
43.0275
43.1352
43.3966
44.7777
46.1487
46.8417
46.8853
47.8053
49.1929
49.9704
50.0714
51.1496
51.2752
52.3371
52.4777
53.8564
54.0699
54.5992
55.9702
57.2721
58.3437
58.7419
58.8799
59.1434
59.2828
60.6637
62.0602
62.3396
63.275
64.1985
65.4008
66.4692
67.1398
68.0722
69.4611
70.8386
72.2033
73.5756
74.949
75.8054
77.1806
78.5508
79.9362
81.3211
81.5437
82.6602
82.8663
83.8004
84.5973
84.75
85.5346
85.5626
85.5861
