0.000000
0.133333
0.633333
1.166667
1.766667
2.337300
3.236270
4.267607
5.259666
6.242568
7.227794
8.104875
9.050711
10.035488
11.078731
12.059704
13.049605
14.023608
14.787958
15.486240
16.467322
17.497482
18.487609
19.478011
20.475099
21.439002
22.263170
23.297114
24.280221
25.264920
26.255762
27.217275
27.980719
28.838062
29.805643
30.553413
30.896863
31.237507
32.105749
33.064612
34.090533
34.954968
35.371132
35.748549
36.617969
37.603794
38.564983
39.630211
40.663073
41.394788
41.810830
42.574503
43.546395
44.537470
45.599879
46.596042
47.579993
48.582936
49.573399
50.562404
51.619471
52.600758
53.585872
54.569641
55.564193
56.556143
57.540099
58.597619
59.567687
60.526825
61.538370
62.510497
63.473521
64.546677
65.519632
66.451842
67.389956
68.167741
69.120847
70.110254
71.136072
72.092925
73.066830
74.009319
74.653956
74.946733
75.642173
76.681403
77.671648
78.661350
79.651269
80.639222
81.531405
82.264067
83.105742
84.049662
85.026392
86.012711
86.995889
87.987125
89.172441
90.335762
91.355956
92.348458
93.341540
94.300685
95.283926
95.698571
96.178968
97.058224
98.051939
99.036587
99.979485
101.055382
102.050241
102.991293
103.463910
103.874545
104.767842
105.759742
106.798563
107.779858
108.788424
109.789079
110.765115
111.755647
112.808826
113.803274
114.791047
115.766026
116.690505
117.679122
118.667873
119.605073
119.982419
120.602348
121.536241
122.532809
123.522559
124.581647
125.571420
126.560118
127.550658
128.545538
129.533851
130.522328
131.579111
132.566824
133.556765
134.547695
135.533758
136.466128
137.104991
137.539089
138.100008
139.059576
140.066360
141.056104
142.046624
143.100070
144.062033
145.054159
146.016122
146.981881
147.982246
148.702839
149.425854
150.396172
