2.09316
2.59311
3.0932
3.60354
4.09319
4.59318
5.09317
5.59331
6.09319
6.59315
7.09326
7.59317
8.09314
8.59324
9.09316
9.59321
10.0933
10.5933
11.0932
11.5934
12.0932
12.5932
13.1095
13.5932
14.0931
14.6046
15.0939
15.5932
16.0932
16.5932
17.0932
17.5932
18.0932
18.5933
19.0932
19.5932
20.0933
20.5932
21.0932
21.5937
22.0931
22.5932
23.0932
23.5932
24.0932
24.5932
25.0932
25.5932
26.0932
26.5931
27.0932
27.5932
28.0932
28.5932
29.0932
29.5933
30.0932
30.5932
31.0932
31.5932
32.0932
32.5933
33.0931
33.5933
34.0932
34.5933
35.0944
35.5944
36.0933
36.5931
37.0933
37.5931
38.0932
38.5931
39.0932
39.5932
40.0932
40.5986
41.0932
41.5932
42.0932
42.5932
43.0932
43.5931
44.0931
44.5931
45.0931
45.5931
46.0932
46.5932
47.0932
47.5932
48.0933
48.5932
49.1065
49.5943
50.0932
50.5932
51.1144
51.5932
52.1068
52.5933
53.1145
53.5932
54.0931
54.6003
55.0972
55.5933
56.0933
56.5932
57.0932
57.5931
58.0931
58.5933
59.0932
59.5937
60.0932
60.5932
61.1057
61.5932
62.0931
62.5932
63.1146
63.5931
64.0932
64.5932
65.097
65.5931
66.0934
66.5938
67.0934
67.5931
68.0931
68.5932
69.1144
69.5932
70.0933
70.5932
71.106
71.5931
72.0933
72.5931
73.0971
73.5932
74.0932
74.5933
75.0932
75.5932
76.0932
76.5932
77.0932
77.5932
78.0933
78.5933
79.0932
79.5932
80.0931
80.5932
81.0932
81.5932
82.0932
82.5932
83.0931
83.5932
84.0932
84.5974
85.0932
85.5933
