0.000000
0.176840
0.505040
0.661222
0.783785
0.848670
0.994544
1.136777
1.236401
1.313113
1.375645
1.408559
1.447187
1.485832
1.527254
1.555278
1.580971
1.601944
1.597999
1.587643
1.605937
1.627060
1.640377
1.657139
1.670893
1.679453
1.679640
1.693842
1.703397
1.712409
1.721235
1.727641
1.721464
1.721247
1.727461
1.720931
1.692592
1.665645
1.667484
1.673780
1.683152
1.684241
1.664209
1.643309
1.645451
1.652617
1.658422
1.668358
1.676549
1.672246
1.655608
1.653121
1.658657
1.664704
1.673144
1.678887
1.684009
1.689606
1.694584
1.699347
1.706202
1.710364
1.714529
1.718506
1.722707
1.726688
1.730258
1.735954
1.738993
1.741578
1.745564
1.748350
1.750800
1.756182
1.758726
1.760127
1.761640
1.758735
1.760862
1.763602
1.767176
1.768976
1.771142
1.772509
1.766791
1.752976
1.748791
1.752558
1.755133
1.757639
1.760093
1.762451
1.762683
1.759505
1.758206
1.760015
1.762057
1.764218
1.765507
1.768443
1.773953
1.779871
1.781672
1.784372
1.786305
1.787311
1.789098
1.780301
1.772749
1.772620
1.774567
1.776313
1.777286
1.780583
1.782411
1.783257
1.776083
1.767956
1.767740
1.769918
1.772473
1.774034
1.775398
1.777846
1.779244
1.780850
1.783318
1.785038
1.786513
1.787765
1.788245
1.789688
1.791106
1.791728
1.783454
1.780003
1.780644
1.782190
1.783284
1.786014
1.787389
1.788735
1.789983
1.791475
1.792756
1.794020
1.796203
1.797418
1.798647
1.799873
1.801017
1.801437
1.798001
1.791943
1.787610
1.788456
1.789894
1.791097
1.792295
1.794267
1.795076
1.796245
1.797033
1.797856
1.799088
1.796833
1.794817
1.795684
