1.5942
1.59428
2.0943
2.5943
3.12346
3.60388
4.09569
4.59587
5.09432
5.6175
6.09576
6.60056
7.11781
7.61651
8.09535
8.59574
9.11427
9.62002
10.0951
10.5966
11.1156
11.6152
12.0955
12.597
13.1101
13.6172
14.0951
14.6049
15.1166
15.6127
16.0957
16.596
17.095
17.6087
18.1021
18.5948
19.0944
19.6136
20.0955
20.5959
21.1219
21.6166
22.0956
22.5949
23.1121
23.6092
24.0953
24.5974
25.0943
25.6108
26.0954
26.5948
27.1147
27.609
28.0955
28.5962
29.0947
29.611
30.0961
30.5966
31.0943
31.6129
32.0952
32.6021
33.0943
33.6116
34.0953
34.6063
35.0961
35.6169
36.0952
36.5975
37.1164
37.6111
38.0954
38.5953
39.1198
39.6192
40.0947
40.5993
41.0943
41.6066
42.0951
42.6021
43.1142
43.6122
44.0956
44.6114
45.0943
45.6139
46.096
46.598
47.0944
47.6202
48.0953
48.5968
49.107
49.6239
50.0951
50.5992
51.1199
51.6161
52.1073
52.5958
53.1156
53.6114
54.0948
54.6011
55.0979
55.6146
56.0961
56.5959
57.1164
57.6069
58.0951
58.6008
59.1145
59.6134
60.0956
60.5964
61.1065
61.6133
62.0947
62.5964
63.1152
63.6054
64.096
64.5953
65.098
65.6009
66.0955
66.6062
67.1187
67.5986
68.0951
68.5955
69.1149
69.6037
70.0959
70.5971
71.1067
71.5984
72.0964
72.5954
73.098
73.5988
74.0965
74.597
75.1166
75.6079
76.0952
76.5966
77.1192
77.6116
78.0961
78.596
79.1221
79.6148
80.0963
80.5957
81.0944
81.6103
82.0972
82.5953
83.1176
83.6091
84.0991
84.5979
85.1196
85.5987
