0.000000
0.000000
0.000000
0.000000
32.801000
34.313000
39.213000
44.165000
54.725000
80.696000
93.345000
110.353000
126.315000
135.421000
143.552000
153.793000
168.635000
175.742000
186.349000
197.717000
203.309000
208.559000
226.524000
240.383000
248.342000
251.880000
259.377000
269.104000
283.541000
287.757000
294.857000
307.721000
316.257000
322.900000
325.544000
331.729000
337.692000
344.527000
346.647000
347.392000
357.081000
363.056000
363.894000
366.376000
376.435000
377.399000
382.511000
388.496000
392.817000
398.058000
402.300000
402.768000
402.970000
403.063000
403.169000
403.481000
403.524000
403.554000
404.603000
407.106000
409.245000
412.612000
426.199000
440.697000
444.884000
449.349000
454.527000
458.652000
462.344000
467.525000
472.309000
477.049000
482.043000
485.418000
489.842000
495.303000
501.869000
508.200000
522.058000
533.465000
539.079000
551.400000
559.067000
564.349000
566.806000
568.195000
568.457000
568.887000
568.972000
569.058000
569.560000
573.592000
580.487000
583.188000
590.277000
598.410000
608.342000
619.807000
637.738000
652.347000
659.291000
664.015000
675.644000
682.342000
686.555000
690.542000
698.119000
704.702000
707.853000
708.272000
709.427000
711.182000
719.636000
724.468000
733.604000
742.013000
750.673000
753.403000
754.427000
755.545000
755.850000
755.924000
756.000000
757.786000
763.123000
765.262000
770.153000
774.062000
777.586000
780.995000
786.681000
790.871000
797.487000
803.190000
806.290000
809.062000
809.463000
809.949000
810.313000
810.595000
810.694000
810.724000
810.731000
810.732000
810.732000
810.826000
811.129000
811.916000
812.385000
813.168000
816.355000
817.056000
817.231000
817.801000
818.087000
818.118000
818.118000
818.158000
818.158000
818.441000
818.495000
821.098000
827.243000
832.362000
837.329000
841.209000
849.834000
853.727000
855.199000
856.561000
