0.004062
0.004697
0.004309
0.004338
0.005919
0.004915
0.006962
0.004998
0.004244
0.005302
0.004751
0.006624
0.003743
0.004611
0.004275
0.004693
0.005580
0.004387
0.004607
0.005285
0.005002
0.006940
0.005109
0.004585
0.005290
0.006484
0.004584
0.004328
0.003930
0.003857
0.004513
0.004184
0.003854
0.003611
0.003340
0.003391
0.005027
0.004538
0.003453
0.003512
0.003942
0.003162
0.004451
0.007173
0.004318
0.004498
0.005086
0.003844
0.005709
0.006876
0.006584
0.007534
0.007465
0.007527
0.006416
0.008427
0.006037
0.005044
0.005021
0.006615
0.005168
0.005466
0.004646
0.003303
0.003217
0.003861
0.003147
0.005673
0.006059
0.006062
0.008743
0.005092
0.005356
0.004612
0.005308
0.004380
0.008334
0.004437
0.007092
0.004544
0.005007
0.003039
0.005009
0.005083
0.005103
0.003514
0.002508
0.005450
0.005908
0.005115
0.005681
0.004112
0.005485
0.004400
0.006784
0.007278
0.003829
0.004894
0.003942
0.004282
0.004064
0.004037
0.008165
0.003696
0.003582
0.004340
0.004863
0.004612
0.009435
0.009554
0.009561
0.009642
0.010061
0.007524
0.007415
0.007929
0.007409
0.006745
0.003034
0.003445
0.004037
0.010659
0.007126
0.006154
0.008434
0.006653
0.006103
0.003059
