162.546875
162.546875
164.613281
171.230469
171.230469
171.488281
171.488281
171.488281
171.488281
171.488281
171.488281
171.488281
171.488281
171.488281
171.488281
171.488281
171.488281
171.488281
171.488281
171.488281
171.488281
171.488281
171.488281
171.488281
171.488281
171.488281
171.488281
171.488281
171.488281
171.488281
171.488281
171.488281
171.488281
171.488281
171.488281
171.488281
171.488281
171.488281
171.488281
171.488281
171.488281
171.488281
171.488281
171.488281
171.488281
171.488281
171.488281
171.488281
171.488281
171.488281
171.488281
171.488281
171.488281
171.488281
171.488281
171.488281
171.488281
171.488281
171.488281
171.488281
171.488281
171.488281
171.488281
171.488281
171.488281
171.488281
171.488281
171.488281
171.488281
171.488281
171.488281
171.488281
171.488281
171.488281
171.488281
172.226562
172.226562
172.226562
172.226562
172.226562
172.226562
172.226562
172.226562
172.226562
172.226562
172.226562
172.226562
172.226562
172.226562
172.226562
172.226562
172.226562
172.226562
172.226562
172.226562
172.226562
172.226562
172.226562
172.226562
172.226562
172.226562
172.226562
172.226562
172.226562
172.226562
172.226562
172.226562
173.000000
173.000000
173.000000
173.000000
173.000000
173.000000
173.000000
173.000000
173.000000
173.000000
173.000000
173.000000
173.000000
173.000000
173.000000
173.000000
173.000000
173.000000
173.000000
173.000000
173.000000
173.000000
173.000000
173.000000
173.000000
173.000000
173.000000
173.000000
173.000000
173.000000
173.000000
173.000000
173.000000
173.000000
173.000000
173.000000
173.000000
173.000000
173.000000
173.000000
173.000000
173.000000
173.000000
173.000000
173.000000
173.000000
173.515625
173.515625
173.515625
173.515625
173.515625
173.515625
173.515625
173.515625
173.515625
173.515625
173.515625
173.515625
173.773438
173.773438
