2.11306
2.6132
3.11312
3.61846
4.11306
4.61312
5.11312
5.61326
6.11314
6.6225
7.11307
7.61312
8.11312
8.61329
9.11307
9.61311
10.1131
10.6131
11.1136
11.6132
12.1132
12.6247
13.1132
13.6131
14.1131
14.6133
15.1132
15.6131
16.113
16.6155
17.1131
17.6131
18.1133
18.6132
19.1146
19.6131
20.1131
20.6131
21.1131
21.6131
22.1132
22.6131
23.1131
23.6131
24.1132
24.6132
25.1131
25.6132
26.1131
26.6131
27.1131
27.6131
28.1131
28.6131
29.1131
29.6131
30.1131
30.613
31.1131
31.6131
32.1131
32.6132
33.1131
33.6132
34.1134
34.6141
35.113
35.6131
36.1131
36.6131
37.1131
37.6131
38.113
38.6131
39.1131
39.6132
40.113
40.6131
41.1131
41.6131
42.1131
42.6132
43.113
43.6131
44.1131
44.613
45.1131
45.6131
46.1131
46.6131
47.1131
47.6132
48.1133
48.6131
49.1131
49.6131
50.1131
50.6131
51.1131
51.6131
52.1131
52.613
53.1132
53.613
54.1132
54.6131
55.1131
55.6131
56.1132
56.6131
57.1131
57.6131
58.1132
58.6325
59.1131
59.6131
60.1131
60.6131
61.1131
61.6132
62.1134
62.6131
63.1131
63.6132
64.1131
64.6131
65.1131
65.6131
66.1131
66.6131
67.1131
67.613
68.1131
68.613
69.1132
69.6134
70.113
70.613
71.113
71.6131
72.1131
72.6144
73.1131
73.6131
74.1131
74.6132
75.1131
75.6131
76.1132
76.6131
77.1131
77.6131
78.1131
78.6135
79.113
79.6131
80.1131
80.613
81.1131
81.6131
82.113
82.6131
83.1131
83.6133
84.1132
84.6132
85.1131
