4.85062
5.43164
5.47987
5.57569
6.32672
6.63704
6.77804
7.69975
7.83734
8.09463
9.0697
9.70115
10.1645
10.8543
11.0484
11.1922
11.4402
11.6944
11.8438
12.5005
12.6427
12.9016
13.5663
14.0892
14.2301
15.6115
15.8303
16.6402
17.2897
17.3181
17.3501
17.5616
17.5895
17.678
17.7064
18.8882
19.6945
19.9664
21.111
21.6843
22.6308
22.8876
24.0882
24.3639
24.4851
25.8574
27.2537
27.427
27.6915
28.0938
29.4654
30.8787
31.0294
31.0705
31.2254
31.3651
31.6844
33.0645
33.0998
33.6927
34.4877
34.6417
34.8886
35.9593
36.3618
36.7711
37.9552
38.0232
38.0592
38.0896
39.472
40.8486
41.7383
41.9684
43.1672
43.2862
44.5779
44.7577
46.0303
46.2295
47.5692
48.8938
49.2956
49.4289
49.5726
50.4812
51.8517
52.2129
53.5919
54.966
55.5682
56.4986
57.8882
58.6487
58.898
59.9808
61.0186
61.1746
62.549
62.8042
62.895
63.2876
63.4204
64.7953
66.1724
67.1716
67.8231
67.9654
68.2183
69.5925
69.7595
69.913
70.0883
71.4225
71.9658
72.6329
73.2923
74.2373
75.4111
75.956
76.7055
76.9008
78.2727
78.3086
81.5712
82.9473
83.9636
85.2844
