0.002702
0.001753
0.001811
0.002008
0.002279
0.002114
0.002414
0.002656
0.002521
0.002592
0.002577
0.002894
0.003242
0.003194
0.003436
0.003485
0.003582
0.002662
0.002747
0.003119
0.003485
0.003124
0.003370
0.002984
0.002760
0.003290
0.002301
0.002226
0.002429
0.002110
0.002143
0.002357
0.002139
0.002334
0.001926
0.002301
0.003529
0.003246
0.003237
0.003927
0.002900
0.002911
0.003375
0.003200
0.002828
0.002968
0.003859
0.002717
0.003244
0.003728
0.003202
0.003296
0.003454
0.003361
0.003618
0.003309
0.003340
0.003128
0.002935
0.003360
0.003104
0.003369
0.003957
0.003206
0.002604
0.003879
0.002527
0.006330
0.002851
0.002267
0.002602
0.002426
0.002879
0.002402
0.003325
0.003350
0.005032
0.003569
0.006825
0.003592
0.003275
0.002556
0.003033
0.002831
0.002705
0.002733
0.002547
0.002408
0.002929
0.002619
0.002675
0.003409
0.003541
0.003707
0.003622
0.003708
0.003562
0.004187
0.004658
0.007299
0.003727
0.004104
0.003452
0.003755
0.003706
0.003273
0.003300
0.003034
0.003676
0.003471
0.003470
0.004178
0.004426
0.003829
0.004008
0.003942
0.003211
0.004220
0.003379
0.003172
0.003293
0.003089
0.005676
0.001767
0.003501
0.006252
0.004313
0.004107
