2.11305
2.61318
3.11309
3.61845
4.11304
4.61311
5.11308
5.61322
6.11312
6.62249
7.11305
7.61308
8.11311
8.61328
9.11305
9.61308
10.1131
10.6131
11.1136
11.6132
12.1132
12.6247
13.1132
13.6131
14.1131
14.6133
15.1132
15.6131
16.113
16.6155
17.1131
17.6131
18.1132
18.6132
19.1146
19.6131
20.1131
20.613
21.1131
21.6131
22.1131
22.6131
23.1131
23.6131
24.1132
24.6132
25.1131
25.6131
26.1131
26.6131
27.1131
27.6131
28.1131
28.6131
29.1131
29.613
30.1131
30.613
31.1131
31.6131
32.1131
32.6132
33.1131
33.6132
34.1134
34.6141
35.113
35.6131
36.1131
36.6131
37.1131
37.6131
38.113
38.6131
39.1131
39.6132
40.113
40.6131
41.113
41.6131
42.1131
42.6131
43.113
43.6131
44.1131
44.613
45.1131
45.6131
46.1131
46.6131
47.113
47.6132
48.1133
48.6131
49.113
49.6131
50.1131
50.6131
51.1131
51.6131
52.113
52.613
53.1132
53.613
54.1131
54.6131
55.113
55.6131
56.1132
56.6131
57.1131
57.6131
58.1132
58.6325
59.1131
59.6131
60.1131
60.6131
61.1131
61.6132
62.1133
62.613
63.1131
63.6132
64.1131
64.6131
65.1131
65.6131
66.1131
66.6131
67.113
67.613
68.1131
68.613
69.1132
69.6134
70.113
70.613
71.113
71.6131
72.113
72.6143
73.1131
73.6131
74.1131
74.6132
75.1131
75.6131
76.1132
76.613
77.1131
77.613
78.1131
78.6135
79.113
79.6131
80.1131
80.613
81.113
81.6131
82.113
82.613
83.113
83.6132
84.1132
84.6132
85.1131
