0.000000
0.000000
0.233333
0.733333
1.286667
1.886667
2.494782
3.444255
4.396456
5.456269
6.422629
7.366855
8.195293
9.150470
10.134247
11.123151
12.117839
13.045392
14.023276
14.961139
15.871761
16.840015
17.892281
18.879493
19.739478
20.598098
21.568092
22.561306
23.529002
24.584553
25.564645
26.553394
27.478129
28.193046
29.065590
30.117849
31.143704
32.157453
33.148587
34.109247
34.918142
35.533082
36.512286
37.487687
38.494634
39.499039
40.274673
40.566717
41.193705
42.204815
43.198288
44.187493
45.142553
46.068150
46.835748
47.827084
48.887406
49.878639
50.867770
51.866020
52.845383
53.813906
54.871295
55.851151
56.835536
57.763896
58.594765
59.554734
60.612410
61.603864
62.583224
63.577012
64.380939
64.896155
65.450698
66.451121
67.502468
68.495027
69.480926
70.472346
71.458072
72.422838
73.488581
74.463513
75.438517
76.457516
77.385321
78.337760
79.456008
80.413810
81.382077
82.455741
83.414592
84.390811
85.335511
86.360063
87.341060
88.319587
89.247498
90.231686
91.097605
91.991123
92.322716
92.810256
93.710762
94.724060
95.708228
96.699273
97.748509
98.692575
99.487226
100.271199
101.237524
102.208705
103.194588
104.245961
105.233635
106.380177
107.499377
108.566197
109.556680
110.611344
111.587798
112.475429
113.400467
113.724518
114.339900
115.298890
116.363925
117.345125
118.337098
119.320841
120.310820
121.238065
121.652599
122.125873
122.999228
123.970557
124.943077
125.977538
126.982817
128.006120
128.956800
129.951745
130.944450
131.936790
132.929978
133.902380
134.929341
135.918779
136.908772
137.630741
138.004237
138.754174
139.445495
140.078036
140.998724
141.990524
142.978055
143.968607
144.947491
146.007266
147.137048
148.438971
149.635898
150.423762
150.834244
