0.006093
0.005641
0.005619
0.005612
0.009147
0.006985
0.008171
0.008494
0.005702
0.008739
0.006054
0.009310
0.008240
0.008487
0.007297
0.006245
0.006362
0.006604
0.006269
0.006339
0.008575
0.009464
0.006211
0.007963
0.009510
0.007095
0.007666
0.006056
0.007466
0.007379
0.008604
0.007097
0.008755
0.006522
0.006270
0.007734
0.009986
0.008958
0.006444
0.007470
0.008755
0.006778
0.005620
0.008799
0.006498
0.006408
0.007106
0.006429
0.008608
0.009168
0.007741
0.008035
0.009035
0.009878
0.007009
0.007795
0.007257
0.007278
0.006998
0.006670
0.004629
0.009370
0.008137
0.006924
0.004989
0.007383
0.006993
0.008519
0.006849
0.006488
0.009460
0.006326
0.007626
0.005523
0.006597
0.006539
0.006642
0.005405
0.007732
0.006017
0.008438
0.006842
0.007398
0.007030
0.006056
0.008254
0.007914
0.006201
0.006538
0.006751
0.009587
0.007446
0.007781
0.007422
0.008584
0.009572
0.005956
0.009685
0.006512
0.007190
0.009146
0.008407
0.007688
0.005714
0.008392
0.006919
0.007908
0.007478
0.009548
0.009662
0.010187
0.009315
0.009305
0.006968
0.007428
0.006598
0.008557
0.008904
0.006351
0.008981
0.005954
0.012109
0.008895
0.007737
0.011102
0.008900
0.009556
0.003359
