4.85066
5.43167
5.47989
5.57571
6.32675
6.63707
6.77806
7.69977
7.83736
8.09466
9.06973
9.70118
10.1645
10.8544
11.0484
11.1922
11.4402
11.6945
11.8438
12.5005
12.6427
12.9016
13.5664
14.0892
14.2301
15.6115
15.8303
16.6403
17.2897
17.3182
17.3501
17.5617
17.5895
17.678
17.7064
18.8883
19.6945
19.9665
21.111
21.6843
22.6309
22.8876
24.0882
24.364
24.4851
25.8575
27.2537
27.427
27.6916
28.0938
29.4654
30.8787
31.0295
31.0705
31.2254
31.3651
31.6845
33.0646
33.0998
33.6927
34.4878
34.6417
34.8887
35.9594
36.3618
36.7711
37.9552
38.0233
38.0593
38.0896
39.472
40.8487
41.7383
41.9684
43.1673
43.2862
44.5779
44.7577
46.0303
46.2295
47.5692
48.8938
49.2956
49.429
49.5726
50.4813
51.8517
52.2129
53.5919
54.966
55.5683
56.4986
57.8882
58.6487
58.8981
59.9809
61.0187
61.1746
62.549
62.8043
62.895
63.2876
63.4204
64.7953
66.1724
67.1716
67.8232
67.9654
68.2183
69.5925
69.7595
69.913
70.0883
71.4225
71.9659
72.6329
73.2924
74.2374
75.4112
75.9561
76.7055
76.9008
78.2727
78.3086
81.5712
82.9474
83.9636
85.2844
