0.000000
0.000000
0.182856
0.411654
0.565321
0.679610
0.761534
0.912112
1.028158
1.140168
1.217326
1.275427
1.305792
1.350369
1.392827
1.430445
1.464211
1.486478
1.511687
1.530385
1.544530
1.561038
1.586740
1.603214
1.607960
1.612216
1.624580
1.637712
1.648153
1.663538
1.673515
1.683146
1.688247
1.680541
1.682272
1.694294
1.704075
1.712690
1.719670
1.724779
1.722138
1.710288
1.716124
1.721512
1.728060
1.734228
1.730309
1.706203
1.696889
1.703450
1.709063
1.714286
1.718013
1.720498
1.717104
1.721886
1.728934
1.733341
1.737523
1.741873
1.745454
1.748559
1.754417
1.757647
1.760903
1.762326
1.760872
1.763226
1.768360
1.771446
1.774102
1.777085
1.774752
1.764631
1.755838
1.759079
1.763573
1.766425
1.769043
1.771730
1.774209
1.776110
1.780420
1.782447
1.784430
1.787392
1.788180
1.789515
1.794561
1.795912
1.797467
1.801283
1.802538
1.804144
1.805049
1.807604
1.809203
1.810717
1.811174
1.812754
1.811950
1.811705
1.800504
1.792534
1.792612
1.794832
1.796460
1.798186
1.800948
1.801748
1.799827
1.797746
1.798944
1.799592
1.801707
1.804312
1.805780
1.809924
1.813538
1.816215
1.817576
1.819983
1.821068
1.820694
1.820932
1.811592
1.807002
1.807872
1.810378
1.811552
1.812873
1.814049
1.815299
1.815593
1.808259
1.801894
1.801500
1.802526
1.803556
1.805455
1.806915
1.808575
1.809259
1.810518
1.811727
1.812913
1.814100
1.814985
1.816591
1.817679
1.818757
1.816284
1.809272
1.807249
1.804513
1.801044
1.801302
1.802460
1.803547
1.804660
1.805615
1.807557
1.810338
1.815187
1.818704
1.817236
1.811256
