2.113
2.61313
3.11303
3.61841
4.11297
4.61308
5.11297
5.61311
6.11303
6.62247
7.11299
7.61297
8.11308
8.61325
9.11301
9.61298
10.113
10.613
11.1135
11.613
12.1131
12.6247
13.1131
13.613
14.1131
14.6132
15.1131
15.6131
16.113
16.6155
17.113
17.613
18.1131
18.6132
19.1146
19.613
20.113
20.613
21.1131
21.613
22.113
22.6131
23.113
23.613
24.1132
24.6131
25.113
25.613
26.113
26.6131
27.113
27.613
28.113
28.613
29.113
29.613
30.113
30.613
31.113
31.613
32.113
32.6131
33.1131
33.6131
34.1133
34.6141
35.113
35.613
36.113
36.613
37.113
37.613
38.113
38.613
39.113
39.6131
40.113
40.6131
41.113
41.613
42.113
42.6131
43.113
43.613
44.113
44.613
45.113
45.613
46.113
46.613
47.113
47.6131
48.1132
48.6131
49.113
49.613
50.113
50.613
51.113
51.613
52.113
52.613
53.113
53.613
54.1131
54.613
55.113
55.613
56.1131
56.613
57.113
57.613
58.1131
58.6325
59.113
59.613
60.113
60.613
61.113
61.6131
62.1132
62.613
63.113
63.6131
64.113
64.613
65.113
65.613
66.113
66.613
67.113
67.613
68.113
68.613
69.1131
69.6134
70.113
70.613
71.1129
71.613
72.113
72.6143
73.113
73.613
74.113
74.6131
75.113
75.613
76.1131
76.613
77.113
77.613
78.1131
78.6134
79.113
79.613
80.113
80.613
81.113
81.613
82.1129
82.613
83.113
83.6131
84.1131
84.6131
85.113
