1.61418
1.61424
2.11424
2.61444
3.11426
3.61928
4.11527
4.6151
5.1143
5.63874
6.11584
6.62296
7.1143
7.63767
8.11517
8.61705
9.1143
9.64308
10.1154
10.6159
11.1144
11.6402
12.1157
12.6255
13.1144
13.6365
14.1153
14.6156
15.1144
15.6192
16.1152
16.6164
17.1143
17.6189
18.1256
18.6149
19.1147
19.6488
20.1159
20.6156
21.1268
21.6293
22.116
22.6152
23.1143
23.6312
24.1157
24.6148
25.1143
25.6282
26.1155
26.6149
27.1143
27.6245
28.1156
28.6191
29.1143
29.6319
30.1167
30.6195
31.1143
31.6325
32.1166
32.6162
33.1143
33.6407
34.1158
34.6234
35.1143
35.6263
36.1156
36.615
37.1143
37.6218
38.1149
38.6153
39.1143
39.6243
40.1157
40.6149
41.1143
41.6301
42.1157
42.6156
43.1143
43.6312
44.1158
44.6149
45.1285
45.6362
46.1154
46.6159
47.1143
47.6363
48.1155
48.6154
49.1147
49.633
50.1162
50.6164
51.1209
51.6348
52.1153
52.6149
53.1144
53.6319
54.1154
54.6171
55.1143
55.641
56.1159
56.6174
57.1143
57.64
58.1158
58.6331
59.1144
59.6458
60.1152
60.6185
61.1143
61.6425
62.1161
62.6159
63.1144
63.6467
64.1149
64.6163
65.1143
65.644
66.115
66.6176
67.1143
67.6337
68.1156
68.6151
69.1144
69.6262
70.1153
70.6149
71.1293
71.6396
72.1149
72.6338
73.1292
73.6294
74.116
74.6182
75.1143
75.6265
76.1165
76.6152
77.1143
77.6194
78.1152
78.6156
79.1143
79.6227
80.1157
80.6153
81.1143
81.623
82.1155
82.6154
83.1143
83.6258
84.117
84.6174
85.1145
