0.005397
0.005713
0.005357
0.008155
0.006870
0.005570
0.003701
0.004574
0.003998
0.005621
0.004793
0.005794
0.005679
0.008381
0.006234
0.006063
0.007630
0.007531
0.006987
0.004508
0.003822
0.004714
0.003495
0.003552
0.003551
0.003537
0.003856
0.002984
0.004365
0.005851
0.006353
0.006593
0.007604
0.007393
0.007009
0.005831
0.006185
0.005137
0.004662
0.004469
0.004924
0.007985
0.005220
0.004748
0.004740
0.003618
0.004206
0.003696
0.004315
0.004125
0.002851
0.003326
0.003711
0.003349
0.003484
0.003301
0.003327
0.003261
0.003089
0.003082
0.003138
0.003104
0.003067
0.003068
0.003066
0.002978
0.003454
0.003450
0.003448
0.003439
0.003461
0.003451
0.005061
0.003094
0.004224
0.005891
0.006711
0.004612
0.004746
0.004564
0.006592
0.005942
0.004248
0.004277
0.004172
0.003810
0.003977
0.003348
0.003284
0.003859
0.004505
0.006279
0.006436
0.006342
0.003888
0.004266
0.004281
0.004137
0.003124
0.004167
0.003757
0.003686
0.003533
0.003645
0.004989
0.004110
0.004450
0.005023
0.004880
0.004039
0.004986
0.003750
0.004853
0.003515
0.004050
0.003295
0.005116
0.006786
0.004630
0.005233
0.005556
0.006358
0.005393
0.006504
0.006941
0.007591
0.008421
0.006194
0.008299
0.006803
0.006451
0.004947
0.004802
0.005553
0.004503
0.005308
0.007087
0.004176
0.004911
0.003624
0.004816
0.003156
0.003374
0.003629
0.003048
0.002884
0.003466
0.003369
0.004346
0.004984
0.004649
0.005601
0.005925
0.006568
0.006578
0.008971
0.007038
0.009222
0.008564
0.006399
0.007288
0.006702
0.008131
0.004560
0.004288
0.003422
0.002732
0.002947
0.002737
0.004002
0.005442
0.006012
0.003490
0.004132
0.003496
0.003008
0.002803
0.002615
0.002796
0.004066
0.003586
0.003973
0.003887
0.004534
0.004862
0.003764
0.003746
0.005086
0.004200
0.003712
0.006659
0.005284
0.006444
0.004695
0.006627
0.003811
0.003265
0.003388
0.006464
0.003466
0.004469
0.005621
0.005114
0.004979
0.006787
0.007281
0.006757
0.004894
0.004967
0.004873
0.007208
0.006700
0.005577
0.004313
0.005236
0.007669
0.005963
0.006054
0.005997
0.005084
0.005440
0.005105
0.005540
0.007068
0.006756
0.006707
0.004658
0.010699
0.004705
0.011399
0.008016
0.009390
0.008416
0.006320
0.004284
0.003798
0.003859
0.003618
0.003083
0.004395
0.003337
0.003458
0.004867
0.004278
0.003731
0.003408
0.005047
0.005209
0.002935
0.003872
0.004762
0.004447
0.003919
0.002884
0.004065
0.002940
0.003300
0.003923
0.003990
0.004542
0.004005
0.004096
0.003989
0.005705
0.005652
0.005692
0.005701
0.006412
0.006892
0.006195
0.004992
0.003744
0.006182
0.006671
0.006142
0.007475
0.009207
0.009430
0.010259
0.007998
0.006603
0.005972
0.007046
0.004987
0.006604
0.005544
0.006541
0.008271
0.008200
0.009361
0.009533
0.006940
0.008099
0.006649
0.007072
0.007217
0.006716
0.007942
0.006484
0.006675
0.006666
0.006211
0.005352
0.006600
0.004745
0.004500
0.003991
0.003682
0.003729
0.004756
0.003415
0.003313
0.003465
0.003448
0.006013
0.005552
0.005590
0.005402
0.005971
0.004493
0.003535
0.003715
0.004173
0.004027
0.005260
0.005584
0.005547
0.004996
0.004696
0.006134
0.004800
0.003751
0.005202
0.004951
0.004736
0.004800
0.004254
0.004567
0.004363
0.005681
0.004630
0.005175
0.005688
0.005676
0.006303
0.005935
0.004328
0.006221
0.005095
0.005831
0.005646
0.005857
0.006292
0.006215
0.005218
0.007657
0.006051
0.008240
0.006715
0.005881
0.005919
0.005889
0.006071
0.006096
0.006157
0.005388
0.005372
0.005382
0.005379
0.005474
0.005381
0.005375
0.006831
0.006843
0.006835
0.004722
0.005785
0.005796
0.006997
0.007617
0.007068
0.006758
0.006998
0.008322
0.008206
0.007859
0.006163
0.006223
0.009488
0.009385
0.009418
0.009372
0.007042
0.009385
0.006549
0.007759
0.006539
0.006620
0.007047
0.005707
0.006166
0.006224
0.008313
0.007951
0.007406
0.005501
0.007155
0.009027
0.008377
0.006588
0.004881
0.002618
0.002516
0.003912
0.003192
0.003822
0.004905
0.005274
0.004461
0.004506
0.006841
0.007140
0.005142
0.006527
0.007476
0.007401
0.007619
0.007246
0.005685
0.006327
0.006733
0.005223
0.006034
0.005395
0.007244
0.006193
0.005478
0.005938
0.004777
0.003533
0.004675
0.005520
0.005622
0.005027
0.004725
0.005858
0.007699
0.007378
0.005533
0.006329
0.005734
0.005094
0.005211
0.004821
0.003842
0.003989
0.004072
0.005530
0.007196
0.006356
0.009331
0.010082
0.009001
0.007678
0.006195
0.004179
0.003769
0.004832
0.004231
0.005153
0.003469
0.004128
0.003817
0.002925
0.003084
0.003034
0.003150
0.002999
0.002067
0.003147
0.003074
0.003319
0.004595
0.004542
0.002517
0.003770
0.004021
0.003810
0.006938
0.008471
0.008546
0.008454
0.008389
0.007591
0.008145
0.007034
0.007230
0.005950
0.008953
0.007200
0.010217
0.008321
0.007283
0.006902
0.006732
0.005355
0.003613
0.003523
0.001952
0.007594
0.001376
0.006139
0.002243
0.001981
0.002267
0.003292
0.002885
0.003010
0.002989
0.002727
0.003134
0.003712
0.002355
0.003619
0.003793
0.003797
0.002852
0.003567
0.004042
0.004522
0.004812
0.004770
0.008360
0.005604
0.009829
0.009964
0.006982
0.005706
0.005311
0.004080
0.006708
0.003319
0.003870
0.004365
0.004764
0.004947
0.004495
0.004295
0.002749
0.004002
0.004814
0.006047
0.007191
0.006765
0.006423
0.008478
0.013772
0.011986
0.010274
0.004141
0.003272
0.007674
0.009660
0.007441
0.007061
0.008382
0.011137
0.008428
0.008687
0.011727
0.007165
0.004219
0.004079
0.004069
0.008172
0.007467
0.011290
0.011022
0.009751
0.008429
0.012817
0.004478
0.004041
0.008464
0.004785
0.004177
0.003340
0.003517
0.003758
0.002211
0.002477
0.002674
0.003564
0.003999
0.005913
0.005308
0.004515
0.006123
0.006781
0.005264
0.005675
0.006371
0.006487
0.005628
0.004996
0.004174
0.004355
0.003727
0.003722
0.004074
0.004071
0.004116
0.003706
0.003589
0.004186
0.004839
0.004312
0.004146
0.005833
0.011861
0.011497
0.010572
0.009793
0.009765
0.009841
0.010248
0.007604
0.004000
0.005676
0.005980
0.006915
0.009651
0.008449
0.007251
0.006925
0.006551
0.006397
0.006832
0.006547
0.007015
0.007257
0.007358
0.007609
0.008172
0.009905
0.008023
0.006336
0.011404
0.009251
0.006132
0.007534
0.006852
0.007725
0.007053
0.007299
0.007694
0.007291
0.006778
0.006043
0.006092
0.005257
0.005234
0.005926
0.005035
0.004135
0.002548
0.001993
0.002717
0.002384
0.002872
0.005443
0.006092
0.005391
0.005090
0.004415
0.003876
0.004186
0.004540
0.003708
0.004660
0.012056
0.013124
0.013072
0.014724
0.010522
0.008933
0.004886
0.011515
0.015058
0.015395
0.014741
0.016097
0.016294
0.016592
0.015880
0.016977
0.010373
0.014332
0.012255
0.013435
0.009306
0.012377
0.010132
0.017217
0.009532
0.009751
0.007545
0.007600
0.007765
0.007985
0.007577
0.007523
0.008091
0.006642
0.007837
0.003993
0.004003
0.003985
0.003911
0.003949
0.003919
0.003932
0.010386
0.008361
0.007395
0.009787
0.009746
0.009766
0.009812
0.006924
0.005741
0.004283
0.003603
0.003975
0.002341
0.003525
0.010269
0.010410
0.009693
0.007007
0.006050
0.005600
0.004660
0.008478
0.003015
0.007594
0.004347
