0.001678
0.001746
0.001875
0.002119
0.002115
0.002176
0.001917
0.002348
0.002423
0.002664
0.003072
0.002849
0.003082
0.008007
0.002586
0.002601
0.002884
0.002855
0.002978
0.002776
0.003924
0.003399
0.003259
0.003649
0.003303
0.003081
0.003100
0.003637
0.003932
0.003574
0.003778
0.004105
0.003970
0.003465
0.003641
0.003491
0.003741
0.003631
0.003824
0.003335
0.003098
0.003218
0.003073
0.003138
0.003709
0.003381
0.003191
0.003418
0.003499
0.003208
0.003027
0.003253
0.002967
0.002701
0.002878
0.003108
0.002815
0.002402
0.002536
0.002489
0.002929
0.002373
0.002752
0.002931
0.002623
0.003163
0.003086
0.002875
0.002678
0.002446
0.002830
0.002467
0.003080
0.002990
0.002765
0.003100
0.003228
0.002886
0.003380
0.003157
0.003413
0.003028
0.003474
0.003238
0.003741
0.003159
0.003473
0.003164
0.003281
0.003028
0.003299
0.003169
0.003622
0.003634
0.003480
0.003110
0.003117
0.003449
0.003460
0.003625
0.003306
0.003548
0.003236
0.003401
0.003822
0.003457
0.003865
0.004346
0.003845
0.003222
0.003634
0.003716
0.003984
0.004147
0.003920
0.005321
0.004730
0.004396
0.003709
0.005749
0.005121
0.005909
0.004870
0.004818
0.005415
0.004958
0.004628
0.004882
0.004488
0.004467
0.005050
0.004394
0.004484
0.004467
0.004756
0.004651
0.004915
0.005141
0.003963
0.003903
0.004279
0.003449
0.003337
0.003397
0.003464
0.003412
0.003653
0.004078
0.003179
0.003470
0.003823
0.003136
0.003039
0.003567
0.003153
0.006313
0.003356
0.002958
0.003274
0.002965
0.002849
0.003361
0.003222
0.003179
0.003543
0.003571
0.003411
0.003706
0.003189
0.003217
0.002846
0.003022
0.003725
0.003949
0.004200
0.003969
0.004182
0.003781
0.003689
0.003972
0.003800
0.003935
0.004386
0.003949
0.003547
0.004136
0.003772
0.006904
0.003565
0.004049
0.003874
0.003639
0.003833
0.003567
0.003409
0.005266
0.003482
0.003363
0.003688
0.003640
0.003245
0.003524
0.004001
0.003926
0.003898
0.004493
0.004108
0.004894
0.004338
0.004380
0.004822
0.004068
0.004801
0.004239
0.004487
0.004997
0.004467
0.004439
0.004744
0.004923
0.005394
0.005762
0.005394
0.005770
0.005587
0.006216
0.007653
0.007140
0.007238
0.006692
0.007250
0.006338
0.005984
0.006458
0.006020
0.005888
0.005705
0.005391
0.005536
0.005866
0.005705
0.005185
0.005684
0.005663
0.005358
0.005410
0.005610
0.005755
0.005401
0.005352
0.005385
0.005570
0.005990
0.006030
0.006279
0.006936
0.006992
0.005815
0.005844
0.006362
0.006149
0.005651
0.005709
0.005637
0.005540
0.005728
0.005451
0.005719
0.005106
0.004146
0.005407
0.005007
0.004704
0.004810
0.004318
0.004426
0.004668
0.004323
0.004236
0.005339
0.005162
0.004795
0.004933
0.005151
0.004934
0.005264
0.005075
0.004915
0.005261
0.005024
0.004889
0.004865
0.004824
0.004606
0.004521
0.005365
0.004505
0.004592
0.005320
0.004789
0.004798
0.004973
0.004847
0.004521
0.004340
0.004238
0.004559
0.004338
0.004467
0.003765
0.003609
0.003706
0.003611
0.003808
0.004478
0.004554
0.003910
0.004457
0.004444
0.004371
0.005047
0.004621
0.004853
0.004979
0.004411
0.004844
0.004456
0.004710
0.004081
0.003898
0.004641
0.004599
0.004661
0.004809
0.004987
0.004673
0.004793
0.004787
0.005200
0.005083
0.004763
0.004488
0.005202
0.004666
0.005079
0.005542
0.004960
0.005935
0.005545
0.005297
0.005924
0.005976
0.005482
0.005953
0.005812
0.005861
0.006024
0.005853
0.005934
0.004992
0.004858
0.005131
0.004870
0.005123
0.005207
0.004951
0.004291
0.004898
0.004875
0.005126
0.005029
0.004641
0.005050
0.005136
0.004952
0.004976
0.004329
0.005014
0.005159
0.005253
0.005114
0.004807
0.005279
0.005354
0.005084
0.005368
0.004863
0.004785
0.005310
0.004930
0.004788
0.004905
0.004965
0.004986
0.004966
0.004986
0.004763
0.005015
0.004889
0.005396
0.004626
0.005044
0.004839
0.005294
0.006262
0.005817
0.005507
0.005587
0.004730
0.005119
0.005623
0.005393
0.005873
0.005646
0.004806
0.004795
0.004514
0.005356
0.005136
0.005133
0.005132
0.008086
0.004611
0.003716
0.004257
0.004256
0.003963
0.003853
0.004264
0.004655
0.004292
0.004373
0.004777
0.004577
0.005504
0.004958
0.004855
0.004769
0.004768
0.005156
0.005418
0.005485
0.005083
0.005016
0.005176
0.005791
0.005944
0.005965
0.006155
0.006256
0.006243
0.005944
0.007947
0.007327
0.006553
0.006325
0.006795
0.006414
0.006193
0.006504
0.007859
0.006904
0.006011
0.005633
0.005803
0.005985
0.006065
0.006054
0.005740
0.005735
0.005066
0.005291
0.005145
0.004933
0.005302
0.005064
0.004815
0.004829
0.004653
0.004762
0.004523
0.004555
0.004493
0.004669
0.004296
0.003950
0.004988
0.004507
0.005370
0.004340
0.004497
0.005133
0.004124
0.004570
0.005101
0.004647
0.004171
0.004497
0.004368
0.004535
0.004514
0.004929
0.004519
0.005218
0.004726
0.004203
0.005076
0.004374
0.004953
0.005314
0.004960
0.005239
0.004644
0.004984
0.007065
0.005205
0.005011
0.004774
0.004299
0.005347
0.005327
0.004440
0.005396
0.004562
0.004813
0.005086
0.004988
0.004064
0.004256
0.004069
0.004360
0.005414
0.004983
0.002762
0.005097
0.004379
0.004602
0.004981
0.006110
0.006284
0.006657
0.006354
0.006411
0.006549
0.006891
0.006560
0.006648
0.006917
0.006808
0.003284
0.003159
0.003678
0.007151
0.006943
0.006824
0.006918
0.007610
0.007290
0.009214
0.007097
0.007361
0.007387
0.006956
0.007279
0.007057
0.010476
0.007492
0.007251
0.008568
0.006977
0.004030
0.006256
0.003819
0.003975
0.006902
0.006711
0.007676
0.006702
0.007028
0.006113
0.005940
0.005571
0.005996
0.005685
0.006423
0.006364
0.006730
0.006840
0.006984
0.006811
0.006576
0.005955
0.006299
0.006264
0.008168
0.005865
0.006069
0.005892
0.005753
0.005777
0.005706
0.005099
0.004855
0.005355
0.004815
0.005196
0.004411
0.004694
0.004234
0.004352
0.004684
0.004454
0.004345
0.004278
0.004151
0.005498
0.003672
0.003561
0.003421
0.004500
0.004864
0.004774
0.004757
0.004688
0.004815
0.004874
0.005068
0.004524
0.004868
0.004759
0.004917
0.004724
0.004791
0.005286
0.005282
0.005607
0.005394
0.005070
0.005453
0.005596
0.005168
0.003418
0.003705
0.004042
0.007382
0.008559
0.007288
0.006537
0.006044
0.005197
0.005319
0.005690
0.005028
0.004783
0.005255
0.005217
0.005193
0.004820
0.004783
0.004677
0.004803
0.004341
0.004749
0.004894
0.004797
0.007492
0.004393
0.009373
0.004318
0.004284
0.004102
0.003707
0.004148
0.004462
0.004358
0.004098
0.004571
0.004268
0.004572
0.003950
0.004257
0.004096
0.004122
0.004719
0.002935
0.006824
0.003783
0.006148
0.004489
0.004682
0.004653
0.004851
0.004483
0.004518
0.004377
0.004383
0.004642
0.004401
0.004379
0.003975
0.004731
0.004397
0.004252
0.004824
0.004649
0.007445
0.004535
0.004079
0.006625
0.004519
0.004347
0.003879
0.004598
0.006847
0.012737
0.006104
0.006025
0.005793
0.005910
0.007732
0.006143
0.006119
0.005672
0.006450
0.006039
0.005676
0.005652
0.005471
0.005253
0.005230
0.004872
0.005268
0.005502
0.005516
0.005345
0.005415
0.004476
0.004597
0.004858
0.004284
0.004330
0.004904
0.004632
0.004565
0.004712
0.004384
0.004223
