0.008143
0.007671
0.007429
0.008682
0.008896
0.009486
0.007742
0.006666
0.007211
0.007413
0.006166
0.008460
0.008169
0.005353
0.008583
0.007275
0.007081
0.008647
0.006749
0.007724
0.007534
0.012726
0.008526
0.008967
0.008506
0.009173
0.009295
0.006565
0.005561
0.007863
0.007792
0.007585
0.006781
0.006234
0.006740
0.005550
0.006280
0.005338
0.007240
0.006923
0.006704
0.008620
0.006681
0.006193
0.006683
0.006888
0.005317
0.007446
0.006263
0.007837
0.005692
0.006213
0.007243
0.007357
0.006227
0.006123
0.005419
0.004815
0.005071
0.005000
0.005893
0.005533
0.005745
0.006485
0.006119
0.005626
0.005300
0.004766
0.005420
0.005548
0.005711
0.004965
0.010650
0.007736
0.007166
0.007355
0.007802
0.006626
0.005395
0.005638
0.009294
0.008829
0.005395
0.008041
0.005992
0.007370
0.008299
0.005630
0.006454
0.005418
0.006606
0.007983
0.007451
0.007545
0.007735
0.007337
0.007464
0.007750
0.007494
0.007022
0.008300
0.007245
0.007342
0.006938
0.008177
0.008117
0.007407
0.008133
0.006532
0.006624
0.006239
0.006532
0.008563
0.006972
0.008595
0.006649
0.009801
0.008534
0.007654
0.007904
0.006050
0.006442
0.007626
0.007245
0.005246
0.005727
0.007658
0.006143
0.007584
0.008507
0.008012
0.005862
0.006732
0.008274
0.006091
0.005668
0.009907
0.005580
0.006923
0.007771
0.007853
0.008590
0.009016
0.006424
0.006188
0.008036
0.006068
0.007432
0.009495
0.008888
0.007027
0.006100
0.007038
0.005513
0.007878
0.006157
0.006007
0.007082
0.005620
0.007596
0.005438
0.006929
0.006865
0.007432
0.007979
0.009331
0.007250
0.007641
0.005483
0.006604
0.008686
0.007167
0.010286
0.007615
0.007730
0.005908
0.006279
0.008011
0.007857
0.006690
0.006570
0.006136
0.006284
0.008538
0.008056
0.006819
0.006792
0.008594
0.007002
0.005354
0.009137
0.006212
0.007194
0.008645
0.010191
0.007516
0.006006
0.007349
0.010866
0.005455
0.008756
0.008716
0.008330
0.007639
0.010095
0.007570
0.008718
0.006481
0.006706
0.007646
0.009749
0.008608
0.008622
0.007654
0.007024
0.007790
0.008352
0.006697
0.007993
0.007969
0.006570
0.007468
0.007769
0.006341
0.008341
0.007207
0.007105
0.007012
0.010839
0.007446
0.007478
0.006308
0.005971
0.008271
0.006063
0.007838
0.008978
0.007794
0.009441
0.007260
0.007116
0.006314
0.008558
0.008295
0.007204
0.006007
0.006772
0.007261
0.002950
0.007990
0.008100
0.007148
0.007831
0.005207
0.006745
0.004882
0.004668
0.007913
0.006886
0.005181
0.007638
0.005551
0.007830
0.006139
0.007694
0.008760
0.006594
0.007334
0.007205
0.010494
0.006456
0.008196
0.009593
0.007532
0.007120
0.007706
0.004984
0.004679
0.008988
0.006267
0.008938
0.006959
0.008497
0.005305
0.006046
0.006846
0.007246
0.006784
0.007538
0.009601
0.009808
0.007608
0.006873
0.007097
0.006119
0.008150
0.005973
0.007358
0.007182
0.007137
0.006153
0.006299
0.005898
0.008469
0.007841
0.005894
0.009302
0.009109
0.007190
0.009906
0.007153
0.007394
0.006097
0.006364
0.008427
0.006765
0.008039
0.005971
0.009433
0.007735
0.008077
0.007904
0.005270
0.007338
0.006491
0.006256
0.007500
0.007144
0.007447
0.005849
0.006059
0.007326
0.007917
0.007586
0.006541
0.007639
0.006504
0.005838
0.007434
0.006582
0.007606
0.006325
0.008532
0.008473
0.005995
0.008150
0.006190
0.005510
0.006844
0.007587
0.006031
0.007283
0.007637
0.007856
0.006040
0.006278
0.010729
0.010773
0.010810
0.009479
0.009867
0.009714
0.009258
0.009377
0.009147
0.008402
0.009113
0.008431
0.008723
0.007873
0.008568
0.007860
0.009266
0.008688
0.009294
0.006960
0.005745
0.007507
0.008149
0.009021
0.007306
0.008507
0.007906
0.007249
0.008308
0.008104
0.008392
0.008657
0.010329
0.010394
0.010487
0.008791
0.006930
0.009144
0.005705
0.007892
0.006686
0.006178
0.010070
0.007826
0.007353
0.009000
0.007496
0.006870
0.006445
0.006814
0.006696
0.011708
0.010980
0.009823
0.009583
0.007267
0.006986
0.007252
0.007719
0.008423
0.006618
0.006935
0.005703
0.007396
0.009341
0.006442
0.007441
0.007401
0.005628
0.005597
0.007058
0.007776
0.007507
0.007099
0.007245
0.008860
0.007633
0.007683
0.007753
0.006601
0.006727
0.007787
0.006229
0.005427
0.008497
0.008604
0.006173
0.006997
0.006882
0.008132
0.008972
0.007654
0.005527
0.007200
0.009169
0.007891
0.008754
0.006819
0.007370
0.008745
0.007019
0.007165
0.009896
0.009027
0.008549
0.006610
0.007770
0.010457
0.007483
0.007826
0.006561
0.006473
0.007482
0.007541
0.006009
0.007965
0.006054
0.007067
0.006840
0.006233
0.005438
0.007545
0.004380
0.007462
0.008183
0.004991
0.008857
0.008066
0.003308
0.007657
0.007434
0.005602
0.007377
0.010503
0.010578
0.008057
0.009572
0.009565
0.009502
0.008080
0.008227
0.006261
0.008799
0.007493
0.009558
0.009274
0.007734
0.006971
0.007594
0.006902
0.007796
0.005757
0.004734
0.006755
0.003613
0.009211
0.006319
0.005753
0.004194
0.009451
0.006181
0.007563
0.006455
0.006696
0.006686
0.006971
0.003669
0.007833
0.006899
0.007027
0.004121
0.006572
0.007172
0.007854
0.008748
0.006302
0.011843
0.003403
0.015427
0.012461
0.008852
0.008219
0.006470
0.006062
0.009472
0.006632
0.008381
0.008077
0.006693
0.007411
0.008123
0.005425
0.006225
0.009914
0.007452
0.008209
0.005700
0.006553
0.008780
0.009877
0.009558
0.007562
0.010130
0.008730
0.009465
0.007350
0.008673
0.008050
0.009142
0.008687
0.009957
0.007134
0.009384
0.008829
0.005176
0.004731
0.004591
0.005847
0.007951
0.007924
0.010000
0.008945
0.007647
0.007494
0.011158
0.006373
0.007681
0.008961
0.009364
0.006984
0.005635
0.009667
0.006521
0.007387
0.008186
0.009534
0.008427
0.006127
0.008644
0.008237
0.005890
0.008409
0.006477
0.006613
0.005601
0.008367
0.011039
0.006840
0.009804
0.010741
0.008569
0.008442
0.007073
0.005766
0.007651
0.007979
0.007610
0.006487
0.006956
0.006869
0.007030
0.005768
0.009654
0.016404
0.015669
0.014985
0.013864
0.014328
0.013809
0.014366
0.011089
0.008633
0.008069
0.005998
0.008468
0.007740
0.008296
0.006888
0.006130
0.006814
0.007726
0.008751
0.008331
0.008432
0.007209
0.005652
0.007199
0.002990
0.006806
0.006072
0.005568
0.007552
0.008144
0.006279
0.005536
0.007164
0.004721
0.008638
0.008833
0.008682
0.006796
0.007109
0.005132
0.006979
0.006718
0.005436
0.008399
0.008174
0.005692
0.007278
0.010740
0.005872
0.004853
0.007507
0.007690
0.009032
0.008862
0.008574
0.007611
0.007144
0.007271
0.005734
0.007950
0.006038
0.013433
0.017660
0.018292
0.014961
0.009887
0.007841
0.004542
0.009908
0.010598
0.010508
0.011422
0.008994
0.011107
0.011892
0.009312
0.011505
0.006809
0.010850
0.009105
0.009720
0.005967
0.010071
0.005072
0.011123
0.013428
0.011764
0.011582
0.011177
0.010856
0.012449
0.012765
0.012514
0.012007
0.012081
0.011172
0.009879
0.009638
0.007823
0.009710
0.009720
0.009228
0.009502
0.016155
0.012456
0.010429
0.011347
0.012055
0.011754
0.011914
0.008421
0.009054
0.008651
0.007642
0.008862
0.005271
0.008321
0.009156
0.011849
0.008421
0.009261
0.008902
0.008978
0.008523
0.011031
0.002345
0.012602
0.003625
