4.98363
5.0254
5.13037
5.39089
5.93975
6.87102
7.52885
8.90819
8.98399
10.1933
11.5328
11.7944
12.0749
13.433
13.5333
14.348
14.7426
15.7987
15.9225
15.951
16.9901
18.3742
18.4101
18.4597
18.4871
18.5177
18.5597
19.4064
20.0697
20.3169
21.1128
21.6681
21.7084
22.6109
22.8575
22.8927
24.0608
24.0888
25.2803
25.5142
26.6583
26.86
27.3817
28.1844
28.4706
28.5021
28.5282
28.8612
28.8962
29.6663
29.7792
30.3188
30.714
30.858
30.9849
31.0103
31.0392
31.0683
31.1065
31.1283
31.1596
31.1888
31.2483
31.281
31.3103
31.4526
31.4923
31.5299
31.5544
31.5843
31.6389
31.6702
32.3243
32.3526
33.1253
33.9262
33.9593
33.9959
34.4637
34.589
34.6322
34.6708
35.3771
35.4056
36.3086
36.3338
36.3653
37.5511
37.7735
37.8063
38.4725
39.1175
39.6536
39.7819
40.5831
41.6646
41.8003
42.4727
42.5838
42.7277
42.8671
42.9035
42.9342
42.9803
43.0155
43.0432
44.0733
44.5859
45.1373
45.8233
46.668
46.9769
47.7966
49.0802
49.4062
49.6732
50.734
51.404
52.7938
52.8821
53.3899
54.0676
55.4415
55.9187
56.4584
56.5833
57.5118
57.6466
57.7847
57.9173
59.2952
60.6698
60.8743
60.9845
62.0745
62.7282
63.6848
63.9244
64.8928
66.0722
66.9852
68.0433
68.1714
68.7183
68.7452
68.8599
69.5223
69.5537
69.5859
70.9757
71.8279
72.6162
72.996
73.914
73.946
73.986
74.729
74.9948
75.1372
75.1677
75.1962
75.2478
76.4706
77.4044
77.7904
78.2203
78.5835
78.6283
78.6548
79.7944
80.0737
80.5944
81.8972
82.8507
83.9498
84.1641
84.31
85.2526
85.5296
86.0846
86.162
86.1921
86.2225
86.2551
87.1296
87.2548
87.2844
87.3206
87.3891
87.4225
87.6504
87.6858
87.7183
87.7579
87.7984
89.1648
89.191
89.2371
89.2783
90.6315
90.6689
90.7078
91.4026
91.4318
91.506
92.8868
92.9268
93.7766
94.056
94.0874
94.584
94.6413
95.148
96.3191
96.907
97.6867
98.0741
98.1896
99.4292
100.268
100.594
101.419
101.787
102.325
102.472
102.583
103.781
103.926
104.065
104.6
104.712
104.763
106.138
106.586
107.517
108.31
108.339
108.392
109.469
109.513
109.55
110.058
110.313
110.352
110.404
110.453
110.484
110.515
110.55
110.589
110.646
110.683
110.724
110.75
110.783
110.811
110.881
110.923
110.971
111.007
111.039
111.066
111.131
111.169
111.2
111.255
111.293
111.325
111.39
112.772
114.134
115.514
116.17
117.547
117.592
117.91
117.949
117.979
118.014
119.258
119.783
119.911
119.944
119.98
120.012
120.059
120.709
121.781
123.159
123.266
124.644
126.053
126.584
127.412
127.518
128.659
128.985
129.02
129.26
129.301
129.525
129.563
129.772
129.909
131.279
131.395
131.519
131.783
131.908
132.313
132.375
132.883
132.917
133.764
134.742
134.982
135.01
135.791
135.834
136.897
137.162
137.419
137.792
138.479
138.586
139.152
140.322
140.464
141.268
141.412
142.474
143.837
143.927
144.589
144.894
144.934
145.786
145.815
146.061
146.094
146.163
146.2
146.233
146.262
147.407
147.44
147.466
148.312
148.35
148.406
148.464
148.504
148.534
148.844
148.897
148.93
148.977
149.402
149.446
149.499
149.54
149.581
149.654
149.694
149.735
149.775
149.804
149.834
149.899
149.938
149.968
149.997
150.175
150.216
150.257
152.126
152.182
152.215
152.247
152.302
152.343
152.4
152.453
152.494
152.536
152.581
152.636
152.676
152.725
152.77
152.815
152.896
152.935
152.979
153.017
153.05
153.101
153.159
153.193
153.358
153.413
153.445
153.486
154.85
156.222
157.595
157.911
158.048
159.421
160.802
161.793
162.714
162.975
163.141
164.171
164.464
165.264
165.914
166.708
166.738
166.883
166.925
166.967
167.005
168.178
168.714
168.755
168.794
169.784
169.912
170.582
171.4
171.52
171.664
172.314
172.377
172.577
173.964
174.721
174.749
176.143
176.449
177.4
177.432
177.462
178.54
178.902
179.159
180.325
180.727
180.99
181.158
182.482
183.443
183.918
184.06
184.176
184.225
184.325
185.705
187.088
187.25
188.645
188.993
190.387
191.25
192.64
194.048
194.576
194.71
195.662
195.693
195.72
197.135
197.171
197.77
197.798
197.83
197.892
197.928
197.958
197.985
198.036
198.074
198.343
198.394
198.446
198.48
198.516
198.571
198.641
198.686
198.729
200.135
201.512
202.888
204.259
204.297
205.272
205.402
205.67
205.712
205.77
206.18
206.21
207.135
207.172
207.199
208.574
209.782
209.812
209.853
209.916
211.235
211.51
212.882
213.236
213.268
213.387
213.905
213.936
214.05
214.072
214.125
214.162
214.191
214.218
214.435
214.565
214.596
214.65
214.679
214.729
214.761
218.046
219.407
220.773
222.135
223.513
224.893
226.189
227.513
228.323
228.478
229.261
229.399
229.521
230.772
231.269
232.09
232.317
232.905
233.913
234.32
234.468
234.718
235.153
235.417
236.801
238.173
238.446
239.054
240.448
241.851
242.434
242.577
242.719
242.847
244.226
245.41
245.507
248.755
248.782
248.824
248.904
250.277
250.57
250.643
252.018
253.407
254.589
254.987
256.239
256.273
257.507
258.888
259.131
259.664
259.701
260.451
260.482
260.513
261.442
262.706
262.742
262.782
262.809
262.889
262.928
262.97
262.999
263.035
263.077
264.459
264.971
265.401
266.305
266.335
266.384
266.425
266.461
266.491
266.521
266.557
267.933
268.182
268.21
268.238
268.274
268.331
269.705
269.847
269.986
270.053
270.189
270.339
271.707
273.071
273.667
273.695
273.728
273.772
275.133
275.655
275.684
275.914
275.945
275.976
276.016
276.068
276.121
276.863
280.118
283.377
286.634
288.017
289.388
289.922
291.298
292.596
292.867
293.263
293.301
293.334
293.39
293.78
293.819
293.85
293.897
293.935
293.964
293.992
294.044
294.312
294.339
295.715
296.183
296.457
296.48
296.707
296.74
298.117
299.5
300.05
300.453
300.482
301.505
301.533
301.639
301.674
301.719
301.921
301.977
302.044
302.087
305.341
308.577
311.846
312.652
312.711
312.762
312.812
312.869
312.922
312.973
313.026
313.068
313.118
313.169
313.216
313.257
313.311
313.351
313.394
313.443
314.814
315.442
315.485
315.53
315.656
315.707
315.802
315.847
317.225
318.609
319.983
320.027
320.065
320.108
320.15
320.19
320.231
320.325
321.693
323.065
324.448
324.507
324.555
324.682
326.044
327.435
327.86
328.912
328.944
328.968
329.003
329.107
330.484
331.751
332.782
334.154
334.915
334.944
334.98
335.021
335.066
335.173
