0.000000
0.000000
0.100000
0.600000
1.126667
1.726667
2.274933
3.146019
4.121734
5.118024
6.107904
7.024896
7.866649
8.904427
9.875383
10.571909
10.896896
11.194510
12.038314
13.014441
14.023109
15.013963
16.004627
16.991194
17.961681
18.953380
19.771710
20.720724
21.710510
22.692783
23.683786
24.655102
25.647441
26.667610
27.588824
28.557512
29.537259
30.458658
31.427162
32.395312
33.436262
34.426816
35.415597
36.395038
37.385007
38.370725
39.427810
40.417660
41.408274
42.398315
43.388280
44.206542
45.139490
46.189698
47.142984
48.131173
49.115062
50.098346
51.073594
52.135625
53.127535
54.116836
54.744868
55.394525
56.380158
57.363763
58.352100
59.186259
60.172081
61.161371
62.146028
63.133953
64.125815
65.175101
66.151519
67.137822
68.120038
69.109684
70.087175
71.142754
72.108424
73.094077
74.018022
74.920323
75.746103
76.594336
77.654942
78.634187
79.558558
80.106937
80.813798
81.617767
82.649430
83.641889
84.631129
85.495185
85.917842
86.315038
87.177868
88.213563
89.201426
90.172609
91.158088
92.148031
93.115625
93.943111
94.958333
95.973940
96.966838
97.949951
98.849901
99.470536
100.360032
101.242815
101.870975
102.679626
103.649429
104.645839
105.633231
106.663173
107.655637
108.634357
109.624573
110.615142
111.606539
112.662506
113.651142
114.470488
115.242129
115.910322
116.938340
117.927129
119.000150
119.990419
120.866275
121.567325
122.464152
123.472217
124.468703
125.525726
126.528436
127.518398
128.510730
129.499840
130.494661
131.518626
132.519497
133.482808
134.450974
135.445098
136.348573
137.241634
138.281488
139.246898
140.361134
141.342447
142.339309
143.312698
144.349352
145.327808
146.126550
146.536672
146.953989
147.726959
148.654218
149.471531
150.385030
151.375372
152.288115
153.255952
154.190005
155.163347
156.051546
156.550615
157.113055
158.021462
159.007150
159.996645
161.052556
161.985108
162.962066
163.959437
164.945914
165.926051
166.920044
167.961949
168.947006
169.907708
170.822727
171.802041
172.781302
173.829013
174.819443
175.808620
176.799659
177.784466
178.774404
179.757485
180.585590
181.185524
182.066466
183.050507
184.058489
185.048939
186.039176
187.068963
188.042396
188.962529
189.998340
190.995072
191.977993
193.036674
193.993821
194.825772
195.604121
196.574629
197.548540
198.530224
199.395241
199.916125
200.239797
201.008979
202.017878
202.988105
204.040583
204.859478
205.669344
206.650299
207.557507
208.305883
209.258983
210.320845
211.321326
212.201988
213.007573
213.996083
214.986425
215.934161
216.984842
217.975623
218.989670
220.337945
221.535030
222.441988
223.347473
224.277050
225.269746
226.240745
227.204798
228.197962
229.185722
230.241901
231.234208
232.226280
233.226654
234.211200
235.183950
236.202302
237.191927
238.176198
239.127378
240.115316
241.104029
242.093162
243.150341
244.141065
245.111224
246.059874
247.051306
248.026836
249.016823
250.070211
250.994435
251.709831
252.327544
253.284881
254.276846
255.328345
256.220389
257.140492
258.078422
259.062615
259.889498
260.584788
261.489377
262.450032
263.448245
264.434336
265.426003
266.397193
267.446485
268.433989
269.409187
270.399564
271.321775
272.194477
273.062953
273.847970
274.172789
274.372528
274.943473
275.368968
275.665802
275.898630
276.231970
277.050023
278.027914
279.017720
279.997083
280.994132
282.071528
283.066863
284.060908
285.014391
285.970624
286.958142
287.956071
289.013690
290.001811
290.992826
291.981109
292.969000
293.940078
294.991430
295.984443
296.988195
297.872263
298.766738
299.726841
300.690671
301.728679
302.623459
303.614502
304.611316
305.607596
306.592626
307.580692
308.627094
309.601107
310.589942
311.556797
312.545724
313.480883
314.180632
314.998780
315.981714
316.884988
317.242160
317.578582
318.438973
319.483384
320.475038
321.463584
322.454077
323.440362
324.417240
325.474315
326.450993
327.421876
328.378898
329.366496
330.358120
331.330596
332.344242
333.122278
333.717471
334.042476
334.568061
335.484922
336.475817
337.537146
338.528346
339.454905
340.447539
341.450809
342.331008
343.106623
344.045651
345.035073
345.998894
346.848640
347.841129
348.853955
349.910093
350.906500
351.865569
352.715375
353.687933
354.632538
355.636680
356.634920
357.576169
358.465419
359.145494
359.405659
360.061041
361.108140
362.150084
363.177384
364.159959
365.151791
366.153551
367.154519
368.216372
369.198727
370.203555
371.186779
372.179492
373.074383
374.095853
375.084308
376.035906
376.975527
377.978784
378.775177
379.092374
379.680154
380.319662
380.863195
380.999075
381.180299
381.354433
381.991191
382.913123
383.834427
384.687177
385.303493
385.790043
386.470844
387.471359
388.234761
389.006306
389.928995
390.777805
391.451110
392.407484
393.455186
394.437714
395.424321
396.447220
397.445183
398.425917
399.481349
400.472201
401.476538
402.449575
403.427486
404.430816
405.421069
406.477227
407.465209
408.460910
409.360122
410.075017
411.037788
412.152482
413.137811
414.134067
415.125178
416.100028
417.061196
418.038582
419.080302
420.024698
420.816802
421.731044
422.711634
423.693010
424.661942
425.724481
426.699493
427.681864
428.663400
429.479134
430.332135
431.121389
431.641114
432.458796
433.415849
434.409018
435.398896
436.388204
437.438405
438.077854
438.434926
439.294728
440.510030
441.873029
443.047346
443.996078
444.986102
445.972401
446.960448
447.951402
448.937624
449.873383
450.617452
451.546199
452.246311
453.169813
454.160768
455.153703
456.210785
457.192392
458.182992
459.173454
460.160833
461.151172
462.209025
463.198462
464.180483
465.179563
466.169578
467.165563
468.155530
469.194539
470.175095
471.164445
472.155600
473.140375
474.082116
475.137311
476.051967
476.883117
477.700747
478.673978
479.662132
480.649327
481.883774
483.069749
483.969016
484.857935
485.489281
485.818183
486.521847
487.598105
488.531732
489.486399
490.474543
491.462646
492.455194
493.512950
494.501704
495.425174
496.333876
497.315503
498.309139
499.295221
500.299821
501.147847
502.147058
503.119014
504.099826
505.093049
506.147627
507.127454
508.116564
509.107503
510.098091
511.088910
512.078937
513.134876
514.125395
515.116333
516.107829
517.098921
518.086609
519.071279
520.126478
521.118928
522.105132
523.094636
524.085751
525.075906
526.132435
527.123899
528.114548
529.089062
530.089718
531.078563
532.070199
533.126946
534.100871
535.083114
536.069637
536.987007
537.905520
538.992206
539.967200
540.920797
541.691127
542.037877
542.583022
543.512142
544.504599
545.561044
546.694118
547.745423
548.721167
549.712762
550.679642
551.380371
551.775893
552.486495
553.449454
554.380865
555.246457
556.245650
556.979937
557.275921
557.887619
558.837617
559.724900
560.542058
561.513580
562.465273
563.454239
564.442406
565.424385
566.407750
567.468631
568.534181
569.903500
571.050405
572.151841
573.124456
574.118998
575.180254
576.125241
577.015481
578.024119
579.033375
580.023267
581.013295
582.073117
583.003822
583.879272
584.817663
585.759063
586.748165
587.806840
588.802788
589.774137
590.757877
591.737795
592.736828
593.685921
594.729119
595.721154
596.713155
597.704503
598.692854
599.682121
600.732915
601.715874
602.551228
602.838016
603.419771
604.356937
605.345913
606.411140
607.415428
608.383119
608.933752
609.470993
610.201833
610.901572
611.804345
612.442614
612.769952
613.425448
614.324935
615.306129
616.286007
617.230031
618.245189
619.179401
619.735965
619.785678
619.785678
619.785678
619.785678
619.785678
619.785678
619.785678
619.785678
619.785678
619.785678
619.785678
619.785678
619.785678
619.785678
619.785678
619.785678
619.785678
619.785678
619.785678
619.785678
619.785678
619.785678
619.785678
619.785678
619.785678
619.785678
619.785678
619.785678
619.785678
619.785678
619.785678
619.785678
619.785678
619.785678
619.785678
619.785678
619.785678
619.785678
619.785678
619.785678
619.785678
619.785678
619.785678
619.785678
619.785678
619.785678
619.785678
619.785678
619.785678
619.785678
619.785678
619.785678
619.785678
619.785678
619.785678
619.785678
619.785678
619.785678
619.785678
619.785678
619.785678
619.785678
619.785678
619.785678
619.785678
