0.000000
0.000000
0.082625
0.345199
0.509747
0.636958
0.704992
0.842072
0.978942
1.086574
1.172291
1.224445
1.266716
1.326942
1.369623
1.366959
1.327233
1.285126
1.307060
1.336930
1.373432
1.401827
1.427682
1.448480
1.471028
1.491182
1.496698
1.508188
1.527806
1.542646
1.557091
1.567193
1.582174
1.595877
1.602797
1.610440
1.622012
1.627914
1.634746
1.641752
1.654420
1.661303
1.669742
1.674609
1.683231
1.689572
1.698721
1.702803
1.710353
1.715816
1.721056
1.718277
1.722203
1.729283
1.732541
1.735666
1.741032
1.744964
1.748004
1.753776
1.758591
1.762176
1.753391
1.745631
1.750377
1.753695
1.757052
1.754821
1.758887
1.762053
1.764997
1.767378
1.770930
1.775389
1.777718
1.779726
1.782768
1.785301
1.787471
1.790880
1.793277
1.795464
1.795913
1.795565
1.794497
1.793348
1.796195
1.798373
1.799550
1.791568
1.787509
1.784875
1.788551
1.790617
1.792578
1.791221
1.782147
1.771894
1.771490
1.774104
1.776090
1.778015
1.780074
1.781376
1.783473
1.782256
1.784586
1.786400
1.788717
1.790341
1.790426
1.785141
1.785350
1.785171
1.780641
1.778704
1.780597
1.782240
1.784037
1.785731
1.787994
1.789270
1.790886
1.791951
1.793752
1.796477
1.797881
1.796047
1.794763
1.791055
1.793247
1.794097
1.797109
1.798366
1.798151
1.795077
1.795179
1.796965
1.798277
1.800100
1.801905
1.802939
1.804470
1.805222
1.806912
1.808629
1.809614
1.810340
1.811635
1.812683
1.812655
1.812123
1.814411
1.815173
1.817639
1.818286
1.819841
1.820382
1.822265
1.822623
1.821620
1.815452
1.809418
1.807482
1.807983
1.806917
1.806977
1.807812
1.808229
1.808923
1.809229
1.809784
1.809882
1.805200
1.801348
1.801128
1.802416
1.803361
1.805133
1.805175
1.806276
1.807287
1.808231
1.808754
1.809952
1.811491
1.811962
1.812661
1.813003
1.813752
1.814524
1.815723
1.816848
1.817676
1.818521
1.819043
1.820116
1.820666
1.820003
1.816486
1.816659
1.817402
1.818351
1.818844
1.819974
1.820843
1.821752
1.821633
1.823044
1.823797
1.824477
1.825655
1.826319
1.825564
1.824309
1.824621
1.825427
1.825951
1.825246
1.821795
1.816720
1.815442
1.816374
1.816704
1.818210
1.817405
1.816531
1.816950
1.817162
1.815757
1.816165
1.817117
1.818235
1.818015
1.817154
1.817609
1.818518
1.818829
1.820021
1.820470
1.821564
1.825168
1.827538
1.827281
1.827395
1.827532
1.828185
1.828440
1.829046
1.829664
1.830258
1.831177
1.831976
1.832561
1.833223
1.833550
1.834217
1.834988
1.835556
1.835892
1.836302
1.836836
1.837390
1.837735
1.838966
1.839404
1.839884
1.839891
1.840629
1.841040
1.841068
1.842318
1.842556
1.841008
1.838506
1.838921
1.839639
1.840584
1.840384
1.840187
1.840518
1.840947
1.840299
1.838545
1.838604
1.838826
1.839374
1.839706
1.840275
1.840766
1.841655
1.841932
1.842476
1.842950
1.842954
1.842403
1.841879
1.841336
1.837331
1.832392
1.830260
1.826936
1.822711
1.818296
1.814674
1.814083
1.814552
1.814919
1.815537
1.816132
1.817223
1.817499
1.818335
1.818604
1.818914
1.819239
1.819961
1.820891
1.821371
1.821724
1.822352
1.822833
1.823054
1.823906
1.824576
1.825116
1.824923
1.824696
1.825113
1.825442
1.826164
1.825900
1.826541
1.827029
1.827558
1.827837
1.828400
1.829203
1.829467
1.829840
1.830307
1.830737
1.830765
1.829471
1.829033
1.829438
1.829346
1.826008
1.822844
1.822539
1.823314
1.823623
1.824206
1.824637
1.824784
1.825267
1.826229
1.826595
1.826626
1.827014
1.827575
1.827982
1.828307
1.828715
1.828115
1.826356
1.823164
1.820932
1.821092
1.821521
1.822164
1.822643
1.822864
1.823181
1.823789
1.823457
1.822885
1.823030
1.823446
1.823568
1.823389
1.823698
1.824343
1.824958
1.825520
1.825762
1.825439
1.825620
1.825917
1.826378
1.826582
1.826832
1.826723
1.825255
1.822353
1.820953
1.821504
1.822401
1.822987
1.823228
1.823741
1.824187
1.824633
1.825238
1.825717
1.826166
1.826507
1.826762
1.826812
1.827333
1.827476
1.827767
1.828010
1.828447
1.827882
1.824878
1.823448
1.822138
1.820386
1.816580
1.813243
1.809756
1.808490
1.808439
1.808517
1.808304
1.807056
1.805000
1.804071
1.804522
1.803884
1.803166
1.803376
1.803129
1.802086
1.802234
1.803012
1.803377
1.803770
1.804211
1.804755
1.805114
1.805802
1.806092
1.806646
1.806968
1.807303
1.807630
1.808133
1.808800
1.809185
1.809464
1.809555
1.808716
1.808981
1.809786
1.810253
1.810650
1.811026
1.811217
1.811517
1.811878
1.812471
1.812468
1.812139
1.812123
1.812403
1.812711
1.813072
1.813741
1.814032
1.814257
1.814662
1.814269
1.814044
1.813425
1.811940
1.811551
1.811782
1.812037
1.812490
1.812831
1.813432
1.812231
1.810065
1.809869
1.811150
1.812925
1.814126
1.814295
1.814595
1.814858
1.815284
1.815619
1.815933
1.815959
1.815366
1.815127
1.814636
1.814603
1.815043
1.815379
1.815972
1.816143
1.816591
1.816871
1.817158
1.817455
1.818139
1.818450
1.818736
1.818987
1.819406
1.819737
1.819899
1.820450
1.820821
1.821127
1.821444
1.821629
1.821838
1.822396
1.822385
1.822021
1.821735
1.821983
1.822305
1.822440
1.823814
1.824824
1.824799
1.824604
1.823653
1.821442
1.820719
1.821242
1.821412
1.821531
1.821869
1.822074
1.822446
1.822958
1.823270
1.823228
1.823296
1.823532
1.823863
1.824042
1.824364
1.824205
1.824594
1.824717
1.825059
1.825324
1.825862
1.826036
1.826376
1.826628
1.826932
1.827121
1.827481
1.827953
1.828259
1.828457
1.828747
1.829058
1.829335
1.829488
1.830073
1.830328
1.830597
1.830717
1.831122
1.831348
1.831872
1.832050
1.832393
1.832577
1.832887
1.833068
1.833396
1.833837
1.834073
1.834146
1.834534
1.834509
1.834538
1.834970
1.835310
1.835416
1.834933
1.832932
1.831638
1.831794
1.832051
1.832450
1.833250
1.833695
1.833898
1.834053
1.834313
1.833594
1.831863
1.831052
1.831339
1.831391
1.831226
1.831360
1.830904
1.828872
1.827880
1.827874
1.827911
1.827595
1.827782
1.827800
1.828149
1.828389
1.828608
1.828709
1.829303
1.829789
1.831134
1.831991
1.832585
1.832629
1.833015
1.833476
1.833566
1.833400
1.833773
1.834066
1.834296
1.834381
1.834976
1.835017
1.834829
1.834837
1.835026
1.835247
1.835690
1.835875
1.836100
1.836302
1.836496
1.836682
1.836841
1.837222
1.837453
1.837617
1.837902
1.838111
1.838330
1.838642
1.838881
1.838671
1.836743
1.835717
1.835778
1.835990
1.836440
1.836640
1.836849
1.835740
1.834594
1.833972
1.833382
1.833327
1.832507
1.830696
1.829972
1.829926
1.830123
1.830254
1.830401
1.830688
1.830753
1.829617
1.827125
1.824436
1.821772
1.819009
1.816417
1.813763
1.811125
1.808398
1.805840
1.803212
1.800602
1.797894
1.795369
1.792779
1.790189
1.787508
1.785044
1.782461
1.779915
1.777253
1.774812
1.772267
1.769746
1.767120
1.764692
1.762194
1.759704
1.757103
1.754712
1.752232
1.749768
1.747224
1.744841
1.742382
1.739943
1.737412
1.735059
1.732639
1.730229
1.727743
1.725412
1.723004
1.720622
1.718162
1.715849
1.713479
1.711121
1.708689
1.706394
1.704056
1.701725
1.699319
1.697056
1.694733
1.692431
1.690055
1.687808
1.685519
1.683238
1.680880
1.678670
1.676402
1.674145
1.671821
1.669635
