0.013494
0.006412
0.006672
0.006244
0.006829
0.006682
0.005517
0.003707
0.004291
0.004085
0.005811
0.004831
0.005793
0.005852
0.006278
0.006645
0.005808
0.007920
0.008068
0.006969
0.005088
0.004469
0.005469
0.003725
0.003461
0.003539
0.003697
0.003568
0.003616
0.003836
0.003484
0.003981
0.004782
0.005587
0.008199
0.006681
0.007939
0.008719
0.007711
0.006189
0.006575
0.006112
0.005876
0.004865
0.005260
0.007171
0.008136
0.006604
0.005738
0.004731
0.004126
0.004950
0.005635
0.004874
0.003746
0.003872
0.003852
0.002661
0.002179
0.004548
0.005005
0.003294
0.003568
0.003954
0.002733
0.004115
0.004058
0.003955
0.002361
0.003304
0.005332
0.003754
0.004547
0.003706
0.005342
0.003949
0.004192
0.004167
0.003585
0.002963
0.003838
0.005410
0.005501
0.005067
0.004457
0.004416
0.004597
0.004877
0.007046
0.006477
0.005939
0.007619
0.005864
0.004566
0.005983
0.003636
0.004171
0.004212
0.005757
0.007230
0.005989
0.004140
0.004564
0.004122
0.004193
0.006376
0.006605
0.008205
0.006607
0.005435
0.007021
0.006379
0.004762
0.006971
0.008014
0.007030
0.005149
0.004505
0.006331
0.004318
0.004271
0.004148
0.003766
0.004713
0.004037
0.008152
0.003784
0.002865
0.002716
0.005395
0.004103
0.003323
0.004376
0.005093
0.002413
0.004303
0.003797
0.002491
0.003165
0.002583
0.006793
0.003551
0.003762
0.004302
0.004761
0.005691
0.004354
0.003707
0.004332
0.006701
0.007135
0.006633
0.004630
0.005946
0.004883
0.004600
0.004400
0.002265
0.003464
0.004276
0.003413
0.005248
0.002932
0.004200
0.008122
0.005863
0.007882
0.008067
0.006593
0.006124
0.006344
0.005647
0.005332
0.006897
0.006975
0.005678
0.010607
0.010519
0.009623
0.005839
0.003906
0.010691
0.010493
0.011539
0.009001
0.010733
0.014573
0.012369
0.012631
0.005544
0.004151
0.005503
0.003736
0.004074
0.004335
0.004760
0.003657
0.003009
0.004835
0.003639
0.004739
0.005167
0.004765
0.005250
0.004280
0.006786
0.004906
0.005389
0.005313
0.005613
0.004621
0.004488
0.004547
0.004369
0.004596
0.004190
0.004876
0.003635
0.003651
0.003685
0.005291
0.004710
0.004262
0.006160
0.004194
0.006896
0.005222
0.004205
0.005716
0.004466
0.004355
0.005634
0.004052
0.004629
0.005308
0.005207
0.006726
0.006284
0.006013
0.006027
0.005054
0.006761
0.006098
0.007083
0.006377
0.006457
0.006166
0.005879
0.007396
0.006439
0.004928
0.003123
0.003149
0.002566
0.003794
0.004941
0.003986
0.005574
0.004251
0.005848
0.005816
0.005219
0.004325
0.003458
0.003608
0.003867
0.005626
0.005996
0.005418
0.005163
0.006089
0.005729
0.006139
0.005445
0.004008
0.003524
0.003271
0.003444
0.003467
0.004099
0.003723
0.004297
0.004160
0.003796
0.004339
0.005497
0.003875
0.005121
0.005009
0.005977
0.005999
0.005924
0.004650
0.006378
0.005975
0.004995
0.003539
0.003357
0.004926
0.004171
0.004124
0.005255
0.006303
0.007588
0.007168
0.010262
0.004050
0.004091
0.003657
0.003922
0.004507
0.004501
0.004301
0.004030
0.005777
0.004990
0.004990
0.003108
0.004016
0.003654
0.004724
0.007224
0.012513
0.010583
0.008922
0.007772
0.009462
0.009786
0.005599
0.004509
0.002280
0.005904
0.002576
0.014264
0.013324
0.012743
0.011357
0.010407
0.009944
0.007557
0.006341
0.006061
0.005166
0.003742
0.003616
0.003237
0.004506
0.003823
0.003819
0.003825
0.003775
0.004239
0.005467
0.005857
0.005467
0.009046
0.010300
0.009647
0.008716
0.007814
0.005135
0.006177
0.006556
0.008026
0.004533
0.003522
0.003455
0.003750
0.003366
0.003238
0.003246
0.003507
0.003215
0.003180
0.003533
0.003183
0.003253
0.003753
0.003840
0.004017
0.004508
0.004651
0.004944
0.004181
0.003879
0.004307
0.004507
0.002765
0.003798
0.004073
0.003244
0.003707
0.003368
0.003918
0.004507
0.003774
0.003154
0.003404
0.004182
0.008103
0.006675
0.005849
0.006030
0.007503
0.008845
0.005946
0.006913
0.007468
0.007084
0.007097
0.004528
0.003881
0.004846
0.004988
0.005725
0.005549
0.005574
0.006469
0.006915
0.007410
0.006462
0.006465
0.006333
0.006392
0.005710
0.005955
0.005582
0.006629
0.007657
0.007468
0.006783
0.006561
0.006923
0.004695
0.010527
0.006670
0.007022
0.007198
0.007102
0.007212
0.009850
0.007988
0.005084
0.007038
0.011108
0.010419
0.012412
0.007498
0.005700
0.005466
0.004095
0.004143
0.002193
0.006276
0.005808
0.006130
0.007403
0.007546
0.006284
0.006728
0.006180
0.005357
0.004273
0.003518
0.005604
0.006004
0.005881
0.004313
0.004345
0.004531
0.004144
0.003062
0.002948
0.002906
0.003098
0.003298
0.003533
0.003389
0.003576
0.003803
0.003592
0.003415
0.004079
0.004218
0.003570
0.003987
0.004174
0.003123
0.003687
0.003839
0.003765
0.003547
0.003839
0.004853
0.004925
0.005065
0.005928
0.005052
0.005913
0.006045
0.004940
0.004965
0.004933
0.006326
0.006636
0.006765
0.006309
0.006821
0.004703
0.004614
0.004290
0.003657
0.003325
0.002950
0.007761
0.008124
0.011178
0.008652
0.008257
0.007628
0.010253
0.014557
0.014595
0.012706
0.010481
0.011058
0.010951
0.011213
0.011187
0.011240
0.010487
0.013183
0.010581
0.007504
0.008470
0.010331
0.008299
0.009427
0.004943
0.005333
0.005286
0.005062
0.008365
0.008535
0.007189
0.009267
0.008811
0.006211
0.006913
0.006036
0.007082
0.006845
0.007203
0.008615
0.007232
0.004112
0.004638
0.004073
0.003042
0.003572
0.004301
0.004621
0.004681
0.005100
0.005420
