163.148438
164.726562
164.726562
168.593750
168.593750
168.593750
168.964844
168.964844
168.964844
168.964844
168.964844
168.964844
168.964844
168.964844
168.964844
168.964844
168.964844
168.964844
168.964844
168.964844
168.964844
168.964844
168.964844
168.964844
168.964844
168.964844
168.964844
168.964844
168.964844
168.964844
168.964844
168.964844
168.964844
168.964844
168.964844
168.964844
168.964844
168.964844
168.964844
168.964844
168.964844
168.964844
168.964844
168.964844
168.964844
168.964844
168.964844
168.964844
168.964844
168.964844
168.964844
168.964844
168.964844
168.964844
168.964844
168.964844
168.964844
168.964844
168.964844
168.964844
168.964844
168.964844
168.964844
168.964844
168.964844
168.964844
168.964844
168.964844
168.964844
168.964844
168.964844
168.964844
168.964844
168.964844
168.964844
168.964844
170.167969
170.167969
170.167969
170.167969
170.167969
170.167969
170.167969
170.167969
170.167969
170.167969
170.167969
170.167969
170.167969
170.167969
170.167969
170.167969
170.167969
170.167969
170.167969
170.167969
170.167969
170.167969
170.167969
170.167969
170.167969
170.167969
170.167969
170.167969
170.167969
170.167969
170.167969
170.167969
170.167969
170.167969
170.167969
170.167969
170.167969
170.167969
170.167969
170.167969
170.167969
170.167969
170.167969
170.167969
170.167969
170.167969
170.167969
170.167969
170.167969
170.167969
170.167969
170.167969
170.167969
170.167969
170.167969
170.167969
170.167969
170.167969
170.167969
170.167969
170.167969
170.167969
170.167969
170.167969
170.167969
170.167969
170.167969
170.167969
170.167969
170.167969
170.167969
170.167969
170.167969
170.167969
170.167969
170.167969
170.167969
170.167969
170.167969
170.167969
170.167969
170.167969
170.167969
170.167969
170.167969
170.167969
170.167969
170.167969
170.167969
170.167969
170.167969
170.167969
170.167969
170.167969
170.167969
170.167969
170.167969
170.167969
170.167969
170.683594
170.683594
170.683594
170.683594
170.683594
170.683594
170.683594
170.683594
170.683594
170.683594
170.683594
170.683594
170.683594
173.519531
173.519531
173.519531
173.519531
173.519531
173.519531
173.519531
173.519531
173.519531
173.519531
173.519531
173.519531
173.519531
173.519531
173.519531
173.519531
173.519531
173.519531
173.519531
173.519531
173.519531
173.519531
173.519531
173.519531
173.519531
173.519531
173.519531
173.519531
173.519531
173.519531
173.519531
173.519531
173.519531
173.519531
173.519531
173.519531
173.519531
173.519531
173.519531
173.519531
173.519531
173.519531
174.035156
174.035156
174.035156
174.035156
174.035156
174.035156
174.035156
174.035156
174.035156
174.035156
174.035156
174.035156
174.550781
174.550781
174.550781
174.550781
174.550781
174.550781
174.550781
174.550781
174.550781
174.550781
174.550781
174.550781
174.550781
174.550781
174.550781
174.550781
174.550781
174.550781
174.550781
174.550781
174.550781
174.550781
174.550781
174.550781
174.550781
174.550781
174.550781
174.550781
174.550781
174.550781
174.550781
174.550781
174.550781
174.550781
174.550781
174.550781
174.550781
174.550781
174.550781
174.550781
174.550781
174.550781
174.550781
174.550781
174.550781
174.550781
174.808594
174.808594
174.808594
174.808594
174.808594
174.808594
174.808594
174.808594
175.066406
175.066406
175.066406
175.066406
175.066406
175.066406
175.066406
175.066406
175.066406
175.066406
175.066406
175.066406
175.066406
175.066406
175.066406
175.066406
175.066406
175.066406
175.066406
175.066406
175.066406
175.066406
175.066406
175.066406
175.066406
175.066406
175.066406
175.066406
175.066406
175.066406
175.066406
175.066406
175.066406
175.066406
175.066406
175.066406
175.066406
175.066406
175.066406
175.066406
175.066406
175.066406
175.066406
175.066406
175.066406
175.066406
175.066406
175.066406
175.066406
175.066406
175.066406
175.066406
175.066406
175.066406
175.066406
175.324219
175.324219
175.324219
177.128906
177.128906
177.128906
177.128906
177.128906
177.128906
177.128906
177.128906
177.128906
177.128906
177.128906
177.128906
177.128906
177.128906
177.128906
177.128906
177.128906
177.128906
177.128906
177.128906
177.128906
177.128906
177.128906
177.128906
177.128906
177.128906
177.128906
177.128906
177.128906
177.128906
177.128906
177.128906
177.128906
177.128906
177.128906
177.128906
177.128906
177.128906
177.128906
177.128906
177.128906
177.128906
177.128906
177.128906
177.128906
177.128906
177.128906
177.128906
177.128906
177.128906
177.128906
177.128906
177.128906
177.128906
177.128906
177.128906
177.128906
177.128906
177.128906
177.128906
177.128906
177.128906
177.128906
177.128906
177.128906
177.128906
177.128906
177.128906
177.128906
177.128906
177.128906
177.128906
177.128906
177.128906
177.128906
177.128906
177.128906
177.128906
177.128906
177.128906
177.128906
177.128906
177.128906
177.128906
177.128906
177.128906
177.128906
177.128906
177.128906
177.128906
177.128906
177.128906
177.128906
177.128906
177.128906
177.128906
177.128906
177.128906
177.128906
177.128906
177.128906
177.128906
177.128906
177.128906
177.128906
177.128906
177.128906
177.128906
177.128906
177.128906
177.128906
177.128906
177.128906
177.128906
177.128906
177.128906
177.128906
177.128906
177.128906
177.128906
177.128906
177.128906
177.128906
177.128906
