4.98247
5.0551
5.19632
5.46966
5.59731
5.86792
6.93188
7.59526
8.99484
9.05547
10.2535
11.5862
11.8629
12.1292
13.5038
13.7342
14.4686
14.8875
15.822
15.9341
15.9711
16.9714
16.9981
17.0266
18.4413
18.4774
18.5079
18.537
18.579
18.6198
19.4305
20.1768
20.3235
21.1165
21.6565
21.6977
21.7386
22.6211
22.9782
23.0142
24.0487
24.0809
24.7219
25.3584
25.5244
26.1732
26.8695
27.3938
28.3255
29.1254
29.9153
29.9506
30.3165
30.3528
30.3842
30.428
30.4689
31.8188
32.0395
33.1329
33.9585
34.313
34.3403
35.1137
35.1409
35.1729
35.5212
35.5479
35.572
35.6154
35.654
35.6795
35.7121
35.7403
35.7737
35.7999
35.8347
37.2434
38.4583
38.4834
38.5151
38.5617
39.3808
39.6442
40.0615
40.0989
40.1345
40.1784
41.3778
41.5243
42.6323
42.6681
43.955
44.3204
44.3605
45.3709
45.5186
46.4345
46.9732
47.7727
48.4565
49.3653
50.5686
50.9815
51.0088
52.0468
52.7295
53.5276
53.7811
53.8188
54.851
55.5267
56.4405
56.9799
57.6518
58.0442
58.3323
58.9666
58.9997
59.028
59.6406
60.7158
60.7464
60.779
60.8124
62.2022
62.8575
64.2399
64.3172
64.3622
64.398
64.4413
64.4719
64.5012
64.5258
64.574
64.6127
64.637
64.6916
64.724
64.7632
64.8046
64.8571
64.892
64.9248
64.9638
65.0003
65.0284
65.0612
65.1487
65.1851
65.2296
65.2632
65.2983
65.3267
65.3786
65.4076
65.4321
65.4654
65.5035
65.584
65.6412
65.6738
65.7065
65.7641
65.8165
65.8596
67.2463
68.6232
68.66
68.7006
69.2429
69.2705
69.3014
69.3309
69.3832
69.4208
69.4614
69.516
69.5422
69.5708
69.644
69.6835
69.7163
69.765
69.8078
69.8713
69.9212
69.9675
70.0071
71.3843
71.4174
72.9889
73.0243
73.3897
74.1783
75.2484
76.6083
77.1513
77.2514
77.6634
78.5887
78.7313
79.8306
80.9122
81.5228
82.1492
82.6547
82.7812
83.4541
83.7255
83.7602
83.8759
83.9075
83.9371
83.9734
84.3847
84.7663
84.7955
84.823
85.582
86.7085
87.3243
87.4571
88.1427
88.6475
88.6863
88.7704
88.8176
88.8755
88.9169
88.9519
88.9765
89.0145
89.06
89.1274
90.2538
90.2939
90.3358
90.4112
90.4475
90.4837
90.5258
91.901
91.9382
91.9765
92.913
92.9505
94.2503
95.5941
96.9625
97.0576
98.2477
98.9064
99.0441
99.4498
99.9653
99.9978
100.027
100.063
101.452
102.83
102.884
104.251
105.048
105.167
106.546
106.777
106.818
106.874
107.88
107.977
108.261
109.643
109.876
110.924
110.96
110.99
111.034
111.074
111.13
111.878
112.532
112.568
113.188
113.25
114.262
115.066
115.892
115.972
116.148
117.526
118.52
118.65
120.037
121.434
121.982
122.262
122.927
123.062
123.182
123.457
124.148
124.259
125.183
126.522
127.872
129.249
130.512
131.879
131.977
132.424
132.784
133.18
133.682
133.881
134.994
135.322
136.272
136.397
136.785
137.469
138.269
139.187
139.583
140.142
140.921
141.065
142.388
142.649
143.279
143.572
144.762
144.929
146.312
147.685
149.062
150.433
151.81
152.509
152.771
152.919
154.249
155.315
155.98
157.372
157.731
159.065
159.119
159.18
159.234
159.27
159.726
159.886
160.27
160.789
161.183
162.142
162.913
164.297
165.177
165.987
166.272
167.077
167.615
168.787
169.053
169.469
170.325
171.17
171.575
171.631
171.665
172.386
172.42
172.642
172.671
172.702
172.732
172.774
172.81
172.864
172.912
172.95
172.979
173.01
173.051
173.076
173.121
173.162
173.198
173.234
173.268
173.306
173.362
173.396
173.435
173.471
173.501
174.871
176.256
177.059
177.11
177.168
177.585
178.689
178.928
180.204
180.418
181.589
182.14
182.777
183.576
184.258
184.522
185.179
185.719
186.269
186.396
187.074
187.319
187.723
187.875
187.905
187.972
188.008
188.386
188.42
188.461
188.509
188.546
188.576
188.638
188.661
188.704
188.743
188.785
188.817
188.871
188.912
188.946
188.986
189.01
189.053
189.098
190.47
190.52
191.716
192.777
192.822
193.056
193.174
194.429
194.664
195.717
197.133
198.53
198.779
200.163
200.782
202.144
202.782
202.924
202.955
202.987
203.032
203.327
203.464
204.77
204.917
204.952
205.166
205.194
205.446
205.704
205.877
205.972
206.646
207.167
207.197
207.225
208.131
208.513
208.549
209.439
209.972
210.141
210.169
210.903
211.315
211.447
211.474
212.388
212.766
212.917
212.947
212.979
213.008
213.05
213.08
213.135
213.176
213.211
213.251
213.282
213.325
213.382
213.432
213.471
213.5
214.79
215.832
216.642
216.769
217.053
218.433
219.818
220.027
220.073
220.137
220.183
220.243
221.631
223.008
224.395
225.775
225.848
225.981
226.029
226.077
226.148
226.297
226.492
226.924
227.574
227.726
229.098
230.479
231.451
231.571
231.615
231.655
231.705
233.08
234.46
234.921
235.179
235.318
235.367
235.979
236.025
236.648
236.687
236.721
236.772
236.812
237.039
237.069
238.33
238.518
238.556
238.584
239.175
239.246
240.585
