0.006387
0.001881
0.001960
0.002010
0.002016
0.002053
0.002343
0.002013
0.002635
0.002576
0.002411
0.003314
0.002828
0.002978
0.003327
0.002886
0.002631
0.003291
0.003566
0.003394
0.003268
0.003366
0.003500
0.003606
0.003367
0.003501
0.003729
0.003480
0.003546
0.004202
0.003603
0.003469
0.003786
0.004185
0.004567
0.004110
0.004061
0.003910
0.003424
0.003843
0.003791
0.003649
0.003931
0.003800
0.004311
0.003469
0.003496
0.003753
0.003455
0.003490
0.003418
0.003264
0.003579
0.004076
0.003893
0.003381
0.003110
0.003440
0.002548
0.002491
0.002458
0.002700
0.002530
0.002878
0.002871
0.002597
0.005172
0.002783
0.002711
0.002930
0.004081
0.005270
0.002910
0.002646
0.002275
0.002633
0.002343
0.002255
0.002666
0.002603
0.002602
0.002422
0.002731
0.002920
0.003196
0.002911
0.002923
0.002928
0.002867
0.003633
0.003304
0.002706
0.003196
0.003279
0.002919
0.003257
0.003299
0.002619
0.002760
0.003187
0.002711
0.002678
0.003211
0.002772
0.002941
0.002919
0.003240
0.003544
0.002794
0.002690
0.002501
0.003107
0.002853
0.002890
0.002721
0.002569
0.002718
0.002769
0.002265
0.002760
0.002928
0.003017
0.003118
0.002838
0.003297
0.004324
0.002465
0.002644
0.002884
0.002512
0.002489
0.002914
0.002436
0.002609
0.002703
0.002096
0.004437
0.002358
0.002408
0.002425
0.002743
0.002553
0.002502
0.002718
0.002896
0.002567
0.002406
0.002661
0.002326
0.002407
0.002310
0.002567
0.002459
0.004173
0.002273
0.002570
0.002253
0.002450
0.002170
0.002358
0.001802
0.002031
0.001684
0.002036
0.002461
0.002880
0.002630
0.002660
0.002967
0.002822
0.002706
0.002820
0.002613
0.003052
0.003085
0.002908
0.002907
0.003028
0.002818
0.002966
0.002895
0.002930
0.002533
0.002980
0.002833
0.002810
0.002725
0.003139
0.002977
0.002575
0.003084
0.003616
0.002531
0.002957
0.003227
0.003529
0.003281
0.004140
0.004514
0.004852
0.004707
0.003789
0.003404
0.003652
0.003384
0.003791
0.003396
0.003285
0.003474
0.003480
0.004086
0.003747
0.003501
0.004085
0.003758
0.003493
0.003664
0.004144
0.003787
0.003913
0.004074
0.003613
0.004047
0.004492
0.004457
0.005001
0.005000
0.004830
0.004818
0.004557
0.004905
0.004809
0.004646
0.005555
0.005869
0.005698
0.005661
0.005873
0.005559
0.005900
0.005759
0.006042
0.006052
0.005151
0.005209
0.004803
0.005085
0.005327
0.004468
0.005181
0.006211
0.006174
0.006332
0.005710
0.004755
0.005399
0.005236
0.004342
0.004981
0.004996
0.004643
0.005453
0.005093
0.005422
0.005566
0.004824
0.004632
0.005063
0.004690
0.004337
0.004834
0.004758
0.004497
0.004312
0.004368
0.005048
0.004652
0.004424
0.004302
0.004312
0.004409
0.004550
0.005319
0.004627
0.004959
0.005162
0.005288
0.005241
0.004467
0.004521
0.004346
0.004592
0.004835
0.004824
0.004907
0.004431
0.004700
0.004804
0.005256
0.005202
0.005162
0.004900
0.005463
0.005191
0.005543
0.005898
0.005716
0.005989
0.006250
0.005312
0.005040
0.005136
0.004431
0.004577
0.004877
0.004830
0.006207
0.004693
0.002572
0.002608
0.003378
0.003322
0.003148
0.003657
0.003536
0.004056
0.005211
0.005306
0.004703
0.004857
0.005094
0.005111
0.005316
0.005424
0.006921
0.005371
0.005975
0.007394
0.007070
0.006745
0.007448
0.006773
0.005844
0.005909
0.005831
0.005243
0.005572
0.006371
0.006474
0.006264
0.006572
0.006150
0.007032
0.006386
0.007077
0.006679
0.006072
0.006865
0.005631
0.004861
0.005302
0.005877
0.006449
0.006282
0.005497
0.004972
0.004509
0.004820
0.005324
0.005033
0.006113
0.005789
0.005661
0.005646
0.005975
0.005599
0.005336
0.005707
0.007513
0.006089
0.005636
0.005535
0.005956
0.005973
0.005750
0.005955
0.005577
0.005317
0.005773
0.005714
0.005192
0.005785
0.005262
0.005560
0.005173
0.005025
0.005701
0.004886
0.005309
0.005076
0.005305
0.005027
0.004988
0.004791
0.005316
0.005466
0.005630
0.006497
0.006215
0.004968
0.005071
0.004470
0.004310
0.004298
0.004078
0.004354
0.004161
0.004079
0.003845
0.003761
0.004159
0.004465
0.004151
0.004245
0.004073
0.003863
0.003800
0.003929
0.003649
0.003898
0.003738
0.003433
0.003792
0.003366
0.006565
0.004218
0.003906
0.004013
0.003753
0.004099
0.003841
0.003861
0.003802
0.003539
0.004366
0.003917
0.003891
0.004415
0.005021
0.004677
0.004881
0.004449
0.004342
0.004082
0.004322
0.004283
0.004925
0.005264
0.005561
0.005654
0.005329
0.005454
0.005862
0.005809
0.005080
0.005529
0.005276
0.005445
0.005289
0.004698
0.004750
0.004860
0.004382
0.004930
0.005078
0.004346
0.004948
0.005141
0.004562
0.004102
0.004395
0.004478
0.004765
0.004721
0.005337
0.005464
0.005288
0.004803
0.004644
0.005523
0.004589
0.004228
0.004273
0.004652
0.004986
0.004504
0.004200
0.004223
0.004299
0.004357
0.004544
0.004801
0.004990
0.004808
0.004571
0.004883
0.004871
0.004572
0.004761
0.004359
0.004685
0.004254
0.004055
0.005698
0.003955
0.004252
0.009376
0.004622
0.004490
0.004518
0.004317
0.004065
0.005008
0.005213
0.005107
0.012140
0.006920
0.006959
0.006885
0.006727
0.007077
0.008957
0.007066
0.007400
0.006602
0.006764
0.007592
0.010444
0.006340
0.006413
0.006207
0.006170
0.005980
0.004857
0.005154
0.005271
0.005262
0.005281
0.005206
0.004803
0.005116
0.005409
0.005306
0.005271
0.005550
0.005414
0.004915
0.004663
0.005316
0.005580
0.005559
0.004864
0.005844
0.005466
0.005347
