2.08234
2.58231
3.08229
3.5893
4.09846
4.58325
5.0823
5.59738
6.09165
6.58233
7.08232
7.59531
8.09205
8.58242
9.08225
9.58227
10.0859
10.5823
11.0823
11.5865
12.0872
12.5823
13.0823
13.5822
14.0934
14.5823
15.0961
15.5823
16.0823
16.5823
17.0863
17.5823
18.0823
18.5824
19.0982
19.5823
20.0823
20.5823
21.0867
21.5823
22.0823
22.6013
23.0878
23.5823
24.0824
24.5823
25.0938
25.5823
26.0846
26.5823
27.0977
27.5823
28.0823
28.5822
29.0901
29.5823
30.0822
30.5823
31.0931
31.5823
32.0822
32.5824
33.0996
33.5823
34.0845
34.5835
35.0879
35.5823
36.0839
36.5824
37.0838
37.5845
38.0824
38.5823
39.0997
39.5823
40.0989
40.5864
41.0967
41.5878
42.0872
42.5851
43.0977
43.5878
44.0881
44.5873
45.0989
45.5868
46.089
46.5823
47.098
47.5902
48.0898
48.5888
49.0952
49.5909
50.0927
50.5824
51.0997
51.5944
52.0859
52.5883
53.1051
53.5934
54.0899
54.5934
55.0984
55.5908
56.0932
56.5944
57.108
57.5994
58.0917
58.598
59.0948
59.5972
60.0967
60.5973
61.0923
61.589
62.1
62.5998
63.1059
63.5996
64.1012
64.5879
65.1165
65.5985
66.0964
66.5959
67.1006
67.5959
68.0968
68.596
69.1029
69.5988
70.0984
70.5998
71.1092
71.5995
72.0992
72.5999
73.1098
73.5993
74.1013
74.5999
75.1126
75.5996
76.0997
76.6083
77.1099
77.6004
78.0996
78.6065
79.1107
79.6009
80.0996
80.6003
81.0998
81.5991
82.1112
82.6008
83.0997
83.6003
84.116
84.6
85.107
85.6045
86.1235
86.5997
87.1023
87.6004
88.1128
88.5996
89.1274
89.601
90.1067
90.5996
91.0992
91.5994
92.1177
92.6002
93.1001
93.6005
94.1077
94.6005
95.1007
95.6197
96.1183
96.5997
97.0999
97.5999
98.1137
98.5998
99.1
99.6015
100.104
100.599
101.1
101.598
102.104
102.6
103.1
103.598
104.106
104.6
105.1
105.601
106.11
106.6
107.099
107.601
108.113
108.6
109.1
109.6
110.113
110.6
111.113
111.6
112.107
112.597
113.099
113.6
114.113
114.601
115.096
115.599
116.121
116.596
117.1
117.594
118.107
118.594
119.1
119.594
120.1
120.601
121.1
121.6
122.112
122.599
123.096
123.599
124.112
124.596
125.1
125.6
126.093
126.601
127.099
127.6
128.102
128.6
129.1
129.601
130.101
130.595
131.099
131.601
132.126
132.601
133.1
133.601
134.109
134.611
135.1
135.606
136.116
136.598
137.099
137.6
138.124
138.601
139.1
139.602
140.107
140.593
141.101
141.6
142.101
142.6
143.099
143.592
144.107
144.596
145.1
145.592
146.097
146.59
147.1
147.59
148.097
148.59
149.089
149.6
150.096
150.599
151.099
151.6
152.096
152.589
153.097
153.598
154.096
154.595
155.101
155.589
156.097
156.601
157.099
157.599
158.096
158.6
159.103
159.596
160.108
160.589
161.1
161.6
162.104
162.6
163.099
163.595
164.096
164.59
165.1
165.601
166.11
166.6
167.093
167.599
168.102
168.594
169.094
169.592
170.114
170.599
171.099
171.595
172.117
172.6
173.094
173.6
174.098
174.6
175.1
175.6
176.109
176.6
177.11
177.604
178.116
178.6
179.097
179.6
180.11
180.6
181.1
181.61
182.106
182.6
183.103
183.595
184.109
184.6
185.1
185.599
186.105
186.6
187.095
187.599
188.124
188.598
189.116
189.6
190.108
190.599
191.1
191.6
192.107
192.599
193.094
193.594
194.105
194.601
195.102
195.597
196.102
196.6
197.116
197.6
198.102
198.6
199.099
199.6
200.105
200.601
201.099
201.603
202.111
202.599
203.099
203.6
204.115
204.6
205.1
205.601
206.117
206.601
207.101
207.601
208.111
208.6
209.101
209.601
210.115
210.599
211.101
211.6
212.117
212.6
213.107
213.6
214.107
214.601
215.1
215.601
216.111
216.601
217.099
217.6
218.104
218.599
219.1
219.6
220.109
220.598
221.1
221.631
222.104
222.6
223.1
223.596
224.103
224.596
225.1
225.599
226.11
226.601
227.1
227.593
228.103
228.602
229.117
229.598
230.107
230.6
231.101
231.595
232.11
232.601
233.098
233.6
234.098
234.594
235.099
235.595
236.111
236.6
237.096
237.595
238.1
238.604
239.1
239.597
240.105
240.604
