0.007806
0.007465
0.006986
0.009636
0.007596
0.008855
0.009732
0.008203
0.008068
0.008294
0.007380
0.006815
0.009310
0.008289
0.007202
0.008654
0.007706
0.008253
0.008386
0.006680
0.007595
0.007031
0.006983
0.007233
0.009250
0.008877
0.008903
0.008496
0.008807
0.008557
0.007463
0.007807
0.007040
0.006819
0.008250
0.007648
0.006560
0.006060
0.006482
0.005848
0.006134
0.008886
0.005702
0.007078
0.009842
0.006837
0.008965
0.008026
0.006738
0.007053
0.006478
0.008427
0.007728
0.007160
0.007772
0.006365
0.007901
0.009520
0.005395
0.008518
0.006833
0.006740
0.006705
0.007189
0.005495
0.006428
0.008521
0.007762
0.003600
0.005918
0.008921
0.004826
0.009006
0.008264
0.010273
0.007692
0.010741
0.010638
0.005703
0.006367
0.007735
0.008395
0.007740
0.005204
0.005921
0.007601
0.005260
0.005412
0.010227
0.005498
0.005492
0.010021
0.007305
0.007619
0.010928
0.007112
0.005759
0.006694
0.007495
0.008399
0.006613
0.005734
0.008564
0.006046
0.005711
0.008909
0.007869
0.008559
0.007383
0.007091
0.008430
0.007999
0.007174
0.007495
0.008552
0.006601
0.007338
0.005869
0.007654
0.007455
0.007332
0.006231
0.006926
0.008927
0.007072
0.008027
0.007193
0.007320
0.007707
0.006760
0.008853
0.007989
0.007986
0.006310
0.003587
0.006811
0.006185
0.003927
0.003708
0.004316
0.010291
0.006676
0.005006
0.007565
0.009011
0.008728
0.008722
0.006196
0.008999
0.005859
0.006613
0.007566
0.006320
0.008341
0.008054
0.007788
0.007323
0.003622
0.006157
0.008833
0.005071
0.008630
0.003745
0.004936
0.011043
0.006272
0.008411
0.008443
0.006985
0.007514
0.005661
0.009376
0.007719
0.006696
0.006015
0.006058
0.008540
0.006811
0.006675
0.006758
0.006441
0.008278
0.006298
0.007535
0.006910
0.008582
0.010875
0.010492
0.010499
0.007649
0.007157
0.007866
0.006898
0.005367
0.006547
0.006841
0.008401
0.007452
0.005756
0.006526
0.006610
0.007562
0.007358
0.006624
0.008241
0.008940
0.007419
0.006172
0.007726
0.006674
0.007162
0.006197
0.005838
0.006776
0.006513
0.005173
0.005014
0.007840
0.007825
0.005174
0.008862
0.005751
0.006992
0.007719
0.006035
0.007946
0.008454
0.006186
0.008790
0.006071
0.003940
0.007724
0.003942
0.004750
0.007080
0.008720
0.008993
0.007805
0.010048
0.007828
0.005212
0.009527
0.006859
0.008519
0.005440
0.005949
0.008752
0.006014
0.010453
0.011070
0.007225
0.007392
0.007429
0.006948
0.006379
0.008685
0.005801
0.007672
0.007365
0.011824
0.011735
0.008992
0.009484
0.010067
0.007307
0.007150
0.007605
0.005781
0.005834
0.008344
0.006163
0.006865
0.009145
0.006814
0.006314
0.007802
0.007476
0.007582
0.008625
0.005805
0.008410
0.005090
0.006411
0.008707
0.008825
0.008619
0.005919
0.006512
0.005413
0.006273
0.008016
0.005202
0.007191
0.009510
0.008074
0.008771
0.006820
0.007367
0.006040
0.006549
0.007121
0.006284
0.005209
0.007550
0.008141
0.011412
0.006308
0.008697
0.006875
0.006565
0.005481
0.008300
0.005988
0.006200
0.006612
0.005921
0.006204
0.006787
0.008975
0.007343
0.006457
0.007233
0.009146
0.007180
0.007309
0.006203
0.006374
0.008797
0.008205
0.009226
0.006346
0.007562
0.006113
0.015494
0.014745
0.013252
0.008659
0.008457
0.008797
0.008086
0.005184
0.008022
0.008805
0.008956
0.007344
0.006347
0.007859
0.005903
0.005601
0.005208
0.005652
0.005506
0.007676
0.009208
0.006625
0.009031
0.008363
0.005412
0.007327
0.007085
0.006222
0.008529
0.008258
0.007437
0.006057
0.007167
0.007515
0.007627
0.007592
0.005662
0.006600
0.007457
0.005301
0.007615
0.006896
0.007029
0.008279
0.008188
0.006564
0.006880
0.009236
0.006339
0.009039
0.008310
0.007175
0.007505
0.007042
0.004532
0.007628
0.007893
0.006855
0.007790
0.004094
0.006116
0.008837
0.005342
0.004426
0.007517
0.006983
0.008073
0.006788
0.007345
0.006126
0.007431
0.007786
0.006072
0.010109
0.005314
0.005377
0.009755
0.007613
0.005391
0.005943
0.006229
0.006737
0.007525
0.006517
0.007011
0.005897
0.005922
0.007734
0.005670
0.008444
0.007750
0.005723
0.006368
0.007834
0.008531
0.008713
0.008410
0.006661
0.007074
0.007499
0.003386
0.007545
0.007970
0.007015
0.008841
0.007242
0.005398
0.007969
0.007075
0.004131
0.007683
0.008923
0.005991
0.009578
0.007946
0.005763
0.008444
0.007180
0.005956
0.009311
0.008875
0.004231
0.005505
0.006759
0.007977
0.006972
0.007471
0.007185
0.007469
0.005663
0.005108
0.007378
0.006430
0.009495
0.008659
0.006723
0.007697
0.005642
0.007767
0.005954
0.007261
0.005018
0.007372
0.006711
0.006257
0.007268
0.008014
0.005601
0.005694
0.007866
0.007260
0.005974
0.006386
0.006508
0.005985
0.005324
0.007319
0.007328
0.006479
0.006247
0.006408
0.006927
0.006976
0.008311
0.008443
0.008729
0.008714
0.008430
0.008224
0.008272
0.008069
0.009965
0.008394
0.009501
0.008197
0.009599
0.009473
0.007363
0.008152
0.010275
0.005902
0.011695
0.012229
0.013784
0.008785
0.012454
0.011794
0.010878
0.013957
0.009733
0.012014
0.010041
0.009747
0.009892
0.009914
0.009617
0.009887
0.010067
0.009618
0.009045
0.008652
0.008651
0.012668
0.011108
0.009570
0.007052
0.006456
0.008176
0.008793
0.007812
0.006942
0.006686
0.006279
0.007487
0.007224
0.006979
0.006965
0.007798
0.008845
0.005559
0.007629
0.005714
0.008440
0.005590
0.008013
0.009009
0.007974
0.007608
0.006208
0.006590
0.008505
0.007270
