0.000000
0.000000
0.051660
0.333796
0.488441
0.618553
0.697887
0.817935
0.944236
1.051593
1.140103
1.202687
1.240509
1.296242
1.342851
1.360465
1.330139
1.281853
1.288403
1.324152
1.349483
1.377912
1.404542
1.428844
1.454215
1.476026
1.485060
1.501835
1.518343
1.533458
1.552122
1.564296
1.576507
1.587526
1.592668
1.603330
1.613500
1.626089
1.634469
1.641776
1.646089
1.652589
1.660804
1.667836
1.677566
1.683731
1.689236
1.696204
1.701546
1.707126
1.714086
1.717240
1.717938
1.723141
1.726379
1.729546
1.725449
1.731914
1.735088
1.739864
1.743790
1.747564
1.750379
1.757117
1.759200
1.765023
1.767985
1.771072
1.769281
1.755006
1.747115
1.748942
1.753917
1.758668
1.759554
1.763385
1.765197
1.770057
1.770024
1.765125
1.761656
1.764615
1.766943
1.767843
1.767074
1.766651
1.768483
1.768415
1.768810
1.771412
1.773974
1.775834
1.777972
1.779215
1.780165
1.783296
1.786534
1.789403
1.791095
1.793098
1.795265
1.796912
1.797190
1.800134
1.801940
1.803464
1.805478
1.806572
1.808200
1.809777
1.812092
1.813888
1.815555
1.816625
1.817980
1.819465
1.821833
1.823010
1.824771
1.821655
1.818756
1.819756
1.820858
1.822337
1.823789
1.824966
1.819857
1.817583
1.811258
1.807950
1.809215
1.810949
1.812187
1.813914
1.814241
1.815465
1.817287
1.817155
1.810996
1.808096
1.808827
1.809989
1.811093
1.808379
1.801502
1.801116
1.802094
1.803595
1.803466
1.805018
1.804108
1.802533
1.803302
1.804288
1.805072
1.806291
1.808270
1.809240
1.810302
1.811344
1.812103
1.813126
1.814880
1.815711
1.816206
1.817218
1.817786
1.818605
1.816957
1.817607
1.819156
1.820130
1.820739
1.821751
1.821897
1.822102
1.823036
1.824020
1.824649
1.825545
1.825965
1.826874
1.828458
1.828969
1.829491
1.830190
1.826205
1.821206
1.820541
1.822546
1.823385
1.823884
1.823739
1.824623
1.823302
1.824100
1.823688
1.821953
1.815048
1.811844
1.811693
1.812601
1.814020
1.814789
1.815516
1.816355
1.817183
1.817947
1.818561
1.820327
1.820536
1.820382
1.821014
1.821943
1.822691
1.824009
1.824342
1.825266
1.825795
1.826315
1.825786
1.826507
1.827722
1.827958
1.826694
1.826759
1.827145
1.827569
1.826873
1.827287
1.827711
1.826794
1.822266
1.817430
1.814735
1.813988
1.814746
1.815961
1.816810
1.817415
1.817931
1.818756
1.819665
1.820186
1.820684
1.821642
1.822239
1.822782
1.823807
1.824396
1.824567
1.825156
1.825737
1.824487
1.819164
1.817533
1.818073
1.818773
1.819375
1.819991
1.820463
1.822143
1.820624
1.820812
1.821155
1.821496
1.822286
1.822747
1.823627
1.824409
1.824892
1.825417
1.825662
1.826525
1.826799
1.827784
1.828119
1.828591
1.828982
1.829203
1.829607
1.829663
1.829165
1.829435
1.829763
1.830439
1.830866
1.831290
1.832288
1.832831
1.833193
1.833851
1.834225
1.834811
1.835681
1.835980
1.836546
1.837109
1.837597
1.838021
1.838580
1.839594
1.839931
1.840399
1.840822
1.841446
1.841416
1.841542
1.841638
1.842037
1.842509
1.842948
1.843341
1.842511
1.841507
1.840137
1.840319
1.840760
1.841082
1.841438
1.841774
1.842523
1.842025
1.841049
1.840959
1.841543
1.841860
1.842666
1.842986
1.843520
1.844011
1.844354
1.844607
1.845081
1.845862
1.846126
1.846253
1.846477
1.844798
1.844609
1.844455
1.843188
1.842522
1.842288
1.840085
1.836481
1.835670
1.836270
1.836552
1.837052
1.837352
1.837742
1.838043
1.838607
1.839412
1.839772
1.840044
1.840519
1.840913
1.841204
1.841922
1.842338
1.842672
1.843109
1.843337
1.843784
1.843768
1.844457
1.844715
1.845120
1.845514
1.845834
1.845904
1.846402
1.846041
1.844553
1.842555
1.842151
1.842553
1.842885
1.843537
1.843945
1.844185
1.844443
1.844689
1.845036
1.845119
1.846961
1.846984
1.844145
1.842770
1.839542
1.837879
1.838540
1.838927
1.839262
1.839576
1.839777
1.838634
1.838702
1.839507
1.839844
1.840153
1.840106
1.840120
1.840598
1.840724
1.839592
1.838619
1.839026
1.839402
1.839717
1.839890
1.840710
1.841050
1.841385
1.841568
1.842012
1.842312
1.842659
1.843047
1.843541
1.843844
1.844014
1.844174
1.844546
1.845218
1.845527
1.845742
1.846119
1.846402
1.845732
1.843032
1.842454
1.842657
1.843168
1.843408
1.843762
1.843567
1.843370
1.844178
1.844527
1.844836
1.845174
1.845443
1.845805
1.846350
1.846661
1.846830
1.846881
1.846645
1.846318
1.846466
1.846244
1.846016
1.846643
1.847429
1.847525
1.848161
1.849055
1.849851
1.850146
1.850479
1.850759
1.850999
1.851349
1.851842
1.852131
1.852263
1.852647
1.852981
1.852617
1.852906
1.853378
1.853570
1.853935
1.854103
1.854451
