1.58384
1.58438
2.08391
2.58408
3.084
3.59205
4.0989
4.584
5.08485
5.60829
6.09211
6.58412
7.085
7.60798
8.09267
8.58453
9.08466
9.59781
10.0864
10.5839
11.0857
11.6
12.0878
12.5845
13.0853
13.6043
14.0939
14.5842
15.0966
15.6043
16.0848
16.5847
17.0867
17.6012
18.0993
18.5918
19.0987
19.6004
20.0843
20.5853
21.0872
21.6031
22.0851
22.6021
23.0883
23.5968
24.0844
24.585
25.0943
25.6039
26.0855
26.5851
27.0981
27.607
28.0849
28.5848
29.0906
29.6056
30.0849
30.5851
31.0935
31.5964
32.0846
32.5852
33.0999
33.6052
34.0856
34.5961
35.0885
35.6032
36.0848
36.5847
37.0843
37.601
38.0849
38.5848
39.1002
39.5974
40.0993
40.5883
41.097
41.6022
42.0882
42.5862
43.0983
43.5967
44.0887
44.5885
45.0994
45.6002
46.0904
46.5853
47.0986
47.5974
48.0907
48.5895
49.0957
49.602
50.0934
50.5844
51.1053
51.6011
52.0863
52.5889
53.1056
53.6025
54.0904
54.5942
55.0988
55.5992
56.0937
56.5952
57.1085
57.6077
58.0921
58.5988
59.0955
59.6023
60.0971
60.5989
61.0928
61.5977
62.1006
62.6008
63.1062
63.6093
64.1017
64.5886
65.1171
65.6042
66.0967
66.5964
67.101
67.6084
68.0972
68.5968
69.1035
69.6099
70.0989
70.6004
71.1097
71.6115
72.0998
72.6004
73.1101
73.6121
74.1022
74.6006
75.1129
75.6119
76.1001
76.6088
77.1103
77.6127
78.1
78.6071
79.1112
79.6159
80.1
80.6016
81.1003
81.6125
82.1116
82.602
83.1002
83.6095
84.121
84.6002
85.1075
85.6167
86.1241
86.5999
87.1028
87.6148
88.1134
88.6
89.1278
89.6107
90.1074
90.5998
91.0999
91.6094
92.1183
92.6004
93.101
93.6144
94.1084
94.6009
95.1018
95.6426
96.1188
96.6001
97.1011
97.6087
98.1143
98.6004
99.1007
99.6096
100.105
100.601
101.101
101.605
102.105
102.6
103.1
103.61
104.107
104.601
105.101
105.612
106.111
106.6
107.1
107.622
108.114
108.601
109.101
109.611
110.113
110.6
111.113
111.614
112.107
112.597
113.1
113.617
114.114
114.602
115.097
115.609
116.122
116.596
117.102
117.607
118.108
118.594
119.101
119.609
120.1
120.602
121.101
121.63
122.112
122.6
123.096
123.622
124.113
124.597
125.1
125.608
126.094
126.601
127.1
127.607
128.103
128.6
129.101
129.61
130.102
130.595
131.1
131.614
132.126
132.606
133.101
133.629
134.11
134.612
135.1
135.623
136.116
136.6
137.1
137.61
138.125
138.601
139.101
139.614
140.108
140.594
141.102
141.61
142.101
142.601
143.1
143.599
144.108
144.596
145.1
145.602
146.098
146.598
147.102
147.598
148.098
148.608
149.09
149.608
150.097
150.6
151.1
151.608
152.097
152.589
153.098
153.608
154.096
154.596
155.102
155.604
156.097
156.617
157.101
157.614
158.097
158.611
159.103
159.614
160.109
160.589
161.1
161.611
162.104
162.6
163.1
163.609
164.096
164.59
165.1
165.62
166.111
166.614
167.094
167.631
168.102
168.595
169.094
169.608
170.114
170.6
171.1
171.603
172.117
172.601
173.094
173.604
174.099
174.6
175.101
175.612
176.111
176.601
177.111
177.614
178.116
178.602
179.098
179.616
180.111
180.603
181.101
181.619
182.123
182.6
183.108
183.612
184.11
184.6
185.101
185.612
186.105
186.604
187.095
187.608
188.125
188.598
189.117
189.611
190.109
190.6
191.101
191.619
192.107
192.6
193.094
193.608
194.106
194.611
195.103
195.611
196.103
196.6
197.117
197.611
198.103
198.6
199.1
199.618
200.105
200.601
201.1
201.617
202.111
202.599
203.1
203.607
204.115
204.6
205.101
205.607
206.117
206.608
207.101
207.605
208.111
208.601
209.101
209.607
210.116
210.6
211.102
211.608
212.118
212.6
213.107
213.607
214.108
214.601
215.101
215.607
216.113
216.601
217.1
217.602
218.105
218.599
219.101
219.604
220.11
220.598
221.1
221.636
222.105
222.6
223.1
223.602
224.104
224.596
225.101
225.622
226.111
226.601
227.1
227.615
228.104
228.602
229.118
229.616
230.107
230.601
231.102
231.62
232.111
232.602
233.098
233.61
234.099
234.595
235.1
235.613
236.112
236.6
237.097
237.606
238.1
238.605
239.1
239.612
240.106
240.608
