4.82391
4.96547
5.10705
5.23315
5.76008
6.6955
6.96125
8.03108
8.95259
9.76402
10.957
11.7769
13.1797
13.4974
14.8742
15.0944
15.3499
16.5521
16.8176
18.159
18.7
19.5126
19.8918
20.4325
21.2233
21.3536
21.629
21.7606
21.8973
23.2794
24.5502
24.6948
24.8276
26.1506
27.5505
28.5408
28.8275
29.9588
30.7063
31.9028
32.7081
32.74
33.6277
33.7615
34.0294
34.0581
35.2772
35.3474
35.3751
35.4896
35.5192
36.675
37.6179
38.1525
38.4217
38.4548
39.2299
39.7583
39.7905
40.2889
40.324
41.2303
41.4897
41.5168
42.6937
42.8175
42.8653
43.9363
44.4195
45.4994
45.759
45.793
45.9064
45.9359
46.9589
48.3451
48.5554
49.103
49.2229
49.9403
50.1616
50.3056
50.3434
50.3713
51.2838
52.6787
54.0845
54.9653
55.6391
56.1653
56.962
58.0563
58.1005
59.2334
59.5036
59.5353
59.5647
59.6125
60.7026
61.8272
62.6995
62.7295
63.36
63.3907
64.1575
64.184
64.295
64.334
64.3721
64.4256
65.4976
66.3085
66.3422
66.3844
67.6855
68.5705
68.6058
68.6615
68.723
69.6514
70.5594
70.6949
71.3637
72.175
72.8269
73.7568
73.9165
74.0285
74.9151
75.2324
75.5071
76.5623
77.9241
78.9713
80.1865
80.3005
81.0992
81.1488
81.3609
81.752
81.782
81.8098
81.9127
82.2975
82.3384
82.3985
83.7621
83.8016
84.0249
84.0609
84.4219
84.8159
84.8603
84.9433
85.7836
86.0389
86.2993
86.5576
87.6521
87.6913
87.7314
88.6875
88.7245
88.8197
89.9247
90.6866
91.1128
91.9217
92.024
93.1001
93.506
94.5653
94.6976
95.9139
96.6991
97.4961
97.5325
98.9051
98.9452
99.65
99.687
101.084
101.213
101.247
102.155
102.188
102.244
103.35
103.4
103.433
104.819
105.961
106.951
107.616
108.419
108.457
108.55
108.592
108.652
108.694
108.725
108.756
110.005
110.048
110.553
110.688
110.731
110.768
110.809
112.182
112.223
112.688
112.815
113.351
113.405
113.434
114.816
114.947
115.494
115.524
116.902
116.944
116.982
117.355
117.412
117.454
117.489
117.53
118.683
118.943
118.974
119.085
120.465
120.542
120.69
120.73
120.767
120.806
120.846
120.895
120.935
120.972
121.001
121.032
121.079
121.125
121.183
121.221
121.252
121.286
121.341
121.397
121.442
121.484
121.53
121.574
121.622
121.703
123.096
124.471
125.845
127.218
128.593
129.971
131.485
131.585
132.691
132.814
132.949
133.919
134.174
134.202
134.232
134.272
134.313
135.353
135.411
135.458
135.507
135.546
135.574
136.422
136.466
136.546
136.588
137.493
137.532
137.562
137.602
137.664
137.744
137.774
137.815
137.859
138.404
138.447
138.563
139.938
141.312
142.685
142.727
142.895
142.949
143.753
143.907
144.016
144.813
144.944
145.095
146.469
147.855
149.229
149.755
150.302
150.426
151.803
152.347
152.695
153.761
153.792
154.174
154.214
155.232
155.268
155.298
155.343
155.392
155.489
155.517
155.55
155.615
155.703
155.738
155.765
155.798
155.828
155.869
155.922
155.947
155.985
156.024
156.054
156.304
156.42
157.802
159.179
160.371
160.451
161.399
161.436
161.473
161.518
163.263
163.502
163.54
163.571
164.695
165.367
166.187
166.308
167.106
167.243
168.202
168.309
168.35
168.428
169.238
170.197
171.494
171.652
171.913
172.021
172.293
172.423
172.474
172.516
172.565
172.606
172.68
172.725
172.772
172.821
172.865
172.943
172.988
173.029
174.419
174.95
174.993
175.037
175.086
175.49
176.02
176.178
176.213
177.08
177.488
177.519
178.358
178.421
178.947
178.973
179.904
180.291
180.549
180.576
181.22
181.747
182.291
182.419
182.687
183.092
183.491
183.528
183.558
184.294
184.335
184.399
185.781
186.65
186.956
187.094
187.219
187.243
187.274
187.304
187.337
187.365
187.415
187.454
187.495
188.871
190.241
190.721
191.096
191.151
191.184
191.226
191.257
191.284
191.317
191.358
192.747
192.944
193.501
195.077
195.148
195.212
195.907
195.938
195.978
196.025
196.068
196.113
196.183
197.562
198.017
198.059
198.102
198.173
199.215
199.487
199.519
199.546
200.755
200.948
200.976
201.007
201.219
201.751
201.78
202.015
202.173
202.214
203.589
203.912
204.012
204.049
204.086
205.092
205.158
205.349
205.404
205.435
205.477
205.516
205.544
206.482
206.687
206.816
207.919
208.676
208.944
209.745
209.902
209.932
209.96
210.014
210.048
210.087
210.119
210.191
210.236
210.283
210.33
210.381
211.766
213.179
213.35
213.478
213.661
213.81
215.18
216.554
216.923
216.953
217.183
217.222
218.499
218.542
219.296
219.34
220.75
221.576
221.832
222.499
223.299
223.554
224.366
224.492
224.648
225.83
227.22
227.558
228.115
228.221
228.655
228.751
229.554
230.918
231.955
232.103
232.757
234.172
235.556
235.954
236.622
237.022
237.427
238.089
238.224
239.18
240.472
240.831
241.711
242.539
242.705
242.748
243.348
244.551
244.696
246.085
246.561
247.675
248.026
248.557
248.694
249.652
250.428
251.224
251.354
251.619
251.751
253.124
254.496
254.822
256.016
256.295
259.546
259.589
260.171
261.545
261.595
261.725
261.882
262.941
264.636
266.05
269.348
270.704
270.756
272.152
273.532
274.904
276.167
276.289
279.536
282.786
284.169
285.547
286.297
286.346
286.394
286.446
286.579
286.623
286.677
286.72
286.762
286.897
287.052
287.186
287.231
288.599
289.97
290.558
291.751
292.165
292.295
293.673
295.043
296.416
297.085
297.113
297.147
297.174
297.217
297.258
297.342
297.63
297.67
297.711
297.753
299.134
300.514
301.225
301.884
301.914
301.946
301.974
302.414
303.084
303.118
303.146
303.173
303.205
303.236
303.268
304.654
304.689
304.722
306.099
307.48
308.687
308.72
308.747
308.776
308.836
310.214
311.484
314.752
314.883
316.262
317.618
318.951
318.99
319.215
319.258
319.299
319.343
319.62
319.777
319.817
