0.007474
0.006126
0.006186
0.007807
0.005326
0.004904
0.005454
0.005701
0.005458
0.007994
0.007554
0.008599
0.007895
0.003659
0.002613
0.002924
0.002970
0.003722
0.003746
0.003234
0.003489
0.004864
0.004474
0.005001
0.003811
0.003207
0.003750
0.004272
0.005666
0.005529
0.006056
0.006283
0.004443
0.003302
0.004656
0.002226
0.004058
0.003155
0.003687
0.005382
0.006237
0.004973
0.004401
0.005557
0.006601
0.004549
0.004622
0.005583
0.004334
0.005560
0.004504
0.003867
0.003950
0.004228
0.003702
0.003538
0.005005
0.006180
0.005881
0.005351
0.004901
0.005226
0.003742
0.004833
0.003816
0.004765
0.004601
0.004976
0.004699
0.005689
0.004942
0.005637
0.007201
0.005375
0.003756
0.002074
0.002993
0.002819
0.003428
0.003007
0.004141
0.003294
0.004009
0.003330
0.003985
0.003770
0.007501
0.005506
0.004858
0.006191
0.005181
0.004633
0.005905
0.006169
0.005220
0.005282
0.005223
0.006132
0.003571
0.003144
0.002884
0.003872
0.002757
0.003059
0.003295
0.003773
0.003936
0.003042
0.004886
0.004401
0.004025
0.003564
0.003648
0.005712
0.004750
0.005783
0.005982
0.005738
0.006063
0.008534
0.006498
0.006717
0.005820
0.005889
0.005044
0.003001
0.004186
0.003623
0.003557
0.004484
0.006601
0.006599
0.005003
0.009034
0.005299
0.005875
0.005056
0.004913
0.005682
0.005977
0.005027
0.004853
0.005212
0.005705
0.005655
0.006322
0.005861
0.005752
0.005980
0.004761
0.006973
0.004289
0.004085
0.004319
0.005464
0.005636
0.006158
0.004369
0.004641
0.005809
0.004522
0.004616
0.005170
0.005716
0.005019
0.003980
0.005365
0.004457
0.004418
0.007246
0.006535
0.005181
0.004940
0.003235
0.003710
0.003102
0.003321
0.002381
0.002739
0.003000
0.003065
0.002029
0.002328
0.003323
0.003201
0.002080
0.003446
0.003896
0.003920
0.004315
0.004270
0.004804
0.004568
0.005712
0.004586
0.004337
0.004196
0.006778
0.005680
0.005149
0.005471
0.006855
0.006863
0.006660
0.007006
0.006619
0.008140
0.006366
0.007816
0.007853
0.007591
0.007322
0.005105
0.008622
0.008597
0.005958
0.006917
0.005847
0.003412
0.004784
0.008287
0.007882
0.005393
0.005618
0.006687
0.007457
0.002838
0.003626
0.003081
0.003542
0.003486
0.003252
0.005509
0.004615
0.006780
0.005116
0.006059
0.003720
0.004633
0.003458
0.005278
0.005054
0.004780
0.003997
0.005755
0.007112
0.006175
0.004830
0.006742
0.007918
0.009269
0.005562
0.008343
0.009063
0.008658
0.010780
0.010510
0.014048
0.015139
0.012833
0.012861
0.009182
0.008973
0.008065
0.004913
0.004451
0.004987
0.004368
0.005137
0.005416
0.005609
0.005360
0.005380
0.005454
0.005549
0.006921
0.007091
0.007715
0.007063
0.005041
0.004723
0.006426
0.005216
0.006278
0.006086
0.004972
0.004187
0.007018
0.004425
0.005215
0.006612
0.005276
0.006796
0.005395
0.007480
0.005110
0.007582
0.006918
0.007383
0.004849
0.004860
0.003872
0.006201
0.006145
0.005428
0.004755
0.002408
0.003941
0.007577
0.007887
0.008151
0.007067
0.006505
0.007255
0.009323
0.008452
0.004226
0.003705
0.004251
0.004092
0.004864
0.004786
0.004099
0.004164
0.004286
0.003986
0.003495
0.003032
0.002674
0.003621
0.003985
0.002864
0.002948
0.003008
0.003970
0.004133
0.003493
0.004632
0.003989
0.004753
0.004082
0.004726
0.004753
0.005841
0.004840
0.004370
0.004725
0.002656
0.003749
0.003663
0.003062
0.006439
0.003354
0.005104
0.005147
0.004476
0.005096
0.004073
0.003784
0.004994
0.007934
0.006968
0.006068
0.006953
0.006469
0.006778
0.005352
0.007774
0.005308
0.007018
0.005839
0.006054
0.007035
0.008912
0.009878
0.007159
0.010315
0.006841
0.009551
0.008676
0.009820
0.011343
0.008083
0.014377
0.008258
0.006715
0.007303
0.007442
0.009050
0.007280
0.003771
0.004339
0.004126
0.004372
0.003983
0.004154
0.004148
0.004284
0.004072
0.003818
0.003766
0.003739
0.003764
0.003838
0.003682
0.003171
0.003552
0.003829
0.004857
0.004254
0.004257
0.005268
0.004549
0.004922
0.004371
0.005867
0.005690
0.004684
0.003581
0.002872
0.002904
0.003062
0.002904
0.002546
0.002677
0.002545
0.003191
0.003136
0.003193
0.009060
0.006233
0.007155
0.006470
0.006284
0.007064
0.006718
0.008861
0.005800
0.005388
0.005372
0.005146
0.005505
0.009699
0.005384
0.004445
0.005503
0.005879
0.006922
0.007182
0.007102
0.007535
0.008844
0.009372
0.008506
0.007940
0.009211
0.008807
0.008718
0.009433
0.009046
0.008718
0.005882
0.005968
0.005952
0.007803
0.006990
0.005723
0.005835
0.007272
0.006979
0.006708
0.007422
0.008076
0.007345
0.007228
0.006721
0.006099
0.005419
0.006291
0.006667
0.006189
0.006108
0.006890
0.006868
0.006091
0.004824
0.005173
0.004225
0.003702
0.003510
0.004434
0.003617
0.003772
0.003536
0.003947
0.003915
0.003744
0.005795
0.006235
0.005951
0.005671
0.007403
0.009767
0.009459
0.010555
0.010528
0.010339
0.009110
0.008006
0.007964
0.008039
0.008050
0.007038
0.006266
0.003312
0.003790
0.004197
0.004269
0.003315
0.004188
0.004022
0.004393
0.002934
0.004198
0.004531
0.006328
0.004404
0.003712
0.004375
0.005566
0.005279
0.004952
0.006881
0.006123
0.006464
0.006099
0.008720
0.006205
0.009530
0.009562
0.007291
0.008175
0.009070
0.008774
0.007539
0.005488
0.004470
0.003855
0.004396
0.003913
0.004451
0.004745
0.004685
0.006163
0.005088
0.004424
0.006607
0.006938
0.006878
0.005304
0.005041
0.005107
0.004584
0.004378
0.004547
0.004188
0.005370
0.005764
0.006516
0.006964
0.006163
0.006696
0.007045
0.007131
0.004382
0.003586
0.003401
0.008705
0.007407
0.007092
0.008666
0.007791
0.007802
0.008491
0.006912
0.005836
0.003456
0.007515
0.012176
0.010936
0.010758
0.009692
0.009675
0.007921
0.012825
0.008600
0.006083
0.008878
0.007072
0.007274
0.008876
0.008808
0.008772
0.008827
0.007921
0.007633
0.007759
0.007814
0.007846
0.007897
0.008882
0.007071
0.007056
0.005906
0.004205
0.006035
0.004920
0.007647
0.007510
0.008342
0.007385
0.005401
0.003736
0.003926
0.004632
0.003482
0.004774
0.004375
0.005313
0.005146
0.004801
0.006668
0.006253
0.004637
0.003995
0.003772
0.002679
0.002818
0.003211
0.003415
0.002720
0.003898
0.004862
0.004795
0.003257
0.004223
0.004521
0.004993
0.007329
0.003103
0.005991
0.004275
0.003418
0.003127
0.003559
0.003200
0.003079
0.014508
0.014867
0.006769
0.011339
0.010465
0.010003
0.008844
0.005758
0.005050
0.004581
0.004943
0.005819
0.005027
0.004563
0.003786
0.005143
