0.000000
0.000000
0.266667
0.766667
1.326667
1.926667
2.555887
3.440625
4.413248
5.404459
6.455670
7.156644
7.500604
7.744297
8.499239
9.357393
10.287590
11.173222
12.122243
12.978080
14.027936
14.988487
15.946008
16.748944
17.191512
17.697291
18.578030
19.538495
20.536673
21.598902
22.594571
23.569097
24.563117
25.537330
26.526804
27.513218
28.566975
29.552183
30.527982
31.508201
32.438747
33.197364
33.691307
34.596019
35.594598
36.580781
37.532552
38.524911
39.512888
40.572879
41.559503
42.559744
43.548990
44.523830
45.454277
46.376787
47.225159
47.691358
48.174295
48.806444
49.753169
50.606274
51.413033
52.374850
53.266512
54.111818
55.011023
55.761965
56.651237
57.709099
58.697064
59.696786
60.694172
61.686153
62.657446
63.635549
64.513316
65.368421
66.348890
67.338730
68.312154
69.284185
70.305658
71.248155
72.238116
73.225787
74.213981
75.201456
76.178148
77.218728
78.202825
79.178886
80.173313
81.148535
82.103593
83.134802
84.126546
85.090927
86.069275
87.053927
88.041509
89.031933
90.095647
91.086788
92.076622
93.064952
94.029534
94.977123
95.949026
97.003073
97.979525
98.776788
99.706991
100.623820
101.610463
102.631811
103.613989
104.521127
105.299322
106.115978
106.923205
107.876895
108.906959
109.881945
110.596934
111.327651
112.287401
113.270726
114.316710
115.303802
116.284837
117.276044
118.245733
119.194526
120.178921
121.235574
122.220308
123.186185
124.203169
125.191869
126.182047
127.121841
128.171028
129.160171
129.987479
130.891125
131.913968
132.896843
133.947684
134.951900
135.938882
136.864000
137.466315
137.897061
138.776957
139.555429
140.213948
141.038321
142.011418
142.995924
143.979402
145.010446
145.938524
146.918427
147.922659
148.909977
149.895365
150.877515
151.931931
152.918933
153.896442
154.885718
155.858515
156.840251
157.830835
158.875154
159.864728
160.866676
161.837799
162.812897
163.804380
164.836946
165.833910
166.769210
167.740578
168.738060
169.685409
170.641183
171.579799
172.419955
173.402358
174.314838
175.085280
176.085084
177.156639
178.131676
178.910329
179.325645
179.747798
180.006589
180.767645
182.135686
183.141456
184.110018
184.740020
185.196577
186.078255
187.046458
188.076585
189.064307
190.054782
190.996222
191.903823
192.886341
193.869656
194.850923
195.837310
196.752631
197.480034
197.958614
198.617200
199.612610
200.570650
201.551221
202.409701
203.265022
204.251632
205.303422
206.074580
206.449938
207.201505
207.981694
208.445606
209.209362
210.259993
211.165035
211.847411
212.689851
213.787529
214.776761
215.230312
215.583925
216.431961
217.462532
218.447543
219.428329
220.420345
221.458762
222.452694
223.443360
224.434700
225.424078
226.414935
227.405418
228.454133
229.440752
230.428979
231.562165
232.673371
233.489603
234.422240
235.424324
236.413395
237.402220
238.394288
239.369566
240.346476
241.397283
242.344080
243.348972
244.295283
245.284918
246.106304
246.831490
247.714051
248.597951
249.618959
250.658730
251.669766
252.650278
253.708625
254.697933
255.691634
256.681657
257.647091
258.379653
258.778682
259.463596
260.406700
261.401982
262.412689
263.392165
264.373743
265.200688
265.809093
266.672092
267.606516
268.425407
269.388600
270.382386
271.435472
272.428886
273.428159
274.415050
275.368581
276.291418
277.119208
277.844585
278.757666
279.708647
280.311176
280.611474
281.372131
282.389093
283.372676
284.348249
285.355759
286.340023
286.899185
287.195230
288.067625
289.055004
290.035381
291.018168
292.006709
292.990068
294.073328
295.061147
295.990001
296.863088
297.823385
298.820256
299.810395
300.887570
301.880091
302.865400
303.853494
304.813650
305.722165
306.618765
307.520442
308.514416
309.461522
310.088101
310.644604
311.544910
312.470802
313.382921
314.388752
315.363232
316.370276
317.378947
318.351748
319.413795
320.392944
321.374811
322.378773
323.385367
324.357571
325.409328
326.395655
327.369684
328.342195
329.330075
330.291082
331.284434
332.283210
333.277173
334.187717
335.163362
336.061138
336.992683
337.603127
337.966794
338.779621
339.758580
340.746739
341.752330
342.616044
343.470928
343.914022
344.404019
345.281852
346.240383
347.212130
348.200766
349.243028
350.154914
351.137571
352.113695
353.102134
354.092511
355.140255
356.086134
357.076875
358.051139
359.015647
360.018472
360.998734
362.018379
363.012793
363.985221
364.975604
365.965559
366.953042
367.904183
368.953857
369.930857
370.894132
371.887236
372.863221
373.853435
374.907951
375.821405
376.958478
377.692465
378.459218
379.309118
379.698635
380.288880
381.213975
382.223688
383.213668
384.226764
385.434185
386.529407
387.539432
388.491389
389.464010
390.410951
391.554668
392.344813
392.774455
393.369829
394.296181
395.285086
395.857049
396.204566
397.020863
398.014607
398.481124
399.078657
399.997901
400.957695
401.857072
402.922339
403.897053
404.884886
405.883719
406.839991
407.869007
408.824327
409.873090
410.854997
411.915257
413.128869
413.939666
414.256568
414.917346
415.865255
416.858425
417.721762
418.580271
419.585210
420.576741
421.628847
422.619645
423.612132
424.598688
425.617552
426.612403
427.588949
428.645411
429.630395
430.620529
431.607986
432.598107
433.589377
434.643531
435.614391
436.459912
437.453643
438.399398
439.396047
440.313972
441.063490
441.795950
442.753887
443.743936
444.741949
445.734622
446.791242
447.780131
448.770512
449.755609
450.743298
451.723205
452.702024
453.613688
454.428994
455.468869
456.019843
456.468196
457.356100
458.347168
459.403343
460.371969
461.355083
462.356385
463.343321
463.986736
464.208824
464.896710
465.863673
466.837791
467.764665
468.713451
469.705096
470.762140
471.747123
472.748890
473.609651
474.509828
475.503857
476.423086
477.206175
478.097091
478.980519
479.636031
480.168891
480.393265
480.982673
481.666740
482.571647
483.449689
484.177522
484.534234
485.019567
486.003042
486.890637
487.720869
488.629616
489.700476
491.061596
492.453382
493.494626
494.542641
495.959972
497.325467
498.450536
499.408835
500.459670
501.448991
502.424322
503.407903
504.399490
505.389953
506.443675
507.430160
508.415879
509.407689
510.385437
511.347484
512.303959
513.370643
514.365403
515.354924
516.345001
517.338085
518.298706
519.077606
520.128999
521.118160
522.109789
523.099109
524.089931
525.080304
526.121901
527.101655
528.097392
529.081568
530.046226
530.389813
531.219435
532.309167
533.301149
534.291907
535.284164
536.273089
537.282608
538.275756
539.253282
540.162537
540.805148
541.732742
542.729438
543.719281
544.778731
545.783178
546.751970
547.741710
548.385663
549.117492
550.098634
550.675518
551.017876
551.857148
552.850114
553.827631
554.817216
555.872253
556.863379
557.866345
558.838958
559.685002
560.060103
560.509394
561.369897
562.659379
563.875098
564.759668
565.378094
566.074549
566.996401
567.964239
568.961673
569.911722
570.899893
571.887138
572.879141
573.931906
574.917824
575.909390
576.897147
577.889367
578.836398
