0.006055
0.006957
0.007064
0.005880
0.006021
0.008993
0.005491
0.009305
0.007329
0.005715
0.005306
0.009113
0.008518
0.010902
0.008362
0.008644
0.007542
0.006772
0.007907
0.007402
0.005783
0.007622
0.005885
0.007028
0.005373
0.009838
0.009639
0.009999
0.006965
0.008689
0.004967
0.007241
0.005758
0.006167
0.006602
0.007329
0.006327
0.007329
0.005910
0.007270
0.005862
0.008930
0.005121
0.007304
0.008493
0.006655
0.007098
0.006423
0.005989
0.007491
0.010333
0.006732
0.005819
0.006429
0.007194
0.006495
0.007217
0.007241
0.007416
0.007195
0.007054
0.007785
0.006986
0.008421
0.007661
0.008389
0.008221
0.006859
0.006516
0.005759
0.006773
0.007214
0.009719
0.010530
0.007314
0.008097
0.008433
0.008460
0.008437
0.005620
0.006977
0.005947
0.008658
0.004983
0.007840
0.005631
0.009893
0.007297
0.005141
0.007515
0.009386
0.007257
0.008847
0.007317
0.007617
0.006163
0.005204
0.007677
0.007641
0.005892
0.005729
0.005783
0.007572
0.006512
0.006606
0.005647
0.006269
0.005569
0.007857
0.008564
0.005975
0.007367
0.006529
0.008169
0.008544
0.007395
0.008028
0.007289
0.005931
0.008929
0.008693
0.007061
0.007693
0.005842
0.005194
0.005319
0.008787
0.006270
0.006648
0.007752
0.006724
0.006360
0.007638
0.008792
0.006716
0.005987
0.007097
0.006578
0.006576
0.006188
0.007647
0.005763
0.006814
0.007370
0.007576
0.008654
0.007760
0.006285
0.005941
0.006953
0.008731
0.005920
0.006348
0.005654
0.007359
0.008531
0.009686
0.007240
0.006338
0.007210
0.005857
0.007297
0.005533
0.007285
0.009520
0.006628
0.007303
0.005718
0.006014
0.008435
0.008360
0.008608
0.008084
0.006969
0.005945
0.005327
0.007126
0.005974
0.007106
0.007253
0.008381
0.006081
0.005852
0.008747
0.006987
0.003668
0.007646
0.007461
0.005259
0.007975
0.007155
0.008063
0.006927
0.007267
0.007568
0.007733
0.006574
0.008983
0.007332
0.007195
0.007680
0.007448
0.007180
0.007597
0.006810
0.009217
0.009218
0.006511
0.005506
0.008535
0.008255
0.006354
0.005730
0.008589
0.006382
0.008374
0.008722
0.006528
0.006179
0.005536
0.005594
0.005970
0.007627
0.007058
0.008788
0.008309
0.006252
0.010040
0.006651
0.005934
0.007439
0.005530
0.006454
0.007355
0.009956
0.008125
0.005775
0.005777
0.007923
0.005728
0.008033
0.006847
0.006783
0.008985
0.010090
0.007966
0.010209
0.007660
0.006973
0.010207
0.013188
0.006392
0.011281
0.008979
0.010725
0.008459
0.011080
0.016640
0.016254
0.013806
0.015481
0.011621
0.010073
0.011001
0.005598
0.006005
0.006509
0.007999
0.007359
0.005927
0.007712
0.006763
0.007191
0.006572
0.008724
0.007279
0.007983
0.008978
0.008890
0.007010
0.005853
0.006656
0.006659
0.006132
0.010082
0.009171
0.005990
0.006352
0.008315
0.009348
0.006689
0.009166
0.007802
0.009853
0.008347
0.005733
0.010198
0.009592
0.009700
0.008196
0.008476
0.006531
0.008998
0.008060
0.005529
0.005841
0.004643
0.004908
0.010838
0.006227
0.006161
0.006473
0.007184
0.008790
0.009415
0.008821
0.005536
0.007435
0.007394
0.007524
0.008113
0.008766
0.006586
0.006304
0.006684
0.005901
0.006192
0.004772
0.003754
0.006207
0.007502
0.004463
0.004216
0.004167
0.006150
0.005752
0.004935
0.008728
0.004435
0.008637
0.007043
0.006318
0.007099
0.007569
0.008422
0.008547
0.008975
0.007321
0.006159
0.008012
0.005990
0.010468
0.008092
0.008662
0.006896
0.008421
0.008345
0.008602
0.006484
0.008552
0.009023
0.008420
0.007123
0.007508
0.006896
0.007391
0.006871
0.006971
0.005933
0.007421
0.007992
0.006165
0.006860
0.006765
0.008891
0.007257
0.009635
0.006172
0.008501
0.008698
0.009004
0.009729
0.007406
0.007720
0.008874
0.007467
0.006433
0.006083
0.006368
0.008598
0.006767
0.005923
0.007900
0.007766
0.004911
0.006212
0.007076
0.007096
0.005985
0.007708
0.006633
0.005645
0.006022
0.006450
0.007796
0.005944
0.005387
0.007851
0.006927
0.007324
0.007745
0.008111
0.006803
0.005867
0.006886
0.007120
0.006491
0.007704
0.007690
0.007674
0.010075
0.008890
0.007263
0.005579
0.005991
0.007121
0.007416
0.007509
0.005742
0.006314
0.008718
0.009622
0.007618
0.006203
0.005519
0.005079
0.005677
0.007517
0.008472
0.005420
0.008770
0.006656
0.007493
0.005285
0.006388
0.006436
0.008179
0.006470
0.007004
0.007679
0.005396
0.007564
0.007660
0.006947
0.006522
0.007342
0.006747
0.006818
0.007825
0.005990
0.006865
0.006584
0.007662
0.005170
0.007844
0.006444
0.005338
0.006574
0.007356
0.006795
0.005862
0.009278
0.006666
0.008611
0.007517
0.007390
0.006948
0.005275
0.006040
0.005972
0.007879
0.006032
0.006040
0.007330
0.007679
0.007498
0.005688
0.006650
0.007491
0.005031
0.008727
0.007063
0.006673
0.005942
0.008013
0.007796
0.006174
0.008744
0.007755
0.007643
0.009836
0.008073
0.009692
0.009003
0.009430
0.014471
0.014518
0.012990
0.012572
0.011958
0.011622
0.012385
0.010831
0.010397
0.006910
0.007351
0.005396
0.008032
0.007444
0.008895
0.008744
0.008743
0.008217
0.007380
0.008596
0.008643
0.006906
0.005556
0.007695
0.007713
0.005921
0.005111
0.006049
0.007436
0.008597
0.008591
0.009032
0.008572
0.008424
0.008226
0.011471
0.008715
0.009967
0.008230
0.008818
0.007313
0.008983
0.005844
0.008578
0.005394
0.009229
0.007702
0.006669
0.008568
0.006112
0.006294
0.006661
0.008155
0.005745
0.005950
0.008230
0.006136
0.007519
0.005884
0.005914
0.007037
0.009277
0.008516
0.008537
0.006202
0.007287
0.006006
0.010762
0.010669
0.007589
0.009182
0.007725
0.013681
0.010992
0.011112
0.014798
0.011646
0.013965
0.011362
0.011683
0.010356
0.007551
0.008418
0.014757
0.013959
0.013823
0.010599
0.010628
0.008873
0.012438
0.007637
0.006729
0.009475
0.010615
0.008299
0.012974
0.012377
0.012645
0.013136
0.008777
0.009684
0.009705
0.008674
0.008176
0.010997
0.011611
0.011029
0.011498
0.010067
0.009211
0.010252
0.007859
0.007383
0.008830
0.009703
0.008979
0.008042
0.006311
0.005249
0.008268
0.007100
0.007430
0.007773
0.007449
0.014623
0.008267
0.007645
0.009488
0.008637
0.007809
0.007426
0.007280
0.007757
0.008663
0.007292
0.006076
0.006298
0.008349
0.008203
0.006297
0.006526
0.008193
0.010222
0.008023
0.007912
0.007937
0.010560
0.008921
0.008500
0.008777
0.008321
0.008109
0.015164
0.015022
0.008068
0.012055
0.012315
0.011500
0.009733
0.008997
0.007632
0.005913
0.008422
0.008347
0.007889
0.009723
0.004044
0.008245
