0.000000
0.000000
0.206540
0.428011
0.577512
0.689683
0.776575
0.907550
1.027545
1.127991
1.220092
1.235772
1.192218
1.140345
1.165696
1.201021
1.240192
1.270964
1.304646
1.325441
1.362854
1.388975
1.408598
1.420465
1.398224
1.383560
1.397767
1.416745
1.436280
1.460251
1.477625
1.492548
1.505504
1.520884
1.532656
1.546445
1.560771
1.572657
1.582478
1.591419
1.598437
1.596706
1.582410
1.587612
1.596480
1.605030
1.611431
1.619283
1.625498
1.636585
1.643240
1.650166
1.656310
1.661845
1.665528
1.668754
1.668827
1.656416
1.644666
1.638277
1.642326
1.643535
1.643054
1.647137
1.649368
1.650190
1.652422
1.650198
1.651936
1.658725
1.663224
1.667920
1.672113
1.676653
1.680223
1.683872
1.684518
1.685138
1.688645
1.692307
1.695309
1.698513
1.702681
1.704859
1.707995
1.711238
1.714301
1.717275
1.719790
1.723974
1.726665
1.729129
1.731765
1.734267
1.736126
1.739545
1.741739
1.743983
1.746138
1.748380
1.749827
1.752897
1.756555
1.758733
1.760686
1.762890
1.764450
1.765081
1.767134
1.770414
1.772067
1.770473
1.771189
1.771821
1.773578
1.775906
1.777026
1.777834
1.775969
1.774777
1.773163
1.774548
1.776874
1.778278
1.775228
1.772922
1.774107
1.775641
1.777851
1.779598
1.780938
1.782549
1.783148
1.784321
1.785917
1.787573
1.789529
1.790723
1.792298
1.793805
1.794703
1.795721
1.797853
1.799103
1.797658
1.798048
1.799785
1.800893
1.802488
1.804219
1.805322
1.805771
1.801411
1.795660
1.795361
1.793853
1.790376
1.789875
1.790785
1.791983
1.792780
1.794713
1.795094
1.796189
1.796983
1.798448
1.799419
1.800496
1.801937
1.803331
1.804065
1.804734
1.805773
1.806938
1.807933
1.809562
1.810025
1.811593
1.812115
1.813113
1.813656
1.815404
1.816460
1.816693
1.817056
1.818325
1.818737
1.819251
1.819242
1.818816
1.819584
1.819618
1.817795
1.819106
1.820762
1.821017
1.819742
1.815052
1.810177
1.803649
1.801822
1.806897
1.807947
1.808585
1.805550
1.801547
1.801370
1.802032
1.803033
1.804084
1.804927
1.805060
1.804945
1.806003
1.806843
1.807561
1.807935
1.808430
1.806790
1.802940
1.800528
1.801587
1.802094
1.802812
1.802020
1.802016
1.802778
1.804104
1.802745
1.798376
1.797082
1.796067
1.792058
1.791217
1.792528
1.792605
1.790601
1.790358
1.791714
1.792540
1.788996
1.784650
1.784310
1.785445
1.786003
1.786894
1.787709
1.788881
1.789519
1.790444
1.791210
1.791957
1.792432
1.793429
1.794629
1.795330
1.795825
1.797862
1.799519
1.798877
1.798843
1.799907
1.800590
1.801264
1.801601
1.802452
1.803062
1.804129
1.804152
1.805293
1.805596
1.806128
1.805203
1.804330
1.804211
1.804058
1.804758
1.805922
1.806706
1.807256
1.808114
1.808951
1.809589
1.810200
1.810429
1.809412
1.805921
1.804419
1.804404
1.805281
1.806036
1.806563
1.806897
1.806560
1.804570
1.804331
1.804354
1.803988
1.804284
1.805007
1.805771
1.806581
1.807233
1.807803
1.807954
1.808215
1.807718
1.806428
1.806258
1.806906
1.804995
1.801120
1.800094
1.800968
1.801507
1.801992
1.802467
1.803164
1.801024
1.797237
1.796979
1.797620
1.798135
1.798657
1.799056
1.799716
1.800825
1.801379
1.801380
1.801372
1.801687
1.802202
1.802619
1.803818
1.804450
1.804922
1.805189
1.805777
1.805814
1.805529
1.805583
1.806267
1.806566
1.804959
1.802739
1.802945
1.803089
1.803139
1.803543
1.804153
1.804759
1.805351
1.805613
1.806663
1.807088
1.807534
1.807862
1.808653
1.809036
1.809865
1.810093
1.810680
1.811063
1.811515
1.811587
1.812287
1.812715
1.813265
1.813138
1.813460
1.813619
1.813757
1.811977
1.809261
1.808774
1.809155
1.809486
1.810148
1.809873
1.809653
1.807098
1.805065
1.804936
1.805233
1.805385
1.806044
1.806766
1.806805
1.806992
1.807579
1.808020
1.808457
1.809064
1.809393
1.809833
1.810176
1.810308
1.810968
1.811344
1.811898
1.812235
1.812690
1.813109
1.813491
1.813796
1.814132
1.814579
1.815185
1.815335
1.815869
1.816193
1.816599
1.817206
1.817333
1.818429
1.817595
1.816637
1.816636
1.814012
1.812644
1.812721
1.813214
1.813418
1.813836
1.815537
1.816415
1.816738
1.817098
1.817397
1.817559
1.818414
1.818110
1.815825
1.814451
1.814397
1.814900
1.813373
1.810816
1.810229
1.810820
1.808811
1.807431
1.807389
1.807761
1.807736
1.808303
1.808658
1.809146
1.809573
1.809805
1.810226
1.810572
1.811102
1.811330
1.812099
1.813572
1.813149
1.810575
1.809339
1.809695
1.810071
1.809904
1.809556
1.810150
1.810360
1.811137
1.811394
1.811867
1.812219
1.812572
1.812947
1.813360
1.814013
1.814336
1.814576
1.815022
1.815381
1.815716
1.816329
1.816379
1.816187
1.816711
1.816844
1.817226
1.817146
1.816577
1.815864
1.816069
1.816340
1.816783
1.817114
1.817607
1.817951
1.818385
1.818683
1.818821
1.819141
1.819557
1.819557
1.819082
1.819654
1.818276
1.816306
1.816374
1.816611
1.817275
1.817514
1.817818
1.818103
1.818521
1.817481
1.814796
1.813884
1.814173
1.814404
1.814509
1.814612
1.814997
1.815574
1.815869
1.816173
1.816050
1.815991
1.816348
1.816342
1.815811
1.815849
1.815756
1.814778
1.813386
1.810813
1.809626
1.808768
1.808798
1.808701
1.808041
1.805970
1.804448
1.804750
1.804694
1.804409
1.804440
1.805073
1.806761
1.808495
1.809057
1.809567
1.811454
1.813097
1.813925
1.814112
1.814633
1.814930
1.815175
1.815449
1.815751
1.816048
1.816570
1.816850
1.817126
1.817413
1.817670
1.817858
1.818027
1.818500
1.818888
1.819171
1.819454
1.819747
1.819881
1.819466
1.819961
1.820238
1.820522
1.820797
1.821077
1.821313
1.821808
1.822045
1.822338
1.822518
1.822773
1.820824
1.820547
1.821103
1.821439
1.821711
1.821988
1.822254
1.822587
1.822851
1.823021
1.823069
1.822174
1.822154
1.822517
1.822780
1.823276
1.823585
1.823776
1.824010
1.823144
1.822541
1.822780
1.821671
1.819791
1.819562
1.819836
1.820059
1.820319
1.820794
1.821058
1.821359
1.821561
1.821351
1.819610
1.818082
1.817959
1.819190
1.820178
1.820056
1.819157
1.818473
1.818513
1.818685
1.818983
1.819112
1.819362
1.819609
1.819871
1.820324
1.820563
1.820820
1.821065
1.821322
1.821436
