2.12132
2.62131
3.1213
3.62141
4.12739
4.62373
5.12141
5.62129
6.12512
6.62141
7.12131
7.62141
8.12148
8.62137
9.12131
9.62138
10.1253
10.6213
11.1218
11.6217
12.1232
12.6212
13.1507
13.6213
14.1254
14.6213
15.1214
15.6213
16.1287
16.6214
17.1213
17.6214
18.1457
18.6213
19.1379
19.6214
20.1333
20.6214
21.1214
21.629
22.1242
22.6213
23.1213
23.6214
24.1259
24.6215
25.1216
25.6215
26.1384
26.6214
27.1214
27.6214
28.123
28.622
29.1214
29.6214
30.1286
30.6221
31.1214
31.6215
32.1245
32.6213
33.1213
33.6277
34.1253
34.6214
35.1213
35.6213
36.124
36.6214
37.1213
37.6213
38.1281
38.6214
39.1213
39.6214
40.128
40.6213
41.1214
41.6213
42.125
42.6213
43.1213
43.6214
44.1243
44.6213
45.1213
45.6213
46.1252
46.6213
47.1214
47.6214
48.1259
48.6214
49.1215
49.6213
50.1305
50.6213
51.1214
51.6214
52.1446
52.6215
53.1213
53.6213
54.1261
54.6213
55.1213
55.6391
56.1266
56.6214
57.1213
57.6214
58.124
58.6214
59.1214
59.6214
60.1377
60.6215
61.1214
61.6213
62.131
62.6214
63.1215
63.6214
64.1303
64.6235
65.1225
65.6216
66.1307
66.6222
67.1243
67.6214
68.1431
68.6312
69.1227
69.6515
70.1276
70.6215
71.1285
71.6214
72.1382
72.6217
73.1213
73.6216
74.1395
74.6264
75.1245
75.6252
76.1428
76.6282
77.1291
77.6227
78.1405
78.6248
79.1277
79.6266
80.1455
80.628
81.1314
81.6278
82.1409
82.6289
83.1287
83.6247
84.1474
84.6294
85.1323
85.6279
86.1461
86.6282
87.1356
87.6521
88.1414
88.6291
89.1292
89.6277
90.152
90.6286
91.139
91.6276
92.1474
92.6292
93.1253
93.6284
94.1447
94.6288
95.1287
95.6277
96.1441
96.6281
97.128
97.6277
98.1476
98.6278
99.1283
99.6501
100.147
100.629
101.129
101.632
102.155
102.63
103.128
103.628
104.148
104.629
105.128
105.628
106.141
106.628
107.128
107.642
108.151
108.633
109.128
109.628
110.151
110.628
111.129
111.628
112.141
112.628
113.129
113.628
114.154
114.629
115.128
115.628
116.142
116.628
117.129
117.629
118.147
118.628
119.128
119.628
120.141
120.628
121.15
121.647
122.138
122.629
123.127
123.628
124.141
124.629
125.128
125.628
126.139
126.628
127.128
127.628
128.147
128.629
129.129
129.629
130.144
130.629
131.128
131.628
132.149
132.628
133.128
133.628
134.154
134.632
135.129
135.633
136.156
136.628
137.129
137.637
138.162
138.63
139.128
139.629
140.142
140.628
141.128
141.628
142.147
142.629
143.128
143.628
144.143
144.628
145.125
145.624
146.147
146.629
147.128
147.628
148.144
148.629
149.128
149.626
150.142
150.626
151.135
151.626
152.146
152.628
153.127
153.625
154.14
154.628
155.128
155.639
156.159
156.63
157.128
157.628
158.14
158.629
159.128
159.627
160.144
160.629
161.128
161.628
162.137
162.629
163.128
163.628
164.141
164.628
165.129
165.628
166.143
166.629
167.133
167.639
168.149
168.636
169.128
169.63
170.152
170.629
171.129
171.652
172.147
172.632
173.128
173.628
174.148
174.628
175.128
175.629
176.147
176.629
177.128
177.629
178.142
178.628
179.128
179.628
180.151
180.629
181.129
181.628
182.15
182.63
183.128
183.628
184.152
184.629
185.137
185.63
186.145
186.65
187.129
187.628
188.148
188.628
189.128
189.63
190.141
190.628
191.134
191.63
192.143
192.629
193.129
193.628
194.15
194.628
195.128
195.628
196.152
196.629
197.128
197.628
198.142
198.629
199.128
199.629
200.148
200.629
201.129
201.631
202.142
202.629
203.128
203.632
204.142
204.629
205.158
205.628
206.142
206.629
207.13
207.629
208.14
208.629
209.129
209.628
210.16
210.628
211.144
211.628
212.129
212.629
213.151
213.661
214.128
214.628
215.146
215.628
216.128
216.63
217.158
217.628
218.137
218.629
219.145
219.63
220.129
220.629
221.151
221.628
222.13
222.629
223.143
223.628
224.129
224.648
225.143
225.629
226.128
226.628
227.144
227.629
228.142
228.655
229.144
229.629
230.129
230.629
231.15
231.629
232.13
232.628
233.147
233.626
234.147
234.628
235.142
235.629
236.128
236.644
237.145
237.629
238.127
238.628
239.142
239.628
240.126
240.628
241.128
241.656
242.147
242.624
243.127
243.625
244.141
244.629
245.128
245.628
246.137
246.627
247.128
247.643
248.141
248.626
249.128
249.652
250.147
250.628
251.129
251.643
252.135
252.628
253.147
253.626
254.139
254.628
255.128
255.626
256.137
256.621
257.121
257.621
258.129
258.621
259.126
259.621
260.13
260.621
261.121
261.622
262.13
262.621
263.125
263.621
264.128
264.636
265.121
265.621
266.125
266.621
267.122
267.621
268.126
268.621
269.121
269.621
270.126
270.621
271.121
271.621
272.124
272.623
273.121
273.621
274.13
274.621
275.124
275.621
276.126
276.621
277.121
277.621
278.121
278.621
279.121
279.621
280.121
280.621
281.121
281.621
282.123
282.621
283.121
283.621
284.135
284.621
285.121
285.621
286.121
286.628
287.121
287.621
288.121
288.621
289.121
289.621
290.128
290.621
291.121
291.621
292.133
292.621
293.121
293.621
294.131
294.621
295.121
295.621
296.121
296.621
297.123
297.632
298.123
298.621
299.134
299.621
300.121
300.621
301.121
301.621
302.125
302.621
303.122
303.621
304.122
304.622
305.121
305.621
306.121
306.621
307.121
307.621
308.121
308.621
309.121
309.622
310.127
310.621
311.121
311.621
312.128
312.621
313.121
313.621
314.124
314.621
315.121
315.621
316.121
316.621
317.121
317.621
318.121
318.621
319.121
319.621
