1.62418
1.62494
2.12428
2.62442
3.12521
3.62668
4.12781
4.62426
5.12476
5.64414
6.12567
6.62505
7.1259
7.64488
8.12468
8.62466
9.12515
9.64907
10.1257
10.6275
11.1269
11.6504
12.1249
12.6245
13.1512
13.6524
14.126
14.6246
15.1257
15.6459
16.1291
16.6247
17.1252
17.6462
18.1462
18.6244
19.1389
19.6464
20.1338
20.6247
21.1253
21.6405
22.125
22.6244
23.1261
23.6445
24.1263
24.6244
25.1256
25.6471
26.1387
26.6246
27.1253
27.6477
28.1247
28.6246
29.1257
29.6475
30.1291
30.6245
31.127
31.6459
32.125
32.6245
33.1254
33.6408
34.1257
34.633
35.1264
35.6393
36.1247
36.6244
37.1253
37.6331
38.1285
38.6248
39.1264
39.6411
40.1284
40.6245
41.1252
41.6391
42.1254
42.6248
43.1264
43.6438
44.1247
44.6251
45.1256
45.6505
46.1257
46.6247
47.1258
47.6428
48.1263
48.6249
49.1249
49.6508
50.1308
50.6246
51.1394
51.6414
52.145
52.6248
53.1246
53.6519
54.1265
54.6247
55.1253
55.6514
56.1271
56.6292
57.1252
57.6418
58.1246
58.6248
59.1259
59.6356
60.1384
60.625
61.1253
61.6365
62.1313
62.6246
63.125
63.6353
64.1309
64.6244
65.1251
65.6464
66.1313
66.6245
67.1249
67.6531
68.1436
68.6429
69.1249
69.6612
70.1282
70.6246
71.1293
71.6395
72.139
72.6245
73.1249
73.6432
74.1401
74.6268
75.125
75.641
76.1432
76.6319
77.1298
77.6385
78.141
78.6252
79.1281
79.6397
80.146
80.6284
81.1318
81.6419
82.1413
82.6296
83.1293
83.6339
84.1517
84.6301
85.1327
85.6399
86.1466
86.6286
87.136
87.6612
88.1421
88.6295
89.1298
89.6409
90.1527
90.6291
91.1396
91.6611
92.1482
92.6308
93.1259
93.6436
94.1453
94.6375
95.1293
95.6444
96.1445
96.6288
97.1285
97.6389
98.1481
98.6321
99.1287
99.6559
100.147
100.632
101.129
101.638
102.156
102.631
103.129
103.649
104.149
104.629
105.129
105.639
106.142
106.629
107.129
107.649
108.152
108.634
109.128
109.633
110.152
110.628
111.13
111.637
112.141
112.629
113.129
113.637
114.154
114.629
115.129
115.636
116.142
116.629
117.135
117.638
118.147
118.628
119.129
119.633
120.142
120.628
121.151
121.659
122.139
122.63
123.128
123.634
124.142
124.633
125.128
125.64
126.139
126.628
127.129
127.636
128.148
128.63
129.129
129.638
130.144
130.629
131.128
131.653
132.149
132.629
133.128
133.648
134.154
134.633
135.13
135.642
136.157
136.628
137.13
137.644
138.162
138.63
139.128
139.637
140.142
140.629
141.128
141.636
142.148
142.639
143.129
143.64
144.144
144.628
145.126
145.631
146.148
146.636
147.128
147.641
148.145
148.63
149.129
149.639
150.144
150.63
151.136
151.637
152.146
152.629
153.127
153.635
154.14
154.628
155.128
155.644
156.159
156.631
157.128
157.639
158.14
158.629
159.128
159.641
160.145
160.633
161.129
161.637
162.137
162.63
163.129
163.639
164.142
164.629
165.13
165.644
166.144
166.637
167.133
167.653
168.15
168.637
169.128
169.642
170.153
170.63
171.13
171.659
172.147
172.633
173.129
173.641
174.149
174.628
175.128
175.645
176.148
176.629
177.129
177.637
178.143
178.628
179.129
179.633
180.151
180.63
181.129
181.634
182.15
182.634
183.129
183.637
184.152
184.63
185.138
185.639
186.145
186.65
187.129
187.635
188.148
188.629
189.129
189.636
190.142
190.636
191.135
191.634
192.144
192.629
193.13
193.634
194.151
194.628
195.128
195.633
196.152
196.629
197.129
197.634
198.142
198.635
199.129
199.635
200.148
200.63
201.13
201.636
202.143
202.629
203.129
203.641
204.143
204.639
205.158
205.635
206.142
206.629
207.13
207.637
208.141
208.629
209.13
209.632
210.16
210.635
211.145
211.642
212.13
212.63
213.152
213.67
214.128
214.629
215.147
215.637
216.128
216.63
217.158
217.65
218.137
218.63
219.146
219.645
220.129
220.63
221.151
221.643
222.131
222.63
223.143
223.655
224.129
224.649
225.144
225.646
226.129
226.645
227.145
227.64
228.142
228.656
229.145
229.637
230.13
230.63
231.151
231.637
232.131
232.637
233.147
233.634
234.173
234.629
235.143
235.639
236.129
236.657
237.145
237.646
238.128
238.629
239.143
239.642
240.127
240.629
241.129
241.677
242.147
242.626
243.128
243.64
244.141
244.63
245.129
245.66
246.137
246.627
247.129
247.656
248.141
248.644
249.131
249.666
250.148
250.629
251.13
251.654
252.136
252.628
253.148
253.636
254.14
254.628
255.128
255.636
256.138
256.625
257.126
257.634
258.13
258.625
259.126
259.666
260.131
260.625
261.125
261.631
262.13
262.631
263.127
263.632
264.129
264.637
265.125
265.63
266.126
266.625
267.125
267.629
268.128
268.625
269.125
269.63
270.127
270.625
271.125
271.63
272.153
272.625
273.125
273.638
274.131
274.625
275.125
275.658
276.127
276.625
277.126
277.63
278.125
278.625
279.126
279.63
280.125
280.625
281.126
281.651
282.125
282.625
283.126
283.632
284.135
284.648
285.126
285.632
286.125
286.633
287.125
287.634
288.125
288.642
289.126
289.648
290.129
290.625
291.125
291.636
292.133
292.625
293.126
293.64
294.131
294.635
295.125
295.632
296.125
296.625
297.125
297.636
298.125
298.633
299.134
299.635
300.125
300.625
301.125
301.641
302.126
302.626
303.125
303.63
304.125
304.625
305.125
305.643
306.125
306.625
307.125
307.629
308.125
308.625
309.126
309.636
310.129
310.625
311.127
311.629
312.129
312.625
313.125
313.637
314.125
314.626
315.125
315.633
316.125
316.625
317.125
317.632
318.125
318.625
319.125
319.631
