4.87841
5.43054
5.57825
5.69813
6.62893
7.60285
8.49301
9.27685
9.54511
10.92
11.4175
12.6422
13.688
14.2175
14.3539
14.6237
14.6591
14.6865
16.0734
17.0948
17.2762
18.6526
19.1525
19.9677
20.8894
21.0263
21.6812
21.8253
22.8776
23.4051
24.1446
24.4749
25.847
25.8764
25.907
25.9478
25.9783
26.0075
26.0524
26.0973
26.1375
26.1757
26.2224
26.2637
26.3031
26.3474
26.3884
26.4404
26.4853
26.5257
26.5668
26.6134
26.6529
27.1639
28.0845
28.2171
29.1516
30.0781
30.4828
30.6294
31.9975
32.4775
33.7588
34.0734
35.2279
35.5537
36.6695
37.021
37.5637
38.0804
39.2712
39.9515
40.8852
41.1788
41.4407
42.1276
42.3653
43.1676
43.8201
43.967
44.213
44.483
45.2779
45.8148
47.1976
47.2849
47.8293
48.6256
49.272
49.6738
51.0171
52.3524
52.4735
52.5023
53.939
54.877
55.0225
55.1517
55.2854
55.4193
55.4496
56.4787
56.615
56.762
56.7968
56.8255
56.8667
56.907
56.9385
56.9703
57.0093
57.048
57.0695
57.1091
57.154
57.1752
57.2087
57.2467
57.2825
57.3177
57.3527
57.3893
57.421
57.4517
57.4914
57.5386
59.5445
59.6833
60.3602
60.4818
61.8509
62.0369
62.1673
62.3252
62.3641
62.4767
63.8533
64.2367
65.2875
66.6557
68.0498
68.0923
68.1354
68.2682
68.4168
68.5601
68.7196
70.0845
71.4484
72.3479
72.4764
73.1456
73.1755
73.2057
73.2458
73.2752
76.5253
79.7801
83.0337
84.4278
85.1496
86.162
87.4033
