2.0997
2.5997
3.09975
3.60622
4.09972
4.60401
5.09964
5.59968
6.09973
6.61463
7.09969
7.60292
8.09969
8.59971
9.09993
9.59966
10.0997
10.5997
11.0998
11.5998
12.0996
12.5998
13.0997
13.5997
14.0997
14.6008
15.0997
15.5997
16.0997
16.5997
17.0998
17.5999
18.0996
18.5998
19.1016
19.5997
20.0996
20.5997
21.0997
21.5997
22.0999
22.5999
23.0997
23.5997
24.0997
24.5997
25.0997
25.5997
26.0997
26.6134
27.0997
27.5997
28.0996
28.5998
29.0997
29.5997
30.0997
30.6048
31.0997
31.5997
32.0997
32.5997
33.0997
33.5997
34.0997
34.6065
35.0997
35.5997
36.0997
36.5998
37.0997
37.5997
38.0997
38.5996
39.0997
39.5997
40.0997
40.5997
41.0997
41.5997
42.1103
42.5997
43.0997
43.5998
44.0997
44.5998
45.0997
45.5997
46.0997
46.5998
47.0997
47.5998
48.0997
48.607
49.0997
49.5997
50.0997
50.6
51.1027
51.5997
52.1053
52.6065
53.0999
53.6001
54.0996
54.5996
55.0996
55.5997
56.0997
56.6151
57.1115
57.5997
58.0997
58.5998
59.0998
59.6007
60.0998
60.6067
61.1028
61.5997
62.0997
62.6
63.0997
63.5997
64.0997
64.5998
65.0996
65.5998
66.0997
66.5997
67.0997
67.5998
68.0997
68.5997
69.0997
69.5998
70.0997
70.5998
71.0997
71.5997
72.0997
72.5998
73.0997
73.5998
74.0997
74.5998
75.0997
75.5997
76.0998
76.5997
77.0998
77.6001
78.0996
78.5998
79.0999
79.5997
80.0997
80.5997
81.0997
81.5997
82.0997
82.5997
83.0998
83.5997
84.0997
84.5998
85.0997
85.5998
86.0997
86.5998
87.0998
87.5998
