4.87837
5.43052
5.57822
5.69811
6.62892
7.60283
8.49298
9.27682
9.54508
10.92
11.4175
12.6422
13.688
14.2174
14.3539
14.6237
14.6591
14.6864
16.0734
17.0948
17.2762
18.6526
19.1525
19.9676
20.8894
21.0263
21.6812
21.8253
22.8776
23.4051
24.1446
24.4749
25.847
25.8764
25.9069
25.9477
25.9783
26.0075
26.0523
26.0973
26.1375
26.1757
26.2224
26.2636
26.3031
26.3474
26.3883
26.4403
26.4853
26.5257
26.5668
26.6133
26.6528
27.1638
28.0845
28.2171
29.1516
30.078
30.4828
30.6293
31.9975
32.4774
33.7588
34.0734
35.2279
35.5537
36.6695
37.021
37.5637
38.0804
39.2712
39.9515
40.8852
41.1788
41.4407
42.1276
42.3652
43.1676
43.82
43.967
44.213
44.4829
45.2779
45.8147
47.1975
47.2848
47.8293
48.6256
49.272
49.6738
51.0171
52.3524
52.4735
52.5023
53.939
54.877
55.0225
55.1517
55.2854
55.4193
55.4496
56.4787
56.615
56.762
56.7968
56.8255
56.8666
56.907
56.9385
56.9703
57.0093
57.048
57.0695
57.1091
57.154
57.1752
57.2087
57.2467
57.2825
57.3177
57.3527
57.3892
57.421
57.4517
57.4913
57.5386
59.5445
59.6832
60.3602
60.4818
61.8508
62.0369
62.1673
62.3252
62.3641
62.4767
63.8533
64.2367
65.2875
66.6557
68.0497
68.0923
68.1354
68.2682
68.4167
68.5601
68.7195
70.0845
71.4484
72.3479
72.4764
73.1456
73.1754
73.2057
73.2458
73.2752
76.5253
79.78
83.0337
84.4278
85.1495
86.162
87.4033
