0.001743
0.002013
0.001832
0.001707
0.002237
0.002322
0.002342
0.002453
0.002398
0.002757
0.002556
0.002246
0.002602
0.002773
0.002535
0.002413
0.003178
0.002493
0.002361
0.002297
0.002385
0.002505
0.002420
0.002582
0.003038
0.003016
0.003285
0.003242
0.003371
0.003371
0.003759
0.003061
0.003144
0.002787
0.002997
0.002993
0.003207
0.003065
0.003159
0.003150
0.003168
0.003067
0.003227
0.003377
0.003211
0.003114
0.003154
0.003083
0.003091
0.003387
0.003040
0.002993
0.003310
0.002988
0.003268
0.003175
0.002967
0.003162
0.003116
0.003302
0.002689
0.002591
0.002591
0.003799
0.002966
0.003465
0.003187
0.003331
0.003010
0.002974
0.002932
0.002427
0.002829
0.002834
0.003417
0.003479
0.003688
0.003633
0.003762
0.004092
0.004130
0.004005
0.004565
0.004326
0.005034
0.004085
0.005321
0.004000
0.003950
0.003984
0.003282
0.003679
0.003875
0.003546
0.003456
0.003353
0.002905
0.002901
0.002831
0.002879
0.002617
0.003212
0.002911
0.003232
0.003270
0.003088
0.003280
0.003021
0.003141
0.002851
0.002815
0.003034
0.003187
0.003241
0.003185
0.003013
0.002854
0.002993
0.003056
0.003133
0.003438
0.003224
0.002916
0.002953
0.002804
0.003503
0.003476
0.003436
0.003790
0.003452
0.003715
0.008574
0.005128
0.009046
0.003626
0.003954
0.004861
0.003930
0.004623
0.004741
0.007893
0.004158
0.004431
0.003537
0.006389
0.003558
0.006343
0.003503
0.003302
0.002671
0.002715
0.002663
0.002929
0.003102
0.003140
0.001611
0.002697
0.004357
0.003908
0.003148
0.003053
0.003273
0.003296
