0.000000
0.000000
0.200000
0.700000
1.246667
1.846667
2.413774
3.403567
4.294493
5.300856
6.278201
7.267267
8.239764
9.286378
10.247110
11.225283
12.212812
13.203578
14.197471
15.154519
16.165924
17.160244
18.149178
19.138762
20.125089
21.115237
22.056097
22.512595
22.880627
23.741996
24.736889
25.725010
26.669153
27.631704
28.615161
29.599975
30.584969
31.316166
32.235967
33.225267
34.278355
35.266005
36.206586
37.152681
38.143277
39.124119
39.972938
40.221462
40.874096
41.829885
42.841943
43.812205
44.802303
45.819886
46.465864
47.164607
48.129138
49.100395
49.949039
50.696582
51.673975
52.660480
53.645509
54.633707
55.606643
56.545527
57.606724
58.590442
59.573547
60.567939
61.550445
62.508129
63.452358
64.502383
65.494348
66.479628
67.475631
68.418076
69.331030
70.352256
71.337131
72.322472
73.299605
74.278682
75.262821
76.219884
77.266551
78.254751
79.235711
79.953628
80.410338
80.860839
81.044693
81.619733
82.569565
83.554380
84.463588
85.042574
85.783710
86.724278
87.633828
88.592831
89.050326
89.400435
89.857343
90.700257
91.753314
92.721900
93.649090
94.569581
95.558517
96.500410
97.166490
97.997343
98.981017
99.971987
100.959368
101.946170
102.900405
103.943669
104.934476
105.938988
107.098048
108.174688
109.167046
110.213872
111.188661
112.182320
112.946128
113.742332
114.724394
115.715050
116.770624
117.761095
118.786024
119.776562
120.771551
121.868250
123.189465
124.338808
125.289074
126.087592
126.979654
127.959827
128.516342
128.789839
129.528352
130.491290
131.484245
132.458562
133.424197
134.389751
135.443145
136.435740
137.404803
138.354680
139.317061
140.297011
141.282381
142.339227
143.328856
144.301630
145.273161
146.258232
147.250587
148.307038
149.291764
150.279674
151.269053
152.250168
153.222349
154.194702
