0.006736
0.007630
0.008772
0.005928
0.005766
0.006226
0.008826
0.007074
0.009079
0.006061
0.005952
0.008254
0.007599
0.010062
0.006857
0.005101
0.008071
0.006649
0.007446
0.008474
0.007881
0.007163
0.006333
0.007421
0.006375
0.007857
0.007278
0.008710
0.005831
0.008724
0.008157
0.005218
0.006753
0.006861
0.006990
0.006792
0.007120
0.006526
0.007089
0.008523
0.008325
0.006715
0.009115
0.007432
0.007664
0.009272
0.009056
0.009503
0.008544
0.007620
0.009169
0.008420
0.007875
0.005381
0.008853
0.007616
0.006394
0.006844
0.008863
0.004819
0.007478
0.006028
0.005224
0.005648
0.007729
0.005388
0.007163
0.007396
0.004916
0.005861
0.005732
0.005187
0.005171
0.007717
0.005470
0.007987
0.006683
0.006813
0.005297
0.008202
0.005746
0.005596
0.005463
0.007457
0.010692
0.007734
0.007092
0.007618
0.007020
0.007292
0.009701
0.005048
0.005126
0.004458
0.009517
0.005446
0.004990
0.008113
0.009611
0.007214
0.006637
0.008807
0.010082
0.005975
0.009994
0.006281
0.009176
0.009987
0.005347
0.006242
0.009765
0.008321
0.003872
0.008980
0.008693
0.003750
0.006231
0.010945
0.007034
0.010935
0.007433
0.009747
0.004902
0.006079
0.011340
0.011187
0.005328
0.007063
0.011288
0.009717
0.007523
0.008591
0.008946
0.009438
0.008862
0.009037
0.008075
0.010012
0.012630
0.010875
0.010481
0.010531
0.010873
0.010962
0.011033
0.011824
0.011570
0.011080
0.006617
0.007467
0.005717
0.005851
0.005326
0.005571
0.012836
0.003383
0.002272
0.005438
0.008118
0.005787
0.005948
0.008713
0.007527
