2.09961
2.59963
3.0997
3.60617
4.09961
4.60397
5.0996
5.59964
6.09963
6.6146
7.09963
7.6029
8.09962
8.59964
9.09981
9.59959
10.0996
10.5996
11.0997
11.5997
12.0996
12.5997
13.0996
13.5996
14.0996
14.6007
15.0996
15.5996
16.0996
16.5996
17.0997
17.5997
18.0996
18.5997
19.1015
19.5996
20.0996
20.5996
21.0996
21.5996
22.0997
22.5999
23.0996
23.5996
24.0996
24.5996
25.0996
25.5996
26.0997
26.6134
27.0996
27.5996
28.0996
28.5997
29.0996
29.5996
30.0996
30.604
31.0996
31.5996
32.0996
32.5996
33.0996
33.5996
34.0996
34.6064
35.0996
35.5996
36.0996
36.5997
37.0996
37.5996
38.0996
38.5996
39.0996
39.5996
40.0996
40.5996
41.0996
41.5996
42.1103
42.5996
43.0996
43.5997
44.0996
44.5998
45.0996
45.5996
46.0996
46.5997
47.0996
47.5998
48.0996
48.6069
49.0996
49.5996
50.0996
50.6
51.1026
51.5996
52.1052
52.6064
53.0998
53.6001
54.0996
54.5996
55.0996
55.5996
56.0996
56.6151
57.1115
57.5996
58.0996
58.5997
59.0997
59.6006
60.0997
60.6066
61.1026
61.5996
62.0996
62.5999
63.0996
63.5996
64.0996
64.5997
65.0996
65.5997
66.0996
66.5996
67.0996
67.5997
68.0997
68.5996
69.0996
69.5996
70.0997
70.5997
71.0996
71.5996
72.0996
72.5997
73.0996
73.5996
74.0996
74.5997
75.0996
75.5996
76.0996
76.5996
77.0997
77.5999
78.0996
78.5997
79.0997
79.5996
80.0996
80.5996
81.0996
81.5996
82.0996
82.5997
83.0996
83.5997
84.0996
84.5997
85.0996
85.5996
86.0996
86.5997
87.0996
87.5997
