0.000000
0.000000
0.158386
0.395656
0.550975
0.667387
0.739823
0.904560
1.007465
1.109513
1.192969
1.260378
1.315698
1.373180
1.410894
1.446068
1.478077
1.506803
1.532750
1.552285
1.575226
1.594410
1.611447
1.627080
1.641171
1.654310
1.663027
1.635773
1.604234
1.608246
1.620734
1.632013
1.639903
1.648396
1.657455
1.666415
1.674732
1.669068
1.673498
1.681216
1.691692
1.698507
1.702828
1.707177
1.713331
1.718786
1.718331
1.692635
1.684645
1.688292
1.695860
1.700609
1.705932
1.712076
1.704380
1.698853
1.702924
1.706830
1.706922
1.703361
1.707517
1.711832
1.715961
1.720061
1.723561
1.725556
1.731875
1.735363
1.738730
1.742323
1.745486
1.747861
1.749799
1.754564
1.757641
1.760460
1.763485
1.765051
1.765827
1.769305
1.771324
1.774232
1.776416
1.778587
1.780835
1.782387
1.785988
1.788163
1.790125
1.786164
1.776526
1.766955
1.751839
1.745131
1.747037
1.749366
1.750082
1.743997
1.741248
1.742758
1.743322
1.745002
1.737132
1.727107
1.719342
1.719024
1.722659
1.724653
1.725848
1.726411
1.728799
1.730555
1.727016
1.726438
1.728541
1.730708
1.732828
1.734673
1.736258
1.739275
1.741286
1.743479
1.748179
1.751458
1.753331
1.756039
1.757573
1.759371
1.757570
1.756295
1.757887
1.759584
1.762236
1.763876
1.766003
1.767589
1.769217
1.772301
1.778584
1.782311
1.783153
1.781836
1.781855
1.783098
1.778461
1.769998
1.768000
1.769070
1.770529
1.771721
1.772779
1.773819
1.776010
1.777369
1.778410
1.779191
1.780122
1.781263
1.782459
1.784534
1.785748
1.786736
1.787698
1.788814
1.790005
1.791954
1.793022
1.794113
1.795208
1.796192
1.797063
1.797921
