0.000000
0.000000
0.000000
0.000000
0.000000
32.679000
35.329000
40.124000
43.693000
59.361000
81.563000
95.182000
109.739000
127.608000
135.574000
149.213000
156.892000
163.998000
168.175000
172.878000
178.502000
190.038000
202.351000
212.332000
219.071000
230.120000
239.719000
247.903000
250.357000
250.463000
251.005000
251.319000
251.754000
257.394000
261.627000
268.672000
274.749000
282.540000
296.238000
312.909000
320.654000
329.780000
336.510000
342.580000
345.462000
351.624000
359.965000
364.345000
365.495000
365.983000
366.290000
366.329000
367.852000
371.845000
379.032000
382.332000
390.816000
401.010000
404.742000
411.324000
412.382000
413.941000
418.252000
422.668000
425.515000
429.698000
434.151000
439.637000
444.397000
449.350000
454.864000
463.268000
470.898000
480.419000
490.666000
497.124000
501.198000
513.192000
524.612000
525.999000
537.452000
564.712000
580.168000
593.151000
605.036000
619.799000
630.195000
639.671000
645.814000
649.389000
663.175000
663.736000
664.049000
674.841000
679.710000
683.159000
687.923000
695.400000
703.354000
703.794000
707.556000
713.589000
721.309000
731.088000
732.787000
735.055000
738.498000
743.825000
747.752000
752.430000
757.017000
763.095000
765.283000
765.934000
766.136000
766.820000
766.897000
769.240000
773.732000
775.977000
776.829000
777.399000
777.718000
779.006000
779.724000
779.818000
780.671000
782.402000
782.808000
785.935000
787.547000
787.856000
787.920000
787.920000
787.921000
787.926000
787.965000
787.969000
788.547000
788.605000
790.087000
795.730000
804.235000
806.609000
807.991000
809.537000
810.572000
810.686000
810.730000
810.906000
811.059000
811.094000
811.154000
811.214000
811.215000
811.216000
811.297000
811.391000
811.461000
811.833000
811.901000
811.904000
812.079000
812.153000
812.188000
812.229000
812.828000
817.736000
822.969000
830.097000
835.583000
842.181000
846.251000
849.331000
