0.002850
0.004446
0.004390
0.004453
0.005779
0.007025
0.004523
0.004044
0.004860
0.004399
0.006327
0.003695
0.004060
0.004843
0.005656
0.006601
0.005659
0.005921
0.005944
0.006284
0.003109
0.003227
0.002974
0.003206
0.004693
0.005568
0.005817
0.007293
0.005066
0.005622
0.004806
0.005460
0.004436
0.004467
0.004475
0.004200
0.004402
0.004559
0.005336
0.004844
0.004437
0.003793
0.004368
0.002334
0.002331
0.005341
0.005950
0.005002
0.004534
0.005193
0.005680
0.004684
0.007228
0.005624
0.007690
0.003819
0.005045
0.003539
0.005934
0.009753
0.005366
0.003123
0.004480
0.004101
0.004369
0.004395
0.005281
0.010102
0.011444
0.010420
0.010479
0.009171
0.008498
0.008596
0.009153
0.008257
0.006304
0.006994
0.004045
0.003459
0.008330
0.008332
0.008260
0.006343
0.004679
0.005545
0.006661
0.006660
0.006344
0.006587
0.005479
0.011023
0.004919
0.004380
0.004225
0.002776
0.002778
0.004377
0.003448
0.004978
0.006122
0.003192
0.003257
0.003203
0.003852
0.002811
0.002980
0.003177
0.005999
0.002038
0.003004
0.005962
0.006465
0.002249
0.008763
0.006913
0.008163
0.003965
0.002770
0.004464
0.004090
0.003088
0.004613
0.004556
0.004064
0.005548
0.003457
0.003917
0.005616
0.002812
0.002773
0.003817
0.008337
0.005396
0.006562
0.005636
0.004791
0.004544
0.004466
0.006353
0.008217
0.008450
0.006593
0.006708
0.010220
0.008884
