162.308594
162.308594
170.996094
171.253906
171.253906
171.253906
171.253906
171.253906
171.253906
171.253906
171.253906
171.253906
171.253906
171.253906
171.253906
171.253906
171.253906
171.253906
171.253906
171.253906
171.253906
171.253906
171.253906
171.253906
171.253906
171.253906
171.253906
171.253906
171.253906
171.253906
171.253906
171.253906
171.253906
171.253906
171.253906
171.253906
171.253906
171.253906
171.253906
171.253906
171.253906
171.253906
171.253906
171.253906
171.253906
171.253906
171.253906
171.253906
171.253906
171.253906
171.253906
171.253906
171.253906
171.253906
171.253906
171.253906
171.253906
171.253906
171.253906
171.253906
171.253906
171.253906
171.992188
171.992188
171.992188
171.992188
171.992188
171.992188
171.992188
171.992188
171.992188
171.992188
171.992188
171.992188
171.992188
171.992188
171.992188
171.992188
171.992188
171.992188
171.992188
171.992188
171.992188
171.992188
171.992188
171.992188
171.992188
171.992188
171.992188
171.992188
171.992188
171.992188
171.992188
171.992188
171.992188
171.992188
171.992188
171.992188
171.992188
171.992188
171.992188
171.992188
171.992188
171.992188
171.992188
171.992188
171.992188
171.992188
171.992188
171.992188
171.992188
171.992188
171.992188
171.992188
171.992188
171.992188
171.992188
171.992188
171.992188
171.992188
171.992188
171.992188
171.992188
171.992188
171.992188
171.992188
171.992188
171.992188
171.992188
171.992188
171.992188
171.992188
171.992188
171.992188
171.992188
171.992188
171.992188
171.992188
171.992188
172.765625
172.765625
172.765625
172.765625
172.765625
172.765625
172.765625
172.765625
172.765625
172.765625
172.765625
172.765625
172.765625
172.765625
172.765625
172.765625
172.765625
172.765625
172.765625
172.765625
172.765625
172.765625
172.765625
172.765625
172.765625
172.765625
172.765625
172.765625
172.765625
173.281250
173.281250
173.281250
173.281250
173.281250
173.281250
173.281250
173.281250
173.281250
173.281250
173.281250
173.281250
173.281250
