0.002270
0.001771
0.001872
0.001834
0.002364
0.002340
0.002483
0.002511
0.002429
0.002453
0.002958
0.003094
0.003404
0.003450
0.003639
0.003216
0.003293
0.002931
0.005572
0.003642
0.002717
0.002009
0.002290
0.002162
0.003624
0.002180
0.002110
0.003790
0.001981
0.003088
0.002815
0.002773
0.003109
0.002736
0.002939
0.003515
0.003179
0.002796
0.003149
0.003187
0.002497
0.002523
0.003045
0.002615
0.002462
0.002212
0.002523
0.002147
0.002710
0.003181
0.003595
0.003633
0.003259
0.003448
0.003790
0.003860
0.004894
0.004341
0.004152
0.004318
0.004213
0.003903
0.003714
0.003783
0.003786
0.003677
0.003631
0.003637
0.003624
0.003415
0.003425
0.004928
0.003827
0.003802
0.003776
0.003313
0.003339
0.003434
0.003270
0.002959
0.002696
0.004032
0.003653
0.003529
0.004009
0.004194
0.004157
0.004061
0.005227
0.003899
0.003973
0.006649
0.003953
0.003524
0.004000
0.003987
0.003657
0.003327
0.003596
0.004357
0.007448
0.003870
0.003861
0.003661
0.003275
0.003350
0.003183
0.003243
0.003288
0.003222
0.003208
0.003356
0.003097
0.003046
0.006164
0.005450
0.005577
0.003248
0.003369
0.004160
0.004052
0.004400
0.005193
0.002953
0.004374
0.005830
0.002638
0.002748
0.002532
0.002829
0.002707
0.002561
0.005265
0.003057
0.003244
0.003140
0.003458
0.003567
0.003519
0.004049
0.003809
0.003955
0.003774
0.005449
0.003734
0.003385
