2.08882
2.58892
3.08886
3.59874
4.08895
4.59153
5.08887
5.58888
6.08898
6.58882
7.08887
7.58892
8.08883
8.59307
9.08888
9.58896
10.0888
10.5888
11.1005
11.592
12.0888
12.5888
13.0889
13.5916
14.0889
14.5888
15.089
15.5896
16.0888
16.5888
17.0888
17.5985
18.0906
18.5888
19.0889
19.5897
20.0888
20.5889
21.0888
21.589
22.0889
22.5889
23.0888
23.6176
24.0889
24.5888
25.0889
25.5939
26.0889
26.5888
27.0889
27.5948
28.0888
28.5889
29.0888
29.5944
30.0889
30.5889
31.0888
31.5888
32.0889
32.5888
33.0888
33.5888
34.0969
34.589
35.0889
35.5938
36.0888
36.5888
37.0889
37.5935
38.0888
38.5888
39.0889
39.5889
40.0888
40.5888
41.0888
41.594
42.089
42.5888
43.0888
43.5899
44.0888
44.5888
45.089
45.5889
46.0889
46.5889
47.0889
47.597
48.0888
48.5888
49.0888
49.589
50.0888
50.5888
51.0888
51.5888
52.0888
52.5889
53.0888
53.5889
54.0889
54.5889
55.0888
55.5888
56.0888
56.5891
57.0888
57.5917
58.0889
58.5888
59.0895
59.5888
60.0888
60.5896
61.0888
61.5889
62.0889
62.5888
63.0888
63.5888
64.0888
64.5888
65.0888
65.5888
66.0888
66.5902
67.0888
67.5902
68.0888
68.5958
69.0888
69.5953
70.0888
70.5888
71.0889
71.5996
72.0889
72.5888
73.0889
73.5888
74.0888
74.5889
75.0889
75.592
76.0889
76.5889
77.0888
77.5976
78.0888
78.5888
79.0889
79.5918
80.089
80.5888
81.0888
81.5888
82.1003
82.5889
83.0889
83.5974
84.0892
84.589
85.0889
85.5909
86.0888
86.5888
87.089
87.6066
88.0888
88.589
89.0888
89.5889
90.0888
90.5888
91.0889
91.5889
92.0889
