4.42964
5.00424
5.05945
5.16863
5.94135
6.22927
7.16901
7.42341
7.57164
8.44448
9.03202
9.5734
10.2667
10.5715
10.8491
11.1005
12.4022
12.5614
13.4805
13.8955
14.8117
15.3495
15.8808
16.5421
16.6695
16.6973
16.7276
18.1141
19.4703
20.7211
20.9666
22.1574
22.2809
23.6176
23.8764
25.0395
25.2251
26.4221
26.6814
27.9488
28.4049
28.6798
29.6165
30.9143
31.0733
31.3499
32.7314
34.1098
34.965
36.0388
37.4365
38.1735
38.4347
39.3617
39.4896
40.401
40.6837
42.0577
42.9573
43.0835
44.4555
45.8327
47.085
47.486
47.6219
47.8813
48.0106
48.1532
49.5385
49.663
49.831
50.5557
50.9658
51.2179
52.1621
52.9604
53.874
54.0069
55.0314
55.75
56.2971
57.6724
59.0381
60.4084
61.7807
63.156
64.007
65.3889
66.7783
67.2346
67.6312
67.7279
68.2936
68.8252
70.1493
70.9519
72.3311
72.6913
73.2205
73.8846
75.275
75.6228
75.8772
76.2806
76.8124
76.838
77.8822
77.9126
77.9465
77.9762
78.015
78.0466
78.0877
78.1289
78.1737
78.2171
78.2722
78.306
78.3347
79.3534
79.3891
79.4189
79.4816
79.5073
79.5375
80.9118
81.6064
82.0103
82.0413
82.0694
82.1002
82.2809
82.317
82.3556
82.3974
83.7583
85.1291
86.4465
86.5532
87.6066
87.7623
89.1355
90.5036
91.0844
92.0228
92.1683
