2.08875
2.58888
3.08876
3.59871
4.08883
4.5915
5.08881
5.5888
6.08889
6.58879
7.08876
7.58889
8.08876
8.59304
9.08882
9.58893
10.0888
10.5888
11.1005
11.5919
12.0887
12.5887
13.0888
13.5915
14.0888
14.5888
15.0889
15.5895
16.0888
16.5888
17.0887
17.5985
18.0905
18.5887
19.0888
19.5897
20.0888
20.5888
21.0888
21.589
22.0888
22.5888
23.0888
23.6176
24.0888
24.5888
25.0888
25.5939
26.0888
26.5887
27.0888
27.5947
28.0887
28.5889
29.0887
29.5944
30.0888
30.5888
31.0888
31.5888
32.0888
32.5888
33.0887
33.5888
34.0969
34.5889
35.0888
35.5938
36.0888
36.5888
37.0888
37.5935
38.0887
38.5888
39.0888
39.5889
40.0887
40.5888
41.0888
41.594
42.0889
42.5887
43.0888
43.5899
44.0887
44.5887
45.0889
45.5888
46.0888
46.5888
47.0888
47.5969
48.0887
48.5888
49.0887
49.589
50.0888
50.5887
51.0888
51.5888
52.0888
52.5888
53.0887
53.5889
54.0889
54.5888
55.0887
55.5887
56.0887
56.5889
57.0887
57.5917
58.0888
58.5888
59.0894
59.5888
60.0887
60.5895
61.0888
61.5888
62.0889
62.5888
63.0887
63.5888
64.0888
64.5887
65.0887
65.5888
66.0888
66.5889
67.0888
67.5901
68.0887
68.5958
69.0887
69.5953
70.0888
70.5887
71.0888
71.5995
72.0888
72.5887
73.0888
73.5888
74.0888
74.5888
75.0888
75.5919
76.0888
76.5888
77.0887
77.5975
78.0888
78.5887
79.0888
79.5917
80.0889
80.5888
81.0888
81.5888
82.1003
82.5888
83.0888
83.5973
84.0892
84.5889
85.0888
85.5909
86.0888
86.5888
87.0889
87.6066
88.0888
88.5889
89.0887
89.5889
90.0887
90.5887
91.0889
91.5889
92.0888
