1.59014
1.59025
2.09026
2.59033
3.09032
3.59926
4.09163
4.59273
5.09031
5.61145
6.09145
6.59334
7.09027
7.60412
8.09152
8.59481
9.09042
9.60263
10.0902
10.5908
11.1009
11.6022
12.0902
12.5914
13.0916
13.5974
14.0902
14.5928
15.092
15.5967
16.0903
16.5915
17.0911
17.6037
18.0906
18.5926
19.0921
19.5969
20.0902
20.5927
21.0919
21.5983
22.0903
22.5917
23.0919
23.6249
24.0903
24.5965
25.0919
25.603
26.0902
26.5914
27.0914
27.608
28.0902
28.5927
29.0924
29.6008
30.0905
30.5918
31.0907
31.6016
32.0903
32.5918
33.0919
33.6001
34.097
34.603
35.0924
35.609
36.0902
36.5919
37.0917
37.6126
38.0904
38.594
39.0921
39.6008
40.0902
40.5922
41.0918
41.6073
42.0904
42.592
43.0908
43.6023
44.0903
44.5931
45.093
45.6009
46.0902
46.5922
47.091
47.6064
48.0902
48.5928
49.0921
49.5993
50.0902
50.5916
51.0967
51.601
52.0902
52.6002
53.091
53.5959
54.0903
54.5916
55.0917
55.595
56.0902
56.5933
57.092
57.6028
58.0903
58.5914
59.0922
59.5947
60.0902
60.6097
61.091
61.595
62.0902
62.5917
63.0921
63.5952
64.0903
64.593
65.0923
65.6126
66.0902
66.5923
67.0925
67.6133
68.0902
68.5981
69.0917
69.6015
70.0903
70.5911
71.0919
71.6114
72.0903
72.5962
73.0915
73.5994
74.0902
74.5925
75.092
75.6003
76.0903
76.5918
77.0913
77.6041
78.0903
78.592
79.092
79.5962
80.0902
80.5908
81.0918
81.5948
82.1003
82.5916
83.0921
83.6012
84.0904
84.5941
85.0916
85.6051
86.0902
86.5911
87.0927
87.6105
88.0902
88.5955
89.0913
89.5956
90.0903
90.5912
91.0911
91.5959
92.0902
