0.000000
0.000000
0.000000
0.000000
32.302000
34.309000
39.231000
44.194000
54.803000
80.871000
93.836000
110.174000
121.329000
131.957000
140.310000
153.098000
164.709000
173.033000
181.042000
203.771000
219.838000
231.552000
242.220000
258.297000
268.139000
273.039000
276.002000
280.953000
288.958000
294.409000
295.695000
297.215000
298.527000
298.974000
299.229000
299.493000
299.566000
299.706000
300.750000
308.207000
315.663000
320.876000
325.101000
329.445000
333.819000
338.991000
342.587000
347.517000
352.181000
357.076000
360.605000
365.974000
372.276000
381.507000
391.293000
403.138000
410.224000
424.889000
430.011000
434.667000
436.891000
438.359000
438.397000
438.745000
438.928000
438.951000
439.028000
441.218000
448.980000
452.101000
456.829000
467.571000
475.052000
487.037000
501.170000
518.440000
527.135000
532.942000
541.182000
551.012000
555.860000
560.528000
565.789000
573.271000
579.990000
580.946000
581.126000
581.334000
582.276000
589.221000
593.796000
600.999000
610.850000
618.958000
625.271000
627.896000
628.584000
628.869000
628.939000
629.017000
630.005000
632.543000
635.840000
640.020000
646.699000
651.012000
653.678000
658.263000
663.488000
669.149000
677.030000
681.181000
682.910000
683.098000
683.347000
683.801000
683.981000
684.056000
684.075000
684.082000
684.122000
684.131000
684.284000
685.594000
686.807000
687.653000
689.065000
692.044000
692.270000
692.372000
692.527000
692.856000
692.942000
692.998000
693.902000
699.324000
707.773000
715.015000
715.123000
716.867000
732.879000
734.660000
735.781000
744.177000
757.342000
765.605000
770.203000
776.649000
784.562000
792.882000
797.036000
801.389000
805.187000
810.155000
811.564000
813.138000
813.918000
816.195000
816.865000
817.173000
817.225000
817.874000
827.130000
830.312000
830.930000
831.613000
832.145000
832.402000
832.468000
832.496000
832.507000
836.652000
841.190000
846.824000
851.259000
851.900000
851.977000
852.051000
852.620000
852.671000
852.753000
853.349000
854.846000
