0.002894
0.004497
0.004946
0.004896
0.007205
0.006887
0.004887
0.006084
0.005168
0.004857
0.006135
0.003575
0.005687
0.006034
0.005091
0.006078
0.004634
0.005076
0.004422
0.003952
0.002975
0.003633
0.005328
0.003340
0.004211
0.003873
0.005174
0.004997
0.004293
0.004260
0.005363
0.004104
0.004011
0.002873
0.004019
0.003003
0.004230
0.003386
0.006233
0.004189
0.003753
0.005835
0.004071
0.004112
0.005142
0.009186
0.007949
0.006742
0.007391
0.004341
0.004618
0.005519
0.005163
0.005618
0.007034
0.006255
0.004400
0.005347
0.004588
0.004177
0.004385
0.007204
0.004435
0.004448
0.004388
0.005215
0.005532
0.005024
0.005303
0.005173
0.004158
0.005251
0.005535
0.002879
0.005852
0.005955
0.004179
0.005785
0.003591
0.005484
0.004521
0.008515
0.005365
0.006554
0.003739
0.004761
0.003470
0.006823
0.004716
0.004122
0.005281
0.004188
0.004277
0.003170
0.004411
0.004470
0.004322
0.004466
0.005283
0.009382
0.009628
0.009713
0.009619
0.009637
0.009616
0.009484
0.006206
0.008359
0.008313
0.007638
0.006843
0.006431
0.007147
0.007430
0.005049
0.004255
0.003257
0.003441
0.003942
0.003702
0.006314
0.010858
0.007987
0.012884
0.006838
0.006850
0.007650
0.006824
0.004832
0.005069
0.009317
0.008036
0.007510
0.007323
0.006437
0.007354
0.005583
0.004314
0.004500
0.004496
0.003246
0.003632
0.002965
0.001963
