157.363281
157.363281
159.429688
166.050781
166.050781
166.050781
166.050781
166.050781
166.050781
166.050781
166.050781
166.050781
166.535156
166.535156
166.535156
166.535156
166.535156
166.535156
166.535156
166.535156
166.535156
166.535156
166.535156
166.535156
166.535156
166.535156
166.535156
166.535156
166.535156
166.535156
166.535156
166.535156
166.535156
166.535156
166.535156
167.824219
167.824219
167.824219
167.824219
167.824219
167.824219
167.824219
167.824219
167.824219
167.824219
167.824219
167.824219
167.824219
167.824219
167.824219
167.824219
167.824219
167.824219
167.824219
167.824219
167.824219
167.824219
167.824219
167.824219
167.824219
167.824219
167.824219
167.824219
167.824219
167.824219
167.824219
167.824219
167.824219
167.824219
167.824219
167.824219
167.824219
167.824219
167.824219
167.824219
167.824219
167.824219
167.824219
167.824219
167.824219
167.824219
167.824219
167.824219
167.824219
167.824219
167.824219
167.824219
167.824219
167.824219
167.824219
167.824219
167.824219
167.824219
167.824219
167.824219
167.824219
167.824219
167.824219
168.339844
168.339844
168.339844
168.339844
168.339844
168.339844
168.339844
168.339844
168.339844
168.339844
168.339844
168.339844
168.339844
168.339844
168.339844
168.339844
168.339844
168.339844
168.339844
168.339844
168.339844
168.339844
168.339844
168.339844
168.339844
168.339844
168.339844
168.339844
168.339844
168.339844
168.339844
168.339844
168.339844
168.339844
168.339844
168.339844
168.339844
168.339844
168.339844
168.339844
168.339844
168.339844
168.339844
168.339844
168.339844
168.339844
168.339844
168.339844
168.339844
168.339844
168.339844
168.339844
168.339844
168.339844
168.339844
168.339844
168.339844
168.339844
168.339844
168.339844
168.339844
168.339844
168.339844
168.339844
168.339844
168.339844
168.339844
168.339844
170.402344
170.402344
170.402344
170.402344
170.402344
170.402344
170.402344
170.402344
170.402344
170.402344
170.402344
170.402344
170.402344
170.402344
170.402344
170.402344
170.402344
170.402344
170.402344
170.402344
170.402344
170.402344
170.402344
170.402344
170.402344
170.402344
170.402344
170.402344
170.402344
170.402344
170.402344
170.402344
170.402344
170.402344
170.402344
170.402344
170.402344
170.402344
170.402344
170.402344
170.402344
170.402344
170.402344
170.402344
170.402344
170.402344
170.402344
170.402344
170.402344
170.402344
170.402344
170.402344
170.402344
170.402344
170.402344
170.402344
170.402344
170.402344
170.402344
170.402344
170.402344
170.402344
170.402344
170.402344
