2.08553
2.5856
3.08557
3.60479
4.0856
4.58559
5.08572
5.58729
6.08559
6.59743
7.08572
7.58568
8.08564
8.58568
9.11654
9.596
10.0856
10.5857
11.0856
11.5856
12.0856
12.5856
13.0858
13.5855
14.0857
14.5855
15.0856
15.5856
16.0856
16.5857
17.0858
17.5982
18.0855
18.5855
19.0929
19.5893
20.0856
20.5856
21.0856
21.5867
22.0857
22.5856
23.0856
23.5874
24.0856
24.5856
25.0857
25.5856
26.0857
26.5856
27.0857
27.595
28.0857
28.5856
29.0856
29.5856
30.0856
30.5857
31.0856
31.5856
32.0856
32.5856
33.0857
33.5857
34.0856
34.5856
35.0856
35.5856
36.0856
36.5857
37.0857
37.5856
38.0856
38.5856
39.0856
39.5856
40.0857
40.5856
41.0857
41.5856
42.1067
42.5856
43.0855
43.5867
44.0856
44.5856
45.0856
45.5917
46.0856
46.5855
47.0856
47.5856
48.0856
48.5856
49.0856
49.5983
50.0856
50.5858
51.0857
51.5857
52.0958
52.5855
53.0855
53.5869
54.098
54.5856
55.0856
55.5856
56.0862
56.5856
57.0855
57.5855
58.0855
58.5856
59.0856
59.5856
60.0856
60.5856
61.0856
61.5856
62.0857
62.5902
63.0857
63.5857
64.0856
64.6016
65.0856
65.5855
66.0855
66.5857
67.0855
67.5856
68.0856
68.5856
69.0855
69.5861
70.0856
70.5857
71.0857
71.5856
72.0856
72.5856
73.0855
73.5856
74.0855
74.5857
75.0856
75.5855
76.0856
76.5857
77.0856
77.5858
78.0856
78.5856
79.0856
79.5857
80.0855
80.5856
81.0857
81.5856
82.0856
82.5857
83.0857
83.5855
84.0856
84.5856
85.0857
85.5864
86.0857
86.5856
87.0856
87.5856
88.0856
88.5856
89.0857
89.5861
90.0856
90.5855
91.0855
91.5857
92.0856
92.5857
93.0856
93.5856
94.0855
94.5855
95.0857
95.5856
96.0857
96.5857
97.0856
97.5857
98.0856
98.5855
99.0857
99.5856
100.086
100.586
101.086
101.586
102.086
102.586
103.086
103.586
104.086
104.586
105.086
105.587
106.086
106.586
107.086
107.586
108.086
108.586
109.086
109.586
110.086
110.586
111.085
111.586
112.086
112.586
113.086
113.586
114.086
114.586
115.086
115.586
116.087
116.586
