4.97106
5.53269
5.64275
5.88349
6.61683
6.95264
7.74925
8.16066
8.2666
9.13119
9.62744
10.212
11.081
12.0261
13.3497
14.2749
14.9493
15.7421
16.5413
17.1938
17.3437
17.4543
17.5982
17.6254
17.656
17.6835
17.7248
17.7598
19.1401
19.1702
19.2265
19.6231
20.619
21.1987
22.2565
22.5304
23.741
23.856
24.0208
24.134
25.5157
26.9011
27.0562
27.3401
27.5949
27.9901
29.3752
30.7488
31.3538
31.4657
32.8
33.0814
33.2004
34.1404
34.2709
35.64
36.4553
36.5345
37.5438
37.7347
37.862
39.0054
39.2067
40.454
40.6588
40.8011
42.1391
42.266
42.5445
42.6643
43.1934
43.7415
43.994
45.3295
45.6127
46.9989
48.3902
48.6657
49.6332
51.0525
51.7546
52.1536
52.7914
53.0711
54.0979
54.2618
55.6346
56.0227
56.3902
56.4176
56.5479
57.9231
58.5444
59.2173
60.1486
60.5385
60.6621
60.9422
61.0584
61.2067
62.589
62.6376
62.6835
62.7251
62.8609
63.2358
64.6199
65.3458
65.4714
65.7373
65.865
66.3947
66.6659
67.8665
67.993
68.1328
69.0607
69.605
70.3102
70.662
70.6944
70.733
70.8009
70.8413
70.883
72.2529
73.636
75.0138
76.3925
77.763
78.7974
80.169
81.5399
82.941
84.2617
84.4129
85.4113
85.6103
85.7415
86.5313
87.3326
87.4614
88.6508
88.7073
