4.97109
5.5327
5.64277
5.88351
6.61684
6.95266
7.74926
8.16068
8.26661
9.1312
9.62745
10.212
11.081
12.0261
13.3498
14.2749
14.9493
15.7421
16.5414
17.1938
17.3437
17.4543
17.5982
17.6254
17.656
17.6835
17.7248
17.7598
19.1402
19.1702
19.2265
19.6231
20.619
21.1987
22.2565
22.5304
23.7411
23.856
24.0208
24.134
25.5157
26.9011
27.0562
27.3401
27.595
27.9901
29.3752
30.7488
31.3538
31.4657
32.8001
33.0814
33.2004
34.1404
34.2709
35.64
36.4554
36.5345
37.5438
37.7347
37.8621
39.0054
39.2068
40.4541
40.6588
40.8011
42.1391
42.266
42.5445
42.6643
43.1934
43.7415
43.994
45.3295
45.6127
46.9989
48.3902
48.6657
49.6332
51.0526
51.7546
52.1537
52.7914
53.0711
54.0979
54.2619
55.6346
56.0227
56.3902
56.4177
56.5479
57.9231
58.5444
59.2173
60.1487
60.5385
60.6621
60.9422
61.0585
61.2067
62.5891
62.6376
62.6835
62.7252
62.8609
63.2358
64.62
65.3458
65.4714
65.7373
65.865
66.3947
66.6659
67.8665
67.9931
68.1328
69.0608
69.605
70.3102
70.662
70.6944
70.733
70.8009
70.8413
70.883
72.253
73.636
75.0138
76.3926
77.763
78.7974
80.169
81.5399
82.941
84.2617
84.4129
85.4113
85.6103
85.7416
86.5313
87.3327
87.4614
88.6508
88.7073
