0.000000
0.000000
0.066667
0.600000
1.126667
1.726667
2.286869
3.178223
4.124820
5.097844
6.074327
7.073775
7.937439
8.924226
9.913866
10.890679
11.846208
12.658286
13.632698
14.605443
15.523579
16.247433
17.199283
18.134493
18.889729
19.596511
20.459285
21.436996
22.433486
23.419233
24.282791
25.108186
25.993817
26.982661
27.972093
28.972040
29.960853
31.018204
31.992362
32.842839
33.420484
34.323840
35.279068
36.244132
37.359035
38.296556
38.734476
39.099817
39.927508
40.906006
41.965812
42.960434
43.910740
44.788877
45.654530
46.671014
47.686074
48.739259
49.730874
50.717776
51.678691
52.672629
53.659389
54.632505
55.694429
56.621360
57.478192
58.497064
59.365586
60.102279
61.045082
62.035393
62.987297
63.951951
64.949202
65.895579
66.862285
67.939237
68.877074
69.826770
70.727266
71.402817
72.267227
73.234196
74.239483
75.097609
76.055134
76.937483
77.574708
77.813906
78.512041
79.488591
80.483344
81.469378
82.458400
83.422221
84.319318
85.207559
86.165239
87.080779
88.071881
89.102880
90.208208
91.342434
92.447845
93.491095
94.483224
95.470006
96.417470
97.298120
98.114862
98.349572
98.939553
99.883632
100.878310
101.869316
102.909937
103.903213
104.888682
105.707676
106.107209
106.687875
107.624534
108.726849
109.823482
110.853719
111.851545
112.843369
113.832368
114.806522
115.850662
116.816888
117.821652
118.806840
119.794726
120.777411
121.833165
122.822546
123.789206
124.313092
124.709725
125.517862
126.505009
127.559172
128.558511
129.551371
130.539388
131.528941
132.519418
133.575867
134.567583
135.559522
136.550374
137.537818
138.526249
139.484787
140.536609
141.450285
142.210647
142.978571
143.891103
144.872464
145.873470
146.932585
147.923025
148.910102
149.894136
150.882607
151.855144
152.909280
153.789269
154.390098
155.247714
156.235015
156.964723
157.712385
158.438876
158.543415
158.543415
158.543415
158.543415
158.543415
158.543415
158.543415
158.543415
158.543415
158.543415
158.543415
158.543415
158.543415
158.543415
158.543415
158.543415
158.543415
158.543415
158.543415
158.543415
158.543415
158.543415
158.543415
158.543415
158.543415
158.543415
158.543415
158.543415
158.543415
158.543415
158.543415
158.543415
158.543415
158.543415
158.543415
158.543415
158.543415
158.543415
158.543415
158.543415
158.543415
158.543415
158.543415
158.543415
158.543415
158.543415
158.543415
158.543415
158.543415
158.543415
158.543415
158.543415
158.543415
