2.08549
2.58557
3.08554
3.60475
4.08549
4.58551
5.0856
5.58727
6.0855
6.59742
7.08562
7.5856
8.08553
8.58558
9.11652
9.59598
10.0855
10.5856
11.0856
11.5856
12.0855
12.5855
13.0857
13.5855
14.0856
14.5855
15.0856
15.5856
16.0855
16.5856
17.0856
17.5982
18.0854
18.5854
19.0929
19.5892
20.0855
20.5855
21.0855
21.5867
22.0856
22.5855
23.0855
23.5874
24.0855
24.5855
25.0856
25.5856
26.0856
26.5855
27.0856
27.595
28.0856
28.5855
29.0855
29.5855
30.0856
30.5856
31.0855
31.5855
32.0855
32.5855
33.0857
33.5856
34.0855
34.5855
35.0855
35.5856
36.0855
36.5856
37.0856
37.5856
38.0855
38.5855
39.0855
39.5856
40.0856
40.5855
41.0856
41.5856
42.1067
42.5855
43.0855
43.5855
44.0856
44.5855
45.0856
45.5917
46.0855
46.5855
47.0856
47.5855
48.0855
48.5855
49.0855
49.5983
50.0855
50.5857
51.0856
51.5856
52.0957
52.5855
53.0854
53.5857
54.098
54.5855
55.0855
55.5855
56.0862
56.5856
57.0855
57.5855
58.0855
58.5855
59.0855
59.5856
60.0856
60.5855
61.0856
61.5855
62.0856
62.5902
63.0856
63.5856
64.0856
64.6016
65.0856
65.5855
66.0855
66.5856
67.0855
67.5856
68.0856
68.5855
69.0855
69.5861
70.0855
70.5856
71.0856
71.5855
72.0856
72.5855
73.0854
73.5855
74.0855
74.5856
75.0856
75.5855
76.0855
76.5856
77.0855
77.5857
78.0856
78.5855
79.0856
79.5856
80.0855
80.5855
81.0856
81.5856
82.0855
82.5856
83.0856
83.5855
84.0855
84.5855
85.0856
85.5863
86.0856
86.5855
87.0855
87.5855
88.0855
88.5855
89.0856
89.5861
90.0856
90.5855
91.0855
91.5856
92.0855
92.5856
93.0856
93.5856
94.0855
94.5855
95.0856
95.5856
96.0856
96.5856
97.0856
97.5857
98.0856
98.5855
99.0857
99.5856
100.086
100.585
101.086
101.586
102.086
102.586
103.086
103.585
104.086
104.585
105.085
105.587
106.085
106.586
107.086
107.586
108.085
108.586
109.085
109.586
110.085
110.585
111.085
111.586
112.085
112.585
113.085
113.586
114.085
114.586
115.086
115.585
116.087
116.586
