0.000000
0.000000
0.052153
0.333796
0.494534
0.621491
0.697567
0.840795
0.964136
1.064230
1.150797
1.224187
1.264270
1.316582
1.356341
1.398262
1.431006
1.441990
1.469300
1.493657
1.510335
1.507428
1.524971
1.539659
1.538458
1.533587
1.540801
1.555849
1.571170
1.584701
1.589356
1.590034
1.596849
1.608198
1.618230
1.629291
1.639152
1.651815
1.659507
1.660452
1.648089
1.651913
1.657987
1.664094
1.676928
1.681280
1.663970
1.644348
1.644573
1.650884
1.660150
1.665924
1.670987
1.672585
1.673661
1.680125
1.686313
1.693608
1.698562
1.703180
1.706793
1.711360
1.715540
1.719174
1.725448
1.727408
1.727201
1.731793
1.731874
1.728152
1.730385
1.733883
1.736227
1.738852
1.742282
1.744270
1.746739
1.751993
1.753563
1.755397
1.755045
1.751002
1.750735
1.752928
1.755971
1.755510
1.757350
1.757189
1.751983
1.737763
1.733988
1.736384
1.739117
1.741609
1.744107
1.745562
1.746529
1.746829
1.748540
1.749370
1.751333
1.754746
1.759192
1.764103
1.767959
1.771395
1.773392
1.775254
1.776334
1.776215
1.774928
1.763225
1.758044
1.759188
1.761197
1.763106
1.765836
1.767716
1.769428
1.768330
1.760288
1.755226
1.756323
1.759951
1.763431
1.765345
1.767613
1.769308
1.770932
1.772298
1.774721
1.775918
1.777680
1.779125
1.780587
1.781935
1.784362
1.785774
1.786838
1.781545
1.774512
1.773396
1.774807
1.777128
1.778661
1.780081
1.781419
1.782761
1.784095
1.786290
1.787603
1.788893
1.790160
1.791364
1.792563
1.793363
1.795347
1.795550
1.793815
1.792199
1.792406
1.793456
1.794740
1.796720
1.797838
1.798904
1.799917
1.800958
1.801829
1.803638
1.803382
1.799874
1.799384
1.800394
1.798437
1.796702
1.794765
1.785837
1.775835
1.765942
1.756164
1.746489
1.736923
1.727460
1.718102
1.708843
1.699681
1.690619
1.681653
1.672781
1.664003
1.655314
1.646720
1.638214
1.629790
1.621457
1.613209
1.605044
1.596958
1.588956
1.581032
1.573189
1.565422
1.557734
1.550117
1.542578
1.535110
1.527688
1.520388
1.513131
1.505945
1.498827
1.491777
1.484791
1.477871
1.471013
1.464222
1.457492
1.450824
1.444214
1.437667
1.431179
1.424748
1.418374
1.412058
1.405797
1.399592
1.393442
1.387331
1.381301
