1.58657
1.58662
2.08663
2.58678
3.0868
3.60558
4.0867
4.58843
5.08809
5.60536
6.08679
6.59804
7.0885
7.6113
8.08668
8.58993
9.11698
9.60923
10.0867
10.5895
11.0871
11.6011
12.0868
12.5899
13.0884
13.6077
14.087
14.5894
15.0879
15.5983
16.0867
16.5892
17.0895
17.6034
18.0918
18.5891
19.0938
19.5989
20.0868
20.5881
21.0882
21.5939
22.0868
22.5896
23.0885
23.5953
24.0867
24.5884
25.0883
25.5917
26.0867
26.5884
27.0885
27.598
28.0868
28.5956
29.0892
29.608
30.0867
30.5893
31.0887
31.6039
32.0867
32.5895
33.0871
33.6052
34.0867
34.5946
35.0884
35.5941
36.0867
36.5887
37.0888
37.5971
38.0867
38.594
39.0875
39.5986
40.0868
40.5879
41.0878
41.5998
42.1067
42.5886
43.0872
43.5938
44.0868
44.5883
45.0872
45.5984
46.0867
46.5886
47.0873
47.6024
48.0867
48.59
49.0883
49.621
50.0867
50.5932
51.0991
51.6119
52.0958
52.5881
53.087
53.5991
54.0981
54.5883
55.0876
55.6093
56.0867
56.5883
57.0883
57.6021
58.0867
58.5881
59.0873
59.5984
60.0867
60.5885
61.0877
61.6042
62.0867
62.5909
63.0883
63.5984
64.0867
64.6024
65.0886
65.5975
66.0866
66.5884
67.0881
67.5992
68.0866
68.5878
69.0879
69.5912
70.0867
70.5969
71.0885
71.5973
72.0867
72.5888
73.0871
73.596
74.0866
74.59
75.0876
75.5916
76.0867
76.5914
77.0885
77.5984
78.0868
78.5891
79.0882
79.598
80.0866
80.5885
81.089
81.5936
82.0867
82.5892
83.0883
83.6053
84.0867
84.6128
85.0883
85.5964
86.0868
86.5894
87.0882
87.5944
88.0867
88.5899
89.0888
89.5954
90.0867
90.5886
91.0888
91.5891
92.0867
92.59
93.0879
93.5905
94.0866
94.5897
95.0886
95.5905
96.0867
96.5894
97.0885
97.5902
98.0868
98.589
99.0884
99.5918
100.087
100.589
101.089
101.589
102.087
102.589
103.088
103.592
104.087
104.589
105.088
105.591
106.087
106.589
107.089
107.592
108.087
108.589
109.089
109.591
110.087
110.589
111.088
111.592
112.087
112.589
113.089
113.589
114.087
114.59
115.088
115.59
116.087
116.592
