0.002697
0.002651
0.001202
0.001235
0.001094
0.000575
0.001083
0.000707
0.001303
0.000746
0.001527
0.001324
0.001792
0.001357
0.001124
0.001459
0.002905
0.002543
0.002257
0.002668
0.001897
0.001229
0.003395
0.001526
0.000662
0.000618
0.000878
0.002606
0.001608
0.002972
0.001760
0.001534
0.002489
0.001224
0.001703
0.000884
0.001747
0.001787
0.001838
0.001469
0.001170
0.001599
0.000951
0.002015
0.001850
0.002165
0.001984
0.002109
0.002341
0.001609
0.001781
0.002430
0.002302
0.001928
0.002090
0.001817
0.002888
0.002844
0.002429
0.002387
0.001561
0.001697
0.001997
0.001282
0.001077
0.001631
0.001284
0.001930
0.001914
0.001984
0.001946
0.001638
0.001656
0.001897
0.002497
0.002694
0.002270
0.002305
0.003656
0.002326
0.002292
0.001874
0.002300
0.002723
0.002078
0.001611
0.002312
0.001842
0.001557
0.002224
0.001613
0.002300
0.002237
0.002309
0.004434
0.001839
0.002276
0.001703
0.002409
0.001865
0.002358
0.002061
0.002234
0.001940
0.001827
0.002401
0.002372
0.002490
0.001816
0.002719
0.002401
0.002058
0.002496
0.002447
0.003156
0.002476
0.002234
0.002819
0.002465
0.002460
0.001714
0.002149
0.003414
0.002260
0.002398
0.002483
0.002018
0.002338
0.002212
0.002326
0.001947
0.002495
0.002313
0.002311
0.001720
0.002683
0.002945
0.002583
0.002378
0.002811
0.002148
0.001311
0.001019
0.001665
0.002231
0.003567
0.000810
0.001091
0.000599
0.001553
0.000590
0.000606
0.001760
0.000571
0.000578
0.002069
0.001002
0.000901
0.001427
0.000912
0.001331
0.000905
0.001090
0.002316
0.001205
0.001661
0.001005
0.003077
0.000999
0.001725
0.001006
0.000922
0.001042
0.001444
0.000942
0.001001
0.001105
0.001877
0.001472
0.000612
0.001779
0.002264
0.000707
0.001689
0.000893
0.001448
0.000891
0.001831
0.001673
0.002388
0.001951
0.001560
0.002402
0.002862
0.000756
0.002130
0.003470
0.000710
0.000939
0.000811
0.002284
0.003192
0.002633
0.002649
0.002369
0.003319
0.002661
0.001477
0.003083
0.001830
0.001577
0.002108
0.001797
0.001314
0.000937
0.001044
0.000814
0.001033
0.001484
0.001020
0.000779
0.001349
0.001113
0.000816
0.001329
0.000901
0.000887
0.001111
0.000836
0.001289
0.000975
0.001128
0.000782
0.001246
0.000893
0.000742
0.000831
0.000757
0.000757
0.002269
0.001135
0.001423
0.001180
0.001300
0.001397
0.000590
