164.425781
164.425781
164.425781
164.425781
164.425781
164.425781
164.425781
164.425781
164.425781
164.425781
164.425781
164.425781
164.425781
164.425781
164.425781
164.425781
164.425781
164.425781
164.425781
164.425781
164.425781
164.425781
164.425781
164.425781
164.425781
164.425781
164.425781
164.425781
164.425781
164.425781
164.425781
164.425781
164.425781
164.425781
164.425781
164.425781
164.425781
164.425781
164.425781
164.425781
164.425781
164.425781
164.425781
164.425781
164.425781
164.425781
164.425781
164.425781
164.425781
164.425781
164.425781
164.425781
164.425781
164.425781
164.425781
164.425781
164.425781
164.425781
164.425781
164.425781
164.425781
164.425781
164.425781
164.425781
164.425781
164.425781
164.425781
164.425781
164.425781
164.425781
164.425781
164.425781
164.425781
164.425781
164.425781
164.425781
164.425781
164.425781
164.425781
164.425781
164.425781
164.425781
164.425781
164.425781
164.425781
164.425781
164.425781
164.457031
164.457031
164.457031
164.457031
164.457031
164.457031
164.457031
164.457031
164.457031
164.457031
164.457031
164.457031
164.457031
164.457031
164.457031
164.457031
164.457031
164.457031
164.457031
164.457031
164.457031
164.457031
