4.88939
4.93008
6.12279
6.37277
6.50497
7.43061
7.70139
8.59372
8.77113
9.56979
9.83135
10.6277
10.771
11.2971
11.8293
12.0942
12.7702
12.7971
12.8284
12.8598
12.8925
12.9166
12.9518
13.0254
13.0528
13.0825
13.1168
13.1569
13.1853
13.2214
13.246
13.2875
13.3207
13.3492
13.3774
13.417
13.4522
13.4833
14.8664
16.2281
17.5989
18.9765
19.6975
19.8298
21.1643
21.2969
22.3827
22.4953
22.6283
23.7043
23.9629
25.3391
25.9696
26.2214
27.4708
27.6893
28.962
29.1537
30.0988
30.1225
30.7607
30.8963
30.925
30.9503
32.0325
32.223
32.2507
33.5509
33.5831
33.6134
33.6445
33.6785
33.7013
33.7327
33.764
33.7955
33.8288
33.8533
33.8894
33.9143
33.951
33.9836
34.015
34.0456
34.0815
34.1117
34.1437
34.2659
34.5158
34.5889
34.6786
34.7082
34.7491
34.7831
34.8178
34.8408
34.8827
34.9136
34.9463
34.9749
35.0143
35.0466
35.0763
35.1059
35.1472
35.1815
35.2117
35.2407
35.2817
35.3162
35.3452
35.3738
35.4148
35.4508
35.4806
35.5075
35.538
35.5705
35.6003
35.6309
35.6568
35.689
35.7212
35.7504
35.7793
35.8153
35.8499
35.8793
35.9115
35.9404
35.9695
36.0009
36.0314
36.0583
36.0878
36.1207
36.1497
36.1799
36.2226
36.2562
36.2896
37.6682
38.2258
38.6295
38.6568
38.6904
38.7639
38.797
38.8231
38.8594
38.8923
38.9228
38.966
39.0094
39.0381
39.0726
39.1015
39.131
39.1605
39.1892
39.226
39.2488
39.2862
39.3108
39.3387
39.3694
39.4103
39.4459
39.4701
39.5024
39.5291
39.5609
39.5893
39.6268
39.6509
39.6905
39.7203
39.7523
40.0268
40.0477
40.0919
40.1292
40.1501
40.1849
40.2182
40.2435
40.2728
40.3047
40.3318
40.3678
40.3924
40.4253
40.4562
40.4924
40.5205
40.5538
40.5885
40.6178
40.6432
40.6734
40.7057
40.7376
42.1182
43.4965
44.0904
47.3535
48.7166
50.088
50.4995
51.7541
51.9634
53.235
53.4239
54.796
55.0246
55.052
55.2943
55.3266
55.358
55.3845
55.4176
55.45
55.4773
55.5022
55.5363
55.5659
55.5954
55.626
55.6522
55.6877
55.7152
55.7453
55.776
55.8137
55.8504
55.8733
55.908
55.9316
55.9633
56.0134
56.0327
56.0638
56.0947
56.1231
56.1538
56.1786
