0.008373
0.008876
0.007414
0.006526
0.009969
0.005947
0.008855
0.005367
0.009187
0.006308
0.009547
0.006596
0.011284
0.008164
0.007205
0.005151
0.008493
0.006887
0.008583
0.008468
0.006713
0.007473
0.010691
0.006420
0.004536
0.004078
0.007732
0.008636
0.003989
0.008973
0.004874
0.007747
0.008382
0.007274
0.005961
0.006154
0.010215
0.010837
0.014075
0.013260
0.010862
0.009820
0.008170
0.010011
0.008230
0.008873
0.006583
0.007684
0.008599
0.006953
0.007620
0.006072
0.006073
0.006244
0.006130
0.005240
0.006552
0.007941
0.007704
0.006941
0.006087
0.006582
0.009686
0.006171
0.005689
0.006032
0.005608
0.006804
0.006423
0.006863
0.007741
0.004570
0.005016
0.005689
0.006812
0.007744
0.005812
0.006205
0.009058
0.007059
0.006471
0.006144
0.007849
0.007934
0.006910
0.004724
0.005754
0.005145
0.005068
0.007109
0.004536
0.006523
0.006660
0.007401
0.008761
0.006237
0.007406
0.005456
0.007316
0.006562
0.009673
0.006458
0.005909
0.005909
0.008327
0.008062
0.008167
0.007104
0.007641
0.007762
0.007092
0.006513
0.009952
0.009933
0.008989
0.006975
0.007465
0.009634
0.009634
0.008565
0.005386
0.008636
0.009540
0.009968
0.008712
0.011021
0.008476
0.007697
0.010588
0.009032
0.008557
0.009467
0.010068
0.007267
0.007363
0.009424
0.008130
0.008308
0.013890
0.007367
0.011610
0.009021
0.005930
0.011658
0.008580
0.009019
0.007147
0.009648
0.004263
0.007925
0.004203
0.004405
0.014882
0.004156
0.004362
0.007784
0.007594
0.007234
0.006274
0.005384
0.006500
0.003727
0.004353
0.005855
0.003992
0.004935
0.005904
0.009496
0.005695
0.007502
0.004661
0.006297
0.005056
0.007421
0.006386
0.007621
0.005687
0.007245
0.007213
0.003877
0.008167
0.011029
0.004690
0.008620
0.007098
0.007299
0.006969
0.008053
0.005426
0.008974
0.005671
0.005773
0.009228
0.009951
0.004555
0.006847
0.010299
0.004314
0.007385
0.007850
0.008603
0.008929
0.010426
0.008992
0.004208
0.012977
0.007635
0.006285
0.008549
0.006262
0.005561
0.006343
0.005960
0.007807
0.006602
0.004291
0.006656
0.008821
0.009577
0.006989
0.006620
0.010105
0.007873
0.004808
0.006377
0.006305
0.005970
0.005693
0.005244
0.008247
0.008183
0.008004
0.008505
0.006182
0.011981
0.006281
0.010843
0.004524
0.006560
0.013843
0.005860
0.006215
0.007200
0.005912
0.006488
0.001501
