4.88943
4.93011
6.12282
6.3728
6.50499
7.43065
7.70142
8.59374
8.77116
9.56983
9.83138
10.6277
10.771
11.2972
11.8293
12.0942
12.7702
12.7971
12.8285
12.8599
12.8925
12.9166
12.9518
13.0254
13.0528
13.0825
13.1168
13.1569
13.1853
13.2214
13.2461
13.2875
13.3207
13.3492
13.3775
13.417
13.4523
13.4833
14.8665
16.2281
17.5989
18.9765
19.6975
19.8299
21.1643
21.297
22.3827
22.4953
22.6283
23.7043
23.9629
25.3391
25.9697
26.2215
27.4709
27.6893
28.962
29.1538
30.0988
30.1225
30.7607
30.8963
30.925
30.9503
32.0325
32.223
32.2507
33.5509
33.5831
33.6134
33.6446
33.6785
33.7014
33.7327
33.7641
33.7956
33.8288
33.8533
33.8894
33.9143
33.9511
33.9836
34.015
34.0457
34.0815
34.1118
34.1437
34.2659
34.5158
34.589
34.6786
34.7082
34.7491
34.7831
34.8179
34.8408
34.8827
34.9136
34.9464
34.975
35.0143
35.0466
35.0764
35.106
35.1472
35.1815
35.2118
35.2408
35.2818
35.3162
35.3452
35.3739
35.4148
35.4508
35.4806
35.5075
35.538
35.5705
35.6003
35.6309
35.6569
35.689
35.7212
35.7505
35.7794
35.8154
35.8499
35.8793
35.9115
35.9404
35.9695
36.0009
36.0314
36.0584
36.0878
36.1207
36.1497
36.1799
36.2227
36.2562
36.2897
37.6682
38.2258
38.6295
38.6568
38.6904
38.7639
38.7971
38.8231
38.8595
38.8924
38.9228
38.966
39.0094
39.0381
39.0727
39.1016
39.1311
39.1605
39.1892
39.226
39.2489
39.2863
39.3108
39.3387
39.3694
39.4103
39.446
39.4702
39.5024
39.5291
39.5609
39.5894
39.6268
39.6509
39.6905
39.7204
39.7524
40.0268
40.0477
40.092
40.1293
40.1502
40.185
40.2182
40.2435
40.2728
40.3047
40.3318
40.3679
40.3924
40.4253
40.4562
40.4924
40.5206
40.5539
40.5886
40.6179
40.6432
40.6734
40.7057
40.7376
42.1183
43.4965
44.0905
47.3536
48.7166
50.088
50.4996
51.7541
51.9635
53.235
53.4239
54.796
55.0247
55.052
55.2943
55.3266
55.358
55.3846
55.4177
55.45
55.4773
55.5023
55.5364
55.5659
55.5954
55.626
55.6522
55.6877
55.7153
55.7453
55.776
55.8137
55.8504
55.8733
55.908
55.9317
55.9633
56.0134
56.0327
56.0639
56.0947
56.1232
56.1538
56.1786
