0.000000
0.000000
0.166667
0.700000
1.246667
1.846667
2.419067
3.262302
4.236455
5.074540
6.092223
7.074550
8.070002
9.058291
9.981066
10.956214
11.943338
13.000666
13.966273
14.856428
15.854970
16.783352
17.769664
18.797167
19.536246
19.751139
20.391563
21.331802
22.324533
23.315359
24.370836
25.361293
26.352080
27.341994
28.332854
29.323718
30.283250
31.323597
32.313854
33.300141
34.290153
35.279854
36.227141
37.283094
38.274036
39.164999
39.877361
40.721405
41.715299
42.705348
43.761826
44.752866
45.743590
46.734577
47.725649
48.709649
49.754527
50.709377
51.694802
52.680202
53.668827
54.657519
55.648616
56.704359
57.724707
58.705957
59.294080
59.579433
60.289829
61.264811
62.315533
63.301929
64.275544
65.270951
66.248956
67.145645
67.969747
68.455193
68.802953
69.281509
70.176800
71.127017
72.048814
73.145318
74.219031
75.192958
76.105952
77.094395
78.080291
79.120261
80.104158
81.096822
82.060781
83.044112
84.044252
85.034878
86.090951
87.078423
88.075072
89.065557
90.058024
91.049541
92.039904
93.097129
94.088340
95.079585
96.072091
97.062543
97.980456
