2.10753
2.60747
3.1075
3.60753
4.1075
4.60754
5.10752
5.60752
6.11098
6.60761
7.10756
7.60754
8.10752
8.60863
9.10746
9.60746
10.1075
10.6166
11.1075
11.6075
12.1075
12.6075
13.1168
13.6075
14.1076
14.6075
15.1075
15.6075
16.1075
16.6075
17.1075
17.6075
18.1076
18.6076
19.1075
19.6075
20.1076
20.6076
21.1076
21.6076
22.1075
22.6141
23.1075
23.6076
24.1075
24.6077
25.1075
25.6077
26.1075
26.6076
27.1076
27.6075
28.1077
28.6076
29.1075
29.6077
30.1074
30.6077
31.1076
31.6077
32.1076
32.6077
33.1076
33.6134
34.1118
34.6102
35.1075
35.611
36.1208
36.6077
37.1076
37.6075
38.1075
38.61
39.1077
39.6076
40.1077
40.61
41.1076
41.6075
42.1183
42.6077
43.1077
43.6075
44.1075
44.6075
45.1075
45.6075
46.1076
46.6077
47.1076
47.6076
48.1076
48.6077
49.1076
49.6075
50.1076
50.6076
51.1076
51.6077
52.1076
52.6075
53.1075
53.6076
54.1076
54.6076
55.1075
55.6075
56.1104
