0.000000
0.000000
35.157000
35.157000
36.156000
39.863000
42.570000
48.249000
52.178000
58.247000
70.282000
79.557000
85.237000
93.069000
100.575000
110.461000
117.270000
125.729000
133.876000
141.930000
147.877000
154.418000
161.866000
169.309000
173.282000
174.426000
175.078000
175.458000
175.832000
176.033000
176.242000
176.439000
176.542000
176.757000
176.979000
177.219000
177.451000
180.470000
184.299000
188.688000
192.317000
198.111000
206.302000
216.007000
220.219000
224.916000
229.718000
233.636000
237.469000
243.708000
250.205000
255.593000
259.569000
265.109000
271.215000
278.077000
284.801000
299.389000
312.049000
327.390000
334.529000
339.545000
344.551000
349.780000
353.503000
358.578000
361.387000
362.399000
362.862000
363.164000
363.469000
363.667000
363.823000
364.318000
364.606000
367.094000
368.391000
368.746000
369.032000
369.295000
369.706000
369.959000
370.159000
370.312000
370.392000
370.491000
370.884000
371.187000
371.348000
371.436000
371.643000
371.910000
371.976000
372.058000
372.123000
372.274000
372.405000
372.458000
377.865000
387.332000
392.593000
399.395000
406.255000
412.697000
417.150000
423.112000
428.872000
435.308000
440.033000
446.175000
447.031000
