1.60956
1.60963
2.10982
2.6099
3.10964
3.61009
4.10997
4.6101
5.10965
5.62744
6.11158
6.61061
7.10969
7.62625
8.10979
8.60993
9.10965
9.61731
10.11
10.6173
11.1097
11.6171
12.1098
12.6102
13.1169
13.6186
14.1099
14.6099
15.1096
15.616
16.11
16.6135
17.1096
17.6225
18.1151
18.6111
19.1096
19.6223
20.1101
20.6125
21.1097
21.6184
22.1102
22.6149
23.1097
23.6167
24.1104
24.6122
25.1097
25.6199
26.1099
26.6106
27.1097
27.6197
28.11
28.6109
29.1097
29.6213
30.1101
30.6104
31.1097
31.6162
32.11
32.6102
33.1097
33.6165
34.1122
34.6108
35.1097
35.6166
36.1213
36.61
37.1097
37.6183
38.11
38.6106
39.112
39.6151
40.11
40.6108
41.1097
41.6181
42.1191
42.6102
43.1097
43.6157
44.1099
44.6103
45.1096
45.6121
46.1099
46.6104
47.1096
47.6122
48.1107
48.6105
49.1097
49.6208
50.1105
50.6105
51.1145
51.6162
52.1099
52.6145
53.1097
53.6186
54.1105
54.6102
55.1097
55.6169
56.111
