4.92429
4.95727
6.19581
6.40313
6.6679
7.72188
8.00164
9.26771
9.46379
10.6564
10.7988
11.7211
11.8576
12.7963
13.0548
13.8514
13.8771
13.9094
13.94
13.9882
14.0131
14.0502
14.0731
14.107
14.1313
14.166
14.1917
14.2355
14.2658
14.2979
14.3278
14.3585
14.3953
14.419
15.799
17.1921
18.5757
19.9837
20.407
20.5194
21.898
22.1182
22.9471
23.2022
23.3288
24.3982
24.7941
26.174
26.6582
26.9302
28.1904
28.5184
29.7171
30.0065
30.7837
31.8601
31.8925
31.9216
31.9921
33.2644
33.4584
33.4883
34.8026
34.8348
34.8646
34.9027
34.9329
34.9637
34.9984
35.0318
35.0577
35.0853
35.1159
35.1493
35.1778
35.2056
35.2462
35.2809
35.3122
35.3366
35.3684
35.5089
35.7286
35.8007
35.8295
35.8589
35.8908
35.9209
35.9525
35.9858
36.0182
36.0506
36.0823
36.112
36.1396
36.1681
36.2063
36.2333
36.2604
36.3021
36.3475
36.3791
36.4111
36.4423
36.4687
36.506
36.5305
36.5562
36.5985
36.6386
36.6737
36.7044
36.7357
36.7699
36.792
36.8244
36.8594
36.8846
36.9133
36.9431
36.9734
37.0168
37.048
37.0827
37.1158
38.5042
38.5379
38.5679
39.3147
39.7339
39.7606
39.7892
39.8347
39.866
39.8944
39.9289
39.9537
39.9861
40.0168
40.0428
40.0775
40.1072
40.1355
40.1661
40.1994
40.2368
40.2895
40.3158
40.3454
40.3775
40.4108
40.4391
40.4655
40.5055
40.5382
40.569
40.6002
40.643
40.6692
40.8791
40.9304
40.9625
40.9945
41.0298
41.0531
41.0837
41.1091
41.1395
41.1825
41.2087
41.2494
41.2736
41.3109
41.3327
41.361
41.393
41.431
41.4534
41.4847
41.5146
41.5432
41.5741
41.6071
41.6335
41.6657
41.708
41.7453
41.7701
41.8102
41.8402
41.8782
41.9085
41.9392
41.9696
41.9898
45.2444
48.5032
49.8801
51.2526
52.5071
53.7916
53.9976
55.3172
55.6128
56.7947
57.0555
57.0857
57.3165
57.3485
57.3803
57.4095
57.4388
57.4649
57.4943
57.5286
57.5672
57.5948
57.6283
57.6575
57.6997
57.731
57.7584
57.792
57.8287
57.8485
57.8798
57.9104
57.9422
57.9702
57.9998
58.0499
58.08
58.1105
58.1434
58.1699
58.2058
58.2311
