0.001934
0.002076
0.002382
0.002655
0.002362
0.002426
0.002757
0.003396
0.002053
0.002261
0.002143
0.002040
0.002550
0.002225
0.001768
0.002018
0.002037
0.001974
0.002249
0.002587
0.002049
0.002284
0.002311
0.002026
0.001966
0.003302
0.001881
0.001919
0.001915
0.001958
0.001766
0.001663
0.001940
0.002141
0.002332
0.002121
0.002249
0.002159
0.002076
0.001642
0.001969
0.002366
0.002248
0.002250
0.002205
0.002411
0.002216
0.002535
0.002267
0.002497
0.002930
0.001459
0.001456
0.001627
0.002254
0.002689
0.003611
0.002874
0.002712
0.002934
0.003020
0.003091
0.008096
0.004184
0.003266
0.003394
0.003124
0.003531
0.004242
0.003458
0.004818
0.003703
0.003650
0.006299
0.003116
0.003520
0.006134
0.003301
0.003666
0.003345
0.003850
0.003299
0.003266
0.002660
0.002774
0.002574
0.002764
0.002758
0.003590
0.002568
0.002439
0.002898
0.002656
0.002594
0.002239
0.002483
0.005068
0.002504
0.002286
0.003959
0.005278
0.002204
0.003083
0.002317
0.001820
0.001810
0.001596
0.002074
0.004321
0.001774
0.001666
0.001670
0.001558
0.001800
0.001638
0.001929
0.004187
0.001990
0.002170
0.001655
0.001695
0.003678
0.001739
0.001714
0.001812
0.002979
0.002715
0.002975
0.003158
0.002707
0.002889
0.002827
0.003487
0.002641
0.003172
0.003009
0.003097
0.002850
0.005305
0.002723
0.003307
0.002865
0.002571
0.003025
0.003455
0.002959
0.003541
0.002972
0.002967
0.002799
0.002668
0.002713
0.002875
0.002588
0.002860
0.002681
0.005057
0.002461
0.002606
0.002403
0.002515
0.002619
0.002818
0.002593
0.002606
0.002517
0.002484
0.002742
0.002307
0.002271
0.002048
0.002277
0.002158
0.002225
0.002671
0.002090
0.002298
0.002305
0.002770
0.002507
0.002151
0.001840
0.004728
0.003434
0.001891
0.001898
0.002204
0.002357
0.003721
0.001861
0.002941
0.003113
0.005277
0.001579
0.000890
0.002885
0.002285
0.002461
0.002151
0.002040
0.001964
0.002039
0.002101
0.002376
0.002381
0.002615
0.003293
0.002614
0.002872
0.002442
0.003027
0.002799
0.002563
0.002546
0.003886
0.002505
0.002704
0.003510
0.001935
0.002043
0.002051
0.002218
0.002096
0.001967
0.001945
0.002049
0.002204
0.002562
0.001762
0.001654
0.002566
0.002489
0.001680
0.002191
0.001756
0.001911
0.001757
