0.000000
0.000000
0.166667
0.666667
1.246667
1.846667
2.402072
3.242020
4.220083
4.997378
5.870429
6.928041
7.783004
8.658133
9.659611
10.470490
10.985349
11.889883
12.953466
13.945558
14.937770
15.925848
16.916821
17.895498
18.955592
19.902303
20.577969
20.993569
21.786583
22.758166
23.749816
24.805522
25.796452
26.787095
27.775803
28.766196
29.757107
30.746672
31.768680
32.760077
33.750733
34.739877
35.730354
36.714089
37.768807
38.757268
39.714206
40.436723
41.269460
42.234396
43.225011
44.280058
45.274369
46.256310
47.247732
48.239325
49.225502
50.277067
51.211873
51.827902
52.532742
53.480844
54.475268
55.463029
56.519682
57.510262
58.502708
59.536767
60.374702
60.658226
61.230902
62.214604
63.202206
64.189527
65.177524
66.161783
67.147909
68.164928
68.781433
69.132572
69.639077
70.115119
70.739536
71.655486
72.712444
73.701059
74.689570
75.680022
76.669692
77.659948
78.716804
79.702610
80.693057
81.590456
82.177968
82.941934
83.964708
85.056149
86.042216
87.035934
88.024508
89.011340
90.003358
90.993596
92.050556
93.042810
94.031868
95.029254
96.026718
97.017464
98.074424
99.064344
100.022288
