0.008114
0.009412
0.005979
0.005802
0.008464
0.007416
0.009372
0.008779
0.009171
0.005637
0.008756
0.006720
0.007344
0.006616
0.009207
0.006721
0.006029
0.007644
0.008397
0.011372
0.008292
0.010701
0.007398
0.007158
0.007646
0.009088
0.007520
0.004008
0.006945
0.008538
0.007805
0.008948
0.010341
0.008762
0.009658
0.011116
0.008669
0.009353
0.010412
0.010648
0.008373
0.007960
0.007452
0.007166
0.008575
0.005122
0.007011
0.006829
0.007466
0.005250
0.007566
0.007855
0.007349
0.009107
0.006215
0.006321
0.006413
0.007385
0.004810
0.006373
0.005671
0.005808
0.009682
0.005835
0.006647
0.006404
0.005065
0.005469
0.007977
0.006140
0.007148
0.006346
0.007141
0.007096
0.008214
0.006748
0.011979
0.008477
0.007073
0.005068
0.005905
0.005587
0.005376
0.007375
0.004023
0.005647
0.007105
0.007502
0.007826
0.007978
0.005587
0.007299
0.008468
0.007690
0.006996
0.005476
0.008541
0.005275
0.007249
0.015347
0.014576
0.007022
0.007386
0.009121
0.007438
0.007171
0.008949
0.004685
0.010992
0.004099
0.009417
0.009411
0.010517
0.007030
0.007737
0.009372
0.006253
0.009577
0.008788
0.008956
0.009272
0.016487
0.006469
0.011302
0.012447
0.008761
0.009171
0.008943
0.005874
0.011048
0.007571
0.006381
0.005277
0.007318
0.005429
0.009877
0.005048
0.007570
0.005584
0.004049
0.007276
0.004158
0.007018
0.007258
0.009253
0.007642
0.007407
0.004717
0.004047
0.005420
0.008074
0.007270
0.004964
0.004320
0.006427
0.007442
0.006153
0.006616
0.004358
0.004581
0.005788
0.006800
0.008593
0.003988
0.006494
0.008051
0.004633
0.004409
0.005810
0.003071
0.008898
0.006499
0.008686
0.006340
0.004976
0.006701
0.004877
0.007444
0.007812
0.007823
0.007026
0.003943
0.007879
0.005881
0.010054
0.010223
0.011335
0.006831
0.010819
0.005788
0.012968
0.013481
0.011112
0.005599
0.006401
0.007032
0.008033
0.010535
0.007469
0.005526
0.006522
0.006328
0.006230
0.005407
0.006155
0.005778
0.004919
0.006763
0.008132
0.010069
0.008915
0.005836
0.005260
0.004519
0.007318
0.004353
0.004046
0.006069
0.007275
0.006925
0.007827
0.005547
0.008617
0.006158
0.005949
0.007253
0.007010
0.008647
0.003814
0.007445
0.006524
0.006324
0.006930
0.009491
0.006609
0.011668
0.002733
