2.12657
2.64169
3.1264
3.62639
4.12643
4.63946
5.12643
5.62647
6.12641
6.63335
7.12657
7.62643
8.12638
8.63501
9.12639
9.62643
10.1266
10.633
11.1264
11.6264
12.1264
12.6358
13.1264
13.6264
14.1314
14.6368
15.1264
15.6264
16.1264
16.6265
17.1264
17.6264
18.1263
18.6264
19.1278
19.6264
20.1265
20.6337
21.1264
21.6264
22.1264
22.6387
23.1264
23.6265
24.1265
24.6356
25.1264
25.6264
26.1265
26.6324
27.1265
27.6264
28.1265
28.6333
29.1264
29.6265
30.1265
30.6323
31.1264
31.6265
32.1264
32.6388
33.1264
33.6264
34.1264
34.6309
35.1264
35.6272
36.1264
36.6301
37.1264
37.6264
38.1264
38.6273
39.1264
39.6264
40.1356
40.6316
41.1277
41.6335
42.1265
42.6329
43.1264
43.6264
44.1264
44.638
45.1264
45.6264
46.1264
46.6332
47.1265
47.6289
48.1264
48.6327
49.1264
49.6264
50.1265
50.636
51.1265
51.6266
52.1263
52.6331
53.1265
53.6264
54.1264
54.6349
55.1266
55.6264
56.1265
56.6347
57.1268
57.6283
58.1263
