1.62989
1.63
2.13109
2.64245
3.13004
3.63038
4.13074
4.64027
5.13001
5.6538
6.13078
6.63481
7.13005
7.6487
8.13021
8.63572
9.13001
9.64791
10.1316
10.6339
11.13
11.6494
12.1301
12.6373
13.13
13.6498
14.1319
14.6373
15.1301
15.634
16.1301
16.63
17.13
17.6503
18.1355
18.6301
19.13
19.6513
20.1323
20.6344
21.13
21.6502
22.1301
22.6405
23.13
23.6472
24.1314
24.6364
25.13
25.6476
26.1315
26.6332
27.1302
27.6488
28.1313
28.6338
29.13
29.6448
30.1312
30.6332
31.13
31.6431
32.1315
32.6441
33.1301
33.6335
34.132
34.6354
35.13
35.6424
36.14
36.6307
37.13
37.6494
38.1309
38.6302
39.13
39.6362
40.1363
40.6323
41.13
41.638
42.1312
42.6335
43.13
43.6422
44.1318
44.6386
45.13
45.6323
46.1314
46.6409
47.13
47.6374
48.1308
48.6335
49.13
49.6367
50.1305
50.6368
51.1314
51.6504
52.1322
52.6362
53.13
53.6389
54.1319
54.6394
55.13
55.6364
56.1311
56.6354
57.13
57.6374
58.1435
