0.000000
0.000000
35.157000
35.157000
36.156000
39.863000
42.570000
48.249000
52.036000
58.072000
69.936000
79.142000
84.324000
89.368000
93.834000
101.067000
107.802000
115.253000
119.529000
127.478000
133.270000
141.218000
149.295000
156.184000
161.587000
167.971000
174.620000
175.745000
176.263000
176.670000
177.042000
177.254000
177.797000
178.110000
178.470000
178.788000
179.068000
179.444000
180.917000
184.670000
187.781000
192.329000
197.618000
204.732000
212.300000
219.757000
224.565000
229.440000
232.175000
234.492000
240.127000
248.439000
253.693000
258.879000
264.401000
270.319000
275.195000
283.098000
294.532000
307.045000
317.952000
328.618000
335.531000
340.989000
344.699000
349.726000
354.635000
359.761000
363.240000
364.347000
365.083000
365.509000
365.828000
366.056000
366.227000
366.363000
366.442000
367.934000
368.974000
369.302000
369.497000
369.900000
370.136000
370.281000
370.377000
370.584000
370.773000
370.917000
371.057000
371.187000
372.325000
372.526000
372.673000
372.958000
373.164000
373.346000
373.418000
373.505000
373.565000
373.589000
373.598000
373.655000
376.051000
388.618000
393.809000
400.512000
407.494000
413.585000
418.043000
423.975000
429.789000
436.392000
441.239000
447.323000
448.210000
