0.009055
0.006428
0.006654
0.006421
0.006265
0.005422
0.004210
0.003889
0.005524
0.005444
0.005316
0.005472
0.005727
0.006022
0.004652
0.004898
0.005864
0.005941
0.003963
0.006019
0.005435
0.005407
0.005363
0.006713
0.006260
0.004647
0.003706
0.003914
0.004456
0.003510
0.004842
0.008176
0.003737
0.003196
0.002926
0.002626
0.002515
0.004066
0.003431
0.006131
0.006869
0.004285
0.005342
0.006032
0.005488
0.003273
0.002633
0.006983
0.007366
0.005981
0.007063
0.006828
0.003741
0.003133
0.004488
0.004635
0.004625
0.005788
0.005657
0.005590
0.007295
0.006825
0.005248
0.004929
0.003948
0.004312
0.003713
0.004683
0.004714
0.005577
0.004235
0.004952
0.004716
0.005758
0.006774
0.006150
0.006151
0.005840
0.005767
0.004146
0.006055
0.005224
0.005153
0.004632
0.004083
0.004890
0.004752
0.004937
0.004945
0.004951
0.005021
0.005006
0.005074
0.004057
0.004191
0.004565
0.003888
0.009101
0.004217
0.005322
0.004840
0.006710
0.007974
0.008424
0.008241
0.008451
0.009124
0.008453
0.009545
0.007122
0.010356
0.005163
0.009936
0.009210
0.008099
0.005533
0.005785
0.005668
0.005276
0.005151
0.006205
0.003886
0.003934
0.003170
0.003415
0.002872
0.003255
0.004483
0.004853
0.005700
0.007615
0.005796
0.006629
0.005756
0.005965
0.007555
0.006304
0.008251
0.005198
0.006680
0.006798
0.008147
0.006812
0.005127
0.007225
0.005705
0.006024
0.006620
0.004972
0.003872
0.004096
0.002806
0.002182
0.002641
0.002730
0.003690
0.002992
0.002509
0.004577
0.002685
0.005184
0.004961
0.004259
0.003432
0.004550
0.005804
0.005313
0.004970
0.004166
0.005208
0.005171
0.003738
0.002929
0.003101
0.005205
0.005001
0.004055
0.004448
0.004909
0.004608
0.003144
0.008212
0.007252
0.007239
0.007308
0.007365
0.007354
0.008407
0.005927
0.007164
0.005907
0.007104
0.005534
0.010777
0.010614
0.009697
0.003885
0.006139
0.011038
0.010468
0.011123
0.011352
0.008999
0.014138
0.010753
0.014249
0.012398
0.012270
0.009675
0.013048
0.009250
0.010418
0.009231
0.006602
0.004176
0.004616
0.005076
0.004678
0.005068
0.005798
0.005272
0.005418
0.005324
0.004276
0.004140
0.004416
0.005761
0.007882
0.007674
0.007689
0.007651
0.004591
0.004040
0.004469
0.003983
0.004337
0.004690
0.004731
0.005763
0.007896
0.007849
0.007694
0.010020
0.008486
0.006150
0.006257
0.003542
0.002850
0.003262
0.005836
0.005279
0.006385
0.008426
0.005254
0.004820
0.004802
0.004512
0.003499
0.005107
0.004732
0.006058
0.005128
0.004999
0.004259
0.004504
0.005640
0.004007
0.003523
0.005151
0.005043
0.005700
0.005953
0.006070
0.004865
0.006023
0.005149
0.006178
0.005589
0.005927
0.004384
0.007447
0.005234
0.008945
0.003955
0.006688
0.007423
0.005333
0.007647
0.005521
0.007870
0.003617
0.005370
0.005574
0.007902
0.006027
0.005330
0.006329
0.006431
0.006245
0.006666
0.006780
0.007788
0.004308
0.006050
0.007550
0.006058
0.008106
0.007778
0.007959
0.008332
0.007839
0.007531
0.006495
0.007815
0.007566
0.010097
0.010153
0.010087
0.010096
0.010047
0.010103
0.010331
0.006032
0.006396
0.006366
0.007722
0.007554
0.007516
0.005342
0.005306
0.006959
0.006644
0.007399
0.007044
0.006058
0.008851
0.010555
0.009008
0.007412
0.007627
0.005427
0.004457
0.003669
0.004876
0.003447
0.003707
0.003703
0.005331
0.003469
0.005048
0.006814
0.006967
0.005585
0.005599
0.005562
0.003950
0.004086
0.004056
0.003764
0.006861
0.004513
0.004887
0.008648
0.008571
0.008556
0.008554
0.008359
0.008376
0.008363
0.008575
0.008550
0.006268
0.005843
0.004575
0.005754
0.004001
0.004695
0.003606
0.004875
0.005433
0.004902
0.005564
0.005682
0.007404
0.007466
0.003844
0.003346
0.003315
0.004834
0.004773
0.004534
0.004727
0.004846
0.004543
0.004412
0.003248
0.002806
0.003399
0.003276
0.003128
0.003306
0.003947
0.005390
0.003545
0.003783
0.003934
0.004789
0.007725
0.004487
0.004266
0.005249
0.005342
0.005651
0.005906
0.004095
0.004385
0.007061
0.007078
0.005683
0.005394
0.003617
0.007375
0.003430
0.005001
0.007169
0.004932
0.004611
0.005091
0.003892
0.004941
0.005527
0.007662
0.008116
0.007932
0.007173
0.008252
0.007711
0.007673
0.005244
0.005207
0.004658
0.004556
0.004037
0.004236
0.003869
0.003626
0.003814
0.003939
0.003271
0.003871
0.003412
0.003205
0.003969
0.003913
0.003172
0.003274
0.003839
0.004169
0.003886
0.004680
0.005061
0.004443
0.005921
0.005108
0.005068
0.005596
0.004644
0.003314
0.002886
0.002615
0.002841
0.003012
0.002977
0.002988
0.003360
0.003367
0.003390
0.003083
0.003082
0.003106
0.003077
0.003062
0.003077
0.002689
0.003153
0.003134
0.003138
0.003196
0.003190
0.003244
0.003195
0.003202
0.003203
0.007069
0.007089
0.007080
0.007083
0.007117
0.007076
0.007195
0.006331
0.003996
0.005897
0.008498
0.007584
0.006380
0.006089
0.005810
0.006455
0.006311
0.004838
0.005200
0.007344
0.008179
0.006553
0.008120
0.006741
0.011507
0.007196
0.007792
0.006880
0.006942
0.007771
0.008421
0.008014
0.007083
0.004860
0.004169
0.004992
0.009097
0.010663
0.008859
0.010943
0.007613
0.008577
0.010611
0.010138
0.011294
0.011589
0.009163
0.009779
0.008918
0.012511
0.010624
0.010362
0.011500
0.008476
0.006724
0.007968
0.005772
0.005887
0.007714
0.007287
0.007666
0.009095
0.008392
0.008935
0.007787
0.007722
0.008569
0.007371
0.006551
0.007478
0.006344
0.007219
0.007637
0.006166
0.008842
0.006324
0.005759
0.004561
0.004939
0.004315
0.005315
0.005153
0.005311
0.004515
0.004713
0.005059
0.004801
0.003988
0.005766
0.006258
0.006256
0.006413
0.005818
0.006054
0.005643
0.002664
0.006239
0.003754
0.005241
0.009147
0.012131
0.009774
0.010098
0.010792
0.010746
0.009832
0.011805
0.009254
0.011556
0.010703
0.006275
0.008452
0.009684
0.008512
0.011954
0.010581
0.010333
0.011619
0.011236
0.011597
0.015595
0.011674
0.008983
0.008695
0.008947
0.008958
0.006496
0.008901
0.005674
0.005586
0.006441
0.005918
0.005718
0.005388
0.013532
0.005059
0.006622
0.007102
0.006898
0.005945
0.005110
0.007062
0.006839
0.008173
0.010570
0.009868
0.008349
0.005590
0.004288
0.003826
0.003346
0.002273
0.002535
0.003659
0.003937
0.004678
0.004335
0.004267
0.003971
0.004278
0.004320
0.003855
0.004871
0.005434
0.004673
0.004897
0.003890
0.004221
0.008044
0.008054
0.007362
0.007374
0.006610
0.010506
0.005711
0.014536
0.014415
0.013178
0.013163
0.013211
0.013273
0.012151
0.012010
0.012140
0.011315
0.009195
0.014022
0.005065
0.005589
0.004593
0.006081
0.002562
0.009254
0.007682
0.007299
0.006970
0.005389
0.003908
0.004191
0.003651
0.002969
0.002098
0.005704
0.006191
0.005666
0.004192
0.003370
0.003972
0.004185
0.004111
0.003408
0.004166
0.004186
0.003138
0.003762
0.003495
0.003462
0.005114
0.006685
0.005089
0.008149
0.008393
0.010017
0.012847
0.013481
0.009001
0.004300
0.003531
0.004726
0.002271
0.003753
0.010115
0.014565
0.013295
0.012495
0.011505
0.008994
0.011903
0.009518
0.007859
0.007859
0.007687
0.009950
0.008998
0.008197
0.011815
0.008250
0.007542
0.006683
0.007326
0.006757
0.006844
0.006826
0.006353
0.006504
0.007622
0.006238
0.008007
0.008440
0.007307
0.007259
0.006356
0.006228
0.005647
0.011934
0.009690
0.010302
0.009582
0.010756
0.012539
0.012425
0.012295
0.017211
0.010385
0.006287
0.005005
0.003689
0.005198
0.005456
0.003344
0.006931
0.003456
0.006996
0.006042
0.006147
0.005498
0.004476
0.002950
0.002809
0.002353
0.003394
0.003709
0.003300
0.003435
0.003798
0.003801
0.002591
0.006395
0.005472
0.006021
0.006027
0.005238
