0.003818
0.001906
0.001826
0.002090
0.002035
0.002305
0.002023
0.002372
0.002234
0.002584
0.002544
0.003029
0.003293
0.003070
0.003438
0.003019
0.003514
0.003551
0.003157
0.003676
0.003483
0.003381
0.003464
0.002950
0.002454
0.003213
0.002994
0.003420
0.003178
0.003343
0.002894
0.006009
0.003515
0.003201
0.003253
0.003725
0.003722
0.004370
0.004426
0.004084
0.004211
0.003721
0.004105
0.003835
0.003879
0.004001
0.003336
0.004959
0.003851
0.003968
0.004194
0.004163
0.004389
0.004081
0.004104
0.004322
0.004092
0.003907
0.004195
0.004356
0.004059
0.004102
0.004255
0.003599
0.003728
0.003546
0.002665
0.002879
0.002650
0.003547
0.003469
0.004057
0.003789
0.004271
0.003923
0.003853
0.003984
0.003815
0.003526
0.003700
0.003731
0.003942
0.003350
0.003524
0.002882
0.003283
0.003214
0.003418
0.003046
0.003385
0.003436
0.003362
0.003434
0.003779
0.003631
0.003321
0.003782
0.007121
0.003924
0.003376
0.004047
0.002949
0.002767
0.002810
0.002979
0.003039
0.002973
0.003147
0.002804
0.003222
0.003563
0.003663
0.003517
0.003361
0.005027
0.003000
0.003154
0.003316
0.002990
0.003330
0.003063
0.002918
0.003209
0.003006
0.002861
0.003074
0.003458
0.003457
0.002988
0.003147
0.003603
0.003520
0.003538
0.003332
0.002916
0.002606
0.002602
0.002977
0.002881
0.003020
0.002912
0.002800
0.002444
0.002589
0.002505
0.002306
0.002884
0.002553
0.002941
0.002812
0.002982
0.002637
0.002650
0.003235
0.003032
0.002776
0.002570
0.002624
0.002549
0.002725
0.003174
0.002564
0.002718
0.002607
0.002959
0.002932
0.002581
0.002653
0.002983
0.002754
0.002465
0.002674
0.003275
0.002936
0.002872
0.002678
0.002748
0.002855
0.002467
0.002923
0.002987
0.003009
0.002608
0.002516
0.002655
0.002790
0.002492
0.003088
0.003438
0.003247
0.003416
0.003234
0.003227
0.003343
0.003129
0.002929
0.003155
0.003489
0.003525
0.003437
0.003398
0.003450
0.003323
0.003128
0.003285
0.002845
0.003111
0.002779
0.002923
0.004488
0.003597
0.003598
0.003671
0.003905
0.003492
0.003654
0.003710
0.003203
0.003484
0.003839
0.003676
0.003843
0.003603
0.003675
0.003845
0.004070
0.003856
0.004079
0.004434
0.004241
0.004117
0.003669
0.003483
0.004955
0.004642
0.004980
0.004065
0.005196
0.005165
0.004915
0.004752
0.004086
0.005183
0.004503
0.004591
0.005051
0.004980
0.004587
0.004422
0.004967
0.004973
0.004632
0.003749
0.004148
0.004464
0.003844
0.004252
0.003835
0.003571
0.004174
0.004027
0.004104
0.004487
0.004051
0.004123
0.004418
0.003678
0.003499
0.004004
0.004217
0.003535
0.004276
0.004037
0.004365
0.004248
0.003691
0.003731
0.003730
0.003434
0.003649
0.003792
0.003915
0.004102
0.003674
0.003683
0.003597
0.003468
0.003595
0.003663
0.003318
0.003401
0.003463
0.003530
0.003686
0.003817
0.003678
0.003624
0.003304
0.003705
0.003649
0.003712
0.003653
0.003652
0.003422
0.003510
0.003072
0.003993
0.003431
0.003206
0.003389
0.003960
0.003593
0.003407
0.003699
0.003615
0.003107
0.004847
0.004008
0.003400
0.003471
0.003873
0.003788
0.003809
0.003617
0.003712
0.003653
0.003266
0.003169
0.002723
0.003207
0.003181
0.003150
0.003057
0.003113
0.003215
0.003064
0.003934
0.004224
0.005084
0.005215
0.005157
0.005789
0.005968
0.006220
0.005417
0.005368
0.005444
0.007873
0.004468
0.004452
0.004303
0.004557
0.004674
0.004575
0.004638
0.004694
0.004685
0.004673
0.004689
0.004714
0.005110
0.005088
0.007251
0.004860
0.005003
0.004891
0.004914
0.004928
0.004682
0.004812
0.004911
0.005118
0.005956
0.005401
0.004837
0.004257
0.004147
0.004019
0.003827
0.003896
0.003530
0.004328
0.003574
0.003879
0.004567
0.004675
0.004333
0.004190
0.004509
0.004139
0.003839
0.004326
0.003869
0.004540
0.004222
0.004956
0.004299
0.004512
0.003653
0.003349
0.003306
0.003170
0.005906
0.003003
0.003051
0.002748
0.004725
0.003994
0.002570
0.002536
0.002864
0.002620
0.002758
0.002946
0.002608
0.002799
0.002525
0.002647
0.002786
0.002966
0.003635
0.004106
0.004405
0.005206
0.004797
0.004942
0.004421
0.005112
0.005071
0.005076
0.004236
0.004808
0.004880
0.004790
0.004714
0.004948
0.004648
0.005026
0.004364
0.004632
0.004353
0.003803
0.003958
0.004155
0.004031
0.004055
0.003330
0.003611
0.003517
0.002931
0.003599
0.003224
0.003700
0.003256
0.003379
0.003072
0.003078
0.002896
0.002735
0.003159
0.003208
0.003121
0.003473
0.003522
0.003438
0.003512
0.003239
0.003727
0.003877
0.003616
0.005128
0.003033
0.003461
0.003164
0.002515
0.002938
0.003142
0.002887
0.002603
0.003046
0.002811
0.002905
0.002862
0.002947
0.002570
0.003075
0.002615
0.003344
0.002686
0.002939
0.002554
0.002738
0.002541
0.003046
0.003037
0.002737
0.003048
0.002723
0.003019
0.004372
0.003422
0.003346
0.003357
0.003661
0.003598
0.003890
0.005568
0.005025
0.005461
0.005336
0.004855
0.005696
0.005616
0.005329
0.005317
0.005353
0.004890
0.008956
0.005209
0.005389
0.004944
0.004954
0.005403
0.004614
0.005032
0.004669
0.005892
0.003606
0.003616
0.003683
0.003578
0.003706
0.003652
0.004603
0.004388
0.004550
0.004276
0.009362
0.004789
0.004524
0.004269
0.004851
0.004659
0.004852
0.004714
0.005218
0.004715
0.005083
0.005467
0.005263
0.005667
0.006049
0.005495
0.005617
0.005829
0.005995
0.006063
0.005945
0.006280
0.006291
0.006013
0.006277
0.006785
0.006823
0.006460
0.006490
0.005902
0.005287
0.006095
0.005107
0.005585
0.005459
0.005457
0.005277
0.005696
0.005553
0.006032
0.005839
0.004890
0.004928
0.005272
0.005065
0.005122
0.004693
0.005126
0.004889
0.004873
0.004587
0.004907
0.004788
0.004708
0.004763
0.004586
0.004692
0.004636
0.004602
0.004910
0.004876
0.005293
0.004991
0.004925
0.005000
0.004400
0.004970
0.004772
0.004719
0.004620
0.005156
0.004886
0.004840
0.004802
0.004720
0.004771
0.004861
0.004777
0.004595
0.004412
0.004473
0.004208
0.004519
0.004497
0.004373
0.004296
0.004253
0.003950
0.003990
0.003528
0.003984
0.004856
0.004001
0.004052
0.004218
0.004871
0.003358
0.003320
0.003355
0.003552
0.003248
0.004081
0.005075
0.005486
0.006184
0.006003
0.005965
0.006019
0.006353
0.005861
0.005333
0.005644
0.005482
0.005335
0.005186
0.005452
0.005499
0.005061
0.005668
0.004723
0.004891
0.004827
0.004657
0.004944
0.005117
0.010113
0.004753
0.004927
0.004801
0.010735
0.005130
0.005622
0.007159
0.005322
0.007499
0.005481
0.005463
0.005802
0.005339
0.005582
0.005387
0.005742
0.005527
0.010944
0.006197
0.005487
0.011369
0.005542
0.006182
0.005324
0.006028
0.009952
0.005935
0.006320
0.006284
0.006567
0.006351
0.006363
0.006107
0.006317
0.006233
0.006224
0.005771
0.006298
0.006244
0.006131
0.006352
0.006655
0.006676
0.006788
0.007505
0.006853
0.002856
0.003352
0.006575
0.006829
0.006744
0.007427
0.007256
0.007212
0.007281
0.006875
0.007510
0.007337
0.007295
0.007068
0.010603
0.007118
0.007227
0.007216
0.006965
0.007152
0.007100
0.011900
0.006661
0.006630
0.007993
0.005461
0.005987
0.005898
0.005597
0.005405
0.005501
0.005564
0.005443
0.005597
0.005515
0.005229
0.005226
0.004695
0.005207
0.009121
0.005031
0.005082
0.005645
0.005246
0.004939
0.004856
0.004747
0.004581
0.005253
0.004981
0.004941
0.005027
0.004912
0.004682
0.004506
0.004871
0.008920
0.005007
0.005236
0.006087
0.005002
0.004478
0.004247
0.003971
0.004401
0.004213
0.004713
0.004805
0.004548
0.005352
0.005354
0.005693
0.005400
0.005334
0.004964
0.005102
0.005207
0.004771
0.004436
0.004498
0.004763
0.004675
0.004350
0.004495
0.004370
0.004504
