0.000000
0.000000
0.100000
0.600000
1.126667
1.726667
2.310029
3.205123
4.177098
5.166186
6.153356
6.966263
7.837603
8.829299
9.656162
10.273363
11.173882
12.154764
13.125298
14.055823
15.103031
16.033371
16.931495
17.931099
18.868579
19.856946
20.835126
21.835409
22.840539
23.797937
24.774735
25.767224
26.753560
27.723399
28.787804
29.778039
30.760868
31.735583
32.568968
32.964856
33.445965
34.277881
35.261665
36.257541
36.983979
37.452980
38.142580
38.626304
38.957410
39.432122
40.404639
41.401342
42.386838
43.413224
44.372159
45.349691
46.298201
47.006432
47.698009
48.205920
48.584175
49.322851
50.254337
51.103772
52.066376
53.074842
54.068534
55.138539
55.981185
56.758664
57.709118
58.163298
58.405274
59.120499
60.113218
61.103758
62.094361
63.082071
64.061587
65.053415
66.096069
67.083008
68.052558
69.015553
70.006681
70.971128
71.881400
72.738294
73.723077
74.713416
75.629152
76.552181
77.391705
78.116931
78.751838
79.673227
80.680781
81.606676
82.241287
82.950352
83.790902
84.642270
85.516845
86.098826
86.311923
87.067510
88.103835
89.031921
90.101805
91.081054
92.036766
92.946731
93.911469
94.977890
95.968373
96.969152
97.958405
98.948533
99.941065
100.999083
101.988722
102.968330
103.954331
104.950403
105.941290
106.904707
107.696459
108.623764
109.612682
110.602483
111.591976
112.576340
113.574460
114.623962
115.614577
116.602952
117.574554
118.527079
119.515114
120.561704
121.531287
122.509180
123.495863
124.470996
125.454147
126.430318
127.304642
127.761147
128.531957
129.475149
130.328213
131.081788
132.111896
132.999029
133.505856
134.217997
135.160673
136.000331
136.386452
136.837993
137.748846
138.751218
139.710712
140.701715
141.687245
142.705990
143.762251
144.749638
145.711966
146.714231
147.671502
148.663979
149.679868
150.620276
151.604138
152.526720
153.479352
154.458880
155.438676
156.454440
157.439993
158.330674
159.257250
160.243440
161.234487
162.236736
162.864731
163.878566
164.870229
165.861776
166.827836
167.819091
168.871811
169.857692
170.834541
171.438091
171.686701
172.379504
173.344413
174.399188
175.294717
176.243751
177.246399
178.236948
179.226061
180.248737
181.237789
182.228142
183.214032
184.061058
184.769196
185.695299
186.743156
187.728808
188.329865
188.733096
189.627835
190.621172
191.624649
192.592875
193.593767
194.582159
195.563503
196.544628
197.534600
198.575098
199.487024
200.460135
201.428924
202.402981
203.373582
204.363567
205.416592
206.219397
206.914729
207.792033
208.769840
209.752195
210.790969
211.744872
212.598945
213.331127
214.087261
214.840291
215.141203
215.798626
216.549123
217.494457
218.488200
219.488386
220.470758
221.526554
222.523618
223.358605
224.280538
225.270952
226.230757
227.152556
228.214378
229.204862
230.196611
231.133385
231.957435
232.294328
232.898506
233.895164
234.886111
235.876446
236.865898
237.855117
238.845936
239.909876
240.953681
242.005524
242.508805
243.042858
243.405821
244.289393
245.347778
246.393944
247.728749
248.917773
250.038890
251.028245
252.086694
253.076832
254.065302
255.050752
256.034990
257.018272
258.002338
259.045108
260.038086
260.993027
261.983185
262.961911
263.825519
264.691580
265.570369
266.376054
267.114377
267.974986
268.830597
269.744431
270.711170
271.510022
272.463601
273.477543
274.347130
274.645414
275.031410
275.450826
276.239631
277.206072
278.087025
279.061010
279.986540
281.035863
282.021636
282.974344
283.980228
284.946036
285.554136
285.936335
286.821538
287.807253
288.794436
289.556557
290.036214
290.477779
290.857922
291.783892
292.778396
293.768630
294.761407
295.752530
296.732404
297.787455
298.774827
299.773900
300.763237
301.568069
302.367507
303.348175
304.375453
305.363617
306.345291
307.338143
308.326808
309.291820
310.344348
311.333667
312.319428
313.304367
314.298928
315.284258
316.273172
317.307624
318.295612
319.286383
320.274841
321.228125
322.224436
323.221154
324.266706
325.225383
326.203175
327.113905
328.101929
329.046415
330.089562
330.923601
331.791240
332.782030
333.652590
334.281476
334.774371
335.358085
336.279050
337.273493
338.259678
339.252687
340.210120
341.169835
342.136892
342.992499
343.880648
344.842780
345.832654
346.763028
347.817956
348.810888
349.802884
350.744065
351.726125
352.695584
353.662656
354.733033
355.703421
356.621911
357.616866
358.520624
359.220372
359.829053
360.604050
361.579839
362.566133
363.554943
364.538488
365.528678
366.529470
367.511680
368.486436
369.479770
370.466829
371.460331
372.509903
373.485592
374.007528
374.618973
375.496657
376.303327
377.300993
378.344116
379.324952
380.317068
381.307916
382.296394
383.279392
384.259143
385.271651
386.250802
387.232065
388.119466
389.078372
390.064576
391.122075
392.113770
393.106798
394.097465
395.087081
396.068811
396.995651
397.806816
398.717588
399.697089
400.446888
400.743376
401.381474
402.431633
403.441364
404.421990
405.411186
406.398819
407.387828
408.214885
408.984814
409.799192
410.602812
411.591794
412.625622
413.614248
414.634144
415.780727
416.805837
417.794069
418.790897
419.798270
420.766013
421.794816
422.774984
423.792127
424.793279
425.781686
426.772582
427.763032
428.819936
429.810689
430.778729
431.544261
432.419404
433.418271
434.482716
435.471033
436.462742
437.459524
438.450215
439.356174
440.188201
441.174590
442.159479
443.178560
444.164457
445.149425
446.083949
446.651785
447.283334
448.081212
448.467455
449.295868
450.161889
451.005841
452.076464
453.082017
454.071622
455.036398
456.007932
457.003735
457.991371
459.028649
460.024869
460.991660
461.925951
462.927704
463.918734
464.955867
465.931125
466.469962
466.806946
467.532584
467.796900
468.408313
469.543494
470.702754
471.730860
472.856234
473.937904
474.965546
476.323436
477.793545
478.407910
478.603617
479.122551
479.521341
480.274778
481.301874
482.287024
483.159925
484.017428
484.928401
485.936456
486.849657
487.565604
488.200565
488.601574
488.897685
489.536543
490.513081
491.563094
492.554271
493.628978
494.320269
495.189083
496.203289
497.195348
498.244151
499.231610
500.231785
501.237714
502.225337
503.220312
504.214987
505.274618
506.259489
507.268706
508.255027
509.254241
510.252478
511.301883
512.288385
513.265133
514.253724
515.246425
516.219742
517.205949
518.278817
519.261051
520.228908
521.165766
521.944951
522.845811
523.878149
524.870606
525.857607
526.859016
527.841624
528.746494
529.083133
529.739469
530.681998
531.563673
532.357938
533.293032
534.557899
535.624163
536.674556
537.660591
538.577994
539.553943
540.554672
541.524547
542.532866
543.597275
544.572076
545.614275
546.629489
547.613544
548.602573
549.659162
550.651823
551.640666
552.630191
553.620850
554.612011
555.670050
556.660020
557.651025
558.642524
559.632889
560.618477
561.610055
562.670056
563.663629
564.643710
565.632657
566.634004
567.623346
568.606701
569.635467
570.842938
572.032122
572.825299
573.513589
574.400591
575.455909
576.448734
577.441663
578.431311
579.423678
580.411515
581.402092
582.462101
583.433344
584.081407
584.387138
585.171596
586.174633
587.233279
588.194705
589.172465
590.119025
590.898240
591.739550
592.140523
592.776361
593.701742
594.693988
595.665951
596.644683
597.636792
598.603434
599.629871
600.625126
601.588952
602.264028
602.386674
602.386674
602.386674
602.386674
602.386674
602.386674
602.386674
602.386674
602.386674
602.386674
602.386674
602.386674
602.386674
602.386674
602.386674
602.386674
602.386674
602.386674
602.386674
602.386674
602.386674
602.386674
602.386674
602.386674
602.386674
602.386674
602.386674
602.386674
602.386674
602.386674
602.386674
602.386674
602.386674
602.386674
602.386674
602.386674
602.386674
602.386674
602.386674
602.386674
602.386674
602.386674
602.386674
602.386674
602.386674
602.386674
602.386674
602.386674
602.386674
602.386674
602.386674
602.386674
602.386674
602.386674
602.386674
602.386674
602.386674
602.386674
602.386674
602.386674
602.386674
602.386674
602.386674
602.386674
