4.96207
5.05838
5.20109
5.46629
5.85871
6.91787
7.45165
8.44776
9.32845
10.5367
11.0604
11.9998
12.9493
13.701
13.7276
14.7814
14.9131
14.9421
14.9699
16.0523
16.1029
16.3807
16.4157
17.4583
18.1152
18.911
19.5628
19.8512
20.9136
21.4467
21.4858
22.1253
22.1671
23.3595
23.58
24.9587
25.0413
26.1111
27.29
28.0735
28.2516
28.2821
28.3882
29.1909
29.5867
29.6995
31.0905
31.5419
32.789
33.9912
34.2524
35.457
36.3028
36.7949
38.1857
38.8072
39.1931
40.2079
40.5169
41.5895
41.7238
41.7634
41.9051
42.7614
42.8979
42.9257
44.2421
44.5051
44.5411
45.8666
46.2372
47.0455
47.1764
47.2065
47.245
47.2949
47.5902
47.6999
47.7307
47.7555
47.7903
47.8327
49.2151
50.1553
50.1803
50.2201
50.2546
50.2874
50.3142
50.3455
50.3867
50.4169
50.4469
50.4926
51.7044
51.7356
51.7631
51.8048
51.8405
51.8714
53.2464
53.5788
53.6206
53.6623
53.704
53.7462
53.7908
53.8349
53.8815
53.9248
55.3035
55.3434
56.7213
58.115
59.4902
60.8471
61.7069
61.98
62.0055
62.5065
62.5359
63.5809
64.2539
64.7867
64.9017
65.1864
65.2172
65.2551
65.3045
66.5957
66.7926
67.0562
67.9886
68.2457
69.406
69.5848
70.1166
70.8379
71.1872
71.7112
72.1183
72.793
73.1827
73.4481
73.5952
73.6322
73.8449
73.8778
74.5015
75.8813
76.5109
77.6352
78.1123
78.2417
79.6322
79.8239
79.8607
79.8825
79.9159
79.9422
79.9804
80.0044
80.0368
80.0647
80.1117
80.1474
80.1769
80.2201
80.2538
80.2868
80.3141
80.3451
80.3903
80.4364
80.4713
80.5107
80.545
80.5747
80.6099
80.6538
80.6751
80.7144
82.4988
82.699
82.9027
83.1263
83.1737
84.553
85.3108
85.3486
85.3823
85.4317
85.4615
85.4967
85.5389
85.5826
85.6186
85.6572
85.7095
85.7516
85.7951
85.8389
85.8783
85.9174
85.9708
86.0237
86.0706
86.1278
86.1701
87.5446
88.9117
88.9538
88.994
89.0368
89.5869
90.1183
90.156
90.1837
90.2314
90.2803
90.3075
90.34
91.2234
91.5955
92.4205
92.6681
93.3259
93.8801
95.1292
95.1883
95.3292
96.3122
96.5161
97.3138
97.6158
97.7117
98.4057
98.6667
98.7822
98.912
100.288
101.631
101.854
102.515
103.878
104.14
105.46
106.066
106.26
107.468
108.269
108.415
109.07
110.467
111.06
111.871
112.676
113.195
113.882
114.256
114.813
115.315
115.591
116.134
116.163
116.245
117.438
118.125
119.049
119.447
119.474
120.248
120.785
120.837
121.18
121.208
121.245
121.294
121.332
121.376
121.433
121.47
121.505
121.537
121.58
121.641
121.688
121.728
121.755
121.787
121.821
121.881
121.918
121.95
122.207
122.245
122.275
122.308
122.338
122.399
122.43
122.471
122.503
122.536
122.568
122.597
122.661
122.7
122.732
122.774
122.812
122.85
122.911
122.943
122.973
123.004
123.051
123.093
123.145
123.189
123.241
123.285
123.326
123.431
123.471
123.501
123.528
123.565
123.601
123.648
124.125
124.171
124.223
124.254
124.281
124.315
124.37
125.742
127.151
127.926
128.514
129.589
129.702
129.984
130.648
131.048
131.441
131.981
132.499
132.532
132.567
133.977
135.351
135.474
135.515
135.851
135.896
135.927
135.965
136.011
137.381
138.1
139.486
140.882
140.935
140.983
141.042
141.091
141.143
141.196
141.256
142.665
142.911
144.294
144.792
145.709
147.069
147.116
148.082
148.417
149.313
150.662
151.043
152.143
153.195
154.232
155.04
155.075
155.593
155.654
155.697
155.739
157.134
157.719
158.652
159.044
159.704
160.127
160.776
160.897
160.925
160.957
160.99
161.025
161.836
161.883
161.916
161.95
161.985
162.015
162.048
162.125
162.161
162.231
162.258
162.29
162.325
163.703
165.074
166.452
167.848
168.252
169.576
169.709
169.739
169.767
169.798
170.913
171.711
172.442
173.397
174.44
174.518
174.913
174.953
175.852
175.907
175.977
176.005
176.138
176.843
177.182
177.583
177.71
177.738
178.505
178.9
179.985
180.01
180.413
180.655
181.308
181.837
181.982
182.005
182.9
183.175
184.247
184.278
184.663
185.181
185.214
185.852
185.907
186.136
186.176
186.205
187.454
188.241
188.505
188.646
188.897
188.927
188.956
188.986
189.027
189.061
189.088
189.137
189.169
189.197
189.231
189.257
189.293
189.315
189.346
189.396
189.429
189.456
189.487
189.516
189.557
189.591
189.649
189.699
189.738
189.769
189.799
189.845
190.24
190.289
191.652
192.908
192.954
193.85
194.804
194.915
195.2
196
196.043
196.094
197.438
197.48
197.85
197.906
199.142
199.183
199.23
199.27
200.656
200.9
200.931
200.963
201.002
201.045
201.076
201.99
202.017
202.049
202.083
202.151
202.192
202.235
202.273
202.308
202.353
202.425
202.475
202.522
202.565
202.608
202.686
202.736
204.108
204.169
204.217
205.594
206.965
207.298
208.665
209.4
210.454
211.192
212.149
212.674
213.208
213.736
214.268
215.079
215.487
216.53
216.814
217.589
217.718
219.104
219.187
220.255
220.42
220.514
221.893
223.073
223.307
223.345
223.4
223.443
223.473
223.702
223.733
223.988
224.018
224.053
224.104
224.159
224.189
224.234
224.273
224.304
224.342
224.405
224.441
224.465
224.505
224.547
224.592
225.984
227.395
228.777
228.907
228.949
228.995
229.04
229.307
229.404
229.442
229.478
229.519
229.568
229.638
229.688
229.732
229.775
229.828
229.893
229.945
229.994
231.389
232.669
232.714
232.768
232.809
232.854
232.917
232.957
234.062
234.1
234.156
234.184
234.242
234.281
235.65
237.043
238.422
239.797
241.18
241.219
241.249
241.281
241.336
242.709
244.099
244.905
246.282
246.657
247.84
247.89
247.924
247.966
248.65
248.785
248.812
248.843
248.905
248.934
248.965
249.006
249.05
249.981
250.009
250.041
250.069
250.132
250.174
251.551
251.592
251.648
251.695
251.804
253.292
253.857
255.235
255.286
255.426
255.482
255.536
255.667
255.718
255.772
257.142
259.037
259.713
261.084
262.452
263.835
265.221
265.971
266.243
267.639
269.013
270.413
271.778
273.147
274.527
275.908
276.507
276.772
277.587
278.964
280.367
281.745
283.126
283.443
284.842
284.909
285.46
286.244
286.29
286.66
287.971
288.275
289.186
289.999
290.4
290.516
290.651
291.716
292.007
292.258
292.651
294.031
294.643
296.023
296.511
296.904
298.284
298.395
298.526
299.898
301.277
302.661
304.044
305.427
306.792
308.165
309.551
310.908
311.313
312.689
313.187
313.318
314.445
314.649
314.795
315.049
315.192
315.313
315.352
315.381
315.425
315.713
316.259
316.375
316.415
316.456
316.497
316.534
316.565
316.594
316.64
316.683
316.729
316.774
316.821
316.87
316.921
316.969
318.357
319.716
321.085
322.451
322.633
322.669
322.7
322.722
322.768
322.799
322.839
322.876
324.256
325.639
326.732
327.172
327.303
327.428
327.462
327.494
327.522
327.562
327.599
327.631
327.657
327.704
327.743
327.773
327.803
327.842
