0.000000
0.000000
0.074122
0.323792
0.479611
0.602067
0.689505
0.832699
0.960438
1.061355
1.150367
1.190985
1.234451
1.285827
1.313910
1.308848
1.338326
1.370844
1.403904
1.427122
1.459353
1.475628
1.491874
1.513295
1.527936
1.543366
1.560783
1.576637
1.591764
1.601484
1.614089
1.625778
1.635251
1.644175
1.658756
1.668299
1.676429
1.682920
1.683225
1.660777
1.641877
1.643380
1.651675
1.659449
1.654825
1.639137
1.633582
1.619606
1.599476
1.585741
1.593932
1.601650
1.608660
1.616338
1.622439
1.628402
1.633148
1.628832
1.625193
1.614991
1.600847
1.598332
1.603058
1.604562
1.609512
1.615212
1.621291
1.628723
1.629773
1.627799
1.632546
1.622445
1.606789
1.604164
1.609498
1.614407
1.619190
1.623457
1.628034
1.632496
1.638103
1.641870
1.645806
1.649150
1.653084
1.656277
1.658201
1.658821
1.662337
1.665830
1.667712
1.669653
1.669758
1.667348
1.663215
1.665092
1.668711
1.670255
1.666519
1.664028
1.664201
1.664436
1.665400
1.660029
1.648778
1.647318
1.651458
1.653347
1.657836
1.660553
1.662843
1.664247
1.666268
1.670700
1.673408
1.676241
1.678832
1.681074
1.683950
1.687561
1.689978
1.691823
1.694461
1.696876
1.699163
1.700713
1.700049
1.701256
1.703405
1.705261
1.707627
1.709610
1.711771
1.714407
1.716647
1.718561
1.719885
1.721239
1.723384
1.726030
1.727190
1.728776
1.730867
1.732393
1.734010
1.735029
1.735534
1.730008
1.728764
1.729458
1.729550
1.727899
1.730174
1.730404
1.725929
1.724005
1.724936
1.724384
1.718687
1.713653
1.714275
1.715833
1.716946
1.718908
1.720568
1.722342
1.724822
1.726007
1.726997
1.728739
1.730048
1.731689
1.733424
1.734108
1.735515
1.736235
1.736908
1.738120
1.739591
1.741278
1.742576
1.742408
1.743240
1.744579
1.745923
1.746967
1.744580
1.746053
1.747448
1.748300
1.749501
1.750645
1.752707
1.753587
1.754865
1.751973
1.745686
1.743524
1.744669
1.746159
1.746848
1.747271
1.748802
1.750011
1.750881
1.752303
1.753521
1.754738
1.755779
1.755213
1.753796
1.754339
1.755944
1.756588
1.754367
1.749857
1.750157
1.750912
1.752404
1.753161
1.754374
1.755029
1.756219
1.757105
1.758221
1.759296
1.759817
1.760664
1.761323
1.762009
1.762995
1.763928
1.765204
1.764479
1.763128
1.763082
1.763988
1.764535
1.766056
1.766584
1.766186
1.764891
1.764085
1.762905
1.758368
1.756264
1.755465
1.756027
1.757002
1.757731
1.758196
1.760147
1.761148
1.760502
1.761039
1.761994
1.762592
1.762727
1.764240
1.765049
1.766001
1.766236
1.765891
1.761703
1.759723
1.760396
1.761437
1.762104
1.763062
1.763611
1.764598
1.765897
1.767036
1.768153
1.765638
1.763007
1.759359
1.759239
1.760645
1.761756
1.765091
1.766785
1.768864
1.769604
1.770904
1.771381
1.772259
1.772949
1.773691
1.774134
1.774905
1.776048
1.776749
1.777022
1.777864
1.778498
1.778409
1.777995
1.778088
1.777535
1.776410
1.776179
1.776228
1.776298
1.776912
1.776072
1.776702
1.777468
1.777428
1.773394
1.770061
1.767329
1.766789
1.767114
1.767236
1.767804
1.767902
1.768961
1.769743
1.770168
1.770783
1.771246
1.769698
1.766597
1.766613
1.767099
1.767906
1.767126
1.764694
1.761854
1.758965
1.759232
1.759955
1.760409
1.761276
1.761954
1.762538
1.763400
1.764190
1.764855
1.765491
1.764848
1.764550
1.765116
1.765949
1.766412
1.767125
1.767760
1.768095
1.768684
1.769776
1.770373
1.770944
1.771365
1.772120
1.772677
1.773258
1.773938
1.774633
1.775222
1.775770
1.775988
1.776721
1.777326
1.778144
1.778373
1.778875
1.779173
1.779474
1.779863
1.780833
1.780527
1.780390
1.780822
1.780822
1.779395
1.777322
1.775596
1.775904
1.776450
1.776971
1.777362
1.777876
1.778233
1.778651
1.778363
1.778467
1.778841
1.779297
1.779444
1.780410
1.780936
1.781460
1.781567
1.782099
1.782578
1.782964
1.783717
1.784252
1.784359
1.784763
1.784652
1.783997
1.782577
1.781835
1.782321
1.782900
1.783313
1.783834
1.784185
1.784842
1.785256
1.785678
1.785992
1.786602
1.787090
1.787837
1.788120
1.786446
1.785095
1.784716
1.784509
1.785123
1.785839
1.786257
1.786607
1.787180
1.787621
1.788036
1.788318
1.788910
1.789359
1.789763
1.789629
1.789901
1.790459
1.791198
1.791525
1.792090
1.792512
1.792941
1.793195
1.793465
1.793077
1.792996
1.793358
1.792855
1.790166
1.789028
1.789605
1.790233
1.790604
1.791016
1.791313
1.791836
1.791233
1.790987
1.790541
1.790239
1.790623
1.791241
1.791547
1.792172
1.793255
1.793704
1.794102
1.794628
1.795098
1.795404
1.795867
1.796309
1.796814
1.797257
1.797523
1.798015
1.798401
1.799056
1.799326
1.799736
1.799169
1.799073
1.799385
1.800162
1.800523
1.800814
1.801200
1.801679
1.801685
1.801410
1.801663
1.802100
1.802586
1.802932
1.803161
1.803401
1.802052
1.800825
1.800465
1.798496
1.798170
1.798078
1.797766
1.798542
1.798960
1.799326
1.799494
1.799860
1.800234
1.800592
1.801027
1.801503
1.801752
1.801888
1.801940
1.802628
1.803169
1.803451
1.801925
1.799890
1.799186
1.796754
1.795561
1.796587
1.797582
1.798059
1.798835
1.799636
1.800085
1.801843
1.803941
1.802902
1.800045
1.798848
1.796878
1.796432
1.796914
1.797236
1.797056
1.796978
1.797035
1.797441
1.797403
1.796820
1.795796
1.794022
1.791737
1.790884
1.791147
1.791744
1.792001
1.792722
1.791995
1.791897
1.792218
1.792666
1.793218
1.793545
1.793804
1.794284
1.794616
1.794977
1.795233
1.795854
1.796207
1.796601
1.796800
1.797268
1.797619
1.798149
1.798350
1.798727
1.798988
1.799364
1.799606
1.799922
1.800520
1.800807
1.800958
1.801166
1.800745
1.800748
1.801186
1.801518
1.801813
1.802157
1.802358
1.802447
1.800527
1.799698
1.799772
1.799781
1.799423
1.799543
1.800694
1.801331
1.801834
1.802120
1.802160
1.802424
1.802755
1.802984
1.803247
1.803879
1.804120
1.804583
1.804921
1.805226
1.805510
1.806015
1.806305
1.806590
1.806872
1.807156
1.807436
1.807945
1.808223
1.808505
1.808775
1.809066
1.809327
1.809608
1.810105
1.810391
1.810631
1.810899
1.811145
1.811472
1.811720
1.812111
1.813048
1.813964
1.813605
1.812913
1.812764
1.813322
1.813592
1.813863
1.814062
1.814390
1.814642
1.814902
1.815353
1.815575
1.814768
1.812902
1.812447
1.812823
1.813236
1.813462
1.813669
1.813802
1.813398
1.813210
1.811653
1.810839
1.810899
1.811163
1.811348
1.811588
1.811849
1.812033
1.812355
1.812666
1.812834
1.812142
1.809744
1.807061
1.804355
1.801668
1.798929
1.796282
1.793607
1.790947
1.788227
1.785635
1.782994
1.780360
1.777688
1.775112
1.772501
1.769908
1.767274
1.764712
1.762131
1.759568
1.756960
1.754431
1.751864
1.749349
1.746788
1.744283
1.741762
1.739247
1.736709
1.734241
1.731747
1.729261
1.726759
1.724310
1.721847
1.719390
1.716917
1.714496
1.712060
1.709630
1.707163
1.704792
1.702383
1.699981
1.697563
1.695197
1.692815
1.690440
1.688027
1.685706
1.683354
1.681005
1.678638
1.676325
1.673998
1.671675
1.669326
1.667050
1.664744
1.662448
1.660135
1.657873
1.655595
1.653323
