2.11883
2.61889
3.11882
3.62221
4.13175
4.62586
5.11888
5.61875
6.11872
6.61875
7.14775
7.61881
8.11889
8.61879
9.14205
9.61891
10.1187
10.6485
11.1396
11.6188
12.1188
12.6188
13.1408
13.6189
14.1188
14.6188
15.1402
15.6189
16.1188
16.6189
17.1381
17.6188
18.1189
18.6188
19.1513
19.6189
20.1187
20.6188
21.1338
21.6188
22.1447
22.6189
23.119
23.6187
24.1561
24.6187
25.1383
25.6188
26.1483
26.6188
27.1187
27.6189
28.1404
28.6188
29.1188
29.6199
30.1712
30.6207
31.1698
31.6188
32.1187
32.6188
33.1416
33.6188
34.1187
34.6197
35.1928
35.6376
36.1188
36.6188
37.1457
37.6188
38.1188
38.6241
39.1415
39.6189
40.1403
40.6188
41.1187
41.6188
42.1389
42.6188
43.1188
43.6188
44.1446
44.6188
45.138
45.621
46.1187
46.6229
47.1516
47.6487
48.1227
48.623
49.1412
49.6227
50.1204
50.6188
51.1376
51.623
52.1361
52.6188
53.1458
53.6273
54.1189
54.6187
55.1376
55.6267
56.128
56.621
57.1494
57.6303
58.1207
58.6197
59.1393
59.6189
60.1202
60.62
61.1454
61.6212
62.1286
62.6197
63.1485
63.6258
64.1209
64.6231
65.1382
65.6349
66.1307
66.6338
67.1712
67.6588
68.1491
68.6557
69.1317
69.6377
70.1837
70.6314
71.1298
71.6234
72.121
72.6213
73.1333
73.6201
74.1496
74.6232
75.1314
75.6336
76.1244
76.6353
77.1471
77.6339
78.1265
78.6338
79.1451
79.6251
80.149
80.6349
81.1339
81.6279
82.1492
82.634
83.1339
83.6334
84.1506
84.6341
85.163
85.6359
86.142
86.6414
87.1503
87.6462
88.1323
88.6376
89.1482
89.6339
90.1859
90.6392
91.1499
91.6335
92.1493
92.6345
93.1342
93.6336
94.1362
94.6343
95.1508
95.6446
96.1503
96.6349
97.1345
97.6464
98.1521
98.6348
99.1365
99.6414
100.174
100.675
101.15
101.652
102.153
102.636
103.134
103.649
104.133
104.643
105.152
105.634
106.135
106.635
107.148
107.66
108.135
108.705
109.136
109.636
110.149
110.635
111.151
111.636
112.137
112.638
113.154
113.635
114.142
114.638
115.169
115.638
116.138
116.634
117.152
117.634
118.147
118.638
119.171
119.639
120.137
120.634
121.183
121.635
122.137
122.685
123.188
123.639
124.152
124.639
125.162
125.674
126.218
126.672
127.168
127.664
128.135
128.638
129.168
129.677
130.136
130.645
131.135
131.64
132.175
132.636
133.151
133.636
134.171
134.645
135.135
135.647
136.151
136.635
137.134
137.638
138.164
138.634
139.179
139.634
140.138
140.635
141.167
141.669
142.136
142.635
143.153
143.636
144.173
144.639
145.192
145.647
146.207
146.637
147.151
147.634
148.15
148.666
149.135
149.637
150.145
150.64
151.146
151.646
152.165
152.642
153.156
153.637
154.143
154.637
155.135
155.641
156.151
156.679
157.205
157.677
158.197
158.675
159.134
159.64
160.191
160.65
161.147
161.644
162.152
162.634
163.139
163.636
164.157
164.635
165.139
165.646
166.155
166.635
167.142
167.642
168.135
168.706
169.15
169.668
170.134
170.634
171.153
171.639
172.189
172.635
173.194
173.636
174.136
174.641
175.156
175.636
176.136
176.646
177.151
177.639
178.154
178.635
179.137
179.642
180.152
180.636
181.136
181.642
182.154
182.637
183.135
183.639
184.142
184.638
185.177
185.641
186.159
186.636
187.155
187.635
188.135
188.638
189.155
189.637
190.142
190.641
191.143
191.636
192.15
192.634
193.136
193.693
194.188
194.639
195.156
195.635
196.156
196.642
197.137
197.636
198.151
198.696
199.133
199.641
200.152
200.665
201.139
201.713
202.15
202.635
203.138
203.826
204.14
204.64
205.162
205.637
206.17
206.636
207.206
207.637
208.152
208.637
209.14
209.642
210.155
210.634
211.323
211.638
212.157
212.636
213.153
213.638
214.212
214.635
215.153
215.639
216.156
216.634
217.306
217.635
218.302
218.648
219.15
219.638
220.152
220.673
221.136
221.635
222.193
222.636
223.152
223.643
224.491
224.711
225.137
225.638
226.139
226.657
227.151
227.642
228.439
228.637
229.136
229.794
230.204
230.636
231.134
231.635
232.159
232.638
233.134
233.653
234.141
234.639
235.155
235.638
236.138
236.639
237.138
237.656
238.152
238.639
239.136
239.636
240.15
240.668
241.139
241.67
242.153
242.637
243.199
243.638
244.167
244.637
245.317
245.636
246.181
246.641
247.158
247.637
248.157
248.634
249.171
249.638
250.26
250.831
251.144
251.637
252.255
252.713
253.189
253.708
254.239
254.637
255.137
255.64
256.136
256.671
257.139
257.663
258.158
258.64
259.283
259.636
260.157
260.636
261.138
261.642
262.154
262.899
263.136
263.636
264.338
264.641
265.153
265.691
266.142
266.841
267.153
267.641
268.135
268.636
269.225
269.636
270.214
270.636
271.158
271.638
272.214
272.635
273.15
273.719
274.136
274.642
275.152
275.722
276.137
276.636
277.155
277.642
278.16
278.636
279.137
279.641
280.15
280.642
281.135
281.636
282.137
282.64
283.155
283.634
284.152
284.636
285.135
285.637
286.155
286.638
287.135
287.647
288.151
288.64
289.137
289.643
290.151
290.634
291.156
291.637
292.151
292.635
293.136
293.637
294.153
294.636
295.141
295.64
296.149
296.639
297.138
297.657
298.155
298.685
299.156
299.637
300.136
300.638
301.151
301.637
302.136
302.634
303.197
303.635
304.137
304.644
305.15
305.638
306.139
306.636
307.17
307.634
308.136
308.636
309.155
309.653
310.155
310.635
311.156
311.689
312.151
312.642
313.17
313.703
314.212
314.669
315.165
315.68
316.196
316.71
317.135
317.645
318.198
318.642
319.156
319.774
320.154
320.635
321.15
321.638
322.137
322.646
323.195
323.659
324.153
324.635
325.172
325.703
326.209
326.68
327.186
327.671
328.209
328.635
329.155
329.637
330.137
330.64
331.155
331.641
332.137
332.64
333.169
333.635
334.14
334.648
335.158
335.639
336.166
336.636
337.142
337.638
338.136
338.658
339.157
339.87
340.157
340.699
341.17
341.65
342.154
342.637
343.15
343.86
344.255
344.847
345.192
345.67
346.138
346.636
347.155
347.647
348.357
348.752
349.156
349.641
350.238
350.64
351.139
351.638
352.207
352.634
353.155
353.728
354.136
354.664
355.155
355.784
356.228
356.642
357.157
357.702
358.138
358.638
359.145
359.635
360.26
360.671
361.154
361.635
362.199
362.644
363.156
363.636
364.134
364.665
365.153
365.715
366.135
366.649
367.287
367.638
368.135
368.648
369.205
369.726
370.421
370.671
371.213
371.696
372.156
372.635
373.213
373.692
374.224
374.683
375.186
375.694
376.233
376.726
377.229
377.713
378.191
378.659
379.154
379.639
380.357
380.757
381.171
381.638
382.138
382.671
383.177
383.644
384.15
384.638
385.173
385.638
386.152
386.64
387.177
387.637
388.155
388.647
389.155
389.636
390.146
390.639
391.153
391.635
392.134
392.642
393.155
393.636
394.14
394.641
395.16
395.635
396.175
396.64
397.134
397.636
398.153
398.641
399.133
399.639
400.153
400.635
401.156
401.64
402.138
402.642
403.168
403.639
404.133
404.637
405.158
405.803
406.142
406.634
407.152
407.638
408.136
408.838
409.15
409.638
410.198
410.649
411.136
411.698
412.138
412.642
413.19
413.689
414.194
414.634
415.145
415.641
416.158
416.639
417.143
417.64
418.152
418.639
419.134
419.641
420.238
420.653
421.152
421.635
422.276
422.719
423.135
423.636
424.155
424.704
425.264
425.712
426.266
426.724
427.229
427.644
428.155
428.641
429.144
429.698
430.277
430.636
431.144
431.746
432.144
432.653
433.134
433.652
434.135
434.634
435.155
435.673
436.135
436.644
437.153
437.635
438.136
438.654
439.152
439.64
440.141
440.64
441.161
441.635
442.138
442.652
443.158
443.635
444.137
444.757
445.152
445.649
446.151
446.638
447.138
447.637
448.137
448.636
449.14
449.643
450.153
450.641
451.266
451.641
452.135
452.667
453.156
453.636
454.153
454.64
455.139
455.676
456.209
456.669
457.177
457.637
458.14
458.686
459.154
459.634
460.328
460.694
461.156
461.641
462.159
462.641
463.157
463.642
464.214
464.694
465.192
465.715
466.248
466.709
467.17
467.682
468.253
468.666
469.196
469.636
470.141
470.671
471.138
471.636
472.228
472.64
473.141
473.728
474.202
474.653
475.172
475.641
476.142
476.638
477.152
477.638
478.255
478.637
479.137
479.708
480.14
480.643
481.137
481.637
482.156
482.764
483.298
483.683
484.222
484.638
485.141
485.642
486.3
486.64
487.158
487.685
488.225
488.641
489.153
489.636
490.153
490.634
491.135
491.671
492.138
492.642
493.151
493.64
494.24
494.649
495.15
495.644
496.152
496.757
497.315
497.647
498.156
498.637
499.354
499.643
500.155
500.638
501.134
501.668
502.156
502.637
503.249
503.645
504.14
504.645
505.134
505.646
506.4
506.878
507.157
507.683
508.139
508.643
509.219
509.65
510.296
510.876
511.157
511.638
512.291
512.638
513.195
513.637
514.145
514.643
515.163
515.635
516.33
516.636
517.139
517.641
518.193
518.634
519.139
519.644
520.163
520.639
521.162
521.656
522.136
522.651
523.152
523.643
524.168
524.668
525.18
525.703
526.243
526.634
527.14
527.678
528.463
528.709
529.299
529.669
530.151
530.639
531.237
531.724
532.481
532.721
533.206
533.692
534.187
534.641
535.141
535.68
536.473
537.003
537.22
537.631
538.46
538.712
539.141
539.64
540.119
540.82
541.322
541.685
542.231
542.677
543.189
543.682
544.21
544.619
545.195
545.643
546.46
546.724
547.159
547.686
548.226
548.703
549.153
549.619
550.132
550.619
551.133
551.619
552.185
552.619
553.131
553.619
554.135
554.619
555.145
555.619
556.133
556.619
557.119
557.619
558.132
558.649
559.119
559.619
560.14
560.619
561.134
561.619
562.135
562.636
563.119
563.672
564.119
564.785
565.181
565.619
566.132
566.619
567.155
567.619
568.119
568.619
569.119
569.619
570.136
570.619
571.119
571.619
572.133
572.619
573.18
573.619
574.132
574.79
575.176
575.619
576.119
576.619
577.132
577.674
578.162
578.619
579.14
579.619
580.16
580.619
581.119
581.619
582.12
582.62
583.133
583.752
584.133
584.619
585.133
585.619
586.133
586.619
587.132
587.622
588.154
588.619
589.119
589.619
590.133
590.619
591.119
591.622
592.185
592.619
593.119
593.619
594.137
594.619
595.119
595.619
596.134
596.619
597.166
597.619
598.174
598.619
599.119
599.619
600.138
600.619
601.146
601.619
602.145
602.619
603.119
603.619
604.119
604.619
605.137
605.619
606.168
606.619
607.119
607.619
608.133
608.619
609.132
609.619
610.119
610.637
611.132
611.619
612.229
612.655
613.166
613.626
614.142
614.656
615.183
615.669
616.189
616.619
617.119
617.619
618.119
618.619
619.162
619.619
620.119
620.624
621.132
621.619
622.131
622.619
623.132
623.619
624.119
624.619
625.119
625.619
626.187
626.619
627.194
627.62
628.191
628.619
629.132
629.619
630.194
630.645
631.136
631.619
632.168
632.619
633.119
633.619
634.119
634.619
635.142
635.619
636.187
636.619
637.139
637.629
638.132
638.619
639.135
639.619
640.119
640.619
641.134
641.619
642.119
642.619
643.135
643.619
644.119
644.619
645.176
645.619
646.119
646.619
647.119
647.619
648.119
648.619
649.131
649.619
650.119
650.619
651.132
651.638
652.119
652.619
653.119
653.619
654.133
654.619
655.143
655.619
656.132
656.619
657.134
657.619
658.119
658.619
659.133
659.619
660.133
660.619
661.119
661.619
662.192
662.619
663.119
663.619
664.119
664.619
665.138
665.619
666.119
666.619
667.119
667.619
668.132
668.619
669.119
669.619
670.221
670.619
671.143
671.619
672.193
672.619
673.133
673.619
674.119
674.619
675.132
675.619
676.163
676.619
677.132
677.619
678.119
678.619
679.135
679.619
680.141
680.679
681.132
681.669
682.131
682.619
683.133
683.643
684.182
684.619
685.119
685.619
686.195
686.619
687.119
687.619
688.119
688.619
689.119
689.631
690.188
690.619
691.119
691.619
692.141
692.632
693.232
693.619
694.134
694.653
695.177
695.619
696.131
696.64
697.119
697.619
698.134
698.619
699.132
699.619
700.119
700.619
701.119
701.643
702.132
702.619
703.121
703.619
704.132
704.648
705.119
705.619
706.119
706.619
707.143
707.619
708.134
708.619
709.132
709.619
710.119
710.619
711.189
711.619
712.187
712.619
713.131
713.619
714.132
714.619
715.147
715.619
716.132
716.619
717.119
717.619
718.178
718.639
719.119
719.619
720.362
720.62
721.142
721.619
722.164
722.619
723.119
723.619
724.119
724.619
725.132
725.619
726.119
726.619
727.119
727.633
728.131
728.619
729.119
729.619
730.137
730.619
731.119
731.619
732.119
732.619
733.119
733.619
734.133
734.637
735.119
735.619
736.119
736.619
737.119
737.619
738.139
738.634
739.146
739.619
740.135
740.619
741.119
741.619
742.132
742.653
743.119
743.619
744.139
744.619
745.126
745.619
746.177
746.634
747.137
747.619
748.119
748.619
749.143
749.622
750.195
750.63
751.139
751.676
752.218
752.67
753.148
753.662
754.179
754.691
755.156
755.665
756.198
756.619
757.141
757.619
758.146
758.662
759.234
759.619
760.119
760.661
761.217
761.844
762.141
762.619
763.119
763.619
764.119
764.619
765.15
765.619
766.119
766.619
767.141
767.619
768.142
768.619
769.119
769.619
770.119
770.619
771.154
771.695
772.134
772.649
773.133
773.619
774.119
774.643
775.169
775.619
776.119
776.619
777.199
777.619
778.136
778.619
779.119
779.619
780.139
780.619
781.119
781.619
782.17
782.619
783.12
783.619
784.141
784.619
785.187
785.619
786.136
786.619
787.119
787.619
788.135
788.656
789.166
789.682
790.206
790.619
791.145
791.687
792.123
792.619
793.137
793.619
794.135
794.619
795.119
795.619
796.131
796.619
797.131
797.619
798.119
798.625
799.131
799.619
800.119
800.622
801.131
801.619
802.119
802.619
803.14
803.619
804.119
804.836
805.145
805.619
806.284
806.619
807.138
807.619
808.119
808.619
809.131
809.619
810.131
810.619
811.119
811.619
812.144
812.619
813.119
813.619
814.131
814.619
815.119
815.619
816.184
816.619
817.119
817.619
818.119
818.619
819.131
819.619
820.119
820.619
821.252
821.619
822.128
822.619
823.135
823.619
824.119
824.674
825.131
825.619
826.132
826.619
827.134
827.619
828.119
828.619
829.119
829.777
830.119
830.645
831.141
831.619
832.119
832.619
833.144
833.619
834.119
834.619
835.183
835.628
836.146
836.638
837.119
837.619
838.135
838.619
839.142
839.619
840.119
840.619
841.146
841.619
842.119
842.619
843.119
843.619
844.132
844.619
845.221
845.621
846.135
846.619
847.127
847.619
848.122
848.619
849.12
849.645
850.142
850.619
851.119
851.619
852.123
852.619
853.12
853.637
854.138
854.619
855.176
855.619
856.143
856.654
857.119
857.619
858.139
858.619
859.171
859.619
860.145
860.619
861.145
861.619
862.143
862.629
863.144
863.619
864.13
864.619
865.145
865.619
866.119
866.69
867.119
867.619
868.211
868.619
869.162
869.619
870.119
870.619
871.141
871.619
872.119
872.619
873.144
873.619
874.119
874.619
875.136
875.658
876.135
876.619
877.158
877.621
878.119
878.623
879.165
879.619
880.132
880.619
881.122
881.62
882.14
882.619
883.122
883.62
884.145
884.619
885.123
885.659
886.141
886.619
887.119
887.622
888.147
888.619
889.119
889.668
890.135
890.619
891.258
891.619
892.119
892.719
893.119
893.708
894.131
894.619
895.171
895.619
896.119
896.619
897.159
897.633
898.119
898.622
899.156
899.619
900.119
900.619
901.154
901.619
902.119
902.619
903.131
903.619
904.143
904.619
905.119
905.619
906.131
906.776
907.119
907.619
908.139
908.619
909.132
909.619
910.134
910.619
911.131
911.619
912.174
912.619
913.269
913.619
914.119
914.619
915.132
915.619
916.16
916.619
917.12
917.619
918.132
918.731
919.119
919.619
920.142
920.619
921.119
921.619
922.138
922.619
923.147
923.619
924.119
924.619
925.155
925.619
926.125
926.619
927.171
927.619
928.119
928.679
929.14
929.619
930.135
930.619
931.119
931.619
932.119
932.749
933.144
933.619
934.145
934.619
935.137
935.619
936.19
936.619
937.119
937.619
938.119
938.619
939.135
939.619
940.136
940.619
941.119
941.619
942.142
942.619
943.119
943.619
944.145
944.619
945.119
945.619
946.136
946.619
947.119
947.619
948.146
948.695
949.125
949.619
950.146
950.619
951.119
951.619
952.148
952.619
953.164
953.619
954.119
954.621
955.145
955.619
956.119
956.619
957.144
957.619
958.271
958.619
959.135
959.619
960.149
960.619
961.119
961.619
962.133
962.619
963.119
963.619
964.119
964.821
965.119
965.619
966.119
966.619
967.152
967.619
968.119
968.642
969.146
969.619
970.119
970.619
971.167
971.619
972.183
972.619
973.133
973.619
974.119
974.619
975.133
975.619
976.159
976.619
977.139
977.619
978.214
978.619
979.26
979.619
980.131
980.619
981.119
981.65
982.137
982.619
983.132
983.619
984.132
984.619
985.131
985.619
986.145
986.619
987.135
987.619
988.119
988.619
989.131
989.651
990.119
990.619
991.151
991.619
992.119
992.619
993.132
993.619
994.119
994.619
995.119
995.645
996.119
996.619
997.119
997.619
998.133
998.619
999.119
999.619
1000.12
1000.62
1001.13
1001.62
1002.13
1002.62
1003.13
1003.62
1004.12
1004.62
1005.13
1005.62
1006.14
1006.62
1007.12
1007.62
1008.13
1008.62
1009.12
1009.65
1010.17
1010.62
1011.13
1011.62
1012.16
1012.62
1013.13
1013.62
1014.12
1014.62
1015.13
1015.64
1016.14
1016.62
1017.12
1017.62
1018.13
1018.63
1019.12
1019.62
1020.18
1020.62
1021.14
1021.62
1022.12
1022.62
1023.14
1023.62
1024.13
1024.62
1025.14
1025.62
1026.12
1026.62
1027.12
1027.62
1028.12
1028.62
1029.13
1029.62
1030.26
1030.62
1031.17
1031.62
1032.13
1032.62
1033.12
1033.62
1034.24
1034.62
1035.12
1035.62
1036.13
1036.62
1037.12
1037.62
1038.17
1038.62
1039.13
1039.62
1040.18
1040.62
1041.2
1041.62
1042.16
1042.62
1043.14
1043.62
1044.13
1044.62
1045.12
1045.62
1046.12
1046.65
1047.13
1047.62
1048.12
1048.62
1049.13
1049.62
1050.12
1050.62
1051.14
1051.62
1052.12
1052.62
1053.16
1053.62
1054.13
1054.62
1055.12
1055.62
1056.14
1056.62
1057.12
1057.67
1058.14
1058.62
1059.17
1059.85
1060.13
1060.62
1061.34
1061.62
1062.12
1062.62
1063.14
1063.62
1064.12
1064.62
1065.14
1065.62
1066.13
1066.66
1067.12
1067.62
1068.14
1068.62
1069.14
1069.62
1070.14
1070.62
1071.14
1071.62
1072.14
1072.62
1073.14
1073.62
1074.12
1074.73
1075.14
1075.62
1076.12
1076.62
1077.14
1077.62
1078.12
1078.62
1079.14
1079.62
1080.12
1080.62
1081.17
1081.62
1082.12
1082.62
1083.13
1083.62
1084.17
1084.62
1085.13
1085.67
1086.13
1086.62
1087.12
1087.62
1088.18
1088.62
1089.14
1089.64
1090.12
1090.62
1091.15
1091.62
1092.12
1092.63
1093.13
1093.62
1094.18
1094.62
1095.12
1095.62
1096.13
1096.62
1097.13
1097.67
1098.13
1098.62
1099.14
1099.62
1100.17
1100.62
1101.15
1101.7
1102.12
1102.62
1103.16
1103.62
1104.12
1104.69
1105.17
1105.62
1106.13
1106.65
1107.13
1107.62
1108.14
1108.72
1109.13
1109.62
1110.21
1110.68
1111.13
1111.64
1112.22
1112.67
1113.16
1113.64
1114.2
1114.69
1115.13
1115.62
1116.12
1116.67
1117.15
1117.7
1118.14
1118.62
1119.14
1119.62
1120.13
1120.62
1121.14
1121.62
1122.19
1122.62
1123.12
1123.62
1124.14
1124.62
1125.12
1125.62
1126.14
1126.62
1127.17
1127.62
1128.14
1128.62
1129.12
1129.65
1130.12
1130.62
1131.12
1131.62
1132.13
1132.62
1133.12
1133.62
1134.13
1134.62
1135.12
1135.62
1136.12
1136.79
1137.14
1137.62
1138.12
1138.64
1139.14
1139.62
1140.12
1140.62
1141.18
1141.62
1142.14
1142.62
1143.12
1143.62
1144.15
1144.62
1145.13
1145.62
1146.12
1146.62
1147.12
1147.62
1148.12
1148.62
1149.12
1149.62
1150.18
1150.62
1151.15
1151.62
1152.12
1152.62
1153.14
1153.62
1154.14
1154.62
1155.12
1155.62
1156.14
1156.62
1157.12
1157.62
1158.12
1158.62
1159.14
1159.62
1160.18
1160.62
1161.13
1161.62
1162.12
1162.62
1163.13
1163.62
1164.14
1164.62
1165.12
1165.62
1166.14
1166.62
1167.12
1167.62
1168.14
1168.62
1169.12
1169.62
1170.25
1170.62
1171.14
1171.62
1172.12
1172.62
1173.14
1173.62
1174.14
1174.62
1175.16
1175.62
1176.12
1176.62
1177.14
1177.62
1178.14
1178.62
1179.17
1179.62
1180.12
1180.62
1181.14
1181.62
1182.12
1182.62
1183.16
1183.62
1184.12
1184.62
1185.14
1185.62
1186.13
1186.62
1187.12
1187.62
1188.13
1188.62
1189.12
1189.62
1190.16
1190.62
1191.12
1191.62
1192.13
1192.63
1193.12
1193.62
1194.13
1194.65
1195.12
1195.62
1196.13
1196.62
1197.38
1197.62
1198.12
1198.62
1199.14
1199.62
1200.22
1200.62
1201.15
1201.67
1202.12
1202.71
1203.12
1203.66
1204.12
1204.62
1205.13
1205.62
1206.13
1206.62
1207.12
1207.62
1208.15
1208.62
1209.12
1209.62
1210.14
1210.62
1211.14
1211.62
1212.33
1212.65
1213.39
1213.62
1214.12
1214.62
1215.12
1215.62
1216.14
1216.62
1217.13
1217.62
1218.12
1218.62
1219.14
1219.62
1220.14
1220.62
1221.14
1221.64
1222.14
1222.62
1223.14
1223.62
1224.14
1224.62
1225.12
1225.62
1226.14
1226.62
1227.12
1227.62
1228.14
1228.62
1229.14
1229.62
1230.12
1230.62
1231.14
1231.62
1232.12
1232.62
1233.12
1233.62
1234.12
1234.62
1235.16
1235.62
1236.12
1236.76
1237.14
1237.62
1238.12
1238.63
1239.12
1239.62
1240.14
1240.62
1241.18
1241.62
1242.13
1242.74
1243.14
1243.62
1244.12
1244.62
1245.14
1245.62
1246.14
1246.62
1247.13
1247.63
1248.14
1248.62
1249.12
1249.62
1250.17
1250.62
1251.14
1251.62
1252.19
1252.62
1253.14
1253.62
1254.12
1254.62
1255.13
1255.62
1256.12
1256.62
1257.16
1257.62
1258.12
1258.62
1259.13
1259.62
1260.12
1260.62
1261.19
1261.62
1262.12
1262.62
1263.12
1263.62
1264.14
1264.65
1265.12
1265.62
1266.12
1266.65
1267.19
1267.62
1268.12
1268.62
1269.14
1269.62
1270.15
1270.62
1271.15
1271.62
1272.15
1272.62
1273.12
1273.62
1274.12
1274.64
1275.12
1275.62
1276.32
1276.62
1277.13
1277.62
1278.14
1278.62
1279.12
1279.62
1280.12
1280.62
1281.14
1281.63
1282.14
1282.62
1283.15
1283.62
1284.12
1284.62
1285.12
1285.62
1286.13
1286.62
1287.12
1287.62
1288.13
1288.62
1289.12
1289.62
1290.12
1290.62
1291.12
1291.72
1292.15
1292.62
1293.12
1293.62
1294.18
1294.62
1295.14
1295.62
1296.12
1296.62
1297.12
1297.62
1298.14
1298.62
1299.12
1299.62
1300.14
1300.62
1301.12
1301.62
1302.12
1302.62
1303.14
1303.62
1304.12
1304.62
1305.14
1305.62
1306.12
1306.62
1307.14
1307.62
1308.14
1308.62
1309.15
1309.62
1310.12
1310.62
1311.14
1311.62
1312.14
1312.62
1313.12
1313.62
1314.12
1314.62
1315.14
1315.62
1316.12
1316.62
1317.17
1317.62
1318.12
1318.62
1319.14
1319.62
1320.13
1320.62
1321.12
1321.62
1322.13
1322.62
1323.13
1323.64
1324.14
1324.62
1325.12
1325.62
1326.14
1326.62
1327.12
1327.62
1328.16
1328.62
1329.12
1329.62
1330.12
1330.62
1331.14
1331.62
1332.12
1332.62
1333.12
1333.62
1334.12
1334.62
1335.14
1335.62
1336.16
1336.62
1337.12
1337.62
1338.14
1338.62
1339.12
1339.62
1340.14
1340.62
1341.12
1341.62
1342.14
1342.62
1343.12
1343.62
1344.12
1344.62
1345.13
1345.62
1346.13
1346.62
1347.14
1347.62
1348.17
1348.62
1349.13
1349.62
1350.12
1350.62
1351.13
1351.63
1352.14
1352.62
1353.15
1353.62
1354.12
1354.62
1355.12
1355.62
1356.15
1356.62
1357.12
1357.62
1358.13
1358.62
1359.12
1359.62
1360.14
1360.63
1361.13
1361.62
1362.12
1362.62
1363.13
1363.62
1364.12
1364.62
1365.19
1365.62
1366.13
1366.62
1367.14
1367.62
1368.12
1368.62
1369.12
1369.62
1370.13
1370.62
1371.19
1371.69
1372.19
1372.7
1373.21
1373.66
1374.15
1374.62
1375.12
1375.7
1376.14
1376.62
1377.12
1377.62
1378.12
1378.7
1379.12
1379.62
1380.2
1380.62
1381.12
1381.64
1382.13
1382.62
1383.12
1383.62
1384.13
1384.62
1385.12
1385.64
1386.13
1386.69
1387.12
1387.62
1388.13
1388.62
1389.15
1389.65
1390.23
1390.62
1391.14
1391.65
1392.12
1392.62
1393.21
1393.64
1394.27
1394.68
1395.21
1395.73
1396.27
1396.68
1397.2
1397.72
1398.18
1398.67
1399.19
1399.65
1400.28
1400.68
1401.15
1401.71
1402.24
1402.75
1403.18
1403.62
1404.14
1404.62
1405.24
1405.65
1406.12
1406.62
1407.13
1407.62
1408.13
1408.62
1409.13
1409.62
1410.15
1410.62
1411.12
1411.62
1412.13
1412.62
1413.12
1413.62
1414.15
1414.62
1415.12
1415.65
1416.12
1416.62
1417.12
1417.62
1418.12
1418.62
1419.13
1419.62
1420.13
1420.62
1421.14
1421.62
1422.14
1422.62
1423.12
1423.62
1424.13
1424.62
1425.13
1425.62
1426.13
1426.62
1427.12
1427.62
1428.14
1428.62
1429.12
1429.62
1430.12
1430.62
1431.13
1431.62
1432.14
1432.62
1433.21
1433.62
1434.12
1434.62
1435.18
1435.62
1436.12
1436.62
1437.14
1437.62
1438.13
1438.62
1439.12
1439.62
1440.13
1440.62
1441.12
1441.62
1442.12
1442.62
1443.13
1443.62
1444.12
1444.62
1445.13
1445.62
1446.12
1446.62
1447.12
1447.67
1448.13
1448.63
1449.13
1449.63
1450.13
1450.62
1451.13
1451.62
1452.12
1452.62
1453.12
1453.62
1454.13
1454.62
1455.21
1455.62
1456.13
1456.62
1457.12
1457.62
1458.12
1458.62
1459.13
1459.62
1460.12
1460.62
1461.14
1461.62
1462.12
1462.62
1463.13
1463.62
1464.15
1464.62
1465.13
1465.62
1466.21
1466.62
1467.13
1467.64
1468.14
1468.62
1469.13
1469.62
1470.19
1470.62
1471.13
1471.62
1472.19
1472.62
1473.13
1473.62
1474.19
1474.62
1475.14
1475.65
1476.12
1476.63
1477.29
1477.67
1478.13
1478.62
1479.21
1479.67
1480.22
1480.7
1481.17
1481.64
1482.25
1482.71
1483.18
1483.66
1484.12
1484.62
1485.18
1485.71
1486.37
1486.62
1487.14
1487.62
1488.3
1488.62
1489.18
1489.62
1490.13
1490.62
1491.23
1491.64
1492.22
1492.67
1493.19
1493.69
1494.2
1494.68
1495.18
1495.62
1496.13
1496.62
1497.14
1497.62
1498.16
1498.62
1499.12
1499.62
1500.14
1500.62
1501.12
1501.62
1502.15
1502.68
1503.12
1503.62
1504.14
1504.62
1505.12
1505.64
1506.13
1506.62
1507.13
1507.62
1508.15
1508.62
1509.17
1509.62
1510.12
1510.62
1511.12
1511.62
1512.13
1512.62
1513.13
1513.62
1514.12
1514.67
1515.12
1515.62
1516.13
1516.62
1517.12
1517.62
1518.13
1518.62
1519.12
1519.62
1520.13
1520.62
1521.15
1521.62
1522.13
1522.62
1523.15
1523.62
1524.14
1524.63
1525.12
1525.62
1526.14
1526.62
1527.14
1527.62
1528.12
1528.62
1529.16
1529.62
1530.12
1530.62
1531.13
1531.62
1532.16
1532.62
1533.14
1533.62
1534.14
1534.66
1535.12
1535.62
1536.13
1536.62
1537.15
1537.62
1538.12
1538.62
1539.12
1539.65
1540.12
1540.62
1541.14
1541.62
1542.13
1542.62
1543.12
1543.62
1544.13
1544.66
1545.12
1545.62
1546.12
1546.63
1547.13
1547.62
1548.17
1548.62
1549.12
1549.62
1550.13
1550.62
1551.32
1551.62
1552.17
1552.62
1553.12
1553.62
1554.13
1554.62
1555.12
1555.62
1556.17
1556.65
1557.12
1557.62
1558.15
1558.62
1559.12
1559.65
1560.12
1560.62
1561.13
1561.62
1562.13
1562.62
1563.13
1563.66
1564.19
1564.67
1565.12
1565.62
1566.14
1566.65
1567.12
1567.62
1568.16
1568.62
1569.12
1569.62
1570.14
1570.62
1571.12
1571.62
1572.22
1572.62
1573.14
1573.62
1574.13
1574.62
1575.12
1575.62
1576.18
1576.62
1577.13
1577.62
1578.12
1578.62
1579.13
1579.62
1580.12
1580.62
1581.19
1581.68
1582.14
1582.62
1583.12
1583.62
1584.12
1584.62
1585.13
1585.67
