0.003008
0.003177
0.003589
0.003939
0.003998
0.003518
0.004276
0.005299
0.005275
0.004308
0.004590
0.004796
0.004804
0.005180
0.004384
0.005141
0.005954
0.006601
0.006798
0.008066
0.009294
0.010845
0.010828
0.011147
0.012610
0.012227
0.012583
0.014938
0.013552
0.012657
0.013559
0.014105
0.012760
0.013629
0.014697
0.016102
0.016661
0.015598
0.018535
0.014725
0.014946
0.015520
0.016092
0.015741
0.011625
0.013413
0.013243
0.012660
0.012267
0.011814
0.011454
0.012362
0.012530
0.012463
0.023603
0.014040
0.015072
0.015363
0.015616
0.017053
0.016829
0.017810
0.020325
0.019871
0.021505
0.019272
0.020015
0.038079
0.022093
0.022504
0.018414
0.036034
0.019637
0.014971
0.015208
0.015931
0.020075
0.012701
0.011756
0.012136
0.011525
0.040419
0.026092
0.015514
0.017477
0.047914
0.028575
0.049689
0.020395
0.053039
0.029937
0.021703
0.020609
0.022324
0.039376
0.019215
0.025268
0.020695
0.020246
0.017361
0.017694
0.016227
0.016191
0.078359
0.015500
0.015020
0.020495
0.020374
0.021042
0.024519
0.030619
0.027695
0.028502
0.096615
0.028322
0.024578
0.029211
0.029430
0.029928
0.056807
0.031500
0.032092
0.031840
0.076607
0.031734
0.030953
0.032879
0.027327
0.031557
0.021267
0.023416
0.024300
0.027126
0.029296
0.107903
0.027977
0.028569
0.027006
0.025397
0.025853
0.026401
0.058210
0.028196
0.027941
0.033205
0.036016
0.032891
0.035585
0.034991
0.031734
0.076871
0.032512
0.032949
0.031523
0.122468
0.029577
0.027818
0.026843
0.026830
0.068242
0.023159
0.054801
0.021293
0.021807
0.071515
0.016094
0.015477
0.016294
0.014699
0.055643
0.014165
0.012538
0.013026
0.053636
0.014090
0.126858
0.018108
0.020970
0.022228
0.139595
0.152331
0.029923
0.030842
0.035066
0.033935
0.162797
0.158368
0.030357
0.030370
0.031340
0.030698
0.024657
0.026741
0.026162
0.153135
0.158259
0.060142
0.028594
0.028915
0.070347
0.039233
0.038971
0.188611
0.043188
0.044416
0.047158
0.047380
0.195656
0.042947
0.036813
0.179633
0.152077
0.032097
0.025316
0.024807
0.023753
0.025033
0.023807
0.020992
0.019746
0.020511
0.019891
0.098030
0.023856
0.022379
0.141412
0.145380
0.030683
0.033339
0.178721
0.192592
0.042194
0.044610
0.165249
0.040855
0.045581
0.039751
0.203712
0.180227
0.053390
0.051314
0.152060
0.042286
0.040223
0.036492
0.036187
0.106276
0.147087
0.097410
0.027007
0.142656
0.020659
0.185505
0.022673
0.027132
0.022650
0.021360
0.022762
0.022763
0.021054
0.022995
0.023335
0.023731
0.026330
0.023814
0.027188
0.036096
0.026321
0.025625
0.026759
0.026313
0.026848
0.027998
0.025213
0.026325
0.027853
0.025743
0.025328
0.025927
0.022950
0.023996
0.022672
0.027330
0.026605
0.027715
0.033288
0.038497
0.033302
0.198950
0.172734
0.147470
0.039642
0.036433
0.033752
0.203701
0.034184
0.035418
0.039836
0.037996
0.037541
0.086253
0.044888
0.045114
0.043857
0.216564
0.188079
0.196143
0.164416
0.048011
0.049906
0.051889
0.053068
0.047061
0.048885
0.201324
0.044010
0.139473
0.036750
0.176512
0.030731
0.032434
0.031159
0.200836
0.133461
0.031758
0.030279
0.042189
0.038952
0.176041
0.036925
0.044885
0.046325
0.044116
0.046597
0.036525
0.036603
0.030551
0.031449
0.030632
0.033077
0.168352
0.195833
0.027307
0.030848
0.145224
0.030422
0.025630
0.169179
0.033664
0.031154
0.028803
0.025821
0.026715
0.190372
0.023376
0.022974
0.186869
0.025828
0.024904
0.196330
0.033952
0.041109
0.034498
0.140399
0.033978
0.034594
0.040323
0.195300
0.039057
0.047238
0.050845
0.048457
0.047060
0.041697
0.044762
0.038791
0.039874
0.033840
0.033362
0.030951
0.025490
0.030097
0.028419
0.027500
0.023135
0.207775
0.118486
0.025541
0.027936
0.220212
0.030402
0.031040
0.033365
0.033448
0.186270
0.035199
0.036121
0.173204
0.041680
0.048368
0.049024
0.229901
0.191716
0.129045
0.043731
0.051209
0.047021
0.041270
0.215286
0.048273
0.217489
0.049320
0.051185
0.054062
0.051024
0.055809
0.054271
0.055326
0.050922
0.052139
0.050384
0.050980
0.229422
0.177547
0.050266
0.208955
0.046131
0.040440
0.038011
0.227711
0.128133
0.225679
0.225101
0.157251
0.228516
0.234448
0.238739
0.169794
0.042838
0.045344
0.046915
0.045349
0.035316
0.034705
0.037860
0.038094
0.041198
0.039179
0.045593
0.051087
0.050776
0.048373
0.047498
0.047095
0.042145
0.041765
0.034099
0.033273
0.034818
0.036079
0.042596
0.036752
0.158947
0.042065
0.040356
0.033372
0.218708
0.197988
0.032752
0.033959
0.030060
0.032700
0.028050
0.028891
0.025100
0.026218
0.026561
0.027339
0.024412
0.027865
0.036921
0.160893
0.038847
0.240804
0.038297
0.033390
0.038469
0.037361
0.038230
0.030458
0.034003
0.038221
0.036021
0.036251
0.033422
0.033039
0.033997
0.035285
0.035171
0.033426
0.030381
0.037881
0.041352
0.036938
0.033132
0.033831
0.033140
0.033053
0.028801
0.031759
0.036332
0.031334
0.032169
0.035379
0.037931
0.030294
0.031263
0.036128
0.034699
0.035408
0.039463
0.037622
0.040247
0.040870
0.033922
0.039797
0.160380
0.041856
0.216340
0.036514
0.039141
0.040460
0.039389
0.040096
0.039098
0.039053
0.038728
0.044161
0.037544
0.036973
0.039561
0.029347
0.032751
0.033647
0.039730
0.037371
0.038651
0.031757
0.039696
0.037519
0.038027
0.030861
0.037221
0.030934
0.028771
0.034002
0.037537
0.037402
0.040990
0.037724
0.036684
0.038150
0.044788
0.043750
0.046870
0.026442
0.047694
0.044132
0.040942
0.040647
0.160449
0.034879
0.037785
0.038214
0.039666
0.037947
0.038838
0.039260
0.038109
0.039807
0.037086
0.037786
0.038905
0.039353
0.040235
0.040255
0.040867
0.021311
0.036806
0.041127
0.042271
0.037680
0.036737
0.032629
0.134285
0.023697
0.024482
0.024184
0.031046
0.195830
0.030980
0.032723
0.032709
0.033951
0.034649
0.040201
0.034921
0.043750
0.035950
0.141085
0.190375
0.027769
0.033835
0.035331
0.035895
0.042802
0.044452
0.042928
0.033635
0.036634
0.035349
0.037688
0.130924
0.029378
0.027920
0.138204
0.167731
0.031675
0.231436
0.033689
0.037986
0.031812
0.039393
0.034283
0.033764
0.036740
0.033297
0.033288
0.038632
0.040973
0.041277
0.039112
0.036998
0.031810
0.032386
0.029180
0.030216
0.030133
0.041740
0.022126
0.026719
0.201980
0.170414
0.160721
0.029601
0.027029
0.027937
0.026680
0.026226
0.183845
0.141313
0.026665
0.031805
0.030102
0.030625
0.038548
0.029627
0.029868
0.026366
0.030469
0.176245
0.208381
0.188031
0.023632
0.021244
0.024611
0.027073
0.030621
0.032153
0.031496
0.035727
0.026219
0.026578
0.022383
0.022952
0.197901
0.168623
0.022071
0.023791
0.030436
0.029334
0.031912
0.032098
0.028569
0.028160
0.028631
0.027540
0.026777
0.175570
0.023894
0.023450
0.208029
0.208623
0.024381
0.028920
0.026812
0.123441
0.179118
0.026721
0.026099
0.027962
0.203112
0.021624
0.175860
0.213439
0.030070
0.033383
0.031522
0.029883
0.027688
0.026708
0.025906
0.023974
0.172210
0.206975
0.027330
0.170642
0.187252
0.151175
0.126799
0.025980
0.027928
0.025836
0.028607
0.025060
0.022911
0.177123
0.027391
0.026912
0.161647
0.030899
0.030013
0.031402
0.031047
0.208539
0.175896
0.028677
0.026730
0.027063
0.202790
0.173949
0.140312
0.019027
0.018912
0.020250
0.022731
0.024582
0.031448
0.031540
0.029660
0.026644
0.164553
0.027030
0.025486
0.202756
0.025433
0.028980
0.029825
0.028020
0.028783
0.025936
0.021947
0.018800
0.018509
0.115432
0.022293
0.024994
0.029884
0.031415
0.025905
0.026322
0.137819
0.151136
0.026141
0.026170
0.027806
0.027604
0.209868
0.022652
0.018308
0.019598
0.021624
0.025533
0.025565
0.023220
0.092982
0.028371
0.029655
0.187727
0.025955
0.092782
0.177593
0.026969
0.210076
0.031989
0.029982
0.031456
0.218396
0.027304
0.023701
0.030694
0.025908
0.031762
0.173207
0.109184
0.144718
0.030098
0.027672
0.173167
0.028448
0.170407
0.025707
0.029990
0.024201
0.026806
0.026772
0.025998
0.026857
0.176681
0.046301
0.029888
0.030130
0.027108
0.026507
0.021807
0.018106
0.018118
0.020578
0.022789
0.209139
0.025820
0.025657
0.029019
0.026198
0.182248
0.032186
0.026213
0.133579
0.026230
0.027191
0.032778
0.038575
0.041301
0.039762
0.033198
0.035218
0.033866
0.031712
0.030743
0.030098
0.024595
0.023816
0.098026
0.019055
0.022131
0.023508
0.022343
0.026218
0.026381
0.024272
0.027368
0.213696
0.029418
0.033224
0.032109
0.033682
0.033869
0.033713
0.034881
0.030173
0.025384
0.213622
0.025066
0.024912
0.025648
0.026513
0.142225
0.019455
0.025328
0.023402
0.223404
0.030361
0.028854
0.030929
0.030032
0.029647
0.033753
0.031884
0.028144
0.032391
0.032479
0.031883
0.033394
0.033163
0.033224
0.032460
0.033328
0.038912
0.042291
0.112226
0.055185
0.046479
0.046728
0.051032
0.048481
0.043850
0.044720
0.047280
0.038543
0.038422
0.036954
0.156798
0.034239
0.029739
0.031094
0.032055
0.030697
0.035357
0.034937
0.028635
0.030815
0.032216
0.200933
0.026465
0.022631
0.022484
0.022318
0.023859
0.023239
0.026668
0.026261
0.024968
0.025596
0.026362
0.027213
0.030279
0.031471
0.027910
0.032256
0.033527
0.033761
0.034483
0.034175
0.034652
0.035369
0.042686
0.040514
0.043385
0.040003
0.041876
0.042961
0.034865
0.034737
0.034524
0.032344
0.031902
0.031208
0.028047
0.196243
0.027938
0.022717
0.028610
0.027455
0.027596
0.031791
0.031103
0.034448
0.027576
0.033433
0.034836
0.031439
0.027375
0.224319
0.022360
0.023792
0.023049
0.031045
0.027365
0.026155
0.025038
0.025099
0.024395
0.021739
0.022411
0.021856
0.021534
0.021604
0.023595
0.020087
0.194354
0.023523
0.192170
0.171978
0.166993
0.031299
0.035481
0.036345
0.034780
0.030550
0.031131
0.027848
0.216834
0.023876
0.193425
0.026219
0.031273
0.030155
0.033952
0.035968
0.036203
0.034600
0.037481
0.029518
0.025187
0.024041
0.027233
0.028147
0.029830
0.028983
0.029979
0.029061
0.031691
0.025113
0.177795
0.027060
0.142670
0.027635
0.029616
0.208524
0.145229
0.024707
0.026459
0.023926
0.021910
0.021989
0.020662
0.024058
0.021567
0.021479
0.021721
0.022152
0.021164
0.023368
0.021280
0.021409
0.021636
0.022268
0.026126
0.026647
0.031368
0.026928
0.025975
0.032384
0.032452
0.034740
0.040637
0.039693
0.041592
0.038558
0.033317
0.033660
0.034729
0.039181
0.040898
0.041146
0.038611
0.041002
0.040190
0.040526
0.041127
0.039803
0.040797
0.040965
0.040473
0.033524
0.033117
0.033869
0.031723
0.031615
0.031732
0.233597
0.027179
0.030471
0.154749
0.026727
0.029156
0.029122
0.031372
0.031708
0.140598
0.033359
0.033110
0.027882
0.026638
0.031712
0.031582
0.033615
0.025107
0.029943
0.025656
0.027576
0.025975
0.025591
0.023725
0.024473
0.026918
0.032487
0.030280
0.033226
0.032675
0.031124
0.032453
0.032533
0.031791
0.031277
0.030311
0.028636
0.026388
0.027184
0.027920
0.030228
0.031911
0.030200
0.026909
0.024786
0.029885
0.030286
0.027319
0.025752
0.025928
0.029807
0.026979
0.026106
0.025090
0.026514
0.027387
0.027248
0.030329
0.028782
0.027191
0.106754
0.025788
0.029635
0.028304
0.033378
0.029037
0.029254
0.029561
0.034291
0.033974
0.041658
0.131244
0.045755
0.044675
0.049870
0.050031
0.048458
0.051781
0.043662
0.045532
0.044246
0.160933
0.045428
0.046654
0.041453
0.051154
0.045923
0.026921
0.028875
0.050228
0.048101
0.044008
0.043288
0.038105
0.036574
0.037252
0.037745
0.036883
0.036515
0.036033
0.037755
0.038118
0.037330
0.036582
0.036789
0.036802
0.044811
0.043336
0.044294
0.043933
0.043242
0.043571
0.043967
0.037775
0.036267
0.036333
0.037638
0.037401
0.042269
0.044219
0.051675
0.043703
0.042613
0.037771
0.034799
0.036898
0.030423
0.036289
0.035142
0.036063
0.030832
0.030552
0.029233
0.037723
0.032721
0.029708
0.018842
0.022732
0.050166
0.045726
0.051779
0.060243
0.055171
0.055821
0.041196
0.032659
0.029982
0.030048
0.028284
0.029099
0.099448
0.025401
0.049684
0.025803
0.031931
0.030953
0.033717
0.031863
0.031111
0.032919
0.035565
0.034956
0.079155
0.028862
0.026618
0.028479
0.028992
0.028207
0.033580
0.031810
0.033689
0.036763
0.037521
0.037373
0.035213
0.034815
0.035743
0.036163
0.035603
0.033068
0.028025
0.029958
0.027011
0.023189
0.026655
0.025429
0.028866
0.030466
0.064552
0.029447
0.123565
0.090159
0.026869
0.024353
0.026507
0.030965
0.029802
0.027140
0.029388
0.029262
0.031031
0.033174
0.101025
0.040470
0.036599
0.033365
0.029884
0.029049
0.024728
0.025945
0.029521
0.030444
0.034469
0.033818
0.028901
0.029969
0.030394
0.026790
0.025558
0.118551
0.022057
0.027258
0.026329
0.029876
0.025957
0.025883
0.031057
0.030074
0.029116
0.030504
0.028927
0.031259
0.029601
