0.000000
0.000000
0.366667
0.866667
1.446667
2.046667
2.712107
3.698955
4.741115
5.730793
6.709560
7.699195
8.680057
9.646210
10.692819
11.671706
12.662091
13.653225
14.632249
15.621975
16.609626
17.675414
18.658684
19.641650
20.624528
21.609587
22.587980
23.620242
24.603481
25.587770
26.528358
27.169737
27.920454
28.713285
29.335121
30.088046
30.713115
31.600776
32.475888
33.427691
34.193772
34.827277
35.784866
36.756727
37.733586
38.538589
39.384270
40.420363
41.403017
42.283697
43.256588
44.042095
44.874456
45.883129
46.907174
47.893152
48.881283
49.775505
50.756940
51.701330
52.498562
53.380172
54.374772
55.358453
56.331566
57.224822
58.244001
59.053783
59.691375
60.325361
61.072381
62.059087
63.045536
63.941264
64.963857
65.945131
66.934052
67.904310
68.891042
69.878311
70.923538
71.904869
72.813048
73.474877
74.240450
75.033554
75.995551
77.044345
78.031143
78.902864
79.333255
79.935820
80.761413
81.792467
82.763909
83.731980
84.632531
85.420199
86.170676
87.110127
88.136288
88.868949
89.738781
90.563576
91.409437
92.394589
93.359269
94.408501
95.352488
96.267929
97.147856
98.123847
98.884941
99.898901
100.850894
101.825774
102.775726
103.755175
104.698560
105.678624
106.732506
107.722905
108.713843
109.703736
110.695162
111.685768
112.742296
113.733977
114.727423
115.714042
116.703786
117.695424
118.683353
119.734654
120.718698
121.702859
122.691244
123.680203
124.670631
125.656441
126.711187
127.702458
128.697211
129.683458
130.667158
131.655817
132.704740
133.683741
134.670757
135.659725
136.563318
137.475009
138.463077
139.498621
140.295571
140.878531
141.873594
142.762271
143.661054
144.704341
145.476791
146.186919
146.750507
147.641698
148.607899
149.567099
150.582043
151.461943
152.457237
153.431332
154.281720
155.090451
156.079515
157.130858
158.089169
158.845388
159.797478
160.762040
161.752881
162.701801
163.681798
164.667608
165.651763
166.630285
167.615970
168.606748
169.643753
170.634758
171.617640
172.602268
173.580348
174.571060
175.623981
176.609747
177.596690
178.581419
179.566850
180.527989
181.501847
182.548411
183.510238
184.494339
185.481613
186.479810
187.431470
188.422987
189.479958
190.462960
191.434995
192.417224
193.340270
194.078780
194.964289
195.948491
196.911716
197.889024
198.877808
199.863399
200.796140
201.802408
202.765611
203.730549
204.716679
205.611003
206.295782
207.262516
208.194686
208.467182
209.152090
210.131179
211.116642
212.106939
213.158162
214.115237
215.053654
216.047815
216.990879
217.956731
218.945346
219.908550
220.461148
221.097949
222.000446
223.014117
223.939610
224.780500
225.506823
226.410961
227.139334
227.438332
227.438332
227.438332
227.555764
228.275250
229.273790
230.213850
231.162501
232.119795
232.847178
233.760919
234.742049
235.732520
236.718214
237.705653
238.743153
239.679972
240.661362
241.639599
242.567215
243.560835
244.532768
245.524223
246.487908
247.150757
247.633770
248.508220
249.487756
250.468411
251.525264
252.443870
252.558811
253.263332
254.227796
255.179035
256.163108
257.224403
258.213364
259.193714
260.182766
261.153097
261.987889
262.756221
263.670674
264.654397
265.553341
266.070000
266.708299
267.423231
268.139915
268.934184
269.832291
270.746102
271.641431
272.571646
273.473975
274.455708
275.430284
276.133208
276.697822
277.174041
278.017310
278.252776
278.252776
278.252776
278.311961
278.921002
279.870368
280.857170
281.653546
281.680076
282.187553
283.177977
284.132854
285.118509
286.170985
287.159281
288.148345
289.135333
290.123341
291.110167
292.098131
293.142106
294.104702
295.093854
296.045719
297.029320
297.921549
298.807222
299.798171
300.753337
301.494653
302.414608
302.944895
303.724561
304.674615
305.502337
306.448725
307.205116
308.119793
308.807304
309.241013
310.004096
310.943635
311.928993
312.920124
313.900531
314.799813
315.495943
316.130986
317.030267
317.999763
318.821215
319.744965
320.741081
321.793216
322.775662
323.768664
324.749351
325.739742
326.729770
327.713182
328.750286
329.738121
330.651474
331.552066
332.544028
333.492378
334.541910
335.519877
336.502009
337.333093
338.216232
339.204429
340.258576
341.239712
342.172675
343.115820
344.102876
345.095812
346.086556
347.121593
348.109795
349.075971
350.063781
351.048282
352.029973
352.838466
353.848956
354.817436
355.778753
356.430686
357.209443
358.213089
359.366727
360.142376
361.106984
362.042687
363.029671
364.013154
364.995702
366.050323
367.036740
367.865671
368.773248
369.736101
370.714239
371.697733
372.751569
373.936021
374.712146
375.694862
376.543502
377.282870
378.318923
379.365969
380.289119
381.278225
382.267041
383.255178
384.240953
385.427846
386.283895
387.454936
388.221624
389.017830
389.555913
390.346740
391.398947
392.273590
393.235924
394.213213
395.101228
396.053584
396.980698
398.350716
398.703456
399.584931
400.433599
401.276089
402.263624
403.049856
403.599412
404.991551
405.514495
406.507734
407.692056
408.544589
409.476242
410.449015
411.384195
412.163133
413.029781
413.619806
414.589054
415.575137
416.560188
417.547701
418.537978
419.527072
420.496130
421.548877
422.458468
423.076447
424.006316
425.021720
426.006218
427.045995
427.791829
428.435686
429.419260
430.289202
430.965858
431.866878
432.902283
433.886888
434.683899
435.770496
436.476156
437.169251
437.956440
438.901992
439.840959
440.778586
441.649858
442.090443
442.621172
443.298388
443.755319
444.005210
444.801620
445.853460
446.817094
446.909333
446.909333
446.909333
446.930338
447.425439
448.349341
449.348258
450.402443
451.352589
452.239792
453.201003
454.126045
455.101573
455.803625
456.775552
457.769101
458.668899
459.294722
460.086567
461.297735
461.668426
462.584311
463.809087
464.279408
465.169384
466.196528
466.977308
468.022081
468.751224
469.733658
470.721623
471.703482
472.690194
473.660377
474.716805
475.663773
476.644753
477.613617
478.601268
479.577582
480.628996
481.609461
482.509208
483.443323
484.433369
485.486748
486.419003
487.471778
488.474591
489.463641
490.427101
491.354315
492.347448
493.371668
494.119276
494.831146
495.708638
496.460524
497.276709
498.273977
499.322058
500.299240
501.336918
502.264699
503.135801
503.927111
504.785611
505.835173
506.775440
507.585083
507.884948
508.337592
509.275194
510.031084
510.541439
511.472555
512.495119
513.452679
514.416816
515.395050
516.430876
517.395893
518.186566
519.120972
519.967929
520.645830
521.698774
522.639569
523.624479
524.614026
525.576536
526.548879
527.329654
528.349639
529.115927
530.021296
530.914506
531.835208
532.402978
533.085813
534.127781
535.106506
536.090286
537.062781
538.038313
538.925001
539.699222
540.556290
541.560607
542.363003
543.113266
544.077074
545.069593
546.120575
547.107708
548.074246
549.050176
550.051509
550.993026
551.959613
552.446490
552.446490
552.446490
552.446490
552.446490
552.446490
552.446490
552.446490
552.548685
553.244614
554.319327
555.055993
555.481798
555.940105
556.594688
557.448893
557.877415
558.177370
558.777340
559.764159
560.724851
561.052706
561.122540
561.758357
562.731119
563.712277
564.004599
564.004599
564.004599
564.004599
564.004599
564.004599
564.327077
565.204784
566.187582
567.174902
568.162006
569.148201
570.137433
571.196730
572.162892
573.128189
574.128479
575.118202
576.083175
577.044647
578.096560
579.058986
580.047284
581.030020
582.014512
582.998625
584.020420
585.325291
585.949882
587.016897
587.948966
588.940544
589.913407
590.704422
591.326215
592.353718
592.660002
592.726272
592.726272
592.726272
592.732920
593.138329
594.037667
595.028339
596.347359
597.085004
597.892526
598.881278
599.935542
600.857533
601.832498
602.820699
603.937362
604.860490
605.832889
606.866232
607.608275
608.611836
609.527789
610.688806
611.428321
612.404358
613.373853
614.418364
615.309460
616.058889
616.834444
617.745719
618.855930
619.707411
620.666784
621.333847
621.734206
622.339992
623.226299
624.068366
624.682347
625.562872
626.545314
627.583484
628.447455
629.118831
630.174103
630.970864
631.902863
632.815425
633.843753
634.492911
634.492911
634.492911
634.492911
634.492911
634.722701
635.568181
636.621098
637.530132
638.224355
638.224355
638.224355
638.224355
638.224355
638.224355
638.224355
638.224355
638.224355
638.224355
638.386635
639.149568
640.469452
641.185192
642.112846
643.079686
644.065872
645.064451
646.043028
647.005045
648.001781
648.902694
649.611803
649.869712
650.201710
651.053738
652.035855
653.029642
653.973807
655.016164
656.000570
656.976139
657.963413
658.951486
659.941367
660.921908
661.975619
662.952669
663.928228
664.851162
665.796944
666.760870
667.711099
668.648673
669.636844
670.617454
671.586257
672.255857
672.916163
674.060687
675.067402
676.021759
676.866269
677.875929
678.802960
679.713128
680.374549
681.342935
682.215958
683.150051
684.004021
684.618398
685.550651
686.738657
687.529192
688.519341
689.496153
690.487011
691.473985
692.785541
693.496657
694.465809
695.296093
696.281488
697.270448
698.318912
698.483546
699.070126
700.017777
700.702598
700.932725
701.174225
702.092712
702.944593
703.687802
704.637590
705.174523
705.480354
706.081460
706.708823
707.522317
708.476703
709.203402
709.844461
710.831780
711.885756
712.942758
713.748030
713.751003
714.104008
715.001737
715.974816
716.704042
716.756594
716.756594
716.756594
716.756594
716.774450
717.294048
718.297907
719.289117
720.287275
721.469439
722.254694
723.243682
724.288053
725.016880
725.911394
726.831453
727.712338
728.680777
729.664841
730.718141
731.704904
732.684042
733.673353
734.629405
735.585329
736.641265
737.621615
738.413925
739.080849
739.706869
740.249062
741.171619
742.187519
743.122035
744.112796
745.074094
745.839208
746.701936
747.868388
748.739615
749.684642
750.680054
751.660227
752.642880
753.633720
754.687900
755.678696
756.676570
757.650144
758.623011
759.612425
760.862755
761.555403
762.442855
763.421080
764.296966
765.252632
766.258315
767.288126
768.267502
769.235434
770.214804
770.375982
770.375982
770.703866
771.626528
772.626844
773.601827
774.589227
775.852230
776.527074
777.243681
778.133354
779.119772
780.021806
780.989249
781.974886
783.027273
783.607527
783.607527
783.607527
783.607527
783.607527
783.607527
783.607527
783.607527
783.607527
783.607527
783.648042
784.195524
785.185323
786.285829
787.270244
788.255971
789.244119
790.233877
791.269817
792.068946
792.973139
793.808056
794.413261
795.266918
796.266811
797.312594
798.302964
799.247493
799.876206
800.793502
801.820272
802.808746
803.786936
804.853254
805.837983
806.827848
807.817056
808.857154
809.067114
809.067114
809.079802
809.520486
810.453203
811.572169
812.421285
813.407413
814.463991
815.520372
816.445969
817.431065
818.416268
819.387623
820.349964
821.207625
822.212413
823.042379
823.694702
824.627873
825.511443
826.577873
827.452333
828.417440
829.384559
830.369479
831.410508
832.578033
833.254432
834.230781
835.209865
836.428246
837.054456
838.031221
839.010891
840.043636
840.859874
841.712796
842.701046
843.881936
844.642447
845.689159
846.679735
847.636356
848.356219
849.571857
850.412036
851.078352
852.111962
853.061239
854.036204
855.173929
856.031775
857.211815
858.369334
858.983108
859.963547
861.141545
861.906632
862.903942
863.843366
864.898637
865.861972
866.851515
867.838328
869.089344
869.707956
870.506860
871.326955
871.991775
872.870098
873.850068
874.833444
875.742176
876.641073
877.650008
878.564539
879.515294
880.321549
881.256523
882.238202
883.277703
883.842878
883.842878
883.842878
883.842878
884.029578
884.878565
885.866020
887.257694
887.633550
887.873309
887.873309
888.110444
889.030499
889.994484
890.328012
890.328012
890.328012
890.328012
890.328012
890.332040
890.651204
891.540576
892.594661
894.043857
894.470855
894.470855
894.470855
894.470855
894.470855
894.470855
894.470855
894.704895
895.938771
896.586039
896.709573
896.709573
896.709573
896.709573
896.709573
896.760040
897.335995
898.256421
899.253339
900.763386
901.290127
902.284335
903.190052
903.929188
904.018144
904.018144
904.258002
905.101238
906.156626
907.128721
908.105597
909.080133
910.072052
910.809323
911.612817
912.545861
913.398984
914.387826
915.309565
916.296422
917.251299
918.242898
919.121470
920.061312
920.985291
921.668006
922.638144
923.682138
924.655417
925.610979
926.500065
927.422383
928.416258
929.397161
930.454542
931.420511
932.401850
933.030358
934.017958
934.906079
935.500142
936.392972
937.342303
938.266077
938.957795
939.701703
940.391767
941.099459
942.065967
943.062622
944.020584
944.964261
945.909110
946.894215
947.948071
948.870374
949.645440
949.934369
950.719275
951.709713
952.736411
953.650497
954.617486
955.368659
956.238245
957.256438
958.201230
959.233971
960.220578
961.204471
962.188136
963.167106
964.148363
965.127062
966.104457
966.806237
967.807676
968.625025
969.552983
970.514617
971.315630
972.243119
973.234499
974.227924
975.177336
976.141726
976.964347
977.921781
978.876241
979.861824
980.843620
981.783699
982.739769
983.760204
984.620248
985.604321
986.389247
986.921181
987.663769
988.639861
989.693979
990.659042
991.501966
992.490689
993.409674
994.187626
995.034218
995.994132
996.861563
997.718653
998.690538
999.647204
1000.640558
1001.695464
1002.682550
1003.519290
1004.280024
1005.174462
1005.796913
1006.437414
1007.339404
1008.263276
1008.770058
1009.462641
1010.425265
1011.247947
1012.260430
1012.989151
1013.943421
1014.793224
1015.664838
1016.677760
1017.555445
1017.980124
1017.980124
1018.180250
1018.993895
1018.993895
1018.993895
1018.993895
1019.015174
1019.495499
1020.459083
1021.435083
1022.419098
1023.399825
1024.464035
1025.451584
1026.421277
1027.312866
1028.279545
1029.264659
1030.241906
1031.295975
1032.288944
1033.304352
1034.169856
1035.104189
1036.027057
1037.062854
1037.984799
1038.964323
1039.827471
1040.582132
1041.272780
1042.175638
1043.211406
1044.152777
1045.012983
1045.927923
1046.842386
1047.899641
1048.754925
1049.671213
1050.616263
1051.446141
1052.317007
1053.182879
1053.981014
1055.051224
1055.789645
1055.987459
1056.608383
1057.508472
1058.489213
1059.470296
1060.505553
1061.362589
1061.734918
1062.315604
1063.362704
1064.264668
1064.881184
1065.357501
1065.932354
1066.548100
1067.236452
1068.163972
1069.158585
1070.214981
1071.190059
1072.169763
1073.132920
1074.009798
1074.577848
1075.424810
1076.633604
1077.604967
1078.585859
1079.584909
1080.571924
1081.513348
1082.303093
1083.260970
1084.262777
1085.238833
1086.224917
1087.200278
1088.078205
1089.079620
1090.063623
1090.904208
1091.786749
1092.760418
1093.577912
1094.527832
1095.513442
1096.504705
1097.489556
1098.369124
1098.993723
1099.757745
1100.798840
1101.645841
1102.575561
1103.548405
1104.376922
1105.366752
1106.381402
1107.369880
1108.365270
1109.230095
1110.051307
1110.937973
1111.897834
1112.961849
1113.831559
1114.594694
1115.235199
1115.592375
1116.381025
1117.430796
1118.695912
1119.654598
1120.075778
1120.585637
1121.381122
1122.342661
1123.395345
1124.364927
1125.174007
1126.083327
1127.012348
1127.856055
1128.814189
1130.192890
1131.027157
1131.738603
1132.696230
1133.343453
1133.452562
1133.637449
1134.500519
1135.478643
1136.131634
1136.415158
1136.519792
1137.000370
1137.977622
1138.981680
1139.564353
1139.907259
1140.736459
1141.673135
1142.271257
1142.949573
1143.873393
1144.862927
1145.852701
1146.839147
1147.827243
1148.883227
1149.869901
1150.961023
1151.827729
1152.811157
1153.861862
1154.775566
1155.844341
1156.772478
1157.795347
1158.837681
1159.945021
1161.199495
1162.545800
1163.941609
1165.175199
1166.183534
1166.956982
1167.881444
1168.870856
1169.876029
1170.820128
1171.780350
1172.618014
1173.509957
1174.437952
1175.420745
1176.466679
1177.451186
1178.261532
1178.753465
1179.487024
1180.428124
1181.490175
1182.084695
1182.458188
1183.379965
1184.362637
1185.350432
1186.040283
1186.407680
1186.970341
1187.649962
1188.507248
1189.188550
1189.589753
1190.229226
1191.170770
1192.130400
1193.119655
1194.105770
1195.095988
1196.085544
1197.141110
1198.142232
1199.283502
1200.802604
1201.632526
1202.636508
1203.553948
1204.603848
1205.616093
1206.603522
1207.594763
1208.588056
1209.583328
1210.638537
1211.626597
1212.617231
1213.608400
1214.586945
1215.594851
1216.531597
1217.560629
1218.187194
1218.800396
1219.791778
1220.586777
1221.369880
1222.346002
1223.389655
1224.369890
1225.358453
1226.343456
1227.297355
1228.353484
1229.585407
1230.406418
1231.227218
1232.146808
1233.100751
1234.024051
1235.004657
1236.047240
1237.007181
1237.919650
1238.827700
1239.798198
1240.776656
1241.828106
1242.814048
1243.800133
1244.641619
1245.412728
1246.337718
1247.340439
1248.375652
1249.215394
1250.056904
1251.023520
1251.918877
1252.879562
1253.885394
1254.750496
1255.642898
1256.627600
1257.610727
1258.497306
1259.320734
1260.311933
1261.383753
1261.439332
1261.439332
1261.439332
1261.439332
1261.439332
1261.439332
1261.439332
1261.439332
1261.466315
1261.981374
1262.921932
1263.978846
1264.961599
1266.014739
1266.940191
1267.912630
1268.902363
1269.957385
1270.944326
1271.903824
1272.860155
1273.847229
1274.812857
1275.380246
1275.833017
1276.320945
1277.144652
1278.133615
1279.085634
1279.762791
1280.377429
1281.363995
1282.261259
1282.751336
1283.317252
1284.267845
1285.050825
1285.799392
1286.849282
1287.626091
1288.609972
1289.588145
1290.538990
1291.371265
1292.409868
1293.395293
1294.325961
1295.309727
1296.150314
1297.060701
1297.870121
1298.198280
1298.728541
1299.594390
1300.573380
1301.560025
1302.550315
1303.538665
1304.540157
1305.190605
1305.966305
1306.952856
1307.912718
1308.884246
1309.937497
1310.927540
1311.918028
1312.915507
1313.880952
1314.843369
1315.784082
1316.842558
1317.827282
1318.735781
1319.208532
1319.208532
1319.309636
1320.067327
1321.060289
1322.045746
1323.009670
1324.005031
1324.994351
1325.982235
1326.981158
1327.941786
1328.871732
1329.825151
1330.667772
1331.001928
1331.535642
1332.318174
1333.184642
1334.191266
1335.139126
1336.122871
1337.048981
1337.841260
1338.819824
1339.801796
1340.782877
1341.747833
1342.734836
1343.718245
1345.034355
1345.743717
1346.725657
1347.967203
1348.652978
1349.522865
1350.403103
1351.058294
1351.864471
1352.614817
1353.373228
1354.150394
1355.105771
1356.143570
1357.109558
1358.067447
1358.861943
1359.767219
1360.719543
1361.609755
1362.654918
1363.603470
1364.543769
1365.172344
1365.742264
1366.729551
1367.815081
1368.794145
1369.535913
1370.334429
1371.320709
1372.307520
1373.306174
1374.408584
1375.178870
1375.734612
1376.268491
1377.134374
1378.130555
1379.175380
1380.130070
1380.919026
1381.798426
1382.776467
1383.790908
1384.778860
1385.828433
1386.679583
1387.591378
1388.576008
1389.739822
1390.312184
1391.271185
1392.235748
1393.235075
1394.164506
1395.170336
1396.147702
1397.114831
1398.142264
1398.916358
1399.595627
1400.625603
1401.565651
1402.550473
1403.511005
1404.545183
1405.501946
1406.475962
1407.456515
1408.418174
1409.355892
1410.305304
1411.304884
1412.170254
1413.137088
1413.998374
1414.871913
1415.775335
1416.821909
1417.811416
1418.967278
1419.668764
1420.662593
1421.534797
1422.468184
1423.306339
1424.297562
1425.126460
1425.924598
1426.893984
1427.824835
1428.861812
1429.842957
1430.772767
1431.542789
1432.307018
1433.160513
1434.151675
1435.160979
1436.137650
1437.123582
1438.071698
1439.041103
1440.021203
1441.032422
1442.020327
1442.996807
1443.916951
1444.910240
1445.772973
1446.732620
1447.773028
1448.750688
1449.727659
1450.718522
1451.633926
1452.305492
1453.202592
1454.185435
1455.007906
1455.977607
1456.797375
1457.190491
1458.081439
1458.819200
1459.779905
1460.463948
1461.178873
1462.183652
1463.050994
1463.945496
1464.747003
1465.251293
1466.127030
1467.232409
1468.211422
1469.196345
1470.238675
1471.225409
1472.212404
1473.201346
1474.147466
1475.005842
1476.004312
1476.781166
1477.475567
1478.420414
1479.364385
1480.353254
1481.290567
1482.057869
1482.927977
1483.913323
1484.905323
1485.879467
1486.866874
1487.848756
1488.760654
1489.739574
1490.700325
1491.647054
1492.630156
1493.611998
1494.598987
1495.649738
1496.633181
1497.622647
1498.528731
1498.819295
1499.509270
1500.474309
1501.426964
1502.600245
1503.262642
1504.150874
1505.091542
1505.809248
1507.006971
1507.772372
1508.714468
1509.687429
1510.602935
1511.492638
1512.184045
1513.202069
1514.207454
1515.128506
1516.122573
1517.094731
1518.051488
1519.106544
1520.085987
1521.066237
1522.022361
1523.001015
1524.009419
1524.941662
1525.972996
1526.964877
1527.951021
1528.917429
1529.905338
1530.868492
1532.050015
1532.879475
1533.868075
1534.815063
1535.452294
1536.184659
1537.137194
1538.192295
1539.182279
1540.156540
1541.137843
1541.900055
1542.609364
1543.787258
1544.473787
1545.409483
1546.317198
1547.028507
1547.887868
1548.882654
1549.834057
1550.658342
1551.530313
1552.509279
1553.593587
1554.390135
1555.377133
1556.339895
1557.261784
1558.240175
1559.223767
1560.206277
1560.984017
1561.669813
1562.575066
1563.561721
1564.546067
1565.532341
1566.498644
1567.482818
1568.476100
1569.457220
1570.298855
1571.090138
1572.088277
1572.905366
1573.556630
1574.468734
1575.451050
1576.440839
1577.415946
1578.289284
1579.052910
1579.621711
1580.587614
1581.497234
1582.491187
1583.429769
1584.382137
1585.194286
1586.020669
1587.026027
1587.996156
1588.977874
1589.969646
1590.958998
1591.926836
1592.681045
1593.452210
1594.438565
1595.428933
1596.442273
1597.317656
1597.947942
1598.648858
1599.624702
1600.631428
1601.586198
1602.569356
1603.551839
1604.519878
1605.495794
1606.482915
1607.477357
1608.529803
1609.451941
1610.440861
1611.154478
1611.968992
1612.865058
1613.860325
1614.844650
1615.751192
1616.494104
1616.948170
1617.776303
1618.751652
1619.547054
1619.995304
1620.812673
1621.743134
1622.723230
1623.702014
1624.794905
1625.549029
1625.996357
1626.603362
1627.526648
1628.469313
1629.189023
1629.940308
1630.912541
1631.877371
1632.925909
1633.926331
1634.886184
1636.087246
1636.736667
1637.725953
1638.782884
1639.766779
1640.751540
1641.729368
1642.703580
1643.614216
1644.304172
1645.256767
1646.218365
1647.203552
1648.184077
1649.169108
1650.146682
1651.200101
1652.130011
1653.026809
1654.022172
1655.013072
1655.928831
1656.901612
1657.952495
1658.942458
1659.950202
1660.917613
1661.965327
1662.863691
1664.100835
1664.836268
1665.794218
1666.670809
1667.676486
1668.713485
1669.620931
1670.566366
1671.108417
1671.756619
1672.700080
1673.691322
1674.548887
1675.282315
1676.150578
1676.834418
1677.665179
1678.510404
1679.476423
1680.463614
1681.467753
1682.056319
1682.332618
1682.955339
1683.900572
1684.802675
1685.632930
1686.488795
1687.417000
1688.406271
1689.389099
1690.372099
1691.365643
1692.402884
1693.387998
1694.383845
1695.266764
1696.093860
1697.062722
1698.041790
1698.905949
1699.805284
1700.738843
1701.647537
1702.640806
1703.633254
1704.607212
1705.665406
1706.643060
1707.630795
1708.619296
1709.574824
1710.557946
1711.505008
1712.458193
1713.421921
1714.286264
1714.859136
1715.601335
1716.576171
1717.613353
1718.505984
1719.134955
1719.648537
1720.058778
1720.481509
1721.340408
1722.234507
1723.042153
1723.971016
1724.966931
1725.915060
1726.464258
1727.215746
1728.166647
1729.134779
1730.122989
1731.088795
1732.047072
1733.047825
1734.059509
1735.047173
1735.950394
1736.755680
1737.659380
1738.151702
1738.920699
1739.905818
1740.782719
1741.720182
1742.412307
1743.346251
1744.320963
1745.381552
1746.360767
1747.253216
1748.228964
1749.187977
1750.089156
1751.071176
1752.093709
1753.037994
1754.282224
1755.001077
1755.979762
1756.939786
1757.991785
1758.965789
1759.743315
1760.591683
1761.736724
1762.583212
1763.518715
1764.500955
1765.486996
1766.405257
1767.394676
1768.217141
1769.145965
1770.197369
1771.150888
1771.722366
1772.203712
1773.081857
1774.028946
1774.844454
1775.840282
1776.597374
1777.580238
1778.511646
1779.266604
1779.951839
1780.961967
1782.019406
1782.972105
1783.987532
1784.974707
1785.965085
1786.953359
1788.009883
1788.994280
1789.982214
1790.966589
1791.953024
1792.947374
1793.902608
1794.886162
1795.274099
1795.766363
1796.661040
1797.802132
1799.027569
1800.022788
1801.073052
1802.021769
1802.868897
1803.747472
1804.672459
1805.665564
1806.721511
1807.721476
1808.727771
1809.631069
1810.497548
1811.798247
1812.389641
1813.391386
1814.374905
1815.263248
1816.203229
1817.102511
1818.056898
1818.897546
1819.307724
1819.899455
1820.550514
1821.029347
1821.384935
1821.897202
1822.758046
1823.744228
1824.567228
1825.119335
1825.938676
1826.707018
1827.294642
1828.246685
1829.236192
1830.430257
1831.856969
1833.048830
1834.078993
1834.716165
1835.614939
1836.666973
1837.521773
1838.479581
1839.438987
1840.385214
1841.445364
1842.301818
1843.064329
1843.971015
1844.786564
1845.697536
1846.783873
1847.686757
1848.397766
1848.628396
1849.140861
1850.148372
1851.047527
1852.277820
1852.937063
1853.542092
1854.452803
1855.446673
1856.423107
1857.458422
1858.423457
1859.412347
1860.383489
1861.321899
1861.974958
1862.738993
1863.544466
1864.431603
1865.399766
1866.217471
1866.830300
1867.754429
1868.611767
1869.521681
1870.410092
1871.293069
1872.284576
1873.221694
1874.200431
1875.181320
1876.161643
1877.143878
1878.137116
1879.021460
1879.509510
1880.293180
1881.446290
1882.369257
1883.349100
1884.188951
1884.640667
1885.438951
1886.493661
1887.482322
1888.472119
1889.621985
1890.898413
1892.122175
1893.187163
1894.193934
1895.309537
1896.104390
1897.121052
1898.013473
1898.184221
1898.184221
1898.184221
1898.184221
1898.184221
1898.184221
1898.184221
1898.184221
1898.184221
1898.223883
1898.978968
1900.321469
1901.801798
1902.990306
1904.012768
1904.718383
1905.450230
1906.424361
1907.386022
1908.357475
1909.161999
1910.073801
1910.969930
1911.937238
1913.073786
1914.137540
1915.214824
1915.988212
1916.880801
1917.411998
1918.081238
1918.966475
1919.611884
1920.381253
1921.367453
1922.408717
1923.116514
1923.778869
1924.766273
1925.651913
1926.657583
1927.460436
1928.348018
1929.319111
1930.245319
1931.192557
1931.965282
1932.908839
1933.979739
1934.957834
1935.944201
1936.928204
1938.211806
1938.721743
1939.294654
1939.754541
1940.270824
1940.796161
1941.816853
1942.780276
1943.439617
1944.387751
1945.394673
1946.222895
1947.111896
1947.957856
1948.590289
1948.947661
1949.771002
1950.668187
1951.174382
1951.758728
1952.731662
1953.442094
1954.218936
1955.252300
1955.873614
1956.387723
1957.076198
1957.908611
1958.861051
1959.868730
1960.661369
1961.835212
1963.139102
1964.093283
1964.995644
1965.984351
1966.936541
1967.820749
1968.443689
1969.292803
1969.977210
1970.680011
1971.561448
1972.511648
1973.450720
1974.329825
1975.263721
1976.241267
1977.239398
1978.482232
1979.459598
1980.435870
1981.425031
1982.374403
1983.348744
1984.285449
1985.281942
1986.223609
1987.077974
1988.085976
1988.983000
1989.860997
1990.918925
1991.902528
1992.891296
1993.832702
1994.648860
1995.703751
1996.610244
1997.398469
1997.917060
1998.348870
1998.715484
1999.371113
2000.398596
2001.467642
2002.444637
2003.431797
2004.370937
2005.196245
2005.765593
2006.467512
2007.408334
2008.298237
2009.168506
2010.042635
2010.842950
2011.734729
2012.798754
2013.727237
2014.377788
2015.229794
2016.179022
2017.074188
2018.050125
2019.105141
2020.095784
2021.082541
2022.054784
2022.697766
2023.410101
2024.382641
2025.234046
2026.223557
2027.198844
2028.175328
2029.012912
2029.959488
2030.823755
2031.653619
2032.598474
2033.465324
2034.348986
2035.378530
2036.078060
2036.816275
2037.924929
2038.915825
2039.904196
2040.893557
2041.879274
2043.619085
2044.451456
2045.288014
2046.138067
2047.101382
2048.081170
2049.188529
2050.109669
2051.100205
2052.098293
2052.947827
2054.074852
2054.856177
2055.919908
2056.773934
2057.766119
2058.629826
2059.329060
2060.386476
2061.501690
2062.431281
2062.888344
2063.393602
2064.039817
2064.761226
2065.494303
2066.477643
2067.529267
2068.457053
2069.667504
2071.278513
2071.894155
2073.250430
2073.765744
2074.618089
2075.610824
2076.600619
2077.516417
2078.484838
2079.458235
2080.318558
2081.216607
2082.096701
2082.621055
2083.268728
2084.111579
2084.677977
2084.856880
2085.521403
2086.489410
2087.395451
2088.376153
2089.363780
2090.413956
2091.300819
2092.284974
2093.257877
2094.191605
2095.138217
2095.889800
2096.722234
2097.710810
2098.632620
2099.618849
2100.644690
2101.713923
2102.731312
2103.436655
2103.847361
2104.569036
2105.404285
2105.878686
2106.447143
2107.649956
2108.800965
2109.709987
2110.693688
2111.495847
2112.269140
2113.192536
2113.719622
2114.450811
2115.331619
2115.780315
2116.246891
2116.973215
2118.020722
2118.664332
2119.376425
2120.232283
2121.242190
2122.500358
2123.035316
2123.589709
2124.075681
2124.917959
2126.014261
2126.936826
2127.745532
2128.660352
2129.496943
2130.365650
2130.964828
2131.508765
2131.759041
2132.267297
2133.372312
2134.419876
2135.233158
2136.235236
2137.233364
2138.255045
2139.266545
2140.056202
2140.870980
2141.821097
2142.655075
2143.379135
2144.071142
2145.052208
2146.053790
2147.208733
2148.711373
2149.918878
2150.816780
2151.704090
2152.652935
2153.475369
2154.490537
2155.424378
2156.273627
2157.230091
2158.265842
2159.113259
2159.976697
2160.957450
2161.872858
2162.670463
2163.595477
2164.546184
2165.503382
2166.490677
2167.478645
2168.463993
2169.408732
2170.326959
2171.018561
2171.881627
2172.965510
2173.950001
2174.712304
2175.354884
2176.287732
2177.042790
2177.605537
2178.360260
2179.313927
2180.291329
2181.494072
2181.866422
2182.405727
2183.293869
2184.303168
2185.291150
2186.170086
2186.716377
2187.471007
2188.421945
2189.120614
2189.901697
2190.865931
2191.809627
2192.882311
2193.842811
2194.808845
2195.803195
2196.798262
2197.789085
2198.847673
2199.815267
2200.754257
2201.740852
2202.615848
2203.521997
2204.511413
2205.454694
2206.063954
2206.927543
2207.871476
2208.813515
2209.510343
2210.399180
2211.088617
2211.437921
2212.254013
2213.508403
2214.331145
2214.594438
2215.328922
2216.010374
2216.995318
2217.973072
2218.869169
2219.776468
2220.932586
2222.019361
2222.997128
2223.765325
2224.108939
2225.166626
2226.188056
2227.137309
2227.880207
2228.253734
2228.907416
2229.486115
2229.937106
2230.530885
2231.405044
2232.293982
2233.290332
2234.260254
2234.893738
2235.449041
2236.161120
2236.853351
2237.674778
2238.646807
2239.539254
2240.377228
2241.336403
2242.383906
2243.309637
2244.068296
2244.819245
2245.881369
2246.819327
2247.584965
2247.934937
2248.371516
2249.721403
2251.204545
2252.036179
2252.985943
2253.717033
2254.202696
2255.117930
2256.067346
2256.853672
2257.852971
2258.919208
2259.843793
2260.861663
2261.698383
2262.101633
2262.389940
2262.717569
2263.385407
2264.132709
2264.877787
2265.796154
2266.863819
2267.638595
2268.646617
2269.687659
2270.318837
2270.823080
2271.408096
2271.586108
2272.148623
2273.087380
2274.043803
2274.993926
2275.737158
2276.190086
2276.768103
2277.690716
2278.597966
2279.398733
2280.286070
2280.805391
2281.517076
2282.386043
2283.152153
2284.060990
2284.984637
2285.835881
2286.709802
2287.715675
2288.295501
2288.901045
2289.880845
2290.762157
2291.445862
2292.227791
2293.064223
2293.990945
2294.953702
2295.569601
2296.164576
2296.708296
2297.488025
2298.424867
2299.413490
2300.466821
2301.460468
2302.454954
2303.381818
2304.343933
2305.638733
2306.812975
2307.776484
2308.751471
2309.727852
2310.613839
2311.575487
2312.535308
2313.190961
2313.778208
2314.634965
2315.606576
2316.492486
2317.446023
2318.355747
2319.386512
2320.271454
2321.038740
2321.624408
2321.940324
2322.533980
2323.121663
2323.304999
2323.862758
2324.727800
2325.642832
2326.331013
2327.111400
2328.081190
2328.711450
2329.521549
2330.486388
2331.452322
2332.438670
2333.281950
2333.662733
2334.305214
2335.257110
2336.246121
2337.235967
2338.226769
2339.347968
2340.269885
2341.115828
2341.115828
2341.115828
2341.394123
2342.245108
2343.421651
2344.312124
2345.148442
2346.090830
2347.072509
2348.140281
2349.424506
2350.378560
2351.213288
2352.103535
2353.068566
2353.956257
2354.988207
2355.970545
2356.627342
2357.266573
2358.056893
2358.862013
2359.820184
2360.853278
2361.831151
2362.777102
2363.774388
2364.464721
2365.396053
2366.335299
2367.360761
2368.169482
2368.501228
2368.501228
2368.526387
2368.998412
2369.959202
2371.036369
2372.023860
2372.989347
2373.730279
2374.112675
2374.112675
2374.112675
2374.112675
2374.112675
2374.112675
2374.112675
2374.112675
2374.112675
2374.112675
2374.112675
2374.112675
2374.112675
2374.112675
2374.112675
2374.112675
2374.112675
2374.112675
2374.112675
2374.117059
2374.506054
2375.385245
2376.441060
2377.493555
2378.310110
2378.874586
2379.598687
2380.469289
2381.208586
2382.093801
2383.081067
2384.072116
2385.027905
2385.995370
2386.910948
2387.782755
2388.711555
2389.710860
2390.689147
2391.651550
2392.692977
2393.555347
2394.481493
2395.454513
2396.453203
2397.438729
2398.421307
2399.486003
2400.584655
2401.442164
2401.998454
2402.698518
2403.514263
2404.368537
2405.294720
2406.223292
2407.039186
2407.853428
2408.714040
2409.394858
2410.249384
2410.592572
2411.246961
2411.502064
2412.154053
2413.164062
2414.046546
2415.031794
2415.819979
2416.543409
2417.397061
2418.339675
2418.967774
2419.730436
2420.539516
2421.322947
2422.266502
2423.111641
2424.094859
2425.078760
2426.021401
2426.698861
2427.513785
2428.495970
2429.478633
2430.445540
2431.406422
2432.176239
2433.220484
2434.128261
2435.010463
2435.981900
2436.947200
2437.939282
2438.919459
2439.915793
2440.752602
2441.693130
2442.558043
2443.442612
2444.418831
2445.427826
2446.042161
2446.916855
2447.907529
2448.877394
2449.787239
2450.760939
2451.634365
2452.285084
2453.199418
2454.163960
2455.144377
2456.130138
2457.178906
2458.167032
2459.153665
2460.138551
2461.076654
2462.042972
2462.900721
2463.963992
2464.859990
2465.774609
2466.717551
2467.491488
2468.422058
2469.410499
2470.465083
2471.441303
2472.421351
2473.249884
2474.001376
2474.955207
2475.952013
2476.741212
2477.680866
2478.392681
2479.016781
2479.938773
2480.924547
2481.979255
2482.969995
2483.959851
2484.951296
2485.933910
2486.912084
2487.973733
2488.915286
2489.864304
2490.852658
2491.840139
2492.826567
2493.816021
2494.858652
2495.782917
2496.722573
2497.719649
2498.708358
2499.696605
2500.686466
2501.735311
2502.657926
2503.651283
2504.644424
2505.633117
2506.625549
2507.681092
2508.663400
2509.651605
2510.768762
2511.616028
2511.616028
2511.616028
2511.616028
2511.616028
2511.616028
2511.616028
2511.616028
2511.616028
2511.864697
2512.714126
2513.699068
2514.657626
2516.018444
2516.521995
2517.278918
2518.324918
2519.421629
2520.282886
2521.264639
2522.255510
2523.246476
2524.235981
2525.293406
2526.276982
2527.336875
2528.259156
2529.235657
2529.374034
2529.374034
2529.374034
2529.374034
2529.392092
2529.862382
2530.811310
2531.816231
2532.873154
2533.863396
2534.849004
2535.833752
2536.817515
2537.806836
2538.794679
2539.771736
2540.735434
2541.687220
2542.709060
2543.556497
2544.546587
2545.536662
2546.402297
2547.249810
2548.164375
2549.115607
2550.102208
2551.087406
2552.128460
2552.881797
2553.476465
2554.429117
2555.245834
2556.111211
2557.012743
2557.950321
2558.883009
2559.858105
2560.827133
2561.790641
2562.582024
2563.522235
2564.503836
2565.454096
2566.457933
2567.405742
2568.318071
2569.362158
2570.274855
2571.176047
2572.015005
2572.955963
2573.824624
2574.383170
2575.197183
2576.219482
2577.129791
2578.068402
2579.022122
2579.994529
2580.943880
2581.948553
2582.843792
2583.469907
2584.182315
2585.174224
2586.150153
2587.180280
2588.161574
2589.095762
2590.074064
2591.045858
2591.965184
2592.941122
2593.974891
2594.966747
2595.944595
2596.935449
2597.924456
2598.912298
2599.937654
2600.826521
2601.476667
2602.239356
2603.217608
2603.913772
2604.649450
2605.588471
2606.378780
2607.374291
2608.236986
2609.027521
2609.962581
2610.926404
2611.877505
2612.552855
2613.426239
2614.394399
2615.342986
2616.257177
2616.805020
2617.505743
2618.506273
2619.411096
2620.394225
2621.283415
2622.234354
2623.300352
2624.124864
2624.438673
2625.043488
2626.027646
2626.852045
2627.881107
2628.780234
2629.932285
2630.662224
2631.553648
2632.454901
2633.455453
2634.504192
2635.489445
2636.478234
2637.439453
2638.408778
2639.384805
2640.190644
2641.255943
2642.312214
2643.266990
2643.965918
2644.910716
2645.898576
2646.588140
2647.549979
2648.411964
2649.308838
2650.145200
2650.956788
2651.926751
2652.954669
2653.666783
2653.985390
2654.038757
2654.599708
2655.500681
2656.554219
2657.544075
2658.518038
2659.504283
2660.428220
2661.414248
2662.384888
2663.436918
2664.427288
2665.416286
2666.404164
2667.452641
2668.368945
2669.237529
2670.148848
2671.064981
2671.986975
2672.823128
2673.598525
2674.620418
2675.418464
2676.380894
2677.327198
2678.074148
2679.026277
2679.928747
2680.879562
2681.905435
2682.858161
2683.600647
2684.445303
2685.391366
2686.324750
2687.382272
2688.374529
2689.365102
2690.338906
2691.222945
2692.115764
