0.000000
0.000000
0.278502
0.476175
0.620993
0.724812
0.817721
0.969179
1.098353
1.189804
1.255154
1.323669
1.374128
1.415100
1.456806
1.493184
1.522518
1.543376
1.567054
1.591372
1.609995
1.634097
1.645586
1.662199
1.674533
1.686059
1.693495
1.709546
1.718534
1.726955
1.729815
1.717804
1.711162
1.707433
1.690863
1.688757
1.676793
1.679411
1.679931
1.686850
1.680897
1.673041
1.678714
1.684809
1.688000
1.689062
1.687693
1.697148
1.700597
1.703850
1.708630
1.705955
1.703778
1.711000
1.717167
1.721679
1.723049
1.727205
1.728329
1.733981
1.731681
1.732186
1.735024
1.739924
1.743119
1.743726
1.744319
1.745321
1.739432
1.732658
1.727965
1.732690
1.735996
1.736497
1.739824
1.743808
1.745884
1.749364
1.752216
1.755002
1.758284
1.761655
1.762317
1.757073
1.753333
1.752438
1.753641
1.758247
1.760768
1.760411
1.749376
1.743553
1.743532
1.746923
1.748321
1.750963
1.751566
1.749817
1.746629
1.748469
1.751031
1.748816
1.747805
1.747482
1.747232
1.749349
1.750416
1.754005
1.755195
1.756110
1.755242
1.757604
1.755816
1.758240
1.758910
1.761182
1.762331
1.764008
1.764289
1.766639
1.769249
1.771246
1.772132
1.774462
1.776275
1.777842
1.780064
1.781749
1.783460
1.784839
1.785307
1.787146
1.788828
1.790999
1.792953
1.794086
1.794215
1.796914
1.798282
1.799686
1.801951
1.803220
1.804222
1.805725
1.806106
1.807936
1.809711
1.810662
1.811984
1.812830
1.812508
1.812895
1.814140
1.815641
1.813941
1.810245
1.810840
1.810962
1.810889
1.812754
1.810605
1.808532
1.804344
1.804222
1.804622
1.805668
1.806388
1.806723
1.807654
1.808494
1.807676
1.806654
1.807938
1.809524
1.809917
1.808518
1.807996
1.809629
1.810375
1.811191
1.811697
1.812874
1.813731
1.814523
1.815321
1.816254
1.817313
1.818311
1.818983
1.820070
1.820791
1.821404
1.822772
1.823865
1.824604
1.825252
1.825388
1.825861
1.826924
1.828235
1.828691
1.829682
1.830433
1.830979
1.831616
1.832172
1.833379
1.834337
1.834842
1.835460
1.835297
1.833393
1.833529
1.832961
1.834572
1.835123
1.835567
1.836420
1.836291
1.837345
1.837732
1.838128
1.838471
1.838563
1.836351
1.836852
1.836473
1.831301
1.829279
1.829909
1.830228
1.831164
1.832119
1.832616
1.832294
1.833453
1.833696
1.834156
1.834012
1.835120
1.832065
1.829022
1.828879
1.830439
1.830322
1.829917
1.828038
1.827777
1.825647
1.821410
1.814192
1.807044
1.801244
1.799775
1.800123
1.800308
1.801253
1.801579
1.800378
1.800407
1.800543
1.801764
1.802212
1.803067
1.803615
1.804235
1.804967
1.805368
1.805500
1.806385
1.806911
1.807510
1.807605
1.806240
1.802584
1.802984
1.803493
1.804101
1.804801
1.804888
1.799694
1.798329
1.798555
1.799141
1.799271
1.800828
1.800784
1.801898
1.801760
1.803107
1.802473
1.801771
1.801672
1.802034
1.802406
1.799776
1.797920
1.796740
1.795459
1.794761
1.794538
1.794923
1.794742
1.795188
1.795148
1.795767
1.796290
1.794949
1.792674
1.789643
1.789015
1.785104
1.779172
1.773750
1.768947
1.767141
1.766985
1.768094
1.767568
1.762246
1.759824
1.760710
1.761119
1.761796
1.762630
1.763523
1.764134
1.764696
1.765244
1.766096
1.766658
1.767620
1.768169
1.768047
1.769039
1.769444
1.769843
1.769852
1.770277
1.770839
1.769466
1.770238
1.767559
1.767544
1.767931
1.767555
1.767763
1.767232
1.767416
1.766188
1.763573
1.763023
1.763198
1.763975
1.764572
1.765071
1.765067
1.764180
1.762809
1.762843
1.763214
1.763049
1.763302
1.763895
1.764798
1.765387
1.765607
1.766486
1.766898
1.767695
1.768054
1.769065
1.769615
1.769742
1.769666
1.770410
1.770690
1.771569
1.772041
1.772617
1.772192
1.772325
1.772839
1.773188
1.773722
1.774417
1.774550
1.775255
1.775606
1.776266
1.777057
1.777574
1.777833
1.777931
1.778980
1.779377
1.778870
1.779357
1.779987
1.779687
1.779060
1.778642
1.779179
1.778833
1.779906
1.780275
1.780308
1.780995
1.781170
1.781909
1.782103
1.783158
1.782727
1.782937
1.783252
1.783651
1.783985
1.784937
1.784719
1.785736
1.786003
1.785976
1.785102
1.785909
1.786007
1.786794
1.787092
1.787656
1.787953
1.788562
1.788499
1.789733
1.789629
1.790308
1.789838
1.788300
1.787712
1.788262
1.788476
1.788796
1.788699
1.789130
1.789266
1.789486
1.788825
1.788642
1.789176
1.788963
1.788721
1.788995
1.788559
1.787107
1.786959
1.787711
1.788150
1.788190
1.788711
1.789406
1.789762
1.789927
1.789235
1.789275
1.787992
1.788175
1.788658
1.789061
1.789344
1.789882
1.790283
1.790589
1.791264
1.791190
1.790045
1.790291
1.790821
1.791195
1.791693
1.790933
1.790097
1.790235
1.790255
1.789467
1.789031
1.790066
1.790220
1.790042
1.789502
1.790058
1.788898
1.788754
1.788835
1.789172
1.789203
1.789272
1.787171
1.785947
1.784202
1.781942
1.780711
1.780381
1.780192
1.780779
1.777772
1.774116
1.770381
1.767677
1.766143
1.766280
1.766768
1.767195
1.767674
1.767520
1.767860
1.768142
1.767515
1.767818
1.768015
1.768585
1.768629
1.767609
1.767169
1.766772
1.766585
1.766709
1.766653
1.766405
1.766347
1.766640
1.766577
1.765865
1.766537
1.766986
1.767417
1.767779
1.767575
1.768487
1.768613
1.769360
1.769572
1.770012
1.769900
1.770749
1.771268
1.771163
1.771758
1.771896
1.772208
1.772370
1.773088
1.773696
1.773994
1.774452
1.774608
1.774907
1.775283
1.775748
1.775187
1.774607
1.774614
1.774123
1.773865
1.774244
1.774717
1.775166
1.775591
1.775827
1.775776
1.775424
1.775211
1.775883
1.776087
1.775737
1.773658
1.772210
1.772408
1.771918
1.770569
1.770829
1.771171
1.771533
1.771719
1.772136
1.772643
1.772903
1.772482
1.772748
1.772585
1.771879
1.772395
1.772637
1.772978
1.773212
1.773481
1.773589
1.773407
1.773966
1.773571
1.773620
1.773565
1.773760
1.772704
1.772039
1.772187
1.772856
1.773166
1.773412
1.773667
1.773737
1.773363
1.773282
1.773468
1.773400
1.772945
1.773200
1.773435
1.773977
1.774288
1.774663
1.774831
1.775007
1.775400
1.775704
1.774257
1.771225
1.768341
1.765758
1.762962
1.760066
1.757181
1.754313
1.752271
1.751648
1.751980
1.751852
1.750353
1.748395
1.748361
1.748403
1.746926
1.745201
1.744355
1.744664
1.744671
1.743172
1.740720
1.740092
1.740207
1.740383
1.738573
1.736049
1.733354
1.730769
1.727917
1.725665
1.723913
1.724055
1.724420
1.724786
1.725089
1.725536
1.725938
1.726517
1.726677
1.727157
1.727542
1.727883
1.728135
1.728525
1.728943
1.729390
1.729728
1.730102
1.730467
1.730705
1.731175
1.731384
1.731762
1.732140
1.732484
1.732954
1.733248
1.733109
1.732327
1.731738
1.730632
1.727838
1.726105
1.723701
1.721383
1.720070
1.720089
1.720508
1.720790
1.720956
1.721279
1.721721
1.721795
1.722454
1.722786
1.723155
1.723544
1.724074
1.724286
1.724417
1.724524
1.724789
1.724984
1.725200
1.725124
1.725862
1.726090
1.726378
1.726770
1.726449
1.726172
1.726350
1.726438
1.726836
1.727183
1.726731
1.725139
1.724690
1.724700
1.724736
1.724063
1.723968
1.724354
1.724542
1.724926
1.724338
1.724213
1.724738
1.724941
1.725018
1.725201
1.724521
1.721272
1.720102
1.717580
1.715336
1.713828
1.713893
1.714061
1.714299
1.713714
1.711605
1.709300
1.706978
1.704519
1.702277
1.699996
1.697809
1.695652
1.693544
1.691755
1.691600
1.691880
1.691983
1.692584
1.693048
1.693415
1.693667
1.693985
1.694431
1.694795
1.694988
1.694475
1.693093
1.691692
1.691760
1.691952
1.692513
1.692686
1.693227
1.693550
1.693965
1.694280
1.694674
1.694977
1.695397
1.695930
1.696226
1.696494
1.696768
1.697001
1.697288
1.697463
1.697798
1.697979
1.698463
1.698789
1.698330
1.697779
1.698576
1.699004
1.699243
1.699169
1.699648
1.699753
1.699970
1.699508
1.699788
1.699738
1.700067
1.700101
1.699501
1.699619
1.699844
1.700375
1.700753
1.700990
1.701393
1.701739
1.702027
1.702469
1.702808
1.702506
1.703039
1.703429
1.703651
1.702223
1.701565
1.701599
1.701201
1.699675
1.698448
1.698572
1.698595
1.698268
1.698589
1.697822
1.696526
1.695884
1.695408
1.695346
1.695574
1.694892
1.694742
1.695079
1.695643
1.695570
1.695700
1.694033
1.692858
1.692901
1.693004
1.692488
1.690824
1.688616
1.686794
1.684796
1.683194
1.682396
1.682830
1.683172
1.683325
1.683807
1.684229
1.684542
1.684609
1.684746
1.684833
1.685086
1.685106
1.685461
1.685793
1.686195
1.686459
1.686920
1.687218
1.687443
1.687769
1.688250
1.688494
1.688382
1.688023
1.687522
1.686840
1.686939
1.687432
1.687626
1.687907
1.688149
1.688056
1.688091
1.688363
1.688825
1.689060
1.689393
1.689747
1.690057
1.690389
1.690856
1.691185
1.691510
1.691786
1.692029
1.692396
1.692823
1.692953
1.693066
1.693239
1.693343
1.693659
1.693947
1.694399
1.694696
1.694820
1.694991
1.693628
1.691741
1.690753
1.690912
1.691080
1.691480
1.691864
1.692058
1.692179
1.692036
1.692186
1.692425
1.692614
1.692817
1.693172
1.693355
1.692854
1.691032
1.689126
1.687189
1.685516
1.683845
1.681995
1.679936
1.678448
1.676548
1.675056
1.674420
1.674638
1.675317
1.675635
1.675622
1.676254
1.676573
1.676684
1.676690
1.677005
1.676931
1.676548
1.676575
1.676930
1.677318
1.677686
1.677496
1.677471
1.677634
1.677778
1.678331
1.678611
1.679104
1.679406
1.679651
1.679587
1.679882
1.678976
1.677102
1.675684
1.674851
1.675043
1.675079
1.675656
1.675898
1.676256
1.676568
1.677035
1.677296
1.677655
1.677867
1.678184
1.678220
1.678435
1.678526
1.678134
1.678293
1.678422
1.678544
1.678924
1.679174
1.679454
1.679721
1.679769
1.680236
1.680475
1.680719
1.681061
1.681087
1.681369
1.681601
1.681937
1.682336
1.682172
1.682235
1.682594
1.682895
1.683080
1.683505
1.683787
1.684051
1.683768
1.683660
1.683733
1.684122
1.684412
1.684770
1.685018
1.685349
1.685608
1.685785
1.686138
1.686413
1.686744
1.686897
1.687246
1.687361
1.687740
1.688126
1.688364
1.688580
1.688952
1.689102
1.689298
1.689198
1.689145
1.688626
1.688885
1.689130
1.689383
1.689447
1.689628
1.689868
1.690024
1.690289
1.690168
1.690336
1.690628
1.690917
1.690383
1.688727
1.687044
1.685305
1.684405
1.684399
1.684555
1.684685
1.684612
1.683181
1.682001
1.680917
1.681106
1.681027
1.680110
1.677716
1.676958
1.675426
1.673896
1.672346
1.671520
1.671620
1.671909
1.672137
1.671280
1.670603
1.669323
1.666742
1.665962
1.664631
1.663087
1.662042
1.662170
1.661822
1.660935
1.659254
1.657889
1.656320
1.654814
1.653293
1.653111
1.653050
1.653523
1.653815
1.653981
1.654483
1.654546
1.654265
1.652985
1.651623
1.650658
1.650652
1.651109
1.651335
1.651652
1.651723
1.652223
1.652025
1.652021
1.652168
1.652264
1.652479
1.652731
1.652979
1.653251
1.653549
1.653641
1.653804
1.653930
1.653760
1.654017
1.654343
1.654667
1.654852
1.655006
1.655129
1.655422
1.655745
1.655998
1.656399
1.656182
1.656132
1.656599
1.656666
1.656290
1.656297
1.656619
1.656787
1.656546
1.656398
1.656154
1.655891
1.656185
1.656482
1.656709
1.656869
1.657116
1.657211
1.657783
1.657908
1.657357
1.656744
1.656835
1.657116
1.657461
1.657573
1.657690
1.657590
1.657786
1.658054
1.658313
1.658548
1.658937
1.659204
1.659470
1.659722
1.659983
1.660202
1.660116
1.660235
1.660569
1.660507
1.660715
1.660899
1.660889
1.661017
1.661321
1.661509
1.661809
1.662037
1.662022
1.662197
1.662447
1.662709
1.662954
1.662960
1.663358
1.663678
1.663725
1.663932
1.663903
1.663397
1.663247
1.663446
1.663864
1.663955
1.664106
1.664214
1.664514
1.664423
1.664447
1.664606
1.664719
1.664686
1.664993
1.665127
1.665467
1.665837
1.666093
1.666099
1.665980
1.666032
1.665732
1.665278
1.665529
1.665679
1.665141
1.664871
1.665124
1.665073
1.665404
1.665233
1.665383
1.665425
1.665525
1.665520
1.665794
1.665098
1.663845
1.662770
1.662703
1.661275
1.659959
1.658555
1.657429
1.656863
1.657083
1.657322
1.657574
1.657703
1.658201
1.658457
1.658669
1.658750
1.659006
1.659223
1.659494
1.659819
1.660118
1.660416
1.660473
1.660640
1.660788
1.660934
1.661263
1.661301
1.661551
1.661239
1.661208
1.661289
1.661650
1.661628
1.661802
1.661961
1.662138
1.662367
1.662535
1.662670
1.662850
1.662848
1.662910
1.662904
1.662912
1.663110
1.663141
1.662090
1.661787
1.661888
1.662157
1.662350
1.662712
1.662752
1.662034
1.661604
1.661980
1.662091
1.661756
1.661160
1.660805
1.660471
1.660250
1.660254
1.660657
1.661008
1.661232
1.661463
1.661668
1.661740
1.661333
1.661326
1.661942
1.662159
1.662389
1.662613
1.662837
1.663057
1.662993
1.663187
1.663448
1.663633
1.663905
1.664062
1.664195
1.664419
1.664685
1.664660
1.664774
1.664990
1.664967
1.665110
1.665378
1.665584
1.665850
1.665921
1.665605
1.665315
1.665816
1.665837
1.665984
1.666194
1.666188
1.666376
1.666697
1.666931
1.667175
1.667221
1.667203
1.667250
1.667472
1.667817
1.667870
1.667508
1.667475
1.666703
1.666697
1.666835
1.667663
1.667815
1.667234
1.666753
1.666697
1.666855
1.667212
1.667304
1.667377
1.667456
1.667630
1.667645
1.667829
1.668594
1.668633
1.668396
1.668486
1.668325
1.667168
1.666309
1.666382
1.666559
1.666271
1.665370
1.664458
1.663944
1.664156
1.664221
1.664043
1.663330
1.663326
1.663479
1.663139
1.662916
1.663019
1.663112
1.663509
1.663734
1.663960
1.664231
1.664476
1.664611
1.664932
1.665114
1.665384
1.665441
1.665922
1.666029
1.666281
1.666633
1.667027
1.667595
1.668367
1.669140
1.669744
1.669992
1.669904
1.670032
1.670196
1.670465
1.670651
1.670825
1.670833
1.670881
1.670976
1.671254
1.671553
1.671764
1.671728
1.671183
1.671095
1.671209
1.671565
1.671194
1.670572
1.670694
1.670901
1.670951
1.670911
1.670090
1.669869
1.669621
1.669682
1.669436
1.668858
1.668520
1.668735
1.668878
1.669127
1.669339
1.669556
1.669635
1.670032
1.670311
1.670738
1.671123
1.671682
1.671861
1.672029
1.672221
1.672570
1.672779
1.672994
1.673211
1.673430
1.673702
1.673942
1.674154
1.674366
1.674561
1.674763
1.674904
1.675197
1.674906
1.674598
1.674768
1.674752
1.674677
1.674868
1.675149
1.675345
1.675551
1.675752
1.675877
1.676166
1.676746
1.676722
1.676698
1.676809
1.676966
1.677081
1.677229
1.677515
1.677654
1.677815
1.677871
1.678087
1.678275
1.678562
1.678730
1.678881
1.678961
1.678869
1.678937
1.679204
1.679451
1.679467
1.679338
1.679605
1.679674
1.679876
1.680098
1.680132
1.680147
1.680389
1.680415
1.680623
1.680581
1.680698
1.680912
1.679974
1.678907
1.677759
1.676607
1.675465
1.674432
1.673301
1.672118
1.671222
1.670750
1.670937
1.671170
1.671329
1.671456
1.671830
1.672009
1.672119
1.672284
1.672203
1.672811
1.673018
1.673216
1.673386
1.673032
1.672529
1.672005
1.672057
1.672257
1.672408
1.672152
1.671911
1.672057
1.672188
1.671737
1.671385
1.671535
1.671466
1.671276
1.671466
1.671522
1.671681
1.671900
1.672080
1.672075
1.672286
1.672422
1.672652
1.672842
1.672848
1.672770
1.672908
1.672215
1.671860
1.671899
1.672082
1.672232
1.672474
1.672669
1.672880
1.672532
1.672565
1.672755
1.672915
1.673039
1.673365
1.673415
1.673756
1.673924
1.674125
1.674284
1.674416
1.674664
1.674806
1.674874
1.674378
1.673264
1.672517
1.672363
1.672471
1.672797
1.672966
1.673128
1.673360
1.673516
1.673756
1.673911
1.674029
1.674149
1.674182
1.673524
1.673169
1.673101
1.673126
1.673327
1.673491
1.673676
1.673781
1.673706
1.673909
1.674090
1.674270
1.674385
1.674616
1.674797
1.674942
1.675179
1.675414
1.675572
1.675727
1.675726
1.675820
1.675593
1.675554
1.675419
1.675346
1.675247
1.675418
1.675665
1.675823
1.675919
1.675918
1.676001
1.676141
1.676181
1.676461
1.676596
1.676722
1.676330
1.676135
1.676318
1.676621
1.676793
1.676675
1.676600
1.676807
1.676989
1.677184
1.677233
1.677423
1.677058
1.676707
1.676707
1.676932
1.677183
1.677211
1.677239
1.677313
1.677455
1.677695
1.677845
1.678131
1.678145
1.678234
1.678410
1.678482
1.678479
1.678572
1.678729
1.678968
1.679076
1.679276
1.679392
1.679595
1.679820
1.679741
1.679419
1.679757
1.679842
1.680031
1.680214
1.680446
1.680554
1.680746
1.680866
1.681058
1.681174
1.681304
1.681438
1.681522
1.681672
1.681697
1.681735
1.681810
1.682028
1.682230
1.682399
1.682433
1.682587
1.682655
1.682747
1.682760
1.682930
1.682922
1.682868
1.682971
1.683081
1.683357
1.683522
1.683625
1.683533
1.683450
1.683461
1.683604
1.683798
1.683993
1.684049
1.684286
1.684388
1.684527
1.684794
1.684964
1.685081
1.685211
1.685285
1.685410
1.685495
1.685777
1.685882
1.686090
1.686214
1.686325
1.686097
1.686209
1.686349
1.686347
1.686441
1.686466
1.685945
1.685863
1.685879
1.686015
1.685653
1.685684
1.685787
1.685899
1.685958
1.685911
1.685479
1.685559
1.685861
1.686017
1.686131
1.686408
1.686573
1.686737
1.686871
1.686946
1.687007
1.687216
1.687063
1.686965
1.687085
1.687191
1.687276
1.687471
1.687360
1.687415
1.687569
1.687742
1.687851
1.688055
1.688205
1.688287
1.688391
1.688573
1.688681
1.688769
1.688960
1.689163
1.689395
1.689547
1.689662
1.689784
1.689159
1.688892
1.689091
1.689243
1.689348
1.689407
1.689456
1.689374
1.689421
1.689649
1.689705
1.689837
1.689881
1.690059
1.690109
1.689937
1.690055
1.690283
1.690394
1.690554
1.690632
1.690826
1.691059
1.691208
1.691291
1.691481
1.691628
1.691809
1.691881
1.692110
1.692227
1.692427
1.692560
1.692716
1.692823
1.692922
1.693197
1.693354
1.693428
1.693233
1.693083
1.693224
1.693425
1.693612
1.693728
1.693900
1.693703
1.693655
1.693740
1.693842
1.693940
1.694006
1.693833
1.693872
1.693957
1.694147
1.694120
1.694150
1.694269
1.694344
1.694497
1.694649
1.694732
1.694856
1.694998
1.695146
1.695258
1.695217
1.694989
1.695104
1.695255
1.695403
1.695486
1.695682
1.695817
1.695986
1.696034
1.696123
1.696062
1.696113
1.696152
1.695978
1.696018
1.696192
1.696344
1.696481
1.696508
1.696179
1.696070
1.696243
1.696261
1.696466
1.696529
1.696674
1.696505
1.696611
1.696780
1.696910
1.697052
1.697205
1.697325
1.697482
1.697351
1.697298
1.697445
1.697596
1.697728
1.697799
1.697567
1.697410
1.697497
1.697713
1.697825
1.697967
1.698076
1.698234
1.698368
1.698514
1.698619
1.698746
1.698948
1.699106
1.698914
1.698926
1.698975
1.699128
1.699217
1.699330
1.699137
1.698802
1.698780
1.698908
1.698809
1.698435
1.698401
1.698486
1.698578
1.698759
1.698744
1.698914
1.698466
1.698241
1.698265
1.698416
1.698281
1.698179
1.698282
1.698428
1.698635
1.698792
1.698906
1.698915
1.699064
1.699209
1.699424
1.699563
1.699644
1.699836
1.699964
1.699986
1.699813
1.699968
1.700083
1.700222
1.700272
1.700496
1.700515
1.700836
1.700893
1.700966
1.701115
1.701259
1.701301
1.701451
1.701586
1.701800
1.701925
1.702080
1.702114
1.702330
1.702479
1.702606
1.702694
1.702741
1.702898
1.703033
1.703113
1.703240
1.702903
1.702718
1.702789
1.702954
1.702939
1.702840
1.702812
1.702687
1.702638
1.702660
1.702776
1.702914
1.703047
1.702746
1.702220
1.701989
1.702028
1.702136
1.702115
1.702120
1.702176
1.702337
1.702470
1.702602
1.702746
1.702888
1.703067
1.703212
1.703244
1.703219
1.703313
1.703465
1.703477
1.703525
1.703600
1.703663
1.703785
1.703946
1.704045
1.704274
1.704376
1.704534
1.704670
1.704773
1.704881
1.704997
1.705070
1.705209
1.705220
1.704942
1.704811
1.704954
1.705137
1.705123
1.704864
1.704620
1.704160
1.703756
1.703692
1.703805
1.703736
1.703837
1.703980
1.704075
1.703756
1.703637
1.703742
1.703889
1.704023
1.704135
1.704219
1.704365
1.704542
1.704676
1.704629
1.704679
1.704700
1.704377
1.704295
1.704425
1.704418
1.704533
1.704355
1.704456
1.704535
1.704780
1.704903
1.704942
1.705062
1.705166
1.705214
1.705340
1.705482
1.705594
1.705743
1.705845
1.705890
1.706070
1.706238
1.706381
1.706308
1.706300
1.706386
1.706579
1.706659
1.706783
1.706886
1.706974
1.707106
1.707076
1.707065
1.707339
1.707413
1.707163
1.706704
1.706828
1.706781
1.706882
1.706952
1.706926
1.707013
1.707125
1.707006
1.706870
1.707020
1.707215
1.707310
1.707417
1.707572
1.707723
1.707848
1.708044
1.708147
1.708297
1.708422
1.708548
1.708647
1.708777
1.708900
1.708456
1.708047
1.708151
1.708403
1.708776
1.708910
1.709095
1.709152
1.709178
1.709200
1.709187
1.709363
1.709589
1.709642
1.709497
1.709893
1.709926
1.709989
1.710097
1.710236
1.710347
1.710354
1.710468
1.710509
1.710603
1.710558
1.710170
1.709902
1.709664
1.709378
1.708910
1.708559
1.708596
1.708679
1.708689
1.708372
1.708374
1.708253
1.708045
1.708104
1.708263
1.708544
1.709114
1.709423
1.709414
1.709349
1.709430
1.709614
1.709614
1.709679
1.709807
1.709892
1.710083
1.710045
1.709998
1.710046
1.710009
1.709988
1.710275
1.710320
1.710186
1.709590
1.709292
1.709360
1.709475
1.709801
1.709560
1.709389
1.709462
1.709590
1.709702
1.709770
1.709970
1.710061
1.710159
1.710276
1.710089
1.709963
1.709962
1.709991
1.710075
1.710039
1.709839
1.709803
1.709904
1.709955
1.709985
1.709987
1.710135
1.710186
1.710249
1.710417
1.710552
1.710637
1.710793
1.710742
1.710485
1.710370
1.710572
1.710752
1.710865
1.710788
1.710485
1.710433
1.710506
1.710662
1.710856
1.711102
1.711452
1.711816
1.712026
1.712137
1.712245
1.712319
1.712486
1.712381
1.711802
1.711116
1.710320
1.709437
1.708739
1.707985
1.707251
1.706395
1.705637
1.704998
1.704930
1.705370
1.705857
1.706190
1.706268
1.706217
1.706144
1.706223
1.706350
1.706432
1.706406
1.706425
1.706499
1.706495
1.706857
1.707045
1.707244
1.707141
1.707207
1.706920
1.706756
1.706751
1.706600
1.706447
1.706643
1.706774
1.706681
1.706512
1.706576
1.706659
1.706794
1.706749
1.706780
1.706866
1.706948
1.707031
1.706960
1.707019
1.707231
1.707341
1.707458
1.707573
1.707692
1.707618
1.707401
1.707055
1.706722
1.706442
1.706617
1.706713
1.706543
1.706528
1.706761
1.706710
1.706770
1.706764
1.706570
1.706091
1.706110
1.706130
1.705846
1.705611
1.705716
1.705591
1.705525
1.705683
1.705481
1.705185
1.705043
1.704938
1.705112
1.705207
1.705195
1.705474
1.705866
1.705925
1.705997
1.706083
1.706201
1.706228
1.706028
1.705991
1.705879
1.705749
1.705774
1.705858
1.705932
1.705922
1.706025
1.706048
1.706257
1.706570
1.706700
1.706807
1.706923
1.706983
1.707110
1.707152
1.707305
1.707380
1.707381
1.707482
1.707550
1.707571
1.707746
1.707829
1.707973
1.708048
1.708016
1.708001
1.708232
1.708142
1.707889
1.707528
1.707112
1.706908
1.707092
1.707250
1.707381
1.707428
1.707567
1.707543
1.707301
1.707136
1.707246
1.707251
1.707291
1.707238
1.707263
1.707296
1.707474
1.707500
1.707365
1.707364
1.707445
1.707427
1.707583
1.707753
1.707869
1.707944
1.708081
1.707885
1.707783
1.707876
1.707881
1.707977
1.708098
1.708201
1.708187
1.708210
1.708273
1.708253
1.708329
1.708321
1.708349
1.708512
1.708382
1.708264
1.708450
1.708613
1.708725
1.708819
1.708948
1.709310
1.709670
1.709654
1.709650
1.709710
1.709845
1.709906
1.710111
1.710186
1.710270
1.710339
1.710429
1.710504
1.710614
1.710675
1.710789
1.710779
1.710667
1.710816
1.711049
1.711112
1.710781
1.710451
1.710315
1.710207
1.710106
1.710177
1.710374
1.710405
1.710728
1.711061
1.711105
1.711183
1.711287
1.711284
1.711397
1.711508
1.711557
1.711616
1.711747
1.711732
1.711785
1.711805
1.711532
1.711337
1.711348
1.711086
1.710558
1.710378
1.710461
1.710513
1.710639
1.710722
1.710901
1.710902
1.711037
1.711129
1.711197
1.711247
1.711187
1.711168
1.711276
1.711299
1.711437
1.711544
1.711749
1.711881
1.711758
1.711362
1.711287
1.711270
1.710961
1.710728
1.711010
1.711249
1.711287
1.711333
1.711353
1.711286
1.711152
1.711043
1.710975
1.710995
1.710646
1.710352
1.710248
1.710368
1.710233
1.710027
1.710118
1.710225
1.710397
1.710281
1.710067
1.709770
1.709760
1.709923
1.710008
1.709942
1.710019
1.709989
1.710003
1.709775
1.709561
1.709076
1.708799
1.708925
1.709154
1.709088
1.709239
1.709260
1.709487
1.709579
1.709561
1.709529
1.709605
1.709570
1.709484
1.709354
1.709455
1.709510
1.709811
1.710326
1.710607
1.710619
1.710666
1.710740
1.710714
1.710740
1.710903
1.710898
1.710978
1.711121
1.711115
1.711095
1.711176
1.711268
1.711222
1.711277
1.711311
1.711337
1.711536
1.711640
1.711743
1.711785
1.711862
1.711689
1.711738
1.711882
1.712019
1.711909
1.711777
1.711838
1.711759
1.711528
1.711420
1.711526
1.711621
1.711617
1.711514
1.711246
1.711291
1.711384
1.711515
1.711534
1.711291
1.711212
1.711287
1.711137
1.711091
1.711168
1.711260
1.711382
1.711511
1.711597
1.711705
1.711813
1.711918
1.712059
1.712163
1.712227
1.712323
1.712328
1.712382
1.712486
1.712553
1.712362
1.712367
1.712436
1.712374
1.712340
1.712404
1.712275
1.711882
1.711770
1.712160
1.712103
1.711676
1.711582
1.711447
1.711547
1.711641
1.711645
1.711712
1.711942
1.712121
1.712187
1.712147
1.711753
1.711908
1.712035
1.712107
1.711996
1.711650
1.711494
1.711282
1.710941
1.710770
1.710785
1.710811
1.710889
1.711006
1.710806
1.710607
1.710462
1.710372
1.710347
1.710436
1.710440
1.710451
1.710507
1.710677
1.710731
1.710657
1.710577
1.710735
1.710776
1.710730
1.710343
1.710027
1.710334
1.710880
1.710862
1.710934
1.710814
1.710559
1.710587
1.710676
1.710623
1.710732
1.710873
1.710944
1.711052
1.711025
1.710685
1.710282
1.709879
1.709742
1.709632
1.709578
1.709626
1.709787
1.709672
1.709842
1.709982
1.709814
1.709549
1.709347
1.708812
1.708618
1.708676
1.708758
1.708830
1.708746
1.708445
1.708238
1.708262
1.708329
1.708239
1.708314
1.708063
1.707957
1.707940
1.707902
1.707943
1.707996
1.707964
1.708008
1.708122
1.707912
1.707702
1.707826
1.707846
1.707719
1.707666
1.707652
1.707687
1.707788
1.707593
1.707418
1.707162
1.707133
1.707131
1.707295
1.707428
1.707547
1.707647
1.707706
1.707774
1.708103
1.708318
1.708431
1.708484
1.708610
1.708634
1.708713
1.708791
1.708644
1.708414
1.708449
1.708536
1.708559
1.708614
1.708673
1.708803
1.708825
1.708731
1.708546
1.708150
1.707976
1.707780
1.707287
1.707054
1.707079
1.707121
1.707002
1.706860
1.707034
1.706851
1.706838
1.706895
1.707002
1.707099
1.707092
1.706746
1.706592
1.706646
1.706763
1.706775
1.706871
1.707071
1.707112
1.707089
1.706529
1.705916
1.705540
1.705539
1.705674
1.705776
1.705790
1.705855
1.705949
1.706105
1.706315
1.706491
1.706478
1.706401
1.706586
1.706611
1.706708
1.706815
1.706691
1.706536
1.706491
1.706439
1.706531
1.706662
1.706723
1.706798
1.706830
1.706804
1.706861
1.706908
1.707047
1.706970
1.706598
1.705888
1.705428
1.705133
1.705198
1.705393
1.705487
1.705459
1.705463
1.704965
1.704464
1.703820
1.703188
1.702526
1.702025
1.701386
1.700755
1.700192
1.699597
1.698961
1.698411
1.697645
1.697159
1.696585
1.695907
1.695260
1.694653
1.694130
1.693600
1.693254
1.693297
1.693297
1.693552
1.693571
1.693370
1.693269
1.693300
1.693207
1.693251
1.693335
1.693453
1.693495
1.693617
1.693666
1.693683
1.693727
1.693849
1.693943
1.694024
1.694120
1.694173
1.694229
1.694285
1.694425
1.694522
1.694618
1.694772
1.694949
1.694956
1.694734
1.694647
1.694609
1.694629
1.694655
1.694742
1.694689
1.694697
1.694706
1.694589
1.694578
1.694240
1.694088
1.693689
1.693538
1.693660
1.693691
1.693788
1.693722
1.693661
1.693666
1.693733
1.693579
1.693521
1.693477
1.693450
1.693496
1.693517
1.693510
1.693708
1.693774
1.693656
1.693562
1.693728
1.693823
1.693906
1.693964
1.693932
1.694054
1.694112
1.694136
1.694223
1.694288
1.694406
1.694498
1.694602
1.694595
1.694659
1.694654
1.694697
1.694786
1.694899
1.694721
1.694756
1.694855
1.694940
1.694983
1.695010
1.695080
1.694940
1.694982
1.695072
1.695153
1.695266
1.695387
1.695502
1.695598
1.695692
1.695755
1.695836
1.695824
1.695991
1.695923
1.696070
1.696118
1.696084
1.696141
1.696237
1.696379
1.696467
1.696540
1.696544
1.696478
1.696550
1.696622
1.696611
1.696667
1.696580
1.696408
1.696477
1.696538
1.696713
1.696791
1.696906
1.696897
1.697096
1.697171
1.697305
1.697367
1.697461
1.697543
1.697651
1.697662
1.697840
1.697957
1.698023
1.698004
1.698186
1.698262
1.698375
1.698392
1.698605
1.698634
1.698718
1.698851
1.698930
1.698843
1.699124
1.699253
1.699366
1.699441
1.699491
1.698854
1.698303
1.697757
1.697228
1.696526
1.695998
1.695461
1.694909
1.694553
1.694555
1.694583
1.694622
1.694784
1.694837
1.694747
1.694910
1.694866
1.695087
1.695112
1.695273
1.695354
1.695465
1.695474
1.695674
1.695728
1.695827
1.695889
1.695417
1.694837
1.694298
1.693726
1.693241
1.692975
1.693058
1.693137
1.693304
1.693358
1.693493
1.693586
1.693677
1.693745
1.693866
1.693953
1.694028
1.694070
1.694153
1.694217
1.694312
1.694381
1.694420
1.694420
1.694443
1.694517
1.694627
1.694702
1.694847
1.694745
1.694617
1.694628
1.694666
1.694678
1.694714
1.694774
1.694830
1.694898
1.694995
1.695055
1.695035
1.695096
1.695122
1.695253
1.695351
1.695408
1.695465
1.695594
1.695637
1.695657
1.695666
1.695728
1.695742
1.695533
1.695529
1.695613
1.695681
1.695727
1.695814
1.695864
1.695962
1.696042
1.696083
1.695951
1.695862
1.695930
1.696040
1.696133
1.696247
1.696303
1.696388
1.696426
1.696516
1.696599
1.696717
1.696799
1.696899
1.696942
1.697084
1.697147
1.697290
1.697291
1.697143
1.697131
1.697216
1.697101
1.697043
1.697067
1.697064
1.697159
1.697169
1.697131
1.697154
1.697262
1.697328
1.697189
1.697232
1.697293
1.697374
1.697417
1.697222
1.697110
1.697177
1.697261
1.697348
1.697374
1.697425
1.697567
1.697565
1.697163
1.697062
1.697150
1.697132
1.697234
1.697283
1.697259
1.697402
1.697379
1.697464
1.697562
1.697690
1.697764
1.697868
1.697941
1.698018
1.698046
1.698041
1.698211
1.698344
1.698374
1.698316
1.698377
1.698428
1.698363
1.698436
1.698429
1.698475
1.698450
1.698442
1.698503
1.698587
1.698467
1.698146
1.697698
1.697514
1.697519
1.697648
1.697768
1.697848
1.697886
1.697983
1.698071
1.698148
1.698257
1.698368
1.698457
1.698545
1.698565
1.698714
1.698700
1.698766
1.698793
1.698855
1.698846
1.698799
1.698846
1.698876
1.698932
1.699009
1.698944
1.699009
1.699028
1.699107
1.699219
1.699284
1.699144
1.699144
1.699249
1.699327
1.699459
1.699549
1.699638
1.699716
1.699724
1.699711
