0.000000
0.000000
0.000000
0.000000
61.920000
75.184000
93.879000
109.384000
128.738000
159.475000
178.745000
193.087000
198.407000
203.584000
213.344000
226.870000
243.790000
256.818000
275.126000
301.093000
323.431000
338.519000
369.519000
396.062000
418.838000
444.492000
481.193000
515.162000
534.888000
546.189000
569.634000
581.323000
587.162000
591.315000
596.438000
599.609000
628.939000
646.279000
675.845000
699.163000
712.431000
721.261000
731.838000
734.628000
749.218000
760.516000
811.724000
862.207000
899.072000
934.611000
961.612000
988.479000
1023.759000
1047.201000
1078.550000
1123.858000
1181.877000
1243.352000
1282.361000
1321.161000
1376.605000
1413.842000
1447.748000
1502.551000
1563.398000
1585.777000
1609.280000
1621.926000
1654.068000
1676.661000
1701.160000
1720.667000
1726.817000
1742.134000
1785.623000
1828.556000
1866.781000
1895.853000
1931.526000
1960.940000
2006.832000
2053.691000
2093.432000
2123.742000
2163.819000
2186.073000
2217.381000
2230.636000
2247.754000
2265.841000
2278.066000
2292.657000
2304.263000
2321.371000
2337.562000
2349.329000
2375.162000
2404.330000
2434.017000
2455.628000
2470.170000
2485.229000
2509.618000
2522.130000
2553.422000
2572.611000
2593.221000
2617.625000
2640.690000
2654.527000
2665.121000
2680.056000
2684.661000
2693.255000
2700.837000
2706.006000
2708.549000
2715.999000
2721.267000
2724.729000
2726.030000
2727.660000
2731.206000
2738.174000
2741.582000
2746.751000
2762.241000
2778.928000
2796.702000
2812.446000
2837.488000
2855.424000
2884.101000
2917.265000
2969.136000
3006.124000
3047.049000
3072.989000
3099.858000
3129.875000
3166.263000
3195.498000
3230.288000
3269.570000
3300.234000
3334.997000
3364.131000
3377.705000
3405.370000
3433.862000
3468.080000
3488.527000
3511.026000
3518.151000
3549.460000
3596.451000
3638.971000
3666.281000
3687.482000
3700.480000
3727.979000
3767.194000
3801.103000
3832.820000
3862.933000
3882.569000
3899.876000
3911.212000
3933.808000
3949.090000
3968.856000
3990.800000
4013.425000
4048.868000
4073.566000
4100.451000
4128.608000
4144.856000
4170.604000
4194.239000
4222.038000
4239.480000
4267.348000
4289.416000
4315.251000
4338.640000
4367.602000
4402.087000
4428.475000
4445.847000
4460.397000
4470.185000
4480.996000
4489.751000
4496.741000
4504.272000
4518.779000
4535.285000
4552.331000
4569.976000
4591.611000
4609.542000
4635.854000
4653.498000
4679.011000
4703.739000
4728.544000
4758.635000
4787.317000
4809.653000
4831.116000
4841.518000
4841.945000
4857.536000
4877.847000
4892.145000
4896.687000
4901.946000
4907.238000
4931.896000
4956.591000
4972.651000
5001.570000
5025.266000
5051.404000
5077.724000
5100.607000
5119.871000
5145.230000
5150.514000
5151.418000
5156.750000
5167.944000
5173.709000
5177.340000
5180.277000
5184.200000
5185.661000
5185.997000
5186.061000
5191.619000
5198.543000
5207.629000
5219.990000
5232.714000
5235.415000
5236.209000
5236.832000
5239.051000
5240.303000
5240.940000
5241.093000
5241.093000
5241.093000
5241.173000
5241.858000
5243.388000
5251.426000
5256.073000
5267.717000
5275.121000
5287.287000
5297.686000
5303.896000
5316.415000
5324.708000
5330.028000
5334.814000
5336.299000
5341.260000
5351.254000
5363.114000
5376.189000
5380.054000
5384.929000
5389.109000
5397.391000
5404.210000
5408.826000
5412.985000
5413.269000
5414.091000
5414.203000
5416.640000
5438.525000
5457.547000
5477.756000
5496.580000
5516.142000
5527.345000
5543.550000
5549.076000
5560.746000
5567.794000
5572.201000
5573.512000
5573.646000
5573.693000
5573.741000
5574.263000
5578.154000
5589.688000
5608.829000
5619.874000
5627.926000
5628.313000
5637.544000
5639.804000
5642.462000
5642.675000
5643.318000
5643.383000
5643.468000
5643.538000
5643.538000
5643.538000
5643.568000
5643.653000
5643.731000
5643.907000
5644.476000
5644.671000
5644.996000
5646.039000
5652.120000
5657.599000
5665.430000
5672.923000
5683.377000
5693.559000
5702.585000
5707.998000
5712.818000
5714.998000
5719.560000
5734.763000
5756.047000
5768.760000
5788.405000
5811.824000
5822.469000
5835.855000
5851.416000
5863.918000
5886.553000
5904.084000
5918.684000
5944.094000
5962.720000
5977.096000
6007.010000
6021.709000
6035.666000
6044.028000
6056.573000
6062.419000
6073.002000
6099.500000
6139.046000
6146.922000
6157.569000
6170.418000
6184.002000
6195.192000
6206.937000
6222.690000
6238.931000
6256.735000
6274.048000
6288.416000
6305.458000
6319.838000
6341.075000
6345.816000
6354.997000
6381.592000
6395.540000
6403.618000
6416.327000
6428.999000
6436.887000
6451.238000
6472.789000
6483.845000
6505.012000
6533.800000
6566.217000
6571.437000
6607.905000
6640.213000
6676.929000
6703.829000
6738.543000
6750.963000
6773.269000
6782.865000
6798.144000
6821.988000
6839.225000
6851.433000
6867.257000
6871.523000
6873.545000
6878.174000
6894.133000
6917.232000
6940.378000
6977.173000
6991.732000
7042.861000
7070.610000
7097.517000
7127.381000
7142.896000
7169.926000
7196.213000
7215.849000
7242.457000
7267.374000
7283.559000
7305.332000
7320.071000
7335.312000
7347.966000
7368.782000
7389.242000
7421.475000
7447.828000
7474.592000
7494.620000
7511.403000
7519.191000
7525.267000
7529.378000
7535.516000
7536.764000
7540.191000
7549.521000
7559.205000
7566.932000
7581.070000
7594.187000
7599.031000
7616.747000
7629.422000
7637.061000
7659.351000
7675.328000
7692.514000
7703.820000
7727.768000
7740.288000
7754.663000
7762.722000
7782.981000
7790.587000
7804.033000
7809.399000
7812.014000
7815.260000
7827.226000
7835.806000
7843.795000
7846.490000
7848.797000
7851.950000
7854.100000
7854.940000
7855.696000
7863.678000
7871.529000
7873.557000
7877.601000
7878.493000
7879.252000
7889.552000
7899.413000
7905.017000
7909.947000
7910.189000
7910.242000
7910.273000
7911.293000
7913.816000
7926.598000
7930.134000
7938.460000
7943.127000
7948.181000
7949.045000
7949.147000
7949.227000
7966.822000
8007.734000
8043.525000
8091.492000
8108.452000
8116.156000
8133.313000
8133.651000
8134.350000
8136.854000
8137.167000
8137.340000
8137.818000
8137.818000
8137.818000
8137.846000
8142.762000
8144.982000
8150.686000
8155.945000
8161.168000
8172.534000
8180.761000
8181.839000
8182.270000
8182.448000
8182.865000
8183.175000
8183.446000
8183.622000
8184.152000
8195.941000
8197.900000
8203.057000
8218.152000
8218.667000
8221.695000
8224.798000
8225.910000
8228.872000
8235.443000
8242.623000
8252.409000
8259.250000
8274.081000
8280.372000
8286.770000
8295.873000
8314.571000
8325.248000
8337.831000
8343.594000
8347.748000
8348.163000
8349.206000
8351.336000
8354.774000
8358.716000
8364.814000
8373.665000
8383.510000
8390.876000
8397.152000
8402.380000
8412.046000
8415.983000
8420.903000
8422.033000
8422.416000
8422.536000
8423.386000
8423.575000
8423.617000
8423.668000
8423.747000
8423.833000
8423.902000
8423.978000
8424.087000
8424.159000
8424.159000
8424.161000
8424.300000
8424.322000
8424.361000
8424.399000
8424.415000
8424.428000
8424.428000
8424.449000
8425.224000
8430.495000
8431.946000
8432.004000
8432.025000
8432.062000
8432.075000
8432.092000
8432.112000
8432.116000
8432.135000
8432.168000
8432.180000
8432.198000
8432.212000
8432.232000
8432.252000
8432.288000
8432.314000
8432.318000
8432.340000
8432.343000
8432.352000
8432.373000
8432.391000
8432.431000
8432.467000
8432.493000
8432.523000
8432.542000
8432.581000
8432.582000
8432.589000
8432.591000
8432.600000
8432.646000
8432.723000
8432.819000
8433.124000
8433.325000
8433.803000
8434.095000
8434.361000
8434.361000
8434.361000
8434.361000
8434.361000
8434.361000
8434.361000
8434.361000
8434.395000
8434.445000
8435.445000
8441.405000
8443.384000
8445.096000
8447.225000
8450.159000
8450.467000
8450.669000
8451.106000
8451.402000
8452.502000
8453.395000
8453.685000
8456.048000
8459.715000
8460.826000
8461.113000
8461.113000
8461.113000
8461.113000
8461.113000
8461.113000
8461.295000
8461.515000
8462.071000
8464.006000
8469.769000
8471.144000
8472.184000
8472.832000
8474.096000
8474.230000
8474.335000
8475.531000
8481.768000
8486.051000
8496.074000
8504.861000
8514.566000
8524.989000
8536.455000
8546.972000
8560.223000
8572.503000
8588.634000
8595.778000
8601.432000
8603.204000
8603.621000
8603.723000
8604.240000
8605.474000
8605.579000
8605.599000
8605.599000
8605.599000
8605.599000
8605.732000
8606.467000
8608.499000
8611.939000
8614.693000
8616.337000
8617.185000
8619.635000
8620.559000
8621.447000
8622.289000
8624.099000
8629.324000
8640.261000
8646.412000
8657.779000
8678.411000
8698.976000
8711.819000
8733.010000
8749.668000
8771.358000
8803.206000
8827.110000
8841.030000
8851.561000
8864.677000
8881.399000
8896.273000
8908.491000
8912.050000
8918.040000
8918.654000
8919.227000
8919.704000
8919.984000
8920.572000
8920.821000
8921.019000
8921.160000
8921.408000
8921.517000
8921.569000
8921.593000
8921.599000
8921.645000
8921.692000
8921.692000
8921.692000
8921.692000
8921.692000
8921.716000
8921.719000
8921.828000
8921.839000
8921.895000
8921.895000
8921.895000
8921.895000
8921.895000
8921.895000
8921.895000
8921.895000
8921.895000
8921.895000
8921.915000
8921.938000
8921.954000
8921.957000
8921.959000
8921.994000
8922.047000
8922.056000
8922.422000
8922.687000
8922.847000
8922.960000
8923.227000
8923.338000
8923.457000
8923.501000
8926.354000
8930.153000
8934.863000
8937.671000
8949.644000
8953.234000
8956.564000
8959.089000
8965.008000
8970.103000
8975.026000
8978.671000
8986.298000
8987.742000
8988.559000
8989.166000
8993.037000
8996.137000
8999.107000
8999.889000
9000.161000
9000.377000
9000.684000
9000.876000
9000.912000
9001.010000
9001.531000
9010.030000
9028.652000
9029.015000
9053.007000
9061.866000
9099.151000
9106.101000
9109.134000
9110.012000
9114.384000
9121.703000
9130.762000
9141.621000
9150.528000
9159.906000
9177.985000
9195.661000
9204.416000
9209.809000
9212.985000
9215.742000
9218.028000
9219.139000
9222.071000
9223.628000
9223.806000
9223.902000
9224.604000
9226.104000
9227.518000
9236.104000
9243.731000
9252.354000
9261.921000
9268.100000
9271.965000
9273.211000
9276.255000
9292.661000
9300.625000
9306.397000
9309.111000
9309.854000
9310.157000
9310.699000
9312.092000
9312.268000
9313.798000
9314.402000
9314.658000
9314.741000
9314.784000
9314.784000
9314.784000
9314.802000
9314.892000
9315.163000
9317.557000
9321.752000
9327.077000
9331.003000
9336.806000
9347.205000
9360.482000
9374.922000
9395.430000
9418.989000
9446.917000
9456.467000
9462.546000
9469.002000
9474.306000
9479.146000
9483.703000
9487.716000
9493.759000
9499.008000
9511.070000
9518.519000
9527.493000
9536.329000
9550.127000
9559.856000
9564.254000
9566.961000
9571.529000
9574.342000
9582.752000
9588.120000
9591.537000
9593.735000
9594.605000
9594.757000
9594.812000
9594.998000
9595.487000
9596.826000
9599.735000
9601.814000
9604.061000
9605.529000
9606.841000
9607.420000
9608.251000
9610.421000
9613.950000
9615.398000
9615.956000
9616.040000
9616.113000
9616.192000
9616.238000
9616.268000
9616.268000
9616.270000
9616.296000
9616.367000
9616.429000
9616.798000
9622.458000
9622.849000
9624.017000
9624.741000
9626.681000
9628.220000
9630.718000
9633.307000
9637.326000
9638.016000
9638.016000
9638.016000
9638.016000
9638.016000
9638.016000
9638.016000
9638.016000
9638.016000
9638.016000
9638.144000
9638.439000
9638.798000
9638.957000
9639.148000
9639.357000
9639.507000
9639.553000
9639.604000
9639.648000
9639.670000
9639.699000
9639.739000
9639.791000
9639.813000
9639.838000
9639.886000
9639.930000
9639.977000
9640.041000
9640.144000
9640.178000
9640.991000
9644.681000
9649.135000
9650.514000
9650.935000
9652.722000
9653.004000
9653.004000
9653.004000
9653.083000
9653.186000
9653.203000
9653.267000
9653.395000
9653.562000
9653.668000
9653.921000
9655.057000
9655.758000
9656.393000
9656.704000
9657.220000
9661.482000
9663.882000
9665.968000
9670.720000
9671.222000
9671.324000
9671.515000
9671.643000
9672.729000
9681.307000
9687.375000
9701.411000
9708.539000
9724.022000
9734.210000
9750.457000
9759.863000
9780.561000
9802.719000
9820.068000
9827.986000
9834.416000
9839.066000
9845.088000
9850.520000
9850.838000
9851.204000
9851.305000
9851.462000
9852.322000
9856.496000
9860.194000
9861.484000
9863.104000
9869.599000
9877.157000
9894.090000
9910.814000
9926.467000
9940.697000
9943.975000
9952.143000
9959.873000
9965.684000
9973.497000
9985.366000
10000.741000
10013.421000
10017.323000
10020.677000
10023.628000
10028.150000
10048.079000
10062.189000
10067.719000
10071.471000
10074.488000
10074.789000
10074.838000
10076.732000
10077.075000
10077.815000
10077.908000
10078.300000
10078.408000
10079.644000
10081.896000
10081.896000
10081.896000
10081.896000
10082.187000
10083.486000
10084.825000
10086.214000
10087.266000
10087.838000
10087.838000
10088.162000
10088.310000
10088.528000
10088.548000
10088.550000
10088.550000
10088.550000
10088.550000
10088.550000
10088.562000
10088.717000
10089.220000
10089.775000
10090.010000
10090.078000
10090.078000
10090.078000
10090.078000
10090.078000
10090.078000
10090.658000
10096.929000
10100.413000
10101.174000
10101.273000
10101.273000
10101.273000
10101.273000
10101.327000
10101.391000
10101.425000
10101.439000
10101.464000
10101.470000
10101.505000
10101.627000
10101.687000
10101.711000
10101.711000
10101.726000
10102.066000
10102.802000
10105.233000
10113.803000
10120.189000
10123.163000
10124.580000
10125.125000
10125.812000
10126.053000
10126.233000
10126.307000
10126.364000
10126.421000
10126.557000
10126.662000
10126.953000
10127.154000
10127.347000
10127.504000
10127.798000
10128.662000
10129.184000
10129.457000
10133.287000
10143.234000
10152.501000
10161.656000
10176.568000
10187.662000
10191.198000
10192.436000
10192.794000
10193.054000
10195.272000
10199.484000
10218.670000
10222.017000
10223.715000
10224.308000
10228.943000
10237.127000
10254.829000
10267.725000
10273.866000
10275.853000
10286.312000
10293.667000
10301.333000
10304.173000
10304.371000
10304.413000
10304.866000
10306.891000
10307.230000
10307.415000
10307.553000
10307.640000
10307.680000
10307.763000
10308.003000
10308.291000
10308.692000
10308.792000
10308.847000
10308.880000
10308.973000
10309.001000
10309.019000
10309.070000
10309.363000
10309.423000
10310.222000
10310.748000
10310.939000
10310.960000
10311.031000
10311.095000
10311.638000
10311.702000
10311.730000
10311.762000
10311.825000
10311.864000
10311.920000
10311.950000
10311.998000
10312.014000
10312.051000
10312.069000
10312.085000
10312.112000
10312.158000
10312.168000
10312.178000
10312.202000
10312.250000
10312.278000
10312.357000
10312.454000
10312.540000
10312.564000
10312.617000
10312.719000
10312.730000
10312.739000
10312.744000
10312.754000
10312.770000
10312.776000
10312.785000
10312.801000
10312.807000
10312.812000
10312.818000
10312.822000
10312.849000
10312.861000
10312.872000
10312.891000
10312.939000
10312.976000
10313.047000
10313.119000
10313.179000
10313.214000
10313.233000
10313.233000
10313.247000
10313.267000
10313.281000
10313.281000
10313.281000
10313.281000
10313.315000
10313.352000
10313.373000
10313.393000
10313.417000
10313.428000
10313.439000
10313.450000
10313.663000
10313.692000
10313.817000
10313.851000
10313.900000
10313.929000
10313.998000
10314.037000
10314.067000
10314.134000
10314.153000
10314.167000
10314.248000
10314.271000
10314.290000
10314.314000
10314.366000
10314.368000
10314.386000
10314.423000
10314.493000
10314.505000
10314.585000
10314.915000
10315.066000
10315.145000
10315.157000
10315.200000
10315.278000
10315.299000
10315.344000
10315.390000
10315.413000
10315.460000
10315.471000
10315.504000
10315.539000
10315.571000
10315.701000
10315.710000
10315.728000
10315.755000
10315.778000
10315.785000
10315.798000
10315.825000
10315.863000
10315.916000
10315.922000
10315.944000
10315.973000
10315.995000
10316.060000
10316.115000
10316.208000
10316.281000
10316.395000
10316.445000
10316.551000
10316.693000
10316.718000
10316.726000
10316.776000
10316.785000
10316.791000
10316.810000
10316.823000
10316.834000
10316.845000
10316.849000
10316.860000
10316.860000
10316.941000
10316.979000
10316.997000
10316.999000
10317.017000
10317.023000
10317.036000
10317.041000
10317.055000
10317.094000
10317.117000
10317.128000
10317.138000
10317.144000
10317.153000
10317.155000
10317.166000
10317.182000
10317.207000
10317.250000
10317.312000
10317.327000
10317.345000
10317.374000
10317.401000
10317.431000
10317.512000
10317.534000
10317.562000
10317.627000
10317.654000
10317.661000
10317.668000
10317.671000
10317.675000
10317.678000
10317.683000
10317.695000
10317.737000
10317.742000
10317.762000
10317.769000
10317.791000
10317.801000
10317.806000
10317.824000
10317.916000
10318.095000
10318.129000
10318.143000
10318.174000
10318.241000
10318.275000
10318.285000
10318.293000
10318.294000
10318.339000
10318.366000
10318.377000
10318.401000
10318.405000
10318.449000
10318.479000
10318.483000
10318.510000
10318.553000
10318.659000
10318.735000
10318.788000
10318.873000
10318.903000
10318.929000
10319.266000
10319.519000
10319.740000
10319.769000
10319.821000
10319.870000
10319.954000
10319.972000
10319.974000
10320.044000
10320.133000
10320.237000
10320.368000
10320.379000
10320.387000
10320.392000
10320.407000
10320.433000
10320.498000
10320.524000
10320.534000
10320.541000
10320.589000
10320.604000
10320.623000
10320.660000
10320.683000
10320.695000
10320.708000
10320.717000
10320.730000
10320.773000
10320.789000
10320.799000
10320.799000
10320.799000
10320.838000
10320.851000
10320.880000
10320.889000
10320.896000
10320.916000
10320.936000
10320.940000
10320.946000
10320.950000
10320.965000
10320.971000
10320.975000
10321.044000
10321.079000
10321.083000
10321.095000
10321.157000
10321.230000
10321.253000
10321.278000
10321.300000
10321.312000
10321.321000
10321.344000
10321.375000
10321.399000
10321.426000
10321.482000
10321.510000
10321.541000
10321.580000
10322.011000
10326.394000
10328.199000
10336.959000
10343.688000
10343.727000
10344.493000
10345.061000
10347.121000
10351.361000
10358.012000
10362.633000
10370.098000
10375.723000
10383.257000
10392.603000
10404.218000
10431.471000
10438.263000
10446.743000
10453.081000
10457.052000
10458.829000
10462.811000
10470.190000
10476.580000
10491.357000
10500.772000
10512.029000
10523.667000
10533.548000
10542.415000
10545.335000
10546.363000
10551.836000
10561.908000
10573.732000
10574.442000
10575.641000
10576.465000
10576.529000
10576.547000
10576.587000
10576.655000
10576.711000
10576.768000
10576.793000
10576.825000
10576.836000
10576.886000
10577.005000
10577.034000
10577.034000
10577.034000
10577.034000
10577.034000
10577.034000
10577.034000
10577.034000
10577.044000
10577.074000
10577.083000
10577.096000
10577.224000
10577.425000
10577.539000
10577.795000
10577.972000
10578.010000
10578.088000
10578.232000
10578.370000
10579.537000
10587.206000
10595.517000
10597.690000
10598.649000
10606.998000
10620.868000
10632.607000
10634.721000
10640.879000
10642.488000
10643.742000
10650.758000
10654.991000
10655.175000
10655.281000
10655.486000
10655.936000
10656.393000
10656.532000
10656.818000
10657.218000
10657.389000
10657.427000
10660.397000
10662.229000
10678.657000
10689.289000
10696.747000
10701.376000
10705.030000
10706.391000
10709.273000
10712.463000
10715.006000
10716.505000
10718.370000
10719.678000
10720.190000
10720.245000
10720.273000
10720.294000
10720.325000
10720.353000
10720.416000
10720.486000
10720.594000
10720.633000
10720.745000
10720.976000
10721.149000
10721.206000
10721.240000
10721.278000
10721.278000
10721.295000
10721.372000
10721.415000
10721.457000
10721.497000
10721.601000
10721.646000
10722.325000
10722.543000
10722.822000
10723.136000
10723.497000
10723.734000
10723.822000
10723.841000
10723.845000
10723.864000
10723.885000
10723.886000
10723.886000
10723.891000
10723.932000
10723.973000
10723.980000
10724.039000
10724.142000
10724.818000
10732.101000
10745.975000
10758.896000
10766.188000
10775.613000
10777.324000
10783.648000
10784.387000
10784.677000
10785.930000
10786.209000
10786.299000
10786.361000
10786.448000
10786.637000
10786.722000
10786.874000
10786.923000
10786.965000
10788.809000
10789.195000
10789.229000
10789.251000
10789.352000
10789.363000
10789.395000
10789.434000
10789.446000
10789.453000
10789.456000
10789.460000
10789.469000
10789.512000
10789.583000
10789.608000
10789.620000
10789.675000
10789.761000
10789.830000
10789.842000
10789.867000
10789.867000
10789.867000
10789.871000
10789.872000
10789.872000
10789.878000
10789.891000
10789.912000
10789.920000
10791.946000
10791.959000
10791.978000
10791.984000
10792.053000
10792.308000
10792.900000
10793.649000
10793.681000
10793.720000
10793.800000
10793.923000
10794.007000
10794.036000
10794.099000
10794.229000
10794.261000
10794.284000
10794.323000
10794.361000
10794.575000
10794.606000
10794.706000
10794.736000
10794.759000
10794.782000
10794.805000
10794.806000
10794.810000
10794.842000
10794.866000
10794.918000
10795.155000
10795.451000
10795.457000
10795.460000
10795.475000
10795.475000
10795.475000
10795.476000
10795.482000
10795.492000
10795.503000
10795.523000
10795.541000
10795.553000
10795.578000
10795.602000
10795.633000
10795.680000
10795.690000
10795.692000
10795.716000
10795.731000
10795.762000
10795.851000
10795.853000
10795.853000
10795.853000
10795.859000
10795.862000
10795.864000
10795.869000
10795.877000
10795.914000
10795.927000
10796.221000
10796.239000
10796.290000
10796.333000
10796.367000
10796.389000
10796.405000
10796.420000
10796.432000
10796.474000
10796.498000
10796.555000
10796.602000
10796.691000
10796.734000
10796.746000
10796.758000
10796.772000
10796.777000
10796.784000
10796.799000
10796.802000
10796.807000
10796.819000
10796.843000
10797.003000
10797.009000
10797.014000
10797.040000
10797.064000
10797.115000
10797.130000
10797.143000
10797.238000
10797.260000
10797.268000
10797.286000
10797.301000
10797.339000
10797.391000
10797.442000
10797.546000
10797.585000
10797.593000
10797.599000
10797.608000
10797.609000
10797.630000
10797.631000
10797.632000
10797.645000
10797.659000
10797.671000
10797.703000
10797.723000
10797.748000
10797.753000
10797.756000
10797.773000
10797.776000
10797.777000
10797.778000
10797.780000
10797.780000
10797.780000
10797.793000
10797.876000
10797.895000
10797.994000
10798.016000
10798.049000
10798.065000
10798.065000
10798.066000
10798.066000
10798.066000
10798.071000
10798.085000
10798.087000
10798.092000
10798.111000
10798.119000
10798.120000
10798.121000
10798.134000
10798.160000
10798.216000
10798.233000
10798.284000
10798.301000
10798.311000
10798.340000
10798.353000
10798.367000
10798.374000
10798.413000
10798.439000
10798.455000
10798.472000
10798.482000
10798.499000
10798.503000
10798.523000
10798.528000
10798.553000
10798.588000
10798.646000
10798.704000
10798.760000
10798.767000
10798.772000
10798.777000
10798.781000
10798.784000
10798.784000
10798.784000
10798.787000
10798.787000
10799.119000
10799.177000
10799.187000
10799.190000
10799.190000
10799.203000
10799.268000
10799.275000
10799.292000
10799.296000
10799.311000
10799.330000
10799.378000
10799.407000
10799.429000
10799.447000
10799.457000
10799.466000
10799.485000
10799.501000
10799.517000
10799.526000
10799.529000
10799.535000
10799.542000
10799.555000
10799.558000
10799.566000
10799.581000
10799.583000
10799.592000
10799.595000
10799.596000
10799.598000
10799.599000
10799.599000
10799.601000
10799.605000
10799.605000
10799.606000
10799.609000
10799.634000
10799.650000
10799.666000
10799.678000
10799.678000
10799.678000
10799.679000
10799.704000
10799.704000
10799.704000
10799.708000
10799.751000
10799.943000
10800.138000
10800.397000
10800.453000
10800.512000
10800.615000
10800.651000
10800.674000
10800.704000
10800.778000
10800.787000
10800.792000
10800.809000
10800.817000
10800.830000
10800.846000
10800.854000
10800.860000
10800.865000
10800.900000
10800.909000
10800.936000
10800.951000
10800.964000
10800.970000
10800.990000
10800.996000
10800.998000
10801.015000
10801.060000
10801.066000
10801.079000
10801.097000
10801.102000
10801.112000
10801.112000
10801.119000
10801.120000
10801.133000
10801.138000
10801.150000
10801.159000
10801.159000
10801.159000
10801.159000
10801.160000
10801.160000
10801.160000
10801.168000
10801.169000
10801.177000
10801.183000
10801.186000
10801.188000
10801.193000
10801.193000
10801.195000
10801.198000
10801.209000
10801.214000
10801.218000
10801.228000
10801.230000
10801.237000
10801.242000
10801.273000
10801.319000
10801.328000
10801.332000
10801.336000
10801.354000
10801.401000
10801.432000
10801.440000
10801.443000
10801.462000
10801.472000
10801.472000
10801.481000
10801.490000
10801.491000
10801.513000
10801.535000
10801.573000
10801.699000
10801.734000
10801.801000
10801.859000
10801.883000
10801.909000
10801.932000
10801.945000
10802.002000
10802.008000
10802.016000
10802.026000
10802.028000
10802.046000
10802.096000
10802.117000
10802.122000
10802.135000
10802.156000
10802.166000
10802.168000
10802.168000
10802.171000
10802.184000
10802.191000
10802.191000
10802.195000
10802.195000
10802.195000
10802.202000
10802.215000
10802.226000
10802.246000
10802.297000
10802.327000
10802.462000
10802.533000
10802.571000
10802.589000
10802.596000
10802.619000
10802.640000
10802.657000
10802.664000
10802.670000
10802.682000
10802.800000
10802.838000
10802.857000
10802.900000
10802.980000
10803.016000
10803.050000
10803.072000
10803.073000
10803.142000
10803.142000
10803.147000
10803.147000
10803.169000
10803.173000
10803.177000
10803.179000
10803.201000
10803.201000
10803.201000
10803.201000
10803.209000
10803.210000
10803.210000
10803.211000
10803.219000
10803.224000
10803.234000
10803.257000
10803.258000
10803.268000
10803.271000
10803.281000
10803.292000
10803.297000
10803.307000
10803.313000
10803.335000
10803.347000
10803.406000
10803.517000
10803.842000
10803.864000
10803.927000
10803.955000
10804.034000
10804.171000
10804.246000
10804.265000
10804.280000
10804.292000
10804.292000
10804.306000
10804.420000
10804.431000
10804.440000
10804.459000
10804.470000
10804.470000
10804.481000
10804.494000
10804.526000
10804.622000
10804.647000
10804.653000
10804.653000
10804.653000
10804.673000
10804.896000
10804.912000
10804.919000
10804.923000
10804.958000
10804.962000
10804.963000
10804.963000
10805.024000
10805.118000
10805.126000
10805.126000
10805.126000
10805.129000
10805.129000
10805.141000
10805.149000
10805.149000
10805.149000
10805.149000
10805.152000
10805.184000
10805.187000
10805.188000
10805.190000
10805.192000
10805.192000
10805.194000
10805.202000
10805.219000
10805.222000
10805.223000
10805.269000
10805.277000
10805.294000
10805.402000
10805.485000
10805.541000
10805.561000
10805.573000
10805.581000
10805.602000
10805.683000
10805.717000
10805.728000
10805.773000
10805.792000
10805.804000
10805.829000
10805.834000
10805.845000
10805.853000
10805.862000
10805.866000
10805.867000
10805.867000
10805.867000
10805.867000
10805.867000
10805.867000
10805.868000
10805.868000
10805.868000
10805.881000
10806.537000
10806.537000
10806.540000
10806.544000
10806.545000
10806.548000
10806.554000
10806.610000
10806.676000
10806.692000
10806.730000
10806.764000
10806.786000
10806.809000
10806.816000
10806.818000
10806.818000
10806.823000
10806.831000
10806.839000
10806.839000
10806.839000
10806.839000
10806.839000
10806.839000
10806.839000
10806.839000
10806.883000
10806.935000
10806.950000
10806.957000
10806.963000
10806.972000
10806.978000
10806.978000
10806.979000
10806.979000
10806.979000
10806.982000
10806.983000
10806.994000
10807.110000
10807.365000
10807.652000
10807.673000
10807.724000
10807.807000
10807.887000
10808.449000
10808.540000
10808.560000
10808.656000
10808.668000
10808.692000
10808.711000
10808.766000
10808.859000
10808.927000
10809.025000
10809.059000
10809.144000
10810.544000
10812.166000
10813.030000
10813.052000
10813.052000
10813.052000
10813.052000
10813.052000
10813.052000
10813.052000
10813.052000
10813.052000
10813.060000
10813.090000
10813.182000
10813.211000
10813.228000
10813.279000
10813.339000
10814.032000
10814.724000
10814.814000
10815.952000
10819.607000
10822.757000
10822.864000
10822.864000
10822.864000
10822.865000
10822.867000
10822.873000
10822.880000
10822.883000
10822.888000
10822.888000
10822.888000
10822.928000
10822.940000
10822.946000
10822.954000
10822.958000
10822.967000
10822.967000
10822.980000
10822.983000
10822.983000
10822.986000
10822.988000
10822.988000
10822.988000
10822.988000
10822.991000
10822.994000
10822.994000
10822.994000
10822.994000
10822.996000
10822.996000
10823.000000
10823.000000
10823.001000
10823.003000
10823.006000
10823.007000
10823.241000
10823.521000
10823.528000
10823.529000
10823.534000
10823.557000
10823.578000
10823.600000
10823.644000
10823.651000
10823.678000
10823.701000
10823.702000
10823.702000
10823.702000
10823.716000
10823.716000
10823.721000
10823.722000
10823.723000
10823.726000
10823.729000
10823.729000
10823.729000
10823.729000
10823.729000
10823.729000
10823.758000
10823.861000
10823.940000
10824.037000
10824.050000
10824.082000
10824.115000
10824.380000
10824.549000
10824.684000
10824.693000
10824.693000
10824.693000
10824.694000
10824.696000
10824.697000
10824.971000
10825.020000
10825.026000
10825.028000
10825.028000
10825.028000
10825.029000
10825.032000
10825.042000
10825.062000
10825.105000
10825.246000
10825.267000
10825.270000
10825.271000
10825.272000
10825.273000
10825.273000
10825.273000
10825.276000
10825.363000
10826.584000
10826.618000
10826.621000
10826.626000
10826.647000
10826.655000
10826.718000
10826.948000
10826.951000
10826.960000
10826.962000
10826.969000
10826.971000
10826.971000
10826.972000
10826.977000
10826.977000
10826.977000
10826.977000
10826.977000
10826.977000
10826.977000
10826.977000
10826.983000
10826.997000
10827.026000
10827.030000
10827.034000
10827.036000
10827.036000
10827.039000
10827.039000
10827.044000
10827.092000
10827.106000
10827.112000
10827.121000
10827.123000
10827.127000
10827.152000
10827.153000
10827.158000
10827.186000
10827.188000
10827.189000
10827.189000
10827.189000
10827.189000
10827.189000
10827.189000
10827.190000
10827.190000
10827.191000
10827.194000
10827.204000
10827.211000
10827.213000
10827.219000
10827.220000
10827.239000
10827.276000
10827.313000
10827.315000
10827.327000
10827.340000
10827.344000
10827.349000
10827.356000
10827.374000
10827.378000
10827.379000
10827.384000
10827.409000
10827.425000
10827.439000
10827.445000
10827.448000
10827.450000
10827.462000
10827.463000
10827.471000
10827.471000
10827.476000
10827.478000
10827.478000
10827.479000
10827.481000
10827.482000
10827.487000
10827.492000
10827.494000
10827.498000
10827.501000
10827.509000
10827.521000
10827.527000
10827.530000
10827.534000
10827.535000
10827.535000
10827.540000
10827.544000
10827.544000
10827.544000
10827.544000
10827.544000
10827.544000
10827.544000
10827.549000
10827.551000
10827.571000
10827.594000
10827.604000
10827.615000
10827.623000
10827.627000
10827.633000
10827.639000
10827.651000
10827.669000
10827.686000
10827.689000
10827.690000
10827.695000
10827.697000
10827.718000
10827.718000
10827.725000
10827.726000
10827.726000
10827.728000
10827.733000
10827.743000
10827.900000
10831.226000
10831.578000
10831.581000
10831.640000
10831.654000
10831.659000
10831.667000
10831.692000
10831.693000
10831.702000
10831.712000
10831.720000
10831.724000
10831.725000
10831.725000
10831.730000
10831.733000
10831.735000
10831.749000
10831.760000
10831.772000
10831.772000
10831.775000
10831.786000
10831.836000
10831.849000
10831.856000
10831.856000
10831.856000
10831.856000
10831.872000
10831.872000
10831.873000
10831.873000
10831.873000
10831.873000
10831.873000
10831.874000
10831.874000
10831.874000
10831.874000
10831.874000
10831.874000
10831.874000
10831.874000
10831.874000
10831.874000
10831.874000
10831.874000
10831.874000
10831.874000
10831.874000
10831.874000
10831.897000
10831.897000
10831.985000
10832.088000
10832.163000
10832.186000
10832.209000
10832.228000
10832.262000
10832.289000
10832.306000
10832.306000
10832.306000
10832.321000
10832.341000
10832.360000
10832.372000
10832.381000
10832.407000
10832.409000
10832.411000
10832.417000
10832.425000
10832.465000
10832.474000
10832.485000
10832.492000
10832.492000
10832.492000
10832.496000
10832.853000
10833.051000
10833.274000
10833.281000
10833.318000
10833.345000
10833.346000
10833.346000
10833.346000
10833.346000
10833.346000
10833.351000
10833.354000
10833.356000
10833.357000
10833.385000
10833.387000
10833.397000
10833.398000
10833.400000
10833.417000
10833.421000
10833.423000
10833.428000
10833.433000
10833.463000
10833.470000
10833.474000
10833.476000
10833.486000
10833.487000
10833.491000
10833.496000
10833.500000
10833.503000
10833.513000
10833.536000
10833.542000
10833.543000
10833.545000
10833.546000
10833.552000
10833.553000
10833.575000
10833.583000
10833.612000
10833.615000
10833.618000
10833.622000
10833.638000
10833.643000
10833.643000
10833.646000
10833.659000
10833.660000
10833.660000
10833.660000
10833.660000
10833.660000
10833.660000
10833.660000
10833.661000
10833.664000
10833.677000
10833.677000
10833.677000
10833.677000
10833.682000
10833.688000
10833.691000
10833.701000
10833.707000
10833.708000
10833.708000
10833.711000
10833.734000
10833.738000
10833.742000
10833.743000
10833.743000
10833.744000
10833.745000
10833.747000
10833.748000
10833.748000
10833.748000
10833.748000
10833.752000
10833.760000
10833.766000
10833.766000
10833.766000
10833.766000
10833.766000
10833.767000
10833.773000
10833.779000
10833.800000
10833.804000
10833.809000
10833.813000
10833.821000
10833.884000
10833.904000
10833.909000
10833.912000
10833.913000
10833.913000
10833.921000
10833.925000
10833.925000
10833.929000
10833.931000
10833.933000
10833.936000
10833.941000
10833.953000
10833.957000
10833.958000
10833.961000
10833.961000
10833.961000
10833.962000
10833.964000
10833.971000
10833.990000
10833.994000
10834.001000
10834.015000
10834.018000
10834.019000
10834.023000
10834.026000
10834.036000
10834.060000
10834.073000
10834.092000
10834.107000
10834.121000
10834.133000
10834.134000
10834.134000
10834.134000
10834.156000
10834.158000
10834.158000
10834.159000
10834.160000
10834.161000
10834.161000
10834.161000
10834.161000
10834.161000
10834.161000
10834.161000
10834.165000
10834.174000
10834.189000
10834.221000
10834.325000
10834.343000
10834.375000
10834.398000
10834.415000
10834.445000
10834.456000
10834.461000
10834.461000
10834.461000
10834.463000
10834.469000
10834.515000
10834.525000
10834.551000
10834.631000
10834.649000
10834.666000
10834.720000
10834.766000
10834.822000
10834.834000
10834.883000
10834.909000
10834.924000
10834.931000
10834.931000
10834.969000
10835.023000
10835.086000
10835.096000
10835.127000
10835.145000
10835.378000
10835.465000
10835.509000
10835.527000
10835.556000
10835.613000
10835.641000
10835.664000
10835.690000
10835.918000
10836.022000
10836.156000
10836.616000
10836.677000
10836.686000
10836.717000
10836.750000
10836.762000
10837.552000
10837.575000
10837.616000
10837.686000
10837.713000
10837.728000
10837.735000
10837.735000
10837.738000
10837.863000
10838.183000
10838.232000
10838.298000
10838.360000
10838.370000
10838.405000
10838.405000
10838.405000
10838.405000
10838.405000
10838.405000
10838.405000
10838.405000
10838.405000
10838.405000
10838.405000
10838.405000
10838.405000
10838.405000
10838.405000
10838.405000
10838.405000
10838.405000
10838.405000
10838.405000
10838.448000
10838.457000
10838.513000
10838.541000
10838.563000
10838.594000
10838.642000
10838.681000
10838.703000
10838.720000
10838.735000
10838.750000
10838.764000
10838.773000
10838.783000
10838.791000
10838.815000
10838.824000
10838.862000
10838.912000
10838.943000
10838.978000
10839.003000
10839.023000
10839.058000
10839.103000
10839.254000
10840.093000
10840.389000
10842.479000
10842.933000
10842.944000
10842.966000
10842.974000
10843.007000
10843.040000
10843.114000
10843.125000
10843.148000
10843.157000
10843.164000
10843.164000
10843.167000
10843.188000
10843.198000
10843.215000
10843.245000
10843.245000
10843.256000
10843.274000
10843.283000
10843.286000
10843.289000
10843.377000
10843.421000
10843.430000
10843.445000
10843.459000
10843.487000
10843.495000
10843.658000
10843.698000
10843.765000
10843.881000
10844.012000
10844.156000
10844.346000
10844.419000
10844.456000
10844.476000
10844.516000
10844.518000
10844.526000
10844.529000
10844.531000
10844.532000
10844.567000
10844.587000
10844.589000
10844.589000
10844.607000
10844.615000
10844.654000
10844.673000
10844.677000
10844.677000
10844.744000
10844.804000
10844.829000
10844.835000
10844.851000
10845.190000
10845.629000
10845.663000
10845.714000
10845.803000
10845.828000
10846.127000
10846.547000
10847.004000
10847.492000
10847.802000
10847.974000
10847.992000
10848.056000
10848.062000
10848.073000
10848.090000
10848.095000
10848.098000
10848.106000
10848.113000
10848.316000
10848.386000
10848.395000
10848.410000
10848.410000
10848.429000
10848.635000
10848.853000
10848.856000
10848.856000
10848.856000
10848.859000
10848.862000
10848.869000
10848.888000
10848.901000
10848.904000
10848.908000
10848.922000
10848.955000
10848.986000
10849.006000
10849.054000
10849.087000
10849.138000
10849.210000
10849.235000
10849.295000
10849.614000
10849.787000
10849.971000
10850.038000
10850.135000
10850.204000
10850.261000
10850.262000
10850.304000
10850.350000
10850.359000
10850.385000
10850.393000
10850.393000
10850.393000
10850.393000
10850.393000
10850.393000
10850.393000
10850.393000
10850.398000
10850.443000
10850.741000
10850.898000
10851.040000
10851.090000
10851.176000
10851.203000
10851.296000
10851.586000
10851.786000
10851.856000
10851.949000
10852.028000
10852.091000
10852.121000
10852.156000
10852.168000
10852.194000
10852.205000
10852.205000
10852.205000
10852.205000
10852.208000
10852.234000
10852.265000
10852.333000
10852.361000
10853.446000
10853.920000
10854.339000
10856.526000
10869.847000
10876.154000
10889.740000
10905.570000
10930.581000
10953.058000
10973.216000
10990.011000
10998.659000
10999.069000
10999.467000
10999.527000
10999.687000
10999.972000
11000.262000
11000.328000
11000.432000
11000.505000
11000.592000
11000.600000
11000.622000
11000.629000
11000.629000
11000.629000
11000.630000
11000.638000
11000.645000
11000.652000
11000.677000
11001.852000
11001.922000
11001.974000
11002.046000
11002.086000
11002.177000
11003.925000
11008.713000
11008.817000
11008.820000
11008.854000
11008.855000
11008.855000
11008.856000
11008.856000
11008.856000
11008.858000
11008.862000
11008.901000
11008.903000
11008.918000
11008.944000
11008.982000
11009.011000
11009.032000
11009.058000
11009.099000
11009.142000
11009.148000
11009.154000
11009.159000
11009.195000
11009.259000
11009.277000
11009.287000
11009.341000
11009.363000
11011.308000
11013.948000
11015.338000
11016.950000
11017.035000
11019.509000
11020.206000
11020.706000
11029.418000
11030.154000
11038.609000
11040.884000
11040.914000
11040.959000
11040.978000
11041.212000
11042.700000
11044.158000
11044.403000
11044.413000
11044.431000
11044.432000
11044.446000
11044.458000
11044.521000
11044.553000
11044.587000
11044.596000
11044.597000
11044.597000
11044.605000
11044.607000
11044.651000
11044.668000
11044.689000
11044.700000
11044.712000
11044.721000
11044.734000
11044.744000
11044.750000
11044.766000
11044.776000
11044.782000
11044.784000
11044.795000
11044.802000
11044.804000
11044.812000
11044.847000
11045.272000
11045.279000
11045.325000
11045.458000
11045.477000
11045.509000
11045.914000
11046.566000
11046.800000
11046.813000
11046.865000
11046.929000
11046.990000
11047.019000
11047.034000
11047.071000
11047.106000
11047.112000
11047.237000
11049.108000
11064.500000
11077.698000
11093.087000
11106.894000
11117.204000
11124.282000
11132.648000
11142.661000
11147.812000
11149.345000
11149.639000
11153.429000
11154.250000
11154.526000
11154.802000
11155.339000
11159.731000
11162.060000
11163.236000
11163.921000
11164.208000
11164.547000
11164.743000
11164.974000
11165.941000
11167.857000
11168.102000
11168.194000
11168.217000
11168.234000
11168.356000
11168.425000
11168.444000
11168.467000
11168.484000
11168.522000
