1.61986
1.61993
2.12001
2.62016
3.12301
3.62353
4.13282
4.62617
5.12256
5.65555
6.12109
6.62104
7.14854
7.65209
8.12075
8.62131
9.14258
9.65423
10.1229
10.6495
11.1404
11.6428
12.1224
12.6218
13.1415
13.6455
14.1242
14.6213
15.1412
15.6428
16.123
16.6239
17.139
17.6452
18.1342
18.6219
19.1535
19.6527
20.1227
20.6221
21.1351
21.6563
22.1462
22.6206
23.1259
23.6686
24.1578
24.6249
25.1397
25.6554
26.1499
26.6213
27.1245
27.6581
28.1415
28.6224
29.1254
29.6596
30.1723
30.6295
31.1712
31.6658
32.1235
32.628
33.1428
33.6641
34.1213
34.6531
35.194
35.6686
36.1266
36.622
37.1472
37.6568
38.1232
38.6271
39.143
39.6529
40.1417
40.6231
41.1236
41.6603
42.1407
42.6204
43.1234
43.6564
44.1459
44.6226
45.1393
45.6592
46.1234
46.6252
47.1529
47.6732
48.1256
48.6246
49.1421
49.6744
50.122
50.6216
51.1454
51.6412
52.137
52.6213
53.1467
53.6422
54.1211
54.6216
55.139
55.6493
56.129
56.6228
57.1502
57.6549
58.1221
58.6219
59.1402
59.6473
60.1214
60.6224
61.1466
61.6522
62.1297
62.622
63.1505
63.6595
64.1219
64.6248
65.1392
65.6732
66.1319
66.6347
67.1721
67.7062
68.1503
68.6566
69.1328
69.6791
70.185
70.6327
71.131
71.6664
72.1222
72.6233
73.1345
73.6597
74.1508
74.6237
75.1327
75.676
76.1253
76.6363
77.148
77.6834
78.1285
78.6345
79.1461
79.6627
80.1501
80.6361
81.1349
81.6654
82.1506
82.6349
83.1351
83.6828
84.1594
84.6348
85.1642
85.6559
86.143
86.6488
87.1516
87.6772
88.1333
88.6392
89.1492
89.6551
90.1873
90.6414
91.1508
91.6868
92.1505
92.6359
93.1351
93.6626
94.137
94.6365
95.1518
95.6743
96.1512
96.6358
97.1355
97.6736
98.1531
98.6357
99.1377
99.6684
100.175
100.69
101.152
101.678
102.154
102.637
103.135
103.676
104.134
104.646
105.153
105.654
106.136
106.637
107.148
107.683
108.136
108.724
109.137
109.66
110.15
110.638
111.152
111.667
112.138
112.642
113.155
113.669
114.143
114.639
115.17
115.673
116.139
116.636
117.169
117.673
118.149
118.641
119.172
119.674
120.139
120.637
121.184
121.672
122.138
122.688
123.19
123.696
124.153
124.641
125.163
125.717
126.219
126.674
127.169
127.708
128.136
128.64
129.169
129.714
130.137
130.647
131.136
131.676
132.176
132.638
133.152
133.693
134.173
134.646
135.137
135.678
136.153
136.637
137.135
137.666
138.165
138.635
139.18
139.669
140.14
140.638
141.168
141.709
142.138
142.637
143.155
143.716
144.173
144.64
145.193
145.74
146.209
146.641
147.152
147.702
148.151
148.668
149.136
149.675
150.15
150.642
151.147
151.684
152.167
152.688
153.158
153.674
154.144
154.64
155.136
155.684
156.153
156.682
157.206
157.717
158.198
158.676
159.136
159.68
160.192
160.651
161.193
161.683
162.154
162.635
163.14
163.671
164.158
164.636
165.141
165.68
166.156
166.644
167.144
167.681
168.136
168.708
169.152
169.746
170.136
170.635
171.154
171.677
172.19
172.636
173.195
173.677
174.137
174.644
175.157
175.675
176.136
176.649
177.152
177.678
178.156
178.658
179.138
179.669
180.153
180.638
181.137
181.665
182.155
182.639
183.145
183.66
184.143
184.64
185.179
185.661
186.16
186.637
187.155
187.652
188.136
188.641
189.156
189.665
190.143
190.643
191.144
191.657
192.151
192.674
193.137
193.732
194.19
194.666
195.157
195.683
196.158
196.643
197.139
197.673
198.151
198.697
199.133
199.697
200.152
200.667
201.139
201.756
202.15
202.636
203.138
203.896
204.14
204.643
205.162
205.699
206.17
206.638
207.206
207.665
208.152
208.638
209.14
209.673
210.155
210.636
211.323
211.669
212.157
212.637
213.153
213.673
214.212
214.639
215.155
215.678
216.178
216.636
217.306
217.738
218.302
218.65
219.15
219.685
220.152
220.743
221.136
221.688
222.193
222.638
223.152
223.701
224.491
224.711
225.137
225.692
226.139
226.658
227.151
227.687
228.439
228.638
229.136
229.835
230.204
230.637
231.134
231.669
232.159
232.646
233.134
233.703
234.141
234.641
235.155
235.668
236.138
236.64
237.138
237.685
238.152
238.64
239.136
239.714
240.15
240.669
241.139
241.702
242.153
242.638
243.199
243.661
244.167
244.678
245.317
245.673
246.181
246.696
247.158
247.679
248.157
248.636
249.181
249.69
250.26
250.833
251.144
251.68
252.255
252.715
253.189
253.755
254.239
254.708
255.137
255.68
256.136
256.696
257.139
257.693
258.158
258.642
259.283
259.685
260.157
260.637
261.138
261.682
262.154
262.9
263.136
263.682
264.338
264.642
265.153
265.746
266.142
266.843
267.153
267.687
268.137
268.638
269.225
269.675
270.214
270.637
271.158
271.668
272.214
272.637
273.15
273.745
274.136
274.643
275.152
275.744
276.137
276.638
277.155
277.661
278.16
278.638
279.137
279.66
280.15
280.643
281.135
281.65
282.141
282.641
283.155
283.699
284.152
284.638
285.135
285.657
286.155
286.639
287.135
287.663
288.151
288.675
289.137
289.671
290.151
290.636
291.156
291.7
292.151
292.636
293.136
293.662
294.153
294.638
295.141
295.659
296.149
296.641
297.138
297.679
298.155
298.687
299.156
299.659
300.136
300.639
301.151
301.66
302.136
302.635
303.197
303.659
304.137
304.645
305.15
305.655
306.139
306.637
307.17
307.659
308.136
308.69
309.155
309.68
310.155
310.743
311.156
311.729
312.151
312.704
313.17
313.747
314.212
314.671
315.168
315.724
316.196
316.712
317.135
317.679
318.198
318.645
319.156
319.805
320.154
320.638
321.15
321.674
322.137
322.648
323.195
323.697
324.153
324.637
325.172
325.746
326.209
326.683
327.186
327.714
328.209
328.638
329.155
329.672
330.137
330.643
331.155
331.673
332.137
332.642
333.25
333.671
334.14
334.651
335.158
335.68
336.166
336.71
337.142
337.682
338.136
338.661
339.157
339.912
340.157
340.699
341.17
341.701
342.154
342.64
343.15
343.907
344.255
344.85
345.192
345.716
346.138
346.639
347.155
347.752
348.359
348.752
349.156
349.687
350.238
350.643
351.139
351.684
352.207
352.637
353.155
353.775
354.136
354.666
355.155
355.876
356.228
356.646
357.157
357.739
358.138
358.641
359.145
359.664
360.26
360.673
361.154
361.663
362.199
362.647
363.156
363.665
364.134
364.67
365.153
365.748
366.135
366.651
367.287
367.672
368.135
368.71
369.205
369.764
370.421
370.674
371.213
371.735
372.156
372.638
373.213
373.731
374.224
374.686
375.186
375.733
376.233
376.729
377.229
377.751
378.191
378.662
379.154
379.677
380.357
380.757
381.172
381.678
382.138
382.673
383.177
383.68
384.15
384.641
385.173
385.669
386.152
386.643
387.177
387.663
388.155
388.65
389.155
389.659
390.146
390.641
391.153
391.664
392.134
392.645
393.157
393.665
394.14
394.644
395.16
395.669
396.175
396.643
397.134
397.674
398.154
398.667
399.133
399.674
400.154
400.638
401.156
401.681
402.138
402.645
403.168
403.665
404.133
404.655
405.158
405.839
406.142
406.637
407.152
407.677
408.136
408.841
409.15
409.682
410.198
410.651
411.136
411.741
412.138
412.644
413.19
413.735
414.197
414.637
415.145
415.674
416.158
416.642
417.143
417.672
418.152
418.642
419.134
419.675
420.238
420.656
421.152
421.679
422.276
422.721
423.135
423.679
424.155
424.787
425.264
425.758
426.266
426.727
427.229
427.691
428.155
428.644
429.144
429.743
430.277
430.641
431.144
431.792
432.144
432.656
433.134
433.688
434.135
434.637
435.155
435.7
436.135
436.647
437.153
437.656
438.136
438.72
439.152
439.665
440.141
440.643
441.161
441.654
442.138
442.654
443.158
443.654
444.137
444.76
445.152
445.671
446.151
446.641
447.138
447.662
448.137
448.639
449.14
449.671
450.153
450.643
451.266
451.671
452.135
452.669
453.156
453.672
454.153
454.643
455.139
455.717
456.209
456.672
457.177
457.678
458.14
458.688
459.154
459.671
460.328
460.694
461.156
461.752
462.159
462.643
463.157
463.693
464.214
464.696
465.192
465.758
466.248
466.711
467.17
467.726
468.253
468.669
469.196
469.679
470.141
470.674
471.138
471.695
472.228
472.643
473.141
473.76
474.202
474.656
475.172
475.755
476.142
476.641
477.152
477.678
478.255
478.639
479.137
479.752
480.14
480.646
481.137
481.682
482.157
482.767
483.298
483.727
484.222
484.64
485.141
485.69
486.3
486.643
487.158
487.731
488.225
488.644
489.153
489.681
490.153
490.637
491.135
491.715
492.138
492.645
493.151
493.692
494.24
494.653
495.15
495.699
496.152
496.757
497.315
497.701
498.156
498.64
499.354
499.687
500.155
500.641
501.134
501.698
502.156
502.641
503.249
503.749
504.14
504.647
505.134
505.685
506.4
506.88
507.157
507.725
508.139
508.646
509.219
509.685
510.296
510.879
511.157
511.684
512.291
512.641
513.202
513.688
514.145
514.646
515.163
515.684
516.33
516.676
517.139
517.702
518.193
518.637
519.139
519.683
520.163
520.641
521.162
521.695
522.136
522.654
523.152
523.684
524.168
524.67
525.18
525.748
526.243
526.637
527.14
527.725
528.463
528.709
529.3
529.723
530.151
530.642
531.237
531.774
532.481
532.721
533.206
533.743
534.187
534.644
535.141
535.732
536.473
537.003
537.22
537.68
538.46
538.712
539.141
539.676
540.12
540.82
541.322
541.72
542.231
542.677
543.189
543.716
544.21
544.62
545.195
545.689
546.462
546.724
547.159
547.73
548.226
548.703
549.153
549.654
550.132
550.62
551.133
551.654
552.185
552.62
553.131
553.649
554.135
554.62
555.145
555.648
556.133
556.62
557.12
557.658
558.132
558.649
559.12
559.654
560.14
560.62
561.134
561.65
562.135
562.639
563.12
563.703
564.12
564.785
565.181
565.653
566.132
566.62
567.156
567.646
568.12
568.62
569.12
569.643
570.136
570.62
571.12
571.639
572.133
572.62
573.18
573.641
574.132
574.79
575.176
575.642
576.12
576.62
577.132
577.693
578.162
578.62
579.14
579.653
580.16
580.62
581.12
581.657
582.12
582.62
583.133
583.784
584.133
584.62
585.133
585.649
586.133
586.62
587.132
587.657
588.154
588.62
589.12
589.648
590.133
590.62
591.12
591.651
592.185
592.62
593.12
593.652
594.137
594.62
595.12
595.658
596.135
596.62
597.166
597.651
598.174
598.62
599.12
599.652
600.138
600.62
601.146
601.653
602.145
602.62
603.12
603.653
604.12
604.62
605.137
605.654
606.168
606.62
607.12
607.653
608.133
608.62
609.132
609.653
610.12
610.637
611.132
611.655
612.231
612.655
613.166
613.657
614.142
614.656
615.183
615.704
616.189
616.62
617.12
617.647
618.12
618.62
619.162
619.652
620.12
620.624
621.132
621.646
622.131
622.62
623.132
623.648
624.12
624.62
625.12
625.648
626.187
626.62
627.194
627.65
628.191
628.621
629.132
629.653
630.194
630.645
631.136
631.652
632.168
632.62
633.12
633.653
634.12
634.62
635.142
635.653
636.187
636.62
637.139
637.658
638.132
638.62
639.135
639.657
640.12
640.62
641.134
641.654
642.12
642.62
643.136
643.654
644.12
644.62
645.176
645.657
646.12
646.62
647.12
647.661
648.12
648.62
649.132
649.653
650.12
650.62
651.132
651.665
652.12
652.62
653.12
653.645
654.133
654.62
655.143
655.648
656.132
656.62
657.134
657.652
658.12
658.62
659.133
659.652
660.133
660.62
661.12
661.65
662.192
662.62
663.12
663.652
664.12
664.62
665.138
665.653
666.12
666.62
667.12
667.647
668.132
668.62
669.12
669.646
670.221
670.62
671.143
671.651
672.193
672.62
673.133
673.652
674.12
674.62
675.132
675.654
676.163
676.62
677.133
677.655
678.121
678.62
679.135
679.654
680.141
680.679
681.132
681.704
682.131
682.62
683.133
683.679
684.182
684.62
685.12
685.657
686.195
686.62
687.12
687.659
688.12
688.62
689.12
689.667
690.188
690.62
691.12
691.668
692.141
692.632
693.232
693.665
694.134
694.654
695.177
695.654
696.131
696.64
697.12
697.65
698.134
698.62
699.132
699.651
700.12
700.62
701.12
701.674
702.132
702.62
703.121
703.653
704.132
704.648
705.12
705.651
706.12
706.62
707.143
707.653
708.134
708.62
709.132
709.656
710.12
710.62
711.19
711.651
712.187
712.62
713.131
713.651
714.132
714.62
715.147
715.649
716.132
716.62
717.12
717.65
718.178
718.639
719.12
719.655
720.362
720.62
721.142
721.661
722.164
722.62
723.12
723.66
724.12
724.62
725.132
725.651
726.12
726.62
727.12
727.658
728.131
728.62
729.12
729.64
730.137
730.62
731.12
731.657
732.12
732.62
733.12
733.652
734.133
734.637
735.12
735.651
736.12
736.62
737.12
737.656
738.139
738.634
739.146
739.664
740.135
740.62
741.12
741.656
742.132
742.653
743.12
743.65
744.142
744.62
745.126
745.653
746.177
746.634
747.137
747.655
748.12
748.62
749.143
749.657
750.195
750.63
751.139
751.709
752.218
752.67
753.148
753.697
754.179
754.691
755.156
755.698
756.198
756.62
757.141
757.664
758.146
758.662
759.234
759.68
760.12
760.661
761.217
761.895
762.141
762.62
763.12
763.665
764.12
764.62
765.15
765.656
766.12
766.62
767.141
767.649
768.142
768.62
769.12
769.648
770.12
770.62
771.154
771.721
772.134
772.649
773.133
773.653
774.12
774.643
775.169
775.65
776.12
776.62
777.203
777.647
778.136
778.62
779.12
779.65
780.139
780.62
781.12
781.721
782.17
782.62
783.12
783.654
784.141
784.62
785.187
785.665
786.136
786.62
787.12
787.661
788.135
788.656
789.166
789.721
790.206
790.62
791.145
791.723
792.123
792.62
793.137
793.653
794.135
794.62
795.12
795.651
796.131
796.62
797.131
797.643
798.12
798.625
799.131
799.655
800.12
800.622
801.131
801.638
802.12
802.62
803.14
803.656
804.12
804.836
805.145
805.652
806.284
806.62
807.138
807.642
808.12
808.62
809.131
809.687
810.134
810.62
811.12
811.648
812.144
812.62
813.12
813.646
814.131
814.62
815.12
815.644
816.184
816.62
817.12
817.646
818.12
818.62
819.131
819.644
820.12
820.62
821.252
821.655
822.128
822.62
823.135
823.646
824.12
824.674
825.131
825.643
826.132
826.62
827.134
827.647
828.12
828.62
829.12
829.801
830.12
830.645
831.141
831.642
832.12
832.62
833.144
833.642
834.12
834.62
835.183
835.657
836.146
836.691
837.12
837.653
838.135
838.62
839.142
839.645
840.12
840.62
841.146
841.645
842.12
842.62
843.122
843.641
844.132
844.62
845.221
845.641
846.135
846.62
847.127
847.642
848.122
848.62
849.12
849.669
850.142
850.62
851.12
851.651
852.123
852.62
853.12
853.658
854.138
854.62
855.176
855.649
856.143
856.654
857.12
857.645
858.139
858.62
859.171
859.641
860.145
860.62
861.145
861.644
862.143
862.629
863.144
863.649
864.13
864.62
865.145
865.659
866.12
866.69
867.12
867.65
868.211
868.62
869.162
869.645
870.12
870.62
871.141
871.655
872.12
872.62
873.144
873.652
874.12
874.62
875.136
875.683
876.138
876.62
877.158
877.649
878.12
878.623
879.165
879.659
880.132
880.62
881.122
881.647
882.14
882.62
883.122
883.644
884.145
884.62
885.123
885.679
886.141
886.62
887.12
887.651
888.147
888.62
889.12
889.691
890.135
890.62
891.258
891.651
892.12
892.719
893.12
893.721
894.131
894.62
895.171
895.646
896.12
896.62
897.159
897.658
898.12
898.622
899.156
899.642
900.12
900.62
901.155
901.647
902.12
902.62
903.131
903.642
904.143
904.62
905.12
905.645
906.131
906.776
907.12
907.649
908.167
908.62
909.133
909.654
910.134
910.62
911.131
911.646
912.174
912.62
913.269
913.646
914.12
914.62
915.132
915.647
916.16
916.62
917.12
917.644
918.132
918.731
919.12
919.641
920.142
920.62
921.12
921.633
922.138
922.62
923.147
923.637
924.12
924.62
925.155
925.643
926.125
926.62
927.171
927.648
928.12
928.679
929.14
929.648
930.135
930.62
931.12
931.646
932.12
932.749
933.144
933.643
934.145
934.62
935.137
935.642
936.19
936.62
937.12
937.652
938.12
938.62
939.135
939.647
940.183
940.62
941.12
941.651
942.143
942.62
943.12
943.635
944.145
944.62
945.12
945.634
946.136
946.62
947.12
947.636
948.146
948.695
949.125
949.639
950.146
950.62
951.12
951.66
952.148
952.62
953.164
953.652
954.12
954.621
955.145
955.647
956.12
956.62
957.144
957.636
958.271
958.622
959.135
959.639
960.149
960.62
961.12
961.643
962.133
962.62
963.12
963.649
964.12
964.821
965.12
965.637
966.12
966.62
967.152
967.65
968.12
968.642
969.146
969.641
970.12
970.62
971.167
971.647
972.183
972.62
973.133
973.645
974.12
974.62
975.134
975.644
976.159
976.62
977.139
977.642
978.214
978.62
979.26
979.64
980.131
980.62
981.12
981.677
982.137
982.62
983.132
983.649
984.132
984.62
985.131
985.644
986.145
986.62
987.135
987.635
988.12
988.62
989.131
989.678
990.12
990.62
991.151
991.649
992.12
992.62
993.132
993.643
994.12
994.62
995.12
995.671
996.12
996.62
997.12
997.645
998.133
998.62
999.12
999.638
1000.12
1000.62
1001.13
1001.64
1002.13
1002.62
1003.13
1003.64
1004.12
1004.62
1005.13
1005.64
1006.14
1006.62
1007.12
1007.64
1008.13
1008.62
1009.12
1009.67
1010.17
1010.62
1011.13
1011.64
1012.16
1012.62
1013.13
1013.64
1014.12
1014.62
1015.13
1015.66
1016.14
1016.62
1017.12
1017.64
1018.13
1018.63
1019.12
1019.64
1020.18
1020.62
1021.14
1021.65
1022.12
1022.62
1023.14
1023.64
1024.13
1024.62
1025.14
1025.65
1026.12
1026.62
1027.12
1027.64
1028.12
1028.62
1029.13
1029.64
1030.26
1030.62
1031.17
1031.64
1032.13
1032.62
1033.12
1033.66
1034.24
1034.62
1035.12
1035.64
1036.13
1036.62
1037.12
1037.65
1038.17
1038.62
1039.13
1039.65
1040.18
1040.62
1041.2
1041.65
1042.16
1042.62
1043.14
1043.65
1044.13
1044.62
1045.12
1045.64
1046.12
1046.65
1047.13
1047.65
1048.12
1048.62
1049.13
1049.64
1050.12
1050.62
1051.14
1051.64
1052.12
1052.62
1053.16
1053.66
1054.13
1054.62
1055.12
1055.64
1056.14
1056.62
1057.12
1057.69
1058.14
1058.62
1059.17
1059.87
1060.13
1060.62
1061.34
1061.64
1062.12
1062.62
1063.14
1063.65
1064.12
1064.62
1065.14
1065.65
1066.13
1066.66
1067.12
1067.65
1068.14
1068.62
1069.14
1069.65
1070.14
1070.62
1071.14
1071.65
1072.14
1072.62
1073.14
1073.65
1074.12
1074.73
1075.14
1075.65
1076.12
1076.62
1077.14
1077.64
1078.12
1078.62
1079.14
1079.64
1080.12
1080.62
1081.17
1081.65
1082.12
1082.62
1083.13
1083.64
1084.17
1084.62
1085.13
1085.69
1086.13
1086.62
1087.12
1087.65
1088.18
1088.62
1089.14
1089.67
1090.12
1090.62
1091.15
1091.65
1092.12
1092.63
1093.13
1093.64
1094.18
1094.62
1095.12
1095.64
1096.13
1096.62
1097.13
1097.69
1098.13
1098.62
1099.14
1099.65
1100.17
1100.62
1101.15
1101.73
1102.12
1102.62
1103.16
1103.67
1104.12
1104.69
1105.17
1105.66
1106.13
1106.65
1107.14
1107.65
1108.14
1108.72
1109.13
1109.66
1110.21
1110.68
1111.13
1111.68
1112.22
1112.67
1113.16
1113.68
1114.2
1114.69
1115.13
1115.65
1116.12
1116.67
1117.15
1117.73
1118.14
1118.62
1119.14
1119.66
1120.13
1120.62
1121.14
1121.65
1122.19
1122.62
1123.12
1123.64
1124.14
1124.62
1125.12
1125.64
1126.14
1126.62
1127.17
1127.65
1128.14
1128.62
1129.12
1129.69
1130.12
1130.62
1131.12
1131.64
1132.13
1132.62
1133.12
1133.64
1134.13
1134.62
1135.12
1135.65
1136.12
1136.79
1137.14
1137.64
1138.12
1138.64
1139.14
1139.64
1140.12
1140.62
1141.18
1141.64
1142.14
1142.62
1143.12
1143.64
1144.15
1144.62
1145.13
1145.65
1146.12
1146.62
1147.12
1147.64
1148.12
1148.62
1149.12
1149.64
1150.18
1150.62
1151.15
1151.65
1152.12
1152.62
1153.14
1153.65
1154.14
1154.62
1155.12
1155.65
1156.14
1156.62
1157.12
1157.66
1158.12
1158.62
1159.14
1159.65
1160.18
1160.62
1161.13
1161.64
1162.12
1162.62
1163.13
1163.65
1164.14
1164.62
1165.12
1165.65
1166.14
1166.62
1167.12
1167.65
1168.14
1168.62
1169.12
1169.65
1170.25
1170.62
1171.14
1171.64
1172.12
1172.62
1173.14
1173.64
1174.14
1174.62
1175.16
1175.65
1176.12
1176.62
1177.14
1177.65
1178.14
1178.62
1179.17
1179.65
1180.12
1180.62
1181.14
1181.64
1182.12
1182.62
1183.16
1183.65
1184.12
1184.62
1185.14
1185.64
1186.13
1186.62
1187.12
1187.64
1188.13
1188.62
1189.12
1189.64
1190.16
1190.62
1191.12
1191.65
1192.13
1192.63
1193.12
1193.64
1194.13
1194.65
1195.12
1195.65
1196.13
1196.62
1197.38
1197.64
1198.12
1198.62
1199.14
1199.64
1200.22
1200.62
1201.15
1201.7
1202.12
1202.71
1203.12
1203.69
1204.12
1204.62
1205.13
1205.65
1206.13
1206.62
1207.12
1207.65
1208.15
1208.62
1209.12
1209.65
1210.14
1210.62
1211.14
1211.64
1212.33
1212.65
1213.39
1213.64
1214.12
1214.62
1215.12
1215.64
1216.14
1216.62
1217.13
1217.65
1218.12
1218.62
1219.14
1219.65
1220.14
1220.62
1221.14
1221.67
1222.14
1222.62
1223.14
1223.64
1224.14
1224.62
1225.12
1225.64
1226.14
1226.62
1227.12
1227.64
1228.14
1228.62
1229.14
1229.64
1230.12
1230.62
1231.14
1231.65
1232.12
1232.62
1233.12
1233.64
1234.12
1234.62
1235.16
1235.64
1236.12
1236.76
1237.14
1237.64
1238.12
1238.63
1239.12
1239.63
1240.14
1240.62
1241.18
1241.64
1242.13
1242.74
1243.14
1243.66
1244.12
1244.62
1245.14
1245.65
1246.14
1246.62
1247.13
1247.64
1248.14
1248.62
1249.12
1249.64
1250.17
1250.62
1251.14
1251.64
1252.19
1252.62
1253.14
1253.65
1254.12
1254.62
1255.13
1255.65
1256.12
1256.62
1257.16
1257.65
1258.12
1258.62
1259.13
1259.65
1260.12
1260.62
1261.19
1261.67
1262.12
1262.62
1263.12
1263.66
1264.14
1264.65
1265.12
1265.64
1266.12
1266.65
1267.19
1267.67
1268.12
1268.62
1269.14
1269.66
1270.15
1270.62
1271.15
1271.65
1272.15
1272.62
1273.12
1273.66
1274.12
1274.64
1275.12
1275.65
1276.32
1276.62
1277.13
1277.66
1278.14
1278.62
1279.12
1279.66
1280.12
1280.62
1281.14
1281.65
1282.14
1282.62
1283.15
1283.66
1284.12
1284.62
1285.12
1285.65
1286.13
1286.62
1287.12
1287.64
1288.13
1288.62
1289.12
1289.65
1290.12
1290.62
1291.12
1291.73
1292.15
1292.62
1293.12
1293.64
1294.18
1294.62
1295.14
1295.65
1296.12
1296.62
1297.12
1297.64
1298.14
1298.62
1299.12
1299.64
1300.14
1300.62
1301.12
1301.65
1302.12
1302.62
1303.14
1303.64
1304.12
1304.62
1305.14
1305.64
1306.12
1306.62
1307.14
1307.65
1308.14
1308.62
1309.15
1309.64
1310.12
1310.62
1311.14
1311.64
1312.14
1312.62
1313.12
1313.64
1314.12
1314.62
1315.14
1315.64
1316.12
1316.62
1317.17
1317.64
1318.12
1318.62
1319.14
1319.64
1320.13
1320.62
1321.12
1321.64
1322.13
1322.62
1323.13
1323.66
1324.14
1324.62
1325.12
1325.65
1326.14
1326.62
1327.12
1327.64
1328.16
1328.62
1329.12
1329.64
1330.12
1330.62
1331.14
1331.64
1332.12
1332.62
1333.12
1333.65
1334.12
1334.62
1335.14
1335.64
1336.16
1336.62
1337.12
1337.64
1338.14
1338.62
1339.12
1339.64
1340.14
1340.62
1341.12
1341.64
1342.16
1342.62
1343.12
1343.64
1344.12
1344.62
1345.13
1345.64
1346.13
1346.62
1347.14
1347.64
1348.17
1348.62
1349.13
1349.64
1350.12
1350.62
1351.13
1351.65
1352.14
1352.62
1353.15
1353.64
1354.12
1354.62
1355.12
1355.64
1356.15
1356.62
1357.12
1357.64
1358.13
1358.62
1359.12
1359.64
1360.14
1360.63
1361.13
1361.64
1362.12
1362.62
1363.13
1363.64
1364.17
1364.62
1365.19
1365.64
1366.13
1366.62
1367.14
1367.64
1368.12
1368.62
1369.12
1369.65
1370.13
1370.62
1371.19
1371.72
1372.19
1372.7
1373.21
1373.69
1374.15
1374.62
1375.12
1375.73
1376.14
1376.62
1377.12
1377.66
1378.12
1378.7
1379.12
1379.66
1380.2
1380.62
1381.12
1381.68
1382.13
1382.62
1383.12
1383.65
1384.13
1384.62
1385.12
1385.67
1386.13
1386.69
1387.12
1387.66
1388.13
1388.62
1389.15
1389.69
1390.23
1390.62
1391.14
1391.68
1392.12
1392.62
1393.21
1393.68
1394.27
1394.68
1395.21
1395.76
1396.27
1396.68
1397.2
1397.76
1398.18
1398.67
1399.19
1399.68
1400.28
1400.68
1401.15
1401.75
1402.24
1402.75
1403.18
1403.66
1404.14
1404.62
1405.24
1405.69
1406.12
1406.62
1407.13
1407.65
1408.13
1408.62
1409.13
1409.66
1410.15
1410.62
1411.12
1411.67
1412.13
1412.62
1413.12
1413.66
1414.15
1414.62
1415.12
1415.68
1416.12
1416.62
1417.12
1417.65
1418.12
1418.62
1419.13
1419.65
1420.13
1420.62
1421.14
1421.65
1422.14
1422.62
1423.12
1423.65
1424.13
1424.62
1425.13
1425.65
1426.13
1426.62
1427.12
1427.65
1428.14
1428.62
1429.12
1429.64
1430.12
1430.62
1431.13
1431.65
1432.14
1432.62
1433.21
1433.65
1434.12
1434.62
1435.18
1435.65
1436.12
1436.62
1437.14
1437.65
1438.13
1438.62
1439.12
1439.65
1440.13
1440.62
1441.12
1441.65
1442.12
1442.62
1443.13
1443.65
1444.12
1444.62
1445.13
1445.65
1446.12
1446.62
1447.12
1447.71
1448.13
1448.63
1449.13
1449.66
1450.13
1450.62
1451.13
1451.65
1452.12
1452.62
1453.12
1453.65
1454.13
1454.62
1455.21
1455.64
1456.13
1456.62
1457.12
1457.65
1458.12
1458.62
1459.13
1459.65
1460.12
1460.62
1461.14
1461.65
1462.12
1462.62
1463.13
1463.65
1464.15
1464.62
1465.13
1465.65
1466.21
1466.62
1467.13
1467.66
1468.14
1468.62
1469.13
1469.64
1470.19
1470.62
1471.13
1471.65
1472.19
1472.62
1473.13
1473.65
1474.19
1474.62
1475.14
1475.69
1476.12
1476.63
1477.29
1477.72
1478.13
1478.62
1479.21
1479.72
1480.22
1480.7
1481.17
1481.76
1482.25
1482.71
1483.18
1483.72
1484.12
1484.62
1485.18
1485.76
1486.37
1486.62
1487.14
1487.68
1488.3
1488.62
1489.18
1489.67
1490.13
1490.62
1491.23
1491.68
1492.22
1492.67
1493.19
1493.73
1494.2
1494.68
1495.18
1495.68
1496.13
1496.62
1497.14
1497.66
1498.16
1498.62
1499.12
1499.66
1500.14
1500.62
1501.12
1501.66
1502.15
1502.68
1503.13
1503.65
1504.14
1504.62
1505.12
1505.67
1506.13
1506.62
1507.13
1507.65
1508.15
1508.62
1509.17
1509.65
1510.12
1510.62
1511.12
1511.66
1512.13
1512.62
1513.13
1513.65
1514.12
1514.67
1515.12
1515.66
1516.13
1516.62
1517.12
1517.65
1518.13
1518.62
1519.12
1519.65
1520.14
1520.62
1521.15
1521.65
1522.13
1522.62
1523.15
1523.65
1524.14
1524.63
1525.12
1525.66
1526.14
1526.62
1527.14
1527.66
1528.12
1528.62
1529.16
1529.66
1530.12
1530.62
1531.13
1531.65
1532.16
1532.62
1533.14
1533.66
1534.14
1534.66
1535.12
1535.65
1536.14
1536.62
1537.15
1537.65
1538.12
1538.62
1539.12
1539.68
1540.12
1540.62
1541.14
1541.65
1542.13
1542.62
1543.12
1543.65
1544.13
1544.66
1545.12
1545.65
1546.12
1546.63
1547.13
1547.65
1548.17
1548.62
1549.12
1549.65
1550.13
1550.62
1551.32
1551.66
1552.17
1552.62
1553.12
1553.66
1554.13
1554.62
1555.12
1555.65
1556.17
1556.65
1557.12
1557.66
1558.15
1558.62
1559.12
1559.69
1560.12
1560.62
1561.13
1561.66
1562.13
1562.62
1563.13
1563.7
1564.19
1564.67
1565.12
1565.66
1566.14
1566.65
1567.12
1567.65
1568.16
1568.62
1569.13
1569.65
1570.14
1570.62
1571.12
1571.64
1572.22
1572.62
1573.14
1573.65
1574.13
1574.62
1575.12
1575.65
1576.18
1576.62
1577.13
1577.65
1578.12
1578.62
1579.13
1579.65
1580.12
1580.62
1581.19
1581.72
1582.14
1582.62
1583.12
1583.65
1584.12
1584.62
1585.13
1585.7
