0.003771
0.003583
0.000905
0.000951
0.000569
0.001063
0.000661
0.001038
0.001582
0.001269
0.002143
0.000918
0.001268
0.001217
0.001271
0.001225
0.002626
0.003046
0.001736
0.004622
0.001574
0.004198
0.002119
0.001967
0.002128
0.001868
0.001251
0.001498
0.001501
0.001984
0.001350
0.001561
0.001616
0.002433
0.001709
0.001484
0.000916
0.001287
0.001056
0.001991
0.001844
0.001927
0.001904
0.002909
0.002656
0.001476
0.002127
0.002025
0.002173
0.002318
0.001982
0.001933
0.002657
0.003498
0.001626
0.002309
0.001365
0.001139
0.001483
0.001272
0.001256
0.001191
0.001867
0.001217
0.001344
0.001619
0.001653
0.003084
0.001780
0.001822
0.001901
0.001794
0.004194
0.002215
0.001652
0.002350
0.001660
0.001772
0.001811
0.002604
0.004134
0.001618
0.002235
0.002195
0.001029
0.002316
0.001562
0.003120
0.002101
0.001758
0.001675
0.001959
0.002514
0.002469
0.002059
0.001992
0.002124
0.001697
0.001832
0.002403
0.002702
0.001901
0.001783
0.002178
0.002123
0.002071
0.001984
0.002287
0.003358
0.002496
0.003503
0.002508
0.001853
0.001998
0.002407
0.002115
0.002192
0.002235
0.002142
0.002094
0.002601
0.002178
0.002267
0.002102
0.002645
0.003424
0.001931
0.003309
0.001675
0.005090
0.002217
0.002615
0.002136
0.002098
0.001714
0.002275
0.002017
0.002690
0.002129
0.002125
0.001868
0.002931
0.002192
0.002326
0.001798
0.002463
0.001998
0.003171
0.001883
0.001691
0.002247
0.002409
0.002108
0.002820
0.002450
0.001435
0.002263
0.001498
0.001291
0.001541
0.001358
0.002019
0.001264
0.001759
0.001300
0.001101
0.001154
0.001182
0.000982
0.002113
0.001185
0.001042
0.001303
0.001755
0.001116
0.001642
0.001090
0.001049
0.000825
0.001054
0.001505
0.001489
0.001447
0.001583
0.001049
0.002171
0.000812
0.001479
0.001778
0.002415
0.003106
0.002538
0.004197
0.001847
0.004414
0.004027
0.002403
0.001470
0.001780
0.001511
0.001230
0.001958
0.001916
0.001339
0.001221
0.001250
0.000910
0.001703
0.001840
0.000957
0.001363
0.000856
0.000953
0.002160
0.001580
0.000828
0.000996
0.002415
0.000722
0.000826
0.000615
0.001241
0.001325
0.001533
0.000854
0.000975
0.001018
0.001214
0.001432
0.001267
0.001377
0.001442
0.001180
0.001217
0.001443
0.001063
