163.214844
163.214844
163.214844
163.214844
163.214844
163.214844
163.636719
163.636719
163.636719
163.636719
163.636719
163.636719
163.636719
163.636719
163.636719
163.636719
163.636719
163.636719
163.636719
163.636719
163.636719
163.636719
163.636719
163.636719
163.636719
163.636719
163.636719
163.636719
163.636719
163.636719
163.636719
163.636719
163.636719
163.636719
163.636719
163.636719
163.636719
163.636719
163.636719
163.636719
164.925781
164.925781
164.925781
164.925781
164.925781
164.925781
164.925781
164.925781
164.925781
164.925781
164.925781
164.925781
164.925781
164.925781
164.925781
164.925781
164.925781
164.925781
164.925781
164.925781
164.925781
164.925781
164.925781
164.925781
164.925781
164.925781
164.925781
164.925781
164.925781
164.925781
164.925781
164.925781
164.925781
164.925781
164.925781
164.925781
164.925781
164.925781
164.925781
164.925781
164.925781
164.925781
164.925781
164.925781
164.925781
164.925781
164.925781
164.925781
164.925781
164.925781
164.925781
164.925781
164.925781
164.925781
164.925781
164.925781
164.925781
164.925781
164.925781
164.925781
164.925781
164.925781
164.925781
164.925781
164.925781
164.925781
