4.89318
4.93418
6.14465
6.42961
7.49572
7.78141
8.68445
8.84316
9.76471
10.6925
10.826
10.9681
11.7586
12.0205
12.1656
12.83
12.9613
12.9935
13.021
13.058
13.0947
13.1365
13.1692
13.2082
13.2407
13.2694
13.2964
13.3299
13.362
13.3881
13.4201
13.4481
13.4844
13.523
14.8866
16.2855
17.6751
18.9766
19.4927
19.6436
20.9169
21.0967
22.0716
22.1722
22.2936
23.4047
23.774
25.1576
25.7596
27.0081
27.236
27.3631
28.5316
28.8428
29.7681
29.7961
30.4332
30.4618
30.4905
30.5617
30.5942
30.6234
30.6539
31.0864
31.1131
31.145
31.1745
32.2648
32.6921
34.0706
34.1024
34.1613
34.2071
34.4216
34.4487
34.4826
34.5098
34.5427
34.5694
34.6034
34.635
34.6594
34.6906
34.721
34.7495
34.785
34.811
34.8409
34.8725
34.8996
34.9298
34.9624
34.9921
35.021
35.0525
35.1592
35.1887
35.2313
35.2612
35.2936
35.3239
35.3553
35.3784
35.4108
35.4417
35.4872
35.5159
35.5525
35.5841
35.6226
35.6573
35.6845
35.7122
35.7506
35.7836
35.8109
35.8431
35.8838
35.9178
35.9485
35.9787
36.0117
36.0383
36.0679
36.0991
36.1409
36.1718
36.205
36.2344
36.2695
36.3053
36.3387
36.3648
36.4051
36.4429
36.4688
36.4983
36.5263
36.5618
36.5879
36.6172
36.6512
36.6821
36.7128
36.7349
36.7687
36.8094
36.8444
36.8746
36.8999
36.9346
36.9665
36.9951
37.0283
37.0572
37.0909
37.1275
37.1554
37.18
37.2128
37.2416
37.2792
37.305
37.3497
37.3832
37.4108
37.4429
37.4808
37.5104
37.5482
37.5746
37.609
37.6344
37.6639
37.6903
37.7243
37.9541
37.9823
39.0878
39.1202
39.1496
39.1795
39.2113
39.2458
39.2708
39.302
39.3389
39.3617
39.4582
39.4924
39.5228
39.5529
39.5878
39.6191
42.8699
46.1374
47.4926
48.8611
49.2279
50.4131
50.5645
51.8855
52.1691
53.4113
53.6278
53.6579
53.888
53.9218
53.9524
53.9773
54.0083
54.0363
54.0656
54.1044
54.1293
54.1579
54.1863
54.2243
54.2485
54.2766
54.3083
54.3393
54.3687
54.4094
54.4401
54.4738
54.5099
54.5434
54.5691
54.5993
54.6286
54.6613
54.6896
54.72
54.7505
54.7757
