2.13331
2.61663
3.11663
3.6166
4.11662
4.62065
5.11677
5.61666
6.13335
6.61672
7.11663
7.6166
8.11663
8.61666
9.11665
9.61671
10.1175
10.6167
11.1167
11.6167
12.1166
12.6166
13.1367
13.6166
14.1166
14.6166
15.1167
15.6167
16.1166
16.6174
17.1166
17.617
18.1166
18.6166
19.1249
19.6212
20.1167
20.6167
21.1166
21.6166
22.1167
22.6166
23.1167
23.6166
24.1166
24.6166
25.1168
25.6167
26.1167
26.6167
27.1167
27.6167
28.1166
28.6167
29.1166
29.6166
30.138
30.6234
31.1167
31.6166
32.1166
32.6166
33.1166
33.6166
34.1166
34.6166
35.1166
35.6227
36.141
36.6173
37.1276
37.6165
38.1166
38.6167
39.1203
39.6192
40.1166
40.6166
41.1166
41.6166
42.1167
42.6167
43.1167
43.6166
44.1166
44.6167
45.1167
45.6166
46.1375
46.6166
47.1167
47.6167
48.1166
48.6166
49.1166
49.6166
50.1364
50.6166
51.1166
51.6166
52.1176
52.6167
53.1167
53.6168
54.1167
54.6175
