0.008014
0.009943
0.007929
0.006780
0.005439
0.009774
0.004754
0.009119
0.008635
0.007326
0.011117
0.007267
0.006279
0.009137
0.008104
0.005969
0.005766
0.007460
0.006464
0.010393
0.008235
0.016214
0.008211
0.006634
0.007833
0.006972
0.004669
0.006839
0.008842
0.005911
0.008481
0.006062
0.008986
0.019063
0.011729
0.012000
0.009530
0.010164
0.008517
0.009782
0.007612
0.008564
0.007612
0.009041
0.009061
0.005068
0.008691
0.006273
0.005285
0.006164
0.005890
0.005475
0.006691
0.008754
0.006349
0.012563
0.008753
0.008397
0.006988
0.008896
0.008074
0.007628
0.007568
0.007059
0.007107
0.008700
0.007925
0.009974
0.006350
0.006917
0.006478
0.006818
0.010656
0.007482
0.005392
0.006561
0.005878
0.006045
0.005791
0.008579
0.007370
0.004777
0.005902
0.006666
0.006517
0.009414
0.005563
0.005703
0.008709
0.006497
0.005320
0.007814
0.006716
0.005726
0.009270
0.006213
0.004727
0.008235
0.007594
0.008815
0.009176
0.006188
0.005307
0.007040
0.007792
0.009720
0.003999
0.010148
0.009984
0.007989
0.010011
0.009981
0.008012
0.006929
0.008061
0.005003
0.007617
0.009592
0.008924
0.009236
0.008739
0.007829
0.009572
0.009109
0.009483
0.008644
0.006297
0.006622
0.009054
0.009302
0.008833
0.011101
0.008192
0.007721
0.005681
0.008544
0.008625
0.005314
0.010595
0.008133
0.006897
0.009767
0.008810
0.012366
0.005257
0.007648
0.006553
0.006809
0.010455
0.006076
0.009921
0.009304
0.010541
0.010343
0.011750
0.005307
0.009950
0.009450
0.004479
0.006825
0.005488
0.012727
0.009511
0.009076
0.009187
0.006252
0.009038
0.008924
0.005831
0.011070
0.010023
0.005245
0.009611
0.006419
0.005173
0.007472
0.007546
0.005775
0.004089
0.006021
0.005185
0.005132
0.004342
0.007926
0.006920
0.007125
0.007298
0.007456
0.004170
0.008164
0.007562
0.008337
0.011268
0.003910
0.005394
0.014072
0.007795
0.006269
0.005832
0.006438
0.006800
0.006211
0.006883
0.007208
0.005868
0.006439
0.006553
0.009697
0.010341
0.005745
0.005394
0.005169
0.004368
0.010038
0.005264
0.004534
0.004578
0.009129
0.008056
0.005026
0.008286
0.006076
0.007915
0.008982
0.006819
0.011356
0.007311
0.007530
0.006192
0.006395
0.005967
0.007689
0.006639
0.007368
0.007745
0.002671
