0.000000
0.000000
0.150343
0.382451
0.534982
0.651532
0.725040
0.864319
0.985233
1.045356
1.119276
1.194640
1.256809
1.319264
1.359002
1.398004
1.432473
1.463545
1.490251
1.514837
1.543629
1.556521
1.573421
1.590232
1.584051
1.552783
1.553637
1.567197
1.581710
1.595051
1.607733
1.619829
1.630910
1.645389
1.654386
1.663877
1.672797
1.681006
1.688755
1.696023
1.706238
1.711201
1.717086
1.723114
1.727847
1.729186
1.735926
1.741310
1.746448
1.751204
1.755829
1.760123
1.764372
1.770873
1.774458
1.775949
1.777920
1.782313
1.785405
1.791300
1.794388
1.796422
1.795193
1.798148
1.801057
1.802823
1.806150
1.796365
1.781570
1.779947
1.779989
1.780296
1.780362
1.784356
1.786813
1.788128
1.782736
1.778102
1.780043
1.784078
1.786202
1.788567
1.790880
1.792643
1.794803
1.796959
1.800257
1.802141
1.803379
1.805857
1.807372
1.809381
1.812712
1.814488
1.816193
1.818033
1.819025
1.821441
1.823157
1.826045
1.827647
1.829229
1.830715
1.832108
1.833231
1.834443
