2.13326
2.61656
3.11657
3.61657
4.11657
4.62062
5.11667
5.61663
6.13332
6.61665
7.11656
7.61657
8.11656
8.61656
9.11656
9.61667
10.1174
10.6166
11.1166
11.6166
12.1166
12.6166
13.1367
13.6166
14.1166
14.6166
15.1166
15.6167
16.1166
16.6173
17.1165
17.6169
18.1166
18.6166
19.1248
19.6212
20.1166
20.6166
21.1165
21.6165
22.1166
22.6166
23.1166
23.6165
24.1166
24.6165
25.1166
25.6166
26.1166
26.6166
27.1166
27.6166
28.1165
28.6166
29.1166
29.6165
30.138
30.6234
31.1167
31.6165
32.1166
32.6166
33.1166
33.6165
34.1165
34.6165
35.1165
35.6226
36.141
36.6173
37.1276
37.6165
38.1165
38.6166
39.1203
39.6192
40.1166
40.6165
41.1166
41.6165
42.1166
42.6166
43.1166
43.6166
44.1166
44.6166
45.1167
45.6165
46.1375
46.6166
47.1166
47.6166
48.1166
48.6165
49.1165
49.6166
50.1364
50.6166
51.1166
51.6165
52.1175
52.6166
53.1166
53.6167
54.1166
54.6174
