0.000000
0.000000
35.157000
35.157000
36.942000
40.124000
41.843000
47.567000
52.829000
59.179000
72.222000
78.430000
85.075000
93.417000
99.353000
108.210000
117.070000
125.609000
131.641000
140.047000
148.025000
155.108000
160.184000
166.290000
173.245000
174.701000
175.203000
175.577000
175.929000
176.168000
176.296000
176.480000
176.622000
176.762000
176.877000
177.207000
178.655000
182.244000
185.365000
190.349000
195.877000
202.954000
209.888000
217.839000
222.942000
227.634000
230.618000
234.205000
240.830000
248.747000
253.440000
258.809000
264.482000
270.668000
275.972000
284.630000
295.091000
308.595000
323.055000
330.362000
336.508000
341.210000
344.398000
348.582000
353.536000
358.191000
361.107000
364.172000
364.927000
365.634000
366.295000
366.744000
367.014000
367.121000
367.183000
367.232000
367.860000
368.127000
368.328000
368.559000
368.805000
368.980000
369.194000
369.734000
370.531000
370.728000
370.917000
371.284000
371.506000
371.643000
371.724000
371.816000
371.855000
372.068000
372.131000
372.394000
384.151000
391.311000
398.451000
404.004000
410.142000
416.195000
420.507000
426.680000
432.786000
439.893000
445.976000
447.115000
