1.62178
1.62191
2.13388
2.62318
3.1227
3.62184
4.12196
4.62194
5.12305
5.63493
6.14512
6.62371
7.1235
7.63458
8.12195
8.62406
9.12395
9.63508
10.122
10.6224
11.1233
11.6426
12.1219
12.6294
13.1379
13.627
14.1219
14.6219
15.1222
15.6338
16.122
16.6244
17.1221
17.6482
18.1451
18.6232
19.126
19.6436
20.1219
20.6252
21.1226
21.6358
22.122
22.6255
23.1234
23.6304
24.1221
24.6219
25.1246
25.6417
26.1219
26.6237
27.1234
27.6316
28.122
28.6265
29.1229
29.6343
30.1401
30.6235
31.1266
31.6301
32.1219
32.6235
33.123
33.6295
34.122
34.6351
35.1271
35.6251
36.1417
36.6239
37.1281
37.6366
38.1342
38.6219
39.122
39.6221
40.1221
40.6241
41.1219
41.6226
42.1219
42.6244
43.1236
43.6374
44.1221
44.6244
45.1243
45.6259
46.1375
46.6357
47.1242
47.6334
48.122
48.6222
49.1226
49.6296
50.137
50.622
51.127
51.6309
52.122
52.6309
53.1229
53.6325
54.1428
54.6287
