0.017612
0.008819
0.006763
0.004632
0.004454
0.004571
0.005094
0.007250
0.007032
0.006807
0.007023
0.007320
0.011190
0.011878
0.013987
0.009915
0.006685
0.006896
0.011672
0.011704
0.008846
0.011231
0.009487
0.011597
0.013085
0.019711
0.016528
0.017722
0.016293
0.015323
0.010294
0.011550
0.008595
0.007291
0.007438
0.007501
0.004752
0.009132
0.011652
0.011988
0.009514
0.006964
0.009694
0.011757
0.018978
0.012594
0.009423
0.011310
0.014378
0.013766
0.015888
0.017931
0.011038
0.010720
0.013645
0.012963
0.011205
0.016398
0.012320
0.008891
0.011320
0.012509
0.007596
0.008857
0.009138
0.008861
0.007320
0.008447
0.008912
0.008655
0.008601
0.007995
0.013990
0.010097
0.014436
0.011940
0.013399
0.012384
0.021471
0.020536
0.011790
0.011440
0.011507
0.005956
0.008064
0.009812
0.011921
0.015836
0.010972
0.011968
0.010284
0.011929
0.008887
0.011642
0.010943
0.014320
0.013122
0.010550
0.009522
0.008260
0.006792
0.006277
0.006647
0.012022
0.005436
0.006163
0.003700
0.015452
0.012810
0.004483
0.011019
0.011717
0.016646
0.006466
0.010835
0.011349
0.009303
0.009561
0.014621
0.010838
0.013534
0.007715
0.018294
0.014129
0.017625
0.013496
0.017441
0.015090
0.023603
0.015055
0.021839
0.025540
0.017820
0.023496
0.020833
0.023113
0.017425
0.014137
0.023108
0.015456
0.016946
0.013909
0.018648
0.020917
0.027529
0.021468
0.027719
0.023892
0.020690
0.019607
0.020602
0.020894
0.021077
0.017032
0.016433
0.014806
0.013103
0.011057
0.007064
0.012935
0.009418
0.012882
0.014453
0.008685
0.011702
0.009610
0.009044
0.009113
0.011687
0.014132
0.015871
0.011580
0.015991
0.015622
0.011430
0.006591
0.006001
0.009673
0.015471
0.012383
0.013510
0.013838
0.016425
0.014748
0.012516
0.010893
0.008133
0.010808
0.010686
0.009132
0.007416
0.007068
0.006452
0.009998
0.010205
0.007786
0.012229
0.012757
0.018157
0.018913
0.015582
0.014580
0.009559
0.009314
0.009521
0.006012
0.008427
0.008218
0.007652
0.008541
0.009073
0.008850
0.007867
0.009067
0.009260
0.007972
0.007078
0.012196
0.015520
0.015498
0.016374
0.015603
0.014642
0.016146
0.015089
0.017564
0.012982
0.014452
0.017194
0.014138
0.016453
0.014862
0.017983
0.011961
0.015653
0.012059
0.013610
0.011166
0.008091
0.005702
0.004685
0.005759
0.012427
0.013242
0.012357
0.010432
0.011293
0.009876
0.010628
0.010330
0.010010
0.011343
0.014847
0.014291
0.010824
0.012494
0.009568
0.016482
0.014783
0.019361
0.020459
0.017931
0.018045
0.019394
0.014697
0.018197
0.017283
0.017702
0.015805
0.015147
0.013069
0.010303
0.011506
0.012018
0.020082
0.018342
0.014092
0.011502
0.009992
0.006728
0.010157
0.016381
0.009387
0.011668
0.011232
0.014040
0.012607
0.011301
0.006767
0.004872
0.007079
0.007700
0.008922
0.016321
0.021111
0.015854
0.008146
0.008031
0.013024
0.022562
0.024655
0.011562
0.013669
0.017139
0.013422
0.012209
0.018300
0.012572
0.007504
0.008041
0.011623
0.018599
0.014679
0.007657
0.007880
0.007221
0.007541
0.012486
0.016997
0.019134
0.021955
0.010851
0.009861
0.013608
0.006209
0.006952
0.005613
0.007065
0.005914
0.005840
0.006576
0.006110
0.004186
0.009660
0.009793
0.006494
0.007649
0.007270
0.008136
0.010254
0.010525
0.012724
0.009706
0.009405
0.006112
0.006685
0.007623
0.005970
0.006069
0.005870
0.005488
0.003246
0.002628
0.005489
0.009412
0.007731
0.007356
0.009064
0.010355
0.006544
0.008003
0.003660
0.006337
0.012860
0.008919
0.011589
0.008565
0.010106
0.008449
0.009249
0.007618
0.011027
0.006567
0.006759
0.008675
0.007941
0.008556
0.013801
0.012502
0.010915
0.012662
0.012840
0.011200
0.014306
0.014770
0.012792
0.008729
0.008975
0.008818
0.017992
0.016561
0.020342
0.017331
0.009627
0.008904
0.010341
0.007230
0.011661
0.010797
0.008152
0.007403
0.010025
0.012535
0.015120
0.014723
0.015583
0.018253
0.012794
0.009317
0.010139
0.009472
0.015168
0.006721
0.008576
0.012407
0.014992
0.014788
0.007742
0.007202
0.011039
0.006058
0.018789
0.015957
0.014334
0.008272
0.015104
0.020756
0.016435
0.016244
0.016983
0.014680
0.027405
0.012653
0.011717
0.011698
0.011251
0.011266
0.010842
0.020178
0.014919
0.014389
0.015406
0.012460
0.007361
0.007941
0.010880
0.015197
0.015404
0.010839
0.010846
0.012918
0.009907
0.011215
0.012382
0.013958
0.008791
0.011314
0.007635
0.007829
0.004973
0.009969
0.011353
0.008153
0.012174
0.018010
0.016965
0.015429
0.014100
0.012944
0.012314
0.008632
0.011726
0.010515
0.019932
0.017261
0.014766
0.012341
0.008040
0.003248
0.010831
0.007513
0.013804
0.013780
0.013274
0.016014
0.016152
0.019074
0.014616
0.020231
0.011921
0.011839
0.016335
0.014498
0.010717
0.008981
0.011106
0.007830
0.010906
0.014620
0.014792
0.016346
0.014827
0.012346
0.019266
0.010726
0.008807
0.013379
0.013369
0.009033
0.011262
0.015670
0.011363
0.008852
0.010231
0.010546
0.013354
0.013212
0.008433
0.012153
0.012876
0.009509
0.017050
0.017881
0.013955
0.012845
0.019898
0.016230
0.015669
0.012620
0.013946
0.015208
0.009777
0.009799
0.005116
0.006696
0.011126
0.010240
0.011205
0.017029
0.013535
0.010812
0.006583
0.005933
0.008071
0.004995
0.009421
0.010390
0.013527
0.016885
0.010144
0.011721
0.017424
0.012542
0.011637
0.012258
0.010800
0.011395
0.011114
0.014020
0.013069
0.012849
0.013159
0.010712
0.007616
0.007164
0.004754
0.005849
0.005895
0.005836
0.005853
0.005865
0.012774
0.005119
0.021007
0.012900
0.006666
0.014020
0.014691
0.014615
0.017132
0.018371
0.015422
0.014422
0.017650
0.013720
0.017172
0.017677
0.019356
0.013966
0.016166
0.014819
0.007611
0.009000
0.011803
0.011288
0.014094
0.013719
0.020335
0.016762
0.015607
0.012769
0.010397
0.022012
0.020159
0.008527
0.020772
0.020857
0.016587
0.018692
0.026369
0.023250
0.030094
0.018482
0.024245
0.016586
0.016882
0.015831
0.027918
0.016663
0.015815
0.021642
0.022297
0.027191
0.024668
0.017017
0.014875
0.010105
0.009444
0.007107
0.007297
0.007099
0.007519
0.007774
0.006405
0.006590
0.006821
0.006923
0.005696
0.002849
0.003091
0.006110
0.004810
0.008334
0.006467
0.013863
0.012350
0.012266
0.014727
0.014713
0.017178
0.016365
0.016894
0.021946
0.020029
0.016716
0.017085
0.010751
