204.507812
204.507812
215.265625
215.265625
215.265625
215.265625
215.523438
215.523438
215.523438
215.523438
215.523438
215.523438
215.523438
215.523438
215.523438
215.523438
215.523438
215.523438
215.523438
215.523438
216.777344
216.777344
216.777344
216.777344
216.777344
216.777344
216.777344
216.777344
216.777344
216.777344
216.777344
216.777344
216.777344
216.777344
216.777344
216.777344
216.777344
216.777344
216.777344
216.777344
216.777344
216.777344
216.777344
216.777344
216.777344
216.777344
216.777344
216.777344
216.777344
216.777344
216.777344
216.777344
216.777344
216.777344
216.777344
216.777344
216.777344
216.777344
216.777344
216.777344
216.777344
216.777344
216.777344
216.777344
216.777344
216.777344
216.777344
216.777344
216.777344
216.777344
216.777344
216.777344
216.777344
216.777344
216.777344
216.777344
216.777344
216.777344
216.777344
216.777344
216.777344
216.777344
216.777344
216.777344
216.777344
216.777344
216.777344
216.777344
216.777344
216.777344
216.777344
216.777344
216.777344
216.777344
216.777344
216.777344
216.777344
216.777344
216.777344
216.777344
216.777344
221.675781
221.675781
221.675781
221.675781
222.449219
222.449219
222.449219
222.449219
222.449219
222.449219
222.449219
222.449219
222.449219
222.449219
222.449219
222.449219
222.449219
222.449219
222.449219
222.449219
222.449219
222.449219
222.449219
222.449219
222.449219
222.449219
222.449219
222.449219
222.449219
222.449219
222.449219
222.449219
222.449219
222.449219
222.449219
222.449219
222.449219
222.449219
222.449219
222.449219
222.449219
222.449219
222.449219
222.449219
222.449219
222.449219
222.449219
222.449219
222.449219
222.449219
222.449219
222.449219
222.449219
222.449219
222.449219
222.449219
222.449219
222.449219
222.449219
222.449219
222.449219
222.449219
222.449219
222.449219
222.449219
222.449219
222.449219
222.449219
222.449219
222.449219
222.449219
222.449219
222.449219
222.449219
222.449219
222.449219
222.449219
222.449219
222.449219
222.449219
222.449219
222.449219
222.449219
222.449219
222.449219
222.449219
222.449219
222.449219
222.449219
222.449219
222.449219
222.449219
222.449219
222.449219
222.449219
222.449219
222.449219
222.449219
222.449219
222.449219
222.449219
222.449219
222.449219
223.738281
223.738281
223.738281
223.738281
232.761719
232.761719
232.761719
232.761719
232.761719
232.761719
243.847656
243.847656
243.847656
243.847656
243.847656
243.847656
243.847656
243.847656
243.847656
243.847656
243.847656
243.847656
243.847656
243.847656
243.847656
243.847656
243.847656
243.847656
243.847656
243.847656
243.847656
243.847656
243.847656
243.847656
243.847656
243.847656
243.847656
243.847656
243.847656
243.847656
243.847656
243.847656
243.847656
243.847656
243.847656
243.847656
243.847656
243.847656
243.847656
243.847656
243.847656
243.847656
243.847656
243.847656
243.847656
243.847656
243.847656
243.847656
243.847656
243.847656
243.847656
243.847656
243.847656
243.847656
243.847656
243.847656
243.847656
243.847656
243.847656
243.847656
243.847656
243.847656
243.847656
243.847656
243.847656
243.847656
243.847656
243.847656
243.847656
243.847656
243.847656
243.847656
243.847656
243.847656
243.847656
243.847656
243.847656
243.847656
243.847656
243.847656
243.847656
243.847656
243.847656
243.847656
243.847656
243.847656
243.847656
243.847656
243.847656
243.847656
246.167969
246.167969
246.167969
246.167969
246.167969
246.167969
246.167969
246.167969
246.167969
246.167969
246.167969
246.167969
246.167969
246.167969
246.167969
246.167969
246.167969
246.167969
246.167969
246.167969
246.167969
246.167969
246.167969
246.167969
246.167969
246.167969
246.167969
246.167969
246.167969
246.167969
246.167969
246.167969
246.167969
246.167969
246.167969
246.167969
246.167969
246.167969
246.167969
246.167969
246.167969
246.167969
246.167969
246.167969
246.167969
246.167969
246.167969
246.167969
246.167969
246.167969
246.167969
246.167969
246.167969
246.167969
246.167969
246.167969
246.167969
246.167969
246.167969
246.167969
246.167969
246.167969
246.167969
246.167969
246.167969
246.167969
246.167969
246.167969
246.167969
246.167969
246.167969
246.167969
246.167969
246.167969
246.167969
246.167969
246.167969
246.167969
246.167969
246.167969
246.167969
246.167969
246.167969
246.167969
246.167969
246.167969
246.167969
246.167969
246.167969
246.167969
246.167969
246.167969
246.167969
246.167969
246.167969
246.167969
246.167969
246.167969
246.167969
246.167969
246.167969
246.167969
246.167969
246.167969
246.167969
246.167969
246.167969
246.167969
246.167969
246.167969
246.167969
246.167969
246.167969
246.167969
246.167969
246.167969
246.167969
246.167969
246.167969
246.167969
246.167969
246.167969
246.167969
246.167969
246.167969
246.167969
246.167969
246.167969
246.167969
246.167969
246.167969
246.167969
246.167969
246.167969
246.167969
246.167969
246.167969
246.167969
246.167969
246.167969
246.167969
246.167969
246.167969
246.167969
246.167969
246.167969
246.167969
246.167969
246.167969
246.167969
246.167969
246.167969
246.167969
246.167969
246.167969
246.167969
246.167969
246.167969
246.167969
247.714844
247.714844
247.714844
247.714844
247.714844
247.714844
247.714844
247.714844
247.714844
247.714844
247.714844
247.714844
247.714844
247.714844
247.714844
247.714844
247.714844
247.714844
247.714844
247.714844
247.714844
247.714844
247.714844
247.714844
247.714844
247.714844
247.714844
247.714844
247.714844
247.714844
247.714844
247.714844
247.714844
247.714844
247.714844
247.714844
247.714844
247.714844
247.714844
247.714844
247.714844
247.714844
247.714844
247.714844
247.714844
247.714844
247.714844
247.714844
247.714844
247.714844
247.714844
247.714844
247.714844
247.714844
247.714844
247.714844
247.714844
247.714844
247.714844
247.714844
247.714844
247.714844
247.714844
247.714844
247.714844
248.746094
248.746094
248.746094
248.746094
248.746094
249.003906
249.003906
249.003906
249.003906
249.003906
249.003906
249.003906
249.003906
249.003906
249.003906
252.097656
252.097656
252.097656
252.097656
252.097656
258.542969
258.542969
258.542969
258.542969
258.542969
258.542969
258.542969
258.542969
258.542969
258.542969
258.542969
258.542969
258.542969
258.542969
258.542969
258.542969
258.542969
258.542969
258.542969
258.542969
258.542969
258.542969
258.542969
258.542969
258.542969
258.542969
258.800781
258.800781
258.800781
259.058594
259.058594
259.058594
259.058594
259.058594
259.058594
259.058594
259.058594
259.058594
259.058594
259.058594
259.058594
259.058594
259.058594
259.058594
259.058594
259.058594
259.058594
259.058594
259.058594
259.058594
259.058594
259.058594
259.058594
259.058594
259.058594
259.058594
259.058594
259.058594
259.058594
259.058594
259.058594
259.058594
259.058594
259.058594
259.058594
259.058594
259.058594
259.058594
259.058594
259.058594
259.058594
259.058594
259.058594
259.058594
259.058594
259.058594
259.058594
259.058594
259.058594
259.058594
259.058594
259.058594
259.058594
259.058594
259.058594
259.058594
259.058594
259.058594
259.058594
259.058594
259.058594
259.058594
259.058594
259.058594
259.058594
259.058594
259.316406
259.316406
259.316406
259.316406
259.316406
259.316406
259.316406
259.316406
259.316406
262.410156
262.410156
262.410156
262.410156
262.410156
262.410156
262.410156
262.410156
262.410156
262.410156
262.410156
262.410156
262.410156
262.410156
262.410156
262.410156
262.410156
262.410156
262.410156
262.410156
262.410156
262.410156
262.410156
262.410156
262.410156
262.410156
262.410156
262.410156
262.410156
262.410156
262.410156
262.410156
262.410156
262.410156
262.410156
262.410156
262.410156
262.410156
262.410156
262.410156
262.410156
262.410156
262.410156
262.410156
262.410156
262.410156
262.410156
262.410156
262.410156
262.410156
262.410156
262.410156
262.410156
262.410156
262.410156
262.410156
262.410156
262.410156
262.410156
262.410156
262.410156
262.410156
262.410156
262.410156
262.410156
262.410156
262.410156
262.410156
262.410156
262.410156
262.410156
262.410156
262.410156
262.410156
262.410156
262.410156
262.410156
262.410156
262.410156
262.410156
262.410156
262.410156
262.410156
262.410156
262.410156
265.246094
265.503906
265.503906
265.503906
265.503906
265.503906
265.503906
265.503906
265.503906
265.503906
266.277344
266.277344
266.277344
266.277344
266.277344
266.277344
266.277344
266.277344
266.277344
266.277344
266.277344
270.402344
270.402344
271.175781
271.175781
271.175781
271.175781
271.175781
271.175781
271.175781
271.175781
271.175781
271.175781
271.175781
271.175781
271.175781
271.175781
271.175781
271.175781
271.175781
271.175781
271.175781
271.175781
271.175781
271.175781
271.175781
271.175781
271.175781
271.175781
271.175781
271.175781
271.175781
271.175781
271.175781
271.175781
271.175781
271.175781
271.175781
271.175781
271.175781
271.175781
271.175781
271.175781
271.175781
271.175781
271.175781
271.175781
271.175781
271.175781
271.175781
271.175781
271.175781
271.175781
271.175781
271.175781
271.175781
271.175781
271.175781
271.175781
271.175781
271.175781
271.175781
271.175781
271.175781
271.175781
271.175781
271.175781
271.175781
271.175781
271.175781
271.175781
271.175781
271.175781
271.175781
271.175781
271.175781
271.175781
271.175781
271.175781
271.175781
271.175781
289.222656
290.511719
290.511719
290.511719
290.511719
290.511719
294.636719
294.636719
294.636719
294.636719
294.636719
294.636719
294.636719
294.636719
294.636719
294.636719
294.636719
294.636719
294.636719
294.636719
294.636719
294.636719
294.636719
294.636719
294.636719
294.636719
294.636719
294.636719
294.636719
294.636719
294.636719
294.636719
294.636719
294.636719
294.636719
294.636719
294.636719
294.636719
294.636719
294.636719
294.636719
294.636719
294.636719
294.636719
294.636719
294.636719
294.636719
294.636719
294.636719
294.636719
294.636719
294.636719
294.636719
294.636719
294.636719
294.636719
294.636719
294.636719
294.636719
294.636719
294.636719
294.636719
294.636719
294.636719
294.636719
294.636719
294.636719
294.636719
294.636719
294.636719
294.636719
294.636719
294.636719
294.636719
294.636719
294.636719
294.636719
294.636719
294.636719
294.636719
294.636719
294.636719
294.636719
294.636719
294.636719
294.636719
294.636719
294.636719
294.636719
294.636719
294.636719
294.636719
294.636719
294.636719
294.636719
294.636719
294.636719
294.636719
294.636719
294.636719
294.636719
294.636719
294.636719
294.636719
294.636719
294.636719
294.636719
294.636719
294.636719
294.636719
294.636719
294.636719
294.636719
294.636719
294.636719
294.636719
294.636719
294.636719
294.636719
294.636719
294.636719
294.636719
294.636719
294.636719
294.636719
294.636719
294.636719
294.636719
294.636719
294.636719
294.636719
294.636719
294.636719
294.636719
294.636719
294.636719
294.636719
294.636719
294.636719
294.636719
294.636719
294.636719
294.636719
294.636719
294.636719
294.636719
294.636719
294.636719
294.636719
294.636719
294.636719
294.636719
294.636719
294.636719
294.636719
294.636719
294.636719
294.636719
294.636719
294.636719
294.636719
294.636719
294.636719
294.636719
294.636719
294.636719
294.636719
294.636719
294.636719
294.636719
294.636719
294.636719
294.636719
294.636719
294.636719
294.636719
294.636719
294.636719
294.636719
294.636719
294.636719
294.636719
294.636719
294.636719
294.636719
294.636719
294.636719
294.636719
294.636719
294.636719
294.636719
294.636719
294.636719
294.636719
294.636719
294.636719
294.636719
294.636719
294.636719
294.636719
294.636719
294.636719
294.636719
294.636719
294.636719
294.636719
294.636719
294.636719
294.636719
294.636719
294.636719
294.636719
294.636719
294.636719
294.636719
294.636719
294.636719
294.636719
294.636719
294.636719
294.636719
294.636719
294.636719
294.636719
294.636719
294.636719
294.636719
294.636719
294.636719
294.636719
294.636719
294.636719
294.636719
294.636719
294.636719
294.636719
294.636719
294.636719
294.636719
294.636719
294.636719
294.636719
294.636719
294.636719
294.636719
294.636719
294.636719
294.636719
294.636719
294.636719
294.636719
294.636719
294.636719
294.636719
294.636719
294.636719
294.636719
294.636719
294.636719
294.636719
294.636719
294.636719
294.636719
294.636719
294.636719
294.636719
294.636719
294.636719
294.636719
294.636719
294.636719
294.636719
294.636719
294.636719
294.636719
294.636719
294.636719
294.636719
294.636719
294.636719
294.636719
294.636719
294.636719
294.636719
294.636719
294.636719
294.636719
294.636719
294.636719
294.636719
294.636719
294.636719
294.636719
294.636719
294.636719
294.636719
294.636719
294.636719
294.636719
294.636719
294.636719
294.636719
294.636719
294.636719
294.636719
294.636719
294.636719
294.636719
294.636719
294.636719
294.636719
294.636719
294.636719
294.636719
294.636719
294.636719
294.636719
294.636719
294.636719
294.636719
294.636719
294.636719
294.636719
294.636719
294.636719
294.636719
294.636719
294.636719
294.636719
294.636719
294.636719
294.636719
294.636719
294.636719
294.636719
294.636719
294.636719
294.636719
294.636719
294.636719
294.636719
294.636719
294.636719
294.636719
294.636719
294.636719
294.636719
294.636719
294.636719
294.636719
294.636719
294.636719
294.636719
294.636719
294.636719
294.636719
294.636719
294.636719
294.636719
294.636719
294.636719
294.636719
294.636719
294.636719
294.636719
294.636719
294.636719
294.636719
294.636719
294.636719
294.636719
294.636719
294.636719
294.636719
294.636719
294.636719
294.636719
294.636719
294.636719
294.636719
294.636719
294.636719
294.636719
294.636719
294.636719
294.636719
294.636719
294.636719
294.636719
294.636719
294.636719
294.636719
294.636719
294.636719
294.636719
294.636719
294.636719
294.636719
294.636719
294.636719
294.636719
294.636719
294.636719
294.636719
294.636719
294.636719
294.636719
294.636719
294.636719
294.636719
294.636719
294.636719
294.636719
294.636719
294.636719
294.636719
294.636719
294.636719
294.636719
294.636719
294.636719
294.636719
294.636719
294.636719
294.636719
294.636719
294.636719
294.636719
294.636719
294.636719
294.636719
294.636719
294.636719
294.636719
294.636719
294.636719
294.636719
294.636719
294.636719
294.636719
294.636719
294.636719
294.636719
294.636719
294.636719
294.636719
294.636719
294.636719
294.636719
294.636719
294.636719
294.636719
294.636719
294.636719
294.636719
294.636719
294.636719
294.636719
294.636719
294.636719
294.636719
294.636719
294.636719
294.636719
294.636719
294.636719
294.636719
294.636719
294.636719
294.636719
294.636719
294.636719
294.636719
294.636719
294.636719
294.636719
294.636719
294.636719
294.636719
294.636719
294.636719
294.636719
294.636719
294.636719
294.636719
294.636719
294.636719
294.636719
294.636719
294.636719
294.636719
294.636719
294.636719
294.636719
294.636719
294.636719
294.636719
294.636719
294.636719
294.636719
294.636719
294.636719
294.636719
294.636719
294.636719
294.636719
294.636719
294.636719
294.636719
294.636719
294.636719
294.636719
294.636719
294.636719
294.636719
294.636719
294.636719
294.636719
294.636719
294.636719
294.636719
294.636719
294.636719
294.636719
294.636719
294.636719
294.636719
294.636719
294.636719
294.636719
294.636719
294.636719
294.636719
294.636719
294.636719
294.636719
294.636719
294.636719
294.636719
294.636719
294.636719
294.636719
294.636719
294.636719
294.636719
294.636719
294.636719
294.636719
294.636719
294.636719
294.636719
294.636719
294.636719
294.636719
294.636719
294.636719
294.636719
294.636719
294.636719
294.636719
294.636719
294.636719
294.636719
294.636719
294.636719
294.636719
303.660156
303.660156
303.660156
303.660156
303.660156
303.660156
303.660156
303.660156
303.660156
303.660156
303.660156
303.660156
303.660156
303.660156
303.660156
303.660156
303.660156
303.660156
303.660156
303.660156
303.660156
303.660156
303.660156
303.660156
303.660156
303.660156
303.660156
303.660156
303.660156
303.660156
303.660156
303.660156
303.660156
303.660156
303.660156
303.660156
303.660156
303.660156
303.660156
303.660156
303.660156
303.660156
303.660156
303.660156
304.949219
304.949219
304.949219
304.949219
304.949219
304.949219
304.949219
304.949219
304.949219
304.949219
304.949219
304.949219
304.949219
304.949219
304.949219
304.949219
304.949219
304.949219
304.949219
304.949219
304.949219
304.949219
304.949219
304.949219
304.949219
304.949219
304.949219
304.949219
304.949219
304.949219
