4.6879
5.56978
6.9028
7.95424
8.78781
9.32934
10.5338
11.5035
12.3563
13.2233
14.1218
14.4177
15.0841
16.4877
17.351
18.6763
19.3603
20.382
20.566
22.0026
23.3299
24.7402
25.7665
26.4325
27.8262
27.8962
29.2691
30.4903
31.0263
32.3138
32.923
34.0813
34.8099
36.0881
36.9534
37.5072
38.6623
39.1756
40.6094
41.622
42.7124
43.5859
44.6462
45.936
47.1595
48.1507
49.5555
49.8287
49.9539
51.3374
52.1384
53.3414
54.238
55.4166
56.6385
57.5739
58.7379
59.7141
61.0267
61.962
63.14
63.8232
64.9492
65.8256
66.9034
67.5752
68.6574
69.5671
70.502
71.4319
72.5164
73.3374
73.9605
75.1741
75.7544
76.9477
77.4912
78.7091
79.3342
80.7116
81.8644
82.2733
82.7643
83.5905
85.0054
86.4216
87.862
88.1948
89.6038
90.1957
91.4193
91.9894
93.1984
93.8236
95.013
95.5445
96.7732
97.3579
98.5864
99.0987
100.338
100.941
102.264
103.754
105.093
105.743
107.042
107.984
109.009
109.756
111.226
112.617
113.475
114.577
115.907
116.926
117.859
118.934
119.659
120.742
121.49
122.606
123.278
124.256
125.103
126.675
127.837
129.066
130.139
131.211
132.587
133.602
133.979
135.001
135.603
136.727
137.704
138.784
140.281
141.628
142.744
143.78
145.272
145.848
147.226
147.836
149.04
150.209
150.77
151.994
152.564
153.897
154.334
155.589
156.268
157.452
157.864
159.164
159.769
161.08
161.492
162.723
163.217
164.427
165.637
166.675
167.853
169.108
170.27
171.641
172.849
173.954
174.736
175.127
176.626
177.844
178.777
179.865
181.039
182.318
182.841
184.232
185.044
185.845
187.245
188.455
189.775
191.118
192.2
192.817
194.296
195.433
196.285
197.417
198.245
199.216
200.575
201.115
202.568
203.48
204.24
205.638
206.727
208.117
209.064
210.447
212.262
212.713
213.887
214.734
215.489
215.568
216.537
217.028
218.393
218.927
219.368
220.628
221.318
222.043
222.578
224.498
225.564
226.75
227.25
227.859
229.03
230.056
230.754
231.822
233.076
234.223
235.662
237.05
238.61
239.327
240.374
241.718
243.016
244.15
244.93
246.266
247.18
248.67
249.484
250.737
251.566
252.723
253.757
255.144
255.731
256.846
257.791
258.913
259.897
260.73
261.848
263.266
264.467
266.107
266.842
268.655
269.877
271.109
272.293
273.65
275.325
277.54
279.575
280.817
281.479
282.298
283.874
285.1
286.367
287.552
288.78
289.685
290.161
291.033
292.734
294.225
295.612
297.171
298.374
299.787
300.695
301.482
302.411
303.801
304.835
305.02
305.946
307.297
308.167
310.298
311.477
312.565
313.239
314.683
316.081
317.268
318.055
319.267
320.326
320.566
322.131
322.577
323.68
324.012
324.403
328.052
329.442
330.678
331.062
332.204
333.606
334.813
336.834
340.509
342.404
346.017
347.382
348.333
350.576
351.662
352.426
353.993
355.272
356.08
357.19
358.595
359.131
359.892
361.176
362.314
363.023
364.288
364.747
365.917
367.266
367.661
369.052
370.051
370.763
372.206
373.508
373.972
374.67
376.457
377.48
378.698
380.021
381.201
383.194
384.659
387.053
388.323
389.62
391.275
393.315
394.641
395.559
396.553
396.997
398.207
399.237
400.63
402.164
403.023
404.419
405.573
407.069
408.115
409.536
410.801
412.034
413.002
414.274
415.711
416.963
417.635
418.989
419.612
421.222
422.584
423.25
423.831
425.255
428.49
430.88
433.452
434.79
435.34
436.562
437.439
438.822
439.389
440.631
442.027
443.46
444.056
445.381
446.782
447.775
448.522
449.333
450.123
451.122
452.42
453.1
453.833
454.373
455.406
456.75
457.625
458.363
460.088
460.334
461.754
463.093
464.63
466.038
466.856
467.834
468.4
469.5
470.962
472.851
475.072
476.484
477.908
478.728
480.412
481.851
483.236
483.348
483.469
484.888
486.203
487.246
488.543
489.987
490.848
492.024
492.817
493.87
495.055
496.571
498.006
499.018
500.551
501.765
503.259
504.734
506.128
506.743
508.046
509.233
510.199
511.623
513.019
514.038
515.354
516.485
517.981
519.389
520.761
521.809
522.633
523.832
525.22
526.709
528.141
529.485
530.599
531.987
533.564
534.164
535.276
536.726
537.392
537.524
537.621
538.777
540.22
540.822
542.283
543.528
544.734
546.052
547.43
548.252
549.962
551.049
551.801
552.756
553.972
554.714
555.419
556.878
558.271
559.664
560.106
561.125
564.357
565.753
567.063
568.123
569.104
569.958
571.037
572.112
573.489
574.164
575.388
576.775
577.485
578.904
580.048
581.135
582.316
583.761
584.894
586.225
587.033
588.384
590.207
591.341
591.954
593.367
594.755
596.139
597.603
599.002
600.419
601.803
602.759
604.181
605.364
605.999
607.312
608.703
610.047
611.409
612.745
614.131
615.5
616.269
617.651
619.038
620.103
621.141
622.415
622.861
624.231
624.979
626.37
627.485
628.532
629.909
631.17
631.789
633.209
634.446
634.723
635.985
636.097
636.215
636.305
636.386
636.538
637.332
637.78
639.277
640.411
642.049
642.739
644.72
645.949
647.387
648.777
650.191
651.661
653.024
654.465
655.515
655.804
657.217
657.785
659.167
660.892
662.039
662.561
663.986
665.37
666.761
667.253
668.521
669.908
671.253
672.265
672.952
674.336
675.795
677.099
679.541
680.765
681.814
683.609
684.085
685.137
686.544
687.261
687.827
689.455
690.239
690.382
691.82
692.935
693.131
694.271
694.557
696.085
696.522
698.123
699.154
700.565
701.394
702.581
703.972
705.048
707.15
708.849
709.8
710.322
711.558
712.848
714.175
715.253
715.807
717.125
720.16
721.539
723.117
724.444
725.138
727.929
729.041
730.373
732.697
734.035
734.417
735.855
736.768
738.483
739.617
