0.008226
0.003273
0.003736
0.003683
0.004277
0.003928
0.004091
0.004673
0.005279
0.004304
0.004789
0.004998
0.004630
0.004948
0.004825
0.005606
0.006479
0.005735
0.005381
0.006006
0.006569
0.006809
0.007568
0.007641
0.007085
0.006829
0.007384
0.007814
0.008529
0.008866
0.009385
0.009485
0.009916
0.010761
0.011486
0.010318
0.009893
0.010078
0.009926
0.010505
0.011637
0.012148
0.011745
0.011972
0.012839
0.011893
0.011901
0.011605
0.011445
0.011828
0.012086
0.013277
0.014153
0.016652
0.016183
0.016259
0.015158
0.015648
0.013361
0.013356
0.013339
0.013020
0.013313
0.013249
0.013180
0.016752
0.010529
0.009355
0.009726
0.017659
0.008709
0.008759
0.009519
0.010018
0.021675
0.009163
0.009634
0.010873
0.010587
0.009534
0.011468
0.012019
0.012033
0.031950
0.011889
0.012243
0.013075
0.012467
0.013607
0.013738
0.014425
0.015260
0.015554
0.016907
0.016643
0.016819
0.018429
0.020130
0.026375
0.017269
0.018105
0.017370
0.044724
0.019639
0.020425
0.021127
0.040031
0.018492
0.052784
0.020608
0.020660
0.020644
0.038205
0.020182
0.076825
0.021249
0.023477
0.023395
0.089492
0.024493
0.059572
0.086946
0.070647
0.030298
0.029149
0.090072
0.029292
0.031414
0.030761
0.061580
0.101704
0.023845
0.022459
0.022630
0.022235
0.022639
0.022516
0.023563
0.043691
0.022628
0.023767
0.023901
0.087059
0.092369
0.020499
0.020736
0.022584
0.022172
0.023914
0.023637
0.024323
0.131095
0.028177
0.070125
0.136158
0.138676
0.026579
0.056049
0.023913
0.119081
0.023046
0.024426
0.022906
0.021031
0.081533
0.017151
0.019391
0.021090
0.144907
0.094713
0.143583
0.023808
0.172038
0.023235
0.025484
0.025800
0.025559
0.025212
0.023044
0.024708
0.024238
0.024920
0.023102
0.022907
0.024180
0.022114
0.021645
0.021846
0.019735
0.019793
0.019904
0.018823
0.020821
0.022640
0.025069
0.024543
0.138277
0.025836
0.025784
0.024965
0.027458
0.026262
0.026199
0.025142
0.024578
0.024591
0.142302
0.022810
0.023618
0.023461
0.021513
0.021486
0.021530
0.021443
0.136993
0.168352
0.184911
0.024187
0.025018
0.181622
0.023010
0.022885
0.187384
0.134212
0.025408
0.025126
0.174027
0.027541
0.028446
0.029053
0.029965
0.028777
0.032176
0.193539
0.036711
0.037613
0.177792
0.200157
0.134635
0.031881
0.029610
0.193205
0.168195
0.188463
0.022109
0.133521
0.019264
0.018094
0.020987
0.019479
0.021029
0.021981
0.021382
0.024754
0.024987
0.026160
0.090934
0.028890
0.163000
0.202169
0.032703
0.042481
0.038954
0.040812
0.041192
0.043657
0.195753
0.040254
0.039057
0.042292
0.042488
0.042793
0.046174
0.045460
0.219252
0.161067
0.171970
0.189080
0.049652
0.044590
0.044030
0.039608
0.041718
0.186189
0.178222
0.169494
0.141442
0.032641
0.038060
0.035940
0.043507
0.040945
0.161879
0.042608
0.040267
0.050263
0.042375
0.041963
0.038121
0.038262
0.033989
0.035705
0.034813
0.038889
0.035907
0.035463
0.132895
0.200738
0.036124
0.033717
0.040020
0.038488
0.044177
0.043794
0.046926
0.045867
0.044937
0.040094
0.040895
0.041643
0.039826
0.045648
0.047015
0.050634
0.040668
0.040682
0.043677
0.222316
0.045055
0.040746
0.040733
0.037475
0.038161
0.040963
0.179345
0.036345
0.037466
0.149680
0.031484
0.031342
0.035077
0.033426
0.034220
0.034847
0.036109
0.201514
0.251461
0.045490
0.045578
0.266158
0.200929
0.045781
0.047336
0.042142
0.044332
0.044157
0.054930
0.051095
0.048964
0.050806
0.046240
0.045890
0.039816
0.037796
0.250656
0.032050
0.030213
0.028977
0.167184
0.023051
0.156034
0.025665
0.249463
0.029518
0.258652
0.210785
0.029362
0.033799
0.029389
0.029889
0.026214
0.025690
0.023579
0.022977
0.024783
0.031057
0.032410
0.031932
0.040913
0.047721
0.045290
0.048569
0.049558
0.045692
0.043008
0.041273
0.032966
0.032764
0.029888
0.208045
0.030121
0.029534
0.032737
0.033322
0.032344
0.030863
0.030689
0.025266
0.028985
0.026837
0.026609
0.027090
0.025531
0.025379
0.030729
0.034509
0.032652
0.037344
0.036030
0.030062
0.036522
0.035285
0.036519
0.028992
0.033776
0.034168
0.032474
0.039010
0.045794
0.037789
0.035714
0.031125
0.031534
0.026787
0.026177
0.030319
0.029816
0.029668
0.028252
0.024782
0.029941
0.029871
0.028857
0.025877
0.026955
0.029224
0.030789
0.029221
0.033178
0.034266
0.033927
0.028405
0.030413
0.031402
0.034697
0.034409
0.035872
0.034015
0.029053
0.031289
0.033912
0.033536
0.029655
0.036009
0.033678
0.036792
0.035608
0.038247
0.036822
0.035049
0.032977
0.025051
0.031471
0.026259
0.023391
0.031444
0.031344
0.042110
0.039805
0.040558
0.033532
0.032929
0.031809
0.031121
0.030271
0.026428
0.026885
0.181715
0.029203
0.031421
0.036283
0.183654
0.032043
0.024497
0.028553
0.027126
0.025849
0.026419
0.030347
0.029429
0.034864
0.036250
0.035165
0.043178
0.036407
0.034472
0.024872
0.033942
0.029938
0.029330
0.030182
0.023041
0.022905
0.025770
0.025874
0.023883
0.024274
0.022226
0.025503
0.024575
0.028998
0.028609
0.032320
0.039299
0.031255
0.032138
0.030113
0.024569
0.028356
0.028067
0.029886
0.030010
0.034714
0.034690
0.033954
0.030315
0.029365
0.029901
0.029380
0.029792
0.028646
0.029536
0.030155
0.029253
0.029684
0.033255
0.032937
0.026210
0.030625
0.029378
0.026195
0.025496
0.022495
0.027222
0.023813
0.024167
0.025408
0.025239
0.026505
0.026532
0.029670
0.029485
0.030505
0.034207
0.025925
0.024873
0.033067
0.032267
0.034200
0.033197
0.032431
0.032976
0.034682
0.036125
0.033800
0.035035
0.038844
0.038640
0.029162
0.030581
0.029778
0.033099
0.032558
0.030274
0.028399
0.036348
0.030780
0.031834
0.032103
0.031067
0.024452
0.023718
0.022263
0.022717
0.026913
0.026200
0.027656
0.028541
0.030716
0.031976
0.035865
0.035391
0.035310
0.032289
0.036593
0.035868
0.043359
0.047548
0.045950
0.053742
0.053660
0.049662
0.041323
0.043216
0.043482
0.217571
0.044598
0.043401
0.042650
0.243843
0.037836
0.037931
0.036484
0.137366
0.033365
0.031392
0.032539
0.034582
0.038063
0.274854
0.178854
0.051236
0.056317
0.055710
0.224070
0.063380
0.062898
0.245391
0.270477
0.300649
0.054856
0.055433
0.048389
0.050663
0.056756
0.202794
0.271704
0.060298
0.055192
0.057998
0.061909
0.056440
0.057333
0.055635
0.055569
0.257565
0.040320
