0.000000
0.000000
0.294017
0.478855
0.647790
0.744431
0.860133
1.003841
1.119195
1.208363
1.278911
1.345252
1.388759
1.412485
1.458482
1.491696
1.520914
1.544340
1.576064
1.596398
1.614451
1.626412
1.645599
1.656006
1.672920
1.680327
1.694123
1.700338
1.688351
1.682343
1.691719
1.705416
1.713235
1.709694
1.702383
1.704620
1.683817
1.673536
1.654669
1.655924
1.663236
1.668231
1.670842
1.664743
1.665010
1.668070
1.667009
1.670890
1.676940
1.681502
1.688667
1.696248
1.697079
1.699071
1.706375
1.711273
1.715887
1.720828
1.726463
1.730079
1.734402
1.736903
1.740825
1.742427
1.748162
1.750184
1.752572
1.753408
1.757185
1.758269
1.764613
1.766780
1.770383
1.772259
1.774209
1.775184
1.774219
1.778230
1.780262
1.781627
1.785078
1.784447
1.789435
1.789548
1.787941
1.785386
1.787203
1.787454
1.788265
1.780901
1.778694
1.779983
1.779898
1.775139
1.775215
1.776923
1.778553
1.780275
1.782603
1.783655
1.784417
1.786723
1.787809
1.789039
1.791402
1.792524
1.794170
1.789407
1.787886
1.788604
1.786575
1.787016
1.788684
1.789522
1.786508
1.786281
1.787790
1.790263
1.789649
1.781106
1.774655
1.771073
1.771762
1.774123
1.775841
1.777093
1.778750
1.779100
1.781313
1.782526
1.783294
1.783387
1.784993
1.786133
1.787701
1.788277
1.790721
1.790239
1.788542
1.788734
1.789466
1.790030
1.790515
1.792213
1.793732
1.795140
1.795966
1.796820
1.798351
1.799500
1.801690
1.802447
1.804034
1.804216
1.806241
1.806766
1.808955
1.810025
1.811024
1.811657
1.813056
1.814015
1.814688
1.816553
1.815324
1.810046
1.805113
1.804507
1.805955
1.804898
1.798935
1.797744
1.797475
1.793910
1.791310
1.791798
1.792861
1.793972
1.795328
1.796268
1.797266
1.797763
1.798506
1.800258
1.801512
1.802350
1.803098
1.803799
1.804946
1.806579
1.807266
1.807818
1.809020
1.809578
1.810687
1.811493
1.812983
1.813483
1.814529
1.814114
1.815756
1.815348
1.816797
1.816264
1.815829
1.815970
1.817005
1.816539
1.814498
1.814235
1.812373
1.811166
1.811121
1.811343
1.812247
1.810318
1.806661
1.805671
1.805604
1.804586
1.804654
1.804601
1.804543
1.804578
1.804861
1.805234
1.805753
1.806184
1.806856
1.807616
1.808087
1.808503
1.809101
1.810040
1.810521
1.810986
1.812518
1.812520
1.813896
1.814311
1.815080
1.815519
1.816223
1.817372
1.818017
1.818585
1.819041
1.819490
1.820428
1.820692
1.821528
1.821005
1.822104
1.823241
1.824042
1.824958
1.824852
1.826130
1.825809
1.826984
1.827917
1.828461
1.829359
1.829848
1.830501
1.829408
1.829772
1.829965
1.831040
1.831034
1.831916
1.830814
1.829371
1.829595
1.829780
1.830075
1.828540
1.827560
1.827160
1.827074
1.827436
1.827098
1.828181
1.828725
1.829170
1.829504
1.829860
1.829624
1.829649
1.828220
1.826470
1.826812
1.827487
1.827788
1.828237
1.828920
1.829419
1.829416
1.830445
1.830796
1.831400
1.832470
1.832835
1.832795
1.833909
1.834292
1.834980
1.835408
1.835754
1.836602
1.837061
1.837248
1.837860
1.838024
1.838108
1.838997
1.839924
1.840348
1.840615
1.840910
1.841459
1.841907
1.842697
1.842998
1.843617
1.843861
1.843866
1.844260
1.845051
1.845015
1.845770
1.845567
1.844865
1.843045
1.843672
1.844032
1.844116
1.844436
1.842078
1.839862
1.839317
1.839489
1.839378
1.838827
1.838693
1.839122
1.839198
1.839870
1.840631
1.839744
1.838287
1.837114
1.837668
1.838013
1.838484
1.838018
1.837978
1.837257
1.836892
1.836065
1.835986
1.835883
1.836096
1.835493
1.835207
1.835165
1.835725
1.836422
1.836268
1.835722
1.836318
1.836536
1.836807
1.836632
1.836765
1.836383
1.835686
1.835423
1.835692
1.835742
1.835852
1.835914
1.836185
1.836143
1.836434
1.836573
1.837043
1.837138
1.837184
1.837230
1.837800
1.838009
1.838459
1.838529
1.838936
1.839300
1.839569
1.839449
1.839632
1.839283
1.839727
1.840228
1.840010
1.840230
1.840718
1.840593
1.839310
1.838742
1.839476
1.838993
1.838385
1.837670
1.837766
1.838071
1.838478
1.838727
1.839155
1.839312
1.839802
1.840153
1.839983
1.840404
1.840974
1.841094
1.841554
1.841266
1.840948
1.841444
1.841770
1.842110
1.842401
1.842596
1.843023
1.843658
1.843881
1.844098
1.844445
1.844645
1.845033
1.844714
1.845371
1.845545
1.845367
1.844464
1.844022
1.842472
1.842201
1.842796
1.842942
1.841947
1.842767
1.842925
1.843319
1.843799
1.843935
1.844292
1.844693
1.844658
1.845096
1.845183
1.845906
1.846248
1.846543
1.846496
1.846812
1.847026
1.847807
1.845395
1.843178
1.842630
1.842300
1.842460
1.842505
1.841998
1.842912
1.842992
1.843053
1.842377
1.841765
1.841581
1.841527
1.841963
1.841423
1.840262
1.839842
1.840088
1.840639
1.840945
1.840979
1.841347
1.841487
1.841923
1.842118
1.842345
1.842867
1.842031
1.841449
1.841263
1.841717
1.842012
1.841128
1.841366
1.841374
1.841525
1.840331
1.838846
1.839025
1.838783
1.839151
1.839205
1.839545
1.839762
1.839553
1.839641
1.840019
1.840000
1.840359
1.840314
1.840210
1.839604
1.839892
1.840172
1.840018
1.840400
1.840415
1.840550
1.840950
1.840410
1.840325
1.840132
1.840663
1.840587
1.840839
1.839542
1.837497
1.836969
1.837062
1.837113
1.837253
1.837753
1.837794
1.838345
1.837443
1.837023
1.836248
1.836492
1.836292
1.836257
1.835605
1.832972
1.830735
1.827717
1.825969
1.825966
1.825267
1.823395
1.821408
1.821310
1.821509
1.821829
1.822294
1.822171
1.820178
1.819132
1.820001
1.820237
1.820002
1.819071
1.818941
1.819247
1.819611
1.819890
1.820098
1.819455
1.820415
1.820568
1.820808
1.820880
1.820979
1.820730
1.820893
1.820253
1.818397
1.818393
1.816780
1.816784
1.816417
1.814883
1.813300
1.812457
1.811583
1.811069
1.811230
1.811526
1.811969
1.811751
1.812478
1.812303
1.812924
1.812989
1.813040
1.813287
1.813540
1.813907
1.814181
1.814275
1.814889
1.814714
1.815114
1.815141
1.815567
1.815738
1.816100
1.816364
1.816624
1.815383
1.814310
1.813389
1.813726
1.813952
1.814359
1.814613
1.814674
1.814809
1.815181
1.815165
1.815768
1.815729
1.816019
1.815512
1.815839
1.815970
1.816181
1.816145
1.816113
1.815937
1.815941
1.816189
1.816562
1.816671
1.816597
1.816949
1.817265
1.816716
1.817239
1.817519
1.817706
1.817685
1.817255
1.814350
1.811629
1.808671
1.806263
1.804639
1.804633
1.804729
1.804989
1.804066
1.803836
1.804008
1.804035
1.804180
1.804580
1.804783
1.805246
1.805027
1.805700
1.805861
1.806098
1.805360
1.803455
1.802755
1.802456
1.803076
1.802189
1.799569
1.796921
1.794410
1.793253
1.793365
1.793315
1.792549
1.791732
1.791848
1.791979
1.792380
1.791257
1.789050
1.786642
1.785128
1.785235
1.785625
1.785854
1.785696
1.785069
1.784956
1.784530
1.783307
1.782191
1.782029
1.782626
1.782448
1.782343
1.782683
1.782785
1.781618
1.781170
1.781297
1.781493
1.781908
1.782102
1.782359
1.781110
1.779806
1.779712
1.779894
1.780254
1.780531
1.780338
1.779763
1.779855
1.779712
1.779755
1.779455
1.779993
1.779852
1.779593
1.779810
1.780075
1.780151
1.780752
1.780705
1.781218
1.781079
1.781059
1.780819
1.780909
1.781050
1.781385
1.781424
1.781391
1.781086
1.780451
1.780248
1.780763
1.780663
1.781221
1.781235
1.778637
1.778294
1.778022
1.777998
1.778307
1.777685
1.777687
1.777599
1.778112
1.778450
1.778637
1.778961
1.779157
1.779181
1.776622
1.775085
1.774939
1.774982
1.775160
1.775283
1.775591
1.774963
1.773525
1.772538
1.772818
1.772597
1.772837
1.773062
1.773304
1.773662
1.773746
1.774261
1.774523
1.774182
1.773253
1.771822
1.771418
1.771329
1.771829
1.772000
1.772218
1.772438
1.772159
1.771750
1.771919
1.772033
1.771686
1.771291
1.771500
1.771723
1.772057
1.772310
1.772542
1.772471
1.772081
1.771913
1.771844
1.771611
1.771903
1.772050
1.772274
1.772535
1.772817
1.772992
1.773423
1.772973
1.772280
1.772278
1.772291
1.771858
1.771812
1.771289
1.771477
1.771657
1.771871
1.772154
1.772462
1.772668
1.772843
1.772952
1.772612
1.772799
1.772926
1.772775
1.773154
1.773400
1.773634
1.773579
1.774150
1.774279
1.774554
1.773870
1.774327
1.774467
1.774762
1.775162
1.775347
1.775385
1.775625
1.775803
1.775955
1.775002
1.773111
1.770896
1.768740
1.767016
1.766164
1.766243
1.766332
1.765343
1.763706
1.763025
1.762991
1.762887
1.761575
1.759588
1.758785
1.758971
1.759216
1.759162
1.758923
1.759118
1.759038
1.759209
1.759407
1.759657
1.759886
1.760135
1.760520
1.760649
1.760910
1.761077
1.761184
1.761149
1.761512
1.761608
1.761791
1.761811
1.762107
1.762096
1.762112
1.762430
1.762739
1.762982
1.763172
1.762925
1.762931
1.763242
1.763282
1.763349
1.763152
1.762796
1.762946
1.762976
1.763285
1.763525
1.763685
1.763866
1.763128
1.762630
1.762788
1.763080
1.763351
1.763537
1.763774
1.763920
1.764057
1.764427
1.764519
1.763774
1.763331
1.763626
1.763639
1.763390
1.764079
1.763761
1.762421
1.761679
1.761994
1.762229
1.762600
1.762739
1.763054
1.763056
1.763449
1.763402
1.763500
1.763745
1.763910
1.764170
1.764363
1.764583
1.764780
1.764519
1.764412
1.764573
1.764685
1.764836
1.765284
1.765485
1.765821
1.765501
1.765315
1.765524
1.764962
1.764284
1.764500
1.764228
1.763836
1.763655
1.763818
1.764041
1.764199
1.764474
1.764701
1.764752
1.764747
1.764827
1.764522
1.764332
1.764735
1.764755
1.765191
1.765288
1.765532
1.765734
1.765191
1.764523
1.764579
1.764590
1.764722
1.764824
1.764580
1.764136
1.764473
1.764623
1.764151
1.763791
1.764277
1.764303
1.764711
1.764887
1.764672
1.763878
1.763700
1.763788
1.764153
1.764277
1.764466
1.764345
1.764180
1.764414
1.764153
1.763146
1.762572
1.762541
1.762715
1.762822
1.763064
1.762483
1.761804
1.761933
1.761876
1.761751
1.761409
1.761107
1.761281
1.761079
1.760924
1.760704
1.760005
1.759693
1.759639
1.759081
1.758895
1.759084
1.759292
1.759268
1.759652
1.759624
1.759775
1.759935
1.759882
1.759935
1.759541
1.759702
1.760041
1.760249
1.760415
1.760569
1.760733
1.760836
1.760979
1.761231
1.761432
1.761585
1.761790
1.761302
1.760931
1.760764
1.761014
1.761212
1.761362
1.761139
1.761276
1.761216
1.760990
1.760857
1.760806
1.760954
1.760919
1.761122
1.761346
1.761171
1.761490
1.761756
1.761536
1.761684
1.761922
1.762143
1.761800
1.761764
1.762025
1.762194
1.762274
1.762342
1.762609
1.762765
1.762819
1.762976
1.763250
1.763388
1.763511
1.763737
1.762754
1.762125
1.762174
1.762268
1.762370
1.762273
1.762423
1.762425
1.762544
1.762296
1.762396
1.762523
1.762541
1.762732
1.762924
1.762886
1.763249
1.763382
1.763594
1.763703
1.763740
1.763865
1.764055
1.764155
1.764323
1.764550
1.764617
1.764805
1.764987
1.765120
1.765315
1.765619
1.765813
1.765797
1.765941
1.765666
1.765888
1.765981
1.766015
1.766144
1.766341
1.766467
1.766716
1.766913
1.767189
1.767303
1.767247
1.767046
1.767235
1.767319
1.767523
1.767705
1.767861
1.767903
1.768139
1.768107
1.768219
1.768293
1.768565
1.768606
1.768815
1.768991
1.768828
1.768443
1.768498
1.768485
1.768474
1.768611
1.768824
1.769007
1.768954
1.768240
1.768190
1.768241
1.768522
1.768664
1.768776
1.769111
1.769304
1.769347
1.769600
1.769778
1.769969
1.770149
1.770395
1.770488
1.770637
1.770454
1.770401
1.770514
1.770718
1.770923
1.771145
1.771312
1.771424
1.771206
1.771538
1.771770
1.771964
1.772095
1.772281
1.772481
1.772634
1.772679
1.772643
1.772379
1.772519
1.772589
1.772401
1.772362
1.772390
1.772268
1.771688
1.771091
1.771243
1.771338
1.771574
1.771817
1.771918
1.772004
1.772071
1.771840
1.771683
1.771948
1.772309
1.772466
1.772255
1.771991
1.771856
1.771854
1.772163
1.772304
1.772508
1.772430
1.772071
1.771452
1.771188
1.771087
1.771881
1.771755
1.770984
1.770730
1.770900
1.771028
1.771166
1.771266
1.771469
1.771628
1.771741
1.771753
1.772087
1.772206
1.772422
1.772545
1.772689
1.772754
1.772889
1.773134
1.773230
1.773320
1.773523
1.773428
1.773219
1.773334
1.773496
1.773461
1.773677
1.773782
1.773941
1.774040
1.774357
1.774514
1.774421
1.773823
1.773988
1.774082
1.774270
1.773993
1.774153
1.773985
1.774133
1.774220
1.774453
1.774458
1.774217
1.774667
1.774312
1.773591
1.773567
1.773624
1.773673
1.773797
1.773512
1.773069
1.772358
1.771824
1.771627
1.771624
1.771883
1.771978
1.772101
1.772246
1.772409
1.772623
1.772830
1.772997
1.773158
1.773225
1.773190
1.773074
1.773143
1.773252
1.773345
1.772702
1.772056
1.771066
1.770889
1.770885
1.771028
1.771092
1.771303
1.771211
1.770896
1.770990
1.771191
1.771351
1.771188
1.771014
1.771112
1.771307
1.771470
1.771493
1.771541
1.771666
1.771881
1.772021
1.772231
1.772255
1.771958
1.771309
1.771197
1.771343
1.771579
1.771693
1.771889
1.772047
1.772183
1.772341
1.772471
1.772705
1.772853
1.772986
1.773070
1.773146
1.773366
1.773506
1.773759
1.773866
1.773763
1.773885
1.774013
1.773778
1.773945
1.773901
1.773494
1.773077
1.772273
1.772004
1.771939
1.771432
1.771383
1.771310
1.771487
1.771795
1.771988
1.772129
1.772260
1.772403
1.772537
1.772591
1.772520
1.771931
1.771747
1.771818
1.772030
1.772256
1.772403
1.772487
1.772415
1.772714
1.772815
1.772871
1.772901
1.773015
1.773201
1.772805
1.772655
1.772821
1.772954
1.773038
1.773198
1.773306
1.773559
1.773336
1.773250
1.773271
1.773474
1.773611
1.773683
1.773777
1.773872
1.774001
1.774110
1.774220
1.773466
1.772872
1.772993
1.773140
1.773249
1.773247
1.773513
1.773613
1.773814
1.773849
1.774031
1.774138
1.774027
1.772945
1.771822
1.770961
1.770966
1.770917
1.771045
1.771149
1.771385
1.771507
1.771727
1.771875
1.772014
1.771982
1.772327
1.772345
1.772521
1.772769
1.772895
1.773050
1.773282
1.773378
1.773568
1.773864
1.774034
1.774133
1.773488
1.772232
1.770993
1.770276
1.770120
1.770217
1.770418
1.770565
1.770699
1.770900
1.770957
1.770820
1.770861
1.770827
1.769791
1.768695
1.767679
1.766916
1.765916
1.765373
1.765631
1.765774
1.765606
1.765026
1.764293
1.764103
1.764087
1.763593
1.762887
1.762851
1.763036
1.763149
1.763185
1.763400
1.763630
1.763591
1.763789
1.763954
1.763988
1.764064
1.764298
1.764149
1.763934
1.764080
1.764139
