1.61904
1.61916
2.11916
2.61924
3.12225
3.64227
4.11915
4.62101
5.11987
5.66545
6.11918
6.62191
7.11918
7.65012
8.1204
8.64742
9.11919
9.65255
10.1214
10.6347
11.1194
11.6495
12.12
12.6504
13.1191
13.6454
14.123
14.6496
15.1192
15.646
16.1215
16.6446
17.1192
17.653
18.1354
18.653
19.131
19.6568
20.1255
20.6345
21.1191
21.6577
22.1281
22.6513
23.1192
23.6539
24.1211
24.6407
25.1193
25.649
26.1209
26.643
27.1192
27.6518
28.1203
28.6488
29.1191
29.656
30.1214
30.6482
31.1191
31.6512
32.121
32.6485
33.1193
33.6602
34.1208
34.6484
35.1192
35.6666
36.1205
36.6465
37.1192
37.656
38.1191
38.641
39.1498
39.6546
40.1192
40.6207
41.1229
41.6759
42.1192
42.6838
43.1204
43.668
44.1192
44.6476
45.1203
45.6668
46.1192
46.6288
47.1646
47.6727
48.1508
48.6269
49.1205
49.6547
50.1192
50.632
51.1278
51.6657
52.1419
52.6238
53.1316
53.6693
54.1192
54.6312
55.1212
55.6742
56.1191
56.6451
57.1204
57.6658
58.1191
58.626
59.1205
59.6594
60.123
60.6342
61.1212
61.6618
62.122
62.633
63.1453
63.6618
64.1231
64.6243
65.1201
65.6613
66.1207
66.6265
67.1202
67.6757
68.1238
68.6324
69.1203
69.6532
70.1305
70.625
71.1208
71.6669
72.1318
72.6297
73.1252
73.6665
74.1354
74.6273
75.1466
75.6721
76.1355
76.6387
77.1266
77.6728
78.1331
78.6776
79.1278
79.6751
80.1366
80.638
81.1404
81.6883
82.1357
82.6386
83.1325
83.658
84.1553
84.6404
85.1579
85.6772
86.137
86.6395
87.149
87.6854
88.1962
88.6382
89.1421
89.6834
90.1606
90.6548
91.1357
91.6729
92.1373
92.6538
93.1664
93.7015
94.1354
94.6397
95.143
95.6926
96.1369
96.6402
97.1367
97.6987
98.1387
98.6535
99.1368
99.6722
100.138
100.672
101.139
101.721
102.138
102.688
103.148
103.713
104.139
104.654
105.138
105.705
106.138
106.653
107.14
107.676
108.14
108.722
109.147
109.684
110.138
110.643
111.187
111.693
112.138
112.679
113.138
113.689
114.137
114.66
115.139
115.693
116.136
116.642
117.158
117.69
118.165
118.647
119.156
119.741
120.144
120.699
121.145
121.695
122.14
122.655
123.18
123.674
124.139
124.639
125.151
125.694
126.136
126.724
127.143
127.76
128.172
128.681
129.138
129.679
130.187
130.676
131.24
131.691
132.137
132.639
133.14
133.688
134.137
134.67
135.138
135.678
136.137
136.672
137.143
137.726
138.137
138.639
139.142
139.671
140.188
140.641
141.143
141.705
142.141
142.661
143.14
143.658
144.143
144.654
145.159
145.65
146.141
146.643
147.168
147.673
148.136
148.646
149.143
149.686
150.156
150.716
151.153
151.698
152.147
152.64
153.155
153.736
154.143
154.662
155.137
155.676
156.324
156.642
157.143
157.693
158.142
158.664
159.193
159.729
160.138
160.64
161.139
161.682
162.141
162.677
163.142
163.671
164.136
164.642
165.15
165.711
166.135
166.677
167.14
167.722
168.141
168.668
169.156
169.689
170.296
170.642
171.14
171.734
172.139
172.679
173.138
173.671
174.146
174.787
175.171
175.674
176.139
176.68
177.145
177.689
178.141
178.643
179.138
179.681
180.137
180.641
181.141
181.686
182.14
182.656
183.143
183.666
184.139
184.658
185.137
185.669
186.141
186.658
187.143
187.675
188.14
188.658
189.136
189.673
190.138
190.644
191.163
191.668
192.162
192.658
193.147
193.666
194.135
194.656
195.137
195.681
196.139
196.664
197.141
197.691
198.139
198.66
199.177
199.708
200.138
200.665
201.145
201.683
202.142
202.638
203.144
203.682
204.141
204.645
205.148
205.709
206.136
206.679
207.138
207.664
208.165
208.645
209.144
209.672
210.14
210.662
211.139
211.658
212.296
212.675
213.136
213.678
214.138
214.694
215.145
215.671
216.146
216.639
217.137
217.672
218.14
218.64
219.168
219.684
220.138
220.683
221.143
221.686
222.147
222.66
223.136
223.671
224.14
224.663
225.141
225.68
226.137
226.798
227.142
227.685
228.138
228.686
229.161
229.688
230.143
230.66
231.137
231.698
232.142
232.651
233.136
233.751
234.172
234.679
235.143
235.773
236.138
236.661
237.183
237.689
238.296
238.681
239.137
239.7
240.176
240.66
241.145
241.817
242.146
242.66
243.138
243.71
244.2
244.662
245.141
245.679
246.314
246.642
247.226
247.671
248.147
248.718
249.15
249.688
250.146
250.799
251.142
251.663
252.143
252.654
253.141
253.657
254.14
254.662
255.174
255.693
256.139
256.657
257.143
257.667
258.142
258.653
259.138
259.69
260.142
260.683
261.145
261.735
262.14
262.638
263.195
263.696
264.137
264.685
265.147
265.876
266.207
266.707
267.142
267.711
268.176
268.717
269.14
269.795
270.143
270.639
271.155
271.718
272.23
272.696
273.155
273.828
274.19
274.646
275.356
276.049
276.458
276.853
277.189
277.684
278.119
278.619
279.178
279.709
280.119
280.619
281.119
281.698
282.137
282.65
283.131
283.76
284.119
284.661
285.124
285.669
286.395
286.645
287.129
287.665
288.119
288.802
289.119
289.751
290.23
290.624
291.119
291.685
292.201
292.645
293.119
293.656
294.225
294.619
295.129
295.673
296.119
296.619
297.197
297.654
298.146
298.65
299.119
299.844
300.119
300.786
301.119
301.673
302.119
302.619
303.119
303.664
304.119
304.683
305.119
305.677
306.119
306.641
307.119
307.675
308.186
308.619
309.119
309.899
310.193
310.634
311.146
311.68
312.119
312.619
313.153
313.685
314.119
314.702
315.127
315.705
316.145
316.641
317.119
317.653
318.119
318.638
319.154
319.653
320.119
320.619
321.119
321.677
322.195
322.728
323.119
323.716
324.139
324.619
325.119
325.705
326.142
326.661
327.149
327.725
328.119
328.619
329.119
329.689
330.119
330.697
331.119
331.677
332.205
332.68
333.119
333.666
334.119
334.705
335.119
335.657
336.119
336.663
337.119
337.665
338.301
338.642
339.164
339.693
340.154
340.632
341.119
341.656
342.158
342.619
343.119
343.668
344.205
344.71
345.174
345.686
346.119
346.619
347.119
347.673
348.208
348.637
349.119
349.662
350.197
350.619
351.119
351.72
352.119
352.633
353.119
353.662
354.12
354.638
355.169
355.683
356.154
356.619
357.19
357.678
358.119
358.619
359.132
359.692
360.119
360.619
361.212
361.682
362.119
362.619
363.119
363.66
364.123
364.648
365.119
365.641
366.119
366.65
367.119
367.706
368.119
368.649
369.119
369.648
370.119
370.64
371.119
371.677
372.268
372.619
373.119
373.675
374.119
374.687
375.119
375.714
376.475
376.619
377.119
377.681
378.119
378.701
379.119
379.707
380.119
380.633
381.225
381.67
382.147
382.646
383.194
383.671
384.119
384.661
385.119
385.672
386.214
386.708
387.119
387.677
388.139
388.669
389.119
389.667
390.119
390.633
391.169
391.662
392.119
392.655
393.14
393.674
394.119
394.683
395.119
395.665
396.119
396.619
397.119
397.657
398.129
398.643
399.152
399.648
400.119
400.647
401.119
401.645
402.197
402.619
403.119
403.664
404.119
404.635
405.119
405.661
406.119
406.619
407.144
407.693
408.119
408.619
409.119
409.639
410.119
410.819
411.119
411.658
412.119
412.619
413.119
413.661
414.125
414.619
415.119
415.662
416.119
416.619
417.121
417.674
418.119
418.619
419.119
419.699
420.119
420.641
421.119
421.752
422.119
422.632
423.119
423.658
424.119
424.645
425.154
425.657
426.119
426.687
427.154
427.728
428.205
428.632
429.119
429.679
430.153
430.697
431.119
431.655
432.176
432.653
433.133
433.67
434.119
434.619
435.119
435.671
436.119
436.619
437.119
437.666
438.119
438.619
439.119
439.645
440.119
440.648
441.119
441.659
442.119
442.619
443.119
443.656
444.119
444.641
445.119
445.658
446.119
446.638
447.12
447.646
448.119
448.619
449.119
449.66
450.141
450.619
451.138
451.645
452.119
452.633
453.119
453.648
454.119
454.619
455.119
455.659
456.119
456.633
457.119
457.657
458.119
458.634
459.119
459.657
460.138
460.644
461.119
461.641
462.119
462.667
463.119
463.671
464.119
464.65
465.119
465.647
466.119
466.64
467.119
467.708
468.119
468.619
469.119
469.669
470.119
470.619
471.119
471.656
472.119
472.673
473.119
473.67
474.161
474.682
475.119
475.651
476.119
476.635
477.119
477.646
478.119
478.651
479.119
479.638
480.119
480.641
481.119
481.643
482.119
482.619
483.119
483.669
484.119
484.619
485.119
485.658
486.127
486.679
487.119
487.657
488.119
488.619
489.119
489.646
490.119
490.64
491.119
491.64
492.119
492.634
493.119
493.646
494.119
494.681
495.119
495.664
496.119
496.621
497.119
497.662
498.119
498.636
499.119
499.644
500.119
500.641
501.119
501.643
502.119
502.639
503.138
503.645
504.119
504.642
505.119
505.648
506.145
506.619
507.119
507.647
508.119
508.619
509.119
509.701
510.128
510.644
511.119
511.655
512.119
512.633
513.123
513.647
514.119
514.672
515.119
515.663
516.119
516.633
517.119
517.665
518.119
518.619
519.119
519.657
520.119
520.638
521.119
521.649
522.119
522.638
523.119
523.654
524.119
524.619
525.119
525.653
526.119
526.632
527.119
527.665
528.143
528.619
529.119
529.665
530.119
530.62
531.119
531.645
532.119
532.646
533.119
533.654
534.166
534.634
535.119
535.649
536.119
536.646
537.119
537.647
538.119
538.646
539.119
539.647
540.135
540.644
541.119
541.657
542.302
542.619
543.119
543.644
544.119
544.653
545.119
545.651
546.121
546.631
547.119
547.645
548.119
548.619
549.119
549.654
550.119
550.673
551.119
551.64
552.119
552.632
553.119
553.64
554.119
554.63
555.119
555.662
556.119
556.619
557.119
557.642
558.119
558.619
559.119
559.704
560.153
560.648
561.142
561.67
562.119
562.619
563.119
563.652
564.119
564.619
565.119
565.653
566.119
566.639
567.119
567.66
568.125
568.619
569.121
569.659
570.119
570.652
571.119
571.633
572.129
572.65
573.139
573.633
574.122
574.648
575.119
575.646
576.119
576.633
577.119
577.637
578.119
578.648
579.12
579.671
580.119
580.619
581.137
581.643
582.119
582.642
583.119
583.646
584.119
584.619
585.119
585.644
586.136
586.643
587.119
587.648
588.119
588.634
589.119
589.64
590.119
590.682
591.119
591.654
592.119
592.631
593.119
593.644
594.119
594.65
595.119
595.682
596.141
596.619
597.119
597.66
598.119
598.619
599.119
599.665
600.119
600.643
601.119
601.642
602.119
602.636
603.119
603.642
604.181
604.647
605.119
605.642
606.119
606.619
607.119
607.659
608.119
608.627
609.119
609.666
610.119
610.619
611.119
611.704
612.121
612.664
613.119
613.66
614.149
614.619
615.119
615.654
616.119
616.619
617.119
617.692
618.119
618.635
619.119
619.64
620.121
620.632
621.143
621.632
622.119
622.637
623.119
623.635
624.119
624.619
625.119
625.663
626.119
626.619
627.119
627.661
628.119
628.62
629.119
629.704
630.119
630.634
631.171
631.659
632.119
632.649
633.129
633.664
634.119
634.646
635.119
635.643
636.14
636.619
637.119
637.658
638.119
638.619
639.176
639.663
640.119
640.619
641.119
641.677
642.119
642.647
643.119
643.643
644.119
644.636
645.119
645.638
646.119
646.646
647.119
647.643
648.119
648.638
649.119
649.646
650.137
650.647
651.119
651.685
652.119
652.635
653.119
653.657
654.119
654.635
655.119
655.644
656.119
656.619
657.131
657.674
658.119
658.619
659.167
659.667
660.119
660.619
661.121
661.668
662.119
662.632
663.119
663.64
664.119
664.634
665.119
665.639
666.119
666.659
667.119
667.641
668.119
668.619
669.119
669.656
670.119
670.619
671.119
671.648
672.119
672.619
673.119
673.664
674.119
674.675
675.119
675.666
676.119
676.619
677.119
677.671
678.121
678.707
679.194
679.662
680.119
680.66
681.119
681.656
682.119
682.648
683.158
683.673
684.152
684.684
685.158
685.657
686.119
686.619
687.154
687.652
688.119
688.619
689.163
689.719
690.136
690.639
691.119
691.665
692.119
692.643
693.132
693.663
694.119
694.622
695.119
695.679
696.134
696.619
697.119
697.671
698.148
698.64
699.154
699.661
700.119
700.644
701.119
701.668
702.131
702.706
703.122
703.68
704.119
704.638
705.119
705.683
706.128
706.723
707.169
707.701
708.119
708.78
709.119
709.875
710.136
710.647
711.142
711.68
712.12
712.869
713.119
713.762
714.304
714.651
715.317
715.707
716.119
716.638
717.155
717.669
718.119
718.757
719.162
719.721
720.172
720.619
721.119
721.703
722.119
722.619
723.16
723.678
724.185
724.803
725.278
725.962
726.529
726.978
727.395
727.757
728.134
728.637
729.123
729.672
730.12
730.642
731.217
731.693
732.243
732.742
733.146
733.698
734.139
734.645
735.221
735.701
736.12
736.687
737.151
737.686
738.182
738.679
739.324
739.733
740.147
740.637
741.241
