0.000000
0.000000
0.000000
0.000000
0.000000
32.447000
34.724000
38.376000
43.100000
60.034000
81.623000
90.056000
105.999000
122.816000
135.256000
141.522000
150.343000
164.989000
175.536000
181.655000
197.414000
215.272000
230.441000
240.085000
245.893000
258.234000
264.042000
272.799000
279.156000
285.538000
291.888000
294.924000
301.053000
309.565000
314.846000
315.881000
316.057000
318.581000
327.967000
333.295000
336.262000
338.719000
342.428000
349.372000
355.872000
363.186000
379.121000
392.740000
396.939000
406.892000
413.371000
416.352000
420.715000
