0.011866
0.008423
0.007787
0.004602
0.003913
0.003781
0.006128
0.012258
0.009581
0.011589
0.013052
0.014185
0.007955
0.010011
0.008565
0.002928
0.004805
0.008426
0.011629
0.014647
0.010498
0.014167
0.013719
0.009539
0.006841
0.012400
0.017166
0.011438
0.012991
0.015792
0.016771
0.019353
0.016380
0.016372
0.013433
0.009726
0.012036
0.009741
0.010255
0.010878
0.012991
0.009619
0.014850
0.021303
0.015110
0.024276
0.016831
0.022238
0.013401
0.016495
0.017845
0.018231
0.015197
0.017778
0.014582
0.015917
0.017646
0.019752
0.017170
0.016184
0.016033
0.015329
0.015301
0.016563
0.015115
0.017221
0.018692
0.020875
0.022836
0.022031
0.018704
0.022259
0.018835
0.012821
0.009025
0.007522
0.005843
0.007783
0.009666
0.009283
0.010934
0.014907
0.014773
0.013990
0.014030
0.011404
0.012075
0.012334
0.011512
0.009727
0.011449
0.011649
0.008496
0.008987
0.010675
0.010260
0.010141
0.008726
0.009890
0.008361
0.009362
0.009511
0.008980
0.013126
0.008346
0.012461
0.007006
0.007124
0.008383
0.012207
0.011292
0.014720
0.013053
0.016695
0.016825
0.021523
0.020207
0.023352
0.020141
0.021458
0.018193
0.024763
0.018585
0.023175
0.019390
0.016687
0.026569
0.019720
0.026373
0.023759
0.028771
0.024533
0.027613
0.018142
0.023170
0.015717
0.026386
0.023642
0.020769
0.021949
0.025566
0.011517
0.013240
0.013983
0.015799
0.017080
0.015422
0.017287
0.020552
0.014845
0.013845
0.009025
0.017530
0.017041
0.011620
0.008588
0.009592
0.012785
0.011283
0.012959
0.007971
0.014102
0.013949
0.009905
0.015446
0.010432
0.012400
0.008663
0.014397
0.013423
0.017219
0.013215
0.008856
0.008615
0.011162
0.009055
0.007253
0.007206
0.011590
0.009068
0.014528
0.009609
0.015813
0.016528
0.016363
0.013935
0.019865
0.015473
0.015299
0.016547
0.017838
0.008042
0.005476
0.005473
0.008238
0.008605
0.018532
0.018970
0.021658
0.019630
0.031259
0.017165
0.012647
0.009961
0.017006
0.009528
0.013248
0.005938
0.008319
0.019860
0.017505
0.014762
0.011114
0.010453
0.005390
0.007933
0.006944
0.015535
0.011311
0.012966
0.011445
0.008046
0.007418
0.006641
0.005980
0.005811
0.006261
0.006401
0.012206
0.009956
0.013451
0.009285
0.007712
0.005653
0.013031
0.009021
0.012307
0.009430
0.012805
0.011349
0.014695
0.012107
0.013065
0.013696
0.017492
0.014154
0.015749
0.011077
0.009392
0.016223
0.011740
0.008511
0.022273
0.021840
0.013196
0.013987
0.014531
0.020621
0.016700
0.014431
0.016740
0.015966
0.012879
0.015028
0.012364
0.011515
0.010468
0.014649
0.008692
0.013968
0.011713
0.014823
0.014635
0.018220
0.023473
0.022756
0.013830
0.012860
0.013101
0.010948
0.009350
0.013130
0.007012
0.011673
0.012111
0.016904
0.017081
0.016454
0.011914
0.007171
0.011415
0.015650
0.015341
0.012276
0.010188
0.005734
0.002698
0.012596
0.011942
0.011356
0.012990
0.017030
0.011061
0.007810
0.009641
0.008159
0.005038
0.010794
0.010449
0.010382
0.015900
0.010852
0.008948
0.006095
0.006769
0.007147
0.013043
0.015157
0.009084
0.011174
0.004478
0.006740
0.005156
0.004495
0.003336
0.005180
0.004156
0.004430
0.006601
0.011277
0.011570
0.009668
0.008754
0.009043
0.006148
0.006093
0.005907
0.008753
0.011624
0.011136
0.013210
0.011500
0.013253
0.016901
0.012655
0.011991
0.016331
0.016116
0.011206
0.025302
0.028622
0.019290
0.018491
0.018435
0.012492
0.021338
0.020372
0.020376
0.020043
0.020201
0.019938
0.020066
0.016874
0.016793
0.016862
0.016467
0.015289
0.015606
0.022040
0.017275
0.018217
0.023704
0.019727
0.014847
0.015436
0.020078
0.018778
0.020782
0.017086
0.028820
0.023589
0.022035
0.015554
0.019280
0.018356
0.024157
0.022077
0.029567
0.031630
0.027508
0.020680
0.016534
0.014363
0.014754
0.010139
0.012274
0.015193
0.008119
0.007630
0.012234
0.007364
0.014653
0.008030
0.006433
0.009205
0.011044
0.012427
0.019959
0.012864
0.012821
0.011166
0.012895
0.011273
0.010836
0.012526
0.013232
0.014465
0.010223
0.008131
0.009781
0.012675
0.012337
0.011970
0.013458
0.018702
0.016813
0.017503
0.023284
0.020848
0.022575
0.019278
0.018421
0.016493
0.011133
0.013297
0.012839
0.009780
0.007467
0.007912
0.005747
0.005446
0.008065
0.006095
0.004850
0.012580
0.013873
0.011377
0.022343
0.018606
0.023969
0.026496
0.021129
0.015957
0.012278
0.015642
0.019572
0.015921
0.013096
0.028593
0.019282
0.020480
0.015687
0.015032
0.020750
0.019599
0.014021
0.018350
0.019669
0.030944
0.023890
0.024137
0.016201
0.012534
0.011633
0.008257
0.010408
0.006968
0.005603
0.005935
0.007958
0.007075
0.017058
0.017097
0.015253
0.014238
0.013537
0.013028
0.013199
0.013228
0.012104
0.015642
0.009933
0.004672
0.007865
0.022466
0.020308
0.020350
0.014957
0.020025
0.015543
0.016154
0.021747
0.024139
0.028734
0.017193
0.020671
0.020097
0.020279
0.017386
0.013021
0.013195
0.016591
0.013883
0.013865
0.008184
0.006994
0.009925
0.011822
0.017888
0.017102
0.011488
0.024420
0.027977
0.018286
0.016473
0.016222
0.015723
0.016772
0.019575
0.014098
0.012393
0.015478
0.014755
0.014048
0.016226
0.014355
0.015638
0.023019
0.014251
0.011036
0.007215
0.010159
0.013035
0.013133
0.010855
0.020628
0.017271
0.016809
0.024785
0.021539
0.018526
0.014599
0.018995
0.032538
0.029670
0.023410
0.023084
0.017179
0.021824
0.020464
0.014474
0.010258
0.012189
0.014023
0.016018
0.015460
0.018600
0.020002
0.013203
0.012918
0.010827
0.012620
0.008467
0.011958
0.013291
0.012804
0.021122
0.008167
0.002704
0.005803
0.005360
0.008515
0.017612
0.021285
0.023699
0.030836
0.033393
0.026794
0.012777
0.012173
0.019670
0.013444
0.010468
0.013912
0.021182
0.021888
0.029485
0.015654
0.012144
0.013117
0.013092
0.009438
0.018489
0.025403
0.020607
0.015320
0.016900
0.013950
0.010673
0.010257
0.008585
0.011096
0.003341
0.013766
0.020261
0.018493
0.014727
0.027296
0.025667
0.029213
0.024870
0.021007
0.015372
0.014270
0.020766
0.016519
0.019925
0.020953
0.019449
0.012619
0.014259
0.011438
0.014824
0.018764
0.021218
0.015781
0.020822
0.017457
0.016015
0.014025
0.021935
0.019391
0.017165
0.017600
0.015973
0.020942
0.020599
0.017331
0.024694
0.024788
0.017574
0.015794
0.010978
0.022491
0.019652
0.024269
0.016401
0.023132
0.027098
0.020966
0.016818
0.015344
0.010717
0.011836
0.024777
0.023217
0.017930
0.015179
0.014969
0.015250
0.006928
0.009317
0.012678
0.019037
0.029460
0.020005
0.017504
0.020081
0.020027
0.021441
0.016124
0.011596
0.012521
0.013325
0.012558
0.016997
0.012785
0.019994
0.015813
0.012177
0.008152
0.006371
0.005069
0.003906
0.006755
0.009943
0.021321
0.010414
0.013114
0.016136
0.014599
0.018408
0.018719
0.015574
0.016770
0.015373
0.014950
0.018149
0.023167
0.021082
0.017707
0.018569
0.018462
0.016568
0.016210
0.020753
0.020351
0.016409
0.007270
0.013476
0.018838
0.035438
0.027842
0.024171
0.014146
0.009865
0.009386
0.021168
0.026641
0.025263
0.013020
0.010679
0.012942
0.014945
0.016453
0.012431
0.019104
0.017459
0.026232
0.020733
0.025738
0.015585
0.022021
0.023160
0.015163
0.020590
0.026584
0.020523
0.022548
0.030662
0.022499
0.022516
0.021221
0.019987
0.026132
0.009043
0.006318
0.007098
0.011219
0.013148
0.018247
0.019359
0.022800
0.018193
0.021379
0.021379
0.027919
0.022837
0.024250
0.019357
0.014696
0.022577
0.024158
0.024728
0.029446
0.026790
0.019348
0.023739
0.020316
0.015397
0.019259
0.020437
0.019860
0.033622
0.026115
0.012192
0.006716
0.005003
0.003027
0.004627
0.002137
0.013206
0.017469
0.019757
0.025835
0.016441
0.015141
0.014664
0.010108
0.007985
0.005687
0.006837
0.007252
0.006992
0.008946
0.014513
0.014780
0.017032
0.015227
0.014756
0.012503
0.014893
0.013049
0.021019
0.018332
0.008157
0.001568
0.004178
0.006224
0.029433
0.013355
0.009767
0.008913
0.006350
0.008393
0.007961
0.011844
0.009904
0.008945
0.009220
0.012545
0.005958
0.008046
0.009881
0.012448
0.014983
0.018608
0.024823
0.023775
0.020658
0.027824
0.021991
0.016894
0.021008
0.020950
0.017573
0.010346
0.007433
0.008754
0.011863
0.025799
0.027730
0.021443
0.010715
0.016068
0.016217
0.016045
0.017147
0.015420
0.022432
0.021556
0.026604
0.020414
0.014670
0.011013
0.017300
0.013630
0.018113
0.016375
0.010602
0.008826
0.010313
0.009892
0.011479
0.020760
0.013961
0.013595
0.009800
0.007834
0.003819
0.007887
0.018829
0.021729
0.026594
0.015188
0.016033
0.022444
0.018460
0.015063
0.014917
0.017016
0.009805
0.007911
0.020304
0.013570
0.012559
0.022754
0.023562
0.017358
0.016274
0.017029
0.015591
0.013443
0.020350
0.019557
0.016454
0.017780
0.014395
0.015102
0.017094
0.020504
0.021841
0.022191
0.027975
0.023835
0.015996
0.020102
0.015093
0.010928
0.013757
0.009586
0.018667
0.013141
0.012521
0.011614
0.016460
0.023443
0.023910
