4.81949
5.66459
6.50403
7.43252
8.62365
9.15946
10.1705
11.1399
11.965
12.4619
13.6316
14.5656
15.3735
16.8012
18.0171
18.9895
20.4055
21.3858
22.7048
24.1503
25.5719
27.0043
28.5102
29.7221
31.1243
32.552
33.8216
34.6348
35.8778
37.3542
38.7273
39.9267
40.6518
41.5859
42.7182
43.7856
44.9686
46.1836
46.7544
47.532
48.7541
50.1912
51.3622
52.5738
53.1071
54.2328
54.6272
55.7911
57.0463
58.1618
59.4811
60.3058
61.0199
61.4167
62.3917
63.795
64.303
64.7021
65.808
66.1909
67.326
68.0318
69.1241
69.8236
70.9607
71.6023
72.6696
73.1409
73.744
75.0688
75.9277
77.2254
77.9588
78.6015
79.8175
80.7978
81.3272
82.5508
83.0753
84.2563
84.7869
85.8388
85.9395
86.0275
86.1243
86.221
86.3263
86.4307
86.557
87.4723
88.519
89.4904
90.2144
91.6249
92.9945
94.1659
95.4163
96.4147
96.9613
97.8399
98.9607
100.341
100.914
102.118
103.011
103.538
104.948
105.977
106.878
108.258
109.219
109.726
110.976
111.509
112.843
113.295
114.565
115.114
116.363
116.886
118.153
119.423
120.626
121.738
122.835
123.491
123.811
124.764
126.222
127.367
128.657
129.734
130.915
132.323
133.039
133.849
134.783
135.921
136.237
137.238
137.775
138.989
140.267
141.675
142.507
144.011
146.117
147.472
148.335
148.899
149.789
151.19
151.964
152.959
153.738
154.729
155.878
157.226
158.134
159.168
160.595
161.991
162.934
164.201
165.577
166.361
167.021
167.931
169.222
170.643
171.225
172.28
173.228
174.248
175.272
176.722
177.952
178.358
180.994
182.301
183.233
184.227
184.778
186.008
186.762
188.198
188.521
189.953
190.764
191.527
192.95
194.286
195.794
196.988
197.536
198.476
199.978
201.058
202.17
203.085
204.26
205.865
207.005
208.055
209.47
210.688
211.37
212.514
214.006
215.008
216.325
216.708
217.785
218.761
219.868
220.628
221.795
223.236
224.748
228.127
229.474
230.695
232.11
233.015
234.125
235.071
236.525
237.939
239.29
240.585
240.691
241.592
242.983
243.78
245.003
245.974
246.825
247.501
248.972
250.172
251.37
252.562
253.382
254.207
254.617
255.654
256.44
257.832
258.095
259.071
260.204
261.004
262.782
264.09
265.506
266.264
266.611
267.747
268.801
269.391
269.527
270.62
271.199
271.315
272.77
273.963
274.546
275.232
276.522
277.959
279.383
280.514
281.872
282.144
283.101
283.531
284.594
285.474
286.548
287.841
288.774
288.902
289.978
290.631
291.62
292.582
293.969
294.854
295.966
296.616
297.533
298.947
300.125
301.133
302.527
303.748
304.513
305.949
307.339
308.126
308.728
309.962
311.028
312.041
312.686
313.875
314.686
315.564
316.918
317.829
318.371
319.335
320.634
322.042
322.852
324.108
325.25
325.664
326.186
327.365
328.251
329.774
331.403
333.53
335.927
337.361
338.493
339.867
340.592
341.152
342.222
343.795
345.229
346.238
347.252
348.602
349.803
350.64
352.05
353.002
354.392
354.853
356.033
357.195
358.582
359.38
360.634
361.849
362.809
364.217
365.048
370.045
371.345
372.635
374.891
376.345
376.46
376.57
376.685
376.846
376.995
377.094
377.215
377.329
377.454
378.374
378.944
380.291
381.721
382.879
384.273
385.053
386.49
388.088
389.208
390.593
391.976
393.386
394.289
395.746
396.739
398.109
398.926
399.991
401.197
402.301
403.781
405.311
406.524
407.927
408.601
409.752
410.368
411.483
412.633
413.491
414.578
415.77
416.191
417.37
418.314
419.515
420.354
421.517
422.067
423.137
424.452
424.848
425.804
427.187
428.198
429.626
431.005
431.992
432.582
434
435.226
436.605
437.466
438.699
439.87
441.249
442.268
442.604
443.296
443.996
445.512
445.843
446.842
447.639
452.672
454.756
456.139
457.096
457.233
458.597
459.985
460.967
462.056
463.389
464.571
465.824
466.831
468.26
470.809
472.162
473.582
474.621
475.997
477.458
478.489
479.546
480.687
482.194
482.906
484.209
485.217
486.593
488.02
494.283
495.92
497.369
497.627
498.474
499.479
500.57
501.733
502.73
503.776
505.282
506.703
507.621
508.937
509.769
510.85
512.048
515.093
517.062
518.503
519.981
521.085
523.86
525.462
526.766
527.917
528.641
529.237
530.636
531.482
532.351
536.988
541.104
543.629
545.184
546.611
555.266
556.647
558.015
558.611
560.015
561.026
561.79
563.014
563.51
564.754
566.018
567.217
567.857
568.771
570.145
571.056
571.767
572.854
573.523
574.748
576.236
577.079
578.474
589.484
590.788
592.611
594.049
595.482
596.456
597.848
598.766
599.387
600.035
601.209
602.333
602.896
603.475
604.384
604.978
606.321
606.948
608.224
609.636
610.595
611.979
613.301
614.115
615.001
615.764
616.928
618.25
619.632
620.755
622.159
623.547
624.371
628.398
629.852
633.87
635.151
636.541
636.812
638.234
639.495
640.14
641.535
642.13
643.444
644.732
645.355
646.687
647.248
648.642
649.786
650.362
651.893
652.71
653.563
654.458
655.5
655.972
657.242
657.759
659.191
660.248
661.603
663.047
663.807
664.917
665.609
666.276
667.27
667.798
668.724
669.752
671.384
675.173
677.065
678.238
679.664
680.59
682.005
683.401
684.788
685.391
686.781
687.935
688.594
689.495
690.467
691.453
692.311
693.749
694.629
695.256
695.833
696.783
697.744
698.702
699.966
701.043
701.964
702.993
703.969
705.059
706.186
706.862
708.256
708.934
709.907
712.09
713.354
714.734
715.474
716.498
717.112
717.815
719.197
720.581
721.487
722.388
723.487
724.513
725.924
727.126
728.056
729.407
730.038
730.707
732.036
732.788
733.604
734.539
735.516
736.746
738.061
739.455
740.65
741.779
743.23
744.323
745.469
746.247
747.691
748.311
749.143
750.239
751.215
752.61
753.476
754.951
756.051
757.108
758.311
759.054
760.811
762.194
763.951
764.812
766.405
767.777
769.778
771.243
774.762
776.073
777.001
777.788
778.996
779.81
781.077
782.233
783.479
785.244
791.837
794.17
795.588
796.719
797.829
798.585
799.381
800.776
801.525
802.98
803.982
804.99
806.599
807.156
808.368
809.788
810.503
811.962
813.38
814.001
814.792
816.15
817.245
818.712
820.112
821.074
822.533
823.137
824.539
825.491
826.732
828.135
828.988
829.88
831.324
832.486
833.463
835.016
836.441
837.249
839.372
840.498
841.903
843.314
844.37
845.502
846.164
847.093
847.914
848.788
849.256
850.648
851.774
853.191
854.149
855.475
856.436
857.3
858.741
859.762
860.623
862.049
863.266
864.597
865.992
867.003
868.392
869.747
871.16
872.218
873.627
874.794
875.39
875.989
877.393
878.642
879.919
880.932
882.481
883.876
885.119
886.511
887.767
888.774
890.135
891.026
892.316
893.398
894.797
895.884
896.649
897.877
900.477
903.781
909.435
916.972
918.747
921.267
923.925
925.432
926.65
928.801
930.367
932.191
940.697
942.419
947.771
949.632
951.004
951.872
953.39
954.536
955.05
956.308
956.774
958.088
959.476
960.335
961.59
962.132
963.516
964.778
966.195
968.056
969.572
971.146
972.539
973.649
975.157
976.817
978.317
980.523
985.442
986.783
987.832
988.299
989.772
991.207
991.625
992.238
993.661
994.017
995.436
997.198
997.849
999.271
999.867
1000.74
1001.82
1002.82
1004.12
1004.77
1005.89
1006.98
1007.79
1008.71
1012.39
1013.77
1014.82
1016
1017.39
1017.97
1024.65
1026.82
1028.83
1030.25
1031.59
1031.77
1031.89
1032.04
1032.22
1033.05
1033.88
1037.99
1039.57
1040.99
1042.37
1043.46
1044.86
1045.54
1046.2
1047.57
1048.99
1050.15
1051.54
1052.97
1053.44
1054.84
1056.13
1056.78
1058.26
1059.67
1060.37
1061.77
1063.18
1064.26
1065.69
1066.98
1068.18
1069.62
1071
1072.17
1072.7
1074.15
1075.38
1076.78
1078.18
1079.5
1080.59
1081.97
1082.83
1083.87
1084.74
1085.32
1086.12
1087.2
1088.36
1090.61
1090.85
1092.25
1093.14
1097.61
1101.63
1103.56
1105.38
1107.89
1116.29
1117.98
1119.38
1120.77
1121.85
1122.64
1124.05
1124.73
1126.11
1127.51
1128.75
1129.99
1131.15
1132.81
