0.003021
0.003504
0.003658
0.003869
0.004665
0.004222
0.004614
0.008332
0.006299
0.006042
0.006520
0.007592
0.007067
0.008188
0.006984
0.008677
0.008347
0.007460
0.008492
0.010090
0.009969
0.010167
0.010686
0.010962
0.012006
0.013328
0.013311
0.010654
0.013952
0.013816
0.012803
0.012658
0.012844
0.014628
0.014688
0.014544
0.014751
0.018659
0.016370
0.013270
0.011075
0.011586
0.011890
0.015247
0.015455
0.020253
0.018214
0.020138
0.020706
0.019915
0.021807
0.017907
0.018652
0.018676
0.019694
0.019824
0.014187
0.012997
0.013607
0.013490
0.011017
0.013850
0.014856
0.018161
0.018774
0.021009
0.023202
0.023099
0.023037
0.023978
0.023457
0.024695
0.021281
0.020925
0.021148
0.020154
0.021506
0.020069
0.019114
0.016153
0.016794
0.013177
0.013296
0.013484
0.014926
0.013556
0.013670
0.013353
0.013495
0.015259
0.015057
0.013214
0.013890
0.013555
0.011365
0.011642
0.008156
0.007150
0.006920
0.009448
0.006029
0.007714
0.006749
0.009047
0.009390
0.008320
0.008801
0.009989
0.008874
0.015955
0.016378
0.017651
0.016594
0.013852
0.014137
0.013775
0.013865
0.013135
0.012258
0.012194
0.013980
0.011885
0.011944
0.014841
0.016104
0.020482
0.022287
0.021071
0.023467
0.027899
0.028153
0.031178
0.031283
0.035016
0.035127
0.033615
0.026572
0.025534
0.026530
0.019024
0.025337
0.023151
0.024367
0.023652
0.024271
0.029773
0.031499
0.029903
0.030742
0.026033
0.027925
0.021403
0.023502
0.022131
0.021532
0.019515
0.018863
0.022312
0.021314
0.018914
0.021177
0.019288
0.017591
0.014220
0.011253
0.011201
0.009938
0.011559
0.015633
0.015254
0.017242
0.023828
0.021479
0.024661
0.026751
0.029087
0.028687
0.029063
0.030914
0.029070
0.032161
0.030904
0.030749
0.029389
0.028853
0.026308
0.026345
0.027118
0.028063
0.029062
0.031569
0.035106
0.038221
0.037675
0.038731
0.043703
0.041391
0.043123
0.039698
0.040094
0.039463
0.037463
0.033548
0.031610
0.030319
0.029343
0.024539
0.025627
0.023007
0.016402
0.019953
0.017766
0.020716
0.023028
0.030213
0.030364
0.035845
0.037860
0.042566
0.035591
0.032520
0.027766
0.028697
0.019392
0.018906
0.017913
0.017747
0.019325
0.016722
0.019260
0.020247
0.017173
0.018098
0.017460
0.015009
0.013668
0.014534
0.009021
0.010214
0.010688
0.017679
0.019397
0.022544
0.020644
0.021384
0.020317
0.019206
0.019577
0.019895
0.027576
0.025773
0.030184
0.031509
0.035048
0.030762
0.025760
0.025208
0.021685
0.022687
0.023101
0.024219
0.024341
0.023428
0.022997
0.022629
0.023189
0.024365
0.029847
0.029928
0.028543
0.031053
0.026402
0.026772
0.027460
0.025768
0.026772
0.026497
0.025696
0.026981
0.024065
0.023023
0.020670
0.023988
0.021710
0.022558
0.018504
0.017879
0.023663
0.020683
0.026305
0.024532
0.019807
0.022834
0.019836
0.021695
0.019371
0.021414
0.022717
0.024874
0.026397
0.025868
0.025095
0.022633
0.022871
0.023738
0.022452
0.022595
0.021988
0.022708
0.023190
0.021424
0.027311
0.024305
0.028131
0.029057
0.033813
0.035155
0.033640
0.033833
0.032917
0.030748
0.038984
0.038090
0.038736
0.045062
0.042962
0.049349
0.044428
0.047820
0.046985
0.051591
0.048149
0.048114
0.041970
0.043089
0.040432
0.039109
0.042684
0.036063
0.033170
0.026901
0.025876
0.024011
0.024937
0.024405
0.022423
0.020840
0.021153
0.026380
0.028291
0.033796
0.035429
0.026320
0.026220
0.023547
0.022721
0.022863
0.022346
0.022452
0.025345
0.026185
0.026049
0.025621
0.026689
0.027147
0.019919
0.020563
0.017988
0.019652
0.020072
0.022714
0.025152
0.023872
0.020086
0.019735
0.025982
0.025857
0.025530
0.020854
0.023000
0.022804
0.023129
0.023960
0.017654
0.021080
0.019821
0.025260
0.029259
0.023616
0.023759
0.027260
0.025177
0.026878
0.027084
0.027606
0.029133
0.026545
0.025445
0.026026
0.024093
0.027037
0.030105
0.029449
0.031637
0.030649
0.026102
0.030583
0.026073
0.019919
0.017216
0.016412
0.018923
0.013611
0.019385
0.019078
0.023121
0.022878
0.026650
0.023634
0.034511
0.036920
0.040847
0.044889
0.044486
0.051118
0.052007
0.055054
0.052635
0.054959
0.053578
0.051518
0.046614
0.041728
0.040862
0.039918
0.033536
0.031158
0.029573
0.031106
0.036156
0.040766
0.053205
0.050598
0.052919
0.051410
0.043073
0.045237
0.035079
0.026153
0.027613
0.034661
0.030792
0.027082
0.034379
0.032714
0.034631
0.035534
0.032493
0.042650
0.048652
0.042236
0.042535
0.042825
0.035654
0.035680
0.025814
0.027903
0.035032
0.032169
0.032461
0.031148
0.030822
0.034039
0.033877
0.041135
0.042215
0.053924
0.050076
0.040695
0.051514
0.048162
0.045109
0.037834
0.039686
0.030189
0.023993
0.026508
0.024446
0.032787
0.037106
0.045330
0.039122
0.044166
0.054022
0.038735
0.043583
0.046892
0.048337
0.042660
0.044372
0.045396
0.039122
0.035992
0.038731
0.038728
0.036382
0.039690
0.037666
0.034135
0.030807
0.030646
0.030585
0.025823
0.029540
0.024582
0.031987
0.033396
0.042869
0.040502
0.039699
0.029356
0.030589
0.024968
0.021070
0.022902
0.024538
0.024610
0.026444
0.026607
0.028538
0.029387
0.028487
0.028662
0.029072
0.024055
0.023274
0.023677
0.029361
0.030415
0.023786
0.019535
0.025253
0.025668
0.026506
0.029499
0.030535
0.031069
0.030643
0.030790
0.037257
0.037117
0.047740
0.043227
0.045237
0.038676
0.039223
0.037691
0.033560
0.034537
0.031459
0.028104
0.028587
0.026055
0.031874
0.033673
0.031614
0.030971
0.030164
0.026168
0.024423
0.030443
0.022838
0.026628
0.027701
0.021179
0.019640
0.024392
0.025282
0.029303
0.033745
0.033592
0.047152
0.037308
0.036517
0.037126
0.037730
0.038993
0.036623
0.030844
0.029950
0.036662
0.044187
0.038692
0.037576
0.041051
0.029779
0.036867
0.036199
0.029200
0.027905
0.025813
0.029116
0.028720
0.029179
0.027434
0.024754
0.026294
0.025048
0.025478
0.026870
0.026357
0.025508
0.024746
0.020637
0.024523
0.024516
0.030845
0.030281
0.030238
0.019441
0.020104
0.027645
0.025800
0.029922
0.028993
0.025491
0.030252
0.024811
0.026386
0.025693
0.020285
0.021139
0.021599
0.023185
0.021648
0.030029
0.029252
0.030920
0.030607
0.033355
0.030593
0.036935
0.037086
0.030059
0.030764
0.028983
0.029498
0.027082
0.024449
0.029118
0.031260
0.025543
0.028504
0.028081
0.031656
0.024557
0.026309
0.023051
0.023838
0.018550
0.022364
0.029839
0.028748
0.028293
0.029050
0.027129
0.023668
0.024974
0.028114
0.029614
0.023756
0.024700
0.033003
0.036737
0.040274
0.036979
0.030001
0.036670
0.045023
0.036983
0.035595
0.036528
0.034011
0.032987
0.033953
0.031480
0.033922
0.037637
0.032459
0.026611
0.025415
0.020938
0.026351
0.029289
0.030149
0.029185
0.032411
0.033175
0.036809
0.033414
0.036794
0.035789
0.033811
0.033952
0.025072
0.035017
0.034785
0.033868
0.035877
0.037513
0.034597
0.026955
0.033702
0.033063
0.034272
0.036662
0.032302
0.028446
0.025308
0.033795
0.034257
0.035171
0.034259
0.034735
0.030284
0.041703
0.038709
0.026203
0.024065
0.030161
0.026599
0.022048
0.024442
0.025474
0.028813
0.031529
0.029664
0.029588
0.032248
0.032819
0.030537
0.033171
0.033746
0.030955
0.031091
0.029366
0.026910
0.024323
0.022708
0.029706
0.029295
0.024882
0.026892
0.029797
0.023947
0.023700
0.025023
0.021790
0.021870
0.020784
0.021287
0.020172
0.020437
0.025064
0.029934
0.028758
0.025872
0.029045
0.027134
0.023464
0.025664
0.023814
0.026007
0.021180
0.026541
0.026873
0.030221
0.033165
0.037689
0.037013
0.046228
0.045996
0.050746
0.053971
0.056798
0.058768
0.061651
0.056076
0.055151
0.056932
0.054640
0.049000
0.059582
0.051537
0.038387
0.035970
0.032577
0.029093
0.033623
0.030679
0.032554
0.028715
0.027058
0.028233
0.027153
0.026870
0.021058
0.022768
0.021175
0.020376
0.023308
0.023586
0.031076
0.027333
0.035155
0.034920
0.043871
0.054313
0.050153
0.067894
0.062212
0.057853
0.059436
0.062660
0.053540
0.047405
0.046588
0.040948
0.041523
0.044246
0.031698
0.031087
0.030230
0.035764
0.032385
0.033095
0.032970
0.033005
0.036898
0.037359
0.036932
0.031290
0.037333
0.040411
0.045053
0.048635
0.040740
0.039689
0.041417
0.043710
0.051549
0.049003
0.040251
0.043395
0.040349
0.039519
0.044565
0.040894
0.044723
0.036158
0.040044
0.049256
0.041636
0.040609
0.031546
0.032505
0.031746
0.034593
0.031149
0.038320
0.037432
0.033098
0.036129
0.027586
0.029772
0.023264
0.019639
0.019916
0.020635
0.020873
0.019323
0.023820
0.019370
0.023627
0.023483
0.026591
0.034461
0.039300
0.037267
0.037290
0.038015
0.039261
0.026808
0.031340
0.024533
0.027294
0.032101
0.031828
0.028942
0.025640
0.023242
0.021657
0.022412
0.025737
0.021648
0.024163
0.023113
0.032421
0.032224
0.041727
0.050539
0.047067
0.040658
0.051698
0.045597
0.043613
0.032499
0.032701
0.033993
0.033721
0.025907
0.025561
0.024942
0.031484
0.027072
0.024015
0.031948
0.033323
