0.007127
0.006746
0.008623
0.005617
0.006491
0.007943
0.008923
0.010153
0.008401
0.007442
0.008967
0.006911
0.007330
0.009054
0.009027
0.007475
0.009685
0.010769
0.008816
0.009220
0.006519
0.007345
0.007876
0.007416
0.008282
0.010421
0.009354
0.008576
0.007185
0.009148
0.008130
0.006838
0.008732
0.009213
0.007982
0.007698
0.007878
0.008001
0.008640
0.006766
0.006282
0.007737
0.005575
0.007520
0.007668
0.008916
0.005623
0.010277
0.008016
0.008544
0.007341
0.005688
0.006460
0.007316
0.010023
0.008741
0.006204
0.006408
0.007832
0.008026
0.008411
0.006581
0.007633
0.006754
0.007388
0.006296
0.009089
0.008497
0.007337
0.007282
0.007855
0.008789
0.008672
0.008005
0.006722
0.007657
0.007481
0.007781
0.008331
0.007691
0.006489
0.007844
0.008707
0.009568
0.009521
0.006681
0.008744
0.007354
0.007028
0.008235
0.008642
0.009614
0.007610
0.007844
0.008988
0.007671
0.006517
0.007126
0.006485
0.006150
0.010909
0.007909
0.007466
0.008925
0.007581
0.007343
0.007448
0.007247
0.006069
0.008719
0.007726
0.010891
0.006017
0.009574
0.008396
0.009255
0.007529
0.009632
0.006743
0.008087
0.007527
0.009954
0.008125
0.009338
0.007842
0.006933
0.009697
0.009546
0.009982
0.007589
0.008893
0.006933
0.010242
0.006984
0.009053
0.007385
0.008958
0.005608
0.006548
0.005933
0.008563
0.010382
0.009898
0.008484
0.008247
0.008993
0.006285
0.008974
0.008552
0.005793
0.010117
0.007957
0.006954
0.007453
0.006847
0.008304
0.008898
0.010784
0.011838
0.008834
0.008619
0.009183
0.008047
0.007250
0.009599
0.008239
0.007362
0.009293
0.010957
0.005728
0.009430
0.007984
0.007529
0.007011
0.010150
0.008598
0.006960
0.007547
0.008300
0.006757
0.009207
0.007509
0.009419
0.010269
0.005691
0.006645
0.006495
0.007978
0.005612
0.007967
0.010743
0.007818
0.010171
0.006265
0.011308
0.007616
0.008986
0.010120
0.008606
0.007257
0.011207
0.005953
0.007563
0.009105
0.009306
0.008220
0.009241
0.006903
0.007529
0.009800
0.008978
0.007320
0.006581
0.012520
0.008408
0.007182
0.008612
0.008675
0.007803
0.008655
0.007459
0.010056
0.009457
0.008525
0.008543
0.006653
0.007765
0.008330
0.009375
0.006953
0.010906
0.009677
0.006965
0.009739
0.009646
0.009221
0.010982
0.007463
0.005601
0.008008
0.009770
0.008101
0.008502
0.007789
0.008683
0.008505
0.010537
0.007090
0.008182
0.009542
0.008841
0.007996
0.009851
0.010834
0.009192
0.006416
0.007602
0.008996
0.007159
0.008231
0.009150
0.008071
0.007869
0.007658
0.007266
0.007605
0.008560
0.010934
0.006997
0.008097
0.006208
0.006752
0.007808
0.008509
0.009703
0.010823
0.008583
0.007441
0.007904
0.009373
0.007194
0.007606
0.007990
0.006495
0.007731
0.009616
0.007432
0.009048
0.007630
0.007537
0.006992
0.008440
0.007853
0.008695
0.008873
0.006115
0.007062
0.010000
0.007971
0.007671
0.008690
0.008860
0.007568
0.007958
0.007237
0.010126
0.006693
0.007898
0.006438
0.007679
0.008693
0.008270
0.009572
0.006773
0.006845
0.005889
0.006207
0.008362
0.006435
0.011134
0.008595
0.008874
0.007419
0.006865
0.011111
0.007434
0.010615
0.008560
0.007770
0.007535
0.006505
0.007428
0.005369
0.009783
0.006620
0.006584
0.006414
0.008411
0.010058
0.008883
0.008605
0.006266
0.007905
0.009930
0.006882
0.005519
0.009605
0.007604
0.005041
0.009108
0.009442
0.011236
0.007676
0.007187
0.005809
0.007893
0.008023
0.008449
0.007530
0.007675
0.009025
0.008467
0.006585
0.007229
0.006159
0.007241
0.007242
0.008328
0.009975
0.007768
0.006041
0.009973
0.005733
0.007222
0.005799
0.008753
0.007350
0.008998
0.006346
0.009688
0.008008
0.008675
0.006147
0.010669
0.008556
0.008753
0.007484
0.009391
0.009428
0.009271
0.009572
0.008642
0.008157
0.009083
0.006504
0.005277
0.010179
0.006856
0.006516
0.008230
0.006908
0.009226
0.008042
0.007772
0.008775
0.009865
0.008739
0.009673
0.008651
0.009243
0.010888
0.010476
0.009264
0.008248
0.008126
0.010794
0.010041
0.007405
0.008464
0.008623
0.010449
0.007518
0.009165
0.008310
0.009246
0.007552
0.008315
0.009173
0.007772
0.010009
0.008342
0.010048
0.008640
0.008495
0.010579
0.009734
0.006216
0.010120
0.009869
0.007144
0.009294
0.005899
0.008268
0.006780
0.010438
0.010366
0.005624
0.010453
0.007137
0.006887
0.007977
0.008531
0.008927
0.007145
0.010001
0.009886
0.011340
0.008482
0.011377
0.012167
0.010525
0.009778
0.010016
0.009695
0.009941
0.006470
0.008885
0.007862
0.009687
0.009405
0.010356
0.008846
0.007258
0.006730
0.007636
0.009394
0.008874
0.007576
0.007161
0.008062
0.010188
0.010876
0.009607
0.011306
0.007989
0.006334
0.006743
0.007339
0.006076
0.007815
0.012215
0.011970
0.008689
0.009218
0.012182
0.007043
0.008240
0.006610
0.011203
0.009232
0.008087
0.008984
0.007656
0.010957
0.006584
0.009068
0.009191
0.009009
0.008488
0.008197
0.007628
0.009380
0.008122
0.008726
0.009061
0.005889
0.008629
0.008614
0.010896
0.010732
0.006576
0.007962
0.008716
0.006577
0.007372
0.007543
0.008159
0.008120
0.008229
0.006709
0.007532
0.009359
0.005595
0.009042
0.007220
0.008697
0.006668
0.009720
0.008045
0.009674
0.010744
0.007715
0.009234
0.009636
0.006372
0.008941
0.009541
0.006285
0.010116
0.008832
0.009042
0.011711
0.010365
0.009618
0.008665
0.007686
0.008915
0.009233
0.010190
0.010025
0.007493
0.006812
0.008491
0.009305
0.006959
0.005614
0.006991
0.009561
0.007400
0.007736
0.007621
0.008817
0.011657
0.008932
0.007529
0.007148
0.009937
0.007444
0.006717
0.010935
0.009509
0.006035
0.009320
0.007040
0.007327
0.009576
0.006829
0.009794
0.005749
0.009077
0.010621
0.010639
0.008285
0.007166
0.009712
0.008805
0.007460
0.008060
0.008342
0.008832
0.009451
0.007555
0.007383
0.008895
0.009426
0.007288
0.009398
0.007390
0.007727
0.008335
0.011230
0.007184
0.006979
0.007711
0.006768
0.007811
0.007821
0.006760
0.009036
0.009110
0.007537
0.008489
0.006471
0.007835
0.008711
0.009041
0.007497
0.009074
0.009794
0.007919
0.008160
0.007027
0.007943
0.008838
0.010138
0.006150
0.008713
0.006798
0.008951
0.006865
0.008334
0.006309
0.007616
0.009083
0.007333
0.008624
0.009125
0.007667
0.009788
0.006587
0.009412
0.008789
0.008428
0.007594
0.009181
0.009432
0.005503
0.005486
0.008625
0.008267
0.007525
0.008993
0.006124
0.008049
0.007326
0.007507
0.007714
0.009499
0.005794
0.011396
0.005824
0.005673
0.007154
0.007663
0.008881
0.009824
0.009322
0.008442
0.007900
0.008929
0.007556
0.009371
0.008079
0.009803
0.008861
0.007110
0.008450
0.009974
0.012736
0.009108
0.009723
0.009781
0.007781
0.006969
0.006056
0.005650
0.010140
0.007383
0.008703
0.007920
0.008165
0.009975
0.006395
0.006072
0.009153
0.006603
0.007680
0.005697
0.008570
0.008667
0.005632
0.009058
0.008789
0.006640
0.007790
0.006455
0.006957
0.008370
0.007148
0.007538
0.006464
0.009804
0.007402
0.008727
0.009725
0.006765
0.007261
0.007833
0.006099
0.010900
0.011375
0.008638
0.008856
0.009011
0.009382
0.007459
0.005412
0.008733
0.010247
0.007706
0.010721
0.006360
0.008603
0.008572
0.010110
0.008209
0.008792
0.007756
0.010029
0.008379
0.008664
0.008587
0.006607
0.008541
0.009657
0.007113
0.010803
0.008567
0.009824
0.009941
0.008830
0.007910
0.007659
0.008535
0.008010
0.008179
0.008413
0.008619
0.010631
0.009020
0.009292
0.008903
0.006723
0.006714
0.008770
0.009831
0.006344
0.006082
0.006990
0.008059
0.011411
0.011857
0.009470
0.015094
0.012188
0.012222
0.007905
0.010285
0.006594
0.006387
0.004275
0.013316
0.010701
0.010660
0.011557
0.008058
0.007133
0.008905
0.005472
0.007437
0.005764
0.006870
0.008017
0.007242
0.009031
0.011307
0.007073
0.010306
0.008258
0.009473
0.008557
0.007447
0.010057
0.007264
0.005413
0.009222
0.011407
0.011081
0.011505
0.007962
0.010123
0.008839
0.006941
0.009848
0.009104
0.006546
0.008943
0.006323
0.007351
0.007147
0.011126
0.005675
0.009851
0.006643
0.007478
0.009622
0.007821
0.008904
0.008378
0.007066
0.009270
0.009034
0.007746
0.009149
0.013094
0.012556
0.008484
0.006512
0.007619
0.009931
0.012799
0.012510
0.007418
0.008064
0.008116
0.005753
0.007057
0.007061
0.007082
0.007933
0.006890
0.011954
0.009137
0.008327
0.007192
0.009363
0.007042
0.006273
0.007251
0.008791
0.008752
0.007583
0.006813
0.008647
0.009696
0.005485
0.005223
0.005918
0.007011
0.006917
0.005668
0.009940
0.007783
0.009093
0.009849
0.007233
0.010300
0.006486
0.005756
0.009749
0.005619
0.006428
0.007727
0.005904
0.007665
0.009916
0.007726
0.008791
0.007097
0.008533
0.009575
0.008621
0.007699
0.009388
0.009746
0.008668
0.010091
0.006866
0.009694
0.010909
0.011209
0.014024
0.013461
0.010641
0.012578
0.011246
0.007597
0.008910
0.007719
0.010104
0.006251
0.010128
0.007891
0.008744
0.006832
0.006601
0.009964
0.008462
