0.002844
0.002884
0.001118
0.000928
0.001507
0.000654
0.001153
0.000546
0.001052
0.000918
0.001555
0.001288
0.001015
0.000971
0.001235
0.001168
0.001604
0.001862
0.001851
0.005552
0.002266
0.003801
0.002319
0.001297
0.001734
0.001743
0.001746
0.001262
0.001521
0.001896
0.002352
0.001951
0.001311
0.001654
0.002347
0.001801
0.001436
0.001025
0.001529
0.000947
0.002006
0.001826
0.002211
0.001664
0.002366
0.001415
0.001812
0.001938
0.002083
0.002284
0.002006
0.002786
0.002744
0.002154
0.001918
0.001820
0.002974
0.001291
0.001099
0.001293
0.001615
0.001817
0.003423
0.002031
0.002417
0.001589
0.001721
0.002699
0.001961
0.002244
0.004986
0.002198
0.002897
0.001754
0.002774
0.001604
0.004910
0.002191
0.001882
0.005207
0.002318
0.002126
0.002198
0.001616
0.002047
0.002342
0.002150
0.002150
0.002469
0.001861
0.002435
0.002677
0.002357
0.002584
0.002274
0.002657
0.001913
0.002325
0.002525
0.002612
0.002391
0.003032
0.002303
0.002198
0.002553
0.002632
0.002371
0.002424
0.001950
0.003693
0.002535
0.004267
0.003085
0.002146
0.002136
0.001575
0.001422
0.001733
0.002250
0.001525
0.001945
0.000580
0.000804
0.001130
0.000567
0.000799
0.001079
0.000827
0.001417
0.000859
0.000936
0.001093
0.003178
0.002059
0.001113
0.001467
0.002691
0.002901
0.003433
0.001595
0.000561
0.000850
0.000948
0.000832
0.000993
0.001036
0.001247
0.000961
0.000977
0.001393
0.000908
0.000866
0.000937
0.001414
0.000812
0.001040
0.000669
0.001505
0.001539
0.000921
0.001513
0.000691
0.001230
0.002349
0.001449
0.001401
0.001680
0.003092
0.001908
0.001430
0.001598
0.002051
0.003932
0.000983
0.001865
0.000869
0.000704
0.002463
0.003102
0.004936
0.000531
0.000520
0.000800
0.000800
0.001082
0.002231
0.005364
0.003511
0.002173
0.003945
0.002403
0.001282
0.002057
0.002715
0.001362
0.002216
0.001827
0.001294
0.000999
0.001024
0.000802
0.001245
0.001451
0.000820
0.001261
0.000808
0.000867
0.000818
0.000792
0.000673
0.001090
0.001337
0.001077
0.000793
0.000611
0.001953
0.001038
0.000602
0.001332
0.001009
0.000899
0.000744
0.001337
0.001107
0.001679
0.001068
0.001351
0.001907
0.000511
