2.142
2.64191
3.14193
3.64584
4.14191
4.64181
5.14191
5.64183
6.16048
6.64193
7.14212
7.65656
8.14196
8.64185
9.14188
9.64192
10.1419
10.6419
11.1419
11.6418
12.1425
12.6419
13.1418
13.6419
14.1569
14.642
15.142
15.6419
16.1418
16.6441
17.1419
17.642
18.1418
18.6419
19.1448
19.6418
20.1501
20.6419
21.142
21.6419
22.1419
22.642
23.1422
23.6418
24.142
24.6418
25.1419
25.6418
26.1419
26.6419
27.1419
27.6419
28.1418
28.6419
29.1419
29.6419
30.1419
30.6421
31.1419
31.6447
32.1419
32.6419
33.1426
33.6418
34.1418
34.6434
35.1502
35.6421
36.1429
36.6419
37.1419
37.642
38.1419
38.6419
39.1419
39.6446
40.1438
40.6419
41.1463
41.6458
42.144
42.6426
43.1418
43.6419
44.1418
44.6418
45.1419
45.6419
46.1471
46.642
47.1418
47.6419
48.1423
48.6418
49.1422
49.6418
50.142
50.6419
51.1419
51.6418
52.1419
52.6419
53.1418
53.6418
54.1419
54.642
55.1419
55.642
56.1419
56.6419
57.1419
57.6438
58.1419
58.6418
