0.002585
0.001793
0.002407
0.002285
0.002362
0.002406
0.002400
0.001983
0.001989
0.002073
0.002136
0.002579
0.002257
0.002219
0.002249
0.002364
0.002287
0.002065
0.002290
0.002593
0.002538
0.002501
0.002646
0.002235
0.002180
0.002023
0.002131
0.001971
0.002263
0.001806
0.001975
0.001969
0.001810
0.001939
0.001985
0.002112
0.002007
0.002219
0.002155
0.001963
0.001603
0.002278
0.002328
0.002783
0.002262
0.002390
0.002076
0.002387
0.002245
0.002462
0.002296
0.001817
0.001492
0.002010
0.002666
0.002653
0.004259
0.002685
0.002725
0.002790
0.004709
0.002995
0.004205
0.003551
0.003465
0.003016
0.003068
0.005877
0.003263
0.003256
0.007410
0.002893
0.003778
0.002838
0.002707
0.003059
0.005398
0.002936
0.002626
0.007016
0.002610
0.002875
0.003130
0.002642
0.002820
0.003326
0.002732
0.003353
0.002923
0.003139
0.003309
0.003014
0.003385
0.003757
0.003215
0.002980
0.002728
0.002793
0.003215
0.002964
0.002742
0.002810
0.002365
0.002713
0.003149
0.003578
0.002810
0.002537
0.002586
0.004260
0.002440
0.004122
0.002778
0.003145
0.002690
0.002658
0.002651
0.003067
0.003372
0.003101
0.006245
0.002957
0.002907
0.002728
0.003048
0.002933
0.002832
0.002713
0.003178
0.003246
0.002572
0.002659
0.004645
0.003367
0.002711
0.002306
0.004606
0.002994
0.002891
0.002066
0.002504
0.002519
0.002785
0.002836
0.002660
0.002392
0.002507
0.002510
0.002441
0.002660
0.002653
0.003063
0.002296
0.002437
0.003386
0.002126
0.002717
0.003209
0.002319
0.002604
0.004924
0.002448
0.002804
0.002750
0.002423
0.002285
0.002365
0.003934
0.002495
0.002283
0.002199
0.003541
0.003440
0.002204
0.002151
0.003117
0.003518
0.002059
0.001876
0.001890
0.001421
0.001422
0.002251
0.001801
0.001576
0.001995
0.002378
0.002225
0.000979
0.007695
0.002301
0.002595
0.001986
0.003943
0.002132
0.002118
0.002270
0.002716
0.002747
0.003022
0.002545
0.002712
0.002703
0.002728
0.002425
0.002894
0.002729
0.002781
0.003036
0.002892
0.003355
0.004504
0.001907
0.002170
0.002061
0.002954
0.002168
0.002119
0.002213
0.002471
0.002180
0.001322
0.001728
0.002089
0.002550
0.001759
0.001720
0.003695
0.001252
