0.007957
0.009607
0.004917
0.006542
0.008821
0.004998
0.009083
0.005667
0.009746
0.005517
0.009003
0.006369
0.006920
0.006263
0.009120
0.007250
0.006104
0.008459
0.006519
0.011065
0.008232
0.011896
0.008078
0.008018
0.006345
0.007466
0.004758
0.005063
0.006780
0.007406
0.007488
0.008461
0.006279
0.010504
0.014610
0.010566
0.012093
0.009942
0.009627
0.008254
0.009203
0.008873
0.008047
0.007662
0.008633
0.005404
0.007116
0.006447
0.005899
0.005850
0.005297
0.005936
0.005928
0.005954
0.008173
0.007074
0.007272
0.004518
0.007390
0.005773
0.004960
0.006336
0.007611
0.005835
0.006331
0.004911
0.004569
0.005269
0.005838
0.006119
0.008482
0.007221
0.008442
0.005335
0.006274
0.004577
0.007153
0.006423
0.004609
0.008419
0.007860
0.006177
0.006758
0.004053
0.006145
0.007465
0.006785
0.008237
0.007838
0.006196
0.010123
0.007124
0.009565
0.005697
0.009592
0.007673
0.006310
0.006022
0.006796
0.007482
0.009747
0.012961
0.006395
0.007117
0.008119
0.006544
0.006560
0.006364
0.004140
0.004246
0.011258
0.009420
0.009485
0.008117
0.011303
0.010314
0.008047
0.011082
0.008108
0.005659
0.007946
0.004350
0.007463
0.011580
0.004702
0.007810
0.007708
0.004900
0.006543
0.004968
0.003529
0.003824
0.008270
0.007425
0.004028
0.004846
0.012093
0.008473
0.009110
0.005928
0.005259
0.004977
0.005684
0.006596
0.006222
0.007384
0.006395
0.007316
0.006406
0.007823
0.007541
0.006228
0.005767
0.007888
0.004719
0.008940
0.005650
0.007172
0.008023
0.005759
0.008068
0.004907
0.008896
0.012135
0.004646
0.006731
0.007339
0.008339
0.008075
0.004587
0.007789
0.012022
0.017644
0.006048
0.010736
0.005038
0.006715
0.009950
0.010865
0.009524
0.005909
0.004176
0.007360
0.005738
0.007267
0.007123
0.008355
0.009104
0.003320
0.008954
0.008654
0.006720
0.005282
0.008994
0.005620
0.006593
0.005802
0.007172
0.006167
0.005768
0.005585
0.009070
0.009633
0.004487
0.006297
0.005786
0.004553
0.004830
0.005705
0.006221
0.006557
0.013514
0.006481
0.004488
0.006343
0.009263
0.008018
0.005872
0.006146
0.011777
0.004769
0.007274
0.005183
0.005910
0.008125
0.006593
0.007119
0.007323
0.001795
