0.000000
0.000000
0.166667
0.700000
1.246667
1.846667
2.427248
3.262321
4.234422
5.017638
5.912521
7.012497
7.839969
8.675585
9.669575
10.454125
10.919602
11.864759
12.861561
13.857785
14.853797
15.839255
16.821778
17.711955
18.778003
19.745226
20.524244
20.877027
21.505071
22.496967
23.424440
24.480119
25.470875
26.462244
27.452894
28.443939
29.434702
30.489182
31.441005
32.434301
33.424959
34.406727
35.398162
36.369622
37.415627
38.406459
39.388172
40.175592
40.955649
41.930293
42.988669
43.976476
44.968996
45.954751
46.947050
47.937459
48.905159
49.917065
50.893215
51.661202
52.514732
53.510234
54.496422
55.487834
56.544578
57.534325
58.571283
59.525336
60.066918
60.388591
61.155175
62.124033
63.128517
64.119005
65.105315
66.090866
67.050434
68.015882
68.665054
68.912172
69.445691
70.378163
71.253812
71.637989
72.176180
73.031510
74.017101
75.011937
75.978321
77.000365
78.546640
79.947018
80.898493
81.811240
82.819405
83.776440
84.726838
85.818648
86.821934
87.811513
88.797453
89.787556
90.774614
91.841762
92.846014
93.840389
94.833688
95.823742
96.814127
97.804367
98.862013
99.853649
100.844788
101.800307
