4.91956
4.94766
6.18377
6.48204
6.60798
7.67476
7.93047
9.26735
9.52327
10.7187
10.8668
11.8076
11.916
12.8466
13.1166
13.9166
14.0577
14.09
14.1184
14.1569
14.1952
14.2302
14.2555
14.2837
14.3139
14.3433
14.3707
14.4003
14.4401
14.4632
14.4939
14.5247
14.5515
14.5864
14.621
15.9916
17.3937
18.7816
20.1636
20.5999
20.7216
22.0701
22.2009
23.0862
23.4088
24.5896
24.8599
26.2404
26.9975
28.2012
28.4637
29.6801
29.9318
30.718
31.5238
31.5474
31.5803
31.6596
32.9581
33.1117
33.2472
34.4615
34.4948
34.5209
34.5518
34.5791
34.609
34.6434
34.6706
34.7121
34.7533
34.7858
34.8186
34.8468
34.8752
34.9028
34.941
34.9752
35.0046
35.0461
35.1892
35.2396
35.2719
35.5387
35.5713
35.6034
35.6403
35.6743
35.7038
35.7318
35.7666
35.798
35.826
35.8527
35.8856
35.9189
35.9416
35.9717
36.0032
36.0446
36.0764
36.1104
36.1326
36.1765
36.2106
36.2395
36.2685
36.3055
36.3254
36.359
36.3931
36.4246
36.4635
36.4911
36.5239
37.9092
39.0065
39.6658
39.6998
39.805
39.8408
39.8626
39.9164
39.9521
39.975
40.0081
40.0432
40.0651
40.0978
40.1256
40.1537
40.1843
40.2228
40.2496
40.2745
40.3067
40.346
40.371
40.402
40.4428
40.465
40.5767
40.6065
40.6373
40.6668
40.707
40.7374
40.7682
40.7972
40.8514
40.8827
40.9118
40.9406
40.9832
41.0124
41.0455
41.0724
41.116
41.1462
41.1734
41.2087
41.2449
41.2798
41.3141
41.3354
41.3782
41.4098
41.4438
41.471
41.5062
41.5301
41.5661
41.6035
41.6458
41.6811
41.7054
41.7373
41.7866
41.8227
41.8532
42.5549
42.7331
42.7705
42.7954
42.842
42.8736
42.9084
46.1621
46.9903
50.2526
51.5226
52.8853
53.2615
54.4079
54.6039
55.8779
56.2004
57.3903
57.6648
57.6936
57.9167
57.9506
57.9814
58.0056
58.0392
58.067
58.0957
58.126
58.1571
58.1874
58.2187
58.2569
58.2771
58.3052
58.3367
58.372
58.3988
58.4375
58.4675
58.503
58.5257
58.5785
58.6076
58.6384
58.6716
58.7059
58.7295
58.7622
58.7827
