2.14195
2.64189
3.14189
3.64583
4.14187
4.6418
5.14187
5.64181
6.16047
6.64191
7.14208
7.65655
8.14191
8.64183
9.14186
9.64191
10.1419
10.6419
11.1418
11.6418
12.1425
12.6419
13.1418
13.6419
14.1569
14.6419
15.142
15.6419
16.1418
16.6441
17.1419
17.6419
18.1418
18.6418
19.1448
19.6418
20.1501
20.6419
21.1419
21.6418
22.1419
22.6419
23.1422
23.6418
24.1419
24.6418
25.1419
25.6418
26.1419
26.6419
27.1419
27.6419
28.1418
28.6419
29.1419
29.6418
30.1419
30.6421
31.1419
31.6447
32.1419
32.6418
33.1426
33.6418
34.1418
34.6434
35.1502
35.6421
36.1428
36.6418
37.1419
37.6419
38.1419
38.6419
39.1418
39.6446
40.1438
40.6419
41.1462
41.6458
42.144
42.6426
43.1418
43.6419
44.1418
44.6418
45.1418
45.6419
46.1471
46.6419
47.1418
47.6419
48.1422
48.6418
49.1421
49.6418
50.1419
50.6419
51.1418
51.6418
52.1418
52.6418
53.1418
53.6418
54.1419
54.642
55.1419
55.642
56.1418
56.6418
57.1419
57.6438
58.1418
58.6418
