1.6439
1.644
2.14403
2.64566
3.14603
3.64658
4.14404
4.64459
5.14676
5.65937
6.16052
6.64514
7.14559
7.66661
8.16903
8.64712
9.14559
9.65347
10.1441
10.646
11.1457
11.6631
12.144
12.6469
13.1448
13.6555
14.157
14.6445
15.1448
15.6525
16.144
16.6472
17.1456
17.6561
18.1502
18.6467
19.1457
19.6559
20.1502
20.6497
21.1464
21.6546
22.1441
22.6507
23.1451
23.6584
24.144
24.6455
25.1453
25.6556
26.144
26.6452
27.1451
27.6505
28.144
28.6465
29.1461
29.6603
30.1701
30.646
31.1452
31.651
32.1441
32.646
33.1453
33.6479
34.144
34.6446
35.1507
35.6469
36.144
36.644
37.1455
37.6504
38.1441
38.6452
39.145
39.6498
40.144
40.6442
41.1469
41.6485
42.144
42.6441
43.1442
43.6476
44.1684
44.6455
45.1461
45.6488
46.1471
46.6598
47.1453
47.6518
48.144
48.6456
49.147
49.6459
50.144
50.6582
51.15
51.6518
52.144
52.6452
53.146
53.6626
54.144
54.6458
55.1457
55.6572
56.144
56.6499
57.1453
57.6548
58.1441
58.646
