0.006696
0.006628
0.006886
0.006530
0.007833
0.006422
0.005342
0.004046
0.004421
0.004019
0.004103
0.004631
0.005460
0.005316
0.005789
0.006608
0.006188
0.006204
0.006458
0.008565
0.007998
0.005871
0.007702
0.006603
0.005583
0.004512
0.004406
0.004551
0.006958
0.005422
0.005376
0.004997
0.005869
0.008319
0.006485
0.006645
0.006371
0.007337
0.006753
0.006165
0.005595
0.006756
0.006838
0.005419
0.006070
0.005802
0.006159
0.006033
0.007158
0.003895
0.004087
0.005161
0.004923
0.003685
0.003293
0.003062
0.003601
0.004418
0.004935
0.004814
0.006005
0.004535
0.004943
0.005837
0.005772
0.004311
0.004687
0.003649
0.005465
0.005209
0.004524
0.004254
0.006490
0.005746
0.005720
0.007926
0.004580
0.003227
0.004563
0.004168
0.005526
0.004744
0.006296
0.005804
0.005924
0.009138
0.006216
0.006046
0.005876
0.005642
0.004655
0.003563
0.004514
0.003725
0.005571
0.006728
0.007902
0.007586
0.007324
0.005831
0.007440
0.008483
0.005305
0.006220
0.005945
0.007072
0.005476
0.007603
0.006310
0.006152
0.003723
0.002735
0.004597
0.004824
0.003151
0.003934
0.003895
0.004402
0.003958
0.003819
0.004863
0.003696
0.003541
0.004439
0.004671
0.006956
0.006164
0.005760
0.005381
0.006045
0.006982
0.004689
0.005674
0.005927
0.006770
0.004359
0.003462
0.002567
0.002786
0.003347
0.003648
0.002790
0.002379
0.002438
0.002453
0.002742
0.004239
0.003419
0.003157
0.003154
0.003149
0.002985
0.003608
0.003564
0.003943
0.003517
0.002239
0.002765
0.003238
0.003044
0.003898
0.001804
0.006582
0.007739
0.007058
0.007075
0.007854
0.005725
0.005949
0.005463
0.003775
0.002816
0.006740
0.006773
0.006813
0.007731
0.007825
0.007750
0.007754
0.007734
0.007718
0.013843
0.013852
0.006801
0.006797
0.004591
0.004080
0.003436
0.003791
0.004188
0.004983
0.004430
0.003909
0.004537
0.004694
0.006380
0.007514
0.006044
0.006471
0.007376
0.007785
0.004525
0.006363
0.005794
0.004302
0.004635
0.002908
0.002821
0.003448
0.003658
0.003683
0.003850
0.003814
0.003208
0.003123
0.005396
0.004004
0.006543
0.007578
0.005086
0.005332
0.006453
0.005774
0.006994
0.006551
0.012900
0.007747
0.007779
0.008008
0.007549
0.007780
0.006668
0.008106
0.006919
0.005411
0.006194
0.006788
0.007813
0.006954
0.006968
0.011508
0.007985
0.007109
0.009000
0.008389
0.007338
0.006241
0.004729
0.003190
0.003562
0.004677
0.004456
0.003742
0.003806
0.003611
0.004682
0.003865
0.005895
0.006901
0.007551
0.008941
0.008340
0.006118
0.009066
0.010883
0.006950
0.004705
0.004630
0.008315
0.005910
0.007234
0.006899
0.006134
0.006233
0.005162
0.004790
0.003589
0.003392
0.003725
0.005365
0.004435
0.005579
0.005187
0.005784
0.004243
0.005267
0.007591
0.004573
0.004440
0.004370
0.004124
0.003960
0.005115
0.006413
0.004093
0.005486
0.007292
0.004865
0.004911
0.004072
0.002432
0.002936
0.002707
0.003203
0.003280
0.003522
0.003791
0.002996
0.002967
0.003800
0.004251
0.005648
0.004909
0.004440
0.004390
0.005106
0.005137
0.004889
0.004746
0.005921
0.005049
0.004223
0.004249
0.004828
0.005359
0.005101
0.004467
0.006129
0.004250
0.004651
0.004734
0.005056
0.004534
0.003727
0.005898
0.004977
0.004988
0.005069
0.005185
0.005218
0.005024
0.005013
0.005044
0.005025
0.005024
0.004277
0.004264
0.004296
0.004096
0.004098
0.004072
0.004097
0.004058
0.004097
0.004406
0.005073
0.004772
0.004776
0.004768
0.004975
0.005512
0.008275
0.005998
0.007714
0.008817
0.004217
0.003968
0.004833
0.004225
0.003668
0.002909
0.003121
0.003280
0.005081
0.005467
0.003823
0.004457
0.004256
0.004575
0.004881
0.004532
0.003308
0.005832
0.007061
0.004935
0.003268
0.003289
0.002797
0.003228
0.002810
0.003391
0.003412
0.002399
0.003359
0.003341
0.003340
0.003503
0.004168
0.003377
0.003036
0.003696
0.003599
0.003130
0.003353
0.003366
0.004416
0.005544
0.005553
0.005286
0.003712
0.003730
0.004419
0.003707
0.004520
0.003936
0.005299
0.005035
0.004472
0.004008
0.005536
0.004391
0.002727
0.002577
0.002875
0.002995
0.003992
0.004515
0.004575
0.004580
0.005283
0.004313
0.003688
0.003944
0.004103
0.002679
0.003931
0.004432
0.005191
0.004698
0.004408
0.006587
0.004035
0.003496
0.003839
0.003326
0.003933
0.003790
0.003290
0.003170
0.007185
0.005311
0.005350
0.005375
0.005661
0.005682
0.010960
0.005433
0.005542
0.005471
0.005507
0.006192
0.005197
0.005277
0.007331
0.006569
0.005126
0.007059
0.004634
0.004387
0.008107
0.007383
0.005526
0.009409
0.005561
0.005197
0.003937
0.003951
0.009331
0.006583
0.008694
0.007529
0.010826
0.009579
0.008941
0.011192
0.013126
0.009763
0.011199
0.009396
0.005950
0.004982
0.003201
0.003332
0.003227
0.003339
0.003817
0.003460
0.003677
0.003526
0.005568
0.003807
0.005945
0.006148
0.005552
0.008463
0.006503
0.008276
0.009768
0.009905
0.007616
0.012547
0.009889
0.009249
0.010330
0.007143
0.011638
0.010589
0.011274
0.008692
0.010435
0.010234
0.009758
0.010116
0.010056
0.015747
0.007280
0.006974
0.007037
0.006900
0.006974
0.006468
0.006563
0.010468
0.006513
0.006302
0.008409
0.008249
0.007151
0.006592
0.004657
0.004488
0.004478
0.003437
0.003759
0.004397
0.004087
0.004167
0.004205
0.003910
0.005227
0.003984
0.003588
0.004534
0.004762
0.005156
0.004659
0.004550
0.004941
0.004112
0.004810
0.005705
0.011794
0.006093
0.004466
0.005573
0.003768
0.003188
0.003093
0.003853
0.005504
0.006447
0.011278
0.011184
0.013595
0.010987
0.009651
0.009873
0.010562
0.009255
0.007511
0.005411
0.005144
0.005648
0.004150
0.005985
0.005592
0.004697
0.004940
0.004991
0.005765
0.005095
0.004155
0.006505
0.003861
0.004583
0.002833
0.004471
0.003467
0.004178
0.006315
0.006291
0.006276
0.006004
0.004520
0.005235
0.004557
0.003284
0.003988
0.003447
0.003463
0.003701
0.004287
0.004570
0.003643
0.003554
0.005491
0.008558
0.005529
0.008361
0.005948
0.008078
0.008338
0.007434
0.008043
0.006222
0.006794
0.006019
0.006081
0.007789
0.005395
0.007266
0.007520
0.005821
0.006876
0.005473
0.006519
0.006930
0.006072
0.004725
0.003631
0.003586
0.005152
0.003771
0.004352
0.003967
0.004867
0.005553
0.004619
0.004643
0.004807
0.005179
0.005923
0.006297
0.004820
0.005900
0.007121
0.007564
0.007019
0.007125
0.006464
0.008179
0.008684
0.007878
0.008390
0.008872
0.008735
0.009337
0.015278
0.014804
0.003321
0.005292
0.015598
0.016624
0.017041
0.015748
0.015771
0.014598
0.012109
0.012123
0.012130
0.012104
0.012150
0.011883
0.011869
0.011914
0.011863
0.011834
0.010256
0.010217
0.010306
0.010226
0.010268
0.011013
0.010280
0.010253
0.009353
0.009878
0.008631
0.009984
0.010508
0.010881
0.009582
0.006812
0.010818
0.005094
0.004754
0.002666
0.002712
0.003133
0.002428
0.004679
0.002872
0.006348
0.005451
0.007174
0.009237
0.010412
0.008076
0.006054
0.006340
0.002053
0.002754
0.004636
0.021530
0.019578
0.022318
0.014376
0.011668
0.011390
0.009103
0.010199
0.010985
