167.652344
168.941406
172.808594
173.066406
173.066406
173.066406
173.066406
173.066406
173.066406
173.066406
173.066406
173.066406
173.066406
173.066406
173.066406
173.066406
173.066406
173.066406
173.066406
173.066406
173.066406
173.066406
173.066406
173.066406
173.066406
173.066406
173.066406
173.066406
173.066406
173.066406
173.066406
173.066406
173.066406
173.066406
173.066406
173.066406
173.066406
173.066406
173.066406
173.066406
173.066406
173.066406
173.066406
173.066406
173.066406
173.066406
173.066406
173.066406
173.066406
173.066406
173.066406
173.066406
173.066406
173.066406
173.066406
173.066406
173.066406
173.066406
173.066406
173.066406
173.066406
173.066406
173.066406
173.066406
173.066406
173.066406
173.066406
173.066406
173.066406
173.066406
173.066406
173.066406
173.066406
173.066406
173.066406
173.066406
173.066406
173.066406
173.066406
173.066406
173.066406
173.066406
173.066406
173.066406
173.066406
173.066406
173.066406
173.066406
173.066406
174.835938
174.835938
174.835938
174.835938
174.835938
174.835938
174.835938
174.835938
174.835938
174.835938
174.835938
174.835938
174.835938
174.835938
174.835938
174.835938
174.835938
174.835938
174.835938
174.835938
174.835938
174.835938
174.835938
174.835938
174.835938
174.835938
174.835938
174.835938
174.835938
174.835938
174.835938
174.835938
174.835938
174.835938
174.835938
174.835938
174.835938
174.835938
174.835938
174.835938
174.835938
174.835938
174.835938
174.835938
174.835938
174.835938
174.835938
174.835938
174.835938
174.835938
174.835938
174.835938
174.835938
174.835938
174.835938
174.835938
174.835938
174.835938
174.835938
174.835938
174.835938
174.835938
174.835938
174.835938
174.835938
174.835938
174.835938
177.414062
177.414062
177.414062
177.414062
177.414062
177.414062
177.414062
177.414062
177.414062
177.414062
177.414062
177.414062
177.414062
177.414062
177.414062
177.414062
177.414062
177.414062
177.414062
177.414062
177.414062
177.414062
177.414062
177.414062
177.414062
177.414062
177.414062
177.414062
177.414062
177.414062
177.414062
177.414062
177.414062
177.414062
177.414062
177.414062
177.414062
177.414062
177.414062
177.414062
177.414062
177.414062
177.414062
177.414062
177.414062
177.414062
177.414062
177.414062
177.414062
177.414062
177.414062
177.414062
177.414062
177.414062
177.414062
177.414062
177.414062
177.414062
177.414062
177.414062
177.414062
177.414062
177.414062
177.414062
177.414062
177.414062
177.414062
177.414062
177.414062
177.414062
177.414062
177.414062
177.414062
177.414062
177.414062
177.414062
177.414062
177.414062
177.414062
177.929688
177.929688
177.929688
178.187500
178.187500
183.859375
183.859375
183.859375
183.859375
183.859375
183.859375
183.859375
183.859375
183.859375
183.859375
183.859375
183.859375
183.859375
183.859375
183.859375
183.859375
183.859375
183.859375
183.859375
183.859375
183.859375
183.859375
183.859375
183.859375
183.859375
183.859375
183.859375
183.859375
183.859375
183.859375
183.859375
183.859375
183.859375
183.859375
183.859375
183.859375
183.859375
183.859375
183.859375
183.859375
183.859375
183.859375
183.859375
183.859375
183.859375
183.859375
183.859375
183.859375
183.859375
183.859375
183.859375
183.859375
183.859375
183.859375
183.859375
183.859375
183.859375
183.859375
183.859375
183.859375
183.859375
183.859375
183.859375
183.859375
183.859375
183.859375
183.859375
183.859375
183.859375
183.859375
183.859375
183.859375
183.859375
183.859375
183.859375
183.859375
183.859375
183.859375
183.859375
183.859375
183.859375
183.859375
183.859375
183.859375
183.859375
183.859375
183.859375
183.859375
183.859375
183.859375
183.859375
183.859375
183.859375
183.859375
183.859375
183.859375
183.859375
183.859375
183.859375
183.859375
183.859375
183.859375
183.859375
183.859375
183.859375
183.859375
183.859375
183.859375
183.859375
183.859375
183.859375
183.859375
183.859375
183.859375
183.859375
183.859375
183.859375
183.859375
183.859375
183.859375
183.859375
183.859375
183.859375
183.859375
183.859375
183.859375
183.859375
183.859375
183.859375
183.859375
183.859375
183.859375
183.859375
183.859375
183.859375
183.859375
183.859375
183.859375
183.859375
183.859375
183.859375
183.859375
183.859375
183.859375
183.859375
183.859375
183.859375
183.859375
183.859375
183.859375
183.859375
183.859375
183.859375
183.859375
183.859375
183.859375
183.859375
183.859375
183.859375
183.859375
183.859375
183.859375
183.859375
183.859375
183.859375
183.859375
183.859375
183.859375
183.859375
183.859375
183.859375
183.859375
183.859375
183.859375
183.859375
183.859375
186.695312
186.695312
186.695312
186.695312
186.695312
186.695312
186.695312
186.695312
186.695312
186.695312
186.695312
186.695312
186.695312
186.695312
186.695312
186.695312
186.695312
186.695312
186.695312
186.695312
186.695312
186.695312
186.695312
186.695312
186.695312
186.695312
186.695312
186.695312
186.695312
186.695312
186.695312
186.695312
186.695312
186.695312
186.695312
186.695312
186.695312
186.695312
186.695312
186.695312
186.695312
186.695312
186.695312
186.695312
186.695312
186.695312
186.695312
186.695312
186.695312
186.695312
186.695312
186.695312
186.695312
186.695312
186.695312
186.695312
186.695312
186.695312
186.695312
186.695312
186.695312
186.695312
186.695312
186.695312
186.695312
186.695312
186.695312
186.695312
186.695312
186.695312
186.695312
186.695312
186.695312
186.695312
186.695312
186.695312
186.695312
186.695312
186.695312
186.695312
186.695312
186.695312
186.695312
186.695312
186.695312
186.695312
186.695312
186.695312
186.695312
186.695312
186.695312
186.695312
186.695312
186.695312
186.695312
186.695312
186.695312
186.695312
186.695312
186.695312
186.695312
186.695312
186.695312
186.695312
186.695312
186.695312
186.695312
186.695312
186.695312
186.695312
186.695312
186.695312
186.695312
186.695312
186.695312
186.695312
186.695312
186.695312
186.695312
186.695312
186.695312
186.695312
186.695312
186.695312
186.695312
186.695312
186.695312
186.695312
186.695312
186.695312
186.695312
186.695312
186.695312
186.695312
186.695312
186.695312
186.695312
186.695312
186.695312
186.695312
186.695312
186.695312
186.695312
186.695312
186.695312
186.695312
186.695312
186.695312
186.695312
186.695312
186.695312
186.695312
186.695312
186.695312
186.695312
186.695312
186.695312
186.695312
186.695312
186.695312
186.695312
186.695312
186.695312
186.695312
186.695312
186.695312
186.695312
186.695312
187.468750
190.562500
190.562500
190.562500
190.562500
190.562500
190.562500
190.562500
190.562500
190.562500
190.562500
190.562500
191.335938
191.335938
191.335938
191.335938
191.335938
191.335938
191.335938
191.335938
191.335938
191.335938
191.335938
191.335938
191.335938
191.335938
191.335938
191.335938
191.335938
191.335938
191.335938
191.335938
191.335938
191.335938
191.335938
191.335938
191.335938
191.335938
191.335938
191.335938
191.335938
191.335938
191.335938
191.335938
191.335938
191.335938
191.335938
191.335938
191.335938
191.335938
191.335938
191.335938
191.335938
191.335938
191.335938
191.335938
191.335938
191.335938
191.335938
191.335938
191.335938
191.335938
191.335938
191.335938
191.335938
191.335938
191.335938
191.335938
191.335938
191.335938
191.335938
