2.13953
2.63956
3.1396
3.63962
4.1643
4.63957
5.13951
5.63958
6.14438
6.63951
7.13958
7.63943
8.15365
8.6396
9.1396
9.63957
10.1587
10.6395
11.1395
11.6396
12.1448
12.6395
13.1395
13.6395
14.1622
14.6395
15.1395
15.6532
16.1545
16.6397
17.1395
17.6396
18.1528
18.6395
19.1395
19.647
20.1591
20.6396
21.1471
21.6397
22.1478
22.6395
23.1397
23.6559
24.1525
24.6396
25.1395
25.641
26.1482
26.6394
27.156
27.6395
28.1505
28.6397
29.1395
29.6395
30.151
30.6395
31.1395
31.6395
32.1557
32.6395
33.1395
33.6396
34.1542
34.6395
35.1411
35.6397
36.146
36.6396
37.1403
37.6395
38.1551
38.6396
39.1405
39.6396
40.1498
40.6395
41.1436
41.6425
42.146
42.6438
43.1428
43.6395
44.1631
44.6406
45.1489
45.6396
46.1549
46.6446
47.1525
47.6395
48.1623
48.6434
49.1447
49.6395
50.1637
50.6478
51.1444
51.6396
52.1749
52.6513
53.1575
53.6541
54.1509
54.6501
55.1397
55.6395
56.1617
56.6458
57.1485
57.6486
58.1648
58.6405
59.1514
59.6554
60.1517
60.6471
61.1516
61.6472
62.1634
62.6527
63.1646
63.642
64.168
64.6528
65.1533
65.6484
66.1623
66.6444
67.15
67.6478
68.1606
68.6582
69.1409
69.6432
70.1642
70.6411
71.1522
71.6544
72.1639
72.6472
73.1534
73.6521
74.1664
74.6536
75.1527
75.6437
76.1557
76.6457
77.1529
77.643
78.1565
78.6434
79.1541
79.6434
80.158
80.6527
81.1497
81.6491
82.1567
82.6432
83.1475
83.6395
84.1522
84.6539
85.1539
85.6438
86.1584
86.6404
87.1479
87.6394
88.1643
88.6509
89.1479
89.6467
90.1509
90.644
91.1395
91.6406
92.1507
92.6395
93.1509
93.6396
94.1552
94.6395
95.1459
95.6538
96.1519
96.6395
97.1537
97.6638
98.1537
98.6474
99.1491
99.6425
100.154
100.639
101.153
101.652
102.166
102.644
103.153
103.642
104.154
104.642
105.148
105.647
106.155
106.649
107.144
107.641
108.155
108.641
109.142
109.642
110.153
110.641
111.141
111.639
112.163
112.64
113.146
113.64
114.158
114.64
115.148
115.657
116.161
116.652
117.149
117.642
118.163
118.649
119.14
119.644
120.159
120.644
121.151
121.647
122.151
122.649
123.145
123.64
124.159
124.653
125.151
125.64
126.163
126.651
127.14
127.647
128.163
128.649
129.146
129.64
130.171
130.653
131.148
131.642
132.168
132.648
133.151
133.649
134.169
134.654
135.151
135.652
136.168
136.644
137.152
137.652
138.162
138.653
139.153
139.643
140.166
140.642
141.153
141.645
142.167
142.653
143.153
143.647
144.168
144.653
145.153
145.67
146.162
146.654
147.154
147.666
148.167
148.653
149.154
149.65
150.161
150.661
151.157
151.662
152.162
152.653
153.153
153.652
154.164
154.653
155.154
155.65
156.167
156.653
157.153
157.672
158.167
158.662
159.153
159.669
160.169
160.654
161.154
161.654
162.167
162.654
163.153
163.656
164.168
164.653
165.194
165.654
166.169
166.654
167.159
167.662
168.176
168.654
169.153
169.653
170.166
170.654
171.154
171.653
172.171
172.654
173.165
173.653
174.189
174.675
175.153
175.654
176.166
176.654
177.153
177.654
178.167
178.653
179.153
179.653
180.168
180.653
181.172
181.672
182.169
182.668
183.165
183.657
184.171
184.653
185.167
185.654
186.153
186.653
187.167
187.653
188.154
188.662
189.168
189.654
190.154
190.653
191.166
191.654
192.154
192.653
193.167
193.653
194.154
194.654
195.168
195.655
196.154
196.655
197.167
197.654
198.153
198.682
199.165
199.653
200.169
200.655
201.167
201.653
202.153
202.654
203.167
203.655
204.173
204.653
205.168
205.653
206.153
206.654
207.167
207.672
208.154
208.653
209.174
209.653
210.153
210.679
211.153
211.653
212.165
212.653
213.153
213.65
214.17
214.654
215.153
215.651
216.164
216.653
217.154
217.651
218.166
218.65
219.152
219.653
220.167
220.653
221.153
221.652
222.166
222.653
223.153
223.655
224.164
224.653
225.154
225.652
226.166
226.653
227.153
227.658
228.167
228.653
229.153
229.652
230.166
230.662
231.159
231.665
232.165
232.654
233.154
233.642
234.156
234.643
235.146
235.644
236.156
236.642
237.149
237.644
238.158
238.646
239.15
239.674
240.157
240.65
241.153
241.645
242.166
242.647
243.152
243.643
244.169
244.649
245.154
245.67
246.167
246.641
247.145
247.64
248.167
248.647
249.153
249.643
250.16
250.645
251.15
251.66
252.157
252.647
253.151
253.651
254.162
254.652
255.147
255.646
256.168
256.647
257.146
257.65
258.163
258.653
259.147
259.648
260.158
260.649
261.146
261.643
262.158
262.647
263.149
263.644
264.162
264.655
265.154
265.648
266.165
266.659
267.148
267.646
268.164
268.647
269.153
269.643
270.165
270.653
271.143
271.664
272.154
272.64
273.153
273.642
274.158
274.647
275.15
275.647
276.168
276.641
277.153
277.655
278.165
278.653
279.154
279.653
280.151
280.64
281.144
281.639
282.151
282.64
283.144
283.64
284.155
284.641
285.147
285.64
286.149
286.639
287.141
287.64
288.154
288.641
289.14
289.64
290.157
290.64
291.141
291.64
292.175
292.652
293.141
293.643
294.157
294.639
295.14
295.64
296.15
296.642
297.141
297.64
298.16
298.64
299.139
299.643
300.155
300.64
301.142
301.64
302.149
302.64
303.139
303.64
304.154
304.644
305.14
305.64
306.151
306.64
307.139
307.64
308.148
308.639
309.139
309.64
310.152
310.641
311.14
311.639
312.149
312.64
313.14
313.668
314.148
314.64
315.14
315.639
316.144
316.639
317.14
317.64
318.152
318.639
319.14
319.639
320.16
320.64
321.139
321.64
322.145
322.64
323.139
323.639
324.145
324.639
325.139
325.639
326.146
326.639
327.139
327.64
328.145
328.639
329.14
