4.90013
5.00128
5.1378
5.39117
5.79441
6.87821
6.99227
8.19095
8.74151
9.27374
10.0772
10.3372
10.4721
10.989
11.9409
12.6013
13.4413
13.8009
14.4724
15.6883
16.202
16.4806
17.379
18.0851
19.0004
19.1324
19.6741
20.3287
21.1469
21.9431
22.4728
23.5386
23.6871
24.861
25.1338
25.1725
25.2026
25.2503
25.3846
25.6587
25.6962
25.7262
25.7727
25.8104
25.8385
26.9757
27.1276
27.156
27.1905
28.0307
28.0769
28.9637
29.788
30.3223
30.3518
30.3804
30.4114
31.5266
32.5015
32.7235
33.2559
34.1843
34.7239
34.848
34.887
34.9191
34.9671
35.1245
35.1587
36.4994
36.8779
36.9171
38.0762
38.3561
38.392
39.2899
40.1313
41.5272
42.4727
42.9893
43.8008
43.9401
44.9972
45.4054
45.8008
46.0921
46.9979
47.1522
48.5422
48.9328
50.0694
50.7362
51.8033
53.1878
53.6822
53.7947
54.7282
54.9934
55.2735
55.4058
56.4813
56.7362
57.5206
57.6734
57.7098
57.7443
57.7873
57.8271
58.0468
58.0853
59.3758
59.6554
59.6932
59.726
61.0986
61.1377
61.1773
61.5299
61.5573
61.5908
61.6331
61.6804
61.7088
61.7406
61.7942
63.186
64.308
64.7413
64.8739
65.2501
65.2912
65.3321
65.3759
65.4192
65.4609
66.4394
66.5869
67.5241
67.9407
68.4512
69.1253
70.332
70.7138
70.8458
70.8809
71.2415
71.6408
72.6945
73.2395
73.2702
73.2992
73.3397
73.3759
73.4168
73.4551
73.484
73.5283
73.5599
73.592
73.6357
73.6869
73.7091
76.9658
78.3504
78.8546
79.3785
80.3337
80.8547
81.8533
82.0595
82.8801
84.2698
84.59
84.6195
84.6538
84.7022
84.7394
84.7717
84.7998
84.8369
84.8751
88.1407
89.5308
89.636
92.8939
94.266
95.6435
97.024
97.3791
97.6637
98.4893
99.2474
99.2782
99.3068
99.3375
99.3827
99.5276
99.5671
99.9364
100.045
100.082
100.971
101.002
101.033
101.64
102.346
102.577
102.61
102.723
103.838
103.925
104.048
105.426
105.516
105.544
105.581
105.632
105.917
106.759
110.006
110.044
110.084
110.124
111.508
112.194
112.34
112.382
112.974
113.25
113.291
113.332
113.371
114.46
114.98
115.019
115.524
115.564
115.606
115.646
115.712
115.775
117.483
119.087
119.785
120.592
121.057
122.442
123.821
124.057
124.191
125.308
125.53
125.787
126.454
127.526
127.786
129.134
130.23
130.485
131.546
131.811
132.527
132.731
133.797
134.094
135.284
136.447
136.737
136.879
137.679
138.729
138.767
138.797
138.837
139.781
139.818
140.584
140.614
140.722
140.873
142.256
142.875
142.927
142.973
143.386
143.437
144.334
144.448
144.486
144.517
144.547
144.739
144.782
145.67
146.071
146.195
146.237
146.282
147.666
148.327
149.212
149.259
149.293
149.944
150.445
150.576
150.613
150.643
150.709
150.742
151.643
151.775
151.816
151.855
151.885
151.946
151.977
152.007
152.071
152.115
153.484
153.617
154.732
155.256
155.297
156.383
156.471
156.865
156.93
156.976
157.014
157.044
157.528
157.579
157.648
158.476
158.517
158.574
158.622
158.683
158.734
158.766
158.807
158.858
158.932
159.258
159.304
159.347
159.423
159.46
159.503
159.547
159.585
159.616
159.698
159.741
159.793
159.826
159.868
160.21
160.247
161.402
161.984
162.046
162.103
162.73
163.534
163.573
163.616
164.336
164.871
164.93
165.155
165.993
167.133
168.068
168.107
168.135
168.446
168.476
168.505
168.532
168.576
169.956
170.446
171.787
173.215
173.948
173.98
174.008
174.053
174.091
174.117
174.189
174.227
174.257
174.286
174.33
174.357
174.385
174.45
174.482
174.509
174.539
174.579
174.618
174.675
174.718
174.76
174.797
174.837
174.877
174.93
174.971
175.014
175.055
176.441
176.482
176.522
177.783
177.816
179.191
179.777
180.585
180.614
180.974
181.013
181.043
181.071
181.115
181.172
181.207
181.243
181.281
181.305
181.342
181.385
181.44
181.47
181.504
181.547
181.585
181.613
181.672
181.709
181.775
181.813
181.843
181.868
181.93
181.965
181.994
182.169
182.205
182.361
182.516
182.642
182.806
182.946
183.106
183.267
183.434
183.471
183.618
183.682
183.718
183.877
183.988
184.171
187.444
188.686
188.727
188.777
188.818
188.862
189.842
189.975
190.385
190.437
193.691
195.057
195.486
196.84
198.124
198.393
198.531
198.682
198.788
200.196
201.588
202.98
204.111
204.173
204.244
204.545
205.315
205.443
205.843
205.869
207.259
207.608
207.672
207.977
208.016
208.421
208.495
208.536
208.787
208.832
208.875
208.949
208.992
209.049
209.093
209.134
209.211
210.251
210.297
210.34
210.386
210.445
210.491
210.536
210.58
210.638
210.705
213.944
213.975
214.105
214.135
214.199
214.229
214.369
214.437
214.579
214.95
214.996
215.033
218.294
218.334
218.364
219.769
223.173
223.38
224.045
224.441
224.575
225.513
225.797
225.84
226.997
227.241
227.524
227.559
227.598
227.637
227.688
228.194
228.228
228.263
228.301
228.356
228.395
228.456
229.844
230.642
231.141
231.369
231.665
231.702
231.734
231.783
235.033
238.292
239.674
240.723
241.256
241.541
242.341
243.725
244.077
244.986
245.67
245.783
246.576
246.854
247.943
248.33
248.734
250.121
250.452
251.387
251.433
251.472
251.511
251.54
251.573
251.604
251.66
251.702
253.083
253.942
255.319
256.444
257.822
258.196
259.768
260.057
260.329
260.361
261.129
261.382
261.427
261.462
262.525
263.924
265.776
265.928
266.601
266.642
266.719
266.764
266.808
268.199
268.732
269.529
269.778
269.807
270.047
270.193
271.117
271.664
271.702
271.735
271.773
272.84
272.98
273.011
274.186
274.214
274.245
275.519
276.316
276.585
277.371
277.512
277.543
277.639
277.684
277.712
277.742
277.788
277.828
277.866
277.921
277.964
278.011
279.379
279.421
279.461
279.51
279.555
279.596
279.641
279.694
279.738
279.781
279.84
281.219
282.585
283.961
284.998
286.376
287.786
289.292
289.426
290.802
292.207
292.258
292.323
292.374
292.427
292.492
292.543
292.684
292.737
292.789
292.849
292.896
292.943
292.994
293.041
293.097
293.214
293.264
293.379
293.528
294.895
295.278
296.345
297.293
297.804
298.481
298.597
298.736
298.878
300.056
300.854
301.92
302.185
303.574
304.047
304.978
305.015
305.123
305.247
306.626
308.001
308.055
308.186
309.556
310.176
310.845
311.006
312.381
313.667
316.902
320.146
323.391
323.694
326.949
327.894
