0.001798
0.001863
0.001882
0.001951
0.002133
0.002340
0.002214
0.002520
0.002949
0.002529
0.002793
0.002510
0.002666
0.002877
0.003127
0.002944
0.003263
0.003203
0.003379
0.004203
0.003633
0.004083
0.003625
0.003319
0.003287
0.003436
0.003417
0.003208
0.003448
0.003484
0.003428
0.003770
0.003787
0.005470
0.004162
0.004373
0.003752
0.004479
0.004712
0.004478
0.004272
0.004288
0.003988
0.004125
0.003630
0.004401
0.004023
0.004092
0.004375
0.004202
0.003892
0.005794
0.003950
0.003694
0.003972
0.003891
0.005242
0.004996
0.004569
0.004440
0.006682
0.004350
0.004145
0.004803
0.004694
0.004515
0.004140
0.006889
0.004002
0.004532
0.004515
0.004778
0.005029
0.004616
0.004683
0.005150
0.004987
0.004558
0.004624
0.004947
0.005281
0.005362
0.005533
0.005387
0.005358
0.005584
0.005322
0.005470
0.006114
0.005888
0.005677
0.004824
0.013410
0.005110
0.005108
0.005622
0.005525
0.005362
0.005281
0.005285
0.005144
0.005220
0.004547
0.004834
0.005017
0.004729
0.005083
0.004782
0.004923
0.005282
0.005230
0.004934
0.005132
0.005036
0.005017
0.004918
0.005306
0.005028
0.004968
0.005266
0.005055
0.004813
0.004656
0.004884
0.017993
0.005143
0.005444
0.005302
0.005716
0.005966
0.006233
0.005940
0.006013
0.005867
0.005494
0.006015
0.006174
0.005110
0.005363
0.005278
0.004451
0.005295
0.005686
0.005209
0.005350
0.005033
0.004900
0.019764
0.004680
0.004637
0.004450
0.004327
0.004474
0.004486
0.005172
0.004551
0.004122
0.004468
0.004248
0.004467
0.004137
0.002728
0.005125
0.005556
0.005256
0.005553
0.005638
0.005498
0.006533
0.006066
0.005745
0.005349
0.003098
0.002970
0.002928
0.003216
0.002964
0.005022
0.003115
0.003182
0.003184
0.006027
0.005481
0.003198
0.005490
0.005014
0.005376
0.005141
0.004929
0.005389
0.016888
0.004772
0.004861
0.005184
0.004850
0.005324
0.005818
0.005271
0.005499
0.005267
0.005141
0.005227
0.005381
0.005296
0.004922
0.018440
0.004845
0.005076
0.004861
0.005184
0.004459
0.005033
0.004212
0.004783
0.005033
0.004706
0.005166
0.002909
0.006763
0.005243
0.005306
0.005487
0.005048
0.005715
0.007219
0.009423
0.005297
0.005931
0.006250
0.006179
0.005852
0.006300
0.016985
0.005917
0.006012
0.006060
0.006115
0.005819
0.005920
0.016400
0.005485
0.006572
0.007305
0.006614
0.006770
0.006261
0.006032
0.005824
0.005441
0.005660
0.015461
0.005087
0.005539
0.004377
0.004347
0.004398
0.004125
0.006848
0.003967
0.003975
0.016111
0.005308
0.005049
0.005995
0.018811
0.005224
0.005102
0.005111
0.005444
0.005094
0.005896
0.005432
0.005326
0.005057
0.005414
0.006351
0.005453
0.005650
0.005089
0.005061
0.004945
0.006059
0.005511
0.005448
0.006297
0.005977
0.006109
0.006287
0.006375
0.006192
0.006230
0.022046
0.005846
0.005285
0.023339
0.005667
0.005898
0.005420
0.005304
0.005659
0.005739
0.005404
0.005524
0.006050
0.006005
0.005997
0.005962
0.005773
0.005131
0.005774
0.006564
0.006216
0.006213
0.005256
0.006285
0.005599
0.005837
0.005893
0.027488
0.006105
0.006703
0.006480
0.006187
0.006253
0.006988
0.006830
0.028355
0.011381
0.006066
0.006426
0.006332
0.006229
0.005911
0.005318
0.006398
0.006321
0.005718
0.006729
0.006681
0.006157
0.005728
0.006116
0.005575
0.005811
0.006071
0.006203
0.006055
0.006114
0.006586
0.005972
0.005724
0.007915
0.006212
0.006307
0.006065
0.006035
0.006016
0.005684
0.005982
0.006939
0.006422
0.007766
0.032008
0.007019
0.006727
0.007144
0.007154
0.007290
0.007688
0.006900
0.006737
0.007055
0.031180
0.035485
0.007098
0.006875
0.006814
0.006649
0.006790
0.006748
0.006635
0.006760
0.006899
0.006645
0.006025
0.007085
0.037444
0.006757
0.006707
0.006598
0.006879
0.007155
0.006684
0.006772
0.006756
0.006595
0.006762
0.006551
0.006714
0.006567
0.006250
0.007084
0.006379
0.006467
0.006550
0.006626
0.006051
0.006797
0.007028
0.006364
0.006277
0.006498
0.005970
0.006332
0.010288
0.006046
0.006017
0.007450
0.006841
0.006555
0.007208
0.006426
0.006242
0.006191
0.006226
0.005918
0.005850
0.005706
0.005412
0.005749
0.005498
0.006121
0.005960
0.006157
0.006015
0.009583
0.006049
0.005947
0.005642
0.006207
0.012066
0.006136
0.006082
0.005481
0.006394
0.042097
0.006038
0.005761
0.005181
0.005847
0.004043
0.004031
0.004141
0.004592
0.005669
0.009007
0.005784
0.005879
0.004786
0.004605
0.008664
0.004331
0.004326
0.006675
0.005987
0.004691
0.009441
0.004970
0.003867
0.006950
0.007362
0.007006
0.007345
0.008058
0.011078
0.006722
0.007652
0.006975
0.004340
0.006924
0.007325
0.038365
0.007049
0.006950
0.006440
0.006099
0.006155
0.007444
0.007286
0.006934
0.007889
0.006367
0.006391
0.006012
0.034770
0.006428
0.005996
0.006335
0.006155
0.011450
0.031324
0.006203
0.006221
0.006251
0.033523
0.006335
0.006352
0.006286
0.006444
0.006163
0.006104
0.006538
0.006091
0.006427
0.006282
0.006622
0.007218
0.007830
0.007213
0.006741
0.006962
0.006966
0.006885
0.006859
0.007604
0.004343
0.004033
0.004515
0.003753
0.003746
0.004045
0.003848
0.009664
0.004241
0.003903
0.006867
0.006142
0.003745
0.009794
0.007007
0.006975
0.007539
0.006734
0.006329
0.008150
0.006662
0.006467
0.006051
0.025880
0.010744
0.025301
0.005382
0.005481
0.011374
0.005486
0.005609
0.005499
0.005605
0.005474
0.005173
0.004909
0.013280
0.005358
0.005170
0.011113
0.025180
0.005287
0.005031
0.004712
0.004959
0.004678
0.004792
0.004205
0.007433
0.006814
0.006441
0.006362
0.006834
0.006158
0.005574
0.005869
0.005627
0.006528
0.006759
0.006165
0.006404
0.018395
0.006252
0.005940
0.005718
0.006050
0.019953
0.006488
0.006335
0.006297
0.006592
0.005974
0.005985
0.005972
0.006362
0.005948
0.005730
0.005545
0.006199
0.006474
0.006359
0.006503
0.006166
0.005972
0.005974
0.006047
0.006143
0.006318
0.006016
0.021329
0.023796
0.006808
0.006636
0.024336
0.007108
0.006588
0.006485
0.006548
0.009769
0.020185
0.020390
0.005887
0.005821
0.005740
0.005747
0.005790
0.005659
0.005902
0.005748
0.006088
0.005874
0.006006
0.006034
0.006223
0.006217
0.005741
0.005536
0.005873
0.005500
0.005394
0.005683
0.006255
0.005540
0.005665
0.005718
0.005703
0.005433
0.005782
0.005656
0.005320
0.005469
0.005229
0.005294
0.004738
0.005134
0.004678
0.005828
0.004966
0.004895
0.005173
0.005373
0.005303
0.005690
0.005383
0.015312
0.009032
0.006773
0.008236
0.006870
0.006886
0.006408
0.006688
0.006844
0.006813
0.006846
0.006724
0.007275
0.006750
0.006681
0.006806
0.006453
0.006715
0.006962
0.006921
0.006835
0.006812
0.006918
0.013593
0.006573
0.006770
0.007035
0.007222
0.007138
0.007067
0.007077
0.007811
0.007932
0.008061
0.008366
0.008175
0.008289
0.008515
0.008206
0.005161
0.010681
0.004883
0.004582
0.004766
0.004778
0.005013
0.004083
0.007578
0.008024
0.007630
0.007930
0.008729
0.004028
0.004132
0.008162
0.009362
0.004794
0.004692
0.004852
0.004554
0.005528
0.004257
0.004176
