0.007699
0.007180
0.007896
0.006408
0.008896
0.004964
0.011137
0.008448
0.008100
0.005567
0.007072
0.005821
0.008008
0.008575
0.006905
0.006708
0.006066
0.005264
0.007194
0.006938
0.009642
0.008698
0.007400
0.005829
0.007722
0.006995
0.007343
0.005076
0.007400
0.006552
0.005207
0.006824
0.007005
0.006538
0.005543
0.006848
0.006881
0.005561
0.006210
0.006945
0.007439
0.006232
0.008686
0.007898
0.005785
0.007607
0.007222
0.006673
0.009933
0.007144
0.005313
0.008266
0.008198
0.007984
0.007606
0.006636
0.005619
0.008467
0.006461
0.005484
0.009371
0.005347
0.007306
0.006437
0.008275
0.006889
0.007015
0.004114
0.008097
0.007875
0.008058
0.006493
0.006477
0.007270
0.007617
0.010595
0.011532
0.006735
0.008562
0.005660
0.007500
0.007082
0.006520
0.004946
0.007727
0.008772
0.006335
0.006260
0.005721
0.007831
0.006167
0.007599
0.007978
0.008857
0.005471
0.008106
0.006744
0.007302
0.006507
0.006013
0.006961
0.008972
0.006734
0.007472
0.005157
0.008769
0.007378
0.007140
0.005015
0.006699
0.009579
0.008141
0.007852
0.010454
0.007231
0.006301
0.006383
0.007517
0.005276
0.008613
0.009494
0.007194
0.005698
0.006431
0.008806
0.008694
0.006459
0.006859
0.008685
0.008427
0.007696
0.007864
0.007101
0.005357
0.008646
0.006304
0.009009
0.008246
0.006284
0.008008
0.007350
0.007463
0.007228
0.006234
0.005958
0.006806
0.006478
0.007264
0.006045
0.007089
0.006399
0.007061
0.007370
0.006407
0.008819
0.008750
0.004304
0.005294
0.007165
0.009556
0.006889
0.002587
0.006488
0.007090
0.008048
0.006851
0.006932
0.005752
0.007523
0.006719
0.009497
0.010300
0.006034
0.005473
0.005721
0.006685
0.005975
0.006492
0.006479
0.006962
0.006927
0.013329
0.013623
0.004538
0.012065
0.010125
0.007395
0.006357
0.008386
0.007516
0.006907
0.007755
0.007557
0.007461
0.008303
0.008587
0.008428
0.007919
0.008304
0.005847
0.008327
0.005149
0.005645
0.007210
0.006300
0.009596
0.005735
0.005603
0.006732
0.006116
0.006227
0.008604
0.007149
0.007633
0.005620
0.009810
0.007500
0.006594
0.005511
0.005975
0.005847
0.008317
0.008729
0.007991
0.007140
0.011767
0.008395
0.007866
0.007295
0.006674
0.007194
0.005693
0.006569
0.007035
0.006969
0.006340
0.006899
0.007867
0.006860
0.007447
0.013782
0.007468
0.007454
0.005767
0.009150
0.008878
0.007196
0.008126
0.008652
0.007385
0.006518
0.007733
0.007931
0.006033
0.006842
0.008243
0.006266
0.007491
0.008498
0.007010
0.009303
0.008688
0.006499
0.010928
0.009863
0.009485
0.006773
0.009143
0.008328
0.008690
0.007534
0.005779
0.006199
0.006340
0.007387
0.005374
0.007325
0.006967
0.009163
0.009818
0.007812
0.005963
0.007423
0.006696
0.006173
0.008719
0.009740
0.007071
0.006859
0.008138
0.008559
0.006123
0.010940
0.005266
0.007678
0.006775
0.007936
0.009424
0.006307
0.008045
0.005813
0.008655
0.005452
0.006156
0.007104
0.008000
0.006317
0.007669
0.005922
0.006723
0.006691
0.009517
0.009430
0.008959
0.008522
0.006090
0.006222
0.006396
0.007762
0.009273
0.008181
0.007423
0.008614
0.007079
0.008674
0.007335
0.006674
0.007432
0.007454
0.005561
0.007324
0.005345
0.007325
0.006946
0.010253
0.008541
0.008321
0.008665
0.008851
0.008795
0.008761
0.008689
0.008712
0.008871
0.008786
0.006840
0.005629
0.008147
0.005730
0.005229
0.005306
0.005886
0.006512
0.006480
0.007870
0.006686
0.008670
0.009663
0.007446
0.006375
0.009019
0.009975
0.007162
0.009406
0.009672
0.005745
0.005974
0.007776
0.006164
0.007898
0.006303
0.005123
0.006307
0.008396
0.007982
0.008175
0.007891
0.006363
0.006550
0.006601
0.006272
0.004596
0.009595
0.008630
0.008217
0.008379
0.009011
0.006367
0.008533
0.006613
0.009059
0.007162
0.004232
0.007423
0.007856
0.007752
0.006417
0.008579
0.007007
0.005322
0.005900
0.006730
0.004916
0.005269
0.005785
0.007444
0.009909
0.006812
0.008891
0.007020
0.006744
0.008815
0.006266
0.007903
0.008450
0.009738
0.006650
0.008181
0.009120
0.005952
0.008554
0.007459
0.007817
0.007771
0.005902
0.007853
0.008512
0.008543
0.006700
0.008870
0.007725
0.005001
0.007360
0.007620
0.003539
0.005232
0.007805
0.006927
0.007867
0.006012
0.004416
0.007620
0.006389
0.006067
0.007242
0.006418
0.008163
0.008652
0.005306
0.012698
0.004851
0.004812
0.005869
0.005935
0.005503
0.008243
0.004673
0.005242
0.006076
0.006321
0.006559
0.007174
0.007226
0.009520
0.009344
0.006250
0.007837
0.004222
0.006345
0.009778
0.008259
0.007259
0.008003
0.007094
0.007154
0.006258
0.008022
0.011889
0.005207
0.007909
0.007833
0.008183
0.007513
0.005923
0.009490
0.010613
0.006576
0.010591
0.009027
0.009876
0.008070
0.008975
0.008041
0.008354
0.008398
0.006469
0.006292
0.006994
0.006108
0.008797
0.007270
0.006785
0.008784
0.006146
0.007451
0.006574
0.005886
0.007723
0.008420
0.006896
0.008646
0.006089
0.009372
0.006202
0.007908
0.008723
0.007244
0.007004
0.006815
0.008746
0.006553
0.008651
0.007645
0.007157
0.014374
0.004233
0.007360
0.007906
0.007414
0.006956
0.008588
0.008520
0.008366
0.009303
0.008856
0.008546
0.011162
0.005582
0.011143
0.006885
0.008566
0.006250
0.009071
0.005958
0.006159
0.007208
0.006207
0.006418
0.006898
0.007646
0.006835
0.008056
0.007422
0.006643
0.008242
0.008705
0.006489
0.006933
0.004884
0.008496
0.005105
0.009862
0.006951
0.007931
0.007939
0.007503
0.009302
0.007967
0.008773
0.006972
0.008115
0.008744
0.007855
0.008539
0.008672
0.005148
0.008651
0.008977
0.006742
0.005945
0.005614
0.005878
0.007513
0.004712
0.006290
0.006915
0.007151
0.007545
0.006823
0.007889
0.006718
0.007945
0.009153
0.008623
0.004201
0.004072
0.005902
0.007944
0.008845
0.009447
0.006582
0.006961
0.005322
0.005282
0.008148
0.008340
0.008817
0.007413
0.008461
0.008117
0.006649
0.006559
0.008473
0.005038
0.006135
0.007251
0.005529
0.005538
0.007746
0.007631
0.008625
0.009259
0.006905
0.007301
0.005516
0.008188
0.006934
0.005877
0.007274
0.006705
0.005903
0.008982
0.006620
0.008045
0.006302
0.006332
0.006474
0.008543
0.006752
0.006471
0.007497
0.008624
0.007864
0.007157
0.008054
0.006796
0.007611
0.005514
0.008624
0.006198
0.006222
0.009622
0.007591
0.006989
0.008888
0.010173
0.014014
0.009701
0.009617
0.008618
0.010126
0.009804
0.008062
0.009744
0.008729
0.009505
0.008886
0.017870
0.017991
0.007326
0.009163
0.015913
0.017517
0.015880
0.013396
0.013932
0.012618
0.012055
0.012166
0.012075
0.012139
0.012179
0.012435
0.012657
0.011980
0.011852
0.012536
0.009634
0.009437
0.009585
0.010066
0.008989
0.009167
0.009844
0.009552
0.010614
0.011020
0.008619
0.009119
0.008631
0.006720
0.007079
0.008385
0.008212
0.007728
0.008035
0.006491
0.007321
0.007117
0.006216
0.006212
0.005965
0.008541
0.007291
0.007075
0.010367
0.009903
0.008701
0.007878
0.010394
0.006655
0.008196
0.008461
0.024341
0.025365
0.016518
0.013308
0.011667
0.014324
0.008778
0.009814
0.009844
