2.13942
2.63944
3.13947
3.63958
4.16426
4.63952
5.13949
5.63951
6.14434
6.63939
7.13948
7.63936
8.1536
8.63951
9.13946
9.63951
10.1587
10.6394
11.1394
11.6395
12.1448
12.6394
13.1394
13.6395
14.1621
14.6394
15.1394
15.6532
16.1544
16.6395
17.1394
17.6395
18.1528
18.6394
19.1395
19.647
20.1591
20.6395
21.1471
21.6396
22.1478
22.6394
23.1395
23.6559
24.1525
24.6395
25.1395
25.641
26.1481
26.6394
27.156
27.6395
28.1504
28.6396
29.1394
29.6394
30.151
30.6394
31.1394
31.6394
32.1556
32.6395
33.1394
33.6396
34.1542
34.6394
35.1411
35.6396
36.146
36.6395
37.1402
37.6395
38.1551
38.6395
39.1405
39.6396
40.1497
40.6395
41.1435
41.6424
42.146
42.6437
43.1428
43.6395
44.1631
44.6405
45.1488
45.6396
46.1549
46.6446
47.1524
47.6394
48.1622
48.6434
49.1447
49.6395
50.1637
50.6477
51.1443
51.6395
52.1749
52.6512
53.1574
53.6541
54.1509
54.6501
55.1397
55.6395
56.1616
56.6458
57.1484
57.6485
58.1648
58.6405
59.1513
59.6554
60.1517
60.6471
61.1516
61.6471
62.1634
62.6526
63.1645
63.642
64.168
64.6528
65.1533
65.6484
66.1623
66.6443
67.1499
67.6477
68.1606
68.6582
69.1408
69.6432
70.1642
70.6411
71.1522
71.6544
72.1638
72.6472
73.1534
73.652
74.1663
74.6535
75.1527
75.6436
76.1556
76.6456
77.1528
77.6429
78.1564
78.6433
79.1528
79.6434
80.1579
80.6527
81.1497
81.6491
82.1567
82.6432
83.1475
83.6394
84.1521
84.6539
85.1539
85.6438
86.1583
86.6403
87.1479
87.6393
88.1643
88.6509
89.1478
89.6467
90.1508
90.6439
91.1395
91.6405
92.1506
92.6395
93.1508
93.6396
94.1552
94.6395
95.1459
95.6538
96.1518
96.6394
97.1536
97.6638
98.1537
98.6474
99.149
99.6425
100.154
100.639
101.153
101.652
102.166
102.644
103.153
103.642
104.154
104.642
105.148
105.647
106.155
106.649
107.143
107.641
108.155
108.641
109.142
109.642
110.153
110.641
111.141
111.639
112.163
112.639
113.146
113.64
114.158
114.639
115.148
115.657
116.161
116.652
117.149
117.642
118.163
118.649
119.14
119.642
120.159
120.644
121.151
121.647
122.151
122.649
123.145
123.64
124.159
124.653
125.151
125.64
126.163
126.651
127.139
127.647
128.163
128.649
129.146
129.639
130.171
130.653
131.148
131.642
132.168
132.648
133.151
133.649
134.169
134.654
135.151
135.652
136.168
136.644
137.152
137.652
138.162
138.653
139.153
139.643
140.166
140.642
141.153
141.645
142.167
142.653
143.153
143.647
144.168
144.653
145.153
145.67
146.162
146.654
147.154
147.666
148.167
148.653
149.154
149.65
150.161
150.661
151.157
151.662
152.162
152.653
153.153
153.652
154.164
154.653
155.154
155.65
156.167
156.653
157.153
157.672
158.167
158.662
159.153
159.669
160.169
160.654
161.154
161.654
162.167
162.654
163.153
163.656
164.168
164.653
165.194
165.654
166.169
166.654
167.159
167.662
168.175
168.654
169.153
169.653
170.165
170.654
171.154
171.653
172.171
172.654
173.165
173.653
174.189
174.675
175.153
175.654
176.166
176.654
177.153
177.654
178.167
178.653
179.153
179.653
180.168
180.653
181.172
181.672
182.169
182.668
183.165
183.657
184.171
184.653
185.167
185.653
186.153
186.653
187.167
187.653
188.154
188.662
189.168
189.653
190.154
190.653
191.166
191.654
192.154
192.653
193.167
193.653
194.154
194.654
195.168
195.654
196.154
196.655
197.167
197.654
198.153
198.682
199.165
199.653
200.169
200.653
201.167
201.653
202.153
202.654
203.167
203.655
204.173
204.653
205.168
205.653
206.153
206.654
207.167
207.672
208.154
208.653
209.174
209.653
210.153
210.679
211.153
211.653
212.165
212.653
213.153
213.65
214.17
214.653
215.153
215.651
216.164
216.653
217.154
217.65
218.166
218.65
219.152
219.653
220.167
220.653
221.153
221.652
222.166
222.653
223.153
223.654
224.164
224.653
225.154
225.652
226.166
226.653
227.153
227.658
228.167
228.653
229.153
229.652
230.166
230.662
231.159
231.665
232.165
232.654
233.154
233.642
234.156
234.642
235.146
235.644
236.156
236.642
237.149
237.644
238.158
238.646
239.15
239.674
240.157
240.65
241.153
241.645
242.166
242.646
243.152
243.643
244.169
244.649
245.154
245.67
246.167
246.641
247.145
247.64
248.167
248.647
249.153
249.643
250.16
250.645
251.15
251.66
252.157
252.647
253.151
253.651
254.162
254.652
255.147
255.646
256.168
256.647
257.146
257.65
258.163
258.653
259.147
259.648
260.158
260.649
261.146
261.643
262.158
262.647
263.149
263.644
264.161
264.655
265.154
265.648
266.165
266.659
267.148
267.646
268.164
268.647
269.153
269.643
270.165
270.653
271.143
271.664
272.154
272.64
273.153
273.642
274.158
274.647
275.15
275.647
276.168
276.641
277.153
277.655
278.165
278.653
279.154
279.653
280.15
280.639
281.144
281.639
282.151
282.64
283.144
283.639
284.155
284.641
285.147
285.64
286.149
286.639
287.141
287.64
288.154
288.641
289.14
289.64
290.157
290.639
291.141
291.64
292.175
292.652
293.141
293.643
294.157
294.639
295.14
295.64
296.15
296.642
297.141
297.639
298.16
298.64
299.139
299.643
300.155
300.639
301.142
301.639
302.149
302.639
303.139
303.64
304.154
304.643
305.14
305.64
306.151
306.639
307.139
307.64
308.148
308.639
309.139
309.64
310.152
310.641
311.14
311.639
312.149
312.639
313.139
313.668
314.148
314.64
315.139
315.639
316.144
316.639
317.139
317.639
318.152
318.639
319.14
319.639
320.16
320.639
321.139
321.639
322.145
322.64
323.139
323.639
324.145
324.639
325.139
325.639
326.146
326.639
327.139
327.64
328.145
328.639
329.14
