0.000000
0.000000
0.002000
0.002000
34.396000
46.020000
51.499000
59.293000
69.257000
80.321000
84.419000
92.484000
98.512000
105.518000
112.654000
119.047000
131.628000
143.902000
163.262000
175.369000
187.464000
194.135000
206.098000
215.522000
229.323000
239.467000
251.669000
257.706000
262.750000
272.514000
285.863000
293.819000
306.677000
317.650000
329.364000
342.124000
358.339000
369.857000
380.461000
389.003000
399.991000
414.174000
431.919000
443.757000
453.353000
470.074000
483.649000
494.736000
509.446000
522.367000
530.393000
535.500000
543.876000
554.705000
565.287000
573.889000
583.754000
595.787000
613.387000
618.983000
622.534000
627.718000
638.134000
651.535000
664.068000
674.282000
682.821000
688.170000
698.398000
702.769000
706.339000
710.817000
718.222000
728.537000
745.667000
760.857000
774.224000
791.500000
801.869000
809.144000
815.832000
819.762000
826.933000
848.405000
872.850000
887.697000
900.923000
908.889000
918.513000
926.039000
931.462000
934.568000
947.553000
955.299000
956.497000
961.455000
968.682000
970.280000
978.376000
990.963000
997.679000
1003.513000
1019.651000
1022.817000
1027.287000
1042.866000
1056.239000
1062.701000
1070.080000
1078.401000
1090.460000
1103.103000
1117.392000
1126.815000
1138.985000
1142.193000
1148.517000
1155.421000
1158.600000
1160.438000
1165.015000
1169.870000
1172.207000
1173.406000
1174.690000
1177.032000
1181.747000
1188.792000
1204.918000
1214.359000
1221.527000
1226.101000
1228.046000
1231.254000
1236.425000
1240.376000
1248.944000
1259.348000
1265.295000
1274.541000
1287.056000
1293.640000
1300.250000
1303.257000
1309.753000
1311.928000
1312.094000
1312.117000
1312.136000
1312.572000
1312.592000
1312.626000
1312.748000
1313.161000
1313.312000
1314.891000
1316.358000
1319.949000
1329.470000
1338.580000
1346.622000
1355.948000
1368.404000
1374.900000
1381.851000
1384.372000
1385.030000
1386.520000
1386.935000
1387.076000
1387.337000
1387.461000
1387.633000
1387.976000
1388.202000
1388.290000
1388.322000
1389.395000
1391.771000
1392.027000
1392.496000
1392.592000
1392.593000
1392.604000
1392.627000
1392.687000
1392.725000
1392.926000
1392.983000
1392.983000
1393.042000
1393.313000
1395.410000
1410.191000
1420.629000
1430.146000
1446.460000
1461.071000
1465.481000
1468.615000
1473.929000
1480.239000
1485.855000
1498.569000
1506.897000
1512.300000
1519.771000
1522.077000
1525.604000
1532.191000
1538.060000
1538.349000
1538.860000
1539.046000
1539.092000
1539.099000
1539.215000
1540.287000
1542.223000
1542.467000
1544.146000
1549.576000
1556.893000
1562.749000
1565.816000
1568.123000
1571.754000
1578.169000
1585.368000
1590.605000
1594.341000
1595.195000
1595.318000
1595.327000
1595.353000
1595.358000
1595.629000
1597.465000
1601.046000
1605.514000
1608.503000
1609.459000
1609.861000
1610.046000
1610.093000
1610.108000
1615.227000
1621.472000
1631.333000
1640.221000
1645.061000
1649.490000
1655.402000
1660.782000
1666.386000
1670.703000
1682.181000
1695.658000
1707.517000
1710.886000
1718.704000
1732.555000
1741.878000
1749.921000
1758.207000
1763.701000
1768.261000
1773.187000
1778.817000
1783.673000
1796.805000
1807.416000
1818.234000
1839.218000
1852.717000
1857.527000
1863.472000
1869.616000
1873.492000
1876.516000
1882.742000
1887.775000
1894.509000
1902.996000
1917.228000
1941.824000
1947.210000
1953.320000
1957.395000
1962.020000
1970.112000
1972.591000
1972.782000
1973.082000
1977.605000
1980.903000
1985.957000
1997.498000
2004.692000
2005.728000
2007.534000
2013.799000
2019.350000
2019.819000
2020.888000
2024.427000
2032.839000
2040.447000
2051.026000
2059.276000
2066.872000
2072.039000
2076.559000
2082.107000
2084.589000
2086.338000
2090.295000
2097.659000
2107.858000
2116.890000
2136.946000
2155.697000
2167.853000
2173.711000
2178.254000
2183.673000
2191.274000
2196.543000
2200.487000
2201.136000
2203.057000
2206.268000
2215.729000
2231.743000
2245.163000
2249.814000
2251.568000
2251.902000
2252.211000
2252.608000
2267.358000
2280.527000
2293.457000
2295.720000
2298.131000
2309.878000
2319.082000
2320.565000
2320.984000
2321.270000
2321.321000
2321.797000
2323.225000
2323.395000
2323.510000
2323.531000
2327.632000
2337.799000
2343.899000
2350.699000
2361.129000
2364.691000
2365.277000
2365.510000
2365.538000
2365.562000
2367.060000
2367.100000
2367.104000
2367.270000
2367.473000
2367.616000
2367.643000
2367.650000
2378.190000
2379.175000
2380.902000
2383.472000
2388.478000
2392.538000
2393.644000
2393.685000
2393.692000
2393.781000
2393.959000
2394.063000
2394.214000
2394.582000
2395.852000
2399.008000
2401.354000
2402.677000
2403.177000
2403.275000
2404.276000
2409.226000
2412.989000
2413.412000
2413.666000
2413.703000
2413.711000
2413.711000
2415.173000
2419.142000
2424.574000
2427.357000
2430.412000
2439.734000
2441.765000
2443.389000
2447.021000
2451.984000
2457.195000
2462.426000
2467.943000
2470.878000
2473.854000
2475.985000
2479.960000
2484.023000
2485.358000
2486.085000
2486.209000
2486.242000
2486.345000
2486.379000
2486.409000
2486.412000
2486.427000
2486.528000
2486.532000
2486.532000
2486.533000
2486.533000
2486.534000
2486.548000
2486.555000
2486.592000
2486.621000
2486.637000
2486.684000
2486.685000
2486.935000
2488.338000
2492.215000
2499.881000
2503.340000
2506.729000
2511.171000
2514.802000
2517.327000
2519.090000
2524.292000
2530.028000
2533.504000
2536.758000
2539.685000
2544.133000
2550.199000
2552.617000
2557.008000
2562.600000
2565.871000
2566.271000
2566.380000
2566.440000
2566.467000
2566.468000
2566.481000
2566.484000
2566.484000
2566.484000
2566.490000
2566.504000
2566.517000
2566.519000
2566.609000
2566.632000
2566.711000
2566.757000
2567.769000
2569.640000
2572.049000
2573.008000
2573.899000
2579.321000
2590.174000
2596.488000
2608.884000
2620.597000
2626.866000
2630.560000
2635.341000
2640.974000
2649.297000
2658.001000
2666.719000
2679.883000
2691.694000
2699.732000
2706.974000
2713.566000
2714.434000
2714.698000
2714.826000
2719.527000
2728.077000
2732.089000
2732.879000
2734.761000
2739.491000
2747.326000
2748.002000
2750.783000
2755.972000
2760.152000
2766.513000
2771.035000
2775.111000
2778.944000
2792.542000
2806.265000
2811.985000
2815.413000
2820.001000
2824.537000
2829.643000
2832.585000
2837.262000
2846.764000
2854.811000
2860.100000
2866.460000
2869.196000
2874.371000
2879.437000
2883.623000
2884.985000
2886.744000
2891.354000
2898.627000
2906.631000
2914.337000
2920.500000
2928.439000
2933.695000
2938.707000
2941.031000
2941.453000
2942.660000
2949.115000
2959.635000
2967.354000
2976.238000
2978.934000
2979.345000
2979.421000
2979.521000
2979.549000
2979.552000
2979.553000
2979.573000
2979.622000
2979.680000
2979.682000
2979.689000
2979.713000
2979.742000
2981.703000
2985.991000
2986.230000
2986.676000
2986.708000
2986.725000
2986.781000
2986.853000
2986.861000
2986.863000
2986.988000
2987.207000
2987.234000
2987.252000
2987.332000
2987.344000
2987.344000
2987.347000
2987.415000
2987.496000
2990.364000
2993.437000
2999.902000
3011.048000
3022.971000
3031.281000
3042.066000
3051.253000
3060.042000
3065.514000
3070.239000
3075.772000
3088.154000
3095.451000
3099.815000
3103.283000
3107.473000
3112.483000
3117.490000
3121.919000
3127.120000
3129.578000
3130.744000
3130.782000
3130.792000
3131.643000
3135.170000
3137.109000
3138.608000
3142.194000
3148.122000
3151.632000
3154.918000
3155.832000
3156.512000
3156.730000
3156.767000
3156.939000
3158.673000
3158.945000
3158.959000
3158.959000
3158.962000
3158.963000
3158.969000
3158.997000
3159.018000
3159.021000
3159.022000
3159.023000
3159.028000
3159.029000
3159.166000
3159.468000
3159.540000
3159.543000
3159.544000
3159.556000
3159.580000
3159.678000
3159.698000
3159.700000
3159.701000
3159.701000
3159.702000
3159.738000
3159.761000
3159.850000
3159.851000
