0.007088
0.005571
0.005995
0.007000
0.007459
0.008552
0.007332
0.006659
0.003656
0.004099
0.006013
0.006493
0.006108
0.006960
0.004556
0.005531
0.006531
0.006219
0.007373
0.006114
0.005246
0.008683
0.009156
0.005844
0.007318
0.007198
0.006445
0.007172
0.006664
0.004396
0.002890
0.003859
0.003102
0.002974
0.002980
0.004943
0.004517
0.005349
0.004953
0.005384
0.004832
0.005398
0.005330
0.004467
0.004906
0.004480
0.005313
0.005867
0.006046
0.007189
0.004135
0.004068
0.009900
0.006341
0.005893
0.007191
0.006809
0.006193
0.007502
0.004744
0.006320
0.007506
0.008854
0.007725
0.007824
0.002726
0.004362
0.006189
0.003384
0.003295
0.003218
0.003755
0.003569
0.003520
0.003521
0.003508
0.003323
0.003348
0.003330
0.003325
0.003483
0.003087
0.003935
0.004672
0.004596
0.005413
0.006346
0.006434
0.006413
0.006426
0.006468
0.006410
0.006007
0.007130
0.009331
0.007977
0.006961
0.005722
0.006585
0.004379
0.004540
0.003057
0.002557
0.002636
0.002722
0.005406
0.004550
0.004101
0.002766
0.004024
0.004197
0.004948
0.003960
0.004591
0.004306
0.003720
0.003347
0.003860
0.003714
0.003496
0.002646
0.005448
0.002769
0.002655
0.004041
0.003469
0.006222
0.006385
0.003413
0.003462
0.003478
0.003805
0.002821
0.002496
0.002777
0.003031
0.004035
0.003336
0.003414
0.003494
0.003886
0.004977
0.004975
0.004524
0.004987
0.004946
0.004017
0.006244
0.003763
0.006054
0.004699
0.006308
0.003881
0.006569
0.003619
0.004293
0.002625
0.002937
0.003464
0.003622
0.003703
0.003605
0.004860
0.007616
0.007662
0.007926
0.006078
0.004752
0.004906
0.004752
0.005108
0.005126
0.004762
0.004978
0.004472
0.006094
0.007195
0.005169
0.005569
0.005756
0.006319
0.006267
0.005771
0.009045
0.007100
0.005765
0.007048
0.006150
0.005567
0.004447
0.005202
0.004936
0.005049
0.004811
0.005320
0.004799
0.005207
0.006032
0.004313
0.004658
0.002796
0.002013
0.002771
0.002804
0.002581
0.002632
0.002834
0.002693
0.003060
0.002830
0.003257
0.002372
0.003894
0.003289
0.004925
0.005222
0.002911
0.002959
0.003909
0.002828
0.003877
0.004071
0.004285
0.003996
0.005090
0.002855
0.004753
0.005038
0.003587
0.005228
0.003915
0.005326
0.004735
0.003953
0.003435
0.003824
0.004200
0.003864
0.003876
0.004331
0.003659
0.004040
0.004010
0.003967
0.004064
0.004143
0.004218
0.004440
0.004513
0.005062
0.003680
0.004571
0.006013
0.005802
0.004221
0.004298
0.004521
0.003371
0.002879
0.011172
0.011738
0.008266
0.006127
0.006433
0.008184
0.007172
0.007436
0.006609
0.006373
0.005327
0.004881
0.006624
0.006957
0.005466
0.007151
0.005234
0.004885
0.004745
0.006150
0.005607
0.005554
0.007660
0.006568
0.005337
0.004767
0.004943
0.003993
0.004143
0.003690
0.006152
0.004692
0.005609
0.005494
0.004211
0.006104
0.005009
0.004106
0.004471
0.005637
0.004451
0.003316
0.002482
0.002892
0.003589
0.003927
0.003278
0.003217
0.002782
0.002769
0.004462
0.004552
0.003402
0.004534
0.003091
0.005442
0.003100
0.004972
0.006771
0.003624
0.004689
0.004216
0.005059
0.005950
0.006278
0.006157
0.006882
0.005495
0.006356
0.006111
0.006186
0.005570
0.007042
0.007639
0.007152
0.005721
0.007330
0.005130
0.006259
0.005879
0.006114
0.006897
0.006543
0.006465
0.005010
0.004550
0.003516
0.003471
0.005334
0.005046
0.004473
0.003850
0.004835
0.004417
0.004442
0.004824
0.004768
0.005274
0.005837
0.005942
0.004628
0.005747
0.007037
0.007614
0.007039
0.007629
0.007143
0.006379
0.007587
0.004514
0.003215
0.007246
0.012419
0.011881
0.010702
0.010838
0.011180
0.011292
0.016032
0.011531
0.012655
0.013125
0.011126
0.011195
0.011130
0.006057
0.010997
0.014346
0.008259
0.011772
0.012926
0.009817
0.009891
0.008427
0.009065
0.004992
0.013089
0.011748
0.009841
0.008193
0.004510
0.003171
0.003134
0.003955
0.005646
0.004543
0.004503
0.006004
0.005316
0.005143
0.006236
0.004969
0.003740
0.005111
0.005114
0.004480
0.003695
0.006116
0.004324
0.005072
0.004603
0.004420
0.004340
0.004985
0.004571
0.004720
0.004839
0.006027
0.004616
0.004339
0.004104
0.003617
0.005059
0.004194
0.003741
0.003585
0.006122
0.006210
0.006137
0.006123
0.006129
0.006127
0.006159
0.005795
0.005826
0.005838
0.005838
0.005821
0.005819
0.005817
0.005801
0.005886
0.006014
0.006047
0.006818
0.006845
0.006861
0.006827
0.006890
0.006835
0.006833
0.006853
0.006837
0.006882
0.006872
0.006694
0.006694
0.006923
0.006468
0.006502
0.006903
0.006673
0.006492
0.006001
0.005962
0.006210
0.003998
0.004913
0.004561
0.004969
0.004357
0.004956
0.005782
0.005916
0.004270
0.006094
0.006106
0.006495
0.007668
0.006375
0.005404
0.006018
0.006358
0.006881
0.008369
0.007243
0.012704
0.014763
0.007353
0.005889
0.004574
0.005013
0.004377
0.011468
0.008748
0.008997
0.009363
0.008397
0.008250
0.008309
0.008280
0.008529
0.008283
0.008333
0.007598
0.007422
0.007193
0.006358
0.007474
0.007081
0.006585
0.006609
0.005835
0.004553
0.003876
0.003887
0.002760
0.003438
0.004978
0.005402
0.004684
0.006131
0.004543
0.006543
0.007906
0.006488
0.006095
0.007193
0.007622
0.004607
0.006423
0.005796
0.004281
0.004793
0.003452
0.003522
0.005894
0.005014
0.003892
0.004798
0.004697
0.003996
0.003357
0.004698
0.004246
0.003008
0.005174
0.002876
0.003627
0.004510
0.005941
0.003473
0.005716
0.003249
0.005736
0.004656
0.003899
0.003853
0.004361
0.005783
0.005958
0.005624
0.002822
0.006282
0.007241
0.007226
0.003645
0.005010
0.004401
0.004099
0.005058
0.004959
0.008962
0.007567
0.007056
0.005862
0.005956
0.006145
0.007166
0.007924
0.007217
0.007804
0.007131
0.006832
0.005532
0.005911
0.006774
0.005628
0.005965
0.006837
0.007967
0.005841
0.005334
0.005318
0.003449
0.002893
0.006471
0.006590
0.006816
0.006865
0.006776
0.003251
0.002968
0.002875
0.003266
0.003404
0.004204
0.004187
0.005090
0.004411
0.005726
0.005931
0.005388
0.006458
0.006070
0.004833
0.004096
0.004153
0.004959
0.005060
0.006211
0.005729
0.005997
0.004364
0.003470
0.004946
0.004503
0.004010
0.004685
0.003636
0.003835
0.003708
0.003888
0.003802
0.004481
0.004924
0.007471
0.008155
0.008244
0.009004
0.008196
0.004105
0.005382
0.002598
0.003057
0.002981
0.016352
0.015530
0.005580
0.005727
0.004712
0.002930
0.004745
0.008061
0.026278
0.027302
0.011256
0.022659
0.018788
0.015505
0.015026
0.006203
0.005171
0.005075
0.007373
0.003799
0.003201
0.003346
0.003353
0.003592
0.003612
0.002965
0.002965
0.003084
0.003350
0.003343
0.003366
0.004481
0.005376
0.004523
0.003841
0.008799
0.008003
0.012327
0.007334
0.010400
0.005059
0.005004
0.003210
0.004525
0.003054
0.003768
0.003776
0.003779
0.003619
0.009644
0.007756
0.005679
0.003679
