4.8608
4.98853
5.25571
5.51885
5.55863
5.66428
5.70752
6.85675
6.96903
8.36006
9.27957
10.3199
10.4769
10.7308
11.8192
12.0633
13.1355
13.3726
13.412
13.4385
14.4357
14.4681
14.5006
14.5521
15.6342
16.0348
16.0719
16.1016
16.1608
17.2293
18.1161
18.3099
18.5664
18.6037
18.6301
18.6621
19.7732
20.3276
20.3618
20.4628
20.8642
21.7779
21.8092
22.1732
22.2126
22.3099
22.3417
22.444
22.4751
22.5064
22.5408
22.5766
22.6148
22.6552
23.3682
23.3974
23.4329
23.4896
24.8831
25.9123
26.4545
27.3918
28.1821
29.523
30.3746
30.4263
31.8104
32.7044
33.8176
33.8574
33.8995
34.4418
35.769
35.7973
35.8302
35.8582
35.8979
35.9286
35.9573
35.9883
36.0346
36.0696
36.1003
37.4935
38.2268
38.9994
39.3797
40.3059
40.3443
40.3753
40.4168
40.4571
40.4933
41.2663
41.373
41.6528
41.6935
41.7299
42.5852
43.4681
44.2847
44.3327
44.874
44.901
44.9433
46.3089
47.1267
47.773
47.9001
48.4442
48.4739
48.5055
48.5688
48.6074
48.6415
48.6892
48.7246
48.7539
48.7844
48.8302
48.8677
48.8964
48.9227
48.9611
48.9971
49.0259
49.0595
50.4396
51.7619
52.7018
52.8355
52.8766
53.765
54.1593
54.8503
55.1017
55.7634
55.7937
55.8236
55.8535
55.9003
56.8541
56.8843
56.915
56.9577
56.9873
57.0922
57.1274
57.1528
57.1887
57.2482
57.2827
58.6494
58.6919
60.0625
61.2303
61.3782
62.7544
63.2321
63.9004
63.9328
63.9577
63.9905
64.0376
65.4118
66.785
67.5006
68.651
68.6989
69.374
69.4141
69.6608
69.7656
70.7241
71.662
72.588
72.8886
73.531
73.7865
74.4621
75.2858
75.682
75.7697
76.3146
77.69
78.3273
79.2747
79.3898
80.4577
81.5006
81.5325
81.5609
81.5904
81.6462
81.686
81.7131
81.764
81.8018
81.8322
83.2311
84.6059
85.3005
85.4962
85.5244
85.5515
86.6987
86.7282
86.757
87.5043
87.538
87.5702
87.5957
87.6525
87.6836
87.7149
88.0598
88.0934
88.142
88.1805
88.2044
88.2396
88.27
88.3105
88.3398
88.3795
88.4157
88.4481
88.4774
88.5034
88.5468
89.9195
89.9496
89.98
91.372
94.0287
94.698
95.0967
95.1283
95.2344
96.1636
96.4407
96.4783
97.5087
97.8976
98.1571
98.1868
98.2181
98.3032
98.3381
98.8434
98.8785
98.9163
98.9569
98.9846
99.0167
100.393
101.199
102.039
102.152
102.437
105.697
108.938
109.775
109.9
111.282
111.68
112.174
112.876
112.978
113.383
114.319
114.463
115.157
115.788
117.068
117.832
118.823
119.132
120.192
120.583
121.677
121.772
121.813
122.049
122.716
122.844
122.962
122.99
124.262
124.589
124.642
126.032
126.574
126.6
127.28
127.502
128.166
128.204
129.315
129.501
131.24
131.926
131.963
132.638
133.973
134.002
134.067
134.1
134.157
135.546
135.595
135.7
135.751
135.788
136.427
136.465
136.499
136.557
136.597
137.987
138.047
138.785
139.247
139.287
139.365
139.501
140.892
141.391
141.429
141.459
141.663
142.305
142.697
142.739
144.062
144.443
144.485
144.527
144.567
145.503
145.764
145.806
145.847
145.902
146.96
147.236
147.273
148.435
149.243
149.503
150.308
150.429
150.46
150.499
150.561
150.602
150.655
150.698
150.738
150.777
150.82
150.865
150.915
152.297
152.343
152.387
152.43
152.471
155.724
157.353
158.759
162.027
162.213
162.35
162.504
162.698
162.854
163.02
163.148
163.306
163.441
163.494
163.691
166.942
170.186
173.453
173.509
173.549
173.593
174.971
176.045
176.091
176.134
176.18
176.294
176.456
177.837
179.234
180.449
181.838
182.312
183.122
183.391
184.32
184.718
184.759
184.803
184.864
185.11
185.152
185.782
186.049
186.971
187.927
187.963
188.582
188.71
189.382
190.168
190.307
190.34
190.376
191.591
191.908
192.586
193.398
194.243
194.335
195.398
196.49
196.577
196.723
196.759
196.855
196.985
197.767
197.808
197.846
197.9
197.941
197.98
198.021
198.061
198.091
198.134
198.178
198.216
198.254
198.303
198.344
198.389
198.446
198.486
198.517
198.562
198.602
198.645
198.675
198.72
198.76
198.8
198.855
198.896
198.947
198.988
200.378
200.702
200.729
200.76
200.792
200.839
200.892
200.933
200.974
202.346
202.434
203.386
203.424
203.455
203.496
203.527
203.557
203.589
203.668
204.582
204.843
204.879
204.921
204.962
204.999
205.032
205.073
205.112
205.156
205.196
205.246
206.632
207.989
209.375
209.493
209.584
209.634
209.685
209.723
212.977
213.021
213.141
213.171
213.201
213.352
213.495
213.536
213.578
214.075
217.367
218.759
220.159
221.295
221.514
221.667
221.913
222.759
223.516
224.445
224.862
225.904
226.047
226.31
227.061
227.77
227.812
227.849
227.903
228.166
228.204
228.446
228.84
228.888
229.65
229.689
229.717
230.302
230.966
231.101
231.372
232.752
233.103
234.472
234.513
234.559
234.838
234.883
234.921
234.965
234.99
235.027
235.05
235.095
235.137
235.169
235.214
235.253
235.277
235.324
235.378
235.415
235.443
235.489
235.525
235.556
235.702
235.747
235.786
235.819
235.858
235.909
235.94
235.971
236.001
236.053
236.081
236.12
237.503
238.952
239.571
239.64
239.763
240.562
241.103
241.148
241.188
241.24
241.28
242.438
242.564
243.254
244.047
244.445
244.486
245.229
245.512
245.55
245.665
246.559
246.834
248.218
248.261
248.308
248.348
248.392
248.456
249.098
249.139
249.176
250.55
250.864
250.908
250.962
251.386
251.676
251.764
252.727
253.518
253.678
254.307
254.337
254.385
254.452
254.492
255.103
255.504
255.771
255.811
256.866
256.967
257.399
258.441
259.85
259.937
259.983
260.579
261.132
261.512
262.579
263.298
263.526
263.768
265.164
265.777
266.179
266.586
267.387
268.454
268.706
269.672
269.947
271.303
272.642
274.005
275.381
275.903
276.98
277.916
278.076
279.448
280.786
284.065
285.435
286.796
288.302
289.667
291.051
291.506
292.313
292.707
293.908
293.954
293.999
294.062
294.108
294.169
294.206
294.248
294.305
294.339
294.389
295.279
295.325
295.384
295.508
295.651
295.777
299.04
300.167
303.421
304.456
305.842
306.565
306.837
307.358
307.767
308.159
308.832
309.359
309.402
309.441
312.694
315.936
