167.800781
169.089844
173.214844
173.214844
173.214844
173.214844
173.214844
173.214844
173.214844
173.214844
173.214844
173.214844
173.214844
173.214844
173.214844
173.214844
173.214844
173.214844
173.214844
173.214844
173.214844
173.214844
173.214844
173.214844
173.214844
173.214844
173.214844
173.214844
173.214844
173.214844
173.214844
173.214844
173.214844
173.214844
173.214844
173.214844
173.214844
173.214844
173.214844
173.214844
173.214844
173.214844
173.214844
173.214844
173.214844
173.214844
173.214844
173.214844
173.214844
173.214844
173.214844
173.214844
173.214844
173.214844
173.214844
173.214844
173.214844
173.214844
173.214844
173.214844
173.214844
173.214844
173.214844
173.214844
173.214844
173.214844
173.214844
173.214844
173.214844
173.214844
173.214844
173.214844
173.214844
173.214844
173.214844
173.214844
173.214844
173.214844
173.214844
173.214844
173.214844
173.214844
173.214844
173.214844
173.214844
173.214844
173.214844
173.214844
173.214844
173.214844
173.214844
173.214844
173.214844
173.214844
173.214844
173.214844
173.214844
173.214844
173.214844
173.214844
173.214844
173.214844
173.214844
173.214844
173.214844
173.214844
173.214844
173.214844
173.214844
173.214844
173.214844
173.214844
173.214844
173.214844
173.214844
173.214844
173.214844
173.214844
173.214844
173.214844
173.214844
173.214844
173.214844
173.214844
173.214844
173.214844
173.214844
173.214844
173.214844
173.214844
173.214844
173.214844
173.214844
173.214844
173.214844
173.214844
173.214844
173.214844
174.210938
174.210938
174.210938
174.210938
175.757812
175.757812
175.757812
175.757812
177.820312
177.820312
177.820312
177.820312
177.820312
177.820312
177.820312
177.820312
177.820312
177.820312
177.820312
177.820312
177.820312
177.820312
177.820312
177.820312
177.820312
177.820312
177.820312
178.851562
178.851562
178.851562
178.851562
178.851562
178.851562
178.851562
178.851562
178.851562
178.851562
178.851562
178.851562
178.851562
178.851562
178.851562
178.851562
178.851562
178.851562
178.851562
178.851562
178.851562
178.851562
178.851562
178.851562
178.851562
178.851562
178.851562
178.851562
178.851562
178.851562
178.851562
178.851562
178.851562
178.851562
178.851562
178.851562
178.851562
178.851562
178.851562
178.851562
178.851562
178.851562
178.851562
178.851562
178.851562
178.851562
178.851562
178.851562
178.851562
178.851562
178.851562
178.851562
178.851562
178.851562
178.851562
178.851562
178.851562
178.851562
178.851562
178.851562
178.851562
178.851562
178.851562
178.851562
178.851562
178.851562
178.851562
178.851562
178.851562
178.851562
178.851562
178.851562
178.851562
178.851562
178.851562
178.851562
178.851562
178.851562
178.851562
178.851562
178.851562
178.851562
178.851562
178.851562
178.851562
178.851562
178.851562
178.851562
178.851562
178.851562
178.851562
178.851562
178.851562
178.851562
178.851562
178.851562
178.851562
178.851562
178.851562
178.851562
178.851562
178.851562
178.851562
178.851562
178.851562
178.851562
178.851562
178.851562
178.851562
178.851562
178.851562
178.851562
178.851562
178.851562
178.851562
178.851562
178.851562
178.851562
178.851562
178.851562
178.851562
178.851562
178.851562
178.851562
178.851562
178.851562
178.851562
178.851562
178.851562
178.851562
178.851562
178.851562
178.851562
178.851562
178.851562
178.851562
178.851562
178.851562
178.851562
178.851562
179.367188
179.367188
179.367188
179.367188
179.367188
179.367188
179.367188
179.367188
179.367188
179.367188
179.367188
179.625000
179.625000
179.625000
179.625000
179.625000
179.625000
179.625000
179.625000
179.625000
179.625000
179.625000
179.625000
180.398438
180.398438
180.398438
180.398438
180.398438
180.398438
180.398438
180.398438
180.398438
180.398438
180.398438
180.398438
180.398438
180.398438
180.398438
180.398438
180.398438
180.398438
180.398438
180.398438
180.398438
180.398438
180.398438
180.398438
180.398438
180.398438
180.398438
180.398438
180.398438
180.398438
180.398438
180.398438
180.398438
180.398438
180.398438
180.398438
180.398438
180.398438
180.398438
180.398438
180.398438
180.398438
180.398438
180.398438
180.398438
180.398438
180.398438
180.398438
180.398438
180.398438
180.398438
180.398438
180.398438
180.398438
180.398438
180.398438
180.398438
180.398438
180.398438
180.398438
180.398438
180.398438
180.398438
180.398438
180.398438
180.398438
180.398438
180.398438
180.398438
180.398438
180.398438
180.398438
180.398438
180.398438
180.398438
180.398438
180.398438
180.398438
180.398438
180.398438
180.398438
180.398438
180.398438
180.398438
180.398438
180.398438
180.398438
180.398438
180.398438
180.398438
180.398438
180.398438
180.398438
180.398438
180.398438
180.398438
180.398438
180.398438
180.398438
180.398438
180.398438
180.398438
180.398438
180.914062
180.914062
180.914062
180.914062
180.914062
180.914062
180.914062
180.914062
180.914062
180.914062
180.914062
180.914062
180.914062
180.914062
180.914062
180.914062
180.914062
180.914062
180.914062
180.914062
180.914062
180.914062
180.914062
180.914062
180.914062
180.914062
180.914062
180.914062
180.914062
180.914062
180.914062
180.914062
180.914062
180.914062
180.914062
180.914062
180.914062
180.914062
180.914062
180.914062
180.914062
180.914062
180.914062
180.914062
180.914062
180.914062
180.914062
180.914062
180.914062
180.914062
180.914062
180.914062
180.914062
180.914062
180.914062
180.914062
180.914062
180.914062
180.914062
180.914062
180.914062
180.914062
180.914062
180.914062
180.914062
180.914062
180.914062
180.914062
180.914062
180.914062
180.914062
180.914062
180.914062
180.914062
180.914062
180.914062
180.914062
180.914062
181.171875
181.171875
181.171875
181.171875
181.171875
181.171875
182.460938
182.460938
182.460938
182.460938
182.460938
182.460938
182.460938
182.460938
182.460938
182.460938
182.460938
182.460938
182.460938
182.460938
182.718750
183.234375
183.234375
183.234375
183.234375
183.234375
183.234375
183.234375
183.234375
183.234375
183.234375
183.234375
183.234375
183.234375
183.234375
183.234375
183.234375
183.234375
183.234375
183.234375
183.234375
183.234375
183.234375
183.234375
183.234375
183.234375
183.234375
183.234375
183.234375
183.234375
183.234375
183.234375
183.234375
183.234375
183.234375
183.234375
183.234375
183.234375
183.492188
183.492188
183.492188
183.492188
183.492188
183.492188
183.492188
183.492188
183.492188
183.492188
183.492188
183.492188
183.492188
183.492188
183.492188
183.492188
183.492188
183.492188
183.492188
183.750000
183.750000
183.750000
184.007812
184.007812
184.007812
184.007812
184.007812
184.523438
184.523438
184.523438
184.523438
184.523438
184.523438
184.523438
184.523438
184.523438
184.523438
184.523438
184.523438
184.523438
184.523438
184.523438
184.523438
184.523438
184.523438
184.523438
184.523438
184.523438
184.523438
184.523438
184.523438
184.523438
184.523438
184.523438
184.523438
184.523438
184.523438
184.523438
184.523438
184.523438
184.523438
184.523438
184.523438
184.523438
