0.007410
0.007626
0.006380
0.007511
0.007520
0.009905
0.009970
0.005611
0.007357
0.008187
0.008430
0.006449
0.007428
0.007997
0.006343
0.008150
0.007147
0.007555
0.008482
0.006344
0.006173
0.006819
0.008700
0.006083
0.006950
0.007329
0.006788
0.005971
0.005745
0.006887
0.007913
0.008254
0.007129
0.007585
0.007172
0.006924
0.006391
0.007826
0.007169
0.006499
0.005978
0.007494
0.005989
0.006115
0.008257
0.006823
0.007301
0.006340
0.007764
0.008273
0.004330
0.003339
0.008119
0.006679
0.007967
0.004910
0.005866
0.007164
0.008332
0.007426
0.005949
0.009672
0.006620
0.007172
0.008499
0.005678
0.007711
0.008554
0.008456
0.008145
0.008559
0.004959
0.006723
0.007379
0.007616
0.007956
0.005801
0.006466
0.005943
0.006904
0.007119
0.007416
0.007237
0.008513
0.008520
0.005997
0.006676
0.006745
0.007711
0.007529
0.007502
0.007600
0.005921
0.007310
0.007185
0.007421
0.007891
0.005432
0.008023
0.007670
0.005520
0.009274
0.007693
0.007486
0.006323
0.008530
0.006853
0.007860
0.005684
0.007737
0.007213
0.007874
0.007484
0.008467
0.007277
0.008338
0.005664
0.005981
0.006498
0.005841
0.004123
0.006150
0.004554
0.004658
0.006789
0.006312
0.007509
0.007667
0.007841
0.007301
0.006593
0.007666
0.006023
0.006731
0.008519
0.008583
0.006818
0.007415
0.007336
0.007278
0.008479
0.006863
0.007345
0.008155
0.008781
0.008665
0.004218
0.007413
0.004980
0.008059
0.005491
0.010192
0.008158
0.008905
0.008855
0.005574
0.005153
0.007134
0.008899
0.008367
0.007996
0.005896
0.007550
0.010996
0.010859
0.008521
0.008733
0.006930
0.007056
0.006902
0.008498
0.007533
0.007839
0.007332
0.007325
0.005774
0.008147
0.006382
0.005276
0.006160
0.006456
0.005418
0.006109
0.006044
0.006370
0.006457
0.008791
0.005321
0.007252
0.007490
0.008479
0.007419
0.006567
0.007082
0.008687
0.006266
0.009064
0.006490
0.008611
0.010704
0.007921
0.006892
0.007891
0.008698
0.005816
0.006926
0.007372
0.006308
0.007584
0.005391
0.007291
0.003453
0.006419
0.007902
0.007622
0.006941
0.005403
0.005059
0.008305
0.004274
0.006318
0.007359
0.006817
0.007040
0.007210
0.002990
0.006010
0.007956
0.005663
0.007756
0.008734
0.008343
0.009549
0.006323
0.005821
0.007682
0.006110
0.007017
0.005367
0.005991
0.006485
0.008619
0.007713
0.010356
0.006807
0.006409
0.007569
0.006492
0.005787
0.007184
0.007366
0.008744
0.006563
0.004521
0.008059
0.008810
0.007832
0.009433
0.006079
0.008065
0.011518
0.007434
0.007509
0.006810
0.008687
0.007578
0.007722
0.007710
0.007434
0.007261
0.006194
0.007278
0.008108
0.007174
0.009663
0.007536
0.006516
0.005764
0.008134
0.007683
0.007370
0.009242
0.008603
0.008367
0.007088
0.006854
0.006731
0.006214
0.006513
0.008777
0.008272
0.008799
0.008308
0.005597
0.007243
0.006873
0.007935
0.005711
0.008020
0.008281
0.008816
0.008049
0.007321
0.006943
0.007931
0.007088
0.004981
0.002624
0.002613
0.005879
0.007700
0.006496
0.007155
0.002750
0.006805
0.004728
0.009053
0.010578
0.005879
0.006809
0.007560
0.007074
0.005818
0.006926
0.007858
0.008155
0.007883
0.006743
0.005619
0.004941
0.006539
0.009198
0.007040
0.008324
0.007473
0.008129
0.007829
0.008280
0.007186
0.007320
0.005570
0.007200
0.007646
0.006457
0.006095
0.008448
0.005890
0.008501
0.007869
0.007867
0.007812
0.006341
0.008062
0.006806
0.008152
0.006568
0.006284
0.009886
0.007116
0.007398
0.009155
0.011287
0.013657
0.009609
0.010818
0.009821
0.006892
0.009060
0.009504
0.008198
0.008587
0.011703
0.009810
0.007569
0.008979
0.008754
0.009476
0.009601
0.011026
0.010319
0.011644
0.010195
0.010691
0.013251
0.011722
0.008526
0.011141
0.006156
0.007144
0.009205
0.007513
0.009044
0.009014
0.010146
0.003491
0.016372
0.009979
0.010183
0.008581
0.008573
0.007267
0.006761
0.008445
0.005304
0.007654
0.006032
0.009030
0.008901
0.008173
0.009756
0.006928
0.007348
0.008484
0.007083
0.006202
0.007360
0.007293
0.006430
0.007872
0.006654
0.007693
0.006556
0.007648
0.007450
0.007177
0.007516
0.006395
0.006637
0.005653
0.005677
0.005959
0.009002
0.005176
0.008528
0.009109
0.007415
0.008396
0.006234
0.006582
0.007205
0.006279
0.007036
0.006923
0.007698
0.007924
0.007547
0.006708
0.006868
0.008460
0.008235
0.007378
0.007854
0.007556
0.007266
0.007016
0.006644
0.006524
0.006685
0.007211
0.007103
0.007125
0.006829
0.006654
0.007228
0.008272
0.005724
0.007559
0.005134
0.006286
0.008134
0.007213
0.008873
0.008348
0.009630
0.007880
0.007452
0.008034
0.007635
0.008135
0.006236
0.007430
0.006379
0.008342
0.005861
0.007004
0.007439
0.006881
0.008929
0.008523
0.006294
0.008571
0.009095
0.007416
0.008118
0.006887
0.011437
0.011814
0.011499
0.006944
0.007774
0.007920
0.008238
0.014092
0.006287
0.007032
0.006630
0.006620
0.007496
0.007095
0.008974
0.009472
0.008964
0.009705
0.004463
0.011802
0.010797
0.007670
0.007640
0.006908
0.007004
0.005108
0.008588
0.009636
0.006040
0.008048
0.006672
0.005435
0.005758
0.005898
0.006446
0.008951
0.007779
0.008854
0.008875
0.006171
0.008798
0.005997
0.009265
0.005518
0.007723
0.006896
0.005416
0.009586
0.005353
0.006607
0.007309
0.008300
0.006177
0.007525
0.007532
0.008726
0.006896
0.007643
0.007874
0.004382
0.006375
0.004658
0.008229
0.008284
0.009942
0.005517
0.008862
0.005089
0.014079
0.006485
0.008820
0.006275
0.007922
0.005303
0.005521
0.008157
0.005613
0.007880
0.008991
0.006998
0.005651
0.005174
0.007400
0.007181
0.007261
0.005631
0.010613
0.009500
0.006021
0.007740
0.006369
0.008450
0.005517
0.007522
0.009587
0.007533
0.006582
0.007392
0.008703
0.005740
0.005722
0.007647
0.007177
0.007621
0.008747
0.008439
0.007468
0.005680
0.005605
0.006232
0.008445
0.007625
0.007141
0.007167
0.008280
0.008730
0.006959
0.006946
0.007036
0.007890
0.006550
0.005658
0.007096
0.007714
0.009684
0.010169
0.006064
0.008860
0.009197
0.005944
0.006287
0.007055
0.007505
0.007757
0.007961
0.007688
0.007629
0.005410
0.009279
0.009387
0.009448
0.006850
0.007108
0.007382
0.007682
0.008468
0.006816
0.007620
0.007860
0.006445
0.006045
0.008866
0.007189
0.005217
0.008169
0.006457
0.010760
0.007213
0.008014
0.008201
0.016994
0.017421
0.006092
0.007881
0.007526
0.005849
0.006071
0.008025
0.023317
0.022473
0.007446
0.016103
0.019306
0.012983
0.011741
0.011624
0.008832
0.008291
0.006767
0.005556
0.007102
0.008005
0.008637
0.008065
0.008120
0.005770
0.007937
0.007373
0.007343
0.007674
0.005839
0.008068
0.008104
0.008595
0.005568
0.011585
0.007220
0.014131
0.006243
0.012196
0.007120
0.008658
0.007796
0.005724
0.006264
0.006649
0.007007
0.007523
0.007751
0.014415
0.006267
0.005152
0.002273
