0.000000
0.000000
0.161701
0.396840
0.575219
0.689343
0.768005
0.912091
1.033001
1.135252
1.215851
1.290727
1.348433
1.394359
1.381928
1.354649
1.387247
1.421317
1.446254
1.473181
1.497241
1.517764
1.536533
1.556661
1.577303
1.593122
1.606696
1.621033
1.633058
1.643736
1.653121
1.666359
1.673463
1.680127
1.681148
1.675526
1.683195
1.694719
1.700041
1.705418
1.711678
1.717242
1.723282
1.723784
1.720158
1.720847
1.727007
1.731736
1.735549
1.737576
1.738306
1.734620
1.730396
1.725938
1.730161
1.733867
1.738757
1.744876
1.737793
1.739421
1.741733
1.744474
1.748246
1.751787
1.757321
1.760253
1.757350
1.749708
1.751998
1.754819
1.759375
1.763863
1.767109
1.770120
1.772986
1.775278
1.777904
1.782282
1.784221
1.786164
1.789032
1.791400
1.793454
1.796932
1.798712
1.800782
1.799997
1.800375
1.802433
1.804381
1.808109
1.808888
1.810596
1.812241
1.813630
1.810310
1.802583
1.800160
1.800914
1.802707
1.800498
1.791704
1.788601
1.790207
1.791168
1.792941
1.792789
1.793545
1.795389
1.796174
1.798403
1.800135
1.794498
1.784620
1.782688
1.783892
1.786398
1.788053
1.789527
1.791398
1.788128
1.783478
1.783779
1.785925
1.781759
1.775761
1.767653
1.767786
1.769664
1.770746
1.773755
1.775339
1.775792
1.776509
1.777716
1.779155
1.781396
1.782848
1.784292
1.784868
1.786516
1.788135
1.789097
1.791108
1.792542
1.793342
1.794481
1.795251
1.796305
1.798532
1.797736
1.797411
1.798649
1.799596
1.800838
1.801840
1.803946
1.805015
1.806032
1.807017
1.807642
1.807820
1.808090
1.809654
1.810904
1.811909
1.812680
1.813274
1.814249
1.816025
1.816725
1.816647
1.816618
1.816082
1.810646
1.803639
1.803905
1.804871
1.805977
1.807049
1.807904
1.808587
1.810408
1.811435
1.811751
1.812563
1.813735
1.814148
1.815190
1.816773
1.817656
1.818278
1.819194
1.819434
1.819404
1.819957
1.821405
1.822230
1.822778
1.820956
1.821106
1.821763
1.820590
1.815560
1.813294
1.812264
1.812839
1.813953
1.815411
1.821383
1.827467
1.830603
1.834597
1.841287
1.844879
1.845879
1.845433
1.844924
1.845814
1.846543
1.849978
1.850078
1.850977
1.851238
1.852002
1.852528
1.852710
1.853100
1.852976
1.853897
1.854587
1.854683
1.854522
1.855387
1.855678
1.856876
1.857601
1.858101
1.858532
1.858831
1.859178
1.859684
1.860482
1.860509
1.861166
1.861676
1.861580
1.860113
1.860613
1.861079
1.860959
1.861071
1.861354
1.861763
1.862317
1.862966
1.863247
1.863415
1.864130
1.863585
1.864102
1.864234
1.865449
1.865912
1.866332
1.865670
1.861655
1.857531
1.856055
1.852804
1.848461
1.846848
1.848459
1.849462
1.848482
1.848863
1.847756
1.847328
1.847689
1.848139
1.848487
1.849413
1.849837
1.850262
1.850786
1.851200
1.851536
1.851908
1.852795
1.853192
1.854186
1.854454
1.854922
1.855336
1.855262
1.856216
1.855566
1.854017
1.853856
1.851950
1.849634
1.849403
1.849276
1.849697
1.850139
1.850445
1.850914
1.851362
1.851944
1.848430
1.845760
1.844949
1.845215
1.843619
1.842626
1.841037
1.840758
1.841102
1.841552
1.841950
1.842419
1.843016
1.843421
1.843794
1.845199
1.846782
1.848034
1.848723
1.850091
1.850993
1.851995
1.852438
1.852834
1.853197
1.853887
1.854247
1.854622
1.855526
1.858720
1.862001
1.865251
1.866603
1.867232
1.869572
1.871369
1.870522
1.869748
1.870300
1.870611
1.870681
1.870969
1.871211
1.871580
1.872121
1.873190
1.873469
1.873731
1.874005
1.874270
1.874586
1.874862
1.875392
1.874437
1.874104
1.873946
1.874108
1.874193
1.874633
1.873926
1.874206
1.874039
1.873819
1.874112
1.874455
1.874997
1.875246
1.875437
1.875696
1.876034
1.876231
1.876752
1.877076
1.877237
1.877185
1.877569
1.877349
1.877482
1.878033
1.878404
1.878556
1.878602
1.878609
1.878645
1.877224
1.875345
1.875375
1.875620
1.875837
1.876026
1.876131
1.876746
1.876993
1.876890
1.876915
1.876930
1.877171
1.877294
1.877760
1.877870
1.877957
1.879000
1.880909
1.882192
1.884196
1.885698
1.885441
1.885676
1.884503
1.881018
1.879521
1.879789
1.880013
1.880222
1.880450
1.881756
1.884354
1.884807
1.885096
1.885404
1.885557
1.885713
1.885953
1.886074
1.886585
1.886853
1.887072
1.887108
1.887557
1.887690
1.887872
1.887985
1.888064
1.888305
1.888456
1.888301
1.888555
1.889336
1.889513
1.889717
1.889998
1.890208
1.890314
1.890445
1.890571
1.890697
1.890960
1.891233
1.891381
1.891552
1.891495
1.891182
1.890639
1.890803
1.890725
1.890298
1.890108
1.889922
1.888743
1.887543
1.886072
1.885892
1.886053
1.885883
1.885202
1.885353
1.885505
1.885643
1.885829
1.885964
1.886453
1.886591
1.886794
1.886928
1.887052
1.887182
1.887155
1.887627
1.887778
1.887937
1.888137
1.888356
1.888521
1.888639
1.889132
1.888710
1.888126
1.888263
1.888454
1.888719
1.888968
1.889201
1.889354
1.889559
1.889753
1.889967
1.890165
1.890515
1.890688
1.890891
1.891032
1.891177
1.891409
1.892168
1.892353
1.892540
1.892678
1.892890
1.892872
1.892799
1.893262
1.892873
1.890973
1.890270
1.890333
1.890533
1.890693
1.890757
1.890849
1.891016
1.891202
1.890982
1.889280
1.888922
1.889455
1.889731
1.890765
1.891824
1.892109
1.892266
1.892756
1.892963
1.893064
1.892914
1.891538
1.891317
1.891628
1.891855
1.891982
1.892126
1.892262
1.892300
1.891963
1.892496
1.892578
1.892744
1.892900
1.893072
1.893273
1.893299
1.892157
1.890542
1.889989
1.890054
1.890251
1.890424
1.890772
1.890965
1.891122
1.891247
1.891368
1.891607
1.891820
1.892158
1.892377
1.892435
1.892744
1.892879
1.891946
1.891778
1.891832
1.891994
1.892015
1.892217
1.892334
1.892484
1.892999
1.893158
1.893298
1.893385
1.892369
1.889881
1.888837
1.889055
1.889228
1.889327
1.889214
1.888273
1.887411
1.886794
1.886662
1.886796
1.886947
1.887073
1.887211
1.887362
1.887742
1.887898
1.888053
1.888210
1.888358
1.888338
1.888663
1.888824
1.888978
1.889113
1.889019
1.888328
1.886314
1.885547
1.885578
1.885739
1.885831
1.885966
1.886117
1.886120
1.886214
1.886360
1.886489
1.886543
1.886624
1.886770
