1.60682
1.60712
2.1071
2.60697
3.10766
3.6353
4.10693
4.60729
5.10813
5.62592
6.10693
6.60857
7.10757
7.63225
8.10691
8.60787
9.10798
9.63162
10.107
10.6074
11.108
11.6225
12.1077
12.6115
13.1186
13.6168
14.1072
14.6084
15.1085
15.6169
16.107
16.609
17.108
17.6198
18.1162
18.616
19.1199
19.6256
20.1069
20.6111
21.1078
21.6252
22.1071
22.6163
23.1091
23.6212
24.1069
24.6097
25.1085
25.625
26.1069
26.6083
27.1083
27.6286
28.1069
28.6087
29.1076
29.6308
30.107
30.6085
31.1081
31.6337
32.1069
32.609
33.1077
33.6143
34.1069
34.6239
35.1079
35.6327
36.1071
36.6081
37.1073
37.6191
38.107
38.6076
39.1074
39.6171
40.1081
40.6079
41.1076
41.6334
42.1069
42.6074
43.1093
43.6286
44.111
44.6101
45.1085
45.6263
46.1139
46.6145
47.1272
47.6249
48.1092
48.6161
49.1074
49.6174
50.1069
50.6073
51.1133
51.618
52.1091
52.6075
53.1137
53.6266
54.1141
54.6139
55.1094
55.6269
56.1139
56.6157
57.1075
57.6128
58.114
58.6075
59.1076
59.622
60.1189
60.6121
61.1194
61.6122
62.1069
62.6189
63.1137
63.6112
64.107
64.6109
65.1077
65.6149
66.107
66.6232
67.1077
67.6172
68.107
68.6221
69.1193
69.6311
70.1164
70.6122
71.1073
71.6454
72.1182
72.6075
73.1124
73.6375
74.1105
74.6242
75.1113
75.6426
76.1226
76.6157
77.1156
77.6334
78.1078
78.619
79.1141
79.6281
80.111
80.6196
81.1146
81.6289
82.1173
82.6249
83.1179
83.637
84.1182
84.6177
85.1213
85.6308
86.1081
86.6112
87.1098
87.6274
88.1155
88.6127
89.1158
89.6278
90.1187
90.6238
91.1168
91.6171
92.1222
92.6216
93.1186
93.6256
94.1222
94.6274
95.1077
95.6277
96.107
96.6137
97.1076
97.6257
98.1165
98.6189
99.1135
99.6239
100.119
100.616
101.112
101.625
102.112
102.622
103.117
103.609
104.107
104.616
105.108
105.613
106.107
106.624
107.116
107.611
108.11
108.618
109.109
109.628
110.116
110.618
111.111
111.642
112.116
112.616
113.115
113.647
114.114
114.619
115.137
115.641
116.119
116.621
117.123
117.641
118.132
118.62
119.133
119.639
120.108
120.609
121.111
121.632
122.118
122.62
123.113
123.641
124.119
124.622
125.111
125.628
126.111
126.615
127.114
127.631
128.122
128.623
129.116
129.644
130.118
130.623
131.122
131.63
132.114
132.639
133.122
133.634
134.118
134.626
135.116
135.655
136.123
136.619
137.122
137.638
138.118
138.623
139.122
139.629
140.122
140.623
141.122
141.63
142.123
142.623
143.122
143.639
144.117
144.618
145.123
145.634
146.122
146.632
147.122
147.632
148.122
148.623
149.123
149.63
150.124
150.626
151.122
151.626
152.119
152.623
153.117
153.617
154.114
154.623
155.117
155.618
156.11
156.623
157.111
157.62
158.11
158.624
159.109
159.613
160.107
160.61
161.109
161.614
162.107
162.634
163.111
163.622
164.109
164.624
165.108
165.615
166.107
166.621
167.116
167.621
168.111
168.611
169.118
169.623
170.118
170.625
171.118
171.621
172.109
172.621
173.118
173.621
174.116
174.62
175.108
175.615
176.111
176.615
177.113
177.639
178.114
178.614
179.11
179.626
180.117
180.621
181.119
181.633
182.119
182.615
183.123
183.627
184.127
184.613
185.121
185.633
186.117
186.612
187.111
187.626
188.112
188.608
189.121
189.632
190.121
190.62
191.109
191.63
192.123
192.613
193.122
193.638
194.109
194.622
195.117
195.637
196.108
196.621
197.122
197.649
198.134
198.616
199.12
199.627
200.117
200.623
201.121
201.631
202.12
202.621
203.114
203.641
204.114
204.612
205.124
205.631
206.122
206.655
207.11
207.619
208.112
208.617
209.108
209.616
210.116
210.615
211.108
211.61
212.107
212.608
213.108
213.613
214.107
214.616
215.109
215.622
216.107
216.609
217.112
217.62
218.112
218.614
219.107
219.623
220.127
220.614
221.116
221.63
222.112
222.613
223.114
223.636
224.113
224.611
225.12
225.628
226.116
226.612
227.107
227.62
228.107
228.62
229.118
229.635
230.113
230.618
231.111
231.625
232.113
232.623
233.116
233.636
234.116
234.623
235.119
235.637
236.133
236.611
237.123
237.62
238.114
238.62
239.112
239.623
240.122
240.614
241.117
241.62
242.116
242.616
243.111
243.624
244.12
244.63
245.118
245.635
246.122
246.621
247.118
247.632
248.123
248.619
249.115
249.638
250.125
250.623
251.112
251.64
252.117
252.623
253.122
253.638
254.122
254.622
255.119
255.628
256.112
256.618
257.122
257.628
258.12
258.62
259.119
259.635
260.121
260.635
261.133
261.646
262.113
262.619
263.119
263.634
264.115
264.635
265.14
265.639
266.117
266.612
267.113
267.642
268.114
268.616
269.117
269.636
270.122
270.64
271.123
271.621
272.111
272.618
273.114
273.624
274.113
274.622
275.113
275.626
276.12
276.617
277.123
277.641
278.111
278.616
279.109
279.62
280.118
280.614
281.117
281.629
282.113
282.618
283.116
283.633
284.108
284.616
285.11
285.616
286.115
286.62
287.109
287.615
288.118
288.609
289.11
289.616
290.108
290.619
291.109
291.626
292.109
292.62
293.109
293.627
294.121
294.611
295.109
295.623
296.107
296.608
297.108
297.634
298.107
298.61
299.107
299.614
300.107
300.609
301.108
301.631
302.107
302.609
303.108
303.617
304.107
304.608
305.108
305.618
306.107
306.609
307.109
307.614
308.107
308.614
309.108
309.611
310.107
310.609
311.108
311.612
312.107
312.609
313.108
313.613
314.107
314.608
315.109
315.613
316.107
316.609
317.109
