0.000000
0.000000
0.002000
0.002000
41.629000
46.174000
49.575000
60.093000
70.010000
80.244000
83.774000
91.562000
97.503000
104.716000
110.738000
120.815000
140.061000
150.058000
156.270000
172.313000
181.918000
189.555000
197.430000
215.422000
235.901000
255.494000
261.130000
266.769000
274.019000
282.601000
288.587000
294.070000
300.600000
302.442000
304.618000
317.095000
320.240000
323.679000
330.139000
345.700000
370.439000
378.201000
390.777000
399.452000
402.647000
408.639000
410.415000
410.624000
415.300000
415.434000
422.149000
434.552000
442.701000
455.392000
469.911000
482.538000
490.687000
507.363000
521.371000
534.313000
547.793000
559.179000
563.808000
568.436000
574.635000
577.493000
581.035000
589.848000
589.931000
591.105000
593.950000
598.881000
603.923000
610.772000
617.928000
631.803000
647.768000
658.740000
667.050000
672.814000
676.722000
683.376000
688.708000
696.907000
705.201000
708.735000
711.951000
722.425000
729.790000
735.646000
742.271000
753.421000
769.608000
781.828000
790.900000
801.360000
803.511000
804.063000
804.287000
804.489000
804.628000
810.739000
823.685000
827.905000
834.670000
835.716000
845.508000
850.155000
856.637000
868.791000
873.964000
879.365000
886.621000
888.622000
889.075000
889.137000
889.465000
890.850000
891.588000
891.626000
897.668000
907.350000
908.933000
910.269000
911.767000
925.399000
929.656000
932.428000
932.852000
932.910000
933.024000
933.430000
933.986000
934.800000
935.946000
942.794000
954.632000
966.782000
974.325000
982.417000
1002.179000
1017.384000
1028.958000
1043.861000
1062.993000
1073.762000
1081.595000
1092.071000
1104.305000
1117.359000
1124.123000
1128.683000
1130.596000
1138.357000
1145.274000
1154.258000
1162.573000
1169.476000
1172.327000
1176.883000
1179.698000
1184.020000
1186.945000
1187.376000
1187.708000
1187.850000
1188.340000
1190.445000
1199.616000
1206.864000
1210.450000
1221.937000
1225.915000
1228.915000
1231.768000
1234.206000
1234.968000
1235.087000
1235.116000
1235.264000
1235.421000
1235.611000
1235.611000
1235.621000
1236.458000
1240.057000
1245.669000
1250.178000
1254.223000
1258.574000
1261.738000
1264.969000
1267.391000
1271.839000
1277.559000
1281.182000
1285.984000
1289.609000
1292.354000
1298.193000
1301.546000
1305.445000
1309.480000
1315.799000
1317.089000
1317.193000
1317.198000
1317.204000
1317.246000
1317.321000
1317.359000
1317.389000
1317.414000
1317.469000
1318.187000
1318.218000
1318.228000
1318.260000
1320.279000
1323.813000
1331.761000
1342.707000
1355.940000
1369.944000
1383.147000
1399.018000
1407.413000
1423.994000
1438.809000
1449.206000
1456.640000
1463.830000
1471.717000
1482.461000
1491.640000
1512.434000
1526.152000
1537.720000
1546.095000
1557.167000
1566.923000
1584.580000
1596.005000
1601.772000
1607.684000
1613.970000
1617.077000
1623.353000
1629.847000
1638.888000
1650.155000
1662.367000
1670.138000
1679.582000
1685.730000
1693.561000
1698.534000
1702.635000
1706.907000
1714.096000
1719.854000
1724.607000
1731.650000
1745.673000
1760.666000
1768.022000
1772.080000
1776.442000
1778.396000
1780.065000
1782.469000
1785.136000
1786.594000
1788.217000
1788.381000
1788.469000
1793.442000
1804.572000
1805.236000
1806.696000
1812.324000
1817.589000
1819.135000
1820.525000
1822.737000
1829.340000
1835.352000
1843.512000
1851.704000
1860.284000
1865.539000
1870.281000
1875.569000
1879.340000
1882.542000
1888.517000
1895.883000
1907.928000
1913.008000
1922.674000
1925.346000
1925.778000
1925.795000
1925.852000
1925.871000
1925.877000
1925.925000
1925.966000
1926.066000
1926.129000
1926.138000
1926.138000
1926.170000
1926.237000
1926.377000
1926.465000
1931.351000
1932.354000
1932.543000
1932.546000
1932.546000
1932.550000
1932.550000
1932.562000
1932.757000
1933.256000
1933.476000
1933.726000
1933.787000
1934.056000
1934.160000
1934.184000
1934.456000
1934.526000
1934.528000
1934.573000
1934.651000
1934.694000
1934.713000
1934.922000
1938.631000
1939.164000
1939.208000
1939.220000
1940.255000
1942.513000
1943.180000
1943.550000
1943.761000
1943.791000
1945.404000
1949.204000
1951.175000
1952.097000
1952.667000
1952.929000
1953.060000
1953.159000
1953.659000
1956.015000
1959.348000
1962.887000
1967.723000
1976.066000
1984.361000
1998.904000
2013.013000
2025.956000
2042.888000
2051.196000
2054.722000
2060.533000
2067.413000
2077.193000
2090.421000
2103.962000
2113.850000
2125.241000
2130.428000
2136.888000
2142.158000
2148.780000
2154.577000
2163.360000
2170.927000
2176.259000
2179.325000
2185.572000
2200.380000
2215.844000
2222.510000
2232.157000
2240.497000
2245.158000
2246.216000
2247.811000
2247.852000
2248.898000
2250.097000
2251.700000
2253.978000
2256.596000
2257.265000
2260.279000
2266.564000
2274.753000
2279.791000
2285.270000
2292.229000
2294.240000
2294.787000
2295.146000
2295.149000
2295.174000
2295.213000
2295.225000
2295.226000
2297.985000
2300.704000
2301.104000
2301.190000
2301.200000
2301.200000
2301.200000
2301.220000
2301.279000
2301.281000
2301.291000
2301.293000
2301.295000
2301.298000
2301.309000
2301.330000
2301.483000
2301.595000
2301.681000
2302.100000
2302.132000
2302.418000
2305.809000
2312.670000
2318.506000
2323.661000
2332.191000
2342.858000
2360.115000
2375.579000
2390.769000
2404.699000
2415.676000
2425.988000
2442.703000
2454.806000
2468.531000
2481.574000
2488.423000
2492.279000
2497.967000
2502.365000
2508.647000
2519.876000
2529.675000
2531.737000
2537.100000
2544.793000
2546.994000
2547.341000
2553.390000
2560.777000
2563.924000
2564.458000
2565.060000
2565.182000
2565.377000
2565.421000
2565.424000
2565.467000
2567.041000
2572.230000
2580.166000
2588.527000
2595.435000
2600.824000
2608.961000
2617.860000
2626.448000
2635.367000
2646.186000
2654.849000
2663.092000
2666.925000
2671.237000
2675.239000
2676.738000
2679.759000
2691.198000
2697.289000
2699.433000
2703.783000
2714.693000
2729.739000
2739.766000
2742.938000
2746.703000
2751.004000
2758.148000
2764.815000
2776.903000
2785.103000
2792.786000
2798.860000
2808.439000
2817.911000
2827.974000
2835.045000
2838.838000
2843.183000
2849.997000
2858.339000
2871.397000
2887.076000
2898.518000
2903.817000
2906.535000
2918.838000
2933.029000
2934.495000
2935.442000
2936.580000
2937.768000
2940.536000
2944.388000
2946.350000
2947.600000
2949.557000
2956.531000
2961.946000
2967.191000
2970.180000
2970.888000
2971.213000
2971.478000
2971.630000
2971.742000
2971.759000
2971.773000
2971.820000
2972.028000
2974.775000
2979.289000
2982.996000
2989.081000
3000.838000
3006.197000
3009.752000
3011.940000
3013.246000
3013.325000
3013.389000
3013.424000
3013.541000
3013.729000
3013.730000
3013.730000
3013.731000
3013.731000
3013.765000
3013.775000
3013.787000
3013.798000
3013.803000
3013.903000
3014.007000
3014.007000
3014.007000
3014.007000
3014.007000
3014.050000
3014.347000
3014.886000
3025.854000
3040.219000
3050.404000
3066.937000
3075.555000
3082.934000
3087.820000
3096.626000
3104.636000
3111.010000
3113.290000
3114.142000
3114.823000
3114.963000
3115.187000
3115.461000
3115.566000
3115.628000
3115.772000
3118.700000
3119.028000
3120.633000
3120.797000
3122.423000
3123.119000
3123.279000
3123.279000
3123.296000
3123.417000
3123.466000
3123.527000
3124.348000
3130.938000
3139.583000
3143.658000
3149.090000
3154.108000
3160.814000
3162.623000
3164.329000
3164.419000
3164.436000
3164.474000
3164.967000
3165.108000
3165.125000
3165.125000
3165.125000
3165.125000
3165.125000
3166.194000
3167.586000
3168.371000
