0.006408
0.003995
0.004203
0.004340
0.005464
0.005226
0.006828
0.006188
0.006319
0.006632
0.005296
0.004060
0.003555
0.003744
0.003784
0.004390
0.004778
0.003625
0.005428
0.005842
0.005689
0.005185
0.004758
0.006181
0.006332
0.007943
0.006441
0.006449
0.006070
0.003094
0.003323
0.005779
0.007800
0.007906
0.008261
0.007886
0.007877
0.007927
0.007921
0.007995
0.007838
0.007730
0.007927
0.007604
0.007759
0.007726
0.007704
0.007745
0.007706
0.007745
0.007751
0.007682
0.007730
0.004902
0.004938
0.004931
0.004474
0.004463
0.008578
0.005977
0.004744
0.009392
0.005317
0.005796
0.004227
0.004674
0.004267
0.004147
0.004221
0.004466
0.004174
0.003834
0.003259
0.003736
0.004639
0.005731
0.004628
0.004330
0.003956
0.003733
0.003950
0.004058
0.003232
0.003563
0.002933
0.002281
0.002809
0.006932
0.007339
0.007358
0.007349
0.007360
0.007368
0.007420
0.007448
0.006062
0.005216
0.006159
0.006469
0.004699
0.003810
0.005272
0.004011
0.005309
0.005771
0.003800
0.004199
0.004190
0.004418
0.003546
0.007434
0.004404
0.004972
0.006987
0.007985
0.010023
0.008289
0.006553
0.004894
0.003048
0.005368
0.004718
0.004086
0.004342
0.002764
0.003935
0.008605
0.009410
0.014344
0.013996
0.009496
0.009334
0.009334
0.009371
0.009336
0.009349
0.012134
0.009414
0.009434
0.009429
0.009462
0.009717
0.009614
0.009412
0.008813
0.009045
0.008879
0.008813
0.008882
0.008975
0.010818
0.010503
0.007723
0.004534
0.008171
0.007869
0.006597
0.005705
0.006477
0.005303
0.001574
