162.140625
162.140625
164.207031
171.085938
171.085938
171.085938
171.085938
171.085938
171.085938
171.085938
171.085938
171.085938
171.085938
171.085938
171.085938
171.085938
171.085938
171.085938
171.085938
171.085938
171.085938
171.085938
171.085938
171.085938
171.085938
171.085938
171.085938
171.085938
171.085938
171.085938
171.085938
171.085938
171.085938
171.085938
171.085938
171.085938
171.085938
171.085938
171.085938
171.085938
171.085938
171.085938
171.085938
171.085938
171.085938
171.085938
171.085938
171.085938
171.085938
171.085938
171.085938
171.085938
171.085938
171.085938
171.085938
171.085938
171.085938
171.085938
171.085938
171.085938
171.085938
171.085938
171.085938
171.085938
171.085938
172.597656
172.597656
172.597656
172.597656
172.597656
172.597656
172.597656
172.597656
172.597656
172.597656
172.597656
172.597656
172.597656
172.597656
172.597656
172.597656
172.597656
172.597656
172.597656
172.597656
172.597656
172.597656
172.597656
172.597656
172.597656
172.597656
172.597656
172.597656
172.597656
172.597656
172.597656
172.597656
172.597656
172.597656
172.597656
172.597656
172.597656
172.597656
172.597656
172.597656
172.597656
172.597656
172.597656
172.597656
172.597656
172.597656
172.597656
172.597656
172.855469
172.855469
172.855469
172.855469
172.855469
172.855469
172.855469
172.855469
172.855469
172.855469
172.855469
172.855469
172.855469
172.855469
172.855469
172.855469
172.855469
172.855469
173.113281
173.113281
173.113281
173.113281
173.113281
173.113281
173.113281
173.113281
173.113281
173.113281
173.113281
173.113281
173.113281
173.113281
173.113281
173.113281
173.113281
173.113281
173.113281
173.113281
