4.86603
5.43824
5.48633
5.58769
6.35246
6.65412
6.83886
7.70797
8.7615
9.75692
9.83713
9.96917
11.3528
11.698
12.8935
13.8333
14.4957
14.7613
14.7947
14.895
16.2748
17.0415
18.4668
18.6442
19.1853
19.9851
20.246
20.635
20.8965
21.9698
22.6378
23.4263
23.5663
24.9405
24.9708
25.0123
25.0501
25.0804
25.1113
25.143
25.1832
25.2344
25.29
25.33
25.3602
25.3998
25.4429
25.474
25.514
25.5557
25.595
25.634
25.686
25.7193
25.7532
25.7815
25.8237
25.8567
27.263
27.7038
27.7395
29.1285
29.4384
29.9777
30.094
31.2985
32.2164
32.4944
33.6415
33.9731
34.0955
35.1603
35.4282
36.5908
37.5861
37.7084
37.9757
38.6385
38.9074
39.5766
39.8237
40.8972
41.4421
42.4241
42.4836
42.5421
42.5716
42.7772
44.1557
44.1959
44.2411
44.2839
44.3265
44.3724
44.4145
45.7989
46.6521
46.7838
48.1137
48.3875
48.5127
48.5535
49.7041
49.9775
51.1752
52.5491
53.707
54.2379
54.8973
55.0252
55.2866
55.3136
55.3442
55.3801
55.4101
55.5837
56.9533
57.9645
58.8961
59.9702
60.5024
61.5752
62.2917
62.3701
62.8913
63.038
63.1804
63.3087
64.6942
64.7498
64.7979
64.8462
64.8954
64.9417
64.9892
65.0373
65.0894
65.1358
65.1828
65.232
65.2959
65.3459
65.397
65.4457
65.6307
65.7676
65.8137
65.8592
65.9042
65.961
66.0081
67.3876
68.772
70.1514
70.4955
71.8721
73.2384
74.3711
75.7487
76.0889
77.2866
