0.000000
0.000000
0.200000
0.700000
1.246667
1.846667
2.485219
3.432759
4.398948
5.396973
6.359115
7.250450
8.000269
8.960033
9.839035
10.821306
11.783077
12.716957
13.709032
14.768829
15.677809
16.703306
17.701176
18.691528
19.678722
20.673388
21.616942
22.101380
22.499506
23.352812
24.345509
25.335699
26.324016
27.378407
28.328367
29.276779
30.272623
31.216514
32.203015
33.260303
34.202194
35.116531
36.116155
37.103370
37.989915
38.325759
38.917439
39.838222
40.823580
41.825074
42.814248
43.804601
44.819619
45.264368
45.686438
46.586302
47.539652
48.375665
49.096512
50.021018
51.012573
51.973074
52.889715
53.905871
54.881381
55.856330
56.922555
57.885342
58.848148
59.845387
60.827527
61.817895
62.869447
63.851748
64.839520
65.831230
66.786320
67.759408
68.749617
69.808151
70.788867
71.617293
72.301917
72.814773
73.582384
74.656318
75.736732
76.737828
77.732074
78.715807
79.706158
80.666937
81.725994
82.676856
83.653584
84.645053
85.634202
86.576002
87.519604
88.452642
88.792799
89.348718
90.137046
90.707483
91.239008
92.206584
93.193819
93.958476
94.612663
95.539350
96.662722
97.695979
99.179700
100.297555
101.277447
102.245538
103.249983
104.235570
105.238736
106.121965
107.032225
108.025822
109.009551
110.114697
110.779406
111.109751
111.878084
112.862324
113.829427
114.822460
115.813301
116.804313
117.863446
118.851862
119.841376
120.832101
121.823640
122.819277
123.881504
124.872416
125.866623
126.868668
127.867163
128.849968
129.833617
130.895489
131.866473
132.863150
133.848162
134.777113
135.720334
