2.09434
2.59435
3.09439
3.5986
4.09449
4.60341
5.09443
5.59448
6.09431
6.61584
7.09439
7.59439
8.09437
8.62505
9.0944
9.59436
10.0944
10.615
11.0944
11.5944
12.0943
12.6162
13.0944
13.5949
14.0945
14.614
15.0943
15.5944
16.0944
16.6151
17.0945
17.5944
18.0944
18.6091
19.1014
19.5944
20.0943
20.6011
21.0944
21.5943
22.0944
22.613
23.0945
23.5944
24.0943
24.6059
25.1114
25.5958
26.0944
26.6151
27.0944
27.5943
28.0945
28.6093
29.1059
29.5943
30.0946
30.6142
31.0944
31.5944
32.0944
32.6068
33.0943
33.5944
34.0961
34.6213
35.0943
35.5944
36.0944
36.6054
37.0944
37.5943
38.0956
38.6014
39.0943
39.5944
40.0943
40.6077
41.0944
41.5944
42.0943
42.6034
43.0957
43.5944
44.0944
44.6079
45.0943
45.5944
46.0945
46.6125
47.0944
47.5944
48.0963
48.6089
49.0944
49.5944
50.0943
50.6194
51.0943
51.5944
52.1026
52.6112
53.0943
53.5943
54.0944
54.6076
55.0943
55.5942
56.0944
56.6067
57.0944
57.5944
58.0944
58.6134
59.0943
59.5944
60.0943
60.6155
61.0945
61.5943
62.0944
62.604
63.0943
63.5944
64.0943
64.6062
65.0943
65.5971
66.0945
66.6144
67.0944
67.5944
68.0944
68.6106
69.0944
69.5944
70.0945
70.6139
71.0944
71.5944
72.0945
72.622
73.0943
73.5947
74.0944
74.6095
75.0944
75.5945
76.0944
76.6192
77.0944
