0.011183
0.007087
0.007519
0.005390
0.006282
0.007993
0.008345
0.008675
0.006233
0.009721
0.006988
0.006704
0.006976
0.005736
0.008685
0.007393
0.007555
0.004569
0.007684
0.007271
0.007807
0.007109
0.008080
0.007567
0.006153
0.007464
0.006253
0.009010
0.007786
0.005809
0.008313
0.007148
0.005259
0.006839
0.006600
0.006784
0.006882
0.007123
0.007998
0.009037
0.009220
0.009273
0.008472
0.008987
0.009075
0.008427
0.008215
0.009490
0.009107
0.009152
0.008251
0.009130
0.009054
0.005211
0.005583
0.004148
0.005597
0.005750
0.006799
0.008208
0.005660
0.008821
0.005271
0.007807
0.006071
0.008420
0.005715
0.006032
0.006935
0.008589
0.006005
0.005612
0.005125
0.007096
0.006769
0.006997
0.007046
0.007274
0.006073
0.007830
0.007966
0.006451
0.007252
0.005398
0.008852
0.007974
0.007329
0.007338
0.009771
0.008358
0.008922
0.010185
0.010071
0.009707
0.009421
0.008328
0.007347
0.005582
0.007451
0.007471
0.008391
0.008228
0.006203
0.009167
0.009368
0.007089
0.008329
0.006634
0.008290
0.006040
0.005522
0.005868
0.005946
0.009690
0.008559
0.011974
0.009723
0.005958
0.006300
0.005780
0.009434
0.007564
0.005448
0.009645
0.004524
0.007248
0.013864
0.014151
0.015337
0.016536
0.014465
0.015022
0.014980
0.012800
0.014464
0.014697
0.015701
0.012949
0.013902
0.015800
0.015398
0.016033
0.015735
0.015168
0.013579
0.013717
0.013343
0.012760
0.011996
0.012119
0.012072
0.012776
0.008003
0.010293
0.010463
0.008260
0.008492
0.008448
0.007002
0.008498
0.001950
