2.09428
2.59429
3.09425
3.59857
4.09441
4.60338
5.09433
5.59446
6.09425
6.61581
7.09428
7.59431
8.0943
8.625
9.09433
9.59429
10.0943
10.615
11.0943
11.5943
12.0942
12.6161
13.0943
13.5948
14.0945
14.6139
15.0943
15.5943
16.0943
16.6151
17.0944
17.5943
18.0943
18.6091
19.1013
19.5943
20.0942
20.601
21.0943
21.5943
22.0943
22.613
23.0942
23.5943
24.0942
24.6059
25.1114
25.5958
26.0943
26.6151
27.0943
27.5942
28.0944
28.6092
29.1058
29.5942
30.0946
30.6142
31.0943
31.5943
32.0944
32.6068
33.0942
33.5943
34.0961
34.6212
35.0943
35.5943
36.0944
36.6054
37.0943
37.5943
38.0943
38.6014
39.0943
39.5944
40.0943
40.6076
41.0943
41.5943
42.0943
42.6034
43.0943
43.5943
44.0943
44.6078
45.0943
45.5943
46.0944
46.6125
47.0943
47.5943
48.096
48.6088
49.0943
49.5943
50.0942
50.6193
51.0943
51.5943
52.1026
52.6112
53.0943
53.5943
54.0944
54.6076
55.0943
55.5942
56.0943
56.6067
57.0943
57.5944
58.0943
58.6134
59.0942
59.5943
60.0943
60.6155
61.0944
61.5943
62.0943
62.604
63.0943
63.5943
64.0942
64.6062
65.0943
65.5971
66.0944
66.6144
67.0943
67.5943
68.0943
68.6105
69.0943
69.5943
70.0943
70.6138
71.0943
71.5943
72.0944
72.622
73.0942
73.5946
74.0943
74.6095
75.0943
75.5944
76.0943
76.6191
77.0943
