0.000000
0.000000
0.000000
0.000000
0.000000
32.832000
35.554000
40.488000
44.200000
62.600000
83.476000
96.617000
111.454000
124.473000
136.447000
144.178000
154.461000
169.946000
178.011000
181.376000
185.602000
195.592000
208.849000
219.684000
226.173000
237.060000
246.580000
255.125000
261.993000
262.557000
262.665000
262.795000
266.159000
273.194000
286.466000
301.781000
308.782000
322.956000
339.177000
348.417000
353.356000
360.609000
364.383000
370.413000
375.884000
378.880000
381.204000
381.689000
381.999000
382.110000
382.958000
386.222000
393.857000
403.179000
406.589000
407.109000
407.147000
415.677000
430.792000
436.425000
439.418000
449.357000
453.897000
458.134000
461.599000
466.069000
470.892000
476.423000
480.761000
485.413000
491.422000
500.500000
509.117000
518.822000
529.455000
539.317000
552.397000
560.726000
564.156000
568.541000
574.929000
581.301000
583.274000
584.416000
585.466000
586.270000
586.355000
586.375000
586.392000
586.473000
590.881000
601.717000
608.828000
618.431000
634.626000
647.097000
656.790000
669.066000
677.677000
687.447000
704.623000
716.381000
717.957000
721.573000
727.479000
738.342000
743.817000
749.610000
756.921000
760.506000
762.344000
763.045000
763.260000
763.468000
767.100000
770.890000
777.457000
778.332000
784.023000
790.850000
795.299000
801.257000
806.250000
814.195000
817.342000
822.458000
823.074000
823.360000
823.507000
823.585000
824.713000
825.045000
825.102000
825.110000
825.148000
825.533000
825.608000
825.701000
826.317000
828.475000
831.068000
831.359000
831.469000
831.519000
831.540000
831.663000
831.988000
833.171000
834.122000
837.275000
842.812000
848.295000
851.532000
