1.59535
1.59541
2.0954
2.59547
3.09545
3.59938
4.09674
4.60422
5.0955
5.60749
6.09652
6.61749
7.09547
7.62229
8.09655
8.62762
9.09559
9.61426
10.0985
10.6155
11.0955
11.6145
12.0966
12.6173
13.0955
13.6201
14.0961
14.6158
15.0955
15.6158
16.096
16.6157
17.0957
17.6146
18.1102
18.6111
19.1014
19.6214
20.0959
20.602
21.0955
21.6106
22.097
22.6143
23.0955
23.6159
24.0965
24.6065
25.1115
25.6054
26.0969
26.6195
27.0956
27.611
28.0973
28.61
29.1059
29.6115
30.0961
30.6152
31.0955
31.6168
32.0965
32.6072
33.0954
33.6146
34.0964
34.6268
35.0955
35.6137
36.0965
36.6062
37.0955
37.6107
38.0964
38.6024
39.0954
39.6028
40.0962
40.6112
41.0955
41.6133
42.0966
42.6041
43.0958
43.6163
44.0972
44.6085
45.0955
45.625
46.0972
46.6136
47.0955
47.6215
48.1142
48.6103
49.0955
49.6163
50.097
50.6245
51.109
51.6096
52.1034
52.6121
53.0954
53.6116
54.0961
54.6083
55.0955
55.6011
56.0963
56.6073
57.0955
57.6098
58.0973
58.6166
59.0954
59.6159
60.097
60.6163
61.0956
61.6056
62.0979
62.6054
63.0955
63.6088
64.0964
64.6067
65.0954
65.6045
66.0971
66.615
67.0954
67.6086
68.0968
68.6112
69.0955
69.6086
70.0985
70.6147
71.0955
71.6081
72.0962
72.6337
73.0954
73.6101
74.0976
74.6104
75.0955
75.606
76.0959
76.62
77.0955
