4.87121
5.43278
5.57586
5.82613
6.48499
6.89604
7.82789
8.08605
8.22674
9.16384
9.70295
10.2734
10.8925
11.1669
11.2886
11.5678
11.6871
11.8432
12.4903
12.7761
12.8885
13.4215
13.685
13.8296
14.3641
15.2772
15.4158
16.4742
17.0109
17.0471
17.277
17.3033
17.3365
17.404
17.4335
18.4755
19.2786
19.6761
20.223
20.37
21.8161
21.946
22.0711
22.3534
22.7436
24.0771
24.2056
24.3591
25.7333
27.1204
28.4878
28.7708
30.146
30.8725
31.273
32.5684
32.7505
33.9843
34.2003
35.4368
35.5545
35.6726
36.8699
37.1568
38.4611
38.7647
39.0264
39.1535
40.2012
40.2768
41.5037
41.6687
41.913
41.9477
43.3295
44.7149
45.4339
46.4815
47.8693
48.4985
49.1775
50.0912
51.1372
51.2774
52.6491
52.8783
53.2759
53.4053
54.787
56.0007
57.0052
57.5563
57.6758
57.8053
58.0828
59.4619
60.871
62.2112
63.0208
64.2188
64.3482
64.614
65.5434
65.8248
67.2063
67.2538
68.6288
69.9998
71.635
73.0293
73.5577
74.9327
76.3092
77.6783
79.0365
79.145
79.2816
80.2538
80.4705
81.4211
81.802
82.0737
82.1033
83.2264
83.2645
83.2936
83.3168
