162.667969
162.667969
164.734375
171.410156
171.410156
171.667969
171.667969
171.667969
171.667969
171.667969
171.667969
171.667969
171.667969
171.667969
171.667969
171.667969
171.667969
171.667969
171.667969
171.667969
171.667969
171.667969
171.667969
171.667969
171.667969
171.667969
171.667969
171.667969
171.667969
171.667969
171.667969
171.667969
171.667969
171.667969
171.667969
171.667969
171.667969
171.667969
171.667969
171.667969
171.667969
171.667969
171.667969
171.667969
171.667969
171.667969
171.667969
171.667969
171.667969
171.667969
171.667969
171.667969
171.667969
171.667969
171.667969
171.667969
171.667969
171.667969
171.667969
171.667969
171.667969
171.667969
171.667969
171.667969
171.667969
171.667969
171.667969
171.667969
171.667969
171.667969
171.667969
171.667969
171.667969
171.667969
173.238281
173.238281
173.238281
173.238281
173.238281
173.238281
173.238281
173.238281
173.238281
173.238281
173.238281
173.238281
173.238281
173.238281
173.238281
173.238281
173.238281
173.238281
173.238281
173.238281
173.238281
173.238281
173.238281
173.238281
173.238281
173.238281
173.238281
173.238281
173.238281
173.238281
173.238281
173.238281
173.238281
173.238281
173.238281
173.238281
173.238281
173.238281
173.238281
173.238281
173.238281
173.238281
173.238281
173.238281
173.238281
173.238281
173.238281
173.238281
173.238281
173.238281
173.238281
173.238281
173.238281
173.238281
173.238281
173.238281
173.238281
173.238281
173.238281
173.238281
173.753906
173.753906
173.753906
173.753906
173.753906
173.753906
173.753906
173.753906
173.753906
173.753906
173.753906
173.753906
173.753906
173.753906
173.753906
173.753906
173.753906
173.753906
173.753906
173.753906
175.816406
175.816406
175.816406
175.816406
175.816406
175.816406
175.816406
175.816406
175.816406
