2.0939
2.5939
3.09395
3.60355
4.09388
4.59396
5.09403
5.59386
6.09403
6.59874
7.09396
7.59386
8.09392
8.60167
9.09394
9.59401
10.094
10.5987
11.0939
11.5939
12.0939
12.5963
13.0942
13.5939
14.094
14.594
15.094
15.594
16.0939
16.5939
17.0939
17.594
18.0939
18.594
19.0977
19.5939
20.0939
20.6011
21.0939
21.5939
22.094
22.6038
23.0939
23.5939
24.0939
24.6004
25.0939
25.594
26.0942
26.594
27.1008
27.5939
28.0939
28.5988
29.0939
29.5939
30.0942
30.5979
31.0939
31.5939
32.0939
32.5939
33.0939
33.594
34.0939
34.5939
35.0939
35.5941
36.094
36.5995
37.0939
37.5939
38.0938
38.594
39.094
39.5942
40.0951
40.6007
41.094
41.5939
42.0939
42.5938
43.0939
43.5938
44.0939
44.5939
45.0939
45.5939
46.0939
46.5975
47.0939
47.594
48.0938
48.5954
49.0939
49.594
50.0939
50.5981
51.0939
51.5939
52.0957
52.5939
53.0939
53.5939
54.0939
54.594
55.0952
55.5939
56.0939
56.594
57.0939
57.5939
58.0938
58.5939
59.094
59.5939
60.0965
60.5939
61.094
61.5942
62.0939
62.5999
63.0939
63.5939
64.094
64.5966
65.0939
65.5939
66.0939
66.5939
67.0939
67.594
68.0938
68.5939
69.0938
69.5939
70.095
70.5938
71.094
71.5939
72.0939
72.6021
73.0938
73.5939
74.0938
74.594
75.0939
75.5939
76.0939
76.5955
77.0939
77.594
78.0939
78.6011
79.0939
79.5939
80.0939
80.5947
81.0941
81.594
82.1034
82.5995
83.0939
