4.87118
5.43276
5.57584
5.82611
6.48496
6.89602
7.82788
8.08602
8.22672
9.16381
9.70292
10.2734
10.8925
11.1668
11.2886
11.5678
11.6871
11.8432
12.4903
12.7761
12.8885
13.4215
13.6849
13.8296
14.3641
15.2772
15.4158
16.4742
17.0109
17.0471
17.2769
17.3033
17.3365
17.4039
17.4335
18.4755
19.2786
19.676
20.2229
20.37
21.8161
21.9459
22.0711
22.3534
22.7436
24.0771
24.2056
24.3591
25.7333
27.1204
28.4877
28.7708
30.146
30.8724
31.273
32.5683
32.7505
33.9842
34.2003
35.4368
35.5544
35.6725
36.8699
37.1568
38.4611
38.7647
39.0264
39.1534
40.2012
40.2768
41.5037
41.6686
41.9129
41.9476
43.3295
44.7149
45.4339
46.4815
47.8693
48.4985
49.1775
50.0912
51.1372
51.2774
52.649
52.8783
53.2759
53.4053
54.7869
56.0006
57.0052
57.5563
57.6757
57.8053
58.0827
59.4619
60.871
62.2112
63.0208
64.2188
64.3482
64.6139
65.5434
65.8248
67.2063
67.2538
68.6288
69.9997
71.6349
73.0293
73.5577
74.9327
76.3092
77.6783
79.0364
79.145
79.2815
80.2537
80.4705
81.4211
81.802
82.0737
82.1033
83.2263
83.2645
83.2936
83.3168
