0.002131
0.001813
0.002315
0.001840
0.002052
0.002169
0.002766
0.002888
0.002746
0.002668
0.002939
0.003015
0.003269
0.003392
0.003417
0.003584
0.003667
0.002652
0.003253
0.003607
0.003099
0.003065
0.003210
0.003057
0.002879
0.003337
0.003732
0.002392
0.002236
0.002509
0.002364
0.002279
0.002372
0.002342
0.002343
0.002264
0.003340
0.003277
0.003415
0.006628
0.004598
0.005889
0.003002
0.002678
0.002600
0.002913
0.002789
0.003369
0.003493
0.006099
0.003386
0.003353
0.003134
0.003438
0.002852
0.005294
0.003784
0.003446
0.003420
0.003086
0.003136
0.003164
0.003132
0.002870
0.002620
0.002661
0.002678
0.002644
0.002666
0.007836
0.002283
0.002586
0.003211
0.002373
0.002691
0.002637
0.002950
0.003350
0.003633
0.004041
0.003341
0.003523
0.003391
0.003829
0.004340
0.003975
0.003684
0.003293
0.005434
0.003453
0.003385
0.003265
0.003300
0.002967
0.003614
0.003536
0.003449
0.003911
0.003639
0.003376
0.003269
0.003352
0.002917
0.003226
0.007255
0.003815
0.003239
0.003750
0.008169
0.004149
0.004097
0.004256
0.004561
0.003390
0.003515
0.003574
0.004868
0.003085
0.002700
0.002824
0.002494
0.002868
0.003662
0.004441
0.002554
0.002172
0.002508
