0.006491
0.007411
0.008372
0.005621
0.008560
0.008439
0.006852
0.006027
0.008873
0.007354
0.009675
0.008452
0.007236
0.008383
0.006007
0.006153
0.005383
0.007601
0.006947
0.006801
0.009543
0.006948
0.006359
0.007658
0.007809
0.008494
0.009219
0.007007
0.007653
0.008779
0.007805
0.005387
0.008248
0.006361
0.006146
0.007284
0.009365
0.005952
0.005076
0.009555
0.005917
0.006339
0.006471
0.008739
0.004313
0.006663
0.006317
0.008667
0.008175
0.006034
0.006717
0.009931
0.007492
0.006495
0.007837
0.006974
0.007703
0.006517
0.005888
0.006607
0.006791
0.005726
0.006664
0.008403
0.005909
0.007596
0.006605
0.006142
0.006625
0.009881
0.007354
0.006349
0.009275
0.005976
0.007631
0.007184
0.009421
0.004977
0.007023
0.008017
0.008215
0.009229
0.006826
0.009799
0.007303
0.006370
0.008924
0.007282
0.005367
0.008356
0.007415
0.007738
0.006838
0.007022
0.009486
0.010355
0.009385
0.008382
0.007758
0.008690
0.009634
0.007221
0.008594
0.013516
0.012666
0.014409
0.012404
0.009780
0.007786
0.008793
0.010221
0.008101
0.006769
0.007953
0.006566
0.006727
0.006248
0.007318
0.005554
0.006752
0.007185
0.007285
0.007769
0.007031
0.007372
0.007325
0.001766
