0.000000
0.000000
0.200000
0.700000
1.246667
1.846667
2.417724
3.409096
4.315600
5.289782
6.248592
7.175777
7.939113
8.875220
9.940849
10.933757
11.865813
12.766544
13.753314
14.745950
15.724918
16.694077
17.677889
18.661579
19.483014
20.410929
21.404442
22.464125
23.447903
24.420613
25.360854
26.345708
27.150190
27.953464
28.920669
29.934188
30.998775
31.591313
32.346137
33.336327
34.132298
34.705031
35.488807
36.446700
37.444794
38.431983
39.147788
39.736936
40.597057
41.583915
42.572850
43.569593
44.561506
45.615598
46.625700
47.615835
48.606365
49.589677
50.569651
51.540314
52.592980
53.583940
54.519610
55.531256
56.523839
57.471953
58.505063
59.503717
60.474199
61.465775
62.470389
63.425572
64.363845
65.288235
66.072493
67.049628
68.039044
68.996742
69.923420
70.812067
71.786615
72.502533
72.798379
73.454308
74.418087
75.423519
76.480655
77.471054
78.457099
79.381753
80.161901
80.942745
81.855361
82.843794
83.794837
84.754134
85.734462
86.717306
87.863452
89.053024
90.039059
91.027216
92.018256
92.980118
93.735847
93.972297
94.645585
95.599432
96.607208
97.593118
98.576269
99.574621
100.562608
101.458247
101.756475
102.301284
103.263087
104.243336
105.215716
106.265939
107.260261
108.261540
109.251827
110.228816
111.214487
112.151512
113.062282
114.050406
115.039134
115.606730
115.917699
116.695262
117.728818
118.720103
119.710630
120.701361
121.691693
122.682615
123.673706
124.730031
125.721980
126.711624
127.704672
128.686335
129.670576
130.654343
131.697540
132.456532
133.197403
133.917949
134.805307
135.789684
136.855826
137.846298
138.837327
139.815647
140.795876
141.778040
142.760211
143.847833
144.817324
145.816626
146.792895
