2.09388
2.59389
3.09391
3.60354
4.09386
4.59395
5.09399
5.59385
6.09398
6.59873
7.09393
7.59384
8.09391
8.60166
9.09391
9.59398
10.094
10.5987
11.0939
11.5938
12.0939
12.5963
13.0942
13.5939
14.094
14.5939
15.0939
15.5939
16.0939
16.5939
17.0939
17.594
18.0939
18.5939
19.0976
19.5939
20.0939
20.6011
21.0939
21.5939
22.094
22.6038
23.0939
23.5938
24.0939
24.6004
25.0939
25.594
26.0942
26.594
27.1008
27.5939
28.0939
28.5988
29.0939
29.5939
30.0942
30.5979
31.0939
31.5939
32.0939
32.5938
33.0939
33.594
34.0939
34.5939
35.0939
35.594
36.094
36.5995
37.0939
37.5939
38.0938
38.594
39.094
39.5942
40.0939
40.6007
41.0939
41.5939
42.0939
42.5938
43.0939
43.5938
44.0939
44.5939
45.0938
45.5939
46.0939
46.5975
47.0939
47.5939
48.0938
48.5954
49.0939
49.594
50.0939
50.598
51.0939
51.5939
52.0957
52.5939
53.0939
53.5939
54.0939
54.5939
55.0939
55.5939
56.0939
56.5939
57.0939
57.5938
58.0938
58.5939
59.094
59.5939
60.0938
60.5939
61.094
61.5942
62.0938
62.5999
63.0939
63.5939
64.094
64.5966
65.0939
65.5939
66.0938
66.5939
67.0938
67.5939
68.0938
68.5939
69.0938
69.5939
70.0938
70.5938
71.0939
71.5939
72.0939
72.6021
73.0938
73.5939
74.0938
74.594
75.0939
75.5939
76.0938
76.5955
77.0939
77.594
78.0939
78.6011
79.0939
79.5939
80.0939
80.5947
81.094
81.594
82.1034
82.5995
83.0939
