0.000000
0.000000
0.157088
0.392625
0.548429
0.665877
0.738628
0.903503
1.009915
1.107094
1.184973
1.242957
1.265548
1.308840
1.366784
1.406587
1.434248
1.454375
1.483132
1.508819
1.530682
1.549248
1.568096
1.585093
1.587434
1.597940
1.612611
1.631006
1.642795
1.653031
1.660485
1.670278
1.668403
1.666547
1.673946
1.684236
1.696408
1.682137
1.678295
1.685936
1.683610
1.669861
1.668242
1.673930
1.681161
1.687110
1.682100
1.671497
1.672485
1.678579
1.684043
1.690503
1.696083
1.703462
1.709579
1.714453
1.719155
1.723224
1.727509
1.731097
1.737280
1.741255
1.743335
1.747732
1.751419
1.753627
1.758327
1.761856
1.764471
1.767334
1.771046
1.772994
1.774422
1.775426
1.772653
1.775045
1.777723
1.779181
1.780438
1.780399
1.782489
1.778194
1.763819
1.758412
1.760405
1.763334
1.767393
1.769830
1.772114
1.772831
1.770627
1.768345
1.768961
1.771123
1.772567
1.774091
1.776024
1.777818
1.783190
1.789177
1.790931
1.792818
1.794667
1.795912
1.793192
1.780679
1.776609
1.777827
1.780019
1.781766
1.783438
1.785350
1.787044
1.787079
1.776683
1.770741
1.772055
1.773655
1.775095
1.777810
1.779570
1.781225
1.783029
1.784413
1.785910
1.786538
1.786892
1.788376
1.789847
1.784793
1.775886
1.774208
1.776418
1.777959
1.779472
1.780962
1.782423
1.783874
1.785304
1.787651
1.789046
1.790182
1.791764
1.792959
1.794174
1.795362
1.797351
1.795457
1.793346
1.790950
1.790881
1.792053
1.794286
1.795331
1.796706
1.797736
1.798775
1.799806
1.800861
1.803208
1.803842
1.805135
1.806166
