2.09383
2.59385
3.0938
3.6035
4.09379
4.59392
5.09389
5.59383
6.09386
6.59871
7.09383
7.59378
8.09389
8.60161
9.0938
9.59389
10.0938
10.5987
11.0938
11.5938
12.0938
12.5962
13.0941
13.5938
14.0939
14.5939
15.0938
15.5938
16.0938
16.5939
17.0938
17.5939
18.0938
18.5939
19.0976
19.5938
20.0938
20.6011
21.0938
21.5938
22.0939
22.6038
23.0938
23.5938
24.0938
24.6004
25.0938
25.5939
26.0941
26.5939
27.1008
27.5938
28.0938
28.5988
29.0938
29.5938
30.094
30.5979
31.0938
31.5938
32.0938
32.5938
33.0938
33.5939
34.0938
34.5938
35.0938
35.5939
36.0939
36.5995
37.0938
37.5938
38.0938
38.5939
39.0939
39.5941
40.0938
40.6007
41.0938
41.5938
42.0939
42.5938
43.0938
43.5937
44.0939
44.5939
45.0938
45.5938
46.0938
46.5975
47.0938
47.5938
48.0938
48.5954
49.0938
49.5939
50.0939
50.598
51.0938
51.5938
52.0956
52.5939
53.0938
53.5938
54.0938
54.5939
55.0938
55.5938
56.0938
56.5939
57.0938
57.5938
58.0938
58.5939
59.0939
59.5938
60.0937
60.5938
61.0939
61.5941
62.0938
62.5999
63.0938
63.5938
64.0939
64.5965
65.0938
65.5938
66.0938
66.5938
67.0938
67.5938
68.0938
68.5939
69.0938
69.5938
70.0938
70.5938
71.0938
71.5938
72.0938
72.6021
73.0938
73.5938
74.0938
74.5939
75.0938
75.5938
76.0938
76.5954
77.0938
77.5939
78.0938
78.6011
79.0939
79.5938
80.0938
80.5947
81.0939
81.5939
82.1034
82.5994
83.0938
