0.000000
0.000000
0.000000
0.000000
0.000000
32.679000
35.329000
40.124000
43.737000
61.739000
83.741000
94.951000
107.830000
124.981000
136.990000
144.964000
152.166000
168.115000
177.857000
186.944000
200.881000
220.853000
231.628000
242.302000
251.464000
260.366000
266.308000
275.512000
280.285000
286.898000
295.421000
306.186000
314.411000
322.224000
325.184000
331.013000
337.861000
346.877000
359.777000
366.781000
367.108000
367.645000
378.561000
386.282000
388.528000
393.213000
398.770000
401.952000
402.257000
402.470000
402.711000
402.800000
403.223000
403.309000
403.338000
405.197000
406.855000
408.312000
413.848000
429.481000
439.488000
444.726000
449.313000
454.450000
457.378000
462.314000
467.421000
472.158000
475.665000
480.580000
485.205000
490.028000
494.158000
500.584000
509.940000
523.116000
530.994000
537.940000
551.434000
557.963000
561.100000
563.683000
565.553000
565.723000
566.103000
566.193000
566.200000
566.475000
568.299000
577.390000
580.500000
588.413000
595.587000
603.810000
617.614000
634.760000
649.325000
662.626000
670.733000
680.452000
688.168000
693.964000
697.958000
704.878000
709.953000
716.750000
718.150000
718.439000
719.320000
723.229000
731.140000
739.324000
746.788000
754.758000
763.317000
765.685000
766.040000
766.138000
766.258000
766.402000
766.497000
766.565000
767.947000
771.148000
776.745000
781.347000
784.985000
790.500000
792.924000
800.862000
806.882000
807.852000
808.109000
808.614000
808.849000
808.998000
809.029000
809.040000
809.058000
809.140000
809.140000
809.381000
809.993000
810.489000
810.990000
812.747000
815.026000
815.306000
815.368000
816.164000
816.205000
816.209000
816.214000
816.414000
816.594000
816.689000
817.952000
824.238000
829.684000
834.001000
838.069000
846.462000
852.218000
854.021000
855.109000
