1.59492
1.59498
2.095
2.59502
3.09503
3.6043
4.09599
4.59577
5.09508
5.61641
6.09816
6.59974
7.09503
7.61697
8.09563
8.60317
9.09502
9.61802
10.0975
10.6
11.0951
11.6181
12.0967
12.598
13.095
13.6207
14.0965
14.5963
15.095
15.6121
16.0962
16.5957
17.095
17.6088
18.1046
18.5955
19.0977
19.6154
20.0955
20.6019
21.095
21.6112
22.0962
22.6047
23.095
23.6061
24.0958
24.6011
25.095
25.6095
26.0962
26.597
27.1009
27.6119
28.0966
28.5997
29.095
29.6141
30.0977
30.6002
31.095
31.6056
32.0964
32.5956
33.095
33.6136
34.0959
34.5993
35.0951
35.6083
36.0959
36.6002
37.095
37.6158
38.096
38.5964
39.0951
39.6161
40.0974
40.6019
41.095
41.6093
42.0956
42.5995
43.095
43.6126
44.0956
44.596
45.095
45.6201
46.0969
46.5983
47.095
47.6178
48.0955
48.5994
49.095
49.6174
50.0954
50.6002
51.1
51.6152
52.0966
52.5964
53.095
53.6236
54.097
54.596
55.0953
55.6144
56.096
56.5966
57.095
57.6069
58.0956
58.5956
59.0951
59.6129
60.0971
60.5963
61.0951
61.6108
62.0972
62.6009
63.095
63.6142
64.0962
64.5974
65.095
65.6049
66.0961
66.5962
67.095
67.607
68.0961
68.6041
69.095
69.6071
70.096
70.5962
71.0951
71.6084
72.0959
72.6028
73.095
73.6133
74.0958
74.5983
75.095
75.6163
76.0961
76.5962
77.095
77.6121
78.0969
78.6018
79.0951
79.6114
80.0969
80.5954
81.0952
81.6063
82.1038
82.6042
83.095
