0.004261
0.002733
0.001097
0.001020
0.000947
0.002547
0.000903
0.000958
0.001237
0.000681
0.000887
0.000727
0.001347
0.001343
0.001028
0.002038
0.001041
0.001493
0.001555
0.001565
0.002587
0.001934
0.002692
0.001752
0.001531
0.002070
0.000654
0.001833
0.002067
0.000822
0.001620
0.001553
0.005448
0.004065
0.000941
0.002938
0.002627
0.002433
0.001324
0.001106
0.001159
0.001110
0.000906
0.002007
0.001304
0.001720
0.001968
0.001924
0.001686
0.001907
0.002002
0.002192
0.003292
0.001541
0.002633
0.001898
0.001114
0.000989
0.001387
0.001373
0.001258
0.001215
0.001326
0.001801
0.001887
0.001805
0.002196
0.002405
0.001669
0.001692
0.002665
0.001925
0.002203
0.001789
0.001859
0.002473
0.001524
0.002149
0.002287
0.002291
0.002368
0.001493
0.001928
0.001974
0.002011
0.001956
0.001963
0.001960
0.003340
0.002001
0.001890
0.001961
0.002213
0.002132
0.002373
0.001892
0.002105
0.002013
0.002363
0.002163
0.002180
0.001750
0.002203
0.002330
0.002595
0.002519
0.002822
0.001539
0.002501
0.002571
0.002050
0.002314
0.002122
0.003061
0.002321
0.002601
0.002099
0.002075
0.001215
0.001472
0.001915
0.001846
0.001711
0.002104
0.001162
0.001446
0.001376
0.001230
0.001226
0.001010
0.001618
0.000977
0.000769
0.001250
0.001010
0.001659
0.000933
0.001277
0.001253
0.001248
0.001508
0.001505
0.002501
0.001271
0.000771
0.001277
0.002025
0.000545
0.000461
0.001274
0.000564
0.001005
0.000578
0.001202
0.001100
0.001057
0.001144
0.001016
0.000695
0.000699
0.000891
0.000786
0.000886
0.001984
0.000902
0.001245
0.001415
0.001212
0.001109
0.001378
0.001372
0.001655
0.001149
0.002711
0.001128
0.001374
0.001372
0.001046
0.001509
0.002237
0.000958
0.004643
0.001608
0.000941
0.002291
0.004103
0.002255
0.001217
0.002089
0.003079
0.004153
0.002702
0.002716
0.002752
0.002751
0.004198
0.002793
0.003448
0.001825
0.002021
0.001619
0.001566
0.001602
0.001637
0.002325
0.002164
0.002155
0.001868
0.002118
0.001782
0.001363
0.001522
0.001157
0.000813
0.001351
0.001394
0.000700
0.000749
0.000764
0.001491
0.001022
0.001060
0.000945
0.001603
0.001175
0.000751
0.000670
0.001058
0.000693
0.000984
0.000921
0.001248
0.003524
0.001196
0.003280
0.001283
0.001109
0.001191
0.000592
