163.265625
163.265625
163.265625
163.265625
163.265625
163.265625
163.660156
163.660156
163.660156
163.660156
163.660156
163.660156
163.660156
163.660156
163.660156
163.660156
163.660156
163.660156
163.660156
163.660156
163.660156
163.660156
163.660156
163.660156
164.949219
164.949219
164.949219
164.949219
164.949219
164.949219
164.949219
164.949219
164.949219
164.949219
164.949219
164.949219
164.949219
164.949219
164.949219
164.949219
164.949219
164.949219
164.949219
164.949219
164.949219
164.949219
164.949219
164.949219
164.949219
164.949219
164.949219
164.949219
164.949219
164.949219
164.949219
164.949219
164.949219
164.949219
164.949219
164.949219
164.949219
164.949219
164.949219
164.949219
164.949219
164.949219
164.949219
164.949219
164.949219
164.949219
164.949219
164.949219
164.949219
164.949219
164.949219
164.949219
164.949219
164.949219
164.949219
164.949219
164.949219
164.949219
164.949219
164.949219
164.949219
164.949219
164.949219
164.949219
164.949219
164.949219
164.949219
164.949219
164.949219
164.949219
164.949219
164.949219
164.949219
164.949219
164.949219
164.949219
164.949219
164.949219
164.949219
164.949219
164.949219
164.949219
164.949219
164.949219
164.949219
164.949219
164.949219
