0.002459
0.002069
0.002289
0.002493
0.002312
0.002098
0.002337
0.002747
0.002314
0.002777
0.002053
0.002062
0.002319
0.002308
0.002342
0.002295
0.002224
0.002265
0.001853
0.001958
0.003222
0.001819
0.002284
0.002148
0.002238
0.001866
0.002063
0.001842
0.002176
0.002920
0.002181
0.001823
0.002843
0.003127
0.001837
0.002043
0.002069
0.002280
0.002326
0.002163
0.002138
0.001951
0.001822
0.001889
0.002086
0.002303
0.002732
0.002399
0.002229
0.002223
0.002437
0.002330
0.002299
0.001383
0.001587
0.001635
0.002378
0.002493
0.002407
0.002661
0.002932
0.002857
0.002950
0.003283
0.003195
0.003348
0.003390
0.003641
0.003435
0.003503
0.004404
0.003100
0.003264
0.003404
0.003899
0.003494
0.003462
0.002838
0.004340
0.003579
0.003313
0.003216
0.003390
0.003577
0.002837
0.003072
0.003361
0.003415
0.002842
0.003264
0.002861
0.003247
0.003148
0.003380
0.002840
0.003091
0.002934
0.003528
0.002773
0.002963
0.002718
0.002863
0.003194
0.002972
0.002559
0.002942
0.002657
0.002790
0.002638
0.003179
0.002734
0.003470
0.002875
0.002794
0.003549
0.002964
0.002616
0.002609
0.004700
0.002619
0.002675
0.002634
0.003044
0.002857
0.002715
0.002694
0.003627
0.003233
0.002972
0.002513
0.003165
0.002631
0.003016
0.002597
0.002481
0.002841
0.002638
0.003040
0.002525
0.002725
0.002664
0.002678
0.002665
0.002885
0.002946
0.002549
0.003908
0.002384
0.002410
0.002682
0.002801
0.002395
0.002282
0.002144
0.003079
0.002316
0.002492
0.002247
0.002250
0.002494
0.002231
0.002780
0.002473
0.005120
0.002116
0.002223
0.002501
0.003486
0.002160
0.002087
0.002420
0.001897
0.002247
0.002610
0.001921
0.001876
0.001919
0.001830
0.001994
0.002490
0.001880
0.004628
0.001786
0.001553
0.002616
0.002085
0.002990
0.001747
0.001932
0.002769
0.005004
0.001647
0.001639
0.001526
0.001424
0.002102
0.000926
0.001895
0.001067
0.001916
0.002583
0.002589
0.002915
0.002024
0.002084
0.001946
0.002048
0.002554
0.003092
0.002687
0.002472
0.002427
0.002455
0.002552
0.002848
0.002947
0.002700
0.002731
0.002084
0.002228
0.002609
0.001451
0.002844
0.003445
0.002242
0.001766
0.001995
0.002151
0.002016
0.002234
0.002044
0.001923
0.003913
0.001532
0.002468
0.002655
0.001630
0.001014
0.001085
