4.93374
4.96884
6.25182
6.40214
6.50975
6.65878
7.19001
7.58977
7.71446
8.66112
8.90409
9.83631
10.1074
10.907
11.041
11.9875
12.2327
12.3734
13.0297
13.1887
13.2223
13.2522
13.2943
13.3259
13.3552
13.3865
13.4237
13.4449
13.4735
13.5042
13.5355
13.5657
13.6053
13.6446
13.6653
13.7046
13.7348
15.1115
16.5048
17.8809
19.2815
19.4494
19.5849
19.7104
21.0891
21.4526
22.5117
23.4523
23.7129
23.848
25.1767
25.4472
26.6796
26.8985
28.1663
28.381
29.5892
30.3816
30.4022
30.5025
31.3052
31.4405
31.5796
32.8174
32.8488
32.8782
32.9099
32.941
33.0272
33.0565
33.0916
33.1167
33.1602
33.1914
33.2213
33.2545
33.2884
33.311
33.3429
33.3743
33.4012
33.4313
33.4632
33.4931
33.5212
33.5643
33.5969
33.6279
33.6643
33.6913
33.7162
33.7477
33.7799
33.8066
33.8391
33.8658
33.8971
33.9251
33.9633
33.9881
34.0179
34.0459
34.0778
34.1098
34.1372
34.1669
34.198
34.2251
34.2588
34.2901
34.3161
34.3473
34.381
34.4098
34.4379
34.4672
34.4998
34.5279
35.8981
35.9294
37.0423
37.0675
37.0964
37.1266
37.1656
37.1983
37.2291
37.2587
37.2942
37.324
37.3566
37.3835
37.4243
37.446
37.5142
37.5471
37.5785
37.6061
37.6341
37.6645
38.7762
38.8078
38.8376
38.8681
38.8972
38.9247
38.9566
39.0033
39.0329
39.066
39.0938
39.1265
39.1628
39.1865
39.2178
39.2509
39.2784
39.3121
39.3332
39.3635
39.395
39.4244
39.4573
39.4944
39.5143
39.5459
39.5788
39.6063
39.6345
39.6665
39.7008
39.7281
39.7554
39.7914
39.821
39.8473
39.8751
39.9045
39.9514
39.9822
40.0095
40.0543
40.0929
40.1156
40.1475
40.1789
40.2089
40.2384
40.2685
40.3016
40.3317
40.3638
40.3894
40.4198
40.4494
40.488
40.5183
43.7733
47.0313
50.2904
51.2344
51.449
52.8306
53.3057
54.4711
54.785
54.8141
55.9755
56.0072
56.035
56.2364
56.2691
56.3683
56.5061
56.5425
56.5678
56.5922
56.6238
56.6524
56.6948
56.7235
56.7801
56.8056
56.8413
56.8697
56.8975
56.9265
56.9574
56.9885
57.0279
57.0613
57.0892
57.1256
57.16
57.2019
57.2337
57.2624
57.3016
57.3257
