0.013227
0.007495
0.007390
0.007598
0.005628
0.010664
0.007696
0.007283
0.010462
0.006178
0.006752
0.005885
0.009202
0.007773
0.007025
0.006960
0.006489
0.008350
0.005197
0.006278
0.007620
0.008802
0.008903
0.007350
0.006762
0.008112
0.006975
0.006590
0.004667
0.005860
0.007077
0.006120
0.012458
0.010484
0.006623
0.014044
0.014354
0.014429
0.013060
0.011930
0.009737
0.009318
0.008320
0.010261
0.007831
0.009159
0.007297
0.008502
0.007183
0.007418
0.006500
0.006245
0.006886
0.004961
0.006904
0.005543
0.005746
0.006479
0.006024
0.005973
0.006348
0.005917
0.007435
0.006027
0.005156
0.006694
0.007997
0.008525
0.005667
0.004928
0.008210
0.005351
0.006103
0.005724
0.005194
0.007458
0.004499
0.005575
0.005910
0.007987
0.005245
0.006268
0.007418
0.007075
0.006022
0.010419
0.006356
0.007889
0.009495
0.006280
0.006886
0.007863
0.009964
0.006498
0.009333
0.006258
0.007527
0.005007
0.007335
0.008420
0.008421
0.006717
0.007838
0.008653
0.007442
0.006939
0.007886
0.004632
0.009139
0.009710
0.006696
0.006921
0.009501
0.009313
0.007521
0.007147
0.008928
0.008705
0.007712
0.010683
0.008438
0.008407
0.006926
0.006943
0.007432
0.008301
0.008285
0.008391
0.006907
0.004596
0.005940
0.004159
0.004040
0.006218
0.004858
0.006747
0.005126
0.005914
0.004481
0.004666
0.005156
0.007776
0.006645
0.008089
0.005030
0.005070
0.004764
0.004569
0.004128
0.006150
0.004539
0.007206
0.004357
0.007334
0.007680
0.005951
0.009022
0.009349
0.004427
0.004485
0.005955
0.004948
0.008132
0.011406
0.005445
0.006545
0.008953
0.005880
0.005453
0.007290
0.008411
0.008593
0.006104
0.010258
0.006649
0.008072
0.006070
0.005773
0.005895
0.005821
0.004975
0.013218
0.009669
0.008567
0.008072
0.008245
0.009048
0.009420
0.010049
0.011313
0.008032
0.009478
0.010493
0.010828
0.010646
0.017257
0.004895
0.003569
0.002986
0.007778
0.006889
0.006850
0.006809
0.006413
0.007058
0.007208
0.006592
0.006536
0.007302
0.005955
0.007851
0.010656
0.007932
0.008089
0.013711
0.008973
0.004236
0.004012
0.004946
0.006425
0.005232
0.007298
0.003983
0.008349
0.008374
0.006968
0.005983
0.006288
0.007962
0.008533
0.010072
0.007744
0.009905
0.007790
0.015983
0.007450
0.007312
0.007014
0.001790
