2.13443
2.63437
3.15462
3.63438
4.13432
4.64059
5.13467
5.63429
6.13428
6.64253
7.13427
7.6344
8.13427
8.63441
9.13428
9.63437
10.1344
10.6343
11.1344
11.6344
12.1343
12.6343
13.1344
13.6447
14.1343
14.6343
15.1343
15.6343
16.1345
16.6343
17.1344
17.6343
18.1343
18.6343
19.1527
19.6344
20.1344
20.6344
21.1343
21.6343
22.1343
22.6345
23.1347
23.6343
24.1343
24.6344
25.1507
25.6343
26.1343
26.6343
27.1583
27.6343
28.1543
28.6344
29.1343
29.6344
30.1343
30.6344
31.1344
31.6343
32.1343
32.6343
33.1343
33.6344
34.1372
34.6343
35.1343
35.6343
36.1343
36.6344
37.1344
37.6343
38.1344
38.6343
39.1345
39.6346
40.1344
40.6344
41.1547
41.6344
42.1345
42.6344
43.1345
43.6343
44.1343
44.6343
45.1343
45.6343
46.1343
46.6343
47.1343
47.6343
48.1344
48.6343
49.1343
49.6343
50.1343
50.6344
51.1343
51.6344
52.1342
52.6344
53.1343
53.6344
54.1343
54.6345
55.1344
55.6343
56.1344
56.6344
57.1345
