0.000000
0.000000
0.122373
0.380083
0.532389
0.648427
0.722577
0.823213
0.941855
0.999913
1.078953
1.167087
1.219570
1.275056
1.322483
1.363812
1.400774
1.441638
1.470196
1.494681
1.518759
1.536676
1.553252
1.568957
1.579704
1.548797
1.534942
1.548049
1.563468
1.578900
1.597497
1.609571
1.620936
1.631633
1.639973
1.651141
1.659628
1.671701
1.679700
1.687292
1.694645
1.701327
1.707815
1.713977
1.721662
1.727126
1.731359
1.737650
1.742620
1.747549
1.752674
1.758739
1.761461
1.766844
1.770575
1.774522
1.775317
1.776745
1.779949
1.783296
1.786575
1.789730
1.792769
1.795736
1.790553
1.776009
1.771763
1.775166
1.778434
1.780875
1.785665
1.787473
1.784976
1.774898
1.771836
1.762864
1.749967
1.745563
1.742990
1.735502
1.731483
1.732619
1.735370
1.739907
1.742731
1.745485
1.748191
1.750850
1.753434
1.755976
1.759384
1.758646
1.759992
1.762377
1.764411
1.766482
1.768640
1.769341
1.768735
1.770577
1.772560
1.774611
1.776585
1.779829
1.781781
1.783672
1.785448
1.787296
1.789330
1.791185
1.790636
