1.63625
1.63633
2.13747
2.63777
3.15519
3.63715
4.13818
4.64148
5.13641
5.65809
6.13774
6.64339
7.1364
7.65493
8.13697
8.63697
9.13637
9.65547
10.1375
10.6407
11.1365
11.6536
12.1378
12.6402
13.1364
13.6497
14.1376
14.6369
15.1364
15.6512
16.1376
16.6376
17.1364
17.658
18.1427
18.6368
19.1534
19.6535
20.1373
20.6376
21.1364
21.6572
22.138
22.6387
23.1364
23.6507
24.1388
24.6384
25.1508
25.6528
26.1388
26.6367
27.1589
27.6553
28.1549
28.6385
29.1364
29.6551
30.138
30.6397
31.1365
31.6451
32.1379
32.6365
33.1602
33.6485
34.1378
34.6421
35.1364
35.6469
36.1386
36.637
37.1542
37.6408
38.1391
38.6386
39.1555
39.6427
40.148
40.6378
41.1552
41.6389
42.1376
42.6379
43.1364
43.6416
44.1383
44.6393
45.1364
45.6423
46.1385
46.6373
47.1368
47.6431
48.1387
48.6476
49.1365
49.6501
50.1377
50.6374
51.1434
51.6514
52.1373
52.6384
53.1364
53.6621
54.1377
54.6369
55.1365
55.6465
56.1373
56.6393
57.1494
