0.000000
0.000000
35.157000
35.157000
37.318000
39.749000
42.256000
47.950000
51.804000
57.824000
69.616000
77.840000
83.082000
91.250000
98.649000
107.383000
114.726000
122.952000
130.669000
138.495000
144.462000
152.023000
159.225000
165.613000
170.359000
174.909000
175.650000
176.082000
176.293000
176.677000
176.743000
177.069000
177.338000
177.496000
177.669000
177.818000
178.267000
180.676000
184.629000
188.995000
192.765000
200.117000
206.099000
215.465000
220.591000
225.577000
230.948000
238.181000
244.162000
251.299000
256.422000
262.032000
267.866000
272.825000
280.965000
291.712000
300.333000
311.170000
320.514000
332.420000
336.116000
341.322000
346.175000
351.114000
355.212000
355.933000
356.666000
357.304000
357.712000
357.888000
358.981000
361.400000
363.752000
364.775000
365.289000
365.570000
365.863000
366.641000
367.285000
367.638000
367.798000
367.905000
368.034000
368.163000
368.361000
368.437000
368.638000
369.335000
369.504000
369.924000
370.215000
370.447000
371.136000
371.566000
371.675000
371.802000
371.915000
372.110000
373.077000
377.878000
381.688000
387.725000
394.208000
400.471000
404.758000
410.663000
416.670000
422.517000
426.886000
433.121000
439.303000
446.039000
447.633000
