0.012130
0.008537
0.007769
0.005322
0.004546
0.005229
0.005015
0.009516
0.012963
0.012084
0.009252
0.012357
0.011955
0.010384
0.014894
0.013523
0.011503
0.012601
0.020000
0.021362
0.017948
0.014575
0.013343
0.016696
0.015556
0.010488
0.006765
0.007508
0.016052
0.011230
0.015063
0.011176
0.013356
0.006966
0.009541
0.014075
0.012655
0.012403
0.009206
0.006250
0.011092
0.012599
0.013322
0.016391
0.023453
0.016396
0.008785
0.015527
0.016995
0.014921
0.015298
0.019555
0.017844
0.018496
0.014637
0.014103
0.014647
0.022748
0.011618
0.010539
0.019911
0.015651
0.017649
0.017211
0.015325
0.015531
0.016447
0.018220
0.014550
0.013600
0.016246
0.015368
0.020230
0.016429
0.019985
0.016276
0.018067
0.016535
0.015224
0.017529
0.020441
0.015289
0.014911
0.019098
0.014236
0.012614
0.010832
0.010831
0.007500
0.014921
0.009077
0.008732
0.011343
0.017229
0.018959
0.024643
0.022822
0.024772
0.021132
0.017719
0.015199
0.013306
0.018533
0.016809
0.013456
0.013808
0.013641
0.017747
0.012869
0.016779
0.014841
0.007905
0.009096
0.008061
0.008374
0.011201
0.014076
0.015315
0.017465
0.016113
0.012431
0.011799
0.014161
0.005317
0.004094
0.005665
0.009592
0.016561
0.007216
0.010978
0.008178
0.009382
0.011616
0.003025
0.004178
0.004768
0.009117
0.012230
0.015674
0.024864
0.014840
0.021135
0.019862
0.020986
0.017860
0.010080
0.011366
0.011127
0.010912
0.008205
0.011286
0.016990
0.010668
0.007980
0.010269
0.009187
0.013422
0.014150
0.014004
0.011217
0.015028
0.013219
0.011150
0.013620
0.012707
0.017094
0.010101
0.009332
0.007053
0.006991
0.005731
0.008210
0.007925
0.011596
0.011527
0.015428
0.016836
0.014775
0.012634
0.013541
0.016263
0.015300
0.016325
0.011492
0.016851
0.008172
0.009640
0.007456
0.013244
0.012924
0.019752
0.015303
0.017185
0.018647
0.012669
0.012285
0.009055
0.007724
0.009883
0.007410
0.007088
0.006087
0.010124
0.008061
0.007875
0.008298
0.007130
0.008143
0.004516
0.002913
0.005037
0.009989
0.014596
0.015613
0.012316
0.023524
0.017012
0.020035
0.015506
0.015747
0.013283
0.006443
0.011419
0.011343
0.010815
0.015952
0.015115
0.017388
0.015791
0.016176
0.021257
0.024071
0.018843
0.022007
0.020810
0.022975
0.029247
0.026560
0.027556
0.029018
0.030288
0.035455
0.021754
0.022657
0.020609
0.023923
0.020855
0.019648
0.013936
0.016057
0.017578
0.017718
0.016731
0.007782
0.010140
0.008696
0.010054
0.010431
0.012879
0.019042
0.020941
0.022806
0.017646
0.017239
0.018961
0.014266
0.011673
0.011389
0.014208
0.008617
0.007658
0.012874
0.015670
0.011830
0.014529
0.016796
0.012063
0.006952
0.008370
0.010542
0.010743
0.007713
0.008147
0.008545
0.009422
0.007965
0.011199
0.016966
0.013314
0.006995
0.011310
0.011277
0.007808
0.007510
0.010106
0.010429
0.018651
0.017422
0.011653
0.011226
0.008154
0.011280
0.007956
0.006317
0.004324
0.010412
0.008748
0.012645
0.013417
0.008761
0.007972
0.010141
0.010100
0.019399
0.013840
0.010736
0.018648
0.020520
0.018010
0.019911
0.014748
0.019766
0.014205
0.014959
0.013755
0.022331
0.022836
0.012987
0.012860
0.016139
0.014671
0.009100
0.009580
0.006596
0.008105
0.010225
0.009103
0.005578
0.007015
0.006093
0.009162
0.009365
0.008600
0.010494
0.010895
0.013467
0.013936
0.014818
0.024644
0.019715
0.016162
0.011514
0.007789
0.006993
0.007896
0.008561
0.014054
0.006599
0.014591
0.017189
0.010565
0.009170
0.011054
0.011635
0.010571
0.008953
0.011472
0.009603
0.012247
0.021309
0.024246
0.014278
0.010162
0.009061
0.018193
0.013689
0.014121
0.012586
0.015148
0.012891
0.006870
0.004055
0.007043
0.007955
0.006369
0.005137
0.015536
0.018836
0.033112
0.038602
0.031231
0.026268
0.022170
0.017955
0.017189
0.017188
0.024619
0.028955
0.023033
0.021310
0.013316
0.009831
0.017130
0.015046
0.018591
0.014720
0.018981
0.013226
0.011570
0.009760
0.010183
0.008660
0.006476
0.005883
0.007190
0.005504
0.007170
0.010714
0.012160
0.013577
0.007974
0.006883
0.003922
0.007436
0.006566
0.006423
0.005847
0.012868
0.008598
0.013510
0.011870
0.018682
0.010495
0.009725
0.008265
0.007942
0.006814
0.013495
0.012274
0.013692
0.011670
0.008288
0.005355
0.004588
0.005367
0.006892
0.009916
0.009601
0.005438
0.008038
0.009150
0.004760
0.006459
0.004318
0.014143
0.011622
0.005594
0.006554
0.020292
0.011673
0.011972
0.010865
0.010097
0.013554
0.013647
0.010648
0.011504
0.007996
0.008788
0.008420
0.008935
0.011085
0.007687
0.011011
0.014196
0.015689
0.011944
0.016238
0.024139
0.017174
0.012616
0.016667
0.015985
0.016939
0.023229
0.019705
0.019562
0.019971
0.016881
0.017575
0.014934
0.014370
0.012681
0.013002
0.010374
0.020322
0.022130
0.027045
0.020654
0.019417
0.019916
0.016783
0.015004
0.005803
0.013131
0.014878
0.011617
0.009773
0.009278
0.020888
0.041480
0.036303
0.022314
0.018702
0.019277
0.018950
0.012734
0.011602
0.013418
0.009486
0.010736
0.010162
0.031414
0.022067
0.025895
0.028549
0.028080
0.027562
0.023448
0.022883
0.026253
0.016528
0.013245
0.018129
0.018849
0.021506
0.011665
0.011102
0.018993
0.019823
0.028681
0.022024
0.017444
0.013877
0.016935
0.023097
0.022907
0.016925
0.023628
0.024136
0.020751
0.014768
0.010839
0.011295
0.023532
0.019733
0.030946
0.026032
0.028525
0.025275
0.022833
0.027072
0.026237
0.023804
0.019714
0.019156
0.022490
0.027124
0.019853
0.023060
0.023730
0.019036
0.014029
0.018291
0.017398
0.016503
0.011741
0.007642
0.008676
0.013158
0.021773
0.026028
0.026162
0.024674
0.019348
0.014971
0.010900
0.007878
0.008235
0.010965
0.014483
0.012388
0.004587
0.005092
0.007230
0.014450
0.016304
0.013152
0.015316
0.009906
0.009559
0.012935
0.019970
0.014569
0.009223
0.003925
0.006654
0.004786
0.004778
0.004483
0.018097
0.014205
0.014050
0.014418
0.009453
0.011185
0.009614
0.009074
0.009062
0.017297
0.014727
0.022306
0.021567
0.018900
0.016899
0.023186
0.026102
0.023444
0.016135
0.012573
0.019192
0.023230
0.024499
0.029618
0.021919
0.017659
0.012481
0.016367
0.015075
0.011363
0.016829
0.015376
0.016118
0.013338
0.015322
0.014274
0.019842
0.017617
0.018889
0.027099
0.033189
0.027011
0.011975
0.011148
0.019931
0.024025
0.023699
0.019786
0.012522
0.011336
0.007737
0.007378
0.014191
0.011478
0.011857
0.015583
0.013528
0.010086
0.011605
0.010696
0.011477
0.009706
0.009816
0.028858
0.014726
0.015221
0.007460
0.005984
0.005503
0.005494
0.005510
0.004958
0.005921
0.005024
0.010749
0.012746
0.013107
0.014144
0.016766
0.008868
0.012567
0.010895
0.020471
0.010564
0.008825
0.010247
0.010678
0.008644
0.010583
0.008687
0.014172
0.009469
0.012578
0.006915
0.018798
0.009668
0.012217
0.012023
0.011533
0.012827
0.017251
0.009036
0.013657
0.016645
0.013061
0.012886
0.010020
0.015686
0.019505
0.018466
0.017836
0.015943
0.013292
0.013790
0.019058
0.012798
0.010979
0.018036
0.011539
0.007812
0.005589
0.005785
0.014876
0.016443
0.017258
0.016834
0.013913
0.018658
0.020527
0.021059
0.021938
0.014541
0.026257
0.022645
0.021283
0.017425
0.022065
0.031262
0.026023
0.026554
0.029809
0.023747
0.019295
0.018354
0.014667
0.027522
0.026001
0.019477
0.017964
0.018956
0.022625
0.020857
0.022073
0.027879
0.017194
0.011814
0.026917
0.024331
0.025734
0.016973
0.024145
0.027801
0.025173
0.023939
0.013333
0.009796
0.009443
0.021220
0.026019
0.025799
0.025169
0.021136
0.018291
0.023377
0.023548
0.026222
0.018674
0.018212
0.016589
0.021211
0.021073
0.017604
0.021132
0.022922
0.017436
0.023551
0.020283
0.022454
0.023780
0.021836
0.018685
0.017875
0.024618
0.018945
0.021010
0.022802
0.020906
0.019879
0.019959
0.020140
0.020413
0.020333
0.020226
0.022655
0.022448
0.020514
0.020370
0.023465
0.024677
0.021439
0.023694
0.026415
0.022986
0.025426
0.019405
0.017064
0.023663
0.026051
0.015874
0.026826
0.013453
0.010898
0.017100
0.015445
0.021669
0.022486
0.017405
0.014534
0.011233
0.007297
0.005025
0.004040
0.021513
0.020288
0.013334
0.017400
0.012778
0.021586
0.025272
0.024058
0.016558
0.007168
0.002550
0.007185
0.006927
0.005660
0.015353
0.025996
0.017784
0.021727
0.016120
0.015356
0.013319
0.010688
0.024231
0.021284
0.020005
0.014527
0.013894
0.009356
0.016736
0.014101
0.016908
0.021475
0.025447
0.021602
0.022843
0.018028
0.017512
0.018194
0.009350
0.009672
0.012854
0.013605
0.011764
0.004548
0.010277
0.037914
0.012051
0.007857
0.006741
0.012302
0.013178
0.013482
0.016937
0.015766
0.016017
0.013626
0.016279
0.014694
0.018849
0.019379
0.017787
0.014158
0.014285
0.015620
0.013675
0.010898
0.010029
0.004756
0.004604
0.007634
0.012220
0.011996
0.013745
0.012455
0.013986
0.023474
0.014115
0.016442
0.020110
0.016233
0.021044
0.017282
0.010502
0.009815
0.011553
0.011373
0.011317
0.010277
0.007658
0.006935
0.005066
0.006142
0.006896
0.010669
0.015322
0.013211
0.015174
0.010437
0.015139
0.013236
0.024235
0.022228
0.018250
0.015508
0.017946
0.015536
0.013736
0.011787
0.019407
0.025169
0.024203
0.016536
0.017484
0.015625
0.011245
0.016746
0.015679
0.029859
0.030495
0.016920
0.019348
0.025786
0.028132
0.023956
0.020963
0.015280
0.017462
0.019044
0.031353
0.026840
0.010387
0.031848
0.028616
0.018786
0.010873
0.018193
0.013725
0.017760
0.016513
0.017335
0.016336
0.016179
0.012207
0.005692
0.008616
0.008995
0.016776
0.017262
0.019541
0.017916
0.019195
0.017090
0.021590
0.016769
0.016690
0.013912
0.010473
0.016086
0.026272
0.017901
0.024248
0.018162
0.016330
0.016115
0.012519
0.012883
0.016167
0.022279
0.022064
0.018723
0.012908
0.009047
0.020555
0.017645
0.019582
0.016507
0.008924
0.008182
0.031001
0.018677
0.014710
0.016675
0.014672
0.007007
0.018835
0.012413
0.009205
0.005715
0.018939
0.019758
0.012405
0.019319
0.022546
0.012953
0.010309
0.012016
0.013579
0.020616
0.021568
0.018996
0.012926
0.012212
0.009011
0.004207
0.003747
0.006180
0.007742
0.025074
0.025515
0.022238
0.018618
0.014218
0.016114
0.015392
0.011968
0.018282
0.011124
0.014534
0.015909
0.016709
0.006997
0.004670
0.009166
0.019855
0.016567
0.018788
0.020127
0.023513
0.026982
0.022319
0.027565
0.021417
0.008676
0.016909
0.016469
0.014586
0.016470
0.017037
0.022345
0.031162
0.035289
0.033718
0.028042
0.023146
0.014649
0.009459
0.012289
0.012593
0.014669
0.024854
0.032887
0.018762
0.010293
0.011274
0.015236
0.014924
0.009850
0.020526
0.018880
0.020590
0.013865
0.029352
0.025185
0.026012
0.014832
0.013258
0.021543
0.029072
0.022328
0.015126
0.021450
0.026032
0.024643
0.020654
0.016154
0.013514
0.014573
0.009947
0.007356
0.016717
0.023651
0.029093
0.019152
0.018438
0.017835
0.015790
0.024368
0.019414
0.020592
0.014083
0.014471
0.017086
0.019687
0.018585
0.023343
0.021061
0.017939
0.016448
0.016887
0.014806
0.013863
0.008357
0.009800
0.013227
0.012423
0.012839
0.015621
0.018975
0.017718
0.018068
0.014741
0.014810
0.018330
0.025159
0.018491
0.019502
0.015572
0.010277
0.007599
0.004746
0.009892
0.009468
0.005400
0.003144
0.014089
0.007745
0.003605
0.003363
0.018686
0.021583
0.013052
0.019436
0.016443
0.004184
0.005730
0.003628
0.008669
0.013367
0.014037
0.016764
0.021064
0.008843
0.010316
0.006321
0.011670
0.014827
0.007953
0.006365
0.009493
0.011110
0.014550
0.007766
0.009289
0.005852
0.007146
0.019146
0.018249
0.023445
0.010868
0.006420
0.019569
0.009983
0.009937
0.010244
0.011205
0.014597
0.018335
0.007691
0.005510
0.010631
0.012629
0.012769
0.011355
0.017817
0.018549
0.015333
0.012431
0.013008
0.010628
0.017995
0.011894
0.012141
0.015285
0.005884
0.018039
0.015487
0.014407
0.018129
0.020267
0.020594
0.018926
0.007569
0.018621
0.018963
0.015185
0.016622
0.015362
0.018450
0.010359
0.005075
0.018583
0.020761
0.014314
0.016423
0.018980
0.017631
0.035585
0.035542
0.024404
0.023751
0.010931
0.007472
0.029667
0.022883
0.017004
0.018600
0.005951
