0.002732
0.003212
0.003906
0.004357
0.004571
0.004635
0.004796
0.005224
0.005774
0.005698
0.005947
0.005946
0.006683
0.007867
0.006123
0.006632
0.007342
0.007623
0.006860
0.007166
0.007547
0.008226
0.009142
0.008850
0.007667
0.007468
0.007444
0.008419
0.009258
0.010990
0.011087
0.012204
0.012167
0.012599
0.011529
0.011734
0.011922
0.012023
0.012031
0.011710
0.011246
0.011930
0.013211
0.013404
0.013479
0.014280
0.015038
0.015477
0.014242
0.013282
0.012010
0.013535
0.013049
0.010908
0.010679
0.010767
0.011268
0.012123
0.011704
0.011947
0.012260
0.013232
0.010903
0.007878
0.008432
0.008203
0.008226
0.013060
0.014534
0.018160
0.019015
0.020061
0.019628
0.018593
0.018747
0.021271
0.023271
0.023685
0.023777
0.023573
0.023223
0.022870
0.022163
0.022359
0.020268
0.019998
0.020400
0.020636
0.018391
0.018889
0.016459
0.016978
0.017159
0.016683
0.016087
0.016564
0.024815
0.017120
0.016093
0.015284
0.015153
0.014813
0.014920
0.017003
0.017865
0.017084
0.017320
0.017438
0.015173
0.013816
0.013484
0.013587
0.014455
0.014834
0.014812
0.017298
0.017971
0.018564
0.017836
0.017346
0.014770
0.014954
0.015257
0.015455
0.015360
0.015542
0.013667
0.015480
0.015326
0.016431
0.016116
0.016448
0.016816
0.015782
0.019251
0.019738
0.020841
0.020211
0.022011
0.021087
0.020776
0.020487
0.021703
0.020917
0.022221
0.022120
0.022682
0.023921
0.024446
0.025809
0.021987
0.025342
0.026324
0.023186
0.024292
0.021304
0.025278
0.021096
0.022314
0.023818
0.022925
0.022848
0.023670
0.020248
0.020380
0.018003
0.018383
0.015053
0.015927
0.018032
0.017173
0.020276
0.021445
0.023274
0.027048
0.027371
0.029772
0.029187
0.030228
0.032444
0.033157
0.032660
0.033782
0.033344
0.033764
0.030293
0.031148
0.028284
0.028095
0.031602
0.032447
0.034466
0.034716
0.036429
0.035869
0.035522
0.036496
0.034765
0.034132
0.030578
0.029108
0.029197
0.026332
0.024776
0.020328
0.021389
0.022457
0.022127
0.022556
0.021948
0.028934
0.025296
0.026951
0.031775
0.029559
0.032545
0.033756
0.031519
0.028998
0.024629
0.024225
0.018290
0.017081
0.018703
0.018151
0.022421
0.021810
0.023437
0.023008
0.024572
0.024821
0.023899
0.023244
0.022830
0.022609
0.019659
0.020635
0.022194
0.019122
0.018935
0.022777
0.027593
0.026347
0.034106
0.033312
0.033213
0.034056
0.030300
0.028526
0.025065
0.025304
0.024778
0.022615
0.022977
0.020398
0.020670
0.020112
0.020637
0.016940
0.017215
0.019364
0.021702
0.025229
0.025600
0.031724
0.031035
0.032296
0.032588
0.032910
0.025319
0.025442
0.024673
0.018825
0.017656
0.017724
0.019445
0.019143
0.019054
0.018801
0.019371
0.022232
0.027774
0.024488
0.031244
0.030465
0.029571
0.030419
0.029533
0.029399
0.030023
0.025584
0.029458
0.024862
0.023193
0.022872
0.021053
0.020178
0.017986
0.019928
0.020111
0.024060
0.018315
0.018427
0.015462
0.019874
0.020138
0.019847
0.026958
0.027239
0.028781
0.029650
0.029431
0.029489
0.039357
0.039715
0.039446
0.043364
0.047432
0.079498
0.048801
0.050004
0.054258
0.049867
0.042846
0.035163
0.035549
0.037862
0.035448
0.036476
0.033777
0.034230
0.030634
0.023774
0.023868
0.024055
0.023492
0.018379
0.019011
0.019184
0.016979
0.015373
0.015493
0.019789
0.019677
0.022329
0.022384
0.024486
0.024442
0.021341
0.026013
0.021775
0.026675
0.027734
0.023069
0.021394
0.019699
0.020255
0.019866
0.013911
0.013246
0.015996
0.015925
0.017717
0.019501
0.015798
0.021697
0.022596
0.026264
0.027367
0.034386
0.034949
0.038941
0.033467
0.032759
0.033923
0.030623
0.033637
0.029663
0.028708
0.028116
0.024581
0.024947
0.029985
0.032959
0.032404
0.033937
0.038424
0.038628
0.037702
0.037113
0.041107
0.039545
0.044967
0.049230
0.051106
0.049634
0.056096
0.053873
0.053071
0.048928
0.049806
0.041102
0.041628
0.033830
0.034496
0.032181
0.032687
0.031888
0.032488
0.031962
0.029932
0.027127
0.026517
0.026720
0.021438
0.018505
0.018492
0.024626
0.027808
0.035161
0.035718
0.035069
0.041876
0.044894
0.043401
0.048692
0.047851
0.041540
0.041276
0.041670
0.033671
0.033063
0.035379
0.034169
0.031820
0.039650
0.040049
0.047124
0.051057
0.054037
0.052752
0.052160
0.052618
0.050160
0.049746
0.046241
0.046050
0.041572
0.040584
0.042617
0.042742
0.047211
0.047458
0.048850
0.051592
0.050649
0.054671
0.055438
0.044543
0.050345
0.042856
0.042086
0.036157
0.035351
0.035320
0.030528
0.032997
0.025909
0.024768
0.025435
0.024960
0.025536
0.022464
0.025879
0.024913
0.029668
0.029572
0.032828
0.033293
0.033598
0.032432
0.032845
0.032913
0.031395
0.029431
0.026228
0.025265
0.025270
0.025876
0.027375
0.021995
0.023236
0.022585
0.026529
0.026353
0.026483
0.030581
0.031291
0.042182
0.036080
0.032180
0.036091
0.036372
0.041636
0.039438
0.050395
0.054990
0.053362
0.053020
0.053011
0.053764
0.054283
0.049598
0.040682
0.034585
0.032568
0.028519
0.033972
0.033220
0.041003
0.041809
0.041448
0.046807
0.041340
0.040455
0.030264
0.030435
0.030437
0.025677
0.031584
0.026106
0.023309
0.020159
0.023063
0.025923
0.023300
0.020099
0.023286
0.022025
0.026952
0.032227
0.038504
0.031654
0.031386
0.021730
0.026670
0.021757
0.022225
0.018318
0.021618
0.018439
0.023774
0.027511
0.026233
0.026062
0.025542
0.025198
0.019688
0.021205
0.023099
0.025452
0.026697
0.026573
0.029896
0.029067
0.025265
0.029930
0.027191
0.029133
0.029252
0.028877
0.029550
0.024574
0.032351
0.033820
0.032573
0.032725
0.033001
0.033524
0.039711
0.046088
0.047792
0.040366
0.048502
0.040164
0.038807
0.034398
0.034881
0.031053
0.032064
0.032090
0.030441
0.038713
0.038899
0.039048
0.031029
0.030907
0.024923
0.031217
0.031498
0.032669
0.031216
0.031736
0.031047
0.030398
0.030709
0.030825
0.037888
0.038843
0.048909
0.049194
0.042273
0.041325
0.034774
0.039209
0.031063
0.032080
0.032387
0.032047
0.032850
0.034206
0.033829
0.033442
0.030347
0.026546
0.025232
0.022388
0.022091
0.018856
0.021976
0.027329
0.026744
0.027126
0.030698
0.027742
0.032022
0.030732
0.034100
0.035635
0.034110
0.032547
0.035207
0.032849
0.033380
0.024020
0.030576
0.031521
0.035350
0.033952
0.035067
0.029891
0.031030
0.026578
0.032273
0.031920
0.039019
0.042951
0.033872
0.036848
0.036398
0.032107
0.031696
0.036199
0.037435
0.038539
0.038269
0.037969
0.037791
0.038734
0.038239
0.038233
0.038875
0.039812
0.041456
0.038498
0.039144
0.039451
0.033955
0.033589
0.034398
0.034384
0.034563
0.034947
0.025959
0.025913
0.029046
0.028531
0.029079
0.028379
0.025642
0.020329
0.023113
0.023082
0.019435
0.020740
0.020498
0.027507
0.026660
0.028126
0.027762
0.029868
0.029469
0.029853
0.030170
0.030224
0.038690
0.037882
0.042080
0.041205
0.036108
0.032204
0.030747
0.025749
0.024383
0.026085
0.026952
0.027361
0.026906
0.026445
0.023112
0.023026
0.023145
0.023594
0.025313
0.026140
0.031390
0.030592
0.032310
0.026833
0.023054
0.023118
0.023489
0.022948
0.022979
0.022602
0.026651
0.025361
0.025802
0.026049
0.023474
0.024488
0.024113
0.022984
0.023854
0.025619
0.025093
0.024552
0.032126
0.027748
0.023441
0.022288
0.018450
0.023199
0.020243
0.027036
0.020523
0.020796
0.023192
0.023427
0.022811
0.023062
0.022873
0.024023
0.031847
0.030655
0.032058
0.035955
0.029984
0.027022
0.026236
0.023141
0.020227
0.023394
0.018306
0.021450
0.021959
0.020882
0.028548
0.024938
0.021312
0.018924
0.023650
0.023161
0.025867
0.026007
0.025733
0.023912
0.020151
0.021033
0.019978
0.023341
0.023831
0.027069
0.026576
0.026488
0.028167
0.029335
0.029014
0.028112
0.028663
0.026187
0.026028
0.023595
0.027001
0.026905
0.025687
0.028586
0.029131
0.029132
0.028467
0.030255
0.030229
0.027655
0.028066
0.023263
0.029639
0.030243
0.032251
0.036665
0.038954
0.030406
0.030280
0.030674
0.029246
0.027469
0.029065
0.023408
0.026005
0.031402
0.030402
0.030321
0.034971
0.040196
0.039943
0.033675
0.028465
0.029365
0.029244
0.028119
0.027449
0.027669
0.026166
0.030654
0.027190
0.022273
0.022868
0.020848
0.024043
0.020775
0.023453
0.023898
0.028014
0.026591
0.029958
0.029283
0.028331
0.022965
0.022465
0.026390
0.020340
0.025658
0.026889
0.027293
0.025816
0.024923
0.021325
0.025232
0.023089
0.023190
0.025871
0.026397
0.030249
0.030497
0.026042
0.027492
0.022800
0.025853
0.026920
0.026913
0.026827
0.026132
0.025510
0.035747
0.035328
0.033284
0.036192
0.036786
0.042018
0.035344
0.034856
0.035367
0.034238
0.033306
0.034096
0.033811
0.033036
0.030712
0.031202
0.029907
0.029827
0.028286
0.026906
0.032348
0.031621
0.033248
0.025433
0.024650
0.025004
0.017784
0.021959
0.020979
0.017645
0.025713
0.018046
0.017594
0.020753
0.024784
0.024528
0.024662
0.028080
0.026184
0.029099
0.024668
0.031220
0.031640
0.034166
0.039679
0.040183
0.032628
0.031322
0.032673
0.032153
0.031944
0.029505
0.025926
0.026426
0.023381
0.022542
0.016731
0.022482
0.019446
0.025645
0.025553
0.026005
0.027163
0.027433
0.023030
0.032061
0.031551
0.025350
0.031442
0.032207
0.032859
0.032003
0.033869
0.033362
0.033669
0.034962
0.034072
0.034721
0.033706
0.033764
0.035659
0.035556
0.034088
0.034086
0.028105
0.028045
0.036193
0.034186
0.034004
0.033953
0.033664
0.041059
0.034327
0.034324
0.035198
0.034100
0.028100
0.027987
0.027511
0.026666
0.030768
0.026778
0.028086
0.028687
0.030842
0.034315
0.035604
0.034731
0.034647
0.032212
0.025714
0.031724
0.025636
0.025409
0.029825
0.027363
0.027837
0.027786
0.035256
0.040564
0.035477
0.029713
0.031017
0.025700
0.024912
0.031263
0.031672
0.032172
0.026175
0.024864
0.031344
0.031878
0.032526
0.049891
0.048628
0.054660
0.053846
0.055267
0.047956
0.041349
0.036632
0.034992
0.027937
0.028124
0.030378
0.031327
0.025604
0.022202
0.022429
0.025535
0.026476
0.024330
0.027010
0.019557
0.018432
0.022840
0.023436
0.021645
0.023004
0.021373
0.019248
0.026066
0.022762
0.025877
0.030052
0.030659
0.029869
0.030750
0.029620
0.030277
0.021465
0.019487
0.022646
0.022043
0.020699
0.021416
0.021929
0.015626
0.022073
0.017486
0.021807
0.021030
0.020624
0.023071
0.023847
0.030295
0.031910
0.031669
0.031902
0.036874
0.034936
0.034394
0.027867
0.027982
0.027242
0.027412
0.026649
0.034215
0.026441
0.028156
0.026657
0.026353
0.026830
0.026874
0.035396
0.034294
0.033452
0.035289
0.026961
0.027941
0.034034
0.026437
0.035171
0.042784
0.045918
0.052735
0.053013
0.045912
0.041328
0.032591
0.025650
0.032823
0.032818
0.033858
0.035477
0.035684
0.035358
0.035662
0.028075
0.033989
0.035308
0.029361
0.027133
0.026356
0.023595
0.026583
0.025852
0.021803
0.025701
0.026556
0.034426
0.033142
0.033342
0.027781
0.035368
0.034882
0.034315
0.033830
0.035829
0.034320
0.033996
0.035289
0.034697
0.034943
0.035239
0.034348
0.033494
0.033288
0.031644
0.030600
0.031350
0.030935
0.030813
0.028908
0.028045
0.023961
0.030239
0.024028
0.023884
0.024207
0.029860
0.029094
0.026824
0.034723
0.025111
0.024402
0.021557
0.022803
0.017338
0.020673
0.021656
0.020945
0.024084
0.031386
0.029916
0.030277
0.030495
0.022319
0.021952
0.020843
0.021110
0.021981
0.021189
0.028822
0.023724
0.030341
0.030858
0.030670
0.025228
0.029447
0.029966
0.030346
0.026132
0.026685
0.018173
0.021441
0.018031
0.025991
0.021351
0.023770
0.021426
0.024555
0.032330
0.031756
0.039583
0.038357
0.044708
0.038480
0.032220
0.031968
0.031446
0.027590
0.022135
0.021540
0.020982
0.018020
0.018577
0.017793
0.019887
0.021144
0.022010
0.022033
0.024185
0.025104
0.029649
0.030988
0.030231
0.030726
0.031032
0.030861
0.031630
0.029779
0.023189
0.022216
0.019860
0.025101
0.025156
0.024889
0.024672
0.019917
0.022789
0.021549
0.024418
0.030541
0.029616
0.030663
0.030846
0.030023
0.027916
0.028290
0.025251
0.021703
0.028063
0.027177
0.031373
0.034431
0.033025
0.033549
0.035307
0.035180
0.035069
0.036385
0.036231
0.034715
0.035822
0.035454
0.035369
