4.95639
5.81351
6.61754
7.67435
8.87864
9.38653
10.6056
11.1519
12.1725
13.4942
14.555
15.922
16.8937
17.5664
18.4834
19.9354
21.3408
22.0145
22.152
23.5434
24.5489
25.1001
26.0921
27.2421
28.0234
28.7488
30.1494
31.3502
31.9002
32.9414
34.0986
34.7071
36.0345
36.6844
37.8785
39.3163
40.7398
41.1551
41.4127
42.8381
43.4265
44.4007
45.4975
46.1481
47.3428
48.7464
50.1797
50.6475
51.7435
52.8346
53.5108
54.7775
55.5309
56.1833
57.2042
58.1593
59.0328
60.2876
61.4323
62.0206
62.4967
63.7171
65.0348
65.976
66.0923
67.3205
68.1152
69.3497
70.5647
71.7458
73.2143
74.3127
74.7134
76.1079
76.6219
77.661
78.7344
79.4377
80.5422
81.1685
82.1264
83.0589
84.1542
84.5423
85.5936
86.9172
87.5839
88.572
89.2652
90.6147
91.818
92.8133
93.3123
94.1091
95.1958
96.3206
97.6352
97.896
99.2233
100.245
100.324
101.442
101.964
102.979
104.248
105.445
105.528
106.182
107.106
107.495
108.814
109.814
110.452
111.215
112.203
113.099
114.524
115.061
115.766
117.202
118.208
118.768
119.33
120.424
121.823
123.216
123.828
124.801
125.721
126.279
127.719
128.735
130.125
131.133
132.596
133.746
134.968
135.819
136.611
137.5
137.626
138.689
140.051
140.731
142.145
143.206
143.835
145.046
146.485
147.792
148.894
149.859
150.93
151.349
152.604
153.542
154.38
155.351
156.385
157.5
157.602
158.715
159.243
160.493
160.997
161.379
162.447
163.214
165.014
165.79
166.572
167.885
168.999
169.849
170.988
172.318
173.273
174.685
175.786
176.354
177.529
178.227
179.385
179.98
181.331
181.822
182.983
184.834
185.784
186.783
187.855
189.027
189.869
190.692
191.771
192.33
193.824
194.936
195.684
196.676
198.192
199.457
200.588
201.742
202.807
203.473
204.587
205.247
206.537
207.325
208.153
209.045
210.533
212.018
213.348
214.598
215.879
216.623
217.612
218.212
219.121
220.192
221.591
222.242
222.764
223.983
224.574
225.788
226.328
227.544
228.208
229.379
229.923
231.115
231.646
232.303
233.456
233.827
235.032
236.615
238.012
238.411
239.82
241.036
242.288
242.56
244.029
244.847
246.234
246.999
248.012
248.757
249.541
249.965
251.223
252.629
252.75
253.436
254.356
255.048
256.452
257.762
258.838
259.752
260.773
262.32
263.809
265.156
266.601
267.646
268.606
269.377
270.458
271.379
272.241
273.211
274.423
275.741
276.955
277.749
278.998
280.351
281.582
282.675
283.455
284.291
285.093
286.547
287.215
288.633
289.811
290.851
291.982
293.338
294.131
295.331
296.312
297.19
297.945
298.901
299.598
301.016
302.157
302.988
303.825
304.708
306.127
307.595
308.731
309.341
310.243
310.624
311.548
312.848
313.965
314.338
315.56
316.846
318.449
320.623
321.872
331.412
333.377
335.601
336.978
339.411
341.198
342.589
343.259
344.579
344.719
346.269
347.219
347.345
348.298
349.221
350.263
351.54
352.105
353.324
354.772
355.804
356.972
358.174
359.214
360.63
361.763
362.526
363.637
365.015
365.928
367.312
367.836
369.227
369.75
371.337
372.48
373.699
374.986
376.373
377.298
378.013
378.806
379.78
380.774
381.965
382.981
384.146
385.456
389.099
390.413
391.237
391.835
392.461
393.784
395.18
406.117
407.453
408.632
408.998
410.378
411.338
411.974
413.262
413.634
414.855
416.01
417.025
417.284
418.716
420.388
421.834
422.351
423.433
424.624
425.41
426.845
429.879
445.291
446.611
447.598
449.025
449.849
450.651
451.784
451.893
453.326
453.584
455.051
455.334
456.508
457.199
457.563
458.945
459.453
460.485
461.873
463.352
464.758
465.855
466.677
467.611
469.229
472.638
473.964
475.381
476.063
477.269
478.703
479.028
480.254
480.651
481.832
482.983
484.212
485.24
486.218
487.828
489.265
490.761
491.819
492.62
493.555
494.328
495.475
496.934
497.384
499.429
500.558
504.065
508.886
510.332
511.976
513.396
514.205
516.172
517.6
519.002
520.98
522.79
524.217
524.985
525.246
526.634
527.765
529.452
530.978
532.104
533.871
534.744
535.502
536.506
537.526
538.833
540.228
541.009
541.857
542.638
543.774
544.823
546.213
546.988
548.115
549.022
549.857
550.984
552.107
552.577
553.961
554.054
554.564
555.919
557.302
558.718
559.634
561.093
562.536
563.529
564.902
566.3
567.566
568.603
569.515
571.484
572.657
574.398
577.16
578.506
579.334
582.043
583.764
587.204
589.924
591.371
592.777
594.026
595.19
596.56
597.765
599.256
600.692
601.771
606.18
607.506
608.973
610.226
610.344
611.777
612.61
613.57
614.245
615.377
616.918
618.13
619.516
620.463
621.74
622.916
623.787
624.964
625.711
628.786
630.21
631.613
632.896
633.751
634.776
635.336
636.693
638.117
639.5
640.474
641.457
642.841
643.322
644.706
645.238
647.087
648.464
649.626
651.01
651.641
652.171
653.052
653.581
655.059
655.871
657.506
658.914
660.161
661.556
662.536
662.949
664.294
665.336
666.151
667.254
669.219
670.683
672.138
674.648
676.597
677.975
679.151
681.16
682.539
683.368
684.325
685.233
686.529
687.387
688.219
689.327
689.874
691.323
692.715
693.526
694.498
695.433
696.233
697.178
698.207
699.628
700.725
701.514
702.445
703.843
704.979
706.379
708.81
710.399
712.469
713.873
715.26
716.683
717.831
718.568
719.439
720.249
721.689
723.096
723.962
725.336
726.33
727.581
728.316
729.726
730.838
732.211
733.509
734.221
735.608
736.991
738.031
739.454
740.384
741.561
742.382
743.486
744.28
745.225
745.94
747.325
748.243
749.255
750.65
751.782
753.205
754.149
755.554
758.463
759.846
760.801
762.219
763.591
765.869
768.773
770.058
771.484
772.248
774.348
775.59
776.794
778.289
779.777
781.225
782.646
782.887
784.286
785.828
787.357
788.822
790.236
790.613
791.998
793.4
794.751
796.251
797.635
797.793
797.902
798.035
799.199
800.578
801.217
802.634
803.787
804.997
805.792
807.221
808.622
809.575
810.118
811.128
811.936
813.073
814.383
815.04
816.428
817.036
818.271
819.147
820.263
821.041
822.534
824.29
825.232
826.432
827.021
828.478
829.658
830.744
831.375
832.251
833.473
834.64
835.345
836.809
838.227
839.085
839.744
840.374
841.201
842.304
843.26
845.028
846.321
846.979
847.773
848.705
849.492
850.098
850.715
852.105
852.301
853.73
854.963
855.573
856.982
858.368
859.379
860.449
861.574
862.972
864.242
865.1
865.768
870.787
872.194
873.245
873.846
875.311
876.721
877.759
878.996
879.628
881.017
882.435
883.824
884.389
885.742
887.134
887.946
888.849
889.495
890.583
897.915
899.835
900.728
902.052
902.779
903.95
905.219
905.968
906.814
907.872
908.293
908.926
910.123
910.884
912.426
913.831
915.054
916.458
917.844
918.534
919.946
921.317
922.478
922.906
924.308
925.481
926.309
927.249
928.057
928.933
930.189
930.832
932.219
933.507
934.382
935.344
936.228
937.613
938.977
940.048
941.002
941.948
943.37
944.74
945.777
946.799
948.228
949.122
949.833
950.85
951.521
952.596
953.838
955.033
956.323
957.774
959.194
959.502
961.034
961.962
962.843
963.792
964.729
965.566
966.523
967.239
970.782
972.408
973.803
975.227
975.95
977.36
978.215
978.937
980.356
981.206
982.144
983.526
984.894
986.284
987.762
989.209
990.693
992.124
992.858
994.344
995.734
997.198
998.62
998.809
999.584
1001.82
1002.98
1004.12
1005.51
1006.99
1008.27
1009.74
1010.22
1011.62
1012.62
1014.01
1015.2
1016.56
1017.83
1019.24
1019.44
1020.85
1021.95
1023.31
1024.72
1025.63
1026.61
1028
1029.49
1030.64
1032.16
1033.33
1034.72
1036.11
1036.34
1037.54
1037.97
1039.05
1039.99
1040.65
1042.06
1042.87
1043.51
1044.99
1045.53
1046.99
1048.06
1049.51
1050.57
1051.36
1056.27
1057.58
1058.33
1059.01
1060.52
1060.61
1062
1063.48
1064.89
1065.45
1066.85
1068.24
1068.82
1070.23
1071.24
1072.05
1073.45
1074.38
1075.22
1076.02
1077.45
1078.85
1079.8
1080.75
1084.95
1086.36
1087.35
1088.55
1089.02
1090.19
1090.73
1091.93
1092.5
1093.68
1095.08
1096.01
1096.71
1097.83
1098.81
1100.21
1100.51
1101.65
1102.59
1103.64
1104.72
1106.16
1107.39
1108.49
1109.9
1111.02
1111.66
1112.32
1113.83
1115.22
1116
1116.62
1118.02
1118.79
1120.08
1120.69
1122.25
1124.04
1125.03
1125.86
1126.77
1127.61
1128.87
1130.27
1131.64
1133.03
1133.85
1138.68
1139.99
1141.34
1142.44
1143.24
1144.75
1145.36
1145.99
1147.73
1149.13
1150.52
1152.01
1153.07
1154.38
1155.85
1156.65
1157.87
1158.66
1160.06
1161.53
1162.74
1163.77
1164.93
1165.89
1166.6
1167.64
1168.51
1170.03
1175.12
1177.57
1179
1180.4
1181.93
1183.22
1184.62
1186.02
1186.78
1188.15
1189.33
1190.72
1191.84
1192.14
1194.73
1198
1201.29
1203.57
1205.11
1208.3
1212.64
1214.04
1215.48
1216.99
1217.96
1219.13
1220.52
1221.6
1222.56
1222.74
1224.12
1224.78
1225.56
1227.03
1230
1230.35
1231.21
1232.2
1233.68
1235.09
1236.22
1237.42
1238.83
1239.74
1241.06
1242.54
1243.97
1244.75
1245.46
1246.86
1248.25
1249.63
1251.08
1252.44
1253.46
1255.43
1255.6
1256.98
1258.98
1260.37
1261.75
1262.71
1263.6
1264.5
1265.94
1268.11
1269.63
1270.81
1272.24
1273.64
1274.79
1276.23
1277.53
1278.41
1279.46
1280.85
1281.38
1282.51
1283.95
1285.33
1286.37
1287.09
1288.47
1288.99
1289.78
1291.2
1292.62
1293.23
1294.39
1295.78
1297.61
1299.01
1300.12
1301.59
1303.47
1305.45
1307.24
1310.03
1312.2
1314.06
1315.5
1317.35
1318.83
1320.28
1321.14
1322.56
1323.63
1324.83
1326.25
1327.82
1329.22
1330.4
1331.78
1333.2
1333.91
1335.32
1336.04
1337.26
1338.29
1339.72
1340.9
1341.91
1343.16
1343.78
1345.2
1346.6
1347.2
1348.64
1350.03
1351.59
1352.79
1353.85
1355.26
1356.33
1357.77
1359.06
1360.47
1361.34
1361.86
1363.26
1364.65
1365.5
1366.19
1367.56
1370.25
1371.35
1372.28
1373.76
1374.97
1375.51
1375.99
1377.39
1378.46
1379.83
1383.14
1386.13
1387.52
1388.95
1390.18
1391.55
1392.94
1393.37
1394.51
1395.34
1396.26
1397.69
1399.1
1400.45
1401
1402.02
1402.71
1403.98
1404.82
1405.63
1406.57
1407.45
1408.67
1410.18
1411.63
1413.02
1413.79
1415.24
1416.15
1417.53
1418.96
1420.24
1421.57
1422.44
1423.15
1424.15
1424.83
1426.22
1427.43
1429.03
1430.47
1433.48
1435
1436.42
1437.9
1440.41
1442
1443.16
1444.24
1445.3
1446.17
1447.19
1447.86
1449.25
1450.87
1451.75
1452.6
1453.83
1455.22
1456.59
1457.63
1459.05
1459.95
1461.32
1462.61
1464
1465.45
1466.83
1468.1
1469.19
1470.22
1471.03
1472.45
1473.84
1474.05
1475.46
1476.51
1477.47
1478.48
1479.81
1481.23
1482.1
1483.39
1484.56
1485.52
1486.64
1488.03
1489.46
1491.26
1492.76
1493.76
1495.17
1496.56
1497.57
1498.99
1500.39
1501.04
1502.15
1503.48
1504.98
1506.36
1507.43
1508.64
1509.76
