2.11294
2.61294
3.11303
3.62826
4.11295
4.61291
5.11292
5.63149
6.1129
6.6178
7.11293
7.63763
8.11294
8.61301
9.11294
9.62734
10.1129
10.6129
11.1289
11.6129
12.1435
12.6281
13.1129
13.613
14.1129
14.6254
15.1129
15.6129
16.1129
16.6288
17.1129
17.6129
18.1129
18.625
19.1175
19.6129
20.1129
20.6276
21.113
21.6129
22.115
22.6276
23.113
23.6129
24.113
24.6331
25.1129
25.613
26.113
26.6291
27.1129
27.6129
28.1129
28.629
29.1129
29.6129
30.1263
30.6295
31.1129
31.6129
32.1129
32.6313
33.113
33.6129
34.1178
34.6286
35.1129
35.6221
36.1129
36.6547
37.1129
37.6129
38.1129
38.6264
39.1129
39.6129
40.1129
40.6266
41.1237
41.613
42.113
42.6271
43.1129
43.613
44.1129
44.6307
45.1129
45.6283
46.1482
46.613
47.113
47.6277
48.113
48.6129
49.113
49.6272
50.1466
50.6645
51.113
51.6703
52.141
52.6287
53.113
53.613
54.1199
54.6283
55.113
55.6129
56.144
56.6331
57.1212
57.6129
58.1594
58.628
59.113
59.6129
60.1129
60.6286
61.113
61.6129
62.1129
62.6272
63.113
63.6129
64.1129
64.6129
65.1131
65.6259
66.113
66.613
67.1129
67.627
68.1325
68.625
69.1186
69.6371
70.1129
70.6302
71.1134
71.6748
72.1129
72.629
73.1531
73.6153
74.1144
74.631
75.113
75.6195
76.1406
76.6538
77.113
77.6781
78.113
78.6306
79.1155
79.6276
80.113
80.6151
81.1686
81.6148
82.1579
82.6129
83.113
83.6276
84.1862
84.6129
85.1269
85.6295
86.1352
86.613
87.1284
87.6307
88.1141
88.6134
89.1153
89.6321
90.1149
90.6466
91.1143
91.6135
92.1177
92.6326
93.1175
93.6305
94.1275
94.6179
95.1239
95.6341
96.1211
96.6398
97.1203
97.6734
98.131
98.6391
99.121
99.6222
100.123
100.621
101.123
101.642
102.12
102.63
103.125
103.64
104.12
104.623
105.122
105.638
106.182
106.638
107.132
107.623
108.122
108.64
109.123
109.625
110.126
110.641
111.166
111.623
112.125
112.638
113.126
113.639
114.123
114.625
115.123
115.639
116.123
116.624
117.159
117.639
118.157
118.622
119.127
119.639
120.123
120.623
121.134
121.639
122.124
122.623
123.126
123.64
124.122
124.623
125.126
125.639
126.123
126.624
127.123
127.639
128.124
128.623
129.124
129.639
130.151
130.623
131.159
131.641
132.126
132.641
133.122
133.623
134.122
134.647
135.125
135.626
136.124
136.654
137.124
137.668
138.123
138.706
139.126
139.641
140.125
140.665
141.122
141.639
142.17
142.622
143.128
143.641
144.123
144.623
145.124
145.642
146.123
146.642
147.123
147.625
148.124
148.64
149.125
149.642
150.124
150.623
151.146
151.639
152.135
152.633
153.143
153.645
154.184
154.625
155.126
155.642
156.125
156.625
157.125
157.644
158.123
158.623
159.123
159.626
160.125
160.641
161.124
161.626
162.125
162.642
163.123
163.628
164.123
164.642
165.123
165.624
166.125
166.64
167.126
167.631
168.125
168.655
169.127
169.64
170.124
170.625
171.124
171.623
172.124
172.641
173.158
173.624
174.126
174.703
175.133
175.646
176.13
176.642
177.123
177.624
178.272
178.643
179.126
179.627
180.126
180.627
181.166
181.644
182.125
182.624
183.128
183.643
184.136
184.665
185.126
185.7
186.135
186.683
187.127
187.646
188.122
188.624
189.127
189.642
190.189
190.712
191.13
191.675
192.125
192.627
193.129
193.667
194.124
194.623
195.129
195.703
196.132
196.694
197.13
197.643
198.147
198.64
199.124
199.641
200.124
200.658
201.122
201.663
202.127
202.642
203.122
203.627
204.128
204.64
205.128
205.624
206.129
206.643
207.129
207.625
208.179
208.641
209.126
209.64
210.127
210.626
211.129
211.642
212.127
212.644
213.122
213.623
214.154
214.646
215.123
215.627
216.127
216.668
217.143
217.658
218.162
218.643
219.173
219.627
220.158
220.627
221.126
221.644
222.127
222.624
223.13
223.644
224.128
224.64
225.125
225.631
226.127
226.648
227.128
227.624
228.209
228.648
229.123
229.628
230.124
230.647
231.158
231.689
232.124
232.638
233.126
233.651
234.13
234.631
235.13
235.636
236.127
236.668
237.135
237.645
238.137
238.627
239.134
239.647
240.167
240.626
241.123
241.647
242.129
242.626
243.13
243.639
244.127
244.641
245.123
245.623
246.131
246.647
247.126
247.628
248.13
248.641
249.126
249.628
250.133
250.641
251.131
251.631
252.141
252.675
253.133
253.646
254.125
254.629
255.13
255.639
256.127
256.644
257.129
257.627
258.128
258.64
259.128
259.67
260.131
260.7
261.131
261.642
262.154
262.626
263.129
263.642
264.125
264.625
265.184
265.645
266.129
266.659
267.126
267.68
268.129
268.655
269.126
269.624
270.132
270.639
271.127
271.627
272.126
272.625
273.166
273.645
274.123
274.628
275.128
275.64
276.124
276.628
277.132
277.644
278.126
278.624
279.123
279.643
280.131
280.632
281.133
281.648
282.163
282.693
283.128
283.639
284.127
284.63
285.14
285.64
286.122
286.623
287.162
287.643
288.124
288.659
289.125
289.646
290.131
290.624
291.123
291.625
292.123
292.627
293.126
293.638
294.159
294.629
295.13
295.624
296.124
296.641
297.148
297.644
298.124
298.643
299.126
299.646
300.126
300.626
301.123
301.639
302.157
302.624
303.128
303.638
304.124
304.625
305.125
305.638
306.152
306.623
307.128
307.64
308.123
308.68
309.127
309.646
310.126
310.651
311.122
311.63
312.13
312.692
313.127
313.641
314.127
314.623
315.127
315.623
316.137
316.764
317.124
317.626
318.129
318.646
319.127
319.761
320.223
320.675
321.126
321.687
322.123
322.722
323.192
323.693
324.215
324.67
325.185
325.681
326.21
326.676
327.204
327.695
328.236
328.73
329.182
329.678
330.238
330.719
331.185
331.626
332.128
332.678
333.238
333.623
334.189
334.625
335.169
335.645
336.129
336.627
337.131
337.671
338.182
338.715
339.185
339.63
340.125
340.681
341.198
341.643
342.131
342.637
343.185
343.649
344.124
344.66
345.127
345.629
346.212
346.629
347.125
347.644
348.125
348.624
349.14
349.638
350.139
350.626
351.132
351.644
352.141
352.63
353.127
353.648
354.126
354.631
355.132
355.645
356.131
356.646
357.124
357.639
358.174
358.627
359.125
359.638
360.128
360.661
361.136
361.641
362.126
362.645
363.128
363.681
364.132
364.641
365.125
365.632
366.13
366.641
367.13
367.644
368.123
368.677
369.159
369.651
370.126
370.625
371.157
371.623
372.154
372.643
373.133
373.629
374.131
374.638
375.126
375.627
376.129
376.639
377.122
377.627
378.134
378.643
379.126
379.629
380.123
380.644
381.126
381.628
382.128
382.631
383.136
383.641
384.186
384.643
385.129
385.642
386.126
386.698
387.2
387.67
388.206
388.692
389.145
389.644
390.128
390.628
391.172
391.644
392.131
392.651
393.13
393.631
394.128
394.639
395.18
395.627
396.123
396.697
397.18
397.693
398.172
398.717
399.211
399.687
400.166
400.692
401.17
401.719
402.228
402.694
403.176
403.712
404.163
404.672
405.215
405.662
406.162
406.628
407.131
407.644
408.125
408.684
409.132
409.64
410.13
410.632
411.126
411.645
412.128
412.646
413.123
413.68
414.131
414.643
415.135
415.627
416.136
416.65
417.126
417.623
418.13
418.733
419.126
419.634
420.21
420.629
421.128
421.646
422.134
422.633
423.134
423.628
424.133
424.676
425.124
425.628
426.13
426.744
427.135
427.646
428.26
428.689
429.224
429.726
430.131
430.671
431.198
431.715
432.285
432.708
433.213
433.755
434.299
434.747
435.246
435.68
436.232
436.677
437.189
437.731
438.229
438.674
439.197
439.758
440.21
440.725
441.253
441.692
442.269
442.722
443.22
443.67
444.253
444.671
445.202
445.629
446.13
446.662
447.186
447.652
448.134
448.628
449.133
449.646
450.134
450.697
451.138
451.644
452.132
452.642
453.123
453.637
454.125
454.627
455.123
455.64
456.133
456.635
457.13
457.639
458.132
458.632
459.135
459.645
460.129
460.625
461.13
461.649
462.179
462.625
463.129
463.646
464.14
464.633
465.131
465.67
466.131
466.695
467.126
467.664
468.126
468.685
469.175
469.646
470.133
470.666
471.205
471.706
472.236
472.679
473.137
473.643
474.13
474.651
475.176
475.629
476.155
476.648
477.131
477.63
478.127
478.722
479.139
479.647
480.13
480.702
481.129
481.647
482.134
482.631
483.124
483.633
484.123
484.626
485.133
485.648
486.218
486.644
487.171
487.712
488.136
488.65
489.129
489.629
490.131
490.681
491.128
491.626
492.128
492.675
493.122
493.634
494.191
494.623
495.131
495.651
496.14
496.645
497.184
497.639
498.124
498.631
499.18
499.643
500.221
500.629
501.136
501.642
502.21
502.712
503.199
503.691
504.158
504.64
505.124
505.707
506.182
506.709
507.202
507.705
508.157
508.68
509.134
509.647
510.223
510.646
511.129
511.653
512.134
512.627
513.132
513.623
514.264
514.643
515.177
515.735
516.227
516.64
517.126
517.648
518.134
518.648
519.132
519.624
520.251
520.728
521.132
521.63
522.216
522.718
523.127
523.643
524.154
524.641
525.122
525.631
526.124
526.689
527.132
527.646
528.123
528.632
529.144
529.653
530.132
530.651
531.122
531.631
532.149
532.654
533.131
533.624
534.132
534.641
535.13
535.623
536.126
536.648
537.128
537.624
538.133
538.646
539.128
539.627
540.124
540.647
541.125
541.631
542.128
542.686
543.132
543.64
544.13
544.643
545.133
545.626
546.13
546.645
547.124
547.623
548.166
548.631
549.132
549.642
550.124
550.631
551.128
551.631
552.149
552.639
553.123
553.624
554.127
554.641
555.127
555.626
556.135
556.643
557.126
557.627
558.123
558.645
559.124
559.685
560.13
560.644
561.127
561.623
562.126
562.629
563.128
563.651
564.123
564.737
565.122
565.648
566.123
566.624
567.128
567.625
568.132
568.653
569.131
569.633
570.174
570.629
571.127
571.646
572.181
572.706
573.132
573.64
574.238
574.626
575.13
575.655
576.203
576.679
577.205
577.623
578.133
578.652
579.177
579.644
580.183
580.718
581.206
581.685
582.142
582.645
583.123
583.784
584.218
584.631
585.214
585.74
586.231
586.805
587.257
587.626
588.134
588.74
589.211
589.697
590.135
590.632
591.139
591.644
592.131
592.628
593.131
593.649
594.125
594.633
595.14
595.645
596.127
596.624
597.131
597.645
598.132
598.629
599.163
599.626
600.124
600.709
601.125
601.674
602.13
602.644
603.201
603.687
604.18
604.731
605.208
605.682
606.228
606.647
607.129
607.625
608.126
608.644
609.124
609.635
610.159
610.644
611.122
611.634
612.131
612.662
613.136
613.639
614.133
614.626
615.135
615.64
616.125
616.627
617.131
617.645
618.175
618.633
619.129
619.64
620.126
620.647
621.127
621.626
622.132
622.644
623.126
623.643
624.13
624.627
625.141
625.728
626.13
626.641
627.241
627.671
628.23
628.712
629.132
629.643
630.237
630.645
631.122
631.664
632.126
632.65
633.139
633.642
634.127
634.626
635.131
635.644
636.133
636.623
637.131
637.645
638.155
638.627
639.124
639.647
640.136
640.633
641.131
641.64
642.123
642.634
643.132
643.646
644.123
644.628
645.124
645.633
646.136
646.651
647.13
647.627
648.13
648.651
649.122
649.682
650.145
650.655
651.127
651.69
652.202
652.643
653.133
653.641
654.129
654.627
655.133
655.652
656.13
656.628
657.126
657.654
658.129
658.642
659.125
659.652
660.192
660.648
661.127
661.623
662.138
662.625
663.135
663.647
664.125
664.628
665.125
665.647
666.179
666.633
667.157
667.631
668.132
668.701
669.175
669.625
670.133
670.699
671.131
671.649
672.197
672.633
673.185
673.685
674.188
674.696
675.132
675.735
676.193
676.652
677.128
677.63
678.208
678.731
679.203
679.626
680.132
680.697
681.215
681.629
682.127
682.623
683.125
683.649
684.123
684.641
685.137
685.628
686.135
686.625
687.128
687.629
688.132
688.625
689.133
689.643
690.132
690.625
691.128
691.645
692.126
692.633
693.123
693.624
694.134
694.642
695.185
695.626
696.131
696.639
697.179
697.632
698.129
698.645
699.128
699.679
700.132
700.645
701.127
701.642
702.134
702.642
703.13
703.633
704.128
704.649
705.126
705.629
706.126
706.647
707.128
707.684
708.201
708.666
709.13
709.69
710.184
710.631
711.171
711.691
712.24
712.644
713.128
713.627
714.124
714.628
715.131
715.632
716.135
716.702
717.126
717.64
718.128
718.628
719.126
719.648
720.126
720.624
721.132
721.707
722.128
722.645
723.127
723.623
724.129
724.646
725.131
725.651
726.127
726.647
727.13
727.627
728.128
728.644
729.128
729.63
730.127
730.649
731.133
731.631
732.13
732.646
733.129
733.647
734.126
734.623
735.127
735.656
736.131
736.629
737.124
737.625
738.13
738.625
739.125
739.651
740.132
740.631
741.131
741.644
742.131
742.627
743.132
743.641
744.176
744.627
745.132
745.644
746.131
746.647
747.125
747.643
748.132
748.626
749.135
749.623
750.129
750.702
751.129
751.641
752.132
752.643
753.145
753.646
754.199
754.631
755.127
755.628
756.124
756.631
757.135
757.643
758.122
758.648
759.134
759.623
760.124
760.625
761.142
761.645
762.131
762.635
763.124
763.643
764.131
764.642
765.2
765.688
766.13
766.629
767.262
767.683
768.206
768.695
769.133
769.646
770.136
770.643
771.129
771.645
772.126
772.623
773.132
773.641
774.123
774.628
775.13
775.636
776.129
776.652
777.142
777.642
778.159
778.63
779.132
779.681
780.127
780.624
781.225
781.649
782.126
782.697
783.131
783.644
784.131
784.623
785.131
785.67
786.127
786.623
787.162
787.642
788.126
788.625
789.136
789.641
790.131
790.658
791.13
791.648
792.128
792.625
793.137
793.631
794.13
794.647
795.138
795.624
796.175
796.628
797.127
797.683
798.137
798.64
799.149
799.647
800.138
800.636
801.133
801.642
802.13
802.664
803.135
803.65
804.129
804.646
805.123
805.626
806.138
806.652
807.158
807.624
808.134
808.666
809.131
809.643
810.164
810.631
811.166
811.626
812.133
812.647
813.13
813.626
814.128
814.623
815.127
815.647
816.123
816.623
817.13
817.642
818.219
818.628
819.174
819.646
820.183
820.63
821.131
821.647
822.129
822.631
823.124
823.628
824.234
824.631
825.173
825.642
826.234
826.649
827.123
827.637
828.139
828.657
829.129
829.716
830.133
830.647
831.125
831.628
832.136
832.623
833.131
833.644
834.127
834.672
835.133
835.643
836.127
836.63
837.128
837.649
838.129
838.623
839.137
839.647
840.127
840.63
841.157
841.628
842.135
842.644
843.126
843.631
844.138
844.679
845.13
845.646
846.131
846.645
847.129
847.628
848.129
848.646
849.128
849.622
850.147
850.645
851.133
851.633
852.149
852.646
853.129
853.624
854.126
854.629
855.129
855.643
856.127
856.633
857.13
857.625
858.132
858.648
859.123
859.627
860.133
860.651
861.123
861.629
862.132
862.64
863.129
863.623
864.186
864.626
865.15
865.648
866.129
866.63
867.171
867.702
868.215
868.712
869.205
869.671
870.206
870.708
871.134
871.645
872.244
872.648
873.123
873.627
874.128
874.622
875.132
875.646
876.133
876.646
877.125
877.65
878.129
878.624
879.132
879.678
880.133
880.645
881.128
881.65
882.13
882.623
883.135
883.65
884.126
884.627
885.135
885.665
886.129
886.644
887.171
887.627
888.163
888.645
889.135
889.642
890.128
890.642
891.127
891.645
892.189
892.664
893.17
893.709
894.18
894.672
895.158
895.707
896.184
896.704
897.203
897.672
898.126
898.644
899.162
899.718
900.134
900.662
901.13
901.647
902.126
902.644
903.131
903.626
904.136
904.643
905.123
905.626
906.139
906.645
907.126
907.629
908.132
908.647
909.133
909.65
910.177
910.623
911.137
911.646
912.129
912.628
913.145
913.647
914.126
914.627
915.122
915.641
916.129
916.649
917.13
917.632
918.126
918.626
919.126
919.648
920.135
920.642
921.124
921.642
922.127
922.631
923.131
923.645
924.13
924.646
925.13
925.631
926.164
926.65
927.13
927.63
928.136
928.65
929.131
929.647
930.189
930.643
931.127
931.631
932.131
932.648
933.128
933.623
934.131
934.624
935.129
935.648
936.151
936.633
937.139
937.659
938.129
938.643
939.123
939.629
940.132
940.644
941.125
941.625
942.127
942.647
943.13
943.625
944.129
944.642
945.124
945.628
946.14
946.672
947.134
947.645
948.152
948.629
949.177
949.63
950.156
950.647
951.123
951.649
952.125
952.648
953.146
953.644
954.13
954.624
955.129
955.646
956.136
956.645
957.13
957.631
958.144
958.641
959.194
959.645
960.129
960.628
961.132
961.647
962.13
962.644
963.129
963.628
964.126
964.644
965.128
965.631
966.13
966.645
967.128
967.625
968.133
968.686
969.167
969.685
970.172
970.707
971.133
971.646
972.192
972.648
973.131
973.629
974.131
974.648
975.151
975.627
976.134
976.647
977.126
977.628
978.142
978.648
979.127
979.648
980.133
980.624
981.129
981.642
982.189
982.63
983.125
983.626
984.132
984.644
985.131
985.648
986.122
986.626
987.132
987.663
988.123
988.624
989.153
989.644
990.123
990.713
991.137
991.648
992.151
992.627
993.132
993.648
994.125
994.627
995.125
995.644
996.168
996.626
997.198
997.646
998.125
998.65
999.135
999.635
1000.13
1000.63
1001.14
1001.65
1002.13
1002.63
1003.14
1003.64
1004.16
1004.63
1005.13
1005.64
1006.13
1006.63
1007.13
1007.64
1008.12
1008.63
1009.14
1009.67
1010.13
1010.64
1011.13
1011.68
1012.13
1012.67
1013.13
1013.65
1014.13
1014.63
1015.15
1015.64
1016.19
1016.62
1017.13
1017.65
1018.14
1018.64
1019.12
1019.65
1020.12
1020.63
1021.13
1021.63
1022.13
1022.65
1023.13
1023.64
1024.13
1024.63
1025.13
1025.68
1026.14
1026.66
1027.13
1027.65
1028.13
1028.63
1029.14
1029.64
1030.12
1030.68
1031.17
1031.63
1032.21
1032.63
1033.17
1033.64
1034.2
1034.63
1035.13
1035.63
1036.16
1036.64
1037.13
1037.63
1038.18
1038.62
1039.13
1039.65
1040.13
1040.71
1041.13
1041.65
1042.15
1042.65
1043.14
1043.62
1044.14
1044.65
1045.13
1045.62
1046.13
1046.65
1047.13
1047.64
1048.17
1048.63
1049.13
1049.65
1050.13
1050.62
1051.13
1051.65
1052.13
1052.67
1053.18
1053.71
1054.16
1054.7
1055.18
1055.69
1056.21
1056.63
1057.13
1057.65
1058.13
1058.63
1059.12
1059.63
1060.13
1060.66
1061.13
1061.64
1062.12
1062.63
1063.14
1063.63
1064.14
1064.65
1065.13
1065.64
1066.13
1066.65
1067.13
1067.63
1068.14
1068.64
1069.12
1069.63
1070.13
1070.63
1071.14
1071.65
1072.13
1072.65
1073.13
1073.65
1074.12
1074.62
1075.17
1075.64
1076.13
1076.62
1077.14
1077.64
1078.13
1078.63
1079.13
1079.63
1080.13
1080.65
1081.12
1081.65
1082.18
1082.66
1083.19
1083.69
1084.22
1084.65
1085.13
1085.64
1086.12
1086.63
1087.13
1087.65
1088.13
1088.62
1089.15
1089.64
1090.14
1090.65
1091.13
1091.65
1092.13
1092.65
1093.12
1093.69
1094.13
1094.64
1095.13
1095.63
1096.13
1096.64
1097.13
1097.63
1098.14
1098.64
1099.13
1099.63
1100.13
1100.64
1101.12
1101.7
1102.14
1102.63
1103.13
1103.69
1104.13
1104.67
1105.13
1105.63
1106.19
1106.65
1107.13
1107.63
1108.13
1108.64
1109.13
1109.65
1110.13
1110.65
1111.12
1111.72
1112.13
1112.65
1113.12
1113.62
1114.14
1114.63
1115.13
1115.64
1116.13
1116.67
1117.14
1117.64
1118.13
1118.63
1119.14
1119.65
1120.17
1120.71
1121.14
1121.65
1122.19
1122.62
1123.13
1123.7
1124.13
1124.65
1125.13
1125.63
1126.13
1126.62
1127.13
1127.66
1128.13
1128.65
1129.13
1129.63
1130.13
1130.63
1131.13
1131.7
1132.18
1132.62
1133.13
1133.65
1134.18
1134.63
1135.22
1135.74
1136.22
1136.71
1137.22
1137.73
1138.19
1138.72
1139.13
1139.63
1140.13
1140.63
1141.14
1141.65
1142.13
1142.62
1143.18
1143.65
1144.12
1144.63
1145.13
1145.65
1146.13
1146.63
1147.17
1147.64
1148.13
1148.63
1149.18
1149.63
1150.13
1150.65
1151.13
1151.63
1152.14
1152.64
1153.14
1153.65
1154.13
1154.63
1155.13
1155.64
1156.13
1156.71
1157.13
1157.65
1158.13
1158.71
1159.13
1159.65
1160.16
1160.66
1161.12
1161.63
1162.14
1162.65
1163.13
1163.63
1164.14
1164.65
1165.13
1165.64
1166.14
1166.65
1167.13
1167.69
1168.14
1168.64
1169.13
1169.63
1170.13
1170.65
1171.12
1171.72
1172.21
1172.71
1173.19
1173.66
1174.17
1174.67
1175.16
1175.63
1176.13
1176.71
1177.17
1177.65
1178.13
1178.63
1179.13
1179.64
1180.12
1180.63
1181.13
1181.64
1182.14
1182.66
1183.15
1183.62
1184.12
1184.67
1185.13
1185.65
1186.12
1186.63
1187.13
1187.65
1188.17
1188.63
1189.14
1189.64
1190.21
1190.63
1191.13
1191.63
1192.19
1192.62
1193.13
1193.67
1194.36
1194.75
1195.13
1195.62
1196.25
1196.67
1197.17
1197.69
1198.13
1198.64
1199.17
1199.63
1200.22
1200.79
1201.19
1201.63
1202.13
1202.67
1203.33
1203.63
1204.14
1204.65
1205.16
1205.62
1206.13
1206.75
1207.2
1207.69
1208.21
1208.63
1209.13
1209.74
1210.26
1210.74
1211.2
1211.72
1212.19
1212.69
1213.13
1213.64
1214.13
1214.65
1215.14
1215.64
1216.12
1216.63
1217.13
1217.63
1218.13
1218.64
1219.18
1219.62
1220.13
1220.64
1221.13
1221.63
1222.13
1222.64
1223.13
1223.62
1224.17
1224.63
1225.13
1225.63
1226.13
1226.65
1227.13
1227.62
1228.13
1228.64
1229.13
1229.63
1230.13
1230.65
1231.12
1231.62
1232.16
1232.65
1233.13
1233.69
1234.13
1234.65
1235.12
1235.62
1236.13
1236.65
1237.13
1237.63
1238.16
1238.65
1239.12
1239.62
1240.23
1240.63
1241.13
1241.65
1242.13
1242.65
1243.12
1243.64
1244.13
1244.63
1245.13
1245.64
1246.13
1246.63
1247.12
1247.63
1248.13
1248.63
1249.13
1249.67
1250.14
1250.64
1251.13
1251.63
1252.12
1252.63
1253.13
1253.64
1254.12
1254.64
1255.14
1255.65
1256.18
1256.63
1257.13
1257.65
1258.12
1258.62
1259.13
1259.64
1260.13
1260.63
1261.13
1261.65
1262.12
1262.65
1263.14
1263.63
1264.13
1264.65
1265.13
1265.63
1266.12
1266.65
1267.12
1267.64
1268.14
1268.63
1269.14
1269.67
1270.18
1270.63
1271.14
1271.65
1272.13
1272.63
1273.14
1273.69
1274.13
1274.64
1275.13
1275.63
1276.16
1276.65
1277.13
1277.63
1278.14
1278.64
1279.13
1279.65
1280.13
1280.63
1281.13
1281.63
1282.14
1282.64
1283.13
1283.63
1284.13
1284.65
1285.12
1285.65
1286.13
1286.64
1287.14
1287.64
1288.13
1288.64
1289.12
1289.7
1290.13
1290.65
1291.15
1291.64
1292.13
1292.67
1293.14
1293.65
1294.13
1294.63
1295.13
1295.65
1296.13
1296.62
1297.16
1297.66
1298.22
1298.63
1299.13
1299.63
1300.17
1300.62
1301.13
1301.64
1302.13
1302.62
1303.16
1303.64
1304.13
1304.63
1305.21
1305.64
1306.14
1306.63
1307.24
1307.63
1308.13
1308.7
1309.18
1309.71
1310.24
1310.64
1311.13
1311.71
1312.25
1312.64
1313.13
1313.71
1314.15
1314.65
1315.13
1315.63
1316.18
1316.64
1317.13
1317.64
1318.12
1318.63
1319.13
1319.64
1320.18
1320.63
1321.18
1321.62
1322.14
1322.64
1323.13
1323.68
1324.13
1324.65
1325.13
1325.63
1326.14
1326.63
1327.14
1327.64
1328.13
1328.63
1329.13
1329.64
1330.13
1330.63
1331.13
1331.65
1332.13
1332.63
1333.2
1333.65
1334.13
1334.64
1335.13
1335.65
1336.13
1336.65
1337.13
1337.63
1338.13
1338.65
1339.13
1339.63
1340.13
1340.65
1341.14
1341.65
1342.13
1342.64
1343.2
1343.64
1344.13
1344.64
1345.2
1345.65
1346.13
1346.65
1347.15
1347.65
1348.12
1348.69
1349.14
1349.64
1350.13
1350.63
1351.13
1351.65
1352.16
1352.63
1353.14
1353.64
1354.13
1354.64
1355.13
1355.63
1356.14
1356.65
1357.13
1357.62
1358.13
1358.64
1359.13
1359.64
1360.12
1360.64
1361.13
1361.64
1362.13
1362.63
1363.13
1363.63
1364.13
1364.7
1365.13
1365.63
1366.19
1366.65
1367.12
1367.63
1368.12
1368.64
1369.17
1369.67
1370.18
1370.63
1371.13
1371.64
1372.19
1372.63
1373.13
1373.67
1374.13
1374.63
1375.13
1375.64
1376.13
1376.63
1377.13
1377.62
1378.12
1378.65
1379.13
1379.64
1380.13
1380.65
1381.13
1381.69
1382.21
1382.68
1383.19
1383.62
1384.13
1384.7
1385.17
1385.71
1386.17
1386.63
1387.13
1387.64
1388.13
1388.63
1389.13
1389.65
1390.18
1390.63
1391.13
1391.65
1392.13
1392.63
1393.13
1393.65
1394.12
1394.63
1395.13
1395.64
1396.16
1396.65
1397.13
1397.71
1398.13
1398.65
1399.13
1399.63
1400.13
1400.65
1401.12
1401.63
1402.13
1402.64
1403.13
1403.63
1404.13
1404.64
1405.12
1405.68
1406.13
1406.65
1407.13
1407.63
1408.13
1408.68
1409.13
1409.64
1410.18
1410.65
1411.13
1411.66
1412.13
1412.65
1413.13
1413.65
1414.13
1414.65
1415.16
1415.62
1416.18
1416.65
1417.13
1417.63
1418.13
1418.64
1419.13
1419.62
1420.13
1420.65
1421.13
1421.64
1422.13
1422.65
1423.19
1423.63
1424.17
1424.65
1425.12
1425.65
1426.12
1426.63
1427.13
1427.63
1428.13
1428.63
1429.13
1429.64
1430.13
1430.65
1431.12
1431.63
1432.2
1432.72
1433.21
1433.64
1434.12
1434.62
1435.12
1435.65
1436.13
1436.63
1437.13
1437.65
1438.13
1438.64
1439.13
1439.67
1440.17
1440.64
1441.13
1441.62
1442.18
1442.63
1443.2
1443.65
1444.13
1444.63
1445.13
1445.64
1446.17
1446.63
1447.13
1447.65
1448.12
1448.63
1449.13
1449.63
1450.13
1450.67
1451.12
1451.64
1452.12
1452.62
1453.13
1453.64
1454.12
1454.63
1455.13
1455.64
1456.13
1456.65
1457.12
1457.69
1458.14
1458.63
1459.12
1459.65
1460.13
1460.64
1461.12
1461.65
1462.12
1462.64
1463.12
1463.65
1464.12
1464.62
1465.13
1465.65
1466.13
1466.67
1467.13
1467.63
1468.15
1468.64
1469.14
1469.64
1470.13
1470.63
1471.13
1471.64
1472.13
1472.64
1473.13
1473.63
1474.13
1474.64
1475.12
1475.64
1476.12
1476.62
1477.12
1477.64
1478.13
1478.64
1479.17
1479.71
1480.13
1480.64
1481.13
1481.63
1482.15
1482.64
1483.13
1483.62
1484.13
1484.65
1485.13
1485.64
1486.13
1486.69
1487.13
1487.65
1488.13
1488.63
1489.13
1489.64
1490.13
1490.63
1491.17
1491.63
1492.13
1492.63
1493.13
1493.64
1494.13
1494.62
1495.2
1495.64
1496.13
1496.63
1497.12
1497.63
1498.13
1498.64
1499.15
1499.64
1500.13
1500.63
1501.13
1501.65
1502.18
1502.62
1503.14
1503.65
1504.13
1504.63
1505.13
1505.63
1506.14
1506.64
1507.14
1507.64
1508.12
1508.69
1509.14
1509.65
