0.000000
0.000000
0.000000
0.000000
34.439000
70.187000
80.190000
100.766000
119.993000
156.270000
171.915000
196.779000
220.254000
227.299000
232.773000
244.165000
261.330000
276.036000
289.201000
319.239000
348.805000
369.361000
411.644000
456.862000
488.154000
528.222000
555.366000
564.672000
571.632000
591.541000
622.250000
673.682000
697.562000
720.962000
732.664000
734.851000
735.022000
741.907000
762.248000
772.609000
791.829000
819.059000
834.358000
842.264000
851.180000
867.959000
890.740000
919.794000
935.807000
948.298000
979.303000
1014.494000
1031.774000
1043.632000
1048.619000
1051.340000
1055.565000
1056.521000
1064.228000
1075.588000
1091.235000
1114.024000
1131.039000
1156.191000
1179.548000
1201.873000
1231.003000
1257.493000
1270.190000
1276.402000
1279.770000
1287.897000
1291.149000
1291.902000
1292.304000
1292.582000
1292.869000
1294.681000
1296.992000
1298.826000
1311.439000
1316.492000
1321.029000
1334.036000
1350.694000
1375.897000
1405.066000
1446.658000
1472.583000
1513.730000
1539.582000
1563.343000
1607.116000
1655.962000
1676.627000
1696.024000
1703.967000
1716.143000
1754.988000
1797.138000
1839.308000
1897.151000
1926.096000
1953.511000
1982.088000
2005.137000
2028.219000
2075.443000
2111.426000
2153.923000
2179.232000
2193.976000
2213.557000
2224.287000
2238.166000
2251.122000
2259.657000
2276.977000
2313.975000
2359.756000
2389.211000
2428.854000
2465.519000
2492.132000
2506.530000
2560.357000
2605.084000
2641.398000
2667.287000
2683.041000
2690.016000
2692.263000
2700.050000
2718.336000
2736.539000
2758.204000
2780.791000
2809.144000
2838.911000
2891.302000
2903.731000
2923.364000
2935.349000
2956.932000
2986.511000
3007.054000
3017.074000
3029.035000
3040.798000
3050.602000
3063.371000
3081.662000
3095.261000
3124.250000
3146.624000
3176.960000
3204.769000
3224.917000
3237.632000
3254.719000
3278.401000
3294.246000
3302.678000
3310.033000
3323.602000
3335.129000
3352.912000
3373.013000
3397.947000
3437.911000
3468.934000
3514.966000
3545.894000
3558.167000
3562.467000
3569.996000
3578.353000
3591.840000
3611.142000
3648.171000
3668.510000
3689.153000
3715.274000
3736.803000
3763.458000
3777.774000
3783.555000
3795.753000
3801.661000
3805.846000
3813.234000
3827.325000
3834.748000
3842.493000
3847.158000
3854.656000
3862.545000
3872.574000
3884.274000
3894.369000
3905.228000
3923.446000
3935.952000
3947.378000
3963.704000
3987.834000
4016.024000
4046.894000
4075.530000
4097.218000
4106.161000
4117.229000
4125.328000
4129.385000
4130.576000
4131.811000
4145.226000
4155.357000
4170.258000
4184.261000
4203.917000
4213.549000
4222.882000
4226.086000
4229.062000
4233.257000
4233.953000
4236.270000
4236.298000
4236.307000
4236.360000
4236.480000
4236.562000
4236.682000
4237.075000
4238.022000
4238.507000
4238.511000
4239.146000
4269.633000
4283.121000
4296.608000
4302.492000
4309.111000
4327.674000
4360.879000
4392.513000
4439.866000
4471.462000
4488.291000
4502.776000
4512.563000
4515.031000
4520.744000
4522.622000
4529.050000
4539.653000
4551.829000
4557.231000
4557.818000
4557.961000
4558.077000
4558.132000
4560.678000
4568.202000
4579.927000
4585.725000
4589.617000
4596.130000
4606.627000
4615.406000
4619.235000
4619.622000
4626.242000
4626.317000
4627.764000
4627.988000
4628.084000
4628.100000
4628.104000
4628.134000
4628.293000
4628.347000
4629.091000
4637.101000
4652.979000
4662.813000
4669.214000
4672.121000
4681.578000
4705.833000
4736.485000
4746.657000
4766.670000
4772.529000
4784.802000
4813.880000
4850.773000
4879.670000
4904.172000
4938.689000
4967.697000
4985.647000
5036.701000
5077.974000
5120.005000
5142.506000
5156.790000
5171.281000
5197.773000
5222.609000
5244.846000
5256.268000
5267.579000
5278.828000
5306.887000
5333.612000
5366.761000
5400.406000
5437.403000
5454.509000
5464.974000
5478.849000
5482.480000
5482.719000
5487.721000
5495.607000
5510.030000
5520.643000
5538.633000
5546.417000
5553.493000
5556.861000
5564.159000
5594.097000
5610.160000
5615.636000
5619.147000
5621.471000
5625.329000
5636.932000
5647.270000
5656.592000
5659.764000
5661.202000
5667.744000
5686.992000
5704.648000
5721.565000
5741.422000
5762.068000
5786.394000
5804.627000
5827.151000
5855.699000
5881.566000
5904.175000
5928.490000
5941.380000
5966.407000
5979.485000
5989.456000
6000.369000
6016.203000
6025.754000
6033.662000
6038.965000
6041.155000
6041.460000
6058.986000
6062.367000
6067.398000
6067.935000
6069.007000
6073.442000
6082.841000
6092.300000
6108.198000
6113.528000
6118.601000
6125.489000
6134.249000
6144.549000
6158.878000
6173.610000
6192.701000
6198.120000
6198.804000
6206.292000
6215.415000
6221.148000
6226.509000
6230.808000
6250.391000
6267.069000
6273.584000
6280.233000
6291.627000
6303.653000
6344.195000
6370.452000
6413.432000
6443.203000
6468.978000
6486.861000
6518.304000
6555.411000
6586.677000
6606.693000
6620.626000
6656.296000
6702.877000
6727.749000
6751.649000
6771.788000
6784.103000
6787.842000
6789.286000
6796.745000
6812.466000
6821.646000
6822.708000
6823.351000
6837.628000
6841.372000
6843.061000
6856.941000
6888.859000
6915.885000
6954.668000
6982.828000
7009.136000
7033.459000
7062.278000
7088.516000
7113.992000
7125.503000
7134.077000
7146.448000
7154.747000
7156.888000
7170.049000
7185.825000
7208.080000
7234.062000
7263.648000
7281.505000
7315.489000
7335.724000
7368.466000
7397.272000
7424.792000
7446.648000
7477.979000
7505.488000
7528.667000
7544.081000
7558.126000
7572.829000
7584.128000
7590.791000
7602.339000
7614.955000
7635.712000
7644.300000
7659.932000
7664.062000
7665.247000
7669.046000
7669.192000
7669.859000
7675.169000
7675.265000
7675.385000
7678.474000
7688.558000
7705.512000
7723.191000
7741.984000
7754.490000
7762.585000
7773.699000
7784.771000
7794.772000
7808.108000
7833.476000
7859.599000
7879.434000
7887.528000
7890.453000
7890.557000
7890.613000
7890.653000
7890.840000
7890.987000
7891.112000
7891.298000
7891.506000
7891.597000
7891.700000
7892.023000
7894.669000
7909.424000
7925.235000
7933.708000
7938.422000
7948.419000
7965.098000
7972.338000
7974.372000
7974.908000
7975.114000
7975.138000
7975.160000
7975.166000
7975.188000
7975.236000
7975.347000
7975.406000
7975.450000
7975.495000
7975.517000
7976.765000
7978.355000
7980.235000
7982.948000
7988.627000
8004.598000
8013.049000
8020.521000
8027.394000
8036.860000
8047.282000
8062.482000
8085.717000
8105.922000
8117.360000
8146.454000
8160.546000
8184.331000
8193.422000
8196.102000
8196.319000
8196.480000
8196.903000
8197.240000
8197.406000
8197.534000
8198.097000
8204.125000
8204.326000
8204.366000
8209.271000
8209.677000
8210.922000
8211.021000
8211.334000
8211.591000
8217.330000
8231.280000
8241.871000
8255.801000
8266.547000
8277.852000
8286.461000
8291.537000
8291.916000
8292.082000
8292.197000
8292.563000
8292.841000
8294.771000
8311.500000
8324.758000
8324.888000
8324.979000
8325.005000
8326.710000
8328.603000
8334.346000
8338.930000
8346.663000
8353.498000
8364.774000
8376.278000
8380.220000
8381.451000
8381.942000
8382.314000
8386.179000
8386.324000
8386.353000
8386.364000
8386.513000
8387.213000
8387.299000
8387.319000
8387.351000
8387.399000
8387.517000
8388.066000
8389.725000
8393.731000
8396.970000
8407.270000
8409.642000
8409.912000
8412.081000
8412.595000
8413.896000
8415.169000
8423.026000
8447.771000
8462.287000
8464.103000
8469.659000
8477.490000
8483.604000
8486.772000
8503.181000
8508.691000
8514.459000
8527.840000
8539.507000
8551.575000
8564.851000
8582.109000
8595.300000
8604.227000
8608.267000
8611.578000
8615.110000
8615.778000
8616.373000
8617.629000
8618.895000
8620.227000
8623.893000
8626.232000
8626.455000
8626.930000
8628.414000
8629.785000
8631.809000
8632.058000
8632.058000
8632.058000
8632.058000
8632.058000
8632.058000
8632.058000
8632.058000
8632.058000
8632.058000
8632.058000
8632.058000
8632.058000
8632.058000
8632.058000
8632.058000
8632.058000
8632.089000
8632.240000
8633.010000
8633.068000
8633.237000
8633.290000
8633.501000
8635.316000
8635.612000
8635.886000
8636.027000
8637.481000
8642.303000
8642.709000
8642.988000
8643.065000
8643.067000
8643.435000
8643.510000
8643.510000
8643.521000
8643.586000
8646.557000
8657.284000
8672.287000
8679.805000
8688.622000
8700.661000
8716.336000
8731.899000
8743.176000
8765.602000
8794.334000
8809.939000
8816.988000
8822.186000
8826.310000
8829.898000
8835.823000
8850.648000
8870.789000
8885.866000
8908.159000
8930.797000
8953.632000
8965.691000
8990.927000
9007.734000
9029.403000
9041.159000
9055.219000
9063.340000
9066.923000
9068.823000
9070.447000
9071.949000
9072.273000
9072.345000
9072.513000
9072.571000
9072.800000
9074.184000
9086.541000
9086.805000
9092.549000
9094.179000
9094.324000
9095.087000
9095.828000
9097.008000
9098.443000
9100.398000
9103.193000
9105.509000
9110.424000
9114.558000
9119.711000
9122.662000
9126.788000
9132.115000
9135.790000
9140.947000
9147.929000
9151.035000
9154.615000
9158.325000
9159.950000
9162.554000
9165.542000
9165.648000
9165.869000
9167.933000
9168.880000
9169.116000
9169.515000
9169.696000
9169.776000
9169.978000
9170.059000
9171.624000
9174.872000
9176.156000
9176.287000
9176.471000
9177.003000
9177.254000
9177.324000
9177.410000
9177.761000
9177.899000
9178.059000
9178.071000
9178.071000
9178.071000
9178.071000
9178.071000
9178.082000
9178.741000
9190.397000
9203.835000
9214.273000
9221.373000
9243.596000
9254.173000
9260.290000
9262.492000
9263.620000
9263.875000
9264.222000
9264.344000
9264.514000
9264.528000
9264.528000
9264.528000
9264.528000
9264.528000
9264.528000
9264.528000
9264.528000
9264.528000
9264.528000
9264.528000
9264.528000
9264.528000
9264.528000
9264.528000
9264.528000
9264.528000
9264.528000
9264.528000
9264.557000
9264.776000
9265.341000
9266.435000
9279.050000
9287.302000
9288.479000
9288.814000
9294.739000
9308.197000
9315.515000
9321.794000
9331.000000
9338.776000
9354.760000
9363.594000
9369.081000
9370.546000
9379.081000
9387.870000
9402.263000
9411.184000
9416.312000
9416.879000
9417.047000
9417.347000
9417.454000
9417.510000
9417.583000
9420.567000
9425.229000
9429.897000
9436.080000
9446.221000
9447.374000
9450.150000
9461.533000
9470.353000
9490.195000
9506.328000
9512.975000
9526.746000
9543.011000
9548.863000
9549.212000
9549.212000
9549.212000
9549.267000
9552.936000
9553.298000
9553.467000
9553.523000
9553.523000
9553.523000
9553.523000
9553.523000
9553.523000
9553.523000
9553.523000
9553.523000
9553.523000
9553.523000
9553.523000
9553.523000
9553.523000
9553.523000
9553.523000
9553.523000
9553.523000
9553.523000
9553.523000
9553.523000
9553.523000
9553.523000
9553.523000
9553.523000
9553.523000
9553.523000
9553.544000
9553.574000
9554.223000
9554.730000
9555.366000
9555.570000
9556.596000
9562.057000
9568.387000
9570.068000
9577.409000
9579.781000
9580.276000
9586.468000
9590.909000
9595.483000
9602.403000
9606.308000
9609.335000
9612.909000
9617.809000
9622.098000
9625.651000
9627.548000
9630.937000
9632.009000
9632.802000
9635.658000
9637.404000
9638.277000
9645.977000
9649.310000
9649.563000
9649.762000
9649.848000
9653.789000
9657.121000
9657.421000
9661.021000
9665.666000
9668.897000
9669.760000
9670.464000
9671.379000
9672.389000
9673.102000
9673.660000
9673.797000
9673.899000
9674.964000
9678.750000
9679.201000
9679.893000
9679.991000
9679.991000
9680.105000
9680.271000
9680.627000
9680.816000
9682.789000
9690.191000
9696.749000
9701.353000
9709.664000
9719.292000
9722.085000
9732.517000
9741.243000
9746.378000
9749.686000
9754.125000
9758.025000
9762.416000
9763.779000
9766.696000
9775.271000
9790.444000
9793.171000
9793.191000
9793.302000
9793.345000
9796.500000
9799.458000
9803.813000
9803.962000
9804.114000
9804.961000
9805.595000
9806.006000
9806.376000
9808.339000
9810.278000
9815.186000
9826.516000
9833.012000
9837.872000
9844.149000
9853.339000
9865.550000
9884.577000
9905.207000
9920.851000
9931.028000
9938.201000
9944.371000
9948.071000
9950.952000
9953.098000
9957.091000
9963.557000
9969.984000
9982.947000
9992.231000
9996.931000
10002.085000
10002.085000
10002.085000
10002.085000
10002.333000
10002.863000
10012.052000
10012.480000
10012.732000
10012.732000
10012.732000
10012.732000
10012.732000
10012.763000
10013.298000
10018.234000
10026.797000
10029.167000
10033.106000
10034.072000
10034.319000
10034.570000
10034.646000
10035.292000
10035.553000
10035.664000
10035.748000
10035.793000
10035.921000
10036.187000
10039.576000
10041.280000
10044.535000
10046.698000
10050.312000
10051.710000
10052.075000
10052.126000
10052.339000
10052.496000
10052.768000
10053.127000
10053.322000
10053.408000
10053.473000
10054.217000
10059.380000
10060.229000
10060.945000
10061.063000
10062.252000
10063.075000
10063.327000
10066.032000
10070.004000
10070.103000
10083.918000
10086.942000
10096.381000
10104.883000
10114.278000
10122.611000
10133.794000
10139.850000
10147.423000
10157.251000
10166.415000
10174.214000
10187.198000
10199.748000
10205.837000
10211.588000
10230.892000
10238.598000
10240.758000
10241.492000
10241.958000
10242.088000
10242.205000
10242.490000
10242.732000
10242.794000
10242.997000
10243.055000
10243.077000
10243.105000
10243.231000
10243.311000
10243.479000
10243.729000
10244.929000
10245.771000
10246.648000
10247.830000
10248.863000
10249.758000
10250.828000
10251.349000
10254.393000
10259.893000
10265.513000
10269.345000
10278.439000
10284.532000
10287.104000
10288.282000
10289.520000
10289.802000
10289.875000
10289.917000
10290.005000
10290.388000
10290.541000
10290.683000
10290.721000
10290.896000
10290.920000
10290.967000
10291.243000
10291.521000
10291.691000
10291.921000
10292.184000
10292.269000
10292.483000
10292.785000
10293.165000
10294.433000
10295.580000
10296.672000
10297.051000
10297.581000
10297.899000
10297.957000
10298.133000
10298.335000
10298.467000
10298.556000
10298.608000
10298.615000
10298.625000
10298.637000
10298.827000
10299.244000
10299.338000
10299.402000
10299.724000
10302.603000
10303.714000
10304.059000
10304.196000
10304.386000
10305.238000
10306.595000
10307.017000
10307.278000
10307.509000
10307.674000
10307.980000
10307.980000
10308.095000
10308.424000
10308.614000
10308.670000
10308.705000
10308.735000
10308.735000
10308.735000
10308.735000
10308.746000
10308.781000
10308.818000
10308.900000
10308.930000
10308.991000
10309.053000
10309.102000
10309.190000
10309.222000
10309.235000
10309.271000
10309.272000
10309.283000
10309.293000
10309.306000
10309.306000
10309.309000
10309.313000
10309.349000
10309.381000
10309.421000
10309.450000
10309.480000
10309.514000
10309.538000
10309.621000
10309.666000
10309.676000
10309.711000
10309.742000
10309.837000
10309.854000
10309.861000
10309.861000
10309.861000
10309.861000
10309.861000
10309.861000
10309.887000
10309.903000
10309.935000
10310.016000
10310.036000
10310.049000
10310.093000
10312.055000
10315.934000
10318.409000
10319.107000
10319.303000
10319.508000
10319.575000
10319.626000
10319.662000
10319.701000
10319.777000
10319.777000
10319.800000
10319.859000
10319.887000
10319.898000
10319.926000
10320.036000
10320.128000
10320.141000
10320.143000
10320.164000
10320.192000
10320.207000
10320.249000
10320.260000
10320.297000
10320.300000
10320.310000
10320.339000
10320.389000
10320.492000
10320.584000
10320.605000
10320.631000
10320.687000
10320.710000
10320.714000
10320.715000
10320.747000
10320.807000
10321.095000
10321.116000
10321.135000
10321.159000
10321.191000
10321.199000
10321.255000
10321.290000
10321.315000
10321.315000
10321.327000
10321.354000
10321.402000
10321.577000
10321.786000
10321.818000
10321.852000
10321.865000
10321.873000
10321.892000
10321.894000
10321.904000
10321.914000
10321.929000
10321.971000
10322.005000
10322.045000
10322.090000
10322.111000
10322.112000
10322.121000
10322.127000
10322.128000
10322.128000
10322.128000
10322.129000
10322.152000
10322.169000
10322.218000
10322.224000
10322.227000
10322.234000
10322.267000
10322.315000
10322.378000
10322.410000
10322.420000
10322.426000
10322.447000
10322.489000
10322.493000
10322.499000
10322.533000
10322.568000
10322.616000
10322.623000
10322.638000
10322.661000
10322.687000
10322.692000
10322.716000
10322.741000
10322.747000
10322.765000
10322.789000
10322.840000
10322.889000
10322.893000
10322.901000
10322.905000
10322.914000
10322.916000
10322.918000
10322.923000
10322.934000
10322.941000
10322.949000
10322.951000
10322.971000
10322.989000
10323.021000
10323.046000
10323.233000
10323.341000
10323.458000
10323.832000
10323.918000
10323.932000
10323.932000
10323.999000
10324.069000
10324.108000
10324.148000
10324.194000
10324.364000
10324.429000
10324.474000
10324.536000
10324.595000
10324.618000
10324.638000
10324.651000
10324.666000
10324.672000
10324.695000
10324.727000
10324.728000
10324.732000
10324.736000
10324.852000
10325.022000
10325.036000
10325.048000
10325.067000
10325.071000
10325.083000
10325.085000
10325.086000
10325.090000
10325.115000
10325.205000
10325.235000
10325.248000
10325.264000
10325.366000
10325.471000
10325.678000
10325.858000
10326.040000
10326.112000
10326.176000
10326.223000
10326.261000
10326.304000
10326.341000
10326.383000
10326.404000
10326.460000
10326.492000
10326.503000
10326.509000
10326.534000
10326.548000
10326.549000
10326.549000
10326.557000
10326.557000
10326.558000
10326.563000
10326.572000
10326.583000
10326.661000
10326.793000
10326.831000
10326.875000
10326.882000
10326.886000
10326.898000
10326.926000
10326.927000
10326.928000
10326.952000
10326.981000
10327.010000
10327.066000
10327.113000
10327.217000
10327.293000
10327.314000
10327.319000
10327.340000
10327.364000
10327.415000
10327.417000
10327.435000
10327.449000
10327.457000
10327.481000
10327.486000
10327.492000
10327.493000
10327.506000
10327.559000
10327.560000
10327.563000
10327.565000
10327.580000
10327.583000
10327.586000
10327.589000
10327.603000
10327.693000
10327.729000
10327.733000
10327.762000
10327.816000
10328.219000
10328.324000
10328.347000
10328.361000
10328.363000
10328.363000
10328.366000
10328.381000
10328.382000
10328.397000
10328.407000
10328.436000
10328.485000
10328.724000
10328.730000
10328.731000
10328.778000
10328.831000
10328.883000
10328.901000
10328.927000
10328.955000
10328.966000
10329.052000
10329.081000
10329.112000
10329.216000
10329.218000
10329.220000
10329.224000
10329.241000
10329.257000
10329.258000
10329.260000
10329.261000
10329.269000
10329.317000
10329.420000
10329.470000
10329.470000
10329.475000
10329.477000
10329.478000
10329.486000
10329.512000
10329.516000
10329.521000
10329.523000
10329.531000
10329.575000
10329.575000
10329.577000
10329.583000
10329.590000
10329.698000
10329.798000
10329.816000
10329.818000
10329.850000
10329.870000
10329.871000
10329.871000
10329.915000
10329.915000
10329.926000
10329.942000
10329.976000
10329.987000
10330.051000
10330.105000
10330.152000
10330.200000
10330.281000
10330.342000
10330.412000
10330.431000
10330.786000
10332.103000
10332.575000
10332.575000
10332.575000
10332.625000
10332.721000
10332.768000
10332.803000
10332.805000
10332.830000
10332.883000
10332.974000
10333.027000
10333.144000
10333.296000
10333.925000
10334.241000
10335.431000
10335.568000
10335.615000
10335.688000
10335.763000
10335.826000
10335.838000
10335.839000
10335.878000
10336.010000
10336.052000
10336.200000
10336.207000
10336.223000
10336.284000
10336.301000
10336.303000
10336.303000
10336.314000
10336.332000
10336.400000
10336.588000
10336.634000
10336.714000
10336.882000
10336.900000
10336.919000
10336.934000
10336.940000
10336.975000
10337.194000
10337.294000
10337.315000
10337.326000
10337.402000
10337.434000
10337.480000
10337.572000
10337.588000
10337.589000
10337.592000
10337.597000
10337.633000
10337.679000
10337.700000
10337.707000
10337.789000
10338.659000
10340.242000
10340.930000
10343.047000
10348.722000
10354.988000
10358.339000
10359.737000
10360.366000
10361.422000
10361.650000
10361.669000
10361.693000
10361.841000
10361.964000
10362.002000
10362.011000
10368.720000
10372.145000
10372.482000
10372.526000
10372.555000
10372.569000
10372.669000
10373.807000
10373.993000
10374.006000
10374.060000
10374.589000
10374.994000
10375.283000
10375.540000
10375.616000
10375.733000
10385.145000
10406.775000
10412.800000
10419.398000
10441.209000
10453.358000
10457.082000
10461.996000
10478.916000
10489.716000
10492.115000
10499.167000
10499.195000
10499.824000
10500.019000
10505.582000
10508.376000
10508.645000
10516.662000
10521.404000
10534.781000
10542.324000
10550.098000
10557.094000
10561.010000
10563.824000
10569.988000
10580.938000
10590.100000
10599.337000
10606.177000
10612.834000
10618.919000
10620.553000
10621.319000
10621.445000
10623.005000
10625.463000
10626.381000
10627.908000
10628.524000
10630.808000
10631.533000
10631.709000
10631.810000
10631.877000
10631.891000
10631.905000
10631.909000
10631.909000
10631.911000
10631.940000
10632.243000
10632.615000
10632.892000
10633.102000
10633.266000
10633.467000
10633.502000
10633.582000
10633.628000
10636.093000
10643.657000
10656.521000
10672.792000
10687.590000
10695.748000
10700.447000
10704.817000
10705.697000
10705.977000
10712.281000
10724.554000
10728.665000
10728.900000
10729.192000
10729.267000
10729.627000
10729.645000
10729.682000
10729.717000
10729.764000
10729.802000
10729.824000
10729.885000
10729.972000
10730.008000
10730.092000
10730.115000
10730.205000
10730.216000
10730.249000
10730.268000
10730.336000
10730.360000
10730.362000
10730.429000
10730.485000
10730.552000
10730.566000
10730.591000
10730.623000
10730.654000
10730.736000
10730.787000
10730.787000
10730.787000
10730.787000
10730.787000
10730.787000
10730.835000
10730.876000
10730.901000
10730.933000
10730.977000
10731.023000
10731.026000
10731.027000
10731.027000
10731.027000
10731.027000
10731.027000
10731.027000
10731.112000
10731.630000
10731.955000
10731.999000
10734.154000
10736.015000
10738.811000
10738.832000
10738.838000
10738.838000
10738.869000
10738.927000
10738.927000
10738.927000
10738.928000
10738.928000
10738.945000
10738.954000
10738.976000
10738.990000
10739.056000
10739.122000
10739.150000
10739.164000
10739.185000
10739.251000
10739.358000
10739.389000
10739.486000
10739.547000
10739.547000
10739.547000
10739.547000
10739.547000
10739.547000
10739.547000
10739.547000
10739.547000
10739.547000
10739.547000
10739.547000
10739.555000
10739.615000
10739.626000
10739.698000
10739.752000
10739.826000
10739.851000
10739.868000
10739.876000
10739.893000
10739.908000
10739.923000
10739.923000
10739.928000
10739.928000
10739.928000
10739.928000
10739.928000
10739.928000
10739.931000
10739.941000
10739.952000
10739.957000
10739.973000
10739.991000
10739.994000
10740.002000
10740.004000
10740.004000
10740.011000
10740.024000
10740.029000
10740.030000
10740.040000
10740.081000
10740.106000
10740.114000
10740.253000
10740.275000
10740.346000
10740.387000
10740.397000
10740.397000
10740.405000
10740.429000
10740.491000
10740.493000
10740.502000
10740.507000
10740.507000
10740.513000
10740.513000
10740.514000
10740.564000
10740.612000
10740.669000
10740.710000
10740.811000
10740.827000
10740.873000
10740.986000
10741.008000
10742.273000
10742.281000
10742.282000
10742.284000
10742.302000
10742.305000
10742.309000
10742.319000
10742.323000
10742.323000
10742.323000
10742.323000
10742.332000
10742.421000
10742.432000
10742.448000
10742.494000
10742.577000
10742.595000
10742.602000
10742.603000
10742.605000
10742.605000
10742.609000
10742.610000
10742.622000
10742.631000
10742.660000
10742.670000
10742.673000
10742.673000
10742.673000
10742.674000
10742.674000
10742.675000
10742.869000
10742.876000
10742.877000
10742.880000
10742.892000
10742.893000
10742.893000
10742.893000
10742.893000
10742.893000
10742.893000
10742.893000
10742.903000
10743.040000
10743.045000
10743.050000
10743.056000
10743.056000
10743.079000
10745.009000
10749.605000
10749.629000
10749.652000
10749.665000
10749.665000
10749.665000
10749.665000
10749.674000
10749.701000
10749.701000
10749.712000
10749.746000
10749.772000
10749.787000
10749.804000
10749.808000
10749.839000
10749.899000
10749.955000
10749.966000
10749.979000
10749.979000
10749.988000
10750.006000
10750.077000
10750.153000
10750.281000
10750.281000
10750.281000
10750.298000
10750.364000
10750.444000
10750.515000
10750.558000
10750.581000
10750.591000
10750.599000
10750.611000
10750.613000
10750.616000
10750.675000
10750.713000
10750.742000
10750.755000
10750.757000
10750.805000
10750.857000
10750.866000
10750.866000
10750.874000
10750.967000
10750.967000
10750.975000
10751.013000
10751.021000
10751.047000
10751.066000
10751.067000
10751.073000
10751.086000
10751.097000
10751.097000
10751.097000
10751.100000
10751.106000
10751.107000
10751.115000
10751.118000
10751.118000
10751.118000
10751.136000
10751.136000
10751.146000
10751.152000
10751.160000
10751.255000
10751.344000
10751.847000
10755.640000
10760.877000
10768.612000
10769.443000
10770.027000
10772.947000
10782.066000
10788.258000
10803.464000
10812.195000
10813.062000
10813.634000
10813.784000
10813.864000
10813.886000
10813.890000
10813.899000
10813.913000
10814.259000
10814.337000
10814.360000
10814.379000
10814.415000
10814.453000
10814.473000
10814.478000
10814.512000
10814.535000
10814.553000
10814.558000
10814.566000
10814.573000
10814.589000
10814.603000
10814.614000
10814.621000
10814.623000
10814.635000
10814.643000
10814.643000
10814.645000
10814.651000
10814.656000
10814.658000
10814.658000
10814.659000
10814.665000
10814.670000
10814.684000
10814.691000
10814.696000
10814.702000
10814.706000
10814.716000
10814.724000
10814.725000
10814.728000
10814.729000
10814.751000
10814.764000
10814.827000
10814.852000
10814.904000
10814.926000
10814.986000
10815.031000
10815.068000
10815.074000
10815.077000
10815.088000
10815.111000
10815.130000
10815.156000
10815.241000
10815.859000
10818.223000
10821.261000
10822.863000
10823.600000
10834.106000
10845.525000
10862.524000
10874.584000
10881.782000
10890.689000
10901.879000
10917.336000
10938.805000
10946.791000
10950.587000
10960.633000
10963.584000
10964.354000
10964.598000
10965.541000
10965.855000
10965.976000
10966.070000
10966.254000
10966.301000
10966.334000
10966.376000
10966.413000
10966.431000
10966.491000
10967.384000
10967.418000
10970.943000
10973.876000
10973.897000
10973.947000
10973.988000
10973.997000
10974.002000
10974.050000
10974.133000
10974.165000
10974.165000
10974.165000
10974.165000
10974.165000
10974.165000
10974.179000
10974.212000
10974.232000
10978.001000
10992.992000
11003.989000
11010.981000
11018.300000
11026.637000
11030.228000
11032.426000
11035.846000
11042.880000
11062.754000
11067.166000
11068.641000
11069.109000
11069.226000
11069.476000
11069.539000
11069.596000
11069.628000
11069.669000
11069.787000
11069.907000
11069.928000
11069.961000
11070.001000
11070.047000
11070.121000
11070.199000
11070.232000
11070.274000
11070.297000
11070.313000
11070.345000
11070.361000
11070.388000
11070.449000
11070.481000
11070.498000
11070.538000
11070.561000
11070.568000
11070.576000
11070.583000
11070.664000
11071.049000
11071.053000
11071.053000
11071.062000
11071.079000
11071.148000
11071.191000
11071.237000
11071.237000
11071.237000
11071.240000
11071.265000
11071.377000
11072.907000
11076.610000
11079.670000
11081.846000
11086.176000
11091.678000
11099.861000
11105.699000
11113.112000
11119.038000
11123.351000
11126.355000
11129.446000
11132.286000
11139.124000
11142.315000
11143.262000
11144.206000
11144.737000
11144.922000
11144.978000
11144.986000
11145.013000
11145.033000
11145.148000
11145.189000
11145.254000
11145.302000
11145.340000
11145.362000
11145.410000
11145.418000
11145.432000
11145.433000
11145.457000
11145.467000
11145.489000
11145.516000
11145.549000
11145.584000
11145.620000
11145.643000
11145.676000
11145.688000
11145.962000
11145.970000
11146.027000
11146.111000
11146.204000
11146.212000
11146.220000
11146.221000
11146.229000
11146.302000
11146.503000
11146.628000
11146.643000
11146.683000
11146.779000
11147.124000
11147.391000
11147.536000
11147.804000
11152.829000
11165.167000
11167.434000
11167.582000
11167.595000
11167.674000
11167.712000
11167.913000
11167.961000
11167.974000
11167.989000
11168.001000
11168.043000
11168.095000
11168.247000
11168.328000
11168.329000
11168.389000
11168.591000
11168.970000
11169.251000
11169.403000
11169.536000
11169.626000
11169.713000
11169.774000
11169.868000
11169.895000
11169.947000
11170.004000
11170.015000
11170.045000
11170.054000
11170.065000
11170.080000
11170.096000
11170.096000
11170.096000
11170.096000
11170.096000
11170.096000
11170.096000
11170.108000
11170.115000
11170.119000
11170.165000
11170.180000
11170.225000
11170.618000
11171.252000
11171.431000
11171.434000
11171.449000
11171.497000
11171.501000
11171.503000
11171.508000
11171.517000
11171.651000
11171.734000
11171.746000
11171.748000
11171.784000
11171.905000
11172.443000
11172.554000
11172.574000
11172.576000
11172.577000
11172.582000
11172.592000
11172.637000
11172.709000
11172.776000
11172.839000
11172.874000
11172.908000
11173.076000
11173.193000
11173.277000
11173.313000
11173.351000
11173.451000
11173.478000
11173.480000
11173.489000
11173.489000
11173.489000
11173.491000
11173.496000
11173.497000
11173.501000
11173.518000
11173.536000
11173.546000
11173.562000
11173.575000
11173.590000
11173.601000
11173.620000
11173.643000
11173.672000
11173.686000
11173.699000
11173.702000
11173.755000
11173.772000
11173.849000
11173.912000
11173.939000
11173.939000
11173.939000
11173.939000
11173.939000
11173.939000
11173.976000
11174.063000
11174.155000
11174.202000
11174.232000
11174.256000
11174.271000
11174.280000
11174.319000
11174.339000
11174.353000
11174.420000
11174.455000
11174.459000
11174.462000
11174.462000
11174.462000
11174.464000
11174.689000
11174.959000
11175.103000
11175.129000
11175.298000
11175.313000
11175.313000
11175.313000
11175.314000
11175.315000
11175.316000
11175.316000
11175.323000
11175.340000
11175.347000
11175.358000
11175.366000
11175.387000
11175.390000
11175.391000
11175.435000
11175.457000
11175.526000
11176.332000
11176.469000
11176.499000
11176.499000
11176.499000
11176.569000
11176.649000
11176.692000
11176.719000
11176.966000
11177.011000
11177.752000
11177.987000
11178.206000
11178.785000
11179.110000
11179.211000
11179.699000
11179.965000
11180.119000
11181.274000
11181.525000
11181.558000
11181.569000
11181.569000
11181.582000
11181.654000
11181.750000
11181.762000
11181.882000
11181.923000
11181.973000
11181.988000
11182.004000
11182.024000
11182.139000
11182.150000
11182.151000
11182.154000
11182.161000
11182.807000
11182.936000
11182.973000
11182.981000
11183.028000
11183.143000
11183.199000
11183.215000
11183.224000
11183.234000
11183.237000
11183.297000
11183.326000
11183.355000
11183.365000
11183.405000
11183.524000
11183.670000
11183.694000
11183.702000
11183.707000
11183.710000
11183.731000
11183.747000
11183.780000
11183.855000
11183.863000
11183.893000
11183.898000
11183.899000
11183.910000
11183.917000
11183.960000
11183.978000
11183.990000
11184.031000
11184.042000
11184.075000
11184.092000
11184.122000
11184.153000
11184.163000
11184.163000
11184.166000
11184.167000
11184.170000
11184.177000
11184.211000
11184.240000
11184.262000
11184.296000
11184.353000
11184.380000
11184.429000
11184.458000
11184.574000
11184.631000
11184.690000
11184.745000
11184.750000
11184.790000
11184.840000
11184.885000
11184.945000
11184.964000
11184.975000
11184.978000
11184.981000
11184.982000
11184.987000
11184.988000
11184.990000
11184.993000
11185.000000
11185.016000
11185.027000
11185.031000
11185.080000
11185.118000
11185.150000
11185.172000
11185.174000
11185.175000
11185.175000
11185.183000
11185.186000
11185.193000
11185.224000
11185.257000
11185.280000
11185.285000
11185.379000
11185.407000
11185.461000
11185.461000
11185.538000
11185.733000
11185.822000
11185.845000
11185.908000
11185.922000
11185.944000
11186.068000
11186.187000
11186.284000
11186.292000
11186.292000
11186.295000
11186.303000
11186.305000
11186.309000
11186.315000
11186.317000
11186.317000
11186.317000
11186.326000
11186.332000
11186.354000
11186.387000
11186.407000
11186.504000
11186.580000
11186.705000
11186.750000
11186.759000
11186.782000
11186.793000
11186.797000
11186.843000
11186.883000
11186.883000
11186.889000
11186.891000
11187.198000
11187.228000
11187.233000
11187.245000
11187.257000
11187.276000
11187.288000
11187.302000
11187.332000
11187.342000
11187.347000
11187.347000
11187.352000
11187.352000
11187.381000
11187.384000
11187.600000
11187.991000
11188.060000
11188.090000
11188.198000
11188.360000
11188.526000
11188.601000
11188.690000
11188.721000
11188.724000
11188.730000
11188.737000
11188.738000
11188.770000
11188.785000
11188.813000
11188.838000
11188.856000
11188.879000
11188.879000
11188.881000
11188.908000
11188.931000
11188.938000
11188.939000
11188.940000
11188.953000
11189.009000
11189.020000
11189.164000
11189.217000
11189.261000
11189.412000
11189.417000
11189.422000
11189.457000
11189.787000
11190.022000
11190.190000
11190.567000
11191.264000
11191.446000
11191.593000
11192.101000
11192.424000
11192.681000
11192.795000
11193.239000
11193.462000
11193.833000
11193.835000
11193.848000
11193.849000
11193.853000
11193.856000
11193.902000
11193.913000
11193.955000
11193.958000
11193.966000
11193.971000
11193.978000
11193.986000
11194.011000
11194.032000
11194.124000
11194.188000
11194.239000
11194.289000
11194.332000
11194.334000
11194.344000
11194.354000
11194.362000
11194.365000
11194.371000
11194.380000
11194.398000
11194.419000
11194.447000
11194.461000
11194.462000
11194.463000
11194.465000
11194.472000
11194.472000
11194.473000
11194.473000
11194.479000
11194.489000
11194.502000
11194.533000
11194.534000
11194.542000
11194.543000
11194.543000
11194.548000
11194.573000
11194.602000
11194.608000
11194.610000
11194.614000
11194.622000
11194.630000
11194.640000
11194.647000
11194.652000
11194.653000
11194.653000
11194.656000
11194.660000
11194.663000
11194.669000
11194.684000
11194.693000
11194.771000
11194.845000
11194.903000
11194.963000
11194.978000
11194.981000
11194.985000
11194.990000
11195.019000
11195.032000
11195.039000
11195.048000
11195.063000
11195.111000
11195.141000
11195.152000
11195.156000
11195.157000
11195.157000
11195.159000
11195.170000
11195.180000
11195.205000
11195.240000
11195.282000
11195.295000
11195.312000
11195.316000
11195.322000
11195.324000
11195.327000
11195.329000
11195.356000
11195.360000
11195.363000
11195.365000
11195.390000
11195.403000
11195.411000
11195.434000
11195.453000
11195.468000
11195.474000
11195.477000
11195.496000
11195.507000
11195.561000
11195.720000
11195.809000
11195.870000
11195.873000
11195.876000
11195.885000
11195.886000
11195.893000
11195.900000
11195.907000
11195.913000
11195.924000
11195.933000
11195.944000
11195.965000
11195.973000
11195.978000
11195.986000
11195.989000
11195.997000
11196.004000
11196.011000
11196.011000
11196.021000
11196.052000
11196.068000
11196.101000
11196.113000
11196.119000
11196.127000
11196.161000
11196.187000
11196.192000
11196.267000
11196.275000
11196.285000
11196.288000
11196.291000
11196.295000
11196.322000
11196.333000
11196.346000
11196.408000
11196.450000
11196.484000
11196.491000
11196.519000
11196.523000
11196.538000
11196.746000
11196.771000
11197.299000
11197.375000
11197.469000
11197.564000
11197.627000
11197.732000
11197.973000
11197.985000
11197.989000
11197.998000
11197.998000
11197.999000
11198.000000
11198.000000
11198.000000
11198.000000
11198.001000
11198.001000
11198.006000
11198.037000
11198.042000
11198.059000
11198.132000
11198.173000
11198.192000
11198.324000
11198.402000
11198.563000
11198.610000
11198.641000
11198.665000
11198.680000
11198.741000
11198.781000
11198.794000
11198.808000
11198.821000
11198.828000
11198.830000
11198.831000
11198.832000
11198.834000
11198.835000
11198.836000
11198.840000
11198.845000
11198.866000
11198.887000
11198.901000
11198.922000
11199.041000
11199.072000
11199.147000
11199.282000
11199.311000
11199.329000
11199.391000
11199.448000
11199.483000
11199.483000
11199.483000
11199.483000
11199.487000
11199.489000
11199.494000
11199.495000
11199.543000
11199.604000
11199.705000
11200.686000
11201.768000
11201.768000
11201.867000
11202.081000
11202.153000
11202.218000
11202.295000
11202.343000
11202.403000
11202.463000
11202.540000
11202.550000
11202.664000
11202.768000
11202.841000
11202.925000
11203.077000
11203.077000
11203.077000
11203.077000
11203.077000
11203.077000
11203.089000
11203.094000
11203.109000
11203.150000
11203.178000
11203.230000
11203.241000
11203.267000
11203.274000
11203.276000
11203.276000
11203.285000
11203.300000
11203.361000
11203.389000
11203.411000
11203.430000
11203.457000
11203.463000
11203.473000
11203.479000
11203.480000
11203.481000
11203.484000
11203.487000
11203.512000
11203.519000
11203.519000
11203.526000
11203.531000
11203.531000
11203.534000
11203.536000
11203.538000
11203.545000
11203.550000
11203.560000
11203.575000
11203.583000
11203.587000
11203.614000
11203.657000
11203.682000
11203.696000
11203.700000
11203.711000
11203.774000
11203.798000
11203.824000
11203.840000
11203.847000
11203.853000
11203.868000
11203.917000
11203.945000
11203.970000
11204.008000
11204.013000
11204.030000
11204.033000
11204.039000
11204.046000
11204.057000
11204.063000
11204.064000
11204.069000
11204.089000
11204.094000
11204.099000
11204.100000
11204.104000
11204.109000
11204.112000
11204.113000
11204.115000
11204.117000
11204.121000
11204.127000
11204.178000
11204.179000
11204.180000
11204.188000
11204.216000
11204.217000
11204.224000
11204.227000
11204.245000
11204.258000
11204.310000
11204.330000
11204.407000
11204.441000
11204.479000
11204.509000
11204.524000
11204.525000
11204.526000
11204.526000
11204.527000
11204.539000
11204.564000
11204.566000
11204.575000
11204.586000
11204.590000
11204.593000
11204.597000
11204.598000
11204.602000
11204.604000
11204.604000
11204.609000
11204.632000
11204.646000
11204.655000
11204.657000
11204.657000
11204.663000
11204.669000
11204.727000
11204.768000
11204.784000
11204.829000
11205.015000
11205.026000
11205.053000
11205.085000
11205.091000
11205.093000
11205.093000
11205.113000
11205.121000
11205.202000
