0.006630
0.004766
0.004369
0.004428
0.005476
0.005284
0.006861
0.004834
0.004036
0.005201
0.005063
0.006191
0.003567
0.005675
0.005087
0.005941
0.003759
0.005549
0.003270
0.004175
0.004773
0.004169
0.004256
0.004722
0.004278
0.004563
0.003238
0.003726
0.004519
0.003882
0.004326
0.003937
0.008339
0.006512
0.007476
0.005430
0.006158
0.006515
0.005282
0.005005
0.006824
0.005100
0.004427
0.005171
0.004513
0.004520
0.003786
0.004626
0.004635
0.005265
0.005424
0.005010
0.005255
0.004584
0.004164
0.003007
0.002916
0.006001
0.005843
0.006213
0.006077
0.004536
0.005494
0.003891
0.005513
0.004636
0.006057
0.004985
0.004599
0.004233
0.003355
0.003390
0.004573
0.007122
0.005129
0.004258
0.004349
0.003257
0.004385
0.004794
0.004145
0.004408
0.004309
0.008368
0.008954
0.006892
0.007588
0.006856
0.007301
0.007718
0.006771
0.003135
0.003409
0.011453
0.007231
0.011305
0.008546
0.007049
0.004748
0.009178
0.009209
0.007450
0.006206
0.004789
0.003890
0.004278
0.003309
0.003230
0.007202
0.003807
0.004238
0.005540
0.007854
0.004404
0.004543
0.007962
0.008031
0.007343
0.008179
0.007171
0.007057
0.007097
0.007120
0.007070
0.007042
0.007159
0.007056
0.007103
0.006798
0.006789
0.007162
0.006742
0.006772
0.006770
0.006846
0.006840
0.006807
0.006792
0.006785
0.006037
0.006052
0.006046
0.006033
0.006085
0.006012
0.007175
0.008487
0.005231
0.003897
0.003429
0.003287
0.003417
0.003018
0.003587
0.007498
0.001211
