0.005230
0.001855
0.001940
0.002055
0.002167
0.002047
0.002410
0.002582
0.002734
0.002649
0.002934
0.002899
0.003165
0.003524
0.002737
0.002862
0.002951
0.002957
0.003127
0.003144
0.002164
0.002264
0.002608
0.002538
0.002519
0.002771
0.002926
0.002408
0.002156
0.002262
0.002062
0.002264
0.002708
0.003200
0.003386
0.003500
0.003783
0.003469
0.003494
0.003913
0.004039
0.003798
0.003754
0.003486
0.003292
0.003509
0.003424
0.003120
0.002890
0.003078
0.003003
0.002573
0.002527
0.002527
0.002586
0.002736
0.002521
0.002394
0.002477
0.002323
0.002536
0.002900
0.002683
0.003337
0.003585
0.003407
0.003617
0.003498
0.003644
0.003860
0.003594
0.003891
0.003508
0.003076
0.003546
0.003572
0.003199
0.003553
0.003229
0.003229
0.002906
0.002748
0.002718
0.003650
0.005047
0.003665
0.003542
0.003547
0.003245
0.003811
0.003428
0.003273
0.003103
0.004813
0.003287
0.003031
0.001869
0.004159
0.003724
0.003779
0.004054
0.004043
0.003953
0.004538
0.003968
0.004142
0.004091
0.003933
0.005914
0.003856
0.003362
0.003096
0.007132
0.003611
0.003948
0.003933
0.004209
0.003891
0.003830
0.005020
0.003128
0.003309
0.003563
0.003438
0.003032
0.003475
0.003146
0.003491
0.003472
0.003288
0.003488
0.003549
0.003502
0.003413
0.003688
0.003498
0.003123
0.003459
0.003158
0.003567
0.003422
0.003441
0.003419
0.004129
0.003157
0.003290
0.006027
0.003223
0.002648
0.002651
0.002647
0.002800
0.002482
0.002239
0.004275
0.002429
