4.96402
5.54446
5.59591
5.68194
6.46651
6.74777
6.86867
7.80497
7.93932
8.21432
9.14663
9.6802
10.2209
11.1512
11.9529
12.0783
13.413
14.4677
15.4041
15.5295
16.2018
16.8741
17.5325
17.5603
17.81
17.8403
17.8682
17.9307
17.9597
17.9883
18.0198
19.3992
19.9392
21.3179
22.2766
22.3343
23.1399
23.9497
24.2081
25.0021
25.1373
26.4756
26.7274
27.9373
28.0712
29.3296
29.5453
30.7468
30.9954
31.139
32.4097
32.606
32.8787
33.0043
33.9442
35.3128
35.5214
35.6765
37.0462
37.2208
37.2645
38.6379
39.0021
40.0701
41.4676
42.0866
42.2134
42.3469
43.2343
44.6125
44.8684
46.2515
47.1365
47.169
47.2672
48.6382
49.5396
50.3403
51.2813
51.6747
51.7966
52.0753
52.1957
52.3436
53.7453
55.1388
56.0769
56.1964
57.1306
58.3302
58.6008
59.5358
60.197
61.0111
62.3771
62.4308
63.8008
67.0402
68.0737
69.144
70.53
71.9235
72.4758
73.2728
73.6726
74.6061
74.8795
76.3247
76.4874
76.6048
76.7277
76.8812
78.2568
79.6477
79.6846
79.7962
81.1712
82.545
83.6664
85.0413
85.0785
85.1166
85.1544
85.1847
85.2151
85.256
85.2864
85.3161
85.3458
85.3836
85.4215
85.4516
85.4815
85.5208
85.559
85.5868
85.6182
85.6577
85.6944
85.7233
85.7535
85.7902
85.8259
85.8564
85.8872
85.931
86.3338
87.7053
88.0699
89.006
89.3957
89.7992
90.3258
90.3539
90.3977
90.4354
