2.09221
2.5922
3.0922
3.59892
4.09226
4.59239
5.10953
5.59597
6.09222
6.5922
7.10607
7.59221
8.0922
8.59223
9.11004
9.59224
10.0924
10.5923
11.1066
11.5922
12.0922
12.5923
13.1023
13.5922
14.0923
14.5923
15.1183
15.5923
16.0923
16.5923
17.1088
17.5922
18.0923
18.5922
19.1056
19.5925
20.0922
20.5924
21.1059
21.5923
22.0923
22.5922
23.1102
23.5923
24.0922
24.5924
25.1101
25.5923
26.0923
26.5922
27.106
27.5923
28.0922
28.5922
29.1116
29.5922
30.0923
30.5923
31.112
31.5926
32.0924
32.6061
33.1081
33.5923
34.0923
34.5923
35.1054
35.5923
36.0923
36.5922
37.0987
37.5923
38.0923
38.5923
39.0989
39.5923
40.0923
40.5923
41.1076
41.5924
42.0923
42.5923
43.1045
43.5923
44.0923
44.5986
45.1084
45.5923
46.0923
46.5923
47.1108
47.5923
48.0922
48.5922
49.1064
49.5923
50.0923
50.5922
51.1123
51.5922
52.0922
52.5923
53.1059
53.5923
54.0923
54.5923
55.1202
55.5923
56.0923
56.5923
57.1038
57.5923
58.0923
58.6015
59.1076
59.5922
60.0923
60.5922
61.1031
61.5923
62.0924
62.5922
63.1092
63.5923
64.0923
64.5922
65.0986
65.5923
66.0923
66.5923
67.1077
67.5923
68.0922
68.5922
69.1105
69.5924
70.0923
70.5922
71.1059
71.5923
72.0923
72.5922
73.109
73.5924
74.0923
74.6062
75.1158
75.5923
76.0923
76.6049
77.1079
77.5923
78.0923
78.5923
79.108
79.5922
80.0922
80.5923
81.1113
81.5923
82.0923
82.5922
83.1118
83.5923
84.0924
84.5924
85.1167
85.5968
86.0922
86.5923
87.1067
87.5923
88.0923
88.5923
89.1085
89.5923
90.0922
90.5923
91.113
91.5924
92.0922
92.5923
93.1052
93.5922
94.0924
94.5923
95.1065
95.5922
96.0922
96.5923
97.1096
97.5924
98.0924
98.5923
99.1122
99.5922
100.092
100.592
101.108
101.592
102.092
102.592
103.108
103.592
104.092
104.592
105.107
105.592
106.092
106.592
107.102
107.592
108.092
108.592
109.109
109.592
110.092
110.592
111.108
111.592
112.092
112.592
113.112
113.592
114.092
114.592
115.106
115.592
116.092
116.592
117.103
117.592
118.092
118.592
119.106
119.592
