0.008672
0.007900
0.006912
0.005476
0.007620
0.005274
0.008301
0.007699
0.006570
0.008044
0.006537
0.009437
0.005888
0.008571
0.007653
0.009481
0.006452
0.007678
0.007362
0.007527
0.007862
0.007662
0.007756
0.008495
0.007537
0.007435
0.006293
0.008942
0.007457
0.006481
0.007685
0.005457
0.010179
0.007083
0.006993
0.008576
0.006125
0.006999
0.005986
0.007337
0.007670
0.005641
0.006561
0.007648
0.007746
0.007074
0.006026
0.007232
0.006088
0.008514
0.008892
0.006994
0.007515
0.007300
0.008134
0.008158
0.007023
0.006819
0.006514
0.009840
0.007090
0.006971
0.009374
0.007375
0.005962
0.007355
0.005861
0.005390
0.006282
0.005172
0.007994
0.006046
0.007568
0.007850
0.007648
0.005923
0.006318
0.007889
0.006178
0.009194
0.006746
0.006729
0.007314
0.008235
0.010064
0.007298
0.006649
0.005070
0.007094
0.007791
0.009627
0.007453
0.008770
0.012220
0.011486
0.014041
0.009291
0.008516
0.008464
0.010370
0.008567
0.010038
0.009577
0.008618
0.008464
0.007273
0.007164
0.005485
0.008138
0.007458
0.007480
0.011437
0.007716
0.006647
0.008152
0.006360
0.007329
0.008249
0.008227
0.006700
0.006751
0.005780
0.006840
0.007332
0.005514
0.006603
0.007447
0.006855
0.006747
0.005632
0.006889
0.007412
0.007292
0.006778
0.007509
0.005369
0.005594
0.007138
0.006560
0.005732
0.006070
0.005628
0.005934
0.005673
0.007477
0.008804
0.007409
0.007622
0.005720
0.007491
0.006456
0.007485
0.007844
0.007498
0.015481
0.001518
