0.000000
0.000000
0.079010
0.338525
0.497273
0.624276
0.702534
0.846505
0.973178
1.092792
1.172187
1.240662
1.277348
1.316670
1.358094
1.409229
1.438688
1.445439
1.471766
1.498413
1.517096
1.525345
1.548365
1.565326
1.554973
1.525264
1.530729
1.550454
1.568269
1.573809
1.581287
1.595670
1.607038
1.614616
1.623134
1.638256
1.647518
1.646218
1.644644
1.652635
1.660561
1.668054
1.675779
1.680512
1.682165
1.686921
1.691726
1.696599
1.705451
1.711274
1.713667
1.719659
1.724590
1.728326
1.731788
1.739752
1.742993
1.747424
1.749904
1.753197
1.754853
1.756368
1.755234
1.759175
1.762653
1.765541
1.768160
1.771095
1.773718
1.759191
1.747143
1.748464
1.752955
1.756372
1.759125
1.764076
1.765615
1.765633
1.764139
1.765752
1.765916
1.768616
1.770422
1.773411
1.775759
1.778109
1.778125
1.780727
1.784507
1.786602
1.787406
1.790979
1.785563
1.774375
1.773503
1.776141
1.778153
1.780366
1.781174
1.784143
1.786008
1.787376
1.776006
1.767153
1.767125
1.769160
1.770160
1.772760
1.775861
1.777556
1.778884
1.781220
1.782934
1.784566
1.787078
1.788473
1.787472
1.789149
1.790391
1.789772
1.781159
1.778740
1.776812
1.776170
1.778207
1.780079
1.781353
1.784085
1.785626
1.787116
1.788164
1.791786
1.798242
1.798755
1.792861
1.790583
1.784644
1.779655
1.780128
1.782046
1.783386
1.785669
1.788599
1.791928
1.793056
1.793970
1.794949
1.794887
1.792875
1.793743
1.793162
1.788513
1.780726
1.779454
1.781452
1.782982
1.783762
1.780401
1.774232
1.774211
1.775343
1.777542
1.778383
1.780049
1.781236
1.782257
1.782941
1.785362
1.785873
1.786827
1.787674
1.789106
1.789981
1.789389
1.790959
1.792120
1.793091
1.794247
1.792592
1.791389
1.789201
1.780586
1.770582
1.761185
1.751639
1.742198
1.732595
1.723619
1.714477
1.705430
1.696170
1.687621
1.678855
1.670181
1.661256
1.653099
1.644686
1.636359
1.627865
1.619957
1.611879
1.603882
1.595722
1.588122
1.580356
1.572668
1.564829
1.557511
1.550043
1.542645
1.535176
1.528061
1.520871
1.513748
1.506457
1.499701
1.492774
1.485911
1.478905
1.472376
1.465699
1.459084
1.452267
1.446028
1.439588
1.433204
1.426701
1.420607
1.414390
1.408229
1.401986
1.396064
1.390060
1.384108
1.378048
1.372354
