2.09217
2.59216
3.09216
3.59889
4.09219
4.59237
5.1095
5.59596
6.09215
6.59216
7.10605
7.59217
8.09216
8.59218
9.11001
9.59219
10.0923
10.5923
11.1066
11.5922
12.0922
12.5923
13.1023
13.5922
14.0923
14.5922
15.1183
15.5922
16.0922
16.5923
17.1087
17.5922
18.0922
18.5922
19.1056
19.5924
20.0922
20.5924
21.1058
21.5922
22.0922
22.5922
23.1102
23.5922
24.0922
24.5923
25.1101
25.5922
26.0922
26.5922
27.106
27.5923
28.0922
28.5922
29.1116
29.5922
30.0922
30.5922
31.112
31.5925
32.0923
32.6061
33.1081
33.5922
34.0922
34.5922
35.1054
35.5922
36.0922
36.5921
37.0987
37.5922
38.0922
38.5923
39.0989
39.5922
40.0922
40.5923
41.1076
41.5923
42.0923
42.5922
43.1044
43.5922
44.0922
44.5985
45.1084
45.5922
46.0922
46.5923
47.1107
47.5922
48.0922
48.5922
49.1064
49.5922
50.0922
50.5922
51.1123
51.5922
52.0922
52.5922
53.1059
53.5922
54.0922
54.5923
55.1201
55.5922
56.0922
56.5922
57.1037
57.5922
58.0922
58.6015
59.1076
59.5922
60.0922
60.5922
61.1031
61.5923
62.0923
62.5922
63.1091
63.5922
64.0923
64.5922
65.0986
65.5922
66.0922
66.5923
67.1077
67.5923
68.0922
68.5922
69.1105
69.5923
70.0922
70.5922
71.1059
71.5922
72.0922
72.5922
73.109
73.5923
74.0922
74.6062
75.1158
75.5922
76.0922
76.6049
77.1079
77.5922
78.0922
78.5923
79.1079
79.5922
80.0922
80.5922
81.1113
81.5922
82.0922
82.5922
83.1117
83.5922
84.0923
84.5923
85.1167
85.5968
86.0922
86.5923
87.1067
87.5922
88.0923
88.5923
89.1084
89.5922
90.0922
90.5922
91.113
91.5924
92.0922
92.5923
93.1051
93.5922
94.0923
94.5923
95.1064
95.5922
96.0922
96.5923
97.1096
97.5923
98.0923
98.5923
99.1121
99.5922
100.092
100.592
101.108
101.592
102.092
102.592
103.108
103.592
104.092
104.592
105.107
105.592
106.092
106.592
107.102
107.592
108.092
108.592
109.109
109.592
110.092
110.592
111.108
111.592
112.092
112.592
113.112
113.592
114.092
114.592
115.106
115.592
116.092
116.592
117.103
117.592
118.092
118.592
119.106
119.592
