0.000000
0.000000
0.000000
0.000000
0.000000
32.340000
34.322000
39.238000
44.302000
55.274000
80.601000
93.271000
110.397000
122.149000
134.152000
141.816000
151.909000
163.183000
173.517000
182.117000
204.432000
214.290000
228.785000
240.694000
247.351000
256.338000
262.159000
272.522000
278.818000
283.273000
289.376000
293.824000
301.577000
308.144000
313.220000
314.152000
314.225000
315.219000
323.990000
329.948000
331.559000
331.986000
334.661000
341.018000
349.943000
357.070000
368.915000
384.441000
389.661000
392.466000
397.596000
402.245000
406.861000
410.505000
415.575000
420.436000
425.186000
428.556000
433.016000
438.014000
443.963000
449.126000
459.606000
473.215000
483.185000
488.109000
501.222000
507.768000
511.668000
513.200000
514.448000
514.770000
514.958000
515.012000
515.177000
517.346000
524.661000
526.480000
532.545000
542.464000
552.281000
563.349000
579.438000
593.501000
605.327000
611.519000
620.633000
631.017000
635.995000
638.838000
646.099000
653.008000
659.627000
660.582000
661.080000
661.211000
662.403000
665.191000
670.408000
676.939000
687.479000
693.735000
701.986000
705.670000
707.079000
707.272000
707.342000
707.404000
707.404000
708.354000
713.251000
715.702000
719.620000
722.118000
725.515000
730.168000
735.647000
738.786000
743.951000
751.850000
755.302000
757.217000
757.803000
758.035000
758.142000
758.169000
758.219000
758.243000
758.410000
758.580000
759.211000
759.590000
759.890000
760.115000
761.080000
762.031000
764.764000
766.456000
767.551000
767.708000
768.115000
768.180000
768.672000
768.820000
770.123000
774.653000
780.920000
788.963000
798.795000
799.968000
800.167000
806.543000
810.864000
811.573000
811.841000
812.139000
812.234000
812.822000
818.068000
819.135000
819.227000
819.281000
819.450000
819.509000
820.000000
820.011000
820.759000
822.256000
822.600000
822.629000
827.146000
829.185000
831.827000
833.697000
837.134000
841.919000
849.211000
854.753000
857.382000
859.053000
860.340000
860.702000
860.888000
860.994000
860.994000
860.994000
860.994000
860.994000
860.994000
860.994000
860.994000
860.994000
860.994000
860.994000
860.994000
860.994000
860.994000
860.994000
860.994000
860.994000
860.994000
860.994000
860.994000
860.994000
860.994000
860.994000
860.994000
860.994000
860.994000
860.994000
860.994000
860.994000
860.994000
860.994000
860.994000
860.994000
860.994000
860.994000
860.994000
860.994000
860.994000
860.994000
860.994000
860.994000
860.994000
860.994000
860.994000
860.994000
860.994000
860.994000
860.994000
860.994000
860.994000
860.994000
860.994000
860.994000
860.994000
860.994000
