1.59347
1.59353
2.09356
2.59361
3.09354
3.59912
4.09497
4.59416
5.10984
5.61238
6.09435
6.59449
7.10657
7.61074
8.09426
8.59569
9.11044
9.61797
10.0945
10.5948
11.1073
11.6071
12.0941
12.5969
13.1029
13.6144
14.0941
14.5956
15.1187
15.6106
16.0944
16.595
17.1093
17.6075
18.1017
18.595
19.106
19.6103
20.0952
20.5973
21.1065
21.6164
22.0955
22.596
23.111
23.6129
24.0948
24.6015
25.1109
25.61
26.0954
26.5953
27.1065
27.6125
28.0943
28.5951
29.112
29.6106
30.0943
30.596
31.1122
31.6149
32.0948
32.6066
33.1086
33.6132
34.0948
34.6013
35.1059
35.6091
36.095
36.5975
37.0993
37.6121
38.0956
38.5945
39.0997
39.6254
40.0943
40.5985
41.108
41.621
42.0943
42.5976
43.1049
43.619
44.0953
44.5992
45.1091
45.6164
46.0954
46.5979
47.1114
47.6154
48.0948
48.595
49.1068
49.6094
50.0952
50.596
51.1171
51.6071
52.0941
52.5951
53.1064
53.6205
54.0951
54.5944
55.1208
55.622
56.0941
56.5992
57.1043
57.5986
58.0972
58.6021
59.1082
59.611
60.0958
60.5962
61.1036
61.5979
62.0957
62.5948
63.1098
63.6012
64.0954
64.5946
65.0993
65.6077
66.0952
66.5953
67.1082
67.606
68.0948
68.595
69.1114
69.6109
70.0961
70.5947
71.1067
71.6112
72.0957
72.5947
73.1095
73.6075
74.0961
74.6067
75.1171
75.6061
76.0948
76.6054
77.1083
77.6045
78.0951
78.5942
79.1085
79.6157
80.0957
80.5952
81.112
81.6051
82.096
82.5961
83.1131
83.6018
84.0986
84.597
85.1174
85.6026
86.0944
86.5999
87.1073
87.6087
88.0947
88.5958
89.1088
89.6029
90.0948
90.595
91.1146
91.611
92.0955
92.5953
93.1057
93.5973
94.0957
94.5952
95.107
95.5977
96.0955
96.5952
97.1102
97.5976
98.0955
98.5955
99.1129
99.5984
100.096
100.596
101.108
101.598
102.096
102.595
103.108
103.597
104.095
104.595
105.108
105.597
106.095
106.594
107.103
107.598
108.096
108.595
109.11
109.598
110.096
110.595
111.108
111.598
112.095
112.595
113.113
113.598
114.099
114.597
115.108
115.598
116.099
116.596
117.106
117.6
118.096
118.595
119.106
119.599
