0.012661
0.006499
0.006775
0.006306
0.006947
0.005702
0.003558
0.003991
0.004200
0.004683
0.005241
0.005349
0.004698
0.005117
0.005257
0.003614
0.003637
0.003112
0.004141
0.003666
0.004764
0.006460
0.003505
0.003413
0.004005
0.003312
0.002860
0.003371
0.003436
0.003046
0.004371
0.004544
0.004804
0.005553
0.006098
0.006592
0.006006
0.007267
0.008417
0.008279
0.007575
0.007588
0.006718
0.007883
0.004484
0.004250
0.003105
0.002605
0.002692
0.002553
0.004151
0.005346
0.006125
0.003827
0.003977
0.003265
0.005020
0.006245
0.004740
0.004166
0.005179
0.004097
0.004642
0.004363
0.003752
0.003602
0.003684
0.004045
0.004709
0.004784
0.004471
0.006508
0.006235
0.005432
0.004441
0.004401
0.006445
0.004175
0.005351
0.004524
0.004864
0.004260
0.005913
0.004196
0.004385
0.004272
0.004815
0.004275
0.004905
0.005358
0.004148
0.003290
0.003612
0.004181
0.003428
0.004756
0.005027
0.004961
0.004511
0.004308
0.004165
0.005038
0.005133
0.005083
0.007030
0.004319
0.006626
0.007167
0.007026
0.010907
0.007067
0.006347
0.008231
0.005293
0.004979
0.006476
0.006387
0.004722
0.005837
0.006387
0.004396
0.004632
0.004078
0.004786
0.003949
0.003765
0.003655
0.005245
0.006566
0.006110
0.005438
0.004992
0.005571
0.004138
0.005161
0.004633
0.004497
0.005066
0.004493
0.004462
0.004682
0.005500
0.004188
0.005221
0.005734
0.006697
0.005672
0.003914
0.004890
0.005561
0.004320
0.007683
0.006137
0.005821
0.004164
0.003114
0.006757
0.006849
0.005336
0.006851
0.005469
0.006077
0.005147
0.007035
0.006033
0.005537
0.005190
0.004513
0.005166
0.003963
0.006724
0.004772
0.004405
0.004711
0.004992
0.010139
0.010728
0.009224
0.008204
0.007867
0.009411
0.005058
0.005208
0.004060
0.005938
0.005917
0.007208
0.005651
0.005770
0.006067
0.006985
0.007316
0.008260
0.006039
0.007911
0.005618
0.007281
0.006649
0.007110
0.006962
0.006709
0.005467
0.004865
0.003618
0.004023
0.006513
0.005753
0.004927
0.005128
0.005828
0.006287
0.004565
0.005478
0.004660
0.006307
0.005760
0.004984
0.004513
0.004394
0.005358
0.005873
0.004133
0.005327
0.003785
0.004365
0.004339
0.004913
0.002095
0.003652
0.003292
0.006866
0.005495
0.006121
0.006068
0.004456
0.004359
0.005881
0.006688
0.007443
0.007167
0.007969
0.007408
0.006193
0.005860
0.006721
0.006485
0.009766
0.010065
0.010031
0.007889
0.006597
0.008949
0.006253
0.007483
0.006121
0.004026
0.004791
0.004068
0.006992
0.005996
0.005573
0.005988
0.005094
0.005264
0.004381
0.007789
0.007796
0.008239
0.006857
0.005972
0.004962
0.004700
0.005153
0.005394
0.005063
0.007217
0.004847
0.006631
0.006901
0.007775
0.008031
0.006274
0.005289
0.003058
0.005510
0.004551
0.006139
0.007366
0.006428
0.009574
0.007192
0.005704
0.003561
0.005013
0.003503
0.003899
0.008625
0.008313
0.007378
0.005708
0.004633
0.005794
0.002192
0.002856
0.003788
0.005536
0.005432
0.006030
0.005189
0.004364
0.005682
0.006462
0.005666
0.005304
0.004671
0.005696
0.007179
0.006168
0.005027
0.004036
0.004923
0.004864
0.003295
0.003279
0.003734
0.003735
0.004171
0.004149
0.003169
0.004050
0.003612
0.004463
0.004731
0.008178
0.014411
0.014204
0.012749
0.008947
0.004295
0.004122
0.004403
0.002629
0.006989
0.010364
0.010267
0.006997
0.007089
0.005964
0.005273
0.004009
0.005000
0.003806
0.003188
0.004557
0.004058
0.004171
0.003690
0.003232
0.003227
0.002517
0.003962
0.004089
0.005224
0.003900
0.004603
0.006071
0.005431
0.004331
0.006170
0.006070
0.006264
0.003894
0.006062
0.005500
0.005571
0.005620
0.005147
0.003790
0.002825
0.003796
0.003817
0.002592
0.003901
0.003794
0.003793
0.007239
0.009602
0.010276
0.010473
0.009181
0.008665
0.006098
0.007354
0.006483
0.008263
0.006772
0.005406
0.007067
0.006560
0.004557
0.004959
0.004422
0.004266
0.004522
0.003049
0.003647
0.003945
0.008651
0.004834
0.004764
0.003494
0.002953
0.003862
0.004350
0.004362
0.004552
0.014095
0.014018
0.012871
0.013399
0.012358
0.010780
0.008452
0.006167
0.007600
0.005722
0.005970
0.004594
0.007035
0.005160
0.005844
0.004949
0.006817
0.007156
0.004454
0.004994
0.005270
0.005921
0.004690
0.006011
0.005480
0.004181
0.006427
0.004904
0.004750
0.005348
0.005504
0.003500
0.004301
0.003989
0.004417
0.004303
0.005213
0.014112
0.010698
0.011959
0.012057
0.011064
0.009839
0.007686
0.005140
0.005098
0.005397
0.006198
0.004777
0.005169
0.004362
0.005018
0.005134
0.004665
0.004891
0.003992
0.004294
0.003994
0.004147
0.002988
0.003916
0.003950
0.003944
0.006579
0.004463
0.005928
0.006608
0.005316
0.004424
0.004320
0.003624
0.003727
0.002233
0.002279
0.003038
0.004154
0.004737
0.004220
0.005033
0.004932
0.004797
0.002854
0.004245
0.004773
0.004494
0.002958
0.004858
0.004521
0.004256
0.004546
0.004638
0.007855
0.003735
0.005778
0.007396
0.007841
0.007118
0.006770
0.006831
0.009128
0.008892
0.010543
0.007936
0.006972
0.010587
0.006143
0.004164
0.004920
0.004383
0.002396
0.007590
0.003990
0.009496
0.007454
0.007366
0.007171
0.013223
0.012736
0.011597
0.008254
0.006857
0.006422
0.005934
0.006715
0.006975
0.007888
0.006453
0.006487
0.008219
0.005997
0.005313
0.005195
0.006079
0.005682
0.005754
0.005080
0.005687
0.006636
0.005575
0.005770
0.004052
0.007396
0.008556
0.008449
0.005913
0.005897
0.005954
0.005976
0.005859
0.004727
0.004730
0.008884
0.003866
0.003787
0.002652
0.003186
0.003886
0.002631
0.003854
0.002653
0.003851
0.003856
0.002702
0.003611
0.004120
0.004150
0.002817
0.003991
0.004022
0.004422
0.004793
0.007457
0.006194
0.006167
0.005029
0.003366
0.004131
0.003407
0.003406
0.004735
0.003767
0.004717
0.004896
0.004079
0.004518
0.009708
0.013750
0.012570
0.012029
0.007979
0.009118
0.012928
0.007103
0.004782
0.005094
0.006510
0.005678
0.011196
0.009518
0.009169
0.009043
0.006092
0.007167
0.005852
0.005013
0.006157
0.005109
0.005418
0.005334
0.006784
0.006701
0.005352
0.004469
0.004315
0.003309
0.003129
0.003369
0.003010
0.002616
0.002015
0.001894
0.003512
0.006096
0.007134
0.005312
0.004821
0.003814
0.006275
0.007846
0.006652
0.009829
0.005835
0.004337
0.004702
0.004075
0.004339
0.010601
0.006914
0.011123
0.006945
0.006480
0.006087
0.003971
0.004624
0.005800
0.004613
0.005600
0.004901
0.005179
0.005815
0.010864
0.010311
0.008946
0.008117
0.005703
0.005321
0.004076
0.005070
0.005377
0.004741
0.007705
0.014041
0.007936
0.008221
0.006296
0.006251
0.006811
0.005142
0.003996
0.012416
0.008331
