164.378906
164.378906
164.378906
168.246094
168.246094
168.246094
168.609375
168.609375
168.609375
168.609375
168.609375
168.609375
168.609375
168.609375
168.609375
168.609375
168.609375
168.609375
168.609375
168.609375
168.609375
168.609375
168.609375
168.609375
168.609375
168.609375
168.609375
168.609375
168.609375
168.609375
168.609375
168.609375
168.609375
168.609375
168.609375
168.609375
168.609375
168.609375
168.609375
168.609375
168.609375
168.609375
168.609375
168.609375
168.609375
168.609375
168.609375
168.609375
168.609375
168.609375
168.609375
168.609375
168.609375
168.609375
168.609375
168.609375
168.609375
168.609375
168.609375
168.609375
168.609375
168.609375
168.609375
168.609375
168.609375
168.609375
168.609375
168.609375
168.609375
168.609375
168.609375
168.609375
168.609375
168.609375
168.609375
168.609375
168.609375
168.609375
168.609375
168.609375
168.609375
168.609375
168.609375
168.609375
168.609375
168.609375
168.609375
168.609375
168.609375
168.609375
168.609375
168.609375
168.609375
168.609375
168.609375
168.609375
168.609375
168.609375
168.609375
168.609375
168.609375
168.609375
168.609375
168.609375
168.609375
168.609375
168.609375
168.609375
168.609375
168.609375
168.609375
168.609375
168.609375
168.609375
168.609375
168.609375
168.609375
168.609375
168.609375
168.609375
168.609375
168.609375
168.609375
168.609375
168.609375
168.609375
168.609375
168.609375
168.609375
168.609375
168.609375
168.609375
168.609375
168.609375
168.609375
168.609375
168.609375
168.609375
168.609375
168.609375
168.609375
168.609375
168.609375
168.609375
168.609375
168.609375
168.609375
168.609375
168.609375
168.609375
168.609375
169.757812
169.757812
169.757812
169.757812
169.757812
169.757812
169.757812
169.757812
169.757812
169.757812
169.757812
169.757812
169.757812
169.757812
169.757812
169.757812
169.757812
169.757812
169.757812
169.757812
169.757812
169.757812
169.757812
169.757812
169.757812
169.757812
169.757812
169.757812
169.757812
169.757812
169.757812
170.273438
170.273438
170.273438
170.273438
170.273438
170.273438
170.273438
170.273438
170.273438
170.273438
170.273438
170.273438
170.273438
170.273438
170.273438
170.273438
170.273438
170.273438
170.273438
170.273438
170.273438
170.273438
170.273438
170.273438
170.273438
170.273438
170.273438
170.273438
170.273438
170.273438
170.273438
170.273438
170.273438
170.273438
170.273438
170.273438
170.273438
170.273438
170.273438
170.273438
174.140625
174.140625
174.140625
174.140625
174.140625
174.140625
174.140625
174.140625
174.140625
174.140625
174.140625
174.140625
174.140625
174.140625
174.140625
174.140625
174.140625
174.140625
174.140625
174.140625
174.140625
174.140625
174.140625
174.140625
174.140625
174.140625
174.140625
174.140625
174.140625
174.140625
174.140625
174.140625
174.140625
174.140625
174.140625
174.140625
174.140625
174.140625
174.140625
174.140625
174.140625
174.140625
174.140625
174.140625
174.140625
174.140625
174.140625
174.140625
174.140625
174.140625
174.140625
174.140625
174.140625
174.140625
174.140625
174.140625
174.140625
174.140625
174.140625
174.140625
174.140625
174.140625
174.140625
174.140625
174.398438
174.398438
174.398438
174.398438
174.398438
174.398438
174.398438
174.398438
174.398438
174.398438
174.398438
174.398438
174.398438
174.398438
174.398438
174.398438
174.398438
174.398438
174.398438
174.398438
174.398438
174.398438
174.398438
174.398438
174.398438
174.398438
174.398438
174.398438
174.398438
174.398438
174.398438
174.398438
174.398438
174.398438
174.398438
174.398438
174.398438
174.398438
174.398438
174.398438
174.656250
174.656250
174.656250
174.656250
174.656250
174.656250
174.656250
174.656250
174.656250
174.656250
174.656250
174.656250
174.656250
174.656250
174.656250
174.656250
174.656250
174.656250
174.656250
174.656250
174.656250
174.656250
174.656250
174.656250
174.656250
174.656250
174.656250
174.656250
174.656250
174.656250
174.656250
174.656250
174.656250
174.656250
174.656250
174.656250
174.656250
174.656250
174.656250
174.656250
174.656250
174.656250
174.656250
174.656250
175.171875
175.171875
175.171875
175.171875
175.171875
175.171875
175.171875
175.171875
175.171875
175.171875
175.171875
175.171875
175.171875
175.171875
175.171875
175.171875
175.171875
175.171875
175.171875
175.171875
175.171875
175.171875
175.171875
175.171875
175.171875
175.171875
175.687500
175.687500
175.687500
175.687500
175.687500
175.687500
175.687500
175.687500
175.687500
175.687500
175.687500
175.687500
175.687500
175.687500
175.687500
175.687500
175.687500
175.687500
175.687500
175.687500
175.687500
175.687500
175.687500
175.687500
175.687500
175.687500
175.687500
175.687500
175.687500
175.687500
175.687500
175.687500
175.687500
175.687500
175.687500
175.687500
176.460938
176.460938
176.460938
176.460938
176.460938
176.460938
176.460938
176.460938
176.460938
176.460938
176.460938
176.460938
176.460938
176.460938
176.460938
176.460938
176.460938
176.460938
176.460938
176.460938
176.460938
176.460938
176.460938
176.460938
176.460938
176.460938
176.460938
176.460938
176.460938
176.460938
176.460938
176.460938
176.460938
176.460938
176.460938
176.460938
176.460938
176.460938
176.460938
176.460938
176.460938
176.460938
176.460938
176.460938
176.460938
176.460938
176.460938
176.460938
176.460938
176.460938
176.460938
176.460938
176.460938
176.460938
176.460938
176.460938
176.460938
176.460938
176.460938
176.460938
176.460938
176.460938
176.460938
176.460938
176.460938
176.460938
176.460938
176.460938
176.460938
176.460938
176.460938
176.460938
176.460938
176.460938
176.460938
176.460938
176.460938
176.460938
176.460938
176.460938
176.460938
176.460938
176.460938
176.460938
176.460938
176.460938
176.460938
176.460938
176.460938
176.460938
176.460938
176.460938
176.460938
176.460938
176.976562
176.976562
176.976562
177.492188
177.492188
177.492188
177.492188
177.492188
177.492188
177.492188
177.492188
177.492188
177.492188
177.492188
177.492188
177.492188
177.492188
177.492188
177.492188
177.492188
177.492188
177.492188
177.492188
177.492188
177.492188
177.492188
177.492188
177.492188
177.492188
177.492188
177.492188
177.492188
177.492188
177.492188
177.492188
177.492188
177.492188
177.492188
177.492188
177.492188
177.492188
177.492188
177.492188
177.492188
177.492188
177.492188
177.492188
177.492188
177.492188
177.492188
177.492188
177.492188
177.492188
177.492188
177.492188
177.492188
177.492188
177.492188
177.492188
177.492188
177.492188
177.492188
177.492188
177.492188
177.492188
177.492188
177.492188
177.492188
177.492188
177.492188
177.492188
177.492188
177.492188
177.492188
177.492188
177.492188
177.492188
177.492188
177.492188
177.492188
177.492188
177.492188
177.492188
177.492188
177.492188
177.492188
178.007812
178.007812
178.007812
178.007812
178.007812
178.007812
178.523438
178.523438
178.523438
178.523438
178.523438
178.523438
178.523438
178.523438
178.523438
178.523438
178.781250
178.781250
178.781250
178.781250
178.781250
178.781250
178.781250
178.781250
178.781250
178.781250
178.781250
178.781250
178.781250
178.781250
178.781250
178.781250
178.781250
178.781250
178.781250
178.781250
178.781250
178.781250
178.781250
178.781250
178.781250
178.781250
178.781250
178.781250
178.781250
178.781250
178.781250
178.781250
178.781250
178.781250
178.781250
178.781250
178.781250
178.781250
178.781250
178.781250
178.781250
178.781250
178.781250
178.781250
178.781250
178.781250
178.781250
178.781250
178.781250
178.781250
178.781250
178.781250
178.781250
178.781250
178.781250
178.781250
178.781250
178.781250
178.781250
178.781250
178.781250
178.781250
178.781250
178.781250
178.781250
178.781250
178.781250
178.781250
178.781250
178.781250
178.781250
178.781250
178.781250
178.781250
178.781250
178.781250
178.781250
178.781250
178.781250
178.781250
178.781250
178.781250
178.781250
178.781250
178.781250
178.781250
178.781250
178.781250
178.781250
178.781250
