2.09089
2.59104
3.09083
3.59731
4.09395
4.59097
5.0909
5.59095
6.10011
6.59103
7.09093
7.59103
8.09985
8.59098
9.09092
9.59098
10.0965
10.5909
11.0909
11.591
12.0941
12.591
13.091
13.591
14.0969
14.5909
15.0952
15.591
16.0983
16.5909
17.0911
17.5909
18.095
18.5909
19.0908
19.591
20.0971
20.591
21.091
21.5909
22.0927
22.5909
23.091
23.591
24.0998
24.5909
25.091
25.6005
26.097
26.5909
27.091
27.5909
28.0924
28.5911
29.091
29.591
30.103
30.591
31.0909
31.591
32.0959
32.5916
33.0911
33.591
34.0952
34.591
35.0909
35.591
36.0984
36.5924
37.0909
37.591
38.0909
38.591
39.0909
39.591
40.0909
40.5909
41.0909
41.5909
42.0962
42.591
43.0909
43.5909
44.1161
44.5928
45.0909
45.5909
46.0909
46.5921
47.0925
47.5909
48.0932
48.591
49.0935
49.5927
50.091
50.5944
51.0962
51.591
52.1058
52.5997
53.0968
53.5972
54.0931
54.6
55.0991
55.591
56.0913
56.5919
57.098
57.6003
58.1057
58.599
59.0909
59.6009
60.1084
60.5909
61.1009
61.6006
62.1104
62.6005
63.099
63.6103
64.1149
64.6012
65.101
65.5955
66.1192
66.6014
67.1003
67.6003
68.1098
68.6087
69.101
69.613
70.1034
70.6013
71.1012
71.5986
72.1144
72.6004
73.1003
73.602
74.107
74.6118
75.114
75.6012
76.1153
76.6014
77.1004
77.6003
78.1349
78.6027
79.1011
79.602
80.1317
80.6007
81.1014
81.6004
82.1182
82.601
83.1008
83.6009
84.116
84.6024
85.1054
85.6016
86.1242
86.6006
87.1057
87.6018
88.1128
88.6009
89.102
89.6008
90.1294
90.6022
91.1067
91.6012
92.1239
92.6023
93.1026
93.6007
94.1199
94.6022
95.1005
95.6016
96.1214
96.6004
97.1017
97.6018
98.122
98.6029
99.1011
99.6012
100.116
100.6
101.102
101.604
102.115
102.603
103.103
103.609
104.115
104.602
105.125
105.601
106.109
106.6
107.102
107.602
108.108
108.6
109.101
109.601
110.12
110.603
111.102
111.602
112.119
112.601
113.101
113.601
114.122
114.602
115.101
115.602
116.109
116.601
117.101
117.6
118.127
118.602
119.11
119.608
120.108
120.601
121.102
121.601
122.119
122.6
123.101
123.602
124.108
124.602
125.102
125.613
126.115
126.602
127.102
127.602
128.118
128.601
129.102
129.622
130.108
130.602
131.102
131.601
132.11
132.601
133.103
133.602
134.118
134.616
135.102
135.611
136.109
136.606
137.103
137.608
138.108
138.601
139.101
139.601
140.12
140.602
141.106
141.602
142.109
142.602
143.101
143.603
144.116
144.601
145.101
145.601
146.109
146.601
147.126
147.601
148.102
148.602
149.121
149.602
150.102
150.602
151.119
151.601
152.108
152.6
153.119
153.602
154.1
154.601
155.108
155.601
156.102
156.601
157.122
157.601
158.101
158.601
159.109
159.601
160.105
160.602
161.11
161.601
162.1
162.601
163.119
163.601
164.102
164.601
165.128
165.602
166.101
166.602
167.108
167.603
168.102
168.601
169.109
169.602
170.102
170.601
171.118
171.602
172.101
172.601
173.111
173.602
174.101
174.601
175.107
175.601
176.103
176.6
177.107
177.601
178.104
178.615
179.108
179.602
180.101
180.601
181.106
181.601
182.106
182.607
183.121
183.601
184.12
184.618
185.119
185.602
186.115
186.601
187.102
187.601
188.108
188.602
189.101
189.606
190.112
190.601
191.1
191.601
192.109
192.612
193.1
193.601
194.109
194.603
195.102
195.608
196.109
196.6
197.101
197.602
198.108
198.601
199.105
199.602
200.108
200.601
201.101
201.601
202.108
202.601
203.101
203.601
204.107
204.6
205.1
205.6
206.108
206.601
207.1
207.601
208.108
208.602
209.101
209.601
210.11
210.601
211.101
211.602
212.109
212.613
213.101
213.601
214.12
214.619
215.101
215.601
216.109
216.601
217.103
217.601
218.104
218.599
219.1
219.618
220.103
220.602
221.101
221.598
222.106
222.6
223.103
223.6
224.105
224.6
225.101
225.597
226.107
226.604
227.101
227.601
228.117
228.601
229.1
229.601
230.107
230.601
231.1
231.601
232.126
232.601
233.101
233.606
234.12
234.607
235.12
235.622
236.116
236.601
237.101
237.601
238.113
238.602
239.101
239.607
240.104
240.6
241.101
241.6
242.105
242.601
243.099
243.601
244.114
244.602
245.101
245.6
246.105
246.602
247.101
247.601
248.105
248.601
249.098
249.595
250.117
250.601
251.091
251.595
252.106
252.601
253.1
253.603
254.096
254.601
255.101
255.591
256.096
256.62
257.097
257.593
258.104
258.598
259.095
259.591
260.104
260.599
261.091
261.592
262.101
262.598
263.094
263.591
264.106
264.595
265.097
265.595
266.105
266.599
267.096
267.591
268.092
268.591
269.093
269.595
270.093
270.591
271.093
271.591
272.091
272.594
273.091
273.592
274.103
274.598
275.095
275.593
276.096
276.591
277.093
277.591
278.091
278.591
279.091
279.591
280.096
280.591
281.091
281.591
282.091
282.591
283.091
283.591
284.1
284.591
285.091
285.591
286.091
286.591
287.091
287.591
288.098
288.591
289.091
289.591
290.091
290.591
291.091
291.591
292.091
292.591
293.093
293.591
294.091
294.591
295.091
295.591
296.091
296.604
297.091
297.591
298.093
298.591
299.091
299.591
300.091
300.591
301.092
301.591
302.091
302.592
303.091
303.591
304.091
304.592
305.091
305.591
306.091
306.591
307.093
307.591
308.091
308.591
309.091
309.591
310.1
310.591
311.091
311.591
312.091
312.591
313.091
313.591
314.091
314.591
315.091
315.591
316.091
316.591
317.091
317.591
318.092
318.591
319.091
319.591
320.091
320.591
321.091
321.591
322.091
322.591
323.091
323.591
324.091
324.591
325.092
325.591
326.091
326.593
327.095
327.592
328.091
328.591
329.093
329.591
330.091
330.594
331.092
331.593
332.091
332.595
333.092
333.592
334.091
334.595
335.094
335.593
336.091
336.596
337.092
337.591
338.091
338.594
339.094
339.593
340.091
340.592
341.094
341.593
342.091
342.596
343.094
343.596
344.092
344.596
345.096
345.596
346.092
346.595
347.094
347.593
348.092
348.595
349.095
349.597
350.091
350.591
351.091
351.591
352.091
352.591
353.091
353.591
354.091
354.591
355.092
355.591
356.091
356.592
357.091
357.591
358.091
358.593
359.094
359.592
360.091
360.596
