0.007698
0.007177
0.006347
0.007987
0.008758
0.009258
0.005680
0.008711
0.007322
0.007837
0.007355
0.005878
0.005517
0.008454
0.005817
0.008274
0.007188
0.007014
0.006767
0.006536
0.006866
0.007462
0.006938
0.008202
0.009363
0.006231
0.006474
0.006551
0.005380
0.006930
0.009112
0.008008
0.006417
0.007422
0.005522
0.007190
0.006135
0.005646
0.007472
0.007711
0.007213
0.005715
0.007099
0.007807
0.007638
0.008126
0.008580
0.007833
0.007639
0.005986
0.007938
0.008140
0.007997
0.006626
0.006969
0.006668
0.006655
0.009696
0.006502
0.007930
0.006195
0.007561
0.007008
0.006544
0.005379
0.007174
0.005393
0.008343
0.006624
0.006002
0.005561
0.006559
0.007315
0.006281
0.007197
0.005461
0.009676
0.007055
0.007680
0.006469
0.006216
0.005657
0.009485
0.005105
0.007514
0.008192
0.006144
0.005921
0.007956
0.007486
0.007329
0.009269
0.006019
0.008266
0.007622
0.008338
0.006350
0.007541
0.006843
0.006651
0.007481
0.008092
0.006991
0.005867
0.008219
0.006948
0.007220
0.007875
0.007434
0.007574
0.007744
0.006223
0.006176
0.006900
0.007842
0.007010
0.007768
0.005690
0.006746
0.007155
0.006357
0.009336
0.007956
0.006467
0.005920
0.008873
0.006120
0.007556
0.007301
0.006259
0.007444
0.006369
0.007781
0.007532
0.008206
0.007750
0.007316
0.007820
0.006647
0.007152
0.005412
0.006517
0.007301
0.009828
0.009278
0.007956
0.005685
0.006704
0.009215
0.007596
0.005840
0.008927
0.009652
0.006622
0.005140
0.008558
0.008270
0.010529
0.006469
0.007159
0.007270
0.005527
0.004841
0.009334
0.005002
0.007654
0.007813
0.008757
0.008222
0.007917
0.010155
0.007527
0.007612
0.005351
0.005481
0.008233
0.008612
0.006316
0.005417
0.005295
0.007164
0.008002
0.008564
0.006054
0.005896
0.007197
0.008279
0.006656
0.006977
0.007467
0.007723
0.007911
0.007264
0.006102
0.007297
0.006669
0.006259
0.007578
0.007596
0.007538
0.005091
0.007560
0.006712
0.007200
0.006091
0.006995
0.008463
0.006499
0.007344
0.007210
0.008892
0.007378
0.008873
0.006713
0.007935
0.006737
0.006233
0.005648
0.008828
0.008168
0.008411
0.006912
0.005174
0.007370
0.006386
0.008480
0.009855
0.005396
0.007226
0.006162
0.009553
0.005917
0.006162
0.006576
0.005589
0.005432
0.007471
0.005830
0.008255
0.008459
0.009461
0.008547
0.006490
0.007916
0.008019
0.008193
0.006588
0.006984
0.008014
0.007209
0.008520
0.009877
0.005533
0.007272
0.007821
0.007029
0.006663
0.006371
0.005859
0.006989
0.006064
0.007962
0.009574
0.008643
0.010387
0.010667
0.010267
0.008058
0.007867
0.007928
0.006283
0.007603
0.009952
0.007017
0.008409
0.009713
0.006874
0.008978
0.006467
0.007998
0.010979
0.010222
0.011198
0.006622
0.007716
0.006447
0.006079
0.007266
0.005917
0.009052
0.007322
0.008148
0.006843
0.008677
0.005700
0.009381
0.009347
0.010060
0.010821
0.007990
0.006686
0.008544
0.007323
0.006837
0.007583
0.009204
0.005497
0.009306
0.006963
0.007705
0.008441
0.009275
0.008330
0.006572
0.008558
0.008328
0.008749
0.009510
0.008511
0.006630
0.007058
0.007365
0.005415
0.007613
0.007298
0.005815
0.007406
0.006472
0.005729
0.008356
0.008227
0.007558
0.006661
0.006507
0.007734
0.007443
0.009461
0.009901
0.007263
0.008540
0.008755
0.007570
0.010850
0.012864
0.010991
0.008762
0.010514
0.008650
0.006675
0.007505
0.005971
0.006452
0.007356
0.005994
0.007281
0.006196
0.008679
0.007136
0.007622
0.003646
0.005033
0.004550
0.007562
0.004909
0.005537
0.009363
0.009305
0.007708
0.010100
0.008441
0.009191
0.007591
0.009872
0.008082
0.008539
0.005020
0.008096
0.007822
0.004869
0.007514
0.006032
0.004422
0.005832
0.007133
0.005522
0.008554
0.011373
0.011535
0.009498
0.007567
0.007787
0.009375
0.008281
0.007902
0.007002
0.005684
0.007155
0.009052
0.005528
0.006836
0.007493
0.006154
0.009528
0.007522
0.005768
0.005480
0.008163
0.008264
0.008527
0.005135
0.007779
0.003966
0.007532
0.009433
0.006234
0.007764
0.015848
0.015395
0.013782
0.015706
0.013317
0.011293
0.011111
0.009202
0.009292
0.005635
0.005348
0.006302
0.008708
0.007590
0.006458
0.005394
0.007313
0.008241
0.006165
0.007496
0.005462
0.005941
0.007359
0.008119
0.003953
0.003913
0.007763
0.008526
0.006859
0.009261
0.008085
0.006342
0.008262
0.008832
0.009137
0.006937
0.007212
0.011073
0.008841
0.008365
0.010138
0.010228
0.010092
0.007962
0.005702
0.007148
0.009004
0.008298
0.008603
0.006602
0.005402
0.006413
0.007579
0.009334
0.008162
0.008423
0.006596
0.007251
0.008432
0.005278
0.008688
0.008065
0.008369
0.007515
0.008750
0.008057
0.005991
0.006602
0.008485
0.009229
0.007901
0.009530
0.008235
0.006535
0.008455
0.006224
0.007815
0.006377
0.007216
0.008040
0.008492
0.003918
0.007247
0.008772
0.007790
0.003476
0.005786
0.007454
0.006241
0.008363
0.006804
0.009683
0.005213
0.010116
0.009641
0.009058
0.009724
0.009578
0.009549
0.010486
0.011980
0.013103
0.009249
0.010633
0.010836
0.008506
0.004874
0.006487
0.007122
0.004774
0.013205
0.004250
0.012918
0.010924
0.009272
0.010786
0.012432
0.021878
0.020577
0.012818
0.011524
0.010160
0.007485
0.005767
0.006396
0.008861
0.007276
0.005409
0.008550
0.005522
0.007745
0.007011
0.008508
0.007444
0.008143
0.006606
0.006322
0.008706
0.007832
0.010113
0.006245
0.008150
0.011402
0.010110
0.008973
0.008443
0.008434
0.009567
0.009376
0.007384
0.006788
0.007640
0.006727
0.006854
0.004028
0.007462
0.009201
0.004866
0.007404
0.005968
0.007748
0.005877
0.005605
0.008724
0.006215
0.008572
0.004411
0.006922
0.007597
0.007665
0.004676
0.012479
0.007887
0.011020
0.009456
0.007899
0.006914
0.008553
0.005874
0.008031
0.007172
0.006438
0.007558
0.007558
0.006759
0.009228
0.010641
0.010243
0.012782
0.010292
0.011255
0.010530
0.008795
0.007194
0.007189
0.008284
0.009249
0.008993
0.007838
0.005023
0.007761
0.007340
0.007224
0.007823
0.005967
0.008692
0.006074
0.005304
0.005852
0.008993
0.007264
0.007504
0.005764
0.007108
0.008580
0.007032
0.008249
0.007465
0.004741
0.008467
0.006677
0.006700
0.007701
0.008470
0.007489
0.004822
0.006994
0.007174
0.008003
0.007201
0.011892
0.008281
0.009157
0.006208
0.007603
0.006427
0.012188
0.010236
0.010551
0.009735
0.009080
0.008821
0.006907
0.007515
0.006580
0.007423
0.008839
0.007463
0.008240
0.007919
0.013306
0.014053
0.011340
0.009081
0.007581
0.008367
0.008045
0.008925
0.007588
0.007207
0.008473
0.011374
0.007859
0.009630
0.010508
0.008010
0.008897
0.009630
0.006922
0.013136
0.005086
