4.977
5.07406
5.20443
5.47687
5.87874
6.80357
7.47104
8.38993
9.22654
10.5405
11.7351
12.1321
12.3971
12.6697
13.4726
13.7331
14.0013
15.1099
15.3294
15.8758
16.8073
17.7299
18.8187
18.8439
18.9257
19.4668
19.4968
19.8635
20.5189
20.5487
20.5821
21.9836
22.7708
23.5476
23.8633
24.7863
24.8266
25.6004
25.8739
26.0032
26.0423
26.0704
26.1135
27.3306
28.2681
28.5366
29.0485
29.327
29.3587
29.3871
30.5811
30.9358
31.4768
32.5307
32.5723
32.606
33.327
33.9882
35.3633
35.4618
35.4986
36.128
36.1582
36.187
36.2512
36.2764
36.3055
36.3385
36.3807
37.3173
38.1536
38.3874
38.4281
38.4632
39.4567
39.4815
40.5243
40.7889
41.7261
41.9884
42.0294
42.6672
42.7062
44.1161
44.3932
45.474
45.9066
46.2686
47.4812
47.7351
48.923
49.4804
50.348
50.7959
51.7134
52.1307
52.7813
53.5872
54.26
54.2899
54.3799
54.417
54.4522
54.4811
54.5232
54.558
54.5901
55.8765
56.26
56.3053
56.3549
56.3907
57.7589
57.872
59.0706
59.1946
59.2363
59.3217
60.566
60.6523
60.688
60.7204
61.8216
62.7948
63.314
63.6103
63.6432
64.3893
64.9239
64.9535
65.4618
65.4903
66.3817
66.6486
66.6797
67.8896
67.9204
68.9406
69.3219
69.37
69.4068
70.5243
70.7889
70.8346
72.155
72.1927
72.2197
72.2607
72.7808
72.82
72.8652
72.9092
72.9486
72.9767
73.0013
73.044
73.178
73.2192
74.5875
74.918
74.956
74.9914
75.0425
75.0884
75.1406
75.1825
75.8905
76.7889
77.775
78.1349
78.9213
79.8142
80.1474
80.5212
80.7785
81.9931
82.4021
83.0742
83.1981
84.2767
85.3322
86.2614
86.5348
87.3349
87.7267
87.7659
87.7961
87.824
87.8959
88.5144
88.5537
88.7859
88.8259
88.8784
88.9169
90.297
90.7828
90.9127
91.0659
91.1258
91.1527
91.8926
92.785
93.8913
93.9947
94.0345
94.6644
94.6935
95.3355
95.9887
96.3994
96.4367
96.4683
96.5133
96.7936
96.8312
96.8835
96.9237
96.9573
96.9859
97.0163
97.1843
97.2252
97.2606
97.2985
98.6877
99.4582
99.49
99.721
100.644
100.912
100.947
100.978
101.008
101.042
102.429
103.305
103.581
103.638
103.679
103.721
105.125
105.984
106.666
108.054
108.539
109.476
110.673
110.81
111.481
112.553
112.671
113.905
114.168
115.34
115.902
115.993
116.531
117.341
117.99
118.154
118.658
119.582
120.049
120.913
121.47
122.845
122.975
123.702
124.398
124.659
124.783
124.921
125.587
126.966
127.726
127.992
128.524
129.321
129.478
129.596
130.977
131.481
132.874
133.995
134.797
135.197
136.01
136.285
136.677
138.065
138.538
139.914
140.277
141.08
141.723
141.901
143.284
144.671
146.06
146.369
147.148
147.666
147.795
148.724
148.985
150.375
151.14
151.392
151.43
151.517
151.558
152.937
153.146
153.177
153.208
153.25
154.628
156.003
156.991
158.384
158.438
158.896
159.679
159.786
159.828
160.078
160.137
160.184
161.401
161.66
162.716
163.404
163.921
165.158
165.408
166.066
167.455
167.913
169.303
169.883
170.311
171.519
171.663
171.792
173.165
174.542
175.835
177.209
178.59
179.515
180.714
181.517
181.66
182.054
182.08
182.581
183.645
183.75
184.255
184.337
184.42
184.457
184.483
184.514
184.55
184.592
184.644
184.679
184.718
184.748
184.774
184.808
184.88
184.918
184.945
184.985
185.02
185.046
185.079
185.142
185.17
185.202
185.247
185.275
185.312
185.347
185.421
185.464
186.833
188.209
189.579
192.034
192.397
192.519
192.556
192.586
192.927
193.981
194.009
194.045
194.65
195.322
195.582
195.713
195.741
195.775
197.136
197.184
198.565
198.777
198.803
198.837
199.052
199.079
199.131
199.188
200.565
201.932
203.255
204.637
206.008
207.385
208.754
209.827
210.913
211.055
211.984
212.52
212.559
212.588
212.655
214.038
214.079
214.146
214.509
214.537
214.569
214.619
214.661
214.698
215.044
215.18
215.871
215.907
215.94
215.982
216.01
216.04
216.07
216.128
216.155
216.186
216.252
216.294
219.546
219.595
220.971
222.343
223.185
224.555
224.919
224.959
224.999
225.053
225.894
226.515
226.551
226.582
227.957
228.782
228.823
228.872
228.914
228.944
228.97
229.005
229.075
229.127
229.172
229.211
229.242
229.269
229.31
229.341
230.727
232.126
233.318
233.89
233.918
233.987
234.145
234.515
234.55
234.582
234.643
234.68
234.704
234.738
234.771
234.799
234.824
234.868
234.899
234.928
234.961
234.989
235.025
235.058
235.12
235.172
235.213
235.253
235.304
235.347
235.418
235.466
235.518
235.562
235.622
237.004
238.385
239.448
239.48
239.581
239.628
239.671
239.704
239.748
239.791
239.844
239.9
239.956
240.015
241.391
242.751
244.139
245.525
246.916
247.316
248.2
248.262
249.646
249.888
251.075
251.188
252.134
252.174
252.257
252.296
252.327
252.383
252.421
252.462
252.508
253.589
253.704
253.74
253.785
255.155
256.752
256.791
256.832
256.885
256.925
257.045
257.113
258.492
259.71
260.129
260.257
260.291
260.921
261.048
261.316
261.357
261.393
261.422
261.456
261.485
261.512
261.544
261.58
261.619
261.655
261.701
261.735
261.775
261.814
263.188
264.624
266.77
266.867
266.907
266.942
267.858
267.895
267.925
268.518
268.656
268.785
268.823
268.924
270.298
271.667
273.034
274.415
275.797
277.16
277.853
277.983
278.039
278.069
278.288
279.858
281.235
282.3
282.917
283.065
283.981
284.027
285.13
285.183
285.464
285.493
286.551
287.198
287.989
288.652
288.917
288.958
290.335
290.516
290.544
291.917
291.971
292.018
292.05
293.452
293.714
293.753
293.78
293.811
295.059
295.311
295.352
295.4
295.457
296.517
296.543
296.575
296.604
296.655
298.035
299.424
299.467
299.512
299.553
300.915
301.453
302.254
302.282
302.654
302.682
302.713
302.743
302.796
304.174
305.544
306.912
308.288
309.659
310.12
311.321
312.332
312.666
312.92
313.074
313.188
314.562
315.932
317.309
317.461
318.116
319.492
320.429
320.469
