0.000000
0.000000
0.050933
0.330503
0.487305
0.614679
0.696346
0.824638
0.952851
1.061013
1.146885
1.213711
1.262219
1.315794
1.317492
1.318740
1.285015
1.254638
1.236480
1.266060
1.295315
1.326031
1.352273
1.376545
1.400116
1.420624
1.441672
1.458644
1.475062
1.493120
1.499068
1.508229
1.525680
1.539428
1.551851
1.562878
1.561038
1.559488
1.570882
1.581326
1.591860
1.602316
1.611163
1.619645
1.629486
1.637602
1.644834
1.649809
1.657252
1.661898
1.670488
1.676381
1.680078
1.684517
1.689631
1.694831
1.697138
1.705636
1.711039
1.714178
1.717223
1.720952
1.713398
1.701368
1.703424
1.707258
1.708817
1.706822
1.700237
1.699394
1.704332
1.704645
1.707200
1.710369
1.712372
1.716248
1.719357
1.724323
1.728689
1.731423
1.733736
1.736104
1.739181
1.743639
1.745433
1.748097
1.747662
1.744503
1.745780
1.747755
1.751681
1.754547
1.756496
1.758946
1.761152
1.762788
1.765729
1.767693
1.770605
1.772846
1.773948
1.773083
1.773726
1.776165
1.777601
1.778203
1.779058
1.780815
1.782998
1.783275
1.785284
1.787001
1.788557
1.790422
1.792356
1.793380
1.795741
1.797845
1.798901
1.800410
1.801533
1.803311
1.804740
1.806901
1.808119
1.809825
1.809308
1.807921
1.808047
1.810951
1.812309
1.813541
1.814158
1.815273
1.816721
1.817565
1.818379
1.817001
1.816281
1.814301
1.812876
1.813770
1.809612
1.803205
1.800353
1.801982
1.802119
1.800986
1.801299
1.803608
1.804818
1.805993
1.806352
1.808169
1.809289
1.810356
1.811568
1.813213
1.814002
1.813406
1.811561
1.810209
1.810736
1.811473
1.811736
1.810267
1.807609
1.807488
1.807943
1.810312
1.811274
1.812251
1.812870
1.814016
1.814923
1.814121
1.814128
1.815629
1.816410
1.816782
1.813587
1.813814
1.815395
1.816299
1.816721
1.817739
1.818429
1.819385
1.819995
1.821889
1.822616
1.822674
1.821304
1.822059
1.822859
1.823498
1.821697
1.817031
1.812000
1.811310
1.812133
1.813074
1.814523
1.815170
1.815321
1.815833
1.816322
1.817922
1.818155
1.819194
1.819403
1.818644
1.819521
1.820295
1.821047
1.822326
1.822745
1.823757
1.824487
1.825199
1.825349
1.826351
1.827401
1.828033
1.828216
1.829216
1.829891
1.830548
1.831588
1.832256
1.832753
1.833389
1.833589
1.834398
1.834686
1.835695
1.833680
1.830370
1.829938
1.830563
1.829484
1.824429
1.822194
1.822654
1.823224
1.823944
1.824551
1.825031
1.825938
1.826762
1.827638
1.828164
1.828549
1.829292
1.829884
1.830678
1.831241
1.831941
1.832486
1.833072
1.833126
1.833270
1.833542
1.832944
1.833256
1.833417
1.832069
1.831252
1.832291
1.832525
1.832939
1.831108
1.830251
1.830428
1.830852
1.831857
1.832163
1.832929
1.832994
1.834385
1.833869
1.832602
1.828548
1.827706
1.828101
1.828781
1.829430
1.829814
1.829542
1.828674
1.828536
1.828939
1.827538
1.827626
1.827934
1.828587
1.828777
1.829289
1.829628
1.830331
1.830688
1.831721
1.831979
1.832250
1.832638
1.833119
1.833515
1.834075
1.834973
1.835465
1.835696
1.836402
1.836888
1.837378
1.838237
1.838759
1.839197
1.839591
1.839927
1.840516
1.840852
1.841669
1.842009
1.842634
1.843036
1.843276
1.843349
1.844332
1.844724
1.845099
1.845442
1.845959
1.846269
1.845316
1.841732
1.840962
1.841307
1.840790
1.841337
1.843728
1.845216
1.846005
1.846324
1.846701
1.847073
1.847469
1.847711
1.848369
1.849110
1.849643
1.849937
1.850340
1.850608
1.850879
1.851687
1.852121
1.852342
1.852766
1.852390
1.851405
1.851416
1.852091
1.852219
1.851972
1.850191
1.850268
1.848338
1.845925
1.845143
1.845931
1.846402
1.846792
1.847084
1.847527
1.848405
1.848714
1.849026
1.849477
1.849816
1.850247
1.850709
1.850895
1.851253
1.851541
1.851756
1.852064
1.852425
1.852932
1.852747
1.852350
1.852406
1.852695
1.852824
1.853608
1.853256
1.852441
1.851394
1.851534
1.851851
1.852286
1.852799
1.850584
1.849019
1.845812
1.844203
1.844373
1.844832
1.845467
1.845721
1.846136
1.846466
1.846785
1.847045
1.847765
1.848085
1.848186
1.848519
1.849048
1.849418
1.849433
1.849177
1.849043
1.849267
1.848867
1.848883
1.849182
1.849524
1.847857
1.847565
1.847905
1.848173
1.848483
1.848760
1.849377
1.849633
1.849788
1.850207
1.850513
1.850824
1.850683
1.850575
1.850093
1.850238
1.850588
1.850835
1.851160
1.851744
1.852099
1.852291
1.851971
1.850926
1.851103
1.851270
1.851723
1.851422
1.851219
1.849105
1.846675
1.846244
1.846732
1.846807
1.847073
1.847332
1.847346
1.847318
1.847595
1.847941
1.847428
1.844743
1.842831
1.842701
1.843275
1.843551
1.844224
1.844538
1.844782
1.844812
1.843103
1.840923
1.840995
1.841291
1.841543
1.841901
1.842211
1.842438
1.842815
1.843377
1.843680
1.843930
1.844221
1.844494
1.844766
1.845278
1.845543
1.845818
1.846106
1.846041
1.845973
1.846395
1.846763
1.846916
1.847114
1.846839
1.846605
1.846463
1.844226
1.842133
1.842010
1.842226
1.842329
1.842772
1.842971
1.843046
1.843350
1.843655
1.843958
1.844131
1.844474
1.846061
1.846767
1.845904
1.843411
1.841716
1.841642
1.841807
1.842145
1.842652
1.842923
1.843124
1.843381
1.843041
1.842809
1.843352
1.843595
1.843755
1.842986
1.840916
1.840221
1.838310
1.836400
1.836297
1.836440
1.836159
1.835036
1.833026
1.830747
1.829608
1.829677
1.829873
1.829837
1.829947
1.830337
1.833074
1.834598
1.834847
1.834926
1.835156
1.835456
1.835718
1.836209
1.836470
1.836728
1.836971
1.837108
1.837289
1.837831
1.838084
1.838303
1.838504
1.838759
1.838999
1.839159
1.839585
1.839897
1.840049
1.839702
1.838845
1.838823
1.839295
1.839276
1.838031
1.836372
1.835071
1.835097
1.835323
1.835629
1.835861
1.836051
1.836252
1.836401
1.836559
1.835034
1.833877
1.832318
1.830101
1.829301
1.828811
1.829011
1.829457
1.829613
1.829872
1.830098
1.830244
1.829492
1.828584
1.828694
1.828932
1.829179
1.829402
1.829644
1.829886
1.830353
1.830598
1.830846
1.831093
1.831334
1.831488
1.831544
1.831114
1.830976
1.831203
1.831462
1.831541
1.832008
1.831074
1.829203
1.828747
1.828970
1.829217
1.829457
1.829713
1.830150
1.830367
1.830609
1.830845
1.831048
1.831282
1.831487
1.830945
1.828804
1.827865
1.827914
1.828149
1.828386
1.828809
1.828961
1.829184
1.829432
1.829355
1.828925
1.828599
1.829039
1.829019
1.827370
1.824603
1.821830
1.819055
1.816273
1.813525
1.810771
1.808041
1.805287
1.802577
1.799859
1.797159
1.794439
1.791749
1.789074
1.786408
1.783715
1.781073
1.778428
1.775784
1.773132
1.770505
1.767891
1.765284
1.762675
1.760070
1.757481
1.754909
1.752312
1.749754
1.747185
1.744654
1.742090
1.739550
1.737022
1.734520
1.731986
1.729486
1.726988
1.724502
1.721999
1.719519
1.717040
1.714604
1.712147
1.709696
1.707253
1.704815
1.702386
1.699963
1.697547
1.695137
1.692735
1.690335
1.687951
1.685569
1.683190
1.680825
1.678463
1.676107
1.673751
1.671400
1.669074
1.666752
1.664407
