0.000000
0.000000
0.002000
0.002000
0.002000
45.378000
48.917000
56.797000
66.609000
78.681000
82.978000
87.966000
97.387000
104.055000
109.183000
113.727000
131.396000
147.046000
153.498000
163.738000
174.318000
181.279000
198.383000
212.929000
223.782000
232.022000
241.637000
249.304000
260.198000
275.241000
290.315000
297.827000
302.538000
306.844000
312.686000
314.938000
320.583000
329.394000
330.381000
332.188000
336.658000
341.794000
347.769000
354.949000
368.102000
383.646000
395.556000
403.069000
409.646000
414.814000
422.510000
427.267000
439.346000
451.518000
456.901000
460.372000
468.147000
476.595000
483.625000
490.055000
501.888000
519.350000
531.581000
543.675000
556.156000
561.265000
569.558000
573.731000
577.211000
595.243000
610.327000
617.540000
623.997000
637.880000
644.609000
652.107000
659.786000
670.020000
679.731000
688.992000
705.377000
715.692000
729.363000
741.671000
749.386000
755.384000
760.483000
765.388000
775.138000
785.624000
800.955000
805.512000
814.483000
831.047000
843.684000
853.001000
866.150000
884.305000
902.353000
914.684000
927.303000
936.253000
947.002000
953.279000
963.082000
975.691000
993.168000
996.247000
999.909000
1005.967000
1014.781000
1020.330000
1027.842000
1036.189000
1044.899000
1052.040000
1067.304000
1080.949000
1091.189000
1096.183000
1101.132000
1105.221000
1108.649000
1111.567000
1120.604000
1135.620000
1144.711000
1151.488000
1164.520000
1174.804000
1181.824000
1187.086000
1195.424000
1201.247000
1209.375000
1219.605000
1237.547000
1251.078000
1260.377000
1270.201000
1280.791000
1284.741000
1290.452000
1294.157000
1304.002000
1308.075000
1308.240000
1308.548000
1314.915000
1319.862000
1325.622000
1332.187000
1340.648000
1349.729000
1362.646000
1371.308000
1384.335000
1399.053000
1410.422000
1418.534000
1428.944000
1431.659000
1440.066000
1441.755000
1447.074000
1452.574000
1458.127000
1460.897000
1462.531000
1469.907000
1475.542000
1483.330000
1501.980000
1523.873000
1535.567000
1539.280000
1541.631000
1542.813000
1547.583000
1554.126000
1562.065000
1566.863000
1570.431000
1575.858000
1591.708000
1601.508000
1617.126000
1623.719000
1630.460000
1647.832000
1662.584000
1670.536000
1685.163000
1687.782000
1690.843000
1691.197000
1694.452000
1703.917000
1707.577000
1710.045000
1713.399000
1713.876000
1714.247000
1714.275000
1714.731000
1720.256000
1722.283000
1723.748000
1724.103000
1724.157000
1726.180000
1728.914000
1731.041000
1731.196000
1731.377000
1739.958000
1745.408000
1754.724000
1763.760000
1771.928000
1783.930000
1791.536000
1795.445000
1803.638000
1813.585000
1828.059000
1848.655000
1860.930000
1873.108000
1890.918000
1903.284000
1911.249000
1920.919000
1929.062000
1936.886000
1944.163000
1952.586000
1964.516000
1965.483000
1966.253000
1969.389000
1973.222000
1974.950000
1975.315000
1975.593000
1975.668000
1976.406000
1980.367000
1985.349000
1988.139000
1990.068000
1990.372000
1990.973000
1992.974000
1998.041000
2000.957000
2004.584000
2007.466000
2008.014000
2008.148000
2008.415000
2009.488000
2017.071000
2022.695000
2026.937000
2032.130000
2058.943000
2074.509000
2088.489000
2100.807000
2113.661000
2120.999000
2128.537000
2134.461000
2140.067000
2144.920000
2149.968000
2152.947000
2157.906000
2162.884000
2172.380000
2183.428000
2189.704000
2190.183000
2190.496000
2190.524000
2190.550000
2190.658000
2190.753000
2190.901000
2195.964000
2201.545000
2212.305000
2219.033000
2232.236000
2239.533000
2246.283000
2248.506000
2249.891000
2250.405000
2251.256000
2253.728000
2259.448000
2265.989000
2272.800000
2276.866000
2278.804000
2279.395000
2279.615000
2279.737000
2280.055000
2282.837000
2286.131000
2289.179000
2295.761000
2306.273000
2318.391000
2326.759000
2335.478000
2340.869000
2345.613000
2349.003000
2354.731000
2361.788000
2373.964000
2391.451000
2401.606000
2404.730000
2409.444000
2414.592000
2420.118000
2421.369000
2423.092000
2425.219000
2427.553000
2429.210000
2429.661000
2429.966000
2435.094000
2442.370000
2446.986000
2451.626000
2454.427000
2454.877000
2455.135000
2455.334000
2455.648000
2455.710000
2455.710000
2455.710000
2455.711000
2455.720000
2455.778000
2455.849000
2456.199000
2456.792000
2457.646000
2459.403000
2466.043000
2475.097000
2477.894000
2481.162000
2491.535000
2497.085000
2499.567000
2500.487000
2502.342000
2502.374000
2502.398000
2502.423000
2502.439000
2502.444000
2502.456000
2502.467000
2502.530000
2502.596000
2502.616000
2502.616000
2502.646000
2502.667000
2502.667000
2502.732000
2510.215000
2515.622000
2518.362000
2520.260000
2527.956000
2531.566000
2538.158000
2549.450000
2557.646000
2560.701000
2567.394000
2574.436000
2577.252000
2581.473000
2589.468000
2592.801000
2593.318000
2593.649000
2593.674000
2593.676000
2593.684000
2593.688000
2593.689000
2593.689000
2593.689000
2593.705000
2593.738000
2593.749000
2593.755000
2593.777000
2593.783000
2593.783000
2593.783000
2593.783000
2593.783000
2596.177000
2601.580000
2606.569000
2612.068000
2618.141000
2627.590000
2635.476000
2640.898000
2645.760000
2656.487000
2663.683000
2669.986000
2673.317000
2677.981000
2679.639000
2680.170000
2680.215000
2680.252000
2680.302000
2680.603000
2680.646000
2680.677000
2680.698000
2680.759000
2680.824000
2680.839000
2680.842000
2680.849000
2680.974000
2681.070000
2682.364000
2688.753000
2697.489000
2702.702000
2707.943000
2711.695000
2712.610000
2717.530000
2726.431000
2735.736000
2738.135000
2738.455000
2738.461000
2738.505000
2738.586000
2738.897000
2739.085000
2739.138000
2748.598000
2767.088000
2772.340000
2777.512000
2778.243000
2778.522000
2778.559000
2778.638000
2780.213000
2780.231000
2780.231000
2780.566000
2782.727000
2786.056000
2786.304000
2786.372000
2786.418000
2786.438000
2786.455000
2786.486000
2786.486000
2786.487000
2786.487000
2786.487000
2786.489000
2786.724000
2786.909000
2787.683000
2790.678000
2798.685000
2803.593000
2806.949000
2808.377000
2810.400000
2812.441000
2816.408000
2820.104000
2824.019000
2827.177000
2829.554000
2833.396000
2837.644000
2837.712000
2837.731000
2837.867000
2837.938000
2837.943000
2838.111000
2838.126000
2838.148000
2838.180000
2838.445000
2841.443000
2845.727000
2848.928000
2854.598000
2859.637000
2862.359000
2862.827000
2862.908000
2862.983000
2863.058000
2863.143000
2863.185000
2863.195000
2863.446000
2866.155000
2870.130000
2874.607000
2884.282000
2887.562000
2889.744000
2891.470000
2892.396000
2892.543000
2892.559000
2892.602000
2892.746000
2893.051000
2893.315000
2893.391000
2893.409000
2893.441000
2893.466000
2893.484000
2893.486000
2893.486000
2893.533000
2893.550000
2895.872000
2897.912000
2898.059000
2898.299000
2898.334000
2898.334000
2898.334000
2898.764000
2901.017000
2906.231000
2916.311000
2924.897000
2935.352000
2940.757000
2947.733000
2954.727000
2961.581000
2967.612000
2975.606000
2984.749000
2991.970000
2996.148000
3001.547000
3005.490000
3010.936000
3016.066000
3020.740000
3024.244000
3034.123000
3034.736000
3035.013000
3037.290000
3047.091000
3049.542000
3055.764000
3062.230000
3067.040000
3070.967000
3073.304000
3073.491000
3073.556000
3073.556000
3073.556000
3073.563000
3073.712000
3074.098000
3074.795000
3079.782000
3085.335000
3093.239000
3096.535000
3097.702000
3097.968000
3098.018000
3098.025000
3098.034000
3098.047000
3098.052000
3098.067000
3098.096000
3099.765000
3100.604000
3100.776000
3102.886000
3106.259000
3108.675000
3109.098000
3118.647000
3129.072000
3137.012000
3144.521000
3149.434000
3150.483000
3150.692000
3150.789000
3150.860000
3150.860000
3150.870000
3150.965000
3151.636000
3152.982000
3154.118000
3155.559000
3158.573000
3159.664000
3164.178000
3164.873000
3164.902000
3164.905000
3164.972000
3165.024000
3165.216000
3165.312000
3165.317000
3165.318000
3165.339000
3165.341000
3165.341000
3165.449000
3165.486000
3165.659000
3165.692000
3165.714000
3165.714000
3165.714000
3165.714000
3165.714000
3165.714000
3165.714000
3165.714000
3165.714000
3165.714000
3165.714000
3165.714000
3165.714000
3165.714000
3165.714000
3165.714000
3165.714000
3165.714000
3165.714000
3165.714000
3165.714000
3165.714000
3165.714000
3165.714000
3165.714000
3165.714000
3165.714000
3165.714000
3165.714000
3165.714000
3165.714000
3165.714000
3165.714000
3165.714000
3165.714000
3165.714000
3165.714000
3165.714000
3165.714000
3165.714000
3165.714000
3165.714000
3165.714000
3165.714000
3165.714000
3165.714000
3165.714000
3165.714000
3165.714000
3165.714000
3165.714000
3165.714000
3165.714000
3165.714000
3165.714000
3165.714000
3165.714000
3165.714000
3165.714000
3165.714000
3165.714000
3165.714000
3165.714000
3165.714000
