1.59291
1.59358
2.09302
2.59336
3.09297
3.60004
4.09434
4.59317
5.09356
5.60911
6.10096
6.59473
7.09507
7.61535
8.10037
8.59386
9.09503
9.61618
10.097
10.5933
11.0953
11.6177
12.0946
12.5948
13.0945
13.6172
14.0973
14.5949
15.0957
15.6166
16.0988
16.5936
17.0945
17.6096
18.1045
18.5934
19.0938
19.6084
20.0978
20.593
21.0944
21.6147
22.0936
22.5946
23.0948
23.6072
24.1002
24.5935
25.0944
25.6112
26.0973
26.5933
27.0955
27.6118
28.0933
28.5935
29.0945
29.6116
30.1037
30.5931
31.0944
31.6127
32.0965
32.6061
33.0948
33.6082
34.0956
34.6061
35.0954
35.605
36.0988
36.5931
37.0949
37.6073
38.0935
38.5934
39.0941
39.6097
40.0935
40.6024
41.0941
41.6095
42.0967
42.5933
43.0938
43.6087
44.1165
44.5932
45.0943
45.6073
46.0936
46.5934
47.0941
47.6125
48.0936
48.5933
49.0939
49.6191
50.0935
50.5949
51.1086
51.6081
52.1143
52.6
53.0972
53.6046
54.0936
54.6001
55.0997
55.6014
56.0934
56.593
57.0988
57.6075
58.1061
58.5991
59.0935
59.6088
60.1089
60.5931
61.1013
61.6076
62.1107
62.6007
63.0993
63.6169
64.1154
64.6014
65.1019
65.6019
66.1197
66.6015
67.1008
67.6182
68.1103
68.6099
69.1014
69.6231
70.104
70.6014
71.1016
71.6045
72.1148
72.6005
73.1007
73.6155
74.1077
74.6119
75.1145
75.6128
76.1159
76.6026
77.1009
77.6176
78.1353
78.6029
79.1014
79.6158
80.1321
80.6009
81.1021
81.6126
82.1188
82.6013
83.1012
83.6208
84.1241
84.6028
85.106
85.6159
86.1247
86.6008
87.1062
87.6106
88.1132
88.6058
89.1025
89.6073
90.1299
90.6026
91.1072
91.6091
92.1244
92.6025
93.1032
93.6142
94.1204
94.6025
95.1012
95.6154
96.1218
96.6006
97.1022
97.6095
98.1224
98.6092
99.1015
99.6072
100.116
100.603
101.103
101.609
102.115
102.603
103.103
103.614
104.116
104.61
105.125
105.61
106.11
106.601
107.102
107.619
108.109
108.601
109.101
109.617
110.12
110.603
111.102
111.618
112.12
112.601
113.101
113.62
114.123
114.616
115.102
115.621
116.11
116.601
117.113
117.613
118.127
118.603
119.111
119.617
120.109
120.602
121.103
121.611
122.119
122.601
123.102
123.611
124.109
124.603
125.103
125.623
126.115
126.603
127.103
127.617
128.119
128.601
129.103
129.633
130.109
130.602
131.102
131.624
132.111
132.601
133.103
133.623
134.118
134.616
135.102
135.629
136.11
136.607
137.103
137.64
138.108
138.602
139.102
139.618
140.121
140.603
141.107
141.619
142.109
142.602
143.101
143.632
144.117
144.602
145.102
145.63
146.11
146.602
147.127
147.615
148.102
148.603
149.121
149.613
150.105
150.603
151.119
151.609
152.109
152.602
153.12
153.609
154.101
154.602
155.109
155.61
156.103
156.602
157.122
157.612
158.101
158.602
159.11
159.629
160.105
160.617
161.11
161.612
162.101
162.602
163.12
163.627
164.103
164.602
165.129
165.611
166.101
166.606
167.108
167.61
168.103
168.602
169.11
169.609
170.102
170.603
171.119
171.608
172.102
172.602
173.111
173.614
174.102
174.601
175.107
175.614
176.103
176.619
177.108
177.613
178.105
178.616
179.109
179.613
180.102
180.602
181.106
181.613
182.107
182.607
183.127
183.609
184.121
184.619
185.119
185.608
186.115
186.619
187.103
187.608
188.108
188.602
189.102
189.615
190.112
190.602
191.101
191.61
192.11
192.613
193.101
193.608
194.11
194.604
195.103
195.615
196.11
196.605
197.102
197.606
198.108
198.601
199.106
199.622
200.109
200.601
201.102
201.609
202.109
202.601
203.102
203.608
204.107
204.601
205.101
205.609
206.109
206.601
207.101
207.612
208.109
208.602
209.102
209.613
210.111
210.602
211.101
211.614
212.109
212.614
213.101
213.611
214.12
214.619
215.102
215.606
216.11
216.601
217.103
217.604
218.105
218.599
219.101
219.624
220.104
220.603
221.102
221.608
222.106
222.601
223.104
223.609
224.106
224.601
225.102
225.607
226.108
226.605
227.102
227.606
228.118
228.605
229.101
229.607
230.108
230.602
231.101
231.607
232.127
232.603
233.101
233.614
234.12
234.61
235.12
235.625
236.116
236.602
237.101
237.611
238.113
238.602
239.102
239.613
240.105
240.6
241.102
241.604
242.105
242.602
243.1
243.607
244.115
244.612
245.101
245.612
246.106
246.602
247.101
247.616
248.106
248.601
249.101
249.609
250.118
250.601
251.094
251.602
252.114
252.601
253.1
253.608
254.096
254.601
255.101
255.601
256.097
256.62
257.097
257.6
258.105
258.598
259.096
259.61
260.104
260.599
261.094
261.604
262.101
262.598
263.095
263.6
264.107
264.605
265.097
265.605
266.105
266.6
267.096
267.613
268.094
268.593
269.094
269.603
270.094
270.593
271.095
271.601
272.094
272.595
273.094
273.598
274.104
274.598
275.096
275.597
276.096
276.594
277.094
277.601
278.119
278.594
279.095
279.603
280.097
280.594
281.094
281.602
282.094
282.593
283.095
283.606
284.101
284.607
285.094
285.609
286.094
286.594
287.094
287.619
288.099
288.593
289.095
289.606
290.093
290.593
291.094
291.611
292.094
292.593
293.094
293.605
294.094
294.594
295.094
295.602
296.094
296.604
297.094
297.602
298.094
298.593
299.094
299.6
300.094
300.593
301.094
301.599
302.094
302.593
303.094
303.597
304.093
304.593
305.094
305.599
306.094
306.593
307.094
307.6
308.094
308.593
309.094
309.608
310.101
310.593
311.094
311.605
312.094
312.594
313.094
313.606
314.094
314.593
315.096
315.628
316.094
316.594
317.094
317.601
318.094
318.593
319.094
319.602
320.094
320.596
321.094
321.597
322.094
322.593
323.096
323.599
324.094
324.594
325.093
325.611
326.094
326.593
327.097
327.597
328.094
328.593
329.094
329.597
330.094
330.594
331.094
331.598
332.094
332.597
333.094
333.598
334.094
334.595
335.096
335.598
336.094
336.596
337.094
337.599
338.094
338.594
339.095
339.597
340.094
340.593
341.094
341.598
342.094
342.596
343.095
343.601
344.094
344.596
345.098
345.602
346.094
346.596
347.095
347.602
348.094
348.596
349.097
349.603
350.094
350.593
351.094
351.601
352.094
352.593
353.094
353.599
354.094
354.593
355.094
355.599
356.094
356.593
357.094
357.598
358.094
358.593
359.096
359.598
360.094
360.596
