0.011940
0.009524
0.007292
0.007316
0.009119
0.008758
0.004383
0.011910
0.010988
0.013445
0.010126
0.010599
0.012710
0.010530
0.009048
0.010485
0.009463
0.010790
0.015895
0.011042
0.012366
0.013150
0.010333
0.011225
0.023791
0.018242
0.024980
0.018332
0.015756
0.014427
0.015942
0.018321
0.016887
0.018582
0.017244
0.015799
0.014927
0.012463
0.013766
0.015424
0.019388
0.018324
0.014662
0.012200
0.011912
0.010058
0.018706
0.008803
0.006122
0.007749
0.008238
0.009545
0.009433
0.005853
0.007247
0.016278
0.021265
0.014469
0.008050
0.016042
0.013890
0.019021
0.023877
0.016830
0.020289
0.019590
0.019072
0.022709
0.015951
0.020853
0.016448
0.016774
0.016844
0.016834
0.017742
0.014716
0.017106
0.024716
0.019192
0.020625
0.021360
0.021492
0.027559
0.018540
0.016627
0.016862
0.015976
0.017354
0.014904
0.015255
0.015026
0.016735
0.018378
0.024437
0.023499
0.024032
0.016395
0.018444
0.019138
0.028217
0.022184
0.013265
0.018667
0.017702
0.016229
0.015975
0.015293
0.007012
0.007953
0.013193
0.019866
0.024090
0.020130
0.020053
0.025535
0.023097
0.031881
0.019356
0.018841
0.010483
0.012218
0.023385
0.013495
0.015293
0.018976
0.026334
0.027250
0.015024
0.019622
0.021105
0.021366
0.020637
0.018511
0.018431
0.012532
0.010236
0.016181
0.010589
0.011858
0.015838
0.014365
0.014538
0.014861
0.016841
0.008550
0.013964
0.008777
0.007776
0.008408
0.007042
0.008742
0.016655
0.013969
0.012031
0.012298
0.011436
0.013874
0.018302
0.018594
0.012329
0.014617
0.013715
0.015962
0.012341
0.011150
0.011427
0.018000
0.014729
0.020096
0.014120
0.015463
0.015530
0.014920
0.011513
0.010792
0.011772
0.014437
0.018641
0.011620
0.008546
0.007424
0.008503
0.010151
0.007321
0.008762
0.012384
0.008002
0.010666
0.007864
0.008886
0.011973
0.008751
0.007643
0.010003
0.011727
0.010964
0.014516
0.013092
0.017688
0.018831
0.015945
0.010903
0.008142
0.008440
0.011433
0.009909
0.008957
0.012133
0.008902
0.009796
0.008187
0.009602
0.012335
0.007876
0.010457
0.011479
0.007444
0.005117
0.012135
0.010776
0.011011
0.013149
0.017654
0.015733
0.018010
0.016342
0.015059
0.017322
0.021116
0.016886
0.012187
0.009836
0.008829
0.016974
0.015363
0.014502
0.020429
0.015144
0.013659
0.011176
0.011587
0.014288
0.014712
0.012178
0.011049
0.008830
0.009050
0.010404
0.016044
0.018651
0.011088
0.011453
0.008709
0.009142
0.009677
0.013303
0.014580
0.014516
0.017046
0.015543
0.011307
0.011572
0.012213
0.018821
0.013925
0.011477
0.012171
0.011436
0.017394
0.013480
0.014200
0.010364
0.007962
0.011005
0.010915
0.011194
0.011431
0.009294
0.015043
0.009289
0.007883
0.011607
0.010884
0.009957
0.013424
0.013576
0.016846
0.013703
0.014449
0.025892
0.016649
0.012455
0.012293
0.016101
0.008405
0.014728
0.010868
0.012789
0.010132
0.011889
0.012662
0.018325
0.015002
0.022554
0.018878
0.019539
0.017461
0.013445
0.014920
0.016958
0.016970
0.022704
0.023427
0.025258
0.022546
0.020860
0.019425
0.014340
0.013488
0.009306
0.015330
0.015414
0.013750
0.013237
0.010400
0.008180
0.007850
0.010523
0.019459
0.011000
0.007891
0.022380
0.016760
0.012204
0.011764
0.008927
0.014143
0.013585
0.009103
0.006848
0.007365
0.009021
0.011157
0.010953
0.013962
0.011966
0.011067
0.011284
0.013421
0.011314
0.008197
0.011192
0.011789
0.008174
0.008245
0.007254
0.006700
0.011891
0.008191
0.008430
0.008942
0.010745
0.008714
0.006837
0.010652
0.013694
0.014421
0.012665
0.015722
0.016075
0.013135
0.012214
0.012387
0.019939
0.015078
0.018270
0.016937
0.012048
0.010962
0.009487
0.010488
0.013195
0.017726
0.015689
0.014880
0.020713
0.015717
0.019461
0.017364
0.014182
0.009263
0.006903
0.007226
0.008815
0.010890
0.011516
0.005277
0.005744
0.016585
0.012599
0.016291
0.021752
0.019060
0.013895
0.011414
0.005631
0.006310
0.015704
0.018036
0.018423
0.007470
0.007737
0.003909
0.005050
0.005551
0.009594
0.013011
0.017474
0.020888
0.015281
0.014099
0.013471
0.013048
0.008929
0.008101
0.004859
0.003990
0.005842
0.005270
0.006533
0.002802
0.006783
0.010947
0.012727
0.009344
0.012673
0.018151
0.015084
0.017002
0.013333
0.012941
0.015808
0.026325
0.018541
0.013730
0.010567
0.018711
0.012108
0.013549
0.015884
0.019143
0.020109
0.015289
0.016289
0.007565
0.006060
0.006466
0.007358
0.006416
0.006060
0.003194
0.007946
0.004986
0.005721
0.005645
0.005633
0.004765
0.006359
0.007953
0.009562
0.006473
0.007948
0.009029
0.010276
0.014359
0.013030
0.017998
0.026106
0.023298
0.015122
0.012738
0.016505
0.012059
0.011575
0.019988
0.018074
0.012589
0.014580
0.014413
0.011306
0.012756
0.016842
0.022202
0.023720
0.022240
0.018825
0.011388
0.012649
0.009428
0.008716
0.007060
0.006169
0.007478
0.010833
0.009501
0.016505
0.016168
0.016202
0.016813
0.009678
0.010377
0.011513
0.012265
0.009553
0.008592
0.009779
0.011843
0.011315
0.015666
0.009237
0.010145
0.010140
0.011136
0.010309
0.011898
0.011492
0.008557
0.014011
0.018348
0.016601
0.018210
0.012414
0.011434
0.014816
0.012447
0.020754
0.021469
0.021643
0.023295
0.026367
0.012610
0.026557
0.021032
0.012478
0.009657
0.009026
0.012940
0.014161
0.011600
0.008934
0.014859
0.013544
0.010792
0.011165
0.009225
0.010259
0.011778
0.013604
0.011939
0.013064
0.014505
0.005698
0.007379
0.007842
0.010776
0.010961
0.014230
0.011703
0.009589
0.002797
0.005492
0.004999
0.005783
0.006803
0.009254
0.013503
0.011207
0.012655
0.007519
0.007858
0.011258
0.017698
0.015646
0.010347
0.008767
0.004031
0.005844
0.009394
0.013193
0.015635
0.029152
0.023886
0.020944
0.021195
0.020658
0.022649
0.018510
0.017719
0.014870
0.013286
0.021252
0.013127
0.013041
0.007766
0.008992
0.009494
0.010530
0.017153
0.018228
0.018004
0.015291
0.020687
0.022134
0.016364
0.018410
0.016430
0.026548
0.023137
0.018336
0.011089
0.010554
0.007735
0.016685
0.007257
0.007394
0.005931
0.006757
0.009116
0.009515
0.013162
0.017367
0.014600
0.015742
0.012800
0.008477
0.007830
0.008566
0.013270
0.010260
0.010780
0.009366
0.007167
0.009040
0.011944
0.013683
0.013235
0.014606
0.024162
0.019019
0.027722
0.023479
0.025949
0.023785
0.020661
0.018669
0.010533
0.021356
0.022421
0.018298
0.023457
0.021678
0.023494
0.015029
0.017372
0.020377
0.016283
0.018664
0.017802
0.014004
0.015653
0.021668
0.025506
0.022971
0.025311
0.020219
0.010989
0.018512
0.015124
0.028836
0.031315
0.025502
0.021412
0.028190
0.023814
0.019983
0.016860
0.012448
0.009098
0.009643
0.012204
0.011199
0.009723
0.013182
0.011400
0.020523
0.019286
0.010401
0.026527
0.016002
0.010672
0.014598
0.009278
0.012031
0.012540
0.010200
0.008007
0.007690
0.004793
0.006789
0.007270
0.008236
0.008319
0.013638
0.014823
0.011574
0.024366
0.020449
0.013852
0.010400
0.009779
0.009657
0.010230
0.009545
0.009427
0.009763
0.014145
0.018242
0.015082
0.010758
0.014430
0.014555
0.017082
0.023407
0.013361
0.020849
0.018923
0.017586
0.011310
0.015182
0.019200
0.015240
0.009974
0.011052
0.010621
0.004688
0.008754
0.008243
0.012311
0.018531
0.011406
0.006331
0.004959
0.013210
0.021374
0.019860
0.022872
0.026850
0.030026
0.027427
0.022433
0.024748
0.015383
0.010641
0.010596
0.024701
0.023719
0.028396
0.015480
0.020181
0.032128
0.027220
0.018131
0.008479
0.011055
0.016315
0.015231
0.009471
0.010426
0.010788
0.003259
0.011062
0.009531
0.018922
0.017766
0.017546
0.017819
0.023563
0.015888
0.019147
0.019335
0.020968
0.022400
0.031953
0.028330
0.027135
0.018085
0.014677
0.018674
0.022552
0.018397
0.016015
0.015102
0.009563
0.014322
0.020486
0.014671
0.022599
0.030204
0.025002
0.016949
0.016001
0.016655
0.020532
0.026035
0.025934
0.021718
0.022817
0.022106
0.024016
0.025342
0.031394
0.027876
0.025412
0.019669
0.018119
0.014221
0.016249
0.014331
0.012101
0.008348
0.003409
0.011638
0.013610
0.013619
0.011966
0.006161
0.013314
0.015567
0.017490
0.017885
0.018533
0.013775
0.011972
0.013397
0.011747
0.009718
0.021889
0.013078
0.019336
0.013694
0.016774
0.014807
0.019876
0.013903
0.023985
0.019950
0.025537
0.014457
0.017991
0.009266
0.013264
0.009464
0.012182
0.011297
0.011795
0.007225
0.014327
0.014290
0.014468
0.019506
0.019735
0.022029
0.020624
0.022383
0.022727
0.015236
0.027252
0.025372
0.022603
0.017622
0.017530
0.017035
0.012301
0.015040
0.020554
0.022710
0.020320
0.020876
0.013127
0.011187
0.006768
0.017617
0.023076
0.022092
0.023130
0.023077
0.020719
0.025122
0.025459
0.024775
0.019122
0.020947
0.018022
0.015717
0.010185
0.018357
0.003662
0.019771
0.017858
0.019413
0.024364
0.027431
0.027624
0.015912
0.012722
0.009686
0.009452
0.009363
0.012611
0.012673
0.011969
0.009876
0.009467
0.013128
0.018889
0.027655
0.028563
0.031526
0.018618
0.019640
0.024956
0.025031
0.020434
0.012985
0.013061
0.017359
0.019160
0.019475
0.018028
0.019822
0.023088
0.023083
0.021284
0.015814
0.012708
0.019024
0.021003
0.016256
0.016502
0.022883
0.029231
0.020622
0.022317
0.016814
0.036321
0.033717
0.023701
0.018020
0.015506
0.012233
0.015991
0.024246
0.024803
0.017261
0.013077
0.028082
0.020161
0.015990
0.030201
0.021026
0.036634
0.023062
0.019546
0.012367
0.005849
0.017796
0.020497
0.017090
0.010955
0.010784
0.012383
0.013534
0.021100
0.024316
0.024014
0.016086
0.013662
0.016670
0.019666
0.027589
0.031515
0.029620
0.024192
0.016120
0.014078
0.012905
0.025407
0.023113
0.014399
0.013476
0.017245
0.015819
0.019783
0.007634
0.002722
0.002125
0.003067
0.012874
0.011572
0.017573
0.015151
0.016764
0.010107
0.006727
0.014716
0.005311
0.002584
0.022746
0.023449
0.025328
0.022937
0.024582
0.027378
0.017930
0.017174
0.013266
0.012793
0.011321
0.011057
0.010560
0.006049
0.010533
0.009540
0.007171
0.011697
0.010214
0.017656
0.022868
0.010398
0.008847
0.015708
0.019281
0.019649
0.019583
0.023217
0.031505
0.027816
0.030252
0.022579
0.016886
0.023316
0.020002
0.030888
0.027617
0.036435
0.027463
0.015533
0.010977
0.011707
0.012033
0.012904
0.023522
0.021868
0.017988
0.016365
0.015789
0.037247
0.032210
0.028934
0.014227
0.011613
0.011954
0.012025
0.011360
0.014284
0.007932
0.005668
0.016005
0.011769
0.011458
0.018789
0.014693
0.009142
0.007289
0.004815
0.008586
0.017050
0.016927
0.025421
0.008776
0.012063
0.010120
0.011881
0.012113
0.011860
0.015048
0.018938
0.013016
0.009113
0.007928
0.010637
0.011876
0.014999
0.016553
0.012604
0.014290
0.011590
0.013454
0.011556
0.022300
0.025333
0.023072
0.021293
0.024847
0.023613
0.020750
0.021359
0.006292
0.007436
0.006534
0.006084
0.017584
0.014936
0.006780
0.008307
0.012145
0.010580
0.006992
0.013570
0.012486
0.021766
0.016791
0.022020
0.023404
0.021846
0.015466
0.012787
0.014877
0.012373
0.009940
0.009120
0.010972
0.010969
0.007409
0.008996
0.012855
0.019094
0.018661
0.009925
0.008817
0.007443
0.003423
0.010817
0.014485
0.008531
0.007136
0.017215
0.019102
0.013698
0.008956
0.005776
0.011400
0.013595
0.014573
0.014375
0.012842
0.018028
0.011650
0.017134
0.021189
0.021411
0.016253
0.014480
0.017917
0.017746
0.019593
0.018669
0.026908
0.023810
0.015925
0.017755
0.018556
0.017278
0.016736
0.016951
0.015580
0.018763
0.021628
0.012473
0.013645
0.018723
0.022132
0.023865
0.019450
0.019978
0.016032
0.022929
0.015301
0.021353
0.038534
0.032812
0.020540
0.017199
0.009348
0.008560
0.011512
0.018492
0.013220
0.009531
0.009588
0.009307
0.014941
0.012301
0.018052
0.015187
0.012552
0.017389
0.018423
0.014307
0.012975
0.012302
0.007718
0.020531
0.019187
0.011828
0.021222
0.016525
0.014357
0.014346
0.013867
0.012346
0.011520
0.018059
0.014718
0.020866
0.029178
0.021600
0.029713
0.021217
0.027056
0.018750
0.026562
0.019713
0.018206
0.015262
0.017867
0.013259
0.013342
0.010209
0.013529
0.006710
0.005959
0.004144
0.005018
0.010947
0.011297
0.008114
0.005804
0.008204
0.006356
0.007772
0.006715
0.012908
0.010836
0.008046
0.014089
0.010124
0.016156
0.015423
0.013196
0.014404
0.014458
0.016083
0.007623
0.009814
0.009665
0.008941
0.012939
0.014578
0.013928
0.009684
0.012724
0.013655
0.012472
0.006699
0.018411
0.012932
0.009396
0.012919
0.012290
0.008556
0.009760
0.004009
0.005437
0.009732
0.009032
0.008967
0.008963
0.008967
0.008995
0.009228
0.009213
0.009190
0.009214
0.008234
0.003346
0.010549
0.007306
0.009111
0.018388
0.018466
0.007557
