4.96372
5.86118
7.27732
7.44737
7.97858
8.98034
10.3857
11.3158
12.2428
13.444
14.2555
14.8112
15.6842
16.8299
17.7627
18.9756
19.4919
20.1724
21.3563
22.1512
22.9835
23.9504
25.1222
25.7149
26.3641
27.3491
28.7774
29.8559
30.4017
31.4599
32.9115
34.0542
34.6927
35.9043
36.5526
36.8284
38.1521
38.9592
40.0975
40.6247
41.8558
42.3894
43.0119
44.1969
44.9033
45.4226
46.843
48.2092
49.5723
49.6707
50.0622
51.4727
52.4401
53.3146
54.4423
55.5392
56.9404
57.9409
59.0659
59.2904
60.599
61.0079
62.0196
63.3436
63.9142
64.9946
65.7908
66.0489
67.4552
69.1265
70.2025
71.1888
71.8236
72.5694
73.9868
74.9675
75.4872
75.8921
77.1696
77.4103
78.6756
79.2997
80.3384
81.705
82.479
83.7095
84.7765
85.4122
86.3504
87.3083
88.6079
89.1721
89.8232
91.0235
91.7514
91.9721
93.3498
94.1959
94.9955
95.5847
96.9952
98.0604
98.3554
99.1236
100.051
100.904
101.766
102.952
103.971
105.324
106.693
107.602
108.804
109.88
110.953
111.984
112.436
113.484
114.815
116.196
117.367
118.297
118.381
118.76
119.701
119.964
121.152
123.089
124.441
125.353
126.124
127.14
128.512
129.758
130.961
131.839
132.543
134.169
134.842
135.179
136.217
137.32
138.631
139.678
140.343
141.75
142.762
143.44
143.61
144.672
145.219
145.499
146.493
147.08
147.561
148.545
149.641
150.094
151.455
152.622
154.047
154.765
155.783
157.186
158.218
159.079
160.5
161.581
162.215
163.297
163.805
164.726
165.554
166.918
167.815
168.978
169.529
169.637
170.957
172.204
172.952
173.963
174.348
175.737
177.051
178.071
178.964
179.72
180.768
181.424
182.255
183.06
183.801
184.705
185.741
186.748
187.528
189.691
190.97
192.195
193.53
194.871
195.781
196.753
198.097
198.739
199.607
200.848
202.224
203.015
203.743
204.933
205.79
206.984
207.053
207.858
208.77
209.799
210.807
211.725
212.507
213.416
214.47
214.757
216.092
217.022
218.229
219.204
219.836
220.764
222.116
223.437
224.017
225.024
226.439
227.083
227.489
228.82
229.365
230.189
231.5
232.528
233.534
234.123
235.204
236.464
237.488
238.706
239.608
240.516
241.071
243.939
245.236
246.253
247.614
248.705
249.106
250.075
250.519
251.833
253.21
254.1
255.496
256.839
258.231
259.338
260.112
261.119
262.326
263.04
264.309
265.171
266.407
267.322
268.285
269.291
270.289
271.615
272.346
273.49
274.476
275.654
276.945
277.925
278.979
280.133
281.034
281.886
282.555
283.351
284.652
286.012
287.423
288.285
289.153
290.547
291.763
292.787
294.18
295.2
295.986
296.777
297.206
298.113
299.502
300.768
302.18
302.963
303.882
304.501
305.293
305.966
306.352
307.551
308.911
310.015
310.809
312.181
313.078
313.743
314.71
316.09
316.545
317.677
318.675
319.343
320.728
322.122
322.609
323.864
325.213
326.448
328.341
329.745
330.785
332.227
333.457
334.628
335.196
336.411
336.986
338.18
338.727
339.96
340.554
341.738
342.263
343.534
344.118
345.273
346.253
347.708
348.98
350.291
351.46
352.478
353.073
354.325
355.788
357.202
358.219
358.766
359.169
360.58
361.979
362.775
363.986
364.762
365.828
365.975
367.38
367.978
369.108
370.525
371.749
372.397
373.487
374.17
374.999
376.321
377.445
378.267
379.468
380.593
381.436
382.431
383.298
384.583
385.312
386.215
387.021
387.986
389.134
390.467
391.564
392.627
393.346
394.626
395.816
397.275
398.179
399.222
399.749
400.993
401.602
402.768
403.816
405.231
406.758
407.884
409.039
409.184
410.514
412.216
413.536
415.008
416.049
416.385
417.12
418.445
418.804
420.486
421.52
422.585
422.746
424.183
425.805
427.262
428.396
429.561
430.738
432.296
433.856
435.772
437.235
438.007
439.145
440.225
440.987
442.017
442.721
442.828
444.035
445.087
446.145
447.107
447.96
449.376
450.15
451.412
452.603
453.669
454.212
455.536
456.581
457.813
459.052
460.391
461.469
462.34
464.216
465.318
467.441
468.761
469.355
470.575
471.109
472.346
472.644
473.813
474.777
475.341
476.64
477.527
479.069
480.549
486.669
492.931
495.873
497.538
498.977
500.039
500.694
501.937
503.415
504.824
506.203
507.493
508.497
509.77
511.198
512.349
513.293
514.703
515.799
516.615
517.467
518.354
519.092
519.969
520.772
521.961
523.205
524.058
525.132
526.396
527.838
529.22
530.191
531.493
532.803
534.145
535.234
537.665
539.002
540.297
541.586
542.222
543.024
544.441
545.835
547.216
548.044
548.977
550.335
550.513
551.926
553.01
554.435
555.004
556.403
557.668
558.082
559.344
560.496
561.45
562.708
563.565
564.312
565.557
567.218
571.637
573.019
574.571
575.891
576.603
578.026
581.419
582.831
584.238
584.949
587.248
589.83
591.206
592.607
593.74
594.221
595.608
597.014
598.232
598.76
599.796
600.953
602.093
603.49
604.393
605.813
606.36
606.772
608.797
612.138
613.446
614.605
615.691
616.51
617.759
619.176
620.105
620.932
621.951
622.661
623.797
625.006
625.742
627.072
627.865
628.54
629.675
630.795
631.44
632.224
633.612
634.505
635.329
636.23
637.34
638.751
639.754
640.584
641.448
642.22
642.952
644.179
645.33
646.722
647.454
648.589
649.217
650.518
651.619
652.504
653.572
654.987
656.119
657.207
657.81
658.995
660.373
664.26
665.569
666.293
667.366
668.698
671.943
675.117
676.453
677.376
678.628
678.965
679.761
681.025
682.58
683.552
684.947
686.201
687.438
688.606
689.19
689.964
691.317
692.205
692.798
694.012
694.987
696.579
697.248
698.477
699.465
700.872
701.583
702.964
703.07
704.468
705.433
706.334
707.553
708.812
710.208
711.122
711.893
713.333
714.694
716.105
716.974
718.33
719.767
720.702
721.084
722.526
724.004
725.451
726.604
727.986
729.345
730.74
731.963
733.428
734.81
736.014
737.425
738.223
739.051
740.004
741.402
742.258
743.86
745.243
746.69
748.283
748.832
749.157
750.297
750.482
757.559
763.053
764.386
765.264
767.619
771.584
775.32
777.004
778.384
779.784
780.732
782.147
782.655
783.743
784.22
785.465
785.993
787.204
787.537
788.931
789.695
791.088
791.733
793.135
794.017
794.958
795.759
796.574
797.424
799.208
800.544
801.971
802.836
803.787
804.723
805.95
807.009
808.055
809.187
810.235
811.35
812.479
820.357
822.767
824.427
828.719
832.925
834.337
835.494
836.065
837.242
838.559
839.809
841.207
842.054
842.799
843.621
844.597
845.458
846.947
848.363
848.751
850.193
851.355
852.777
853.803
854.47
855.396
857.833
859.158
860.713
867.17
868.946
870.318
871.544
872.817
874.212
875.343
876.207
877.032
877.954
879.357
880.536
881.061
882.517
883.961
885.334
886.526
887.957
888.707
890.075
890.892
891.503
892.297
893.092
894.293
895.786
896.607
897.069
898.469
899.319
900.118
901.037
901.74
902.6
904.009
905.412
906.608
907.328
908.772
910.22
913.059
915.988
917.362
918.577
919.511
920.537
921.356
922.435
923.831
925.229
926.413
927.772
928.976
929.969
931.01
932.445
933.636
934.546
935.451
936.36
937.018
937.759
939.128
940.28
941.354
942.729
943.466
944.275
945.547
946.567
947.456
948.823
948.944
950.347
951.732
952.486
953.723
955.079
956.452
957.487
958.281
959.365
961.761
964.207
965.631
966.816
968.261
970.012
972.046
973.589
976.001
978.872
981.322
984.205
985.611
987.1
988.56
990.675
991.466
992.329
993.204
994.586
994.75
996.131
996.808
997.826
999.211
1000.28
1001.04
1001.83
1003.22
1004.27
1005.1
1006.54
1007.22
1007.99
1009.37
1010.02
1011.09
1012.01
1012.8
1013.94
1014.55
1015.96
1016.91
1017.49
1018.12
1019.57
1020.95
1022.12
1023.54
1024.53
1025.84
1026.64
1027.48
1028.23
1029.62
1030.14
1030.97
1032.23
1032.85
1034.04
1034.6
1035.5
1036.75
1037.35
1038.01
1039.44
1040.37
1040.93
1042.21
1043.71
1045.1
1045.48
1046.39
1047.78
1049.12
1049.48
1050.93
1052.27
1053.23
1054.55
1055.26
1055.95
1056.56
1057.96
1059.36
1060.75
1061.76
1063
1063.98
1065.39
1066.79
1068.08
1069.13
1070.04
1070.8
1072.21
1073.73
1074.97
1076.36
1077.16
1078.29
1079.35
1080.29
1081.31
1082.19
1083.04
1084.3
1085.36
1089.87
1091.3
1092.72
1094.14
1094.96
1096.22
1097.62
1098.8
1100.11
1101.31
1102.7
1103.38
1104.63
1106.02
1106.67
1108.24
1109.91
1111.32
1112.71
1114.1
1115.52
1116.95
1118.36
1119.56
1120.36
1121.75
1122.62
1124
1125.07
1126.36
1127.45
1128.94
1129.45
1130.71
1131.94
1133.37
1134.36
1135.75
1136.5
1137.89
1138.68
1140.11
1140.54
1141.98
1143.09
1144.01
1145.42
1146.8
1147.38
1148.74
1150.12
1150.6
1152
1152.93
1154.32
1154.99
1156.37
1156.86
1157.59
1159.18
1160.6
1161.92
1163.29
1163.79
1165.22
1166.61
1167.64
1168.56
1169.4
1170.73
1171.81
1171.99
1173.09
1174.52
1175.96
1177.36
1178.81
1180.29
1181.32
1182.2
1184.18
1185.5
1186.62
1188.02
1189.01
1190.42
1191.05
1192.48
1193.88
1195.2
1195.76
1196.44
1197.82
1199.58
1200.97
1202.15
1202.46
1203.85
1204.59
1205.96
1206.31
1207.74
1209.18
1210.59
1210.77
1212.19
1212.45
1213.76
1215.19
1216.59
1217.97
1218.83
1219.51
1220.92
1222.3
1222.54
1223.97
1224.6
1226
1226.73
1228.13
1228.97
1229.76
1231.17
1232.33
1233.69
1235
1236.41
1237.62
1238.96
1239.73
1240.31
1241.33
1242.74
1244.46
1245.75
1247.06
1248.45
1249.56
1250.97
1251.31
1252.54
1253.98
1255.22
1257.11
1258.53
1259.1
1260.41
1261.11
1262.55
1263.88
1265.1
1266.54
1267.1
1267.96
1269.36
1270.76
1271.64
1273.03
1274.27
1275.7
1276.74
1278.14
1279.54
1280.79
1282.2
1283.19
1284.22
1285.59
1286.69
1288.09
1289.03
1289.96
1290.74
1291.77
1293.19
1297.87
1299.19
1302.17
1304.08
1306
1307.39
1308.78
1309.87
1311.07
1312.49
1313.88
1315.21
1316.6
1317.99
1318.91
1320.29
1321.01
1322.68
1323.54
1324.34
1325.5
1326.94
1328.22
1329.61
1330.52
1331.96
1332.19
1333.59
1334.55
1335.82
1337.19
1337.42
1338.79
1340.18
1340.7
1341.45
1342.83
1343.99
1345.27
1346.77
1348.25
1349.63
1350.82
1352.22
1353.61
1354.61
1356
1356.78
1358.2
1359.86
1360.81
1362.1
1363.33
1364.49
1365.53
1366.51
1367.45
1368.52
1369.53
1370.93
1372.14
1373.56
1374.62
1375.97
1376.99
1378.37
1379
1380.85
1381.19
1381.86
1383.25
1383.54
1384.94
1386.32
1387.7
1388.04
1388.58
1390.68
1391.77
1392.73
1394.14
1395.59
1396.99
1397.82
1398.77
1400.18
1401.3
1402.69
1403.6
1404.81
1406.18
1407.59
1408.1
1409.49
1409.68
1411.07
1412.43
1413.82
1415.26
1416.68
1418.09
1419.49
1419.76
1421.19
1423.11
1424.8
1426.23
1427.87
1429.24
1432.38
1437.6
1438.93
1439.95
1440.99
1442.61
1444.01
1447.13
1448.55
1450
1451.39
1452.44
1453.12
1453.48
1454.89
1455.59
1456.99
1458.38
1459.44
1460.11
1460.73
1461.32
1462.2
1463.7
1464.96
1466
1467.43
1468.68
1470.39
1471.37
1472.83
1473.53
1474.97
1476.37
1477.21
1478.33
1478.46
1478.59
1478.78
1480.23
1481.46
1482.85
1483.47
1484.26
1485.69
1486.72
1487.94
1489.35
1490.05
1491.44
1492.37
1493.97
1495.38
1496.51
1497.83
1498.83
1499
1499.09
1499.21
1499.47
1499.57
1499.75
1499.86
1499.99
1500.11
1501.5
1502.3
1503.71
1505.13
1505.42
1506.9
1508.3
1508.96
