0.000000
0.000000
0.100000
0.633333
1.166667
1.766667
2.343973
3.268674
4.233965
5.224034
6.213180
7.273448
8.252903
9.246075
10.189570
10.993482
11.959514
12.900902
13.907427
14.754952
15.702184
16.555625
17.442094
18.333952
19.316578
20.331222
21.376331
22.361937
23.210427
24.133116
24.980291
25.731600
26.695725
27.685165
28.674144
29.648036
30.517311
31.398536
32.348059
33.322442
34.303016
35.272463
36.267882
37.235046
38.179236
39.001462
39.978927
40.942185
41.910861
42.792215
43.747909
44.708735
45.493395
46.442408
47.255157
47.772169
48.332563
49.147837
50.137795
50.870745
51.443985
52.404329
53.352441
54.291981
55.343342
56.324488
57.193138
58.148856
59.147200
59.971848
60.661491
61.548771
62.538492
63.504062
64.472989
65.396876
66.389181
67.421774
68.422035
69.412914
70.395209
71.374673
72.186672
73.050401
74.098719
75.085763
76.074450
77.047574
78.004336
78.976770
79.820705
80.729728
81.669959
82.281471
82.868299
83.790948
84.763464
85.567742
86.024376
86.913434
87.927004
88.888104
89.823216
90.764477
91.406836
92.346224
93.114608
94.040843
94.836732
95.557978
96.331148
97.248119
98.077936
98.797738
99.801342
100.572440
101.306151
102.237893
103.222038
104.200463
105.254690
106.179400
107.169647
108.220169
109.202947
110.194523
111.185406
112.164202
113.134602
113.920235
114.953669
115.854127
116.728498
117.725398
118.663616
119.633847
120.685661
121.672532
122.663036
123.637005
124.614656
125.592967
126.441094
127.461373
128.283219
129.082474
130.072496
131.041011
132.026788
133.003725
134.058828
135.003162
135.979527
136.917083
137.760568
138.690168
139.355284
140.233214
141.223091
142.212027
143.202018
144.191947
145.166329
146.222395
147.145386
148.128066
149.103766
150.088423
151.077714
151.946018
152.801573
153.813917
154.581705
155.425268
156.406436
157.339608
158.239752
159.173672
160.108421
161.067768
162.042031
162.992694
163.979804
164.960577
165.917021
166.899124
167.816213
168.738340
169.711627
170.714130
171.302419
171.843963
172.793799
173.622782
174.457213
175.378090
176.307274
177.151970
178.127883
179.104147
179.906420
180.838611
181.859934
182.741440
183.600840
184.502635
185.281546
185.835176
186.600478
187.671297
188.620766
189.595352
190.539656
191.531425
192.482511
193.444019
194.469483
195.146621
195.879396
196.822049
197.823776
198.764528
199.696301
200.483375
201.293572
202.307317
203.152017
203.596709
204.313158
205.344938
206.315017
207.330593
208.300125
209.278781
210.242922
211.297355
212.269992
213.244938
214.232963
215.222100
216.226647
217.221324
217.373406
217.651024
218.528392
219.518078
220.465458
221.369078
222.395466
223.301107
224.294827
225.160507
226.093754
227.054794
227.863512
228.747950
229.643978
230.610799
231.532221
232.449717
233.378054
234.349129
235.351506
236.317538
237.107365
237.876573
238.775857
239.735046
240.786774
241.762038
242.756976
243.741961
244.722169
245.705519
246.674733
247.730150
248.720245
249.705134
250.671325
251.654178
252.619672
253.278699
253.937549
254.900852
255.815483
256.804414
257.784476
258.758723
259.790326
260.778587
261.750835
262.717192
263.662116
264.582844
265.572108
266.628346
267.603435
268.537402
269.220229
269.761567
270.480091
271.518940
272.488395
273.462061
274.447254
275.428145
276.207681
277.081313
278.084778
278.528317
279.172493
280.068990
280.919373
281.845103
282.818645
283.558283
284.211028
285.166400
286.140666
287.121143
288.033130
289.078961
290.079606
291.063916
292.050306
293.027868
293.893653
294.849328
295.767814
296.757659
297.709081
298.697929
299.681199
300.658288
301.702939
302.685555
303.641301
304.627027
305.609328
306.604576
307.592687
308.639159
309.587953
310.435422
311.441256
312.203610
313.026949
314.014102
314.966366
315.933241
316.919873
317.909410
318.842906
319.685843
320.646959
321.477426
322.464509
323.452732
324.435621
325.424389
326.412505
327.385633
328.345967
329.246717
330.239684
331.236727
332.129549
333.162213
334.008772
334.955493
335.910937
336.879438
337.749240
338.770762
339.641021
339.868292
340.033302
340.785292
341.662486
342.158742
342.920252
343.871832
344.841016
345.755360
346.672308
347.667279
348.644101
349.652754
350.628018
351.611289
352.584144
353.552361
354.363146
354.937829
355.885189
356.874913
357.862465
358.858394
359.798391
360.640896
361.673189
362.567997
363.529776
364.455087
365.392879
366.353265
367.316550
368.288860
369.032179
369.435190
370.077756
370.877412
371.844538
372.821313
373.824021
374.788187
375.775437
376.755649
377.552017
378.461229
379.505264
380.478027
381.415371
382.354140
383.302373
384.279097
385.197299
386.119267
387.091561
387.877274
388.747217
389.697836
390.684977
391.729214
392.713327
393.678972
394.663900
395.648585
396.507622
397.260554
398.197345
399.073259
400.056142
401.039998
401.960329
402.859301
403.848699
404.877651
405.838311
406.842932
407.835946
408.779041
409.762294
410.767197
411.749917
412.737662
413.717027
414.560334
415.514654
416.496420
417.552513
418.543321
419.501240
420.470500
421.398619
422.345138
423.395008
424.286000
425.241167
426.191118
427.111500
427.905335
428.600761
429.668159
430.603833
431.574770
432.547986
433.508220
434.443897
435.354773
436.408723
437.264872
437.708358
437.715771
437.733113
438.215845
439.191787
440.191529
441.180725
442.042261
442.725492
443.317572
444.074517
445.064783
446.050043
447.032018
448.024992
448.992697
450.005611
450.975761
451.775075
452.656513
453.673167
454.513650
455.478420
456.431476
457.188735
457.619320
458.286585
459.248309
459.946058
460.754963
461.761283
462.794268
463.784124
464.766494
465.739297
466.607643
467.608315
468.624687
469.617763
470.578879
471.555071
472.409370
473.382171
474.303052
475.311437
475.981127
476.921067
477.889364
478.816047
479.776556
480.794021
481.726918
482.678119
483.638232
484.609222
485.414808
486.052310
487.009056
487.947180
488.873114
489.834648
490.826643
491.807438
492.721757
493.589395
494.564838
495.321869
495.981047
496.830017
497.732376
498.695472
499.603522
500.478579
501.169125
502.200466
503.157969
504.143083
505.176706
506.132121
507.062209
508.043596
509.006673
509.925072
510.971638
511.845171
512.814483
513.788396
514.757319
515.745546
516.706309
517.726949
518.668563
519.621327
520.354988
520.925326
521.866399
522.849593
523.905274
524.780159
525.733585
526.685899
527.665059
528.638380
529.558862
530.526418
531.278918
532.221918
533.126659
534.042780
534.986035
535.959117
536.795829
537.692504
538.525300
539.320545
540.347671
541.186124
542.087225
543.088447
544.035492
545.004615
545.977618
546.959960
547.999934
548.982298
549.963668
550.924901
551.895796
552.881654
553.868538
554.927234
555.920764
556.913800
557.879897
558.861058
559.822646
560.838197
561.802377
562.781530
563.769239
564.757831
565.676463
566.504698
567.537114
568.497168
569.481610
570.464794
571.441057
572.354689
573.274443
574.153199
574.927493
575.814397
576.798457
577.766512
578.757838
579.694170
580.414298
581.255206
582.207227
583.187362
584.120690
585.137617
586.201463
587.192699
588.168391
589.153284
590.092478
591.005126
592.063591
592.672749
592.738195
593.358225
594.320824
595.308877
596.302259
597.358949
598.340304
599.335374
600.283735
601.264400
602.182659
602.950119
603.866725
604.855613
605.846235
606.837762
607.817683
608.797471
609.850124
610.840518
611.816943
612.808375
613.798158
614.786424
615.766913
616.794675
617.785236
618.756438
619.726949
620.696514
621.686881
622.757089
623.730916
624.385767
625.143447
626.098102
627.046435
627.528102
628.130808
629.102265
630.084027
630.930871
631.399459
632.081967
632.871724
633.812093
634.784906
635.773915
636.763702
637.737702
638.728396
639.784831
640.757019
641.459865
642.104507
642.899689
643.802263
644.811009
645.835512
646.825608
647.787141
648.754817
649.627598
650.552810
651.585318
652.311281
653.003910
653.892867
654.854200
655.807136
656.742126
657.767556
658.678494
659.514265
660.464149
661.421143
662.326733
663.375784
664.341794
665.327417
666.245676
667.205127
668.148921
669.120176
669.978812
670.855929
671.850050
672.832807
673.821595
674.785822
675.775735
676.817776
677.783806
678.742190
679.501149
680.367840
681.340362
682.232919
683.161364
684.146150
685.060396
686.032699
686.999516
687.988709
689.045104
690.017889
690.996026
691.918017
692.896697
693.856833
694.799382
695.709877
696.647929
697.659906
698.443101
699.377007
700.356777
701.405643
702.383311
703.352083
704.252304
705.250978
706.202617
707.465370
707.552607
707.994763
708.940234
709.922542
710.854807
711.602415
712.586311
713.221071
714.130491
715.048046
715.998049
716.665111
717.385255
718.467301
719.417683
720.400030
721.351719
722.339186
723.322457
724.376804
725.363896
726.348576
727.332042
728.316466
729.302942
730.165526
731.065816
731.871719
732.479062
733.137707
733.791667
734.372369
735.277494
736.249896
737.209845
737.978747
738.720945
739.698021
740.550193
741.576775
742.533791
743.315901
743.977943
744.364263
744.474012
745.183765
746.300714
747.233596
748.226506
749.203282
750.143295
751.080499
752.107924
753.100115
754.074026
755.065293
756.055018
757.013315
758.002181
759.057075
759.538106
760.015216
760.911115
761.705426
762.604762
763.520260
764.501017
765.448022
766.140572
766.794447
767.738648
768.675620
769.582061
770.555953
771.337874
772.233384
773.223814
774.209628
775.199232
775.950788
776.345986
776.618747
777.341295
778.558037
779.531028
780.558120
781.471366
782.209585
783.067900
784.073302
784.809457
785.265546
785.839761
786.747490
787.704101
788.573324
789.519836
790.483519
791.302636
792.381868
793.362480
794.354888
795.330816
796.307413
797.286832
798.227406
798.713687
799.245308
800.103394
801.091528
802.010721
803.005525
804.040701
805.028707
806.032065
807.018454
807.982987
808.965447
809.963675
810.944044
811.881760
812.705556
813.464368
814.178061
815.139756
816.096818
817.079903
818.054304
818.955472
819.819893
820.775678
821.723203
822.768874
823.587061
824.376548
825.323972
826.215349
827.179496
828.025068
828.603384
829.223526
830.134286
831.121744
832.093374
833.059267
833.672688
834.091723
834.685770
835.400184
836.060653
836.930675
837.416174
838.202968
839.136401
839.628617
840.444202
841.438894
842.422753
843.478778
844.468404
845.458389
846.443912
847.432588
848.423929
849.409585
850.465239
851.421107
852.219146
853.174570
854.153964
855.061918
856.106245
857.092444
858.075311
859.065381
860.051010
861.037370
862.029961
863.035488
864.026420
865.013053
866.003403
867.008741
867.244291
867.244291
867.244291
867.244291
867.244291
867.244291
867.244291
867.244291
867.244291
867.244291
867.472231
868.290794
869.408268
870.266785
871.255514
872.311915
873.277831
873.380699
873.380699
873.380699
873.380699
873.380699
873.418567
873.981276
874.927579
875.921163
876.877866
877.394984
877.451263
878.058497
879.022233
880.013217
880.987754
881.979119
882.986398
883.870629
884.835905
885.716765
886.561882
887.525241
888.499879
889.471923
890.468777
891.195543
891.520064
892.150569
893.131184
894.125909
895.057101
895.598552
896.536240
897.478275
898.388686
899.271666
900.074254
901.053681
901.947080
902.706496
903.641575
904.567028
905.548244
906.284562
907.033573
908.012404
908.998970
910.001891
910.956174
911.843433
912.716466
913.683057
914.665834
915.670149
916.653103
917.638507
918.681258
919.640287
920.630257
921.595313
922.512872
923.466968
924.427937
925.349426
926.328067
927.277584
928.190445
929.092090
930.082006
931.076797
932.054945
932.700027
933.453816
934.442051
935.321556
936.201419
937.243398
938.051031
939.034055
939.572698
940.456637
941.292448
941.866541
942.752277
943.740588
944.682721
945.407712
945.842260
946.735929
947.667468
948.456503
949.382346
949.974240
950.042067
950.235501
951.049080
952.104196
953.093398
954.083933
955.066795
956.053222
957.027441
958.007099
958.742909
959.581615
960.284930
961.193361
962.183455
963.150400
964.185883
965.177193
966.188544
967.156159
968.042214
969.026476
970.032572
971.004932
971.796272
972.591154
973.373424
974.252011
975.227790
976.274575
977.248780
978.016518
978.711529
979.662206
980.629506
981.579950
982.580704
983.558616
984.547356
985.499492
986.496396
987.462688
988.503730
989.274162
989.822160
990.670949
991.632647
992.603172
993.583812
994.595392
995.583074
996.503958
997.467818
998.327935
999.325179
1000.375747
1001.351822
1002.277629
1003.133782
1003.628524
1004.177807
1005.152628
1006.092035
1006.566742
1006.566742
1006.566742
1006.566742
1006.566742
1006.566742
1006.836879
1007.666263
1008.647532
1009.632547
1010.619489
1011.608854
1012.667340
1013.665057
1014.545049
1015.458971
1016.358365
1017.106905
1018.037388
1019.099745
1020.088469
1021.074736
1021.513994
1021.513994
1021.513994
1021.546407
1022.081978
1023.042759
1024.033995
1025.021476
1026.008488
1026.993181
1028.048017
1029.023488
1030.006317
1030.964870
1031.461665
1031.538084
1032.096570
1033.145730
1034.170194
1035.131147
1036.121593
1037.120771
1038.113752
1039.163099
1040.153352
1041.140887
1042.092144
1042.981411
1043.870625
1044.785455
1045.813670
1046.709969
1047.622177
1048.603308
1049.597810
1050.587019
1051.643693
1052.619515
1053.600898
1054.579542
1055.565239
1056.542756
1057.464265
1058.318945
1059.277950
1060.207391
1060.934342
1061.793398
1062.769773
1063.757552
1064.770958
1065.763992
1066.655582
1067.619300
1068.424679
1069.341364
1070.392220
1071.381839
1072.312911
1072.852728
1073.413077
1074.005796
1074.598574
1075.031822
1075.123545
1075.356623
1076.182318
1077.168815
1078.151332
1079.207369
1080.180891
1081.169645
1082.053031
1082.842524
1083.769912
1084.758218
1085.639746
1086.213220
1087.135951
1088.119118
1089.110231
1090.083776
1091.078948
1092.128021
1093.050761
1093.985506
1094.920938
1095.898476
1096.886748
1097.942913
1098.920308
1099.907038
1100.775167
1101.693235
1102.674181
1103.533528
1104.498752
1105.466191
1106.292425
1107.113486
1107.896849
1108.754253
1109.727510
1110.406380
1111.269179
1112.058712
1112.937076
1113.923207
1114.898470
1115.949857
1116.888208
1117.887938
1118.878563
1119.831768
1120.885903
1121.660159
1122.625691
1123.608354
1124.602444
1125.590869
1126.540724
1127.522384
1128.489045
1129.403363
1130.383749
1131.328238
1132.300872
1133.192400
1134.170089
1135.036643
1135.850118
1136.667453
1137.339818
1138.275162
1139.120973
1140.072982
1140.893694
1141.886934
1142.772591
1143.713018
1144.692779
1145.589209
1146.457648
1147.435518
1148.257690
1149.249932
1150.202090
1151.198316
1152.079310
1152.827079
1153.706699
1154.638773
1155.459670
1156.266318
1157.264763
1158.230878
1159.114321
1160.083791
1160.871776
1161.656921
1162.652074
1163.590965
1164.623297
1165.468832
1165.664168
1165.664168
1165.664168
1165.664168
1165.664168
1165.787598
1166.497569
1167.471133
1168.461158
1169.449854
1170.437168
1171.486282
1172.405093
1173.170672
1174.030055
1174.568807
1175.418217
1176.275766
1176.700051
1176.700051
1176.716342
1177.178736
1178.119155
1179.108956
1180.035451
1180.035451
1180.035451
1180.211197
1180.951394
1182.008148
1183.027951
1184.084543
1185.074798
1186.065709
1187.037053
1188.010778
1188.994353
1190.048416
1191.037661
1191.944660
1192.809194
1193.773331
1194.625648
1195.626590
1196.561353
1197.342834
1198.261136
1199.240723
1200.169045
1200.923648
1201.826325
1202.885673
1203.823228
1204.820261
1205.780942
1206.728683
1207.565603
1208.441000
1209.281189
1210.288097
1211.161729
1211.962392
1212.930225
1213.897533
1214.932198
1215.787343
1216.688851
1217.496316
1218.355754
1219.312168
1220.283319
1221.171870
1222.138387
1223.105724
1224.078918
1224.809340
1225.294188
1226.276299
1227.277575
1228.229616
1229.183271
1230.173931
1231.161982
1232.143993
1233.200512
1234.190654
1235.176936
1236.166032
1237.117434
1237.861588
1238.768569
1239.726826
1240.613797
1241.268484
1242.104227
1242.982250
1243.994131
1244.987465
1245.963361
1246.936763
1247.887052
1248.718385
1249.664164
1250.535511
1251.387350
1252.365341
1253.221076
1253.901514
1254.816774
1255.817681
1256.859382
1257.771013
1258.747623
1259.551200
1260.449788
1261.440764
1262.417410
1263.465620
1264.374291
1265.117585
1266.055838
1267.043640
1268.021436
1269.068124
1269.965296
1270.604843
1271.513336
1272.582621
1273.556366
1274.518595
1275.409431
1276.251351
1277.230136
1278.153387
1279.039273
1279.442724
1280.122089
1281.121295
1282.071646
1283.003701
1283.962982
1284.924325
1285.910836
1286.859183
1287.676867
1288.625817
1289.630452
1290.599709
1291.649572
1292.536137
1293.579514
1294.542063
1295.528994
1296.480904
1297.455582
1298.362335
1299.367339
1300.246719
1301.205191
1302.202480
1303.188996
1304.153189
1305.133274
1306.108650
1306.910059
1307.817095
1308.746679
1309.708145
1310.654190
1311.774036
1312.735032
1313.408265
1314.352388
1314.949992
1315.802449
1316.780336
1317.834182
1318.815506
1319.781343
1320.771465
1321.363888
1321.363888
1321.363888
1321.363888
1321.363888
1321.363888
1321.363888
1321.363888
1321.363888
1321.363888
1321.363888
1321.365262
1321.608833
1322.416509
1323.564465
1324.477290
1325.290262
1325.677143
1325.677143
1325.677143
1325.677143
1325.677143
1325.681856
1326.051402
1326.961238
1327.936126
1328.921448
1329.779773
1330.269615
1331.041238
1331.838792
1332.235809
1332.590016
1333.508358
1334.515754
1335.160630
1335.638079
1335.638079
1335.638079
1335.638079
1335.931796
1336.806389
1337.837649
1338.818296
1339.873922
1340.799212
1341.877391
1342.542378
1343.499606
1344.540342
1345.517727
1346.295635
1347.080050
1347.949131
1348.936465
1349.988681
1350.970421
1351.940543
1352.928394
1353.914317
1354.916452
1355.988692
1357.369581
1358.340207
1359.336712
1360.323267
1361.308514
1362.294407
1363.274838
1364.330395
1365.321861
1366.296849
1367.273787
1368.250590
1369.235485
1370.038919
1370.733584
1371.704881
1372.685938
1373.647610
1374.605673
1375.530459
1376.558219
1377.547014
1378.535919
1379.508130
1380.365584
1381.266831
1382.226110
1383.178894
1384.026578
1385.002021
1386.034507
1387.008888
1387.180581
1387.327750
1388.087530
1389.100070
1390.022825
1390.845230
1391.441749
1392.191635
1393.225139
1394.199922
1395.075289
1396.043261
1397.004857
1397.984741
1398.844211
1399.657312
1400.658173
1401.568394
1402.555227
1403.475051
1404.459943
1405.447087
1406.435271
1407.388101
1408.367869
1409.085207
1409.904573
1410.962118
1411.923019
1412.918121
1413.889701
1413.955732
1413.955732
1413.955732
1413.955732
1413.955732
1413.955732
1413.955732
1413.955732
1413.955732
1413.955732
1413.955732
1413.955732
1414.003074
1414.578665
1415.571591
1416.518110
1417.574371
1418.544322
1419.520810
1420.493148
1421.481397
1422.617762
1423.609420
1424.464857
1425.387375
1425.387375
1425.387375
1425.387375
1425.387375
1425.554257
1426.317529
1427.306969
1428.359633
1429.280497
1430.270703
1431.328121
1432.265501
1433.026021
1433.659110
1434.489955
1435.571137
1436.585382
1437.566309
1438.744442
1439.591521
1440.522696
1441.073699
1441.812708
1442.685641
1443.562702
1444.551151
1445.512717
1446.497568
1447.485532
1448.395719
1449.373566
1450.345543
1451.223421
1452.186641
1453.107536
1454.103742
1455.075017
1456.116547
1456.851774
1457.597814
1458.301434
1459.041486
1460.023196
1461.004059
1462.025719
1463.017734
1464.005205
1464.977395
1465.965290
1466.902759
1467.843193
1468.904347
1469.862853
1470.791808
1471.818777
1472.749461
1473.729588
1474.629624
1475.605046
1476.437307
1476.765871
1476.765871
1476.820820
1477.418573
1478.466778
1479.401604
1480.369359
1481.388847
1482.072574
1482.956410
1483.997455
1484.185088
1484.185088
1484.185088
1484.185088
1484.185088
1484.185088
1484.185088
1484.185088
1484.185088
1484.185088
1484.405082
1485.205467
1486.192712
1487.227303
1487.882158
1488.611224
1489.279583
1490.232570
1491.188734
1492.163747
1493.118917
1493.809357
1494.643282
1495.664160
1496.529460
1497.509430
1498.555986
1499.546738
1500.510363
1501.485304
1502.431210
1503.421284
1504.146529
1504.439740
1505.006197
1505.790325
1506.764006
1507.745529
1508.705815
1509.758747
1510.733751
1511.592628
1512.311294
1513.228296
1514.199522
1515.193611
1516.174094
1517.116296
1518.081764
1519.012811
1520.004075
1520.909429
1521.900090
1522.819767
1523.568326
1524.397976
1525.375782
1526.362617
1527.342602
1528.368673
1529.326995
1530.304590
1531.260517
1532.256258
1533.136604
1533.839701
1534.625784
1535.533023
1536.500959
1537.337795
1537.998184
1538.808812
1539.873790
1540.865060
1541.839268
1542.734462
1543.584958
1544.570037
1545.504271
1546.551337
1547.525020
1548.390738
1549.357011
1550.044769
1550.593102
1551.592634
1552.579686
1553.558314
1554.542647
1555.507561
1556.495562
1557.484274
1558.539236
1559.418263
1560.247798
1561.231154
1562.213766
1563.203154
1564.250322
1565.241716
1566.201563
1566.251246
1566.579420
1567.438211
1568.419518
1569.475114
1570.462458
1571.393418
1572.316200
1573.294798
1574.143345
1574.760500
1575.640144
1576.514194
1577.487689
1578.388809
1579.385928
1580.335046
1581.401180
1582.390798
1583.346803
1584.260720
1585.247625
1586.227178
1587.045733
1588.062081
1588.832978
1589.777197
1590.708152
1591.621945
1592.592029
1593.316662
1594.227253
1595.193179
1596.076862
1597.071131
1598.047275
1599.032792
1599.996287
1600.874023
1601.845402
1602.831633
1603.831260
1604.787760
1605.765764
1606.733892
1607.720888
1608.672333
1609.590501
1610.520256
1611.477462
1612.494563
1613.358788
1614.304654
1615.241168
1616.216661
1617.098708
1618.043037
1619.060945
1619.806425
1620.655638
1621.584889
1622.572707
1623.542768
1624.548693
1625.422519
1626.397940
1627.369020
1628.356025
1629.293397
1630.282621
1631.215347
1632.195876
1633.174131
1633.992853
1634.808615
1635.778183
1636.768766
1637.825939
1638.749055
1639.610932
1640.513909
1641.500071
1642.338284
1643.324200
1644.107367
1644.590152
1645.440404
1646.410916
1647.359951
1648.244913
1649.190626
1650.138965
1651.112385
1652.095142
1653.068502
1653.932408
1654.083422
1654.083422
1654.215884
1654.942101
1655.925303
1656.914464
1657.967832
1658.953518
1659.929079
1660.920869
1661.903541
1662.772834
1663.286079
1663.576698
1664.446242
1665.417293
1666.054003
1666.815914
1667.784165
1668.620764
1669.491444
1670.630534
1671.895917
1673.019269
1673.498271
1673.815571
1674.605392
1675.552570
1676.504869
1677.499646
1678.469791
1679.454805
1680.444755
1681.498080
1682.487281
1683.542905
1684.467404
1685.442497
1686.431634
1687.421045
1688.542735
1689.464458
1690.447412
1691.438693
1692.427068
1693.410958
1694.416088
1695.052918
1695.966611
1696.947155
1697.808637
1698.744150
1699.634499
1700.456434
1701.154963
1702.083356
1703.015552
1704.007481
1704.992968
1705.974477
1707.005034
1707.862171
1708.817104
1709.739209
1710.723172
1711.697224
1712.747059
1713.716501
1714.610368
1715.566828
1716.553567
1717.538052
1718.517539
1719.532914
1720.514667
1721.501287
1722.490696
1723.462986
1724.434055
1725.332270
1726.355386
1727.283686
1728.208900
1729.146815
1730.132292
1730.990328
1732.036109
1732.925016
1733.876270
1734.773922
1735.688091
1736.662798
1737.656664
1738.700651
1739.684358
1740.563805
1741.547955
1742.499284
1743.454735
1744.384579
1745.159142
1746.025713
1747.009833
1747.917476
1748.893662
1749.820242
1750.804648
1751.764875
1752.640418
1753.306885
1754.124368
1755.094569
1756.076382
1757.130696
1758.118602
1758.980856
1759.816461
1760.770944
1761.715644
1762.635191
1763.606465
1764.553588
1765.559186
1766.364361
1767.307111
1768.307568
1769.217540
1770.214604
1771.086073
1772.070571
1773.054081
1774.026007
1774.988963
1775.920530
1776.834386
1777.691092
1778.615136
1779.600105
1780.587803
1781.634959
1782.586010
1783.400294
1784.253768
1785.110424
1786.078694
1786.950198
1787.890552
1788.814974
1789.814766
1790.760671
1791.672969
1792.655619
1793.551287
1794.507370
1795.492456
1796.443642
1797.425171
1798.401284
1799.381747
1800.417721
1801.391019
1802.358686
1803.327627
1804.256604
1805.235356
1806.188849
1806.731633
1807.435292
1808.456747
1809.462420
1810.386446
1811.312083
1812.276010
1813.268304
1814.253167
1815.234864
1816.220144
1817.110165
1817.911955
1818.936302
1819.924551
1820.915585
1821.967779
1822.890223
1823.860368
1824.576231
1825.208757
1826.139471
1827.060607
1828.035475
1828.982676
1829.964395
1830.944074
1831.908047
1832.893204
1833.699901
1834.512088
1835.456012
1836.502050
1837.455752
1838.176004
1839.118792
1840.002892
1840.980261
1841.964720
1843.002528
1843.955286
1844.853306
1845.823304
1846.808809
1847.756966
1848.701532
1849.351568
1850.232961
1851.220498
1852.135576
1853.103836
1854.070913
1855.104236
1856.011838
1856.942073
1857.663905
1858.420336
1859.379372
1860.362378
1861.403803
1862.397242
1863.547620
1864.338215
1865.090131
1866.053447
1867.109237
1868.096568
1869.051706
1869.968866
1870.973844
1871.964218
1872.948138
1873.972030
1874.902715
1875.781191
1876.705128
1877.684814
1878.657808
1879.639023
1880.653109
1881.586356
1882.406159
1883.381998
1884.301630
1885.282730
1886.256649
1886.893734
1887.011211
1887.011211
1887.011211
1887.011211
1887.011211
1887.063489
1887.617601
1888.600733
1889.553162
1890.268705
1891.218318
1892.267014
1893.233869
1894.228645
1895.200060
1896.192772
1897.165974
1898.164576
1899.159092
1900.048875
1901.041052
1902.038986
1903.007207
1903.826711
1904.746328
1905.795911
1906.746563
1907.724304
1908.654223
1909.647303
1910.571601
1911.338674
1912.294000
1913.292326
1914.320216
1915.157780
1916.053825
1917.198888
1918.124671
1919.093161
1920.070360
1921.055116
1922.029990
1922.916684
1923.969320
1924.974786
1925.951966
1926.943729
1927.934665
1928.916989
1929.909874
1930.944239
1931.897649
1932.785565
1933.419616
1934.399487
1935.365696
1936.374244
1937.358633
1938.349074
1939.278052
1940.192443
1941.102051
1942.023598
1943.075668
1943.947839
1944.886709
1945.831569
1946.850835
1947.767148
1948.616833
1949.471610
1950.398959
1951.381498
1952.368017
1953.356624
1954.336803
1955.386100
1956.332228
1957.293257
1958.277089
1959.247923
1960.241695
1961.101753
1962.000091
1962.841321
1963.302655
1963.985431
1964.902298
1965.810314
1966.587059
1967.612184
1968.330451
1969.158327
1970.089221
1970.847745
1971.595250
1972.629916
1973.625050
1974.421118
1975.180317
1976.179267
1977.159826
1978.093654
1978.828468
1979.651378
1980.594894
1981.373746
1982.250754
1983.258794
1984.302128
1985.249354
1986.149295
1987.123265
1988.090356
1989.078360
1990.068875
1991.098131
1992.090920
1993.067560
1994.056659
1995.032105
1996.012868
1996.834321
1997.862820
1998.858622
1999.777215
2000.444340
2001.040822
2001.820116
2002.654294
2003.481343
2004.219636
2005.195045
2006.185349
2007.121687
2007.953981
2008.964136
2009.954800
2010.933362
2011.913460
2012.835814
2013.669032
2014.664297
2015.617980
2016.377199
2017.164898
2017.983865
2018.655974
2019.536614
2020.571799
2021.489570
2022.457692
2023.346522
2024.230732
2025.258590
2026.248097
2027.290058
2028.279523
2029.312477
2030.308709
2031.154353
2032.150769
2033.139915
2034.038079
2034.742843
2035.657585
2036.617049
2037.548694
2038.315425
2039.117163
2040.121362
2040.862939
2041.138174
2041.832386
2042.752953
2043.741730
2044.779971
2045.381746
2046.035641
2046.619122
2047.166975
2047.897108
2048.866533
2049.341212
2049.821452
2050.447820
2051.366265
2052.389485
2053.387626
2054.454935
2055.191946
2056.013343
2057.131676
2058.021259
2058.950935
2060.018627
2061.005156
2061.994328
2062.985941
2063.979701
2064.968396
2065.941024
2066.952395
2067.550409
2068.038927
2068.904737
2069.888580
2070.769942
2071.208442
2071.900711
2072.871748
2073.801657
2074.380313
2074.829430
2075.674944
2076.649799
2077.634510
2078.473282
2079.228110
2080.183179
2081.145697
2082.049268
2083.119324
2084.089154
2085.006740
2085.856799
2086.773702
2087.592094
2088.625010
2089.518151
2090.411491
2091.390596
2092.382820
2093.358841
2094.216657
2095.207396
2096.202611
2097.124512
2098.006236
2098.999345
2099.975939
2101.025348
2102.014789
2102.990540
2103.961150
2104.849483
2105.370709
2105.991495
2107.041216
2107.987863
2108.962551
2109.938013
2110.695396
2111.379527
2112.261595
2113.313311
2114.281970
2115.226373
2115.908560
2116.373103
2117.127121
2118.149224
2118.993271
2119.435585
2120.122592
2121.106701
2122.095971
2123.037804
2124.100068
2124.855742
2125.352646
2126.128717
2127.122863
2128.111720
2129.066952
2129.887389
2130.878666
2131.830637
2132.712388
2133.376447
2134.049058
2134.961620
2135.938980
2136.610389
2136.943579
2137.403210
2138.138332
2138.809004
2139.836360
2140.783068
2141.728323
2142.715448
2143.523099
2144.440161
2145.552353
2146.424394
2147.420153
2148.407270
2149.395297
2150.293096
2151.006662
2151.660991
2152.533126
2153.459063
2154.388015
2154.828943
2155.530279
2156.510969
2157.302384
2158.264473
2159.253271
2160.243871
2161.231839
2162.222101
2163.008881
2163.340322
2163.830793
2164.351235
2165.297998
2166.185601
2167.176957
2168.227072
2169.221297
2170.169818
2170.989385
2171.802027
2172.784571
2173.849923
2174.865125
2175.726788
2176.468358
2177.372651
2177.969303
2178.650364
2179.727885
2180.545869
2181.005433
2181.433966
2182.036841
2182.660852
2183.124538
2184.030981
2185.069218
2185.681086
2186.172363
2186.991374
2187.927846
2188.790482
2189.227103
2190.219843
2191.009350
2191.567877
2192.565981
2193.581058
2194.628104
2195.435614
2196.298622
2197.283115
2198.278352
2199.249716
2200.269298
2201.138444
2202.186927
2203.208960
2204.250295
2205.170271
2206.151004
2207.204129
2208.223881
2209.213054
2210.072780
2210.679721
2211.390308
2212.353910
2213.560638
2214.708845
2215.628848
2216.730032
2217.782246
2218.922398
2220.021022
2220.790805
2221.771913
2222.755303
2223.739748
2224.731284
2225.673064
2226.489522
2227.233560
2228.124912
2229.320178
2230.537204
2231.445493
2231.858635
2232.419343
2233.052472
2233.768413
2234.757652
2235.660224
2236.633844
2237.674324
2238.597230
2239.771541
2240.880832
2241.824131
2242.950273
2244.157554
2245.144966
2245.897331
2246.630460
2247.589268
2248.580997
2249.568672
2250.627305
2251.596611
2252.435398
2252.435398
2252.435398
2252.435398
2252.435398
2252.472385
2252.949627
2253.903181
2254.907245
2255.887181
2256.944188
2257.911865
2258.816349
2259.626085
2259.804894
2260.502251
2261.338091
2261.779675
2262.114808
2262.976280
2264.022670
2265.020911
2266.003281
2266.992377
2268.042911
2268.986096
2269.957818
2270.746760
2271.507405
2272.256263
2272.813548
2273.629979
2274.280110
2274.589670
2275.258378
2275.996678
2276.462778
2277.069376
2278.114124
2279.370501
2280.116204
2280.598569
2281.218149
2281.871720
2282.304264
2282.785988
2283.577385
2284.534561
2285.390926
2286.369080
2287.245427
2288.275334
2289.139306
2290.072286
2291.036789
2291.909190
2292.848446
2293.618709
2294.565065
2295.434836
2295.980739
2296.438481
2297.297438
2298.251067
2299.159210
2300.124426
2301.083140
2302.063297
2303.041056
2304.008253
2304.996563
2305.878095
2306.552722
2307.451872
2308.299881
2308.808143
2309.398177
2310.338808
2311.290207
2312.255650
2313.433594
2314.648685
2315.304553
2316.025941
2316.921314
2317.445677
2318.334406
2319.376279
2320.122656
2320.907858
2321.887229
2322.454263
2323.134432
2323.862337
2324.809690
2325.803012
2326.700673
2328.134643
2329.084401
2329.410539
2329.941169
2330.810502
2331.815848
2332.689284
2333.532626
2334.473359
2335.390570
2336.000566
2336.994320
2338.059546
2339.112606
2340.017594
2340.982365
2341.971145
2342.921970
2343.386005
2343.919793
2344.909540
2345.880066
2346.615429
2346.934827
2347.934667
2349.089275
2350.046045
2350.915306
2351.865291
2352.874519
2353.648230
2354.468785
2355.132687
2356.019152
2356.835971
2357.417506
2358.246896
2359.091525
2360.074301
2360.986115
2361.789964
2362.127225
2362.576194
2363.511827
2364.372010
2365.264443
2366.116958
2367.090425
2368.072106
2369.048850
2369.838739
2370.710608
2371.676530
2372.676082
2373.504258
2374.240124
2375.185835
2376.103782
2377.068295
2378.119784
2379.093050
2380.068135
2380.866837
2381.829439
2382.721962
2383.493160
2384.568289
2385.428278
2386.241294
2387.193358
2388.274423
2389.264046
2390.124347
2391.158699
2392.073619
2392.741424
2393.621841
2394.270256
2394.924485
2395.826637
2396.672785
2397.637593
2398.638935
2399.636227
2400.710841
2401.805396
2402.737641
2403.564495
2404.517934
2405.330894
2406.079751
2406.976715
2408.015945
2409.010639
2409.967618
2410.950958
2411.877631
2412.847435
2413.764321
2414.331559
2414.933517
2415.653427
2416.497100
2417.472192
2418.406557
2419.335834
2420.381213
2421.376656
2422.357048
2423.344820
2424.325717
2425.291328
2426.358393
2427.306768
2428.287245
2429.233474
2430.026041
2431.005375
2431.990392
2433.045331
2433.785147
2434.063458
2434.703256
2435.601500
2436.593079
2437.586610
2438.323635
2439.226796
2440.186357
2440.908060
2441.360117
2442.059983
2443.083234
2444.011205
2445.007499
2445.988625
2446.981860
2447.967671
2448.949104
2450.004487
2450.966930
2451.350197
2451.754047
2451.966837
2452.163164
2452.418952
2453.175797
2454.129047
2455.119583
2456.109566
2457.100358
2458.086806
2459.103887
2460.038729
2461.030937
2462.016400
2463.006883
2463.994798
2465.051459
2466.030998
2467.012971
2468.000481
2468.969032
2469.521727
2469.834638
2470.603886
2471.168131
2471.798668
2472.667063
2473.260008
2473.482017
2474.167763
2474.730298
2475.336686
2476.241348
2477.237642
2478.227071
2479.192939
2480.236100
2481.225330
2482.211855
2483.202912
2484.185056
2485.170973
2486.248406
2487.087271
2487.432958
2487.432958
2487.694845
2488.552765
2489.542281
2490.494115
2491.323543
2492.181396
2493.178678
2493.777273
2494.294013
2495.220331
2496.249662
2497.163280
2497.969104
2498.805778
2499.785037
2500.475434
2500.475434
2500.475434
2500.475434
2500.627392
2501.308915
2502.373712
2503.408175
2504.458361
2505.455674
2506.127493
2506.643677
2507.567731
2508.467150
2509.271800
2510.257037
2511.078092
2511.785444
2512.760441
2513.748365
2514.737520
2515.682943
2516.235914
2517.047481
2517.984047
2518.951749
2519.813599
2520.655198
2521.615650
2522.527280
2523.446411
2524.437785
2525.369792
2525.741908
2526.404420
2527.381854
2528.184885
2528.667145
2529.398567
2530.377496
2531.331397
2532.364855
2533.048896
2533.549118
2534.414299
2534.984083
2535.710587
2536.483088
2537.029897
2537.731379
2538.521305
2539.450521
2540.340693
2541.165889
2542.226235
2543.181807
2544.168021
2545.162208
2546.122981
2547.132735
2548.092570
2549.155606
2550.141907
2551.113615
2551.961744
2552.932594
2553.850981
2554.397007
2554.994348
2555.878776
2556.844111
2557.820235
2558.791164
2559.755899
2560.790715
2561.783699
2562.714470
2563.473327
2564.451233
2565.455975
2566.444770
2567.497450
2568.486530
2569.457103
2570.436024
2571.399440
2571.936790
2572.308531
2573.013236
2573.983050
2574.952027
2575.506503
2576.193870
2577.133479
2578.179344
2579.114152
2580.047344
2581.013795
2581.872091
2582.428275
2583.199808
2584.185347
2585.173542
2585.902424
2586.597520
2587.472461
2588.430296
2589.440896
2589.891357
2590.341215
2591.195262
2592.186310
2593.175674
2594.160921
2595.248787
2596.646420
2597.484447
2597.794041
2598.535737
2599.559871
2600.436225
2601.238109
2602.194072
2603.098604
2603.581282
2603.856801
2604.643647
2605.699384
2606.877302
2608.310545
