2.10368
2.60358
3.1038
3.60362
4.10364
4.61097
5.10369
5.60362
6.10365
6.60425
7.10374
7.60361
8.10374
8.60365
9.10373
9.60351
10.1036
10.6038
11.1038
11.6036
12.1036
12.6128
13.1035
13.6036
14.1036
14.6042
15.1036
15.6112
16.1037
16.6037
17.1037
17.6037
18.1037
18.6062
19.1093
19.6037
20.1446
20.6068
21.1037
21.6037
22.1512
22.6035
23.1036
23.6037
24.1037
24.6036
25.1233
25.6037
26.1036
26.6037
27.1036
27.6036
28.1035
28.6036
29.1037
29.6036
30.1037
30.6036
31.1286
31.6052
32.1037
32.6037
33.1036
33.6055
34.1037
34.6037
35.1038
35.6086
36.1037
36.6172
37.1039
37.6037
38.1522
38.6037
39.1036
39.6055
40.116
40.643
41.1037
41.605
42.1037
42.6036
43.1037
43.6115
44.1036
44.6037
45.1037
45.6054
46.1038
46.6037
47.1037
47.6035
48.1037
48.604
49.1036
49.6104
50.1037
50.6037
51.1037
51.6086
52.1089
52.6038
53.1038
53.6099
54.1037
54.6037
55.1038
55.6138
56.1037
56.6089
57.1037
57.6139
58.1036
58.6037
59.1037
59.6142
60.1037
60.6077
61.1037
61.6108
62.1457
62.6036
63.1037
63.6144
64.1037
64.6118
65.1037
65.6038
66.1112
66.6037
67.1036
67.6125
68.1037
68.6567
69.1346
69.6035
70.1037
70.6117
71.1263
71.6036
72.1036
72.6125
73.1037
73.6055
74.1037
74.6128
75.1036
75.604
76.1037
76.6095
77.1231
77.6107
78.1037
78.6276
79.1036
79.6119
80.1036
80.6037
81.1036
81.6114
82.1036
82.6037
83.1058
83.617
84.1065
84.6049
85.1211
85.6161
86.1124
86.6073
87.1086
87.6212
88.1087
88.6264
89.1326
89.6195
90.1109
90.6091
91.1101
91.6263
92.1146
92.6176
93.1176
93.6248
94.1135
94.6154
95.1152
95.6246
96.1155
96.6145
97.1146
97.6257
98.1551
98.6148
99.1488
99.6309
100.114
100.616
101.115
101.641
102.115
102.621
103.114
103.635
104.114
104.613
105.113
105.623
106.113
106.614
107.113
107.631
108.112
108.625
109.112
109.615
110.114
110.624
111.114
111.613
112.112
112.623
113.114
113.618
114.114
114.622
115.115
115.613
116.112
116.624
117.114
117.616
118.12
118.611
119.113
119.627
120.113
120.612
121.174
121.624
122.149
122.653
123.135
123.612
124.112
124.613
125.115
125.627
126.165
126.616
127.164
127.63
128.115
128.617
129.116
129.628
130.116
130.615
131.116
131.631
132.117
132.618
133.117
133.631
134.117
134.63
135.139
135.644
136.116
136.617
137.117
137.63
138.117
138.658
139.118
139.678
140.117
140.617
141.117
141.628
142.117
142.617
143.117
143.635
144.117
144.672
145.118
145.62
146.116
146.618
147.117
147.631
148.117
148.621
149.116
149.667
150.136
150.617
151.124
151.63
152.127
152.649
153.118
153.63
154.119
154.62
155.117
155.634
156.118
156.617
157.118
157.632
158.122
158.617
159.121
159.63
160.117
160.619
161.117
161.63
162.121
162.617
163.116
163.631
164.12
164.661
165.117
165.62
166.12
166.616
167.119
167.641
168.117
168.652
169.118
169.665
170.12
170.619
171.117
171.619
172.12
172.63
173.116
173.627
174.116
174.62
175.12
175.649
176.118
176.621
177.118
177.629
178.119
178.628
179.119
179.662
180.117
180.618
181.119
181.628
182.12
182.618
183.12
183.618
184.127
184.667
185.126
185.666
186.117
186.632
187.117
187.62
188.12
188.658
189.164
189.691
190.117
190.619
191.119
191.619
192.137
192.63
193.118
193.63
194.119
194.621
195.119
195.634
196.119
196.619
197.118
197.631
198.139
198.619
199.118
199.652
200.119
200.622
201.119
201.632
202.116
202.617
203.118
203.632
204.119
204.618
205.119
205.63
206.121
206.617
207.116
207.629
208.121
208.619
209.121
209.631
210.121
210.618
211.119
211.63
212.116
212.621
213.121
213.634
214.121
214.621
215.119
215.617
216.139
216.621
217.127
217.638
218.124
218.62
219.149
219.635
220.118
220.618
221.118
221.619
222.177
222.619
223.118
223.632
224.117
224.619
225.119
225.632
226.119
226.636
227.117
227.617
228.121
228.627
229.119
229.619
230.141
230.63
231.12
231.621
232.117
232.628
233.121
233.623
234.152
234.632
235.121
235.618
236.117
236.634
237.119
237.619
238.12
238.63
239.118
239.636
240.119
240.619
241.119
241.629
242.146
242.672
243.148
243.658
244.119
244.631
245.119
245.619
246.154
246.616
247.122
247.66
248.12
248.617
249.154
249.619
250.158
250.617
251.117
251.631
252.122
252.617
253.118
253.63
254.127
254.621
255.119
255.62
256.118
256.631
257.119
257.631
258.116
258.619
259.118
259.63
260.14
260.619
261.146
261.631
262.121
262.617
263.118
263.631
264.12
264.621
265.117
265.628
266.12
266.623
267.117
267.634
268.119
268.62
269.117
269.628
270.121
270.631
271.117
271.642
272.117
272.63
273.118
273.618
274.117
274.635
275.117
275.654
276.12
276.636
277.119
277.619
278.118
278.631
279.117
279.617
280.159
280.631
281.119
281.627
282.118
282.628
283.124
283.621
284.12
284.681
285.116
285.617
286.118
286.627
287.119
287.628
288.118
288.616
289.153
289.633
290.119
290.617
291.119
291.629
292.12
292.62
293.12
293.631
294.142
294.629
295.121
295.62
296.13
296.618
297.12
297.627
298.155
298.619
299.12
299.619
300.118
300.693
301.12
301.629
302.18
302.625
303.119
303.618
304.117
304.618
305.12
305.631
306.117
306.616
307.117
307.63
308.122
308.619
309.119
309.632
310.118
310.618
311.119
311.628
312.14
312.627
313.119
313.62
314.117
314.632
315.118
315.62
316.141
316.616
317.122
317.677
318.122
318.64
319.12
319.631
320.118
320.619
321.117
321.63
322.152
322.638
323.116
323.66
324.118
324.629
325.12
325.62
326.118
326.631
327.117
327.655
328.175
328.62
329.117
329.66
330.118
330.664
331.116
331.633
332.119
332.635
333.121
333.643
334.117
334.673
335.152
335.633
336.119
336.621
337.122
337.63
338.14
338.633
339.117
339.635
340.121
340.622
341.12
341.633
342.123
342.62
343.12
343.632
344.15
344.622
345.123
345.631
346.119
346.618
347.116
347.653
348.119
348.618
349.13
349.633
350.126
350.63
351.122
351.619
352.119
352.63
353.123
353.62
354.118
354.618
355.123
355.638
356.117
356.617
357.123
357.635
358.118
358.618
359.169
359.631
360.123
360.617
361.121
361.637
362.125
362.619
363.121
363.639
364.118
364.617
365.123
365.626
366.12
366.625
367.123
367.63
368.12
368.633
369.136
369.617
370.12
370.632
371.121
371.616
372.119
372.634
373.119
373.624
374.133
374.635
375.121
375.619
376.123
376.63
377.117
377.63
378.117
378.617
379.117
379.635
380.12
380.624
381.123
381.63
382.122
382.629
383.12
383.629
384.117
384.626
385.189
385.644
386.122
386.623
387.117
387.634
388.117
388.62
389.16
389.634
390.302
390.631
391.118
391.622
392.124
392.654
393.118
393.632
394.119
394.668
395.12
395.641
396.119
396.635
397.117
397.623
398.179
398.637
399.121
399.624
400.124
400.631
401.118
401.632
402.12
402.617
403.12
403.633
404.117
404.618
405.123
405.618
406.124
406.68
407.118
407.621
408.118
408.641
409.14
409.641
410.119
410.623
411.123
411.637
412.15
412.62
413.12
413.631
414.124
414.629
415.13
415.623
416.15
416.619
417.186
417.623
418.118
418.657
419.121
419.64
420.169
420.62
421.12
421.62
422.121
422.634
423.117
423.634
424.131
424.633
425.121
425.683
426.182
426.621
427.119
427.639
428.116
428.639
429.12
429.618
430.12
430.634
431.124
431.626
432.191
432.638
433.121
433.633
434.122
434.635
435.124
435.658
436.12
436.62
437.158
437.636
438.12
438.633
439.174
439.635
440.16
440.62
441.12
441.618
442.122
442.633
443.123
443.622
444.12
444.635
445.133
445.619
446.176
446.633
447.152
447.618
448.127
448.619
449.125
449.625
450.206
450.618
451.131
451.636
452.123
452.654
453.121
453.716
454.136
454.633
455.122
455.62
456.123
456.617
457.122
457.643
458.122
458.636
459.123
459.639
460.118
460.636
461.123
461.638
462.117
462.617
463.121
463.634
464.163
464.644
465.122
465.64
466.124
466.629
467.194
467.639
468.116
468.62
469.118
469.625
470.12
470.644
471.158
471.632
472.117
472.694
473.119
473.636
474.124
474.618
475.127
475.635
476.117
476.691
477.123
477.639
478.119
478.625
479.125
479.636
480.125
480.625
481.144
481.697
482.177
482.729
483.178
483.704
484.187
484.697
485.196
485.708
486.19
486.701
487.116
487.635
488.265
488.665
489.163
489.685
490.209
490.703
491.205
491.696
492.238
492.648
493.121
493.617
494.127
494.678
495.15
495.679
496.118
496.639
497.162
497.636
498.125
498.62
499.122
499.637
500.142
500.617
501.118
501.635
502.116
502.617
503.126
503.638
504.116
504.63
505.121
505.623
506.12
506.633
507.124
507.622
508.125
508.62
509.132
509.642
510.123
510.617
511.151
511.638
512.122
512.626
513.123
513.635
514.132
514.643
515.121
515.62
516.12
516.647
517.126
517.639
518.119
518.62
519.143
519.619
520.123
520.618
521.155
521.618
522.118
522.622
523.148
523.638
524.137
524.623
525.165
525.629
526.121
526.634
527.12
527.623
528.12
528.618
529.122
529.62
530.243
530.634
531.123
531.619
532.155
532.621
533.122
533.633
534.174
534.623
535.119
535.619
536.12
536.706
537.16
537.696
538.125
538.619
539.117
539.632
540.122
540.635
541.123
541.629
542.12
542.627
543.12
543.632
544.121
544.636
545.117
545.622
546.177
546.627
547.128
547.621
548.131
548.639
549.123
549.632
550.116
550.62
551.128
551.635
552.146
552.624
553.121
553.636
554.126
554.634
555.122
555.625
556.116
556.632
557.123
557.668
558.122
558.621
559.117
559.634
560.117
560.622
561.121
561.641
562.118
562.619
563.124
563.621
564.121
564.631
565.119
565.622
566.153
566.65
567.161
567.619
568.121
568.711
569.164
569.661
570.162
570.718
571.185
571.68
572.128
572.632
573.117
573.638
574.124
574.629
575.117
575.624
576.118
576.65
577.118
577.624
578.124
578.624
579.119
579.655
580.224
580.691
581.158
581.635
582.125
582.625
583.118
583.642
584.118
584.62
585.123
585.622
586.124
586.663
587.158
587.634
588.124
588.643
589.159
589.705
590.122
590.621
591.117
591.633
592.139
592.647
593.124
593.636
594.125
594.618
595.121
595.662
596.121
596.623
597.123
597.638
598.117
598.618
599.121
599.644
600.169
600.618
601.123
601.64
602.137
602.627
603.121
603.628
604.127
604.627
605.123
605.638
606.118
606.62
607.121
607.643
608.158
608.672
609.123
609.626
610.117
610.657
611.175
611.658
612.183
612.625
613.126
613.639
614.12
614.636
615.122
615.692
616.12
616.62
617.123
617.636
618.118
618.621
619.176
619.638
620.15
620.619
621.124
621.637
622.118
622.662
623.121
623.64
624.122
624.624
625.123
625.637
626.126
626.621
627.128
627.629
628.12
628.631
629.123
629.675
630.121
630.629
631.117
631.638
632.122
632.624
633.125
633.662
634.124
634.621
635.121
635.636
636.119
636.62
637.205
637.627
638.116
638.626
639.121
639.637
640.117
640.618
641.127
641.629
642.121
642.625
643.121
643.638
644.136
644.63
645.126
645.617
646.134
646.638
647.121
647.627
648.117
648.62
649.123
649.625
650.118
650.626
651.121
651.669
652.117
652.619
653.125
653.625
654.117
654.631
655.121
655.629
656.148
656.624
657.152
657.647
658.127
658.635
659.123
659.642
660.121
660.625
661.143
661.664
662.167
662.71
663.168
663.672
664.192
664.623
665.124
665.625
666.117
666.635
667.122
667.646
668.12
668.635
669.123
669.617
670.202
670.687
671.151
671.686
672.119
672.632
673.127
673.669
674.188
674.688
675.147
675.628
676.119
676.635
677.122
677.625
678.117
678.675
679.123
679.643
680.12
680.623
681.123
681.64
682.118
682.62
683.126
683.643
684.119
684.619
685.124
685.642
686.142
686.62
687.121
687.645
688.12
688.635
689.148
689.64
690.123
690.62
691.121
691.641
692.12
692.623
693.129
693.641
694.117
694.621
695.121
695.642
696.12
696.619
697.127
697.637
698.119
698.619
699.126
699.642
700.121
700.617
701.124
701.636
702.126
702.62
703.122
703.641
704.124
704.619
705.125
705.64
706.117
706.62
707.126
707.641
708.119
708.621
709.122
709.636
710.117
710.621
711.154
711.628
712.12
712.632
713.123
713.639
714.118
714.694
715.121
715.63
716.152
716.618
717.126
717.634
718.118
718.618
719.121
719.639
720.119
720.643
721.123
721.626
722.117
722.621
723.122
723.638
724.119
724.621
725.123
725.637
726.117
726.634
727.119
727.639
728.12
728.63
729.122
729.639
730.117
730.621
731.121
731.642
732.122
732.635
733.123
733.636
734.117
734.621
735.123
735.639
736.142
736.618
737.126
737.637
738.118
738.621
739.121
739.641
740.12
740.618
741.126
741.64
742.12
742.625
743.122
743.661
744.117
744.634
745.159
745.643
746.12
746.69
747.24
747.637
748.222
748.621
749.188
749.637
750.205
750.64
751.121
751.678
752.233
752.695
753.153
753.648
754.264
754.719
755.219
755.695
756.205
756.688
757.18
757.636
758.126
758.624
759.203
759.712
760.237
760.712
761.215
761.708
762.222
762.699
763.127
763.631
764.122
764.658
765.183
765.618
766.118
766.671
767.169
767.666
768.117
768.626
769.274
769.662
770.184
770.712
771.158
771.629
772.119
772.644
773.202
773.667
774.233
774.698
775.24
775.62
776.125
776.662
777.118
777.625
778.126
778.634
779.129
779.624
780.123
780.638
781.119
781.62
782.182
782.683
783.118
783.617
784.125
784.617
785.12
785.633
786.119
786.622
787.117
787.632
788.123
788.625
789.119
789.695
790.116
790.626
791.135
791.648
792.122
792.622
793.168
793.642
794.125
794.632
795.124
795.662
796.118
796.634
797.127
797.63
798.177
798.701
799.153
799.633
800.12
800.617
801.116
801.637
802.123
802.624
803.123
803.637
804.12
804.624
805.116
805.636
806.116
806.619
807.121
807.631
808.122
808.617
809.139
809.637
810.124
810.62
811.13
811.634
812.124
812.63
813.117
813.661
814.196
814.689
815.205
815.664
816.159
816.694
817.145
817.665
818.204
818.647
819.148
819.67
820.203
820.625
821.118
821.694
822.197
822.691
823.122
823.625
824.199
824.637
825.118
825.642
826.166
826.712
827.17
827.685
828.151
828.646
829.121
829.617
830.176
830.718
831.182
831.648
832.189
832.728
833.124
833.642
834.118
834.619
835.125
835.631
836.222
836.642
837.118
837.621
838.122
838.622
839.125
839.639
840.119
840.626
841.123
841.64
842.117
842.62
843.118
843.674
844.12
844.646
845.126
845.618
846.122
846.634
847.12
847.642
848.118
848.628
849.125
849.638
850.193
850.636
851.119
851.628
852.123
852.619
853.124
853.635
854.177
854.631
855.117
855.631
856.187
856.677
857.154
857.705
858.12
858.624
859.183
859.638
860.125
860.713
861.12
861.617
862.169
862.704
863.163
863.694
864.178
864.701
865.159
865.668
866.214
866.661
867.199
867.631
868.122
868.639
869.125
869.622
870.121
870.635
871.117
871.618
872.119
872.642
873.125
873.619
874.125
874.627
875.124
875.637
876.116
876.619
877.128
877.63
878.121
878.622
879.164
879.623
880.117
880.633
881.128
881.617
882.129
882.626
883.122
883.641
884.118
884.631
885.128
885.627
886.119
886.635
887.121
887.633
888.121
888.649
889.119
889.618
890.117
890.643
891.125
891.624
892.118
892.623
893.136
893.621
894.124
894.636
895.119
895.638
896.122
896.658
897.127
897.619
898.12
898.627
899.117
899.635
900.166
900.62
901.159
901.618
902.119
902.65
903.125
903.631
904.124
904.622
905.124
905.631
906.118
906.636
907.126
907.631
908.121
908.622
909.12
909.635
910.146
910.62
911.123
911.676
912.16
912.649
913.123
913.625
914.118
914.681
915.169
915.695
916.118
916.632
917.124
917.622
918.124
918.623
919.119
919.626
920.118
920.633
921.124
921.628
922.124
922.62
923.118
923.63
924.125
924.621
925.121
925.621
926.125
926.638
927.118
927.643
928.124
928.637
929.118
929.64
930.121
930.618
931.128
931.63
932.12
932.637
933.118
933.684
934.121
934.634
935.121
935.632
936.119
936.621
937.125
937.617
938.119
938.622
939.156
939.622
940.117
940.633
941.124
941.625
942.119
942.643
943.125
943.627
944.123
944.637
945.118
945.623
946.125
946.639
947.121
947.622
948.122
948.631
949.119
949.624
950.118
950.618
951.125
951.635
952.124
952.632
953.117
953.646
954.126
954.618
955.123
955.621
956.12
956.635
957.117
957.62
958.168
958.623
959.118
959.627
960.181
960.651
961.174
961.641
962.119
962.628
963.162
963.684
964.207
964.636
965.149
965.657
966.119
966.659
967.117
967.643
968.118
968.626
969.124
969.687
970.12
970.642
971.123
971.68
972.158
972.636
973.123
973.644
974.117
974.623
975.123
975.641
976.128
976.634
977.119
977.642
978.182
978.704
979.122
979.628
980.12
980.697
981.242
981.619
982.12
982.68
983.177
983.684
984.239
984.618
985.123
985.669
986.128
986.627
987.147
987.628
988.122
988.618
989.127
989.635
990.12
990.627
991.119
991.644
992.182
992.621
993.155
993.634
994.118
994.624
995.119
995.642
996.16
996.633
997.127
997.625
998.125
998.627
999.13
999.639
1000.12
1000.63
1001.12
1001.63
1002.12
1002.62
1003.12
1003.64
1004.17
1004.62
1005.14
1005.62
1006.12
1006.63
1007.16
1007.62
1008.12
1008.64
1009.12
1009.62
1010.12
1010.64
1011.13
1011.62
1012.13
1012.64
1013.12
1013.62
1014.13
1014.64
1015.12
1015.62
1016.13
1016.63
1017.12
1017.63
1018.16
1018.63
1019.12
1019.62
1020.12
1020.63
1021.12
1021.64
1022.17
1022.63
1023.12
1023.64
1024.13
1024.63
1025.12
1025.62
1026.13
1026.68
1027.12
1027.63
1028.12
1028.62
1029.12
1029.67
1030.18
1030.64
1031.12
1031.62
1032.13
1032.63
1033.12
1033.64
1034.12
1034.66
1035.13
1035.62
1036.13
1036.63
1037.12
1037.63
1038.12
1038.63
1039.12
1039.64
1040.12
1040.62
1041.12
1041.64
1042.12
1042.62
1043.12
1043.64
1044.15
1044.65
1045.13
1045.63
1046.12
1046.63
1047.12
1047.63
1048.12
1048.65
1049.15
1049.63
1050.12
1050.63
1051.12
1051.63
1052.18
1052.62
1053.12
1053.63
1054.12
1054.63
1055.13
1055.63
1056.12
1056.63
1057.15
1057.63
1058.12
1058.63
1059.13
1059.63
1060.12
1060.64
1061.13
1061.63
1062.12
1062.63
1063.13
1063.64
1064.12
1064.63
1065.12
1065.64
1066.14
1066.62
1067.13
1067.64
1068.16
1068.62
1069.16
1069.64
1070.12
1070.64
1071.13
1071.62
1072.13
1072.64
1073.12
1073.65
1074.12
1074.62
1075.12
1075.64
1076.12
1076.63
1077.2
1077.64
1078.12
1078.64
1079.12
1079.63
1080.13
1080.62
1081.13
1081.64
1082.19
1082.64
1083.12
1083.64
1084.12
1084.64
1085.13
1085.62
1086.18
1086.69
1087.18
1087.68
1088.21
1088.7
1089.18
1089.66
1090.12
1090.62
1091.19
1091.65
1092.12
1092.65
1093.13
1093.62
1094.17
1094.64
1095.13
1095.64
1096.13
1096.62
1097.12
1097.68
1098.13
1098.65
1099.12
1099.62
1100.16
1100.62
1101.12
1101.64
1102.12
1102.63
1103.13
1103.63
1104.13
1104.68
1105.12
1105.64
1106.2
1106.72
1107.13
1107.62
1108.17
1108.62
1109.12
1109.69
1110.12
1110.63
1111.12
1111.64
1112.12
1112.63
1113.12
1113.63
1114.15
1114.62
1115.12
1115.63
1116.17
1116.63
1117.12
1117.64
1118.12
1118.63
1119.13
1119.63
1120.12
1120.63
1121.12
1121.64
1122.12
1122.67
1123.13
1123.64
1124.12
1124.62
1125.13
1125.63
1126.12
1126.62
1127.12
1127.64
1128.15
1128.62
1129.13
1129.63
1130.12
1130.63
1131.12
1131.62
1132.12
1132.65
1133.13
1133.62
1134.12
1134.63
1135.13
1135.64
1136.12
1136.62
1137.13
1137.64
1138.15
1138.68
1139.13
1139.64
1140.17
1140.63
1141.12
1141.64
1142.13
1142.65
1143.15
1143.63
1144.12
1144.64
1145.12
1145.64
1146.13
1146.63
1147.13
1147.63
1148.12
1148.63
1149.12
1149.65
1150.16
1150.65
1151.13
1151.63
1152.16
1152.63
1153.12
1153.64
1154.13
1154.63
1155.12
1155.65
1156.13
1156.62
1157.12
1157.63
1158.13
1158.64
1159.13
1159.63
1160.12
1160.63
1161.13
1161.64
1162.12
1162.63
1163.12
1163.62
1164.13
1164.63
1165.14
1165.63
1166.12
1166.65
1167.13
1167.69
1168.12
1168.62
1169.12
1169.63
1170.12
1170.62
1171.12
1171.64
1172.13
1172.64
1173.13
1173.63
1174.12
1174.62
1175.13
1175.64
1176.19
1176.63
1177.12
1177.62
1178.13
1178.64
1179.13
1179.62
1180.2
1180.65
1181.12
1181.63
1182.15
1182.65
1183.16
1183.66
1184.23
1184.64
1185.12
1185.63
1186.12
1186.67
1187.12
1187.65
1188.13
1188.62
1189.12
1189.64
1190.13
1190.65
1191.13
1191.64
1192.12
1192.62
1193.12
1193.64
1194.13
1194.65
1195.14
1195.64
1196.13
1196.64
1197.13
1197.63
1198.12
1198.62
1199.13
1199.64
1200.15
1200.62
1201.13
1201.63
1202.18
1202.62
1203.12
1203.64
1204.13
1204.64
1205.12
1205.62
1206.12
1206.64
1207.12
1207.63
1208.12
1208.64
1209.13
1209.64
1210.12
1210.62
1211.12
1211.63
1212.19
1212.64
1213.12
1213.62
1214.12
1214.62
1215.19
1215.64
1216.13
1216.62
1217.12
1217.64
1218.13
1218.62
1219.12
1219.62
1220.13
1220.63
1221.12
1221.64
1222.12
1222.64
1223.12
1223.63
1224.12
1224.66
1225.12
1225.64
1226.12
1226.62
1227.13
1227.64
1228.16
1228.64
1229.12
1229.63
1230.13
1230.64
1231.2
1231.65
1232.13
1232.65
1233.12
1233.69
1234.12
1234.64
1235.12
1235.63
1236.13
1236.63
1237.12
1237.65
1238.12
1238.62
1239.12
1239.62
1240.13
1240.62
1241.12
1241.64
1242.12
1242.62
1243.12
1243.64
1244.13
1244.63
1245.12
1245.65
1246.13
1246.63
1247.13
1247.64
1248.12
1248.63
1249.13
1249.64
1250.2
1250.63
1251.13
1251.64
1252.12
1252.62
1253.12
1253.63
1254.12
1254.62
1255.13
1255.63
1256.12
1256.68
1257.16
1257.63
1258.12
1258.64
1259.15
1259.62
1260.12
1260.64
1261.16
1261.62
1262.12
1262.64
1263.12
1263.62
1264.12
1264.65
1265.13
1265.62
1266.12
1266.64
1267.15
1267.62
1268.13
1268.63
1269.13
1269.64
1270.19
1270.62
1271.13
1271.69
1272.13
1272.64
1273.13
1273.63
1274.16
1274.63
1275.12
1275.7
1276.13
1276.62
1277.12
1277.63
1278.18
1278.64
1279.12
1279.63
1280.12
1280.63
1281.13
1281.65
1282.12
1282.62
1283.12
1283.63
1284.12
1284.63
1285.13
1285.65
1286.16
1286.65
1287.12
1287.63
1288.14
1288.63
1289.12
1289.64
1290.13
1290.64
1291.12
1291.67
1292.13
1292.62
1293.19
1293.64
1294.13
1294.69
1295.2
1295.68
1296.21
1296.66
1297.17
1297.67
1298.13
1298.63
1299.19
1299.64
1300.12
1300.71
1301.16
1301.7
1302.22
1302.63
1303.12
1303.66
1304.16
1304.62
1305.12
1305.7
1306.12
1306.64
1307.13
1307.63
1308.12
1308.63
1309.13
1309.65
1310.13
1310.65
1311.12
1311.62
1312.12
1312.62
1313.12
1313.64
1314.13
1314.64
1315.15
1315.62
1316.13
1316.64
1317.12
1317.64
1318.12
1318.63
1319.12
1319.64
1320.12
1320.63
1321.12
1321.63
1322.13
1322.63
1323.12
1323.62
1324.12
1324.63
1325.13
1325.62
1326.12
1326.64
1327.12
1327.62
1328.12
1328.62
1329.12
1329.66
1330.12
1330.62
1331.13
1331.64
1332.12
1332.64
1333.12
1333.62
1334.13
1334.64
1335.12
1335.63
1336.12
1336.62
1337.12
1337.63
1338.12
1338.64
1339.13
1339.62
1340.13
1340.7
1341.12
1341.62
1342.13
1342.64
1343.12
1343.63
1344.13
1344.64
1345.12
1345.64
1346.15
1346.65
1347.12
1347.62
1348.17
1348.63
1349.13
1349.68
1350.12
1350.64
1351.12
1351.62
1352.12
1352.63
1353.12
1353.67
1354.12
1354.65
1355.12
1355.64
1356.13
1356.62
1357.13
1357.63
1358.15
1358.64
1359.12
1359.63
1360.12
1360.64
1361.12
1361.62
1362.16
1362.62
1363.12
1363.62
1364.13
1364.62
1365.12
1365.64
1366.12
1366.62
1367.13
1367.64
1368.13
1368.62
1369.13
1369.63
1370.16
1370.62
1371.13
1371.64
1372.17
1372.64
1373.12
1373.62
1374.12
1374.65
1375.13
1375.64
1376.12
1376.62
1377.12
1377.63
1378.13
1378.63
1379.13
1379.64
1380.12
1380.63
1381.19
1381.68
1382.13
1382.62
1383.12
1383.63
1384.12
1384.64
1385.12
1385.65
1386.12
1386.62
1387.13
1387.63
1388.12
1388.63
1389.12
1389.64
1390.12
1390.64
1391.13
1391.62
1392.13
1392.64
1393.12
1393.63
1394.17
1394.63
1395.12
1395.64
1396.12
1396.62
1397.12
1397.64
1398.12
1398.63
1399.12
1399.64
1400.18
1400.64
1401.12
1401.63
1402.13
1402.62
1403.12
1403.64
1404.12
1404.64
1405.13
1405.63
1406.12
1406.64
1407.12
1407.62
1408.14
1408.62
1409.12
1409.68
1410.12
1410.62
1411.12
1411.63
1412.12
1412.64
1413.12
1413.63
1414.12
1414.62
1415.12
1415.63
1416.12
1416.68
1417.13
1417.63
1418.13
1418.62
1419.12
1419.62
1420.12
1420.63
1421.14
1421.64
1422.12
1422.64
1423.15
1423.62
1424.12
1424.64
1425.13
1425.63
1426.15
1426.62
1427.12
1427.67
1428.12
1428.62
1429.12
1429.62
1430.12
1430.68
1431.2
1431.68
1432.16
1432.62
1433.12
1433.64
1434.16
1434.7
1435.17
1435.66
1436.2
1436.63
1437.15
1437.64
1438.12
1438.62
1439.12
1439.63
1440.12
1440.62
1441.12
1441.63
1442.12
1442.64
1443.13
1443.64
1444.12
1444.62
1445.12
1445.68
1446.19
1446.64
1447.15
1447.64
1448.12
1448.62
1449.12
1449.63
1450.12
1450.63
1451.13
1451.62
1452.12
1452.63
1453.15
1453.62
1454.12
1454.63
1455.12
1455.64
1456.14
1456.62
1457.12
1457.64
1458.12
1458.62
1459.12
1459.63
1460.14
1460.62
1461.13
1461.63
1462.12
1462.62
1463.12
1463.7
1464.12
1464.62
1465.12
1465.62
1466.13
1466.64
1467.12
1467.63
1468.12
1468.68
1469.12
1469.64
1470.12
1470.63
1471.14
1471.62
1472.12
1472.63
1473.12
1473.62
1474.12
1474.63
1475.12
1475.64
1476.12
1476.62
1477.15
1477.64
1478.12
1478.64
1479.12
1479.63
1480.15
1480.63
1481.12
1481.63
1482.12
1482.64
1483.12
1483.64
1484.12
1484.62
1485.13
1485.69
1486.12
1486.63
1487.12
1487.62
1488.12
1488.63
1489.12
1489.62
1490.12
1490.62
1491.12
1491.63
1492.12
1492.62
1493.12
1493.63
1494.12
1494.62
1495.12
1495.63
1496.12
1496.62
1497.12
1497.63
1498.12
1498.63
1499.16
1499.66
1500.16
1500.62
1501.13
1501.62
1502.12
1502.64
1503.12
1503.64
1504.12
1504.62
1505.15
1505.63
1506.12
1506.64
1507.12
1507.64
1508.12
1508.64
1509.12
1509.62
1510.12
