0.007674
0.008512
0.007409
0.007420
0.006417
0.005830
0.007473
0.007599
0.008671
0.010205
0.009588
0.008588
0.009547
0.006335
0.007766
0.005603
0.007277
0.006602
0.008925
0.006599
0.007678
0.008246
0.007931
0.008789
0.008887
0.007461
0.009572
0.006223
0.006243
0.008970
0.007132
0.007550
0.007338
0.007357
0.008517
0.009175
0.007634
0.006695
0.007840
0.007485
0.007562
0.007239
0.006942
0.007017
0.007675
0.007399
0.008232
0.006200
0.006743
0.007340
0.009562
0.009136
0.009001
0.009812
0.008806
0.008229
0.008375
0.007509
0.006755
0.007725
0.006002
0.007671
0.008521
0.007555
0.007358
0.006439
0.007995
0.007520
0.006509
0.008708
0.007404
0.006106
0.007205
0.007676
0.006834
0.007838
0.007477
0.009077
0.007498
0.008424
0.008410
0.005902
0.009820
0.006638
0.007007
0.006667
0.006536
0.007535
0.007198
0.007738
0.006010
0.008172
0.007562
0.007715
0.008497
0.008863
0.007795
0.006732
0.007356
0.007427
0.009204
0.009353
0.008700
0.009381
0.008639
0.009067
0.008972
0.006553
0.007572
0.007747
0.007339
0.011508
0.009085
0.008662
0.007280
0.007024
0.009138
0.007793
0.009196
0.006596
0.008826
0.008328
0.006499
0.006053
0.006845
0.009562
0.009953
0.005870
0.007716
0.007603
0.009067
0.008829
0.008810
0.008034
0.007568
0.006479
0.010012
0.008533
0.007482
0.008098
0.007194
0.008671
0.008965
0.008578
0.008874
0.009630
0.008064
0.008876
0.005488
0.006960
0.007398
0.008789
0.007556
0.007730
0.008483
0.006748
0.007712
0.008790
0.008493
0.006606
0.005264
0.006880
0.010108
0.008345
0.006479
0.007448
0.008297
0.006987
0.009184
0.007573
0.007821
0.007673
0.007598
0.006444
0.008029
0.007473
0.008148
0.008777
0.008506
0.006544
0.007887
0.008397
0.009411
0.008626
0.007331
0.007821
0.007849
0.007762
0.005764
0.006718
0.009020
0.007833
0.005285
0.005793
0.007637
0.007550
0.008748
0.007298
0.008105
0.007643
0.007539
0.008587
0.005846
0.007226
0.006193
0.006962
0.009722
0.009695
0.008164
0.008634
0.008657
0.009755
0.010612
0.006614
0.010147
0.008780
0.006022
0.006879
0.008965
0.009284
0.008775
0.008690
0.009273
0.008414
0.010172
0.010654
0.009255
0.008860
0.009019
0.009110
0.010317
0.006932
0.007630
0.007961
0.007738
0.008094
0.010300
0.007262
0.006105
0.006325
0.006805
0.007174
0.007806
0.007786
0.008667
0.006876
0.007925
0.007607
0.009692
0.008281
0.005278
0.010724
0.009722
0.009478
0.008859
0.008836
0.008463
0.007875
0.008748
0.008630
0.006410
0.006799
0.007687
0.008814
0.009816
0.007173
0.005663
0.007206
0.008403
0.007263
0.008663
0.006539
0.005740
0.006964
0.008299
0.007541
0.008804
0.008557
0.011173
0.008591
0.005861
0.008136
0.008876
0.007317
0.007468
0.009164
0.009087
0.007630
0.008862
0.008901
0.007178
0.007885
0.007267
0.009146
0.006283
0.007270
0.005553
0.008608
0.005085
0.007612
0.005907
0.006397
0.007733
0.009492
0.009169
0.008291
0.007161
0.007339
0.007793
0.008794
0.008038
0.009014
0.010864
0.010021
0.007108
0.007408
0.006392
0.007448
0.005913
0.006455
0.010168
0.008242
0.008527
0.006524
0.007265
0.008518
0.006202
0.007941
0.008984
0.008819
0.007567
0.008454
0.009071
0.008668
0.006248
0.008234
0.006222
0.007528
0.007665
0.007450
0.007115
0.007618
0.007882
0.006510
0.005740
0.006484
0.006790
0.006953
0.006279
0.007688
0.005485
0.009181
0.008591
0.008790
0.009055
0.007352
0.006236
0.006678
0.007907
0.006411
0.007171
0.007858
0.007393
0.008574
0.006100
0.007703
0.006030
0.007563
0.008634
0.008300
0.007619
0.009272
0.008380
0.009920
0.007562
0.008921
0.008160
0.007644
0.006502
0.008822
0.008800
0.008029
0.009999
0.008525
0.006330
0.009044
0.005368
0.008751
0.008868
0.004996
0.006585
0.005682
0.007376
0.008090
0.006451
0.007938
0.009287
0.009906
0.009095
0.007675
0.006734
0.007552
0.009078
0.007280
0.008776
0.007328
0.008863
0.006653
0.005396
0.009132
0.007607
0.009247
0.008773
0.011131
0.007190
0.008541
0.008461
0.008442
0.009790
0.007443
0.006474
0.010359
0.009638
0.007891
0.010795
0.007778
0.008204
0.009201
0.008868
0.006631
0.006992
0.007034
0.007367
0.009692
0.007605
0.007930
0.009195
0.007465
0.009650
0.008736
0.008807
0.008857
0.009074
0.008259
0.008836
0.007702
0.009360
0.006972
0.008620
0.007911
0.008889
0.009297
0.009135
0.009910
0.008554
0.007642
0.006236
0.007298
0.007426
0.008794
0.010618
0.006702
0.008184
0.007645
0.006950
0.006834
0.006140
0.007652
0.007616
0.008743
0.005820
0.009702
0.007823
0.010784
0.006859
0.007511
0.010607
0.012334
0.013135
0.008533
0.007339
0.008769
0.008358
0.007353
0.007141
0.007984
0.009146
0.009990
0.008386
0.007005
0.008453
0.009201
0.010571
0.008574
0.007442
0.009041
0.008694
0.007602
0.007536
0.006537
0.005936
0.007878
0.009434
0.008756
0.004997
0.009588
0.008638
0.007514
0.008466
0.007056
0.008583
0.008542
0.007109
0.010551
0.008555
0.009681
0.006413
0.005712
0.011037
0.009519
0.011296
0.008833
0.008567
0.007435
0.007848
0.009449
0.005571
0.007395
0.007395
0.010116
0.008576
0.006695
0.006879
0.008631
0.008098
0.009027
0.008139
0.008974
0.008100
0.009888
0.007715
0.011168
0.012327
0.009553
0.007313
0.008821
0.009073
0.007246
0.007765
0.006708
0.010369
0.011757
0.009474
0.009872
0.009797
0.007686
0.008583
0.008853
0.007608
0.006501
0.008744
0.008947
0.006069
0.006412
0.006335
0.006582
0.008373
0.006121
0.010201
0.007697
0.008863
0.006368
0.007963
0.007912
0.008876
0.011540
0.008054
0.008967
0.008199
0.006881
0.007174
0.008995
0.005645
0.006636
0.005986
0.006432
0.006430
0.008360
0.005681
0.005854
0.010180
0.007956
0.008312
0.008678
0.008672
0.009665
0.008646
0.009049
0.007919
0.007617
0.009343
0.009025
0.008635
0.008894
0.008375
0.009016
0.005992
0.008629
0.009311
0.007193
0.005825
0.008779
0.009008
0.006041
0.007764
0.006047
0.008955
0.008074
0.007913
0.006559
0.006651
0.007471
0.008814
0.007896
0.007231
0.008099
0.007767
0.007471
0.006499
0.009637
0.009205
0.008881
0.008238
0.008399
0.007684
0.006282
0.008227
0.007628
0.008181
0.005740
0.006083
0.007659
0.006074
0.006889
0.007655
0.007662
0.009013
0.005669
0.005888
0.007032
0.008444
0.008744
0.007698
0.005902
0.009116
0.005932
0.008942
0.008968
0.006549
0.006187
0.007605
0.009148
0.005308
0.007658
0.007739
0.006015
0.008785
0.008228
0.006750
0.005172
0.010759
0.008518
0.006783
0.008041
0.006721
0.008318
0.007790
0.006355
0.009954
0.007388
0.007239
0.006201
0.009696
0.008034
0.008919
0.013176
0.011335
0.005188
0.007645
0.008815
0.006751
0.007602
0.008803
0.005996
0.011373
0.009788
0.010379
0.012072
0.008391
0.012311
0.009078
0.011133
0.008886
0.009555
0.008924
0.007047
0.006902
0.008593
0.006453
0.008928
0.007302
0.004920
0.006148
0.010001
0.007633
0.010642
0.007723
0.008847
0.007559
0.005755
0.006528
0.007715
0.007054
0.005658
0.005672
0.008766
0.007323
0.007543
0.006634
0.008850
0.008844
0.007514
0.009615
0.007182
0.008645
0.010964
0.011928
0.011225
0.008580
0.008920
0.006436
0.007644
0.005828
0.009953
0.005465
0.007529
0.007573
0.006017
0.006738
0.007027
0.005474
0.009758
0.008610
0.008786
0.010134
0.008360
0.008225
0.010815
0.008467
0.007657
0.009465
0.008140
0.006391
0.005972
0.012288
0.010420
0.009799
0.007245
0.007553
0.011230
0.008738
0.008411
0.007318
0.006590
0.009030
0.006857
0.008688
0.005946
0.008916
0.006708
0.008826
0.006332
0.011143
0.009084
0.008339
0.008597
0.008960
0.009838
0.007194
0.005640
0.008957
0.008875
0.009479
0.008289
0.009077
0.007550
0.006850
0.006680
0.010922
0.010669
0.007740
0.008497
0.006734
0.008672
0.011761
0.007773
0.006068
0.008758
0.009027
0.008197
0.008664
0.008135
0.007926
0.008553
0.009112
0.005634
0.009660
0.009986
0.008753
0.008758
0.008679
0.008986
0.008681
0.007807
0.008936
0.008121
0.009714
0.009197
0.008602
0.007431
0.007154
0.007737
0.007984
0.006274
0.006272
0.005823
0.009555
0.009791
0.007127
0.006174
0.006256
0.006322
0.006423
0.008206
0.008037
0.007285
0.011551
0.009824
0.008440
0.008697
0.010960
0.010506
0.009309
0.008288
0.012817
0.010203
0.011499
0.008091
0.008254
0.008323
0.011115
0.007847
0.007031
0.007633
0.009443
0.005374
0.009710
0.009595
0.008954
0.008566
0.007413
0.007026
0.005843
0.006946
0.007011
0.007365
0.009742
0.007344
0.008916
0.008024
0.008920
0.008607
0.007585
0.008809
0.008612
0.007890
0.006563
0.010218
0.006532
0.007522
0.007567
0.010782
0.008013
0.007818
0.008493
0.008774
0.007854
0.006372
0.007868
0.006076
0.007884
0.008645
0.009072
0.008595
0.008052
0.009295
0.007827
0.009569
0.007187
0.006871
0.009179
0.008037
0.006632
0.008454
0.009804
0.008438
0.008574
0.007608
0.008521
0.007212
0.007177
0.009331
0.009074
0.007330
0.005511
0.008142
0.005105
0.009195
0.008551
0.009758
0.009617
0.007085
0.008440
0.006881
0.008828
0.005997
0.006753
0.008496
0.008887
0.006557
0.009043
0.007757
0.008426
0.008620
0.007511
0.010169
0.010149
0.007679
0.008801
0.008973
0.008540
0.007570
0.006840
0.007931
0.013012
0.011431
0.010691
0.008835
0.008983
0.008183
0.009132
0.010293
0.009494
0.007610
0.006865
0.008528
0.007962
0.007791
0.013002
0.010094
0.013069
0.011905
0.009831
0.005545
0.007876
0.011156
0.009901
0.008931
0.007021
0.009108
0.008881
0.010300
0.007077
0.009370
0.010268
0.008885
0.008628
0.008848
0.008716
0.008571
0.009160
0.007617
0.009363
0.008148
0.005586
0.007701
0.009670
0.009685
0.010158
0.010766
0.010170
0.007148
0.010762
0.008406
0.006826
0.004932
0.007506
0.010294
0.007404
0.010444
0.008981
0.009933
0.007910
0.006929
0.009027
0.008713
0.005130
0.011480
0.010803
0.010565
0.006369
0.007384
0.008993
0.009091
0.008409
0.009272
0.010589
0.009658
0.006198
0.005766
0.002931
0.008946
0.007265
0.008929
0.007105
0.008452
0.009633
0.007969
0.007705
0.007544
0.006247
0.007660
0.008869
0.008698
0.009061
0.008914
0.007711
0.008677
0.008942
0.006964
0.009947
0.008825
0.009971
0.009169
0.009510
0.009817
0.007231
0.007396
0.007008
0.008345
0.006409
0.007880
0.011672
0.008818
0.009914
0.008231
0.010343
0.010105
0.008660
0.006897
0.008248
0.009814
0.010250
0.008147
0.009268
0.003703
0.004517
0.009053
0.008651
0.004281
0.010936
0.009562
0.006024
0.007275
0.003302
0.007624
0.011404
0.011063
0.007957
0.003768
0.007745
0.007175
0.009517
0.008706
0.006301
0.007779
0.007891
0.003905
0.004555
0.005893
0.007285
0.008101
0.005656
0.005998
0.008465
0.008687
0.007027
0.008117
0.008867
0.008905
0.009512
0.008601
0.007984
0.009411
0.008693
0.008294
0.009988
0.008783
0.008315
0.008327
0.007238
0.008745
0.005966
0.008849
0.007159
0.006623
0.007852
0.005960
0.008571
0.008810
0.010987
0.009481
0.012139
0.010527
0.011756
0.009578
0.008401
0.006841
0.006001
0.005890
0.004299
0.003701
0.004319
0.007836
0.007223
0.007531
0.008364
0.007649
0.007968
0.007715
0.009378
0.005414
0.008087
0.008010
0.008173
0.007708
0.007835
0.009183
0.008881
0.006096
0.008137
0.009832
0.008584
0.007099
0.007368
0.007226
0.008799
0.002975
0.006251
0.008789
0.008849
0.009187
0.008949
0.007784
0.008160
0.005848
0.007814
0.008531
0.007849
0.006757
0.007247
0.009181
0.007588
0.008019
0.007089
0.008126
0.009094
0.008888
0.003838
0.005992
0.008470
0.008569
0.006933
0.008271
0.008684
0.007193
0.009506
0.005544
0.008406
0.012530
0.013792
0.010769
0.010800
0.006801
0.006952
0.007811
0.009004
0.007612
0.007038
0.008905
0.010225
0.008783
0.008097
0.008761
0.007367
0.007989
0.008864
0.006717
0.008334
0.011070
0.008481
0.005231
0.009760
0.010417
0.013004
0.013377
0.010344
0.006790
0.007517
0.009938
0.006994
0.006238
0.011317
0.009273
0.009794
0.012385
0.016189
0.013438
0.007804
0.010967
0.011679
0.008940
0.005527
0.008681
0.007110
0.008533
0.008502
0.009238
0.006370
0.008862
0.004959
0.005692
0.005926
0.006934
0.005606
0.008899
0.008138
0.006787
0.008378
0.005705
0.005662
0.007511
0.008655
0.005749
0.009476
0.005286
0.007590
0.008710
0.009928
0.008799
0.010457
0.008759
0.009140
0.008521
0.008961
0.008909
0.008292
0.008569
0.008810
0.007313
0.007558
0.007746
0.008253
0.006411
0.008464
0.005677
0.006732
0.006629
0.005918
0.007932
0.007199
0.007163
0.008030
0.007204
0.006134
0.006194
0.007782
0.006921
0.006874
0.007167
0.010050
0.009780
0.010101
0.009930
0.008138
0.003923
0.008113
0.006466
0.009007
0.005859
0.006868
0.005447
