1.60463
1.60469
2.10474
2.60483
3.10505
3.60595
4.1058
4.61238
5.10476
5.62942
6.10601
6.60641
7.10491
7.62526
8.10624
8.60607
9.10481
9.6287
10.1059
10.6073
11.1049
11.6322
12.1064
12.6145
13.1047
13.6302
14.1057
14.6064
15.1048
15.6363
16.106
16.6064
17.1047
17.6424
18.1212
18.6085
19.1093
19.6369
20.1459
20.6095
21.1048
21.6345
22.1522
22.6062
23.1059
23.633
24.1049
24.606
25.1242
25.6845
26.1048
26.6072
27.1074
27.6269
28.1048
28.6061
29.1068
29.6289
30.1049
30.608
31.1298
31.6352
32.1048
32.6066
33.1071
33.6399
34.1049
34.619
35.1049
35.6421
36.1062
36.62
37.1048
37.6379
38.1535
38.6065
39.1072
39.6315
40.1168
40.6499
41.1061
41.6322
42.1048
42.6068
43.1061
43.6356
44.1048
44.607
45.1058
45.6285
46.1048
46.6063
47.106
47.6196
48.1048
48.622
49.1057
49.6271
50.1049
50.6063
51.1145
51.6331
52.1089
52.609
53.106
53.6357
54.1048
54.6073
55.1064
55.6401
56.1048
56.6109
57.1065
57.6401
58.1048
58.607
59.1062
59.6427
60.1049
60.61
61.1059
61.6423
62.1457
62.6091
63.1061
63.6482
64.1062
64.6137
65.1048
65.6666
66.1125
66.6068
67.106
67.6579
68.1048
68.6591
69.1346
69.6406
70.106
70.6138
71.1263
71.6474
72.1061
72.6144
73.1049
73.6412
74.1062
74.6157
75.1047
75.6517
76.1059
76.6115
77.1231
77.6494
78.1049
78.6295
79.106
79.628
80.1048
80.608
81.1062
81.6261
82.1049
82.615
83.1069
83.6361
84.1147
84.623
85.1222
85.6509
86.1125
86.6099
87.1099
87.6474
88.1087
88.6287
89.1335
89.6467
90.111
90.6113
91.1101
91.6513
92.1146
92.6199
93.1186
93.6513
94.1136
94.6182
95.1161
95.6602
96.1155
96.6168
97.1156
97.7146
98.1552
98.6176
99.1502
99.6609
100.114
100.633
101.116
101.673
102.115
102.623
103.115
103.673
104.114
104.616
105.114
105.647
106.113
106.63
107.113
107.655
108.114
108.636
109.112
109.637
110.115
110.626
111.114
111.636
112.113
112.626
113.114
113.642
114.116
114.624
115.115
115.644
116.114
116.627
117.123
117.654
118.121
118.614
119.113
119.651
120.113
120.615
121.175
121.717
122.149
122.654
123.136
123.65
124.114
124.615
125.116
125.654
126.167
126.619
127.165
127.662
128.115
128.641
129.117
129.655
130.116
130.618
131.117
131.665
132.117
132.621
133.119
133.673
134.117
134.633
135.14
135.669
136.116
136.62
137.118
137.661
138.117
138.661
139.119
139.706
140.117
140.631
141.118
141.663
142.117
142.62
143.118
143.674
144.118
144.674
145.118
145.658
146.118
146.62
147.118
147.666
148.117
148.623
149.118
149.703
150.141
150.62
151.125
151.654
152.127
152.665
153.119
153.658
154.119
154.649
155.118
155.659
156.118
156.639
157.12
157.66
158.122
158.619
159.122
159.657
160.117
160.622
161.118
161.654
162.121
162.62
163.118
163.657
164.12
164.663
165.118
165.685
166.121
166.633
167.12
167.709
168.119
168.655
169.118
169.702
170.12
170.622
171.117
171.649
172.121
172.633
173.117
173.656
174.117
174.623
175.121
175.673
176.118
176.624
177.12
177.656
178.12
178.631
179.121
179.689
180.117
180.621
181.12
181.661
182.12
182.621
183.13
183.651
184.129
184.67
185.126
185.7
186.118
186.634
187.117
187.66
188.122
188.661
189.165
189.732
190.117
190.621
191.119
191.657
192.139
192.633
193.12
193.667
194.119
194.624
195.122
195.667
196.12
196.622
197.12
197.656
198.141
198.622
199.12
199.698
200.119
200.624
201.12
201.676
202.116
202.62
203.119
203.673
204.119
204.62
205.12
205.654
206.121
206.62
207.118
207.653
208.121
208.622
209.122
209.659
210.121
210.621
211.121
211.659
212.116
212.644
213.122
213.666
214.121
214.65
215.119
215.647
216.147
216.624
217.128
217.671
218.124
218.623
219.15
219.671
220.118
220.621
221.118
221.701
222.178
222.622
223.119
223.665
224.117
224.622
225.119
225.659
226.119
226.658
227.117
227.652
228.123
228.63
229.119
229.653
230.142
230.633
231.12
231.652
232.118
232.632
233.121
233.649
234.154
234.635
235.121
235.644
236.119
236.636
237.119
237.647
238.121
238.633
239.118
239.668
240.12
240.621
241.121
241.663
242.147
242.675
243.149
243.696
244.121
244.634
245.119
245.656
246.154
246.619
247.123
247.696
248.12
248.62
249.159
249.686
250.158
250.618
251.119
251.662
252.122
252.619
253.119
253.654
254.127
254.624
255.121
255.646
256.119
256.634
257.121
257.661
258.116
258.622
259.119
259.659
260.14
260.622
261.147
261.677
262.121
262.619
263.12
263.653
264.12
264.624
265.118
265.693
266.12
266.626
267.118
267.656
268.119
268.622
269.118
269.65
270.122
270.634
271.117
271.666
272.118
272.633
273.118
273.64
274.119
274.638
275.117
275.674
276.121
276.638
277.119
277.643
278.119
278.633
279.117
279.643
280.161
280.674
281.119
281.659
282.12
282.631
283.124
283.653
284.121
284.684
285.116
285.647
286.119
286.63
287.119
287.653
288.118
288.634
289.154
289.656
290.119
290.62
291.12
291.69
292.12
292.623
293.121
293.654
294.144
294.632
295.121
295.646
296.132
296.621
297.122
297.657
298.156
298.624
299.121
299.648
300.12
300.696
301.121
301.653
302.18
302.628
303.119
303.642
304.119
304.62
305.121
305.686
306.117
306.619
307.118
307.662
308.122
308.622
309.12
309.662
310.118
310.621
311.12
311.662
312.14
312.63
313.119
313.65
314.118
314.634
315.126
315.64
316.143
316.633
317.123
317.712
318.122
318.643
319.122
319.657
320.118
320.621
321.118
321.656
322.152
322.646
323.118
323.697
324.119
324.632
325.12
325.649
326.12
326.633
327.118
327.692
328.176
328.623
329.119
329.695
330.118
330.666
331.118
331.683
332.119
332.638
333.122
333.703
334.117
334.676
335.154
335.669
336.119
336.624
337.124
337.664
338.14
338.636
339.118
339.667
340.123
340.623
341.121
341.662
342.123
342.623
343.121
343.657
344.15
344.625
345.124
345.654
346.119
346.62
347.117
347.674
348.123
348.671
349.131
349.665
350.126
350.667
351.122
351.648
352.12
352.679
353.123
353.655
354.12
354.619
355.124
355.67
356.117
356.62
357.124
357.671
358.118
358.62
359.17
359.667
360.123
360.62
361.123
361.672
362.125
362.622
363.123
363.674
364.118
364.629
365.123
365.711
366.12
366.628
367.125
367.662
368.121
368.635
369.136
369.649
370.121
370.634
371.121
371.646
372.12
372.637
373.119
373.645
374.134
374.638
375.121
375.639
376.124
376.633
377.118
377.655
378.117
378.62
379.118
379.662
380.12
380.627
381.128
381.659
382.122
382.632
383.12
383.657
384.117
384.629
385.189
385.677
386.122
386.628
387.117
387.667
388.117
388.624
389.16
389.674
390.302
390.635
391.118
391.676
392.125
392.657
393.118
393.676
394.121
394.695
395.122
395.681
396.121
396.639
397.117
397.653
398.181
398.641
399.121
399.651
400.126
400.635
401.118
401.717
402.121
402.621
403.121
403.668
404.117
404.622
405.124
405.699
406.125
406.707
407.118
407.653
408.12
408.646
409.141
409.677
410.119
410.626
411.125
411.676
412.15
412.625
413.121
413.676
414.128
414.633
415.13
415.67
416.151
416.623
417.187
417.747
418.118
418.74
419.122
419.685
420.171
420.623
421.121
421.67
422.122
422.638
423.118
423.679
424.183
424.719
425.122
425.725
426.182
426.625
427.119
427.687
428.116
428.643
429.12
429.663
430.121
430.646
431.124
431.669
432.191
432.642
433.122
433.676
434.124
434.64
435.126
435.705
436.12
436.624
437.159
437.68
438.12
438.638
439.174
439.677
440.161
440.625
441.12
441.653
442.123
442.667
443.123
443.655
444.12
444.639
445.135
445.716
446.176
446.637
447.159
447.664
448.127
448.623
449.126
449.671
450.208
450.622
451.134
451.77
452.123
452.658
453.121
453.848
454.136
454.636
455.122
455.743
456.123
456.62
457.122
457.686
458.122
458.639
459.123
459.681
460.118
460.639
461.123
461.676
462.117
462.62
463.121
463.676
464.163
464.647
465.122
465.678
466.124
466.631
467.194
467.675
468.116
468.623
469.118
469.666
470.12
470.647
471.158
471.675
472.117
472.697
473.119
473.677
474.124
474.621
475.127
475.675
476.117
476.694
477.123
477.681
478.119
478.627
479.125
479.678
480.127
480.628
481.144
481.742
482.177
482.732
483.178
483.749
484.187
484.7
485.196
485.752
486.19
486.704
487.116
487.685
488.265
488.667
489.163
489.729
490.209
490.706
491.205
491.74
492.238
492.651
493.121
493.661
494.127
494.681
495.209
495.72
496.118
496.643
497.162
497.691
498.125
498.623
499.122
499.669
500.142
500.62
501.118
501.663
502.116
502.62
503.126
503.667
504.116
504.633
505.121
505.652
506.12
506.654
507.124
507.649
508.125
508.622
509.132
509.687
510.123
510.673
511.151
511.659
512.122
512.629
513.126
513.703
514.132
514.646
515.121
515.695
516.12
516.65
517.126
517.661
518.119
518.623
519.143
519.648
520.123
520.621
521.155
521.653
522.118
522.624
523.149
523.674
524.137
524.626
525.165
525.659
526.121
526.637
527.12
527.652
528.12
528.621
529.122
529.648
530.243
530.637
531.123
531.651
532.155
532.623
533.122
533.668
534.174
534.626
535.119
535.66
536.12
536.709
537.16
537.738
538.125
538.695
539.117
539.673
540.122
540.638
541.123
541.662
542.12
542.63
543.12
543.665
544.121
544.638
545.117
545.654
546.18
546.63
547.128
547.653
548.131
548.642
549.123
549.66
550.116
550.623
551.128
551.663
552.146
552.626
553.121
553.665
554.126
554.636
555.122
555.653
556.116
556.635
557.123
557.691
558.122
558.624
559.117
559.654
560.117
560.641
561.121
561.666
562.118
562.625
563.124
563.65
564.121
564.634
565.119
565.669
566.153
566.652
567.161
567.655
568.121
568.714
569.164
569.7
570.162
570.721
571.185
571.718
572.128
572.634
573.117
573.676
574.124
574.631
575.117
575.661
576.118
576.652
577.118
577.66
578.124
578.627
579.123
579.697
580.224
580.694
581.158
581.675
582.125
582.702
583.118
583.68
584.118
584.694
585.123
585.661
586.124
586.665
587.158
587.672
588.125
588.645
589.159
589.744
590.122
590.624
591.117
591.666
592.139
592.649
593.124
593.663
594.125
594.621
595.121
595.693
596.121
596.626
597.123
597.666
598.117
598.621
599.121
599.671
600.169
600.621
601.123
601.671
602.137
602.63
603.121
603.654
604.127
604.63
605.123
605.669
606.118
606.623
607.121
607.677
608.158
608.675
609.123
609.668
610.117
610.66
611.175
611.7
612.186
612.628
613.126
613.671
614.12
614.698
615.122
615.717
616.12
616.623
617.123
617.661
618.118
618.624
619.176
619.666
620.15
620.622
621.124
621.662
622.118
622.664
623.121
623.663
624.122
624.627
625.123
625.664
626.126
626.623
627.128
627.659
628.12
628.636
629.123
629.704
630.121
630.632
631.117
631.664
632.122
632.627
633.125
633.751
634.124
634.623
635.121
635.666
636.119
636.623
637.205
637.661
638.116
638.629
639.121
639.668
640.117
640.621
641.127
641.658
642.121
642.628
643.121
643.664
644.136
644.632
645.131
645.644
646.134
646.641
647.121
647.696
648.117
648.686
649.123
649.652
650.118
650.629
651.121
651.77
652.117
652.622
653.125
653.683
654.117
654.633
655.121
655.722
656.148
656.627
657.152
657.674
658.127
658.637
659.123
659.673
660.121
660.628
661.143
661.702
662.167
662.712
663.168
663.709
664.192
664.626
665.124
665.663
666.117
666.638
667.122
667.683
668.12
668.637
669.123
669.659
670.202
670.689
671.151
671.728
672.119
672.635
673.127
673.711
674.188
674.691
675.147
675.666
676.119
676.638
677.122
677.656
678.121
678.678
679.123
679.669
680.12
680.626
681.123
681.665
682.118
682.623
683.126
683.67
684.119
684.622
685.124
685.685
686.142
686.623
687.121
687.687
688.12
688.637
689.148
689.663
690.123
690.623
691.121
691.668
692.12
692.626
693.129
693.666
694.117
694.627
695.121
695.687
696.12
696.622
697.127
697.683
698.119
698.622
699.126
699.662
700.121
700.62
701.124
701.661
702.126
702.623
703.122
703.668
704.124
704.621
705.125
705.668
706.117
706.622
707.126
707.698
708.119
708.624
709.122
709.658
710.117
710.695
711.154
711.656
712.12
712.635
713.123
713.69
714.118
714.697
715.121
715.658
716.153
716.621
717.126
717.68
718.118
718.621
719.121
719.67
720.119
720.645
721.123
721.698
722.117
722.624
723.122
723.667
724.119
724.623
725.123
725.666
726.117
726.637
727.119
727.672
728.12
728.633
729.122
729.69
730.117
730.623
731.121
731.669
732.122
732.638
733.123
733.666
734.117
734.623
735.123
735.668
736.142
736.621
737.126
737.665
738.118
738.624
739.121
739.669
740.12
740.686
741.126
741.672
742.12
742.627
743.122
743.699
744.117
744.636
745.159
745.685
746.12
746.693
747.24
747.676
748.222
748.624
749.188
749.682
750.205
750.739
751.121
751.833
752.233
752.698
753.153
753.699
754.264
754.722
755.219
755.747
756.205
756.691
757.18
757.692
758.126
758.627
759.203
759.764
760.237
760.718
761.215
761.761
762.222
762.701
763.127
763.683
764.122
764.661
765.183
765.671
766.118
766.674
767.169
767.719
768.117
768.629
769.274
769.715
770.184
770.715
771.158
771.682
772.119
772.646
773.202
773.717
774.233
774.701
775.24
775.665
776.125
776.665
777.12
777.671
778.126
778.637
779.129
779.664
780.123
780.641
781.119
781.651
782.182
782.746
783.118
783.649
784.125
784.62
785.12
785.663
786.119
786.624
787.117
787.66
788.123
788.627
789.119
789.724
790.116
790.629
791.135
791.675
792.122
792.625
793.168
793.678
794.125
794.635
795.124
795.698
796.118
796.636
797.127
797.671
798.177
798.703
799.153
799.67
800.12
800.62
801.116
801.676
802.123
802.626
803.123
803.671
804.12
804.627
805.116
805.664
806.116
806.622
807.121
807.659
808.122
808.62
809.139
809.751
810.126
810.622
811.13
811.669
812.124
812.633
813.117
813.705
814.196
814.692
815.205
815.707
816.159
816.697
817.145
817.708
818.205
818.65
819.148
819.713
820.203
820.627
821.118
821.733
822.197
822.694
823.122
823.669
824.199
824.745
825.118
825.69
826.166
826.719
827.17
827.729
828.151
828.648
829.121
829.661
830.176
830.721
831.182
831.685
832.19
832.731
833.124
833.679
834.118
834.622
835.126
835.67
836.222
836.644
837.118
837.66
838.122
838.649
839.125
839.669
840.119
840.629
841.123
841.671
842.117
842.622
843.123
843.702
844.12
844.648
845.126
845.646
846.122
846.636
847.12
847.671
848.118
848.631
849.125
849.724
850.193
850.639
851.119
851.661
852.123
852.622
853.124
853.67
854.177
854.633
855.117
855.671
856.187
856.679
857.154
857.75
858.12
858.627
859.183
859.688
860.125
860.715
861.12
861.661
862.169
862.706
863.163
863.738
864.178
864.703
865.159
865.713
866.214
866.664
867.199
867.672
868.122
868.642
869.125
869.656
870.121
870.638
871.117
871.649
872.119
872.665
873.125
873.664
874.125
874.63
875.124
875.679
876.116
876.622
877.128
877.657
878.121
878.624
879.164
879.652
880.117
880.636
881.128
881.649
882.129
882.628
883.122
883.673
884.118
884.633
885.128
885.653
886.119
886.638
887.121
887.658
888.121
888.707
889.119
889.639
890.117
890.755
891.125
891.651
892.119
892.629
893.136
893.65
894.124
894.697
895.119
895.673
896.122
896.661
897.127
897.648
898.12
898.629
899.117
899.665
900.166
900.623
901.159
901.645
902.119
902.652
903.125
903.683
904.124
904.625
905.124
905.658
906.118
906.638
907.126
907.663
908.121
908.625
909.121
909.668
910.146
910.623
911.123
911.718
912.16
912.652
913.123
913.655
914.118
914.684
915.169
915.726
916.118
916.635
917.124
917.651
918.124
918.626
919.119
919.667
920.118
920.635
921.124
921.669
922.124
922.623
923.118
923.654
924.125
924.679
925.121
925.649
926.125
926.641
927.118
927.719
928.124
928.639
929.118
929.669
930.121
930.621
931.128
931.664
932.12
932.64
933.118
933.713
934.121
934.636
935.121
935.684
936.119
936.623
937.125
937.644
938.119
938.695
939.156
939.649
940.117
940.636
941.124
941.65
942.119
942.645
943.125
943.651
944.123
944.64
945.118
945.65
946.125
946.642
947.121
947.641
948.122
948.634
949.119
949.713
950.118
950.621
951.125
951.659
952.124
952.635
953.117
953.672
954.126
954.691
955.123
955.65
956.12
956.638
957.117
957.649
958.168
958.628
959.118
959.666
960.181
960.654
961.174
961.685
962.119
962.631
963.163
963.725
964.207
964.639
965.149
965.787
966.119
966.662
967.117
967.692
968.118
968.732
969.124
969.735
970.12
970.645
971.123
971.736
972.158
972.639
973.123
973.701
974.117
974.626
975.127
975.695
976.129
976.637
977.119
977.696
978.182
978.707
979.122
979.673
980.12
980.699
981.242
981.661
982.12
982.682
983.177
983.801
984.239
984.621
985.124
985.703
986.128
986.63
987.147
987.665
988.122
988.621
989.127
989.664
990.12
990.63
991.119
991.692
992.182
992.624
993.155
993.653
994.118
994.627
995.119
995.671
996.16
996.635
997.127
997.649
998.125
998.63
999.13
999.666
1000.12
1000.63
1001.12
1001.66
1002.12
1002.63
1003.12
1003.67
1004.17
1004.7
1005.14
1005.66
1006.12
1006.63
1007.16
1007.66
1008.12
1008.64
1009.12
1009.65
1010.12
1010.64
1011.13
1011.65
1012.13
1012.65
1013.12
1013.65
1014.13
1014.64
1015.12
1015.65
1016.13
1016.63
1017.12
1017.66
1018.16
1018.63
1019.12
1019.65
1020.12
1020.65
1021.12
1021.67
1022.17
1022.63
1023.12
1023.67
1024.13
1024.63
1025.12
1025.65
1026.13
1026.68
1027.12
1027.71
1028.12
1028.62
1029.12
1029.7
1030.18
1030.64
1031.12
1031.65
1032.13
1032.63
1033.12
1033.66
1034.13
1034.66
1035.13
1035.65
1036.13
1036.64
1037.12
1037.65
1038.12
1038.64
1039.12
1039.67
1040.12
1040.62
1041.12
1041.67
1042.12
1042.62
1043.12
1043.67
1044.15
1044.65
1045.13
1045.65
1046.12
1046.64
1047.12
1047.66
1048.12
1048.65
1049.15
1049.66
1050.12
1050.64
1051.12
1051.65
1052.18
1052.62
1053.12
1053.65
1054.12
1054.64
1055.13
1055.65
1056.12
1056.63
1057.15
1057.66
1058.12
1058.64
1059.13
1059.66
1060.12
1060.65
1061.13
1061.67
1062.12
1062.64
1063.13
1063.68
1064.12
1064.63
1065.12
1065.66
1066.14
1066.62
1067.13
1067.67
1068.16
1068.62
1069.16
1069.66
1070.12
1070.64
1071.13
1071.65
1072.13
1072.65
1073.12
1073.68
1074.12
1074.63
1075.12
1075.75
1076.12
1076.63
1077.2
1077.69
1078.12
1078.64
1079.12
1079.65
1080.13
1080.63
1081.13
1081.67
1082.19
1082.64
1083.12
1083.82
1084.12
1084.64
1085.13
1085.66
1086.18
1086.7
1087.18
1087.72
1088.21
1088.7
1089.18
1089.7
1090.12
1090.63
1091.19
1091.68
1092.12
1092.65
1093.13
1093.65
1094.17
1094.64
1095.13
1095.67
1096.13
1096.62
1097.12
1097.71
1098.13
1098.65
1099.12
1099.65
1100.16
1100.63
1101.12
1101.69
1102.12
1102.63
1103.13
1103.66
1104.13
1104.68
1105.12
1105.68
1106.2
1106.72
1107.13
1107.66
1108.17
1108.63
1109.12
1109.73
1110.12
1110.64
1111.12
1111.68
1112.12
1112.63
1113.12
1113.66
1114.15
1114.65
1115.12
1115.66
1116.17
1116.63
1117.12
1117.67
1118.12
1118.63
1119.13
1119.66
1120.12
1120.63
1121.12
1121.67
1122.12
1122.67
1123.13
1123.67
1124.12
1124.63
1125.13
1125.72
1126.12
1126.63
1127.12
1127.67
1128.15
1128.62
1129.13
1129.66
1130.12
1130.63
1131.12
1131.65
1132.12
1132.65
1133.13
1133.65
1134.12
1134.63
1135.13
1135.67
1136.12
1136.63
1137.13
1137.66
1138.15
1138.68
1139.13
1139.67
1140.17
1140.63
1141.12
1141.67
1142.13
1142.65
1143.15
1143.65
1144.12
1144.64
1145.12
1145.66
1146.13
1146.64
1147.13
1147.72
1148.12
1148.63
1149.12
1149.67
1150.16
1150.65
1151.13
1151.66
1152.16
1152.63
1153.12
1153.66
1154.13
1154.63
1155.12
1155.67
1156.13
1156.62
1157.12
1157.66
1158.13
1158.64
1159.13
1159.72
1160.12
1160.63
1161.13
1161.66
1162.12
1162.64
1163.12
1163.64
1164.13
1164.65
1165.14
1165.65
1166.12
1166.66
1167.13
1167.72
1168.12
1168.62
1169.12
1169.68
1170.12
1170.63
1171.12
1171.67
1172.13
1172.65
1173.13
1173.66
1174.12
1174.62
1175.13
1175.66
1176.19
1176.63
1177.12
1177.65
1178.13
1178.64
1179.13
1179.65
1180.2
1180.66
1181.12
1181.67
1182.15
1182.65
1183.16
1183.71
1184.23
1184.65
1185.12
1185.66
1186.12
1186.68
1187.12
1187.67
1188.13
1188.62
1189.12
1189.67
1190.13
1190.65
1191.13
1191.67
1192.12
1192.62
1193.12
1193.67
1194.13
1194.65
1195.14
1195.67
1196.13
1196.64
1197.13
1197.67
1198.12
1198.63
1199.13
1199.66
1200.15
1200.62
1201.13
1201.7
1202.18
1202.62
1203.12
1203.66
1204.13
1204.64
1205.12
1205.65
1206.12
1206.65
1207.12
1207.64
1208.12
1208.64
1209.13
1209.67
1210.12
1210.62
1211.12
1211.66
1212.19
1212.64
1213.12
1213.65
1214.12
1214.62
1215.19
1215.67
1216.13
1216.62
1217.12
1217.75
1218.13
1218.62
1219.12
1219.65
1220.13
1220.63
1221.12
1221.67
1222.12
1222.66
1223.12
1223.65
1224.12
1224.66
1225.12
1225.67
1226.12
1226.62
1227.13
1227.68
1228.16
1228.65
1229.12
1229.66
1230.13
1230.64
1231.2
1231.68
1232.13
1232.66
1233.12
1233.79
1234.12
1234.64
1235.12
1235.66
1236.13
1236.63
1237.12
1237.69
1238.12
1238.63
1239.12
1239.65
1240.13
1240.63
1241.12
1241.67
1242.12
1242.63
1243.12
1243.67
1244.13
1244.64
1245.12
1245.67
1246.13
1246.63
1247.13
1247.72
1248.12
1248.63
1249.13
1249.67
1250.2
1250.63
1251.13
1251.68
1252.12
1252.62
1253.12
1253.67
1254.12
1254.63
1255.13
1255.77
1256.12
1256.68
1257.16
1257.67
1258.12
1258.64
1259.15
1259.66
1260.12
1260.65
1261.16
1261.66
1262.12
1262.7
1263.12
1263.66
1264.12
1264.65
1265.13
1265.66
1266.12
1266.64
1267.15
1267.66
1268.13
1268.63
1269.13
1269.67
1270.19
1270.63
1271.13
1271.72
1272.13
1272.64
1273.13
1273.66
1274.16
1274.63
1275.12
1275.72
1276.13
1276.62
1277.12
1277.67
1278.18
1278.64
1279.12
1279.66
1280.12
1280.63
1281.13
1281.67
1282.12
1282.62
1283.12
1283.65
1284.12
1284.66
1285.13
1285.67
1286.16
1286.65
1287.12
1287.65
1288.14
1288.64
1289.12
1289.67
1290.13
1290.7
1291.12
1291.72
1292.13
1292.62
1293.19
1293.67
1294.13
1294.69
1295.2
1295.72
1296.21
1296.66
1297.17
1297.72
1298.13
1298.63
1299.19
1299.67
1300.12
1300.71
1301.16
1301.74
1302.22
1302.64
1303.12
1303.7
1304.16
1304.62
1305.12
1305.73
1306.12
1306.64
1307.13
1307.66
1308.12
1308.63
1309.13
1309.67
1310.13
1310.65
1311.12
1311.65
1312.12
1312.63
1313.12
1313.66
1314.13
1314.64
1315.15
1315.74
1316.13
1316.64
1317.12
1317.66
1318.12
1318.63
1319.12
1319.68
1320.12
1320.63
1321.12
1321.67
1322.13
1322.64
1323.12
1323.71
1324.12
1324.63
1325.13
1325.65
1326.12
1326.64
1327.12
1327.72
1328.12
1328.62
1329.12
1329.68
1330.12
1330.63
1331.13
1331.67
1332.12
1332.64
1333.12
1333.65
1334.13
1334.64
1335.12
1335.65
1336.12
1336.63
1337.12
1337.64
1338.12
1338.64
1339.13
1339.63
1340.13
1340.7
1341.12
1341.64
1342.13
1342.64
1343.12
1343.64
1344.13
1344.66
1345.12
1345.67
1346.15
1346.65
1347.12
1347.65
1348.17
1348.64
1349.13
1349.71
1350.12
1350.66
1351.12
1351.64
1352.12
1352.63
1353.12
1353.7
1354.12
1354.65
1355.12
1355.66
1356.13
1356.63
1357.13
1357.66
1358.15
1358.64
1359.12
1359.65
1360.12
1360.64
1361.12
1361.67
1362.16
1362.7
1363.12
1363.65
1364.13
1364.63
1365.12
1365.67
1366.12
1366.64
1367.13
1367.67
1368.13
1368.63
1369.13
1369.66
1370.16
1370.63
1371.13
1371.74
1372.17
1372.64
1373.12
1373.65
1374.12
1374.65
1375.13
1375.67
1376.12
1376.68
1377.12
1377.66
1378.13
1378.63
1379.13
1379.66
1380.12
1380.63
1381.19
1381.71
1382.13
1382.62
1383.12
1383.66
1384.12
1384.64
1385.12
1385.67
1386.12
1386.64
1387.13
1387.65
1388.12
1388.63
1389.12
1389.65
1390.12
1390.64
1391.13
1391.69
1392.13
1392.64
1393.12
1393.65
1394.17
1394.63
1395.12
1395.67
1396.12
1396.63
1397.12
1397.66
1398.12
1398.63
1399.12
1399.65
1400.18
1400.64
1401.12
1401.65
1402.13
1402.62
1403.12
1403.66
1404.12
1404.71
1405.13
1405.64
1406.12
1406.64
1407.12
1407.64
1408.14
1408.69
1409.12
1409.69
1410.12
1410.62
1411.12
1411.65
1412.12
1412.7
1413.12
1413.65
1414.12
1414.62
1415.12
1415.66
1416.12
1416.68
1417.13
1417.66
1418.13
1418.62
1419.12
1419.65
1420.12
1420.63
1421.14
1421.68
1422.12
1422.65
1423.15
1423.66
1424.12
1424.64
1425.13
1425.67
1426.15
1426.62
1427.12
1427.71
1428.12
1428.62
1429.12
1429.76
1430.12
1430.68
1431.2
1431.72
1432.16
1432.63
1433.12
1433.68
1434.16
1434.7
1435.17
1435.7
1436.2
1436.64
1437.15
1437.68
1438.12
1438.62
1439.12
1439.66
1440.12
1440.62
1441.12
1441.67
1442.12
1442.64
1443.13
1443.76
1444.12
1444.62
1445.12
1445.73
1446.19
1446.64
1447.15
1447.67
1448.12
1448.62
1449.12
1449.66
1450.12
1450.64
1451.13
1451.65
1452.12
1452.63
1453.15
1453.65
1454.12
1454.63
1455.12
1455.67
1456.14
1456.62
1457.12
1457.66
1458.12
1458.62
1459.12
1459.66
1460.14
1460.63
1461.13
1461.66
1462.12
1462.62
1463.12
1463.73
1464.12
1464.62
1465.12
1465.64
1466.13
1466.72
1467.12
1467.71
1468.12
1468.68
1469.12
1469.66
1470.12
1470.64
1471.14
1471.65
1472.12
1472.72
1473.12
1473.65
1474.12
1474.7
1475.12
1475.67
1476.12
1476.62
1477.15
1477.67
1478.12
1478.67
1479.12
1479.67
1480.15
1480.63
1481.12
1481.67
1482.12
1482.65
1483.12
1483.74
1484.12
1484.62
1485.13
1485.81
1486.12
1486.64
1487.12
1487.66
1488.12
1488.64
1489.12
1489.65
1490.12
1490.62
1491.12
1491.66
1492.13
1492.62
1493.12
1493.66
1494.12
1494.62
1495.12
1495.65
1496.12
1496.62
1497.12
1497.66
1498.12
1498.63
1499.16
1499.7
1500.16
1500.62
1501.13
1501.65
1502.12
1502.71
1503.12
1503.67
1504.12
1504.63
1505.15
1505.73
1506.12
1506.72
1507.12
1507.66
1508.12
1508.64
1509.12
1509.65
1510.12
