0.000000
0.000000
0.000000
0.000000
0.002000
67.695000
81.851000
102.468000
116.845000
149.432000
173.485000
204.265000
219.236000
224.435000
230.890000
241.772000
256.172000
275.453000
308.814000
352.107000
365.136000
376.396000
384.308000
390.849000
416.645000
480.189000
535.944000
582.400000
605.860000
621.909000
633.348000
643.105000
652.716000
658.188000
678.285000
701.591000
726.064000
758.227000
797.335000
832.899000
860.743000
913.038000
954.845000
978.342000
998.843000
1018.738000
1025.186000
1040.129000
1089.521000
1130.562000
1161.609000
1185.918000
1201.898000
1203.860000
1204.711000
1205.157000
1226.360000
1263.582000
1290.051000
1302.560000
1307.569000
1308.060000
1308.587000
1309.962000
1350.330000
1399.869000
1438.811000
1473.579000
1482.831000
1499.198000
1516.345000
1543.797000
1566.164000
1598.655000
1636.481000
1667.289000
1695.249000
1732.009000
1764.469000
1799.907000
1831.105000
1868.535000
1896.195000
1931.384000
1967.900000
2001.540000
2029.007000
2075.521000
2111.656000
2129.195000
2134.595000
2162.301000
2178.874000
2185.160000
2188.107000
2192.659000
2196.763000
2206.163000
2211.469000
2220.099000
2229.149000
2246.144000
2256.386000
2265.496000
2270.699000
2277.005000
2281.342000
2282.122000
2287.542000
2299.257000
2303.198000
2312.375000
2315.674000
2316.230000
2319.960000
2322.311000
2323.919000
2336.365000
2354.154000
2386.536000
2401.929000
2410.297000
2417.398000
2429.556000
2442.247000
2461.421000
2474.510000
2488.721000
2497.970000
2509.354000
2521.381000
2535.372000
2555.515000
2577.158000
2590.776000
2603.289000
2610.198000
2616.279000
2639.142000
2668.944000
2693.681000
2728.418000
2754.986000
2765.028000
2767.666000
2796.743000
2812.287000
2836.861000
2855.320000
2876.193000
2899.663000
2908.241000
2916.609000
2932.610000
2941.237000
2956.552000
2961.857000
2964.057000
2964.405000
2965.627000
2969.627000
2980.212000
2993.119000
3012.866000
3032.777000
3056.459000
3072.296000
3093.080000
3128.518000
3157.059000
3168.410000
3178.490000
3195.329000
3221.427000
3238.710000
3267.734000
3301.391000
3335.015000
3364.388000
3389.164000
3428.605000
3476.190000
3500.324000
3511.562000
3519.931000
3530.195000
3542.908000
3567.381000
3578.205000
3586.448000
3592.144000
3596.600000
3597.217000
3597.346000
3603.714000
3619.789000
3632.534000
3644.303000
3650.800000
3661.435000
3676.279000
3686.685000
3690.729000
3725.474000
3767.662000
3785.541000
3802.017000
3816.557000
3824.442000
3828.732000
3831.028000
3836.669000
3838.471000
3842.068000
3845.640000
3856.324000
3871.013000
3886.668000
3917.933000
3942.585000
3950.524000
3960.615000
3969.757000
3972.615000
3972.615000
3972.707000
3976.627000
3978.817000
3990.727000
3990.956000
3998.272000
4008.522000
4021.792000
4034.343000
4043.474000
4047.735000
4052.148000
4056.639000
4058.695000
4061.970000
4062.879000
4063.096000
4063.151000
4063.307000
4063.354000
4063.393000
4067.033000
4073.510000
4079.661000
4083.439000
4089.259000
4096.273000
4103.875000
4109.746000
4118.639000
4133.624000
4155.617000
4179.724000
4199.603000
4229.456000
4256.113000
4274.703000
4293.740000
4321.789000
4340.822000
4359.533000
4376.483000
4401.902000
4441.904000
4462.277000
4484.448000
4511.250000
4543.488000
4573.473000
4592.855000
4621.462000
4642.386000
4668.527000
4687.686000
4703.819000
4717.910000
4743.540000
4767.561000
4809.045000
4853.543000
4886.136000
4917.832000
4947.998000
4977.300000
5015.298000
5052.979000
5084.763000
5124.721000
5153.500000
5165.971000
5188.857000
5230.494000
5265.510000
5285.318000
5289.943000
5296.690000
5301.926000
5307.881000
5329.577000
5355.239000
5381.852000
5402.438000
5423.260000
5433.541000
5453.534000
5468.915000
5479.818000
5489.237000
5496.326000
5499.386000
5500.788000
5502.877000
5507.375000
5511.402000
5513.128000
5513.134000
5514.045000
5525.541000
5547.486000
5559.583000
5575.781000
5588.823000
5596.807000
5603.634000
5610.713000
5618.242000
5632.280000
5646.871000
5663.972000
5677.165000
5696.301000
5705.475000
5712.064000
5713.645000
5714.215000
5714.893000
5730.814000
5752.678000
5773.441000
5783.244000
5799.342000
5821.506000
5839.187000
5854.036000
5874.202000
5888.339000
5914.301000
5934.843000
5945.463000
5952.760000
5965.318000
5972.738000
5982.911000
5991.769000
6007.135000
6018.433000
6019.385000
6019.623000
6019.920000
6020.023000
6020.267000
6026.425000
6031.553000
6034.609000
6039.742000
6040.007000
6040.335000
6041.959000
6042.696000
6043.064000
6045.781000
6046.598000
6046.671000
6046.729000
6046.985000
6055.446000
6064.537000
6066.352000
6076.593000
6080.118000
6087.831000
6096.729000
6114.858000
6126.060000
6140.603000
6157.632000
6175.826000
6195.614000
6201.464000
6202.967000
6207.613000
6218.907000
6230.771000
6238.676000
6245.532000
6250.830000
6255.074000
6257.740000
6259.312000
6259.422000
6259.466000
6259.743000
6259.793000
6260.130000
6260.185000
6260.547000
6262.255000
6262.269000
6262.334000
6266.191000
6271.905000
6276.883000
6278.702000
6280.401000
6281.256000
6282.268000
6282.454000
6283.115000
6283.592000
6283.809000
6285.972000
6286.151000
6298.985000
6302.479000
6305.405000
6319.960000
6345.237000
6376.240000
6400.810000
6417.503000
6435.127000
6449.078000
6465.318000
6479.560000
6493.443000
6500.994000
6516.582000
6535.885000
6545.505000
6552.157000
6555.278000
6563.097000
6570.790000
6579.587000
6583.650000
6585.162000
6586.865000
6589.762000
6592.188000
6593.147000
6593.188000
6593.216000
6593.279000
6593.371000
6593.409000
6593.465000
6593.529000
6593.571000
6593.607000
6593.647000
6593.704000
6593.793000
6593.848000
6593.937000
6594.026000
6594.138000
6594.227000
6594.285000
6594.338000
6594.363000
6594.840000
6595.154000
6595.292000
6595.647000
6595.768000
6595.785000
6595.811000
6595.898000
6595.918000
6595.942000
6595.942000
6595.943000
6595.963000
6596.084000
6596.473000
6597.623000
6600.517000
6606.513000
6609.938000
6612.413000
6618.256000
6623.052000
6625.228000
6633.305000
6641.090000
6650.124000
6662.539000
6669.566000
6678.930000
6682.091000
6687.812000
6699.893000
6709.250000
6714.512000
6716.476000
6716.722000
6716.830000
6716.862000
6716.977000
6717.004000
6717.069000
6717.075000
6717.091000
6717.126000
6717.165000
6717.256000
6717.293000
6717.326000
6717.371000
6717.432000
6717.487000
6717.518000
6718.742000
6719.651000
6719.685000
6719.696000
6719.719000
6719.754000
6719.831000
6719.867000
6723.093000
6723.108000
6723.152000
6723.165000
6723.178000
6723.181000
6723.218000
6723.268000
6723.305000
6723.343000
6723.596000
6725.319000
6726.009000
6726.065000
6726.069000
6726.089000
6726.097000
6726.111000
6726.122000
6726.135000
6726.164000
6726.179000
6726.201000
6726.680000
6726.699000
6726.913000
6726.946000
6726.993000
6727.057000
6727.136000
6727.264000
6727.316000
6727.380000
6727.411000
6727.424000
6727.434000
6727.469000
6727.491000
6727.532000
6727.553000
6727.622000
6727.659000
6727.666000
6727.674000
6727.685000
6727.700000
6728.122000
6729.519000
6729.536000
6729.548000
6729.557000
6729.560000
6729.562000
6729.566000
6729.583000
6729.628000
6729.648000
6729.659000
6729.697000
6729.787000
6729.813000
6729.839000
6729.870000
6729.896000
6729.942000
6729.985000
6730.011000
6730.018000
6730.020000
6731.026000
6737.347000
6744.545000
6749.312000
6756.221000
6760.649000
6762.716000
6768.282000
6773.824000
6775.767000
6775.990000
6775.998000
6776.020000
6776.037000
6776.056000
6776.161000
6776.267000
6776.385000
6776.494000
6776.948000
6781.226000
6800.620000
6815.568000
6845.478000
6866.437000
6878.126000
6892.208000
6909.817000
6935.611000
6971.061000
6987.711000
7004.032000
7024.808000
7034.571000
7038.197000
7041.367000
7044.042000
7054.521000
7063.251000
7077.049000
7084.864000
7088.704000
7090.132000
7090.990000
7092.293000
7093.665000
7101.636000
7105.413000
7109.320000
7110.809000
7112.745000
7112.907000
7118.053000
7131.570000
7142.975000
7163.049000
7179.103000
7200.397000
7217.432000
7238.231000
7260.100000
7273.843000
7283.686000
7306.614000
7329.965000
7363.779000
7391.024000
7426.524000
7458.712000
7493.467000
7517.119000
7552.008000
7578.355000
7611.743000
7635.668000
7652.417000
7676.911000
7702.447000
7724.673000
7749.283000
7776.333000
7810.266000
7828.366000
7839.388000
7840.052000
7846.289000
7856.836000
7864.734000
7873.450000
7891.915000
7915.132000
7958.774000
7973.898000
7979.924000
7987.478000
7996.686000
8010.189000
8033.911000
8058.360000
8081.170000
8094.863000
8112.974000
8135.948000
8151.746000
8160.964000
8174.834000
8191.461000
8210.827000
8237.952000
8264.322000
8281.810000
8297.158000
8304.411000
8309.846000
8312.595000
8316.834000
8318.087000
8318.217000
8319.619000
8320.816000
8329.822000
8335.918000
8354.483000
8355.073000
8361.766000
8363.623000
8378.194000
8384.583000
8389.084000
8390.187000
8390.948000
8393.628000
8401.945000
8407.251000
8410.467000
8411.905000
8412.517000
8412.989000
8414.849000
8416.107000
8416.257000
8416.651000
8417.097000
8417.603000
8418.444000
8419.112000
8423.149000
8429.481000
8433.635000
8434.895000
8434.936000
8435.018000
8435.801000
8437.561000
8437.575000
8437.634000
8437.834000
8437.877000
8437.927000
8438.048000
8438.113000
8438.186000
8438.223000
8438.557000
8438.742000
8438.967000
8439.211000
8439.392000
8439.397000
8439.397000
8439.555000
8439.570000
8439.880000
8443.543000
8467.960000
8479.921000
8485.201000
8500.753000
8516.387000
8521.467000
8527.937000
8551.332000
8557.850000
8561.301000
8562.084000
8569.815000
8580.732000
8585.653000
8606.645000
8620.291000
8625.872000
8633.065000
8639.548000
8646.494000
8653.871000
8661.610000
8667.919000
8675.223000
8681.439000
8699.282000
8705.142000
8713.652000
8722.177000
8723.583000
8727.652000
8728.924000
8729.011000
8729.126000
8730.958000
8732.680000
8737.900000
8738.973000
8745.525000
8749.940000
8756.768000
8764.293000
8768.602000
8771.225000
8772.600000
8772.848000
8773.910000
8774.366000
8774.452000
8775.554000
8777.375000
8795.434000
8817.439000
8825.229000
8835.539000
8848.067000
8859.083000
8876.633000
8892.213000
8908.173000
8914.567000
8915.026000
8915.129000
8918.126000
8919.110000
8928.318000
8934.164000
8938.579000
8950.464000
8962.974000
8964.527000
8974.407000
8983.554000
8992.775000
8999.223000
9007.131000
9014.280000
9028.528000
9032.721000
9039.157000
9040.374000
9042.566000
9045.549000
9048.570000
9050.889000
9051.464000
9058.130000
9070.816000
9073.727000
9084.050000
9095.650000
9100.845000
9101.976000
9104.833000
9114.513000
9126.357000
9132.155000
9145.200000
9151.443000
9160.585000
9166.886000
9174.394000
9179.586000
9189.025000
9200.426000
9203.826000
9206.598000
9207.093000
9207.223000
9208.078000
9211.269000
9211.335000
9211.432000
9211.566000
9214.310000
9218.677000
9222.446000
9234.403000
9257.510000
9273.459000
9288.833000
9299.246000
9313.518000
9338.429000
9346.657000
9362.622000
9370.011000
9376.983000
9384.142000
9390.640000
9398.194000
9408.439000
9418.682000
9432.521000
9437.768000
9442.994000
9450.702000
9471.606000
9487.342000
9503.008000
9509.408000
9515.823000
9521.709000
9528.924000
9534.716000
9539.559000
9541.599000
9542.536000
9544.600000
9548.820000
9550.927000
9554.276000
9555.208000
9558.883000
9561.795000
9562.830000
9567.553000
9581.623000
9596.820000
9619.274000
9643.213000
9669.142000
9685.636000
9697.835000
9705.773000
9719.393000
9729.225000
9750.512000
9762.417000
9777.464000
9789.578000
9805.952000
9810.747000
9817.609000
9822.325000
9829.505000
9834.708000
9838.554000
9840.377000
9841.672000
9847.398000
9854.754000
9862.047000
9867.597000
9868.444000
9868.444000
9868.444000
9868.444000
9868.444000
9868.444000
9868.444000
9868.444000
9868.444000
9868.444000
9868.754000
9870.096000
9872.337000
9873.407000
9873.481000
9873.520000
9873.636000
9873.694000
9873.694000
9873.694000
9873.694000
9873.694000
9873.694000
9873.801000
9873.838000
9873.847000
9873.882000
9873.919000
9873.925000
9873.952000
9873.977000
9874.020000
9874.043000
9874.230000
9884.135000
9891.721000
9895.670000
9897.289000
9897.777000
9900.516000
9904.836000
9905.648000
9905.771000
9906.121000
9906.664000
9907.196000
9910.361000
9911.378000
9912.930000
9913.741000
9914.040000
9918.784000
9925.613000
9934.627000
9935.470000
9952.864000
9974.453000
9991.338000
9996.288000
10003.309000
10009.372000
10025.242000
10028.186000
10032.094000
10033.459000
10036.111000
10037.372000
10037.560000
10037.776000
10038.677000
10039.438000
10040.607000
10041.774000
10043.233000
10044.493000
10044.964000
10045.635000
10046.542000
10048.004000
10049.304000
10050.043000
10050.829000
10053.345000
10053.712000
10053.759000
10053.873000
10053.971000
10054.151000
10054.430000
10054.673000
10054.830000
10056.174000
10056.344000
10056.452000
10056.498000
10056.545000
10056.609000
10056.641000
10056.643000
10056.701000
10056.813000
10056.842000
10056.893000
10056.933000
10057.271000
10057.457000
10057.622000
10057.659000
10057.990000
10058.244000
10058.331000
10058.395000
10058.478000
10058.606000
10058.759000
10060.191000
10064.187000
10076.096000
10086.458000
10095.128000
10098.406000
10100.464000
10101.309000
10101.597000
10101.662000
10101.681000
10101.701000
10101.880000
10101.969000
10101.972000
10102.106000
10102.166000
10102.408000
10103.251000
10104.284000
10107.346000
10113.086000
10120.048000
10123.295000
10124.580000
10125.041000
10125.235000
10125.461000
10125.486000
10125.512000
10125.531000
10125.614000
10125.777000
10126.066000
10127.279000
10134.756000
10159.420000
10166.861000
10169.461000
10171.982000
10173.939000
10175.554000
10178.624000
10180.967000
10181.799000
10182.315000
10182.811000
10183.094000
10183.204000
10183.224000
10183.348000
10183.652000
10184.821000
10185.622000
10185.818000
10185.940000
10186.007000
10187.751000
10187.961000
10188.005000
10188.017000
10188.017000
10188.017000
10188.017000
10188.017000
10188.035000
10188.137000
10188.233000
10188.334000
10188.373000
10188.456000
10188.689000
10188.796000
10188.877000
10188.999000
10189.063000
10189.299000
10189.539000
10189.651000
10190.063000
10190.322000
10190.567000
10190.567000
10190.567000
10190.629000
10190.755000
10190.960000
10191.178000
10191.374000
10196.250000
10203.190000
10205.597000
10208.950000
10213.534000
10215.965000
10217.721000
10218.361000
10218.450000
10218.644000
10218.708000
10218.781000
10218.812000
10218.826000
10218.849000
10218.887000
10219.336000
10219.812000
10220.724000
10220.837000
10220.953000
10221.175000
10221.420000
10222.025000
10222.057000
10222.096000
10222.157000
10222.173000
10222.539000
10224.535000
10225.012000
10225.446000
10225.856000
10225.978000
10226.073000
10226.439000
10228.408000
10229.612000
10230.129000
10230.141000
10230.176000
10230.238000
10230.366000
10230.482000
10230.494000
10230.508000
10230.525000
10230.544000
10230.616000
10230.678000
10230.706000
10231.401000
10233.851000
10235.212000
10235.833000
10236.227000
10236.344000
10236.406000
10236.677000
10236.732000
10236.748000
10237.217000
10239.187000
10242.073000
10243.971000
10244.310000
10244.444000
10244.490000
10244.500000
10244.503000
10244.533000
10245.014000
10245.304000
10245.365000
10245.368000
10245.409000
10245.413000
10245.431000
10245.435000
10245.436000
10245.483000
10245.484000
10245.490000
10245.510000
10245.517000
10245.552000
10245.561000
10245.617000
10245.637000
10245.653000
10245.722000
10245.907000
10245.928000
10246.080000
10248.104000
10248.137000
10248.144000
10248.170000
10248.196000
10248.209000
10248.212000
10248.217000
10248.259000
10248.308000
10248.371000
10248.406000
10248.425000
10248.461000
10248.467000
10248.496000
10248.517000
10248.539000
10248.561000
10248.588000
10248.617000
10248.639000
10248.681000
10248.719000
10248.740000
10248.760000
10248.764000
10248.778000
10250.876000
10261.280000
10265.409000
10271.754000
10272.684000
10273.551000
10273.995000
10278.149000
10278.216000
10278.228000
10278.231000
10278.237000
10278.244000
10278.249000
10278.254000
10278.258000
10278.278000
10278.303000
10278.325000
10278.328000
10278.346000
10278.364000
10278.368000
10278.407000
10278.563000
10278.664000
10278.783000
10278.961000
10279.013000
10279.054000
10279.088000
10279.088000
10279.088000
10279.088000
10279.090000
10279.090000
10279.090000
10279.090000
10279.090000
10279.090000
10279.090000
10280.366000
10287.808000
10291.745000
10293.509000
10313.925000
10318.672000
10320.452000
10322.576000
10323.683000
10324.408000
10324.599000
10324.657000
10324.657000
10324.671000
10324.750000
10325.394000
10326.890000
10327.305000
10327.333000
10327.333000
10327.505000
10327.603000
10328.490000
10332.291000
10343.576000
10362.890000
10386.455000
10402.454000
10409.624000
10416.621000
10431.529000
10434.735000
10435.364000
10435.797000
10436.748000
10439.699000
10446.080000
10451.324000
10460.735000
10478.584000
10493.546000
10505.225000
10513.603000
10519.128000
10528.459000
10539.008000
10553.820000
10568.361000
10586.154000
10602.307000
10614.137000
10630.492000
10632.808000
10633.144000
10633.916000
10634.315000
10635.771000
10639.970000
10641.866000
10642.455000
10644.953000
10645.181000
10645.351000
10645.737000
10646.414000
10647.307000
10650.335000
10654.343000
10654.954000
10655.015000
10655.051000
10659.093000
10664.708000
10668.539000
10674.732000
10679.910000
10682.907000
10683.410000
10683.469000
10683.475000
10683.479000
10683.491000
10683.521000
10684.027000
10685.268000
10685.779000
10685.860000
10687.977000
10688.286000
10688.390000
10688.410000
10688.412000
10688.412000
10688.417000
10688.418000
10688.418000
10688.418000
10688.418000
10688.458000
10688.489000
10688.510000
10688.567000
10688.611000
10688.653000
10688.690000
10688.696000
10688.698000
10688.708000
10688.708000
10688.708000
10688.708000
10688.723000
10688.751000
10688.763000
10688.784000
10688.796000
10688.801000
10688.804000
10688.810000
10688.811000
10688.814000
10688.815000
10688.816000
10688.823000
10688.834000
10688.840000
10688.886000
10688.910000
10688.910000
10688.910000
10688.910000
10688.913000
10688.964000
10689.005000
10689.044000
10689.049000
10689.049000
10689.068000
10689.073000
10689.073000
10689.074000
10689.074000
10689.076000
10689.080000
10689.080000
10689.080000
10689.080000
10689.080000
10689.080000
10689.080000
10689.080000
10689.080000
10689.080000
10689.080000
10689.080000
10689.080000
10689.085000
10689.109000
10689.194000
10689.856000
10690.129000
10690.166000
10690.311000
10690.424000
10692.540000
10696.793000
10698.320000
10701.334000
10717.401000
10731.653000
10746.365000
10753.959000
10765.257000
10772.764000
10772.764000
10772.764000
10772.764000
10772.764000
10772.764000
10772.764000
10772.764000
10772.764000
10772.764000
10772.764000
10772.764000
10774.217000
10778.569000
10779.499000
10779.727000
10779.846000
10780.140000
10780.159000
10780.159000
10780.159000
10780.159000
10780.159000
10780.217000
10780.258000
10780.835000
10781.018000
10781.089000
10781.131000
10782.063000
10782.362000
10782.432000
10782.449000
10782.484000
10782.620000
10782.627000
10782.645000
10782.645000
10782.645000
10782.645000
10782.652000
10782.662000
10782.669000
10782.692000
10782.718000
10782.885000
10783.621000
10783.663000
10783.722000
10783.826000
10783.852000
10784.637000
10793.351000
10797.449000
10798.129000
10798.528000
10806.659000
10813.001000
10817.175000
10823.221000
10830.470000
10838.429000
10842.950000
10846.779000
10851.444000
10856.983000
10864.468000
10871.902000
10877.418000
10884.697000
10891.668000
10897.904000
10898.809000
10902.763000
10911.178000
10911.994000
10912.136000
10912.380000
10912.491000
10912.680000
10912.726000
10912.752000
10912.882000
10913.016000
10913.521000
10915.436000
10915.893000
10916.433000
10916.737000
10917.065000
10917.166000
10918.343000
10918.479000
10918.520000
10918.533000
10918.548000
10923.329000
10930.810000
10931.474000
10931.597000
10932.782000
10934.005000
10936.329000
10938.643000
10939.529000
10939.574000
10939.784000
10939.984000
10940.003000
10940.073000
10940.082000
10940.122000
10940.151000
10940.178000
10940.195000
10940.202000
10940.215000
10940.268000
10940.318000
10940.342000
10940.369000
10940.424000
10940.464000
10940.493000
10940.515000
10940.536000
10940.536000
10940.536000
10940.536000
10940.536000
10940.536000
10940.536000
10940.536000
10940.536000
10940.536000
10940.536000
10940.536000
10940.557000
10940.647000
10940.705000
10940.813000
10941.003000
10941.150000
10941.304000
10941.444000
10941.512000
10941.971000
10942.548000
10942.782000
10943.010000
10943.068000
10943.068000
10943.068000
10943.068000
10943.112000
10943.329000
10943.473000
10943.507000
10943.556000
10944.463000
10944.530000
10944.534000
10944.548000
10944.557000
10944.651000
10944.734000
10944.797000
10945.178000
10945.247000
10945.292000
10945.333000
10945.475000
10945.719000
10948.885000
10950.777000
10952.326000
10952.771000
10953.823000
10954.118000
10955.397000
10956.741000
10957.380000
10957.509000
10957.752000
10958.054000
10958.438000
10958.442000
10958.532000
10958.663000
10958.888000
10959.377000
10959.627000
10959.703000
10960.094000
10961.215000
10961.454000
10961.468000
10961.514000
10961.571000
10961.619000
10961.619000
10961.620000
10961.653000
10961.692000
10961.706000
10961.712000
10961.737000
10961.783000
10961.809000
10961.820000
10961.859000
10961.859000
10961.860000
10961.869000
10962.265000
10964.232000
10964.542000
10964.976000
10965.911000
10967.158000
10967.656000
10967.762000
10967.762000
10967.762000
10967.762000
10967.762000
10967.762000
10967.762000
10967.762000
10967.762000
10967.762000
10967.881000
10967.985000
10968.127000
10968.217000
10968.308000
10968.336000
10968.362000
10968.426000
10968.557000
10968.576000
10968.595000
10968.601000
10968.636000
10968.641000
10968.642000
10968.643000
10968.644000
10968.644000
10968.644000
10968.648000
10968.657000
10968.682000
10968.708000
10968.721000
10968.733000
10968.754000
10968.774000
10968.779000
10968.789000
10968.898000
10969.001000
10969.079000
10969.198000
10969.770000
10970.550000
10970.604000
10970.685000
10970.789000
10970.911000
10971.337000
10971.561000
10971.620000
10971.654000
10971.664000
10971.689000
10971.698000
10971.737000
10971.773000
10971.787000
10972.294000
10972.642000
10972.700000
10972.713000
10972.744000
10972.804000
10972.827000
10972.837000
10972.837000
10972.841000
10972.846000
10972.863000
10972.872000
10972.874000
10972.883000
10972.883000
10972.883000
10972.883000
10972.883000
10972.888000
10972.926000
10972.969000
10972.975000
10972.997000
10973.009000
10973.009000
10973.010000
10973.019000
10973.042000
10973.532000
10974.198000
10974.343000
10974.435000
10974.675000
10974.688000
10974.698000
10974.709000
10974.760000
10974.782000
10974.801000
10974.830000
10974.881000
10974.908000
10974.953000
10974.992000
10975.030000
10975.102000
10975.169000
10975.245000
10975.350000
10975.350000
10975.384000
10975.435000
10975.511000
10975.516000
10975.518000
10975.518000
10975.518000
10975.526000
10975.541000
10975.554000
10975.554000
10975.556000
10975.602000
10975.641000
10975.662000
10975.678000
10975.736000
10975.746000
10975.747000
10975.747000
10975.749000
10975.749000
10975.749000
10975.750000
10975.765000
10975.778000
10975.781000
10975.784000
10975.792000
10975.800000
10975.809000
10975.812000
10975.816000
10975.817000
10975.817000
10975.817000
10975.817000
10975.817000
10975.817000
10975.831000
10975.845000
10975.869000
10975.877000
10975.912000
10975.944000
10975.962000
10976.038000
10976.071000
10976.083000
10976.083000
10976.095000
10976.116000
10976.154000
10976.206000
10976.249000
10976.326000
10976.353000
10976.387000
10976.400000
10976.403000
10976.415000
10976.419000
10976.876000
10987.479000
10990.168000
10991.200000
10991.273000
10991.293000
10991.295000
10991.299000
10991.308000
10991.324000
10991.331000
10991.337000
10991.347000
10991.347000
10991.347000
10991.348000
10991.362000
10991.377000
10991.545000
10991.606000
10991.654000
10991.747000
10991.861000
10991.935000
10991.944000
10991.973000
10991.973000
10991.983000
10992.096000
10992.362000
10992.374000
10992.393000
10992.405000
10992.412000
10992.549000
10992.680000
10995.093000
10995.412000
10995.507000
10995.525000
10995.525000
10995.525000
10995.543000
10995.573000
10995.593000
10995.712000
10996.032000
10996.163000
10996.487000
10996.550000
10996.639000
10996.712000
10996.830000
10997.032000
10997.096000
10997.107000
10997.180000
10997.215000
10997.269000
10997.346000
10997.426000
10997.487000
10997.592000
10997.632000
10997.709000
10997.798000
10997.879000
10998.016000
10998.111000
10998.136000
10998.178000
10998.193000
10998.214000
10998.250000
10998.289000
10998.309000
10998.321000
10998.436000
10998.439000
10998.457000
10998.501000
10998.556000
10998.666000
10998.759000
10998.850000
10999.168000
10999.210000
10999.460000
10999.626000
10999.740000
10999.777000
10999.803000
11003.321000
11006.638000
11007.071000
11007.173000
11007.198000
11007.224000
11007.226000
11007.227000
11007.231000
11007.286000
11007.367000
11007.369000
11007.375000
11007.375000
11007.377000
11007.383000
11007.414000
11007.431000
11007.440000
11007.445000
11007.447000
11007.449000
11007.476000
11007.528000
11007.543000
11007.564000
11007.573000
11007.596000
11007.612000
11007.620000
11007.672000
11007.703000
11007.800000
11007.826000
11007.829000
11007.837000
11007.868000
11007.874000
11007.979000
11007.979000
11007.979000
11007.979000
11007.980000
11007.985000
11007.985000
11007.985000
11007.985000
11007.996000
11008.019000
11008.062000
11008.174000
11008.291000
11008.518000
11008.584000
11008.614000
11008.632000
11008.639000
11008.641000
11008.641000
11008.644000
11008.653000
11008.658000
11008.658000
11008.661000
11008.663000
11008.663000
11008.667000
11008.667000
11008.689000
11008.719000
11008.734000
11008.735000
11008.740000
11008.755000
11008.772000
11008.810000
11008.822000
11008.825000
11008.845000
11008.944000
11009.025000
11009.045000
11009.382000
11009.385000
11009.386000
11009.386000
11009.392000
11009.392000
11009.392000
11009.393000
11009.393000
11009.393000
11009.408000
11009.415000
11009.428000
11009.530000
11009.571000
11009.610000
11009.633000
11009.683000
11009.710000
11009.731000
11009.741000
11009.748000
11009.750000
11009.753000
11009.764000
11009.775000
11009.784000
11009.856000
11009.902000
11009.949000
11009.971000
11009.973000
11009.973000
11009.974000
11009.982000
11010.019000
11010.075000
11010.103000
11010.139000
11010.146000
11010.161000
11010.175000
11010.196000
11010.216000
11010.272000
11010.348000
11010.400000
11010.471000
11010.497000
11010.498000
11010.501000
11010.518000
11010.530000
11010.533000
11010.574000
11010.583000
11010.587000
11010.590000
11010.592000
11010.596000
11010.610000
11010.613000
11010.617000
11010.631000
11010.631000
11010.631000
11010.631000
11010.634000
11010.648000
11010.655000
11010.655000
11010.655000
11010.658000
11010.661000
11010.662000
11010.662000
11010.662000
11010.662000
11010.666000
11010.669000
11010.675000
11010.678000
11010.695000
11010.707000
11010.718000
11010.725000
11010.799000
11010.841000
11010.842000
11010.847000
11010.853000
11010.864000
11010.864000
11010.864000
11010.865000
11010.865000
11010.865000
11010.865000
11010.866000
11010.871000
11010.871000
11010.882000
11010.896000
11010.913000
11010.936000
11010.936000
11010.936000
11010.936000
11010.936000
11010.936000
11011.006000
11011.117000
11011.139000
11011.140000
11011.141000
11011.141000
11011.147000
11011.161000
11011.161000
11011.161000
11011.161000
11011.161000
11011.161000
11011.161000
11011.171000
11011.222000
11011.281000
11011.294000
11011.300000
11011.302000
11011.320000
11011.333000
11011.337000
11011.351000
11011.354000
11011.354000
11011.358000
11011.399000
11011.415000
11011.421000
11011.466000
11011.516000
11011.560000
11011.591000
11011.648000
11011.685000
11011.706000
11011.755000
11011.777000
11011.802000
11011.813000
11011.813000
11011.813000
11011.823000
11011.826000
11011.831000
11011.882000
11011.884000
11011.885000
11011.888000
11011.912000
11011.934000
11012.029000
11012.132000
11012.166000
11012.185000
11012.249000
11012.354000
11012.367000
11012.369000
11012.377000
11012.379000
11012.380000
11012.380000
11012.385000
11012.389000
11012.434000
11012.446000
11012.448000
11012.449000
11012.450000
11012.453000
11012.453000
11012.484000
11012.502000
11012.502000
11012.509000
11012.511000
11012.520000
11012.520000
11012.546000
11012.559000
11012.588000
11012.599000
11012.614000
11012.634000
11012.682000
11012.689000
11012.700000
11012.705000
11012.705000
11012.705000
11012.705000
11012.705000
11012.705000
11012.710000
11012.721000
11012.964000
11012.972000
11013.057000
11013.104000
11013.164000
11013.212000
11013.238000
11013.247000
11013.247000
11013.263000
11013.290000
11013.294000
11013.294000
11013.312000
11013.314000
11013.321000
11013.333000
11013.361000
11013.361000
11013.372000
11013.385000
11013.446000
11013.461000
11013.489000
11013.572000
11013.757000
11013.843000
11013.868000
11013.869000
11013.893000
11013.905000
11013.927000
11013.940000
11013.941000
11013.941000
11013.957000
11013.977000
11013.979000
11013.979000
11013.988000
11013.999000
11014.015000
11014.044000
11014.062000
11014.086000
11014.092000
11014.094000
11014.129000
11014.137000
11014.143000
11014.177000
11014.243000
11014.351000
11014.365000
11014.369000
11014.390000
11014.393000
11014.393000
11014.393000
11014.394000
11014.402000
11014.417000
11014.426000
11014.428000
11014.432000
11014.440000
11014.482000
11014.502000
11014.507000
11014.513000
11014.515000
11014.524000
11014.544000
11014.548000
11014.562000
11014.568000
11014.571000
11014.571000
11014.579000
11014.617000
11014.620000
11014.622000
11014.634000
11014.648000
11014.656000
11014.701000
11014.774000
11014.827000
11014.868000
11014.961000
11015.182000
11015.466000
11015.720000
11015.926000
11016.055000
11016.084000
11016.097000
11016.111000
11016.126000
11016.129000
11016.132000
11016.133000
11016.133000
11016.138000
11016.144000
11016.149000
11016.164000
11016.189000
11016.198000
11016.209000
11016.235000
11016.248000
11016.255000
11016.260000
11016.263000
11016.276000
11016.283000
11016.289000
11016.289000
11016.289000
11016.289000
11016.289000
11016.289000
11016.289000
11016.289000
11016.289000
11016.289000
11016.292000
11016.297000
11016.305000
11016.313000
11016.314000
11016.327000
11016.335000
11016.337000
11016.352000
11016.352000
11016.353000
11016.353000
11016.356000
11016.367000
11016.390000
11016.398000
11016.407000
11016.414000
11016.423000
11016.428000
11016.441000
11016.444000
11016.515000
11016.535000
11016.543000
11016.564000
11016.566000
11016.566000
11016.566000
11016.575000
11016.577000
11016.593000
11016.603000
11016.610000
11016.614000
11016.623000
11016.625000
11016.625000
11016.634000
11016.643000
11016.649000
11016.651000
11016.662000
11016.671000
11016.682000
11016.682000
11016.735000
11016.766000
11016.766000
11016.770000
11016.782000
11016.797000
11016.822000
11016.839000
11016.849000
11016.853000
11016.868000
11016.882000
11016.885000
11016.899000
11017.065000
11017.119000
11017.191000
11017.229000
11017.246000
11017.255000
11017.262000
11017.371000
11017.424000
11017.476000
11017.496000
11017.505000
11017.532000
11017.541000
11017.551000
11017.553000
11017.554000
11017.558000
11017.571000
11017.578000
11017.585000
11017.603000
11017.622000
11017.625000
11017.632000
11017.633000
11017.633000
11017.635000
11017.635000
11017.635000
11017.646000
11017.659000
11017.662000
11017.665000
11017.672000
11017.673000
11017.674000
11017.674000
11017.683000
11017.700000
11017.724000
11017.736000
11017.781000
11017.855000
11017.893000
11017.940000
11017.976000
11018.006000
11018.041000
11018.053000
11018.065000
11018.081000
11018.084000
11018.093000
11018.095000
11018.096000
11018.101000
11018.106000
11018.112000
11018.132000
11018.174000
11018.205000
11018.263000
11018.266000
11018.266000
11018.269000
11018.271000
11018.355000
11018.417000
11018.495000
11018.496000
11018.496000
11018.500000
11018.503000
11018.505000
11018.510000
11018.521000
11018.586000
11018.616000
11018.632000
11018.679000
11018.704000
11018.704000
11018.708000
11018.713000
11018.728000
11018.744000
11018.761000
11018.782000
11018.789000
11018.791000
11018.791000
11018.799000
11018.802000
11018.802000
11018.802000
11018.802000
11018.819000
11018.856000
11018.881000
11018.881000
11018.889000
11018.897000
11018.912000
11018.930000
11018.934000
11018.935000
11018.935000
11018.936000
11018.940000
11018.953000
11018.989000
11018.990000
11019.289000
11019.298000
11019.314000
11019.332000
11019.336000
11019.352000
11019.421000
11019.447000
11019.691000
11019.760000
11019.834000
11019.880000
11019.927000
11019.932000
11019.932000
11019.932000
11019.932000
11019.932000
11019.932000
11019.937000
11020.029000
11020.043000
11020.046000
11020.046000
11020.047000
11020.099000
11020.123000
11020.197000
11020.226000
11020.253000
11020.266000
11020.275000
11020.320000
11020.333000
11020.358000
11020.375000
11020.398000
11020.458000
11020.463000
11020.468000
11020.488000
11020.508000
11020.518000
11020.524000
11020.524000
11020.531000
11020.535000
11020.535000
11020.537000
11020.540000
11020.544000
11020.558000
11020.565000
11020.571000
11020.572000
11020.575000
11020.578000
11020.581000
11020.582000
11020.583000
11020.592000
11020.671000
11021.137000
11021.520000
11022.407000
11023.930000
11025.296000
11025.453000
11025.453000
11025.453000
11025.454000
11025.458000
11025.462000
11025.462000
11025.465000
11025.471000
11025.472000
11025.479000
11025.479000
11025.486000
11025.493000
11025.494000
11025.494000
11025.494000
11025.494000
11025.494000
11025.510000
11025.535000
11025.538000
11025.538000
11025.541000
11025.541000
11025.541000
11025.559000
11025.774000
11025.989000
11026.209000
11026.333000
11026.364000
11026.382000
11026.387000
11026.444000
11026.632000
11027.901000
11028.564000
11029.228000
11029.365000
11029.814000
11030.236000
11030.240000
11030.240000
11030.242000
11030.242000
11030.242000
11030.242000
11030.258000
11030.284000
11030.317000
11030.430000
11030.448000
11030.449000
11030.452000
11030.458000
11030.462000
11030.471000
11030.484000
11030.489000
11030.489000
11030.489000
11030.489000
11030.492000
11030.492000
11030.492000
11030.492000
11030.501000
11030.516000
11030.517000
11030.518000
11030.531000
11030.542000
11030.553000
11030.573000
11030.586000
11030.593000
11030.596000
11030.622000
11030.636000
11030.642000
11030.644000
11030.656000
11030.667000
11030.682000
11030.714000
11030.716000
11030.718000
11030.728000
11030.735000
11030.739000
11030.739000
11030.739000
11030.742000
11030.745000
11030.746000
11030.749000
11030.760000
11030.762000
11030.762000
11030.762000
11030.763000
11030.766000
11030.766000
11030.766000
11030.766000
11030.774000
11030.782000
11030.784000
11030.785000
11030.788000
11030.800000
11030.802000
11030.804000
11030.805000
11030.805000
11030.805000
11030.833000
11030.856000
11030.881000
11030.926000
11030.936000
11030.941000
11030.941000
11030.949000
11031.001000
11031.283000
11031.719000
11031.767000
11031.771000
11031.774000
11031.774000
11031.788000
11031.849000
11032.025000
11032.071000
11032.075000
11032.075000
11032.075000
11032.091000
11032.097000
11032.099000
11032.099000
11032.111000
11032.114000
11032.114000
11032.116000
11032.125000
11032.133000
11032.136000
11032.136000
11032.136000
11032.136000
11032.137000
11032.139000
11032.158000
11032.170000
11032.170000
11032.171000
11032.173000
11032.183000
11032.191000
11032.191000
11032.193000
11032.199000
11032.223000
11032.224000
11032.236000
11032.262000
11032.267000
11032.273000
11032.273000
11032.275000
11032.275000
11032.279000
11032.283000
11032.284000
11032.378000
11032.481000
11032.510000
11032.517000
11032.517000
11032.517000
11032.517000
11032.517000
11032.517000
11032.517000
11032.517000
11032.517000
11032.517000
11032.517000
11032.517000
11032.517000
11032.517000
11032.517000
11032.551000
11032.565000
11032.575000
11032.614000
11032.634000
11032.701000
11032.720000
11032.726000
11032.751000
11032.782000
11032.788000
11032.811000
11032.825000
11032.831000
11032.841000
11032.878000
11032.899000
11032.903000
11032.909000
11032.909000
11032.913000
11032.914000
11032.947000
11032.963000
11032.990000
11033.008000
11033.029000
11033.066000
11033.081000
11033.099000
11033.122000
11033.156000
11033.191000
11033.208000
11033.280000
11033.280000
11033.312000
11033.337000
11033.398000
11033.435000
11033.475000
11033.511000
11033.581000
11033.629000
11033.635000
11033.649000
11033.685000
11033.844000
11033.988000
11034.102000
11034.172000
11034.239000
11034.239000
11034.239000
11034.239000
11034.256000
11034.268000
11034.286000
11034.294000
11034.296000
11037.818000
11050.020000
11052.463000
11056.585000
11059.317000
11067.584000
11069.796000
11072.177000
11074.410000
11074.891000
11075.431000
11076.121000
11076.368000
11076.470000
11076.556000
11076.622000
11076.693000
11076.862000
11077.004000
11078.309000
11078.350000
11084.360000
11087.241000
11091.625000
11094.127000
11096.810000
11098.001000
11098.150000
11098.230000
11098.298000
11098.358000
11098.379000
11100.498000
11100.983000
11100.999000
11101.232000
11101.300000
11101.328000
11101.361000
11101.444000
11102.195000
11102.584000
11102.599000
11102.616000
11102.632000
11102.674000
11102.699000
11102.790000
11102.864000
11102.908000
11103.031000
11103.087000
11103.165000
11103.202000
11103.213000
11103.258000
11105.258000
11106.024000
11106.058000
11106.088000
11106.093000
11106.097000
11106.113000
11106.239000
11106.249000
11106.381000
11106.489000
11106.602000
11106.614000
11106.624000
11106.640000
11106.676000
11106.750000
11106.794000
11106.826000
11106.868000
11106.923000
11106.932000
11106.936000
11106.950000
11106.985000
11107.004000
11107.016000
11107.041000
11107.057000
11107.096000
11107.134000
11107.142000
11107.144000
11107.149000
11107.158000
11107.172000
11107.179000
11107.201000
11107.223000
11107.309000
11107.347000
11107.383000
11107.441000
11107.531000
11107.587000
11107.632000
11107.664000
11107.685000
11107.708000
11107.714000
11107.732000
11107.998000
11108.088000
11108.093000
11108.364000
11108.381000
11108.404000
11108.433000
11108.442000
11108.461000
11108.508000
11108.513000
11108.514000
11108.542000
11108.645000
