0.011779
0.008609
0.006693
0.006693
0.006616
0.006698
0.008518
0.005674
0.004444
0.014781
0.012218
0.007365
0.007258
0.010738
0.007972
0.011808
0.010421
0.013223
0.020191
0.021579
0.014256
0.015825
0.014561
0.018523
0.006350
0.006417
0.011320
0.006828
0.012996
0.011828
0.011086
0.012979
0.007395
0.010293
0.013234
0.010395
0.011870
0.007523
0.005831
0.009405
0.008128
0.005137
0.004068
0.002936
0.004282
0.004495
0.010303
0.007727
0.006905
0.004293
0.011554
0.006624
0.008646
0.007582
0.011033
0.010480
0.009220
0.012981
0.009618
0.008136
0.005037
0.003519
0.002667
0.004315
0.005703
0.006227
0.004158
0.004235
0.005758
0.004557
0.012006
0.011451
0.018671
0.015246
0.022553
0.016498
0.014740
0.014552
0.012511
0.009795
0.009146
0.010589
0.011470
0.008154
0.008059
0.019995
0.012688
0.014248
0.013902
0.015373
0.017689
0.016142
0.017232
0.018704
0.021042
0.014479
0.019781
0.016696
0.013552
0.011060
0.007457
0.013370
0.011128
0.011629
0.014516
0.012658
0.010093
0.011167
0.011413
0.012174
0.012695
0.011524
0.010968
0.016228
0.014566
0.013823
0.008655
0.014266
0.020198
0.022169
0.016534
0.015361
0.018756
0.018500
0.023277
0.023460
0.022940
0.021162
0.013592
0.011081
0.015045
0.011358
0.010275
0.011525
0.012949
0.011964
0.011921
0.008106
0.008596
0.009886
0.007594
0.008327
0.003553
0.007354
0.008845
0.012813
0.006014
0.008191
0.011133
0.005789
0.005863
0.009470
0.006073
0.008988
0.006123
0.010947
0.010068
0.008141
0.007597
0.009803
0.006503
0.011436
0.024471
0.015085
0.013561
0.014871
0.011363
0.011081
0.009485
0.015969
0.011032
0.012863
0.009078
0.012613
0.015922
0.019068
0.017264
0.017069
0.023088
0.016688
0.010278
0.007066
0.007345
0.005496
0.007084
0.010410
0.012237
0.016219
0.020286
0.023361
0.020997
0.013066
0.012975
0.009202
0.006514
0.008795
0.010407
0.010815
0.012125
0.008128
0.011824
0.012599
0.009344
0.013507
0.009332
0.010049
0.011961
0.009024
0.007972
0.006646
0.007415
0.006973
0.007307
0.009190
0.008716
0.009487
0.009051
0.008549
0.010749
0.006082
0.007876
0.016504
0.013531
0.007898
0.009341
0.009486
0.011463
0.016973
0.015499
0.017877
0.016386
0.019299
0.014182
0.011497
0.010506
0.013930
0.015350
0.009968
0.013455
0.009553
0.015001
0.014707
0.014306
0.018492
0.019058
0.014653
0.018957
0.018791
0.013297
0.012507
0.014436
0.010552
0.009257
0.006731
0.014047
0.014901
0.016080
0.025413
0.021290
0.017157
0.017527
0.015417
0.017748
0.019269
0.021199
0.017839
0.009701
0.012719
0.010075
0.009027
0.013469
0.013571
0.010723
0.010475
0.010832
0.022238
0.017291
0.010093
0.009759
0.009248
0.009264
0.018684
0.014609
0.009407
0.009987
0.012788
0.007349
0.007060
0.007594
0.009215
0.008789
0.009269
0.007692
0.008804
0.007283
0.011315
0.009271
0.006794
0.011571
0.011710
0.012339
0.009744
0.008831
0.007331
0.009209
0.008410
0.010603
0.010864
0.017311
0.016811
0.017035
0.009854
0.015994
0.012097
0.013401
0.015181
0.013916
0.009549
0.006097
0.012729
0.021065
0.012294
0.018029
0.017485
0.011626
0.015092
0.007162
0.006152
0.015138
0.012899
0.020109
0.018587
0.014693
0.012295
0.021207
0.018803
0.028367
0.016792
0.021641
0.022270
0.013472
0.024837
0.029552
0.019274
0.017822
0.020192
0.026053
0.026255
0.020957
0.020271
0.026422
0.018837
0.018625
0.016300
0.020551
0.014231
0.024243
0.024228
0.020058
0.025052
0.021164
0.017742
0.027824
0.020020
0.011325
0.010546
0.009289
0.007385
0.012662
0.013720
0.009142
0.003989
0.008762
0.007313
0.006650
0.006642
0.013150
0.005877
0.006056
0.005118
0.009129
0.009151
0.010442
0.008260
0.007002
0.009982
0.016572
0.019525
0.016151
0.014518
0.018068
0.014764
0.014980
0.010637
0.014296
0.018734
0.018200
0.009578
0.010361
0.013432
0.012799
0.012100
0.013947
0.008889
0.005347
0.008611
0.011540
0.009283
0.007838
0.005664
0.005731
0.007159
0.007834
0.007517
0.007875
0.010921
0.008618
0.012185
0.013299
0.013079
0.009820
0.012420
0.022429
0.015543
0.013492
0.008223
0.014481
0.015240
0.011636
0.021785
0.019602
0.012520
0.012917
0.011580
0.013230
0.011627
0.014236
0.011520
0.006859
0.005860
0.013901
0.015717
0.011135
0.010880
0.012561
0.010018
0.010303
0.015586
0.014432
0.015221
0.010170
0.009124
0.011052
0.011074
0.009924
0.013064
0.008865
0.011202
0.011833
0.010971
0.011742
0.010934
0.016490
0.017809
0.019179
0.015998
0.014016
0.010771
0.005518
0.007365
0.008500
0.017059
0.024142
0.016690
0.015284
0.012125
0.012891
0.010041
0.008265
0.009536
0.008348
0.014883
0.013796
0.014479
0.011404
0.009650
0.014013
0.013400
0.007097
0.017168
0.011741
0.008812
0.013662
0.010925
0.009759
0.017351
0.014906
0.007820
0.008016
0.017366
0.016117
0.015812
0.014290
0.006298
0.008186
0.010918
0.009783
0.005087
0.005009
0.002551
0.004309
0.008559
0.004442
0.004407
0.012462
0.027367
0.025688
0.014486
0.009106
0.004902
0.003374
0.007604
0.008879
0.009115
0.008359
0.019443
0.013952
0.019793
0.011611
0.010506
0.006714
0.005240
0.007188
0.013764
0.019300
0.025942
0.019380
0.022065
0.017739
0.016048
0.011403
0.004143
0.002925
0.005486
0.005121
0.003110
0.018282
0.015768
0.014858
0.012744
0.013092
0.012612
0.012472
0.023675
0.018604
0.012904
0.015322
0.022357
0.018893
0.015515
0.015092
0.016273
0.022245
0.021611
0.018082
0.026286
0.023508
0.023632
0.018376
0.016567
0.018101
0.014199
0.009572
0.003785
0.002596
0.018258
0.016055
0.014872
0.017392
0.017830
0.026052
0.024393
0.019812
0.018879
0.024194
0.025967
0.021861
0.018348
0.015052
0.017916
0.027353
0.029772
0.022292
0.021514
0.016886
0.018057
0.017246
0.017629
0.018672
0.014775
0.013150
0.018454
0.014014
0.015843
0.021250
0.017213
0.016096
0.014911
0.016255
0.014634
0.011971
0.016832
0.014216
0.015647
0.018198
0.016223
0.019103
0.019150
0.020954
0.015586
0.018811
0.020238
0.017421
0.015748
0.013562
0.013564
0.025861
0.020629
0.023435
0.012320
0.009015
0.008924
0.007227
0.012225
0.015935
0.018431
0.015273
0.013249
0.022481
0.023595
0.022206
0.016310
0.019273
0.015008
0.019095
0.009790
0.005255
0.019366
0.020720
0.019361
0.019806
0.024961
0.026841
0.016882
0.018655
0.028133
0.033100
0.029948
0.027847
0.019610
0.013537
0.017613
0.004526
0.020073
0.019166
0.021048
0.015254
0.014423
0.016102
0.021636
0.018111
0.015916
0.016428
0.008754
