0.003447
0.003274
0.004816
0.004757
0.004453
0.004072
0.004694
0.004558
0.006426
0.006674
0.007855
0.007147
0.008110
0.008632
0.008196
0.009665
0.009454
0.010478
0.007829
0.007930
0.008701
0.009190
0.010870
0.009631
0.009550
0.010003
0.011206
0.013245
0.013379
0.013341
0.012912
0.012916
0.013673
0.014706
0.013497
0.013977
0.013764
0.014074
0.014337
0.013976
0.013912
0.013940
0.012343
0.011456
0.011736
0.012215
0.012414
0.012077
0.010700
0.010425
0.009461
0.009741
0.008925
0.007662
0.008803
0.009815
0.010196
0.010292
0.010791
0.011866
0.012328
0.012508
0.011821
0.010695
0.010965
0.011410
0.011099
0.011000
0.013216
0.014669
0.014514
0.015339
0.017259
0.018972
0.021146
0.021516
0.022352
0.020182
0.021284
0.021056
0.017559
0.019252
0.016089
0.016443
0.016364
0.011916
0.012790
0.013643
0.013945
0.014033
0.011684
0.012725
0.012388
0.012667
0.010783
0.011322
0.008816
0.008789
0.008996
0.007557
0.009957
0.010499
0.011356
0.014224
0.015033
0.016664
0.021627
0.022217
0.023342
0.027311
0.029245
0.031338
0.030743
0.031024
0.030597
0.028797
0.029231
0.028649
0.024287
0.024351
0.020130
0.021011
0.020452
0.020312
0.022927
0.022276
0.020904
0.020028
0.020250
0.018193
0.018320
0.019426
0.019553
0.021435
0.021179
0.022476
0.022149
0.021127
0.022813
0.020142
0.020768
0.019032
0.017980
0.015960
0.020997
0.022354
0.021667
0.019621
0.020272
0.019781
0.019610
0.015747
0.016833
0.016610
0.012146
0.010275
0.010703
0.013891
0.013638
0.018478
0.017863
0.019455
0.016797
0.016232
0.019659
0.020129
0.024734
0.023109
0.023166
0.021937
0.020952
0.021885
0.019608
0.019546
0.020303
0.022430
0.023434
0.020653
0.021214
0.020976
0.018084
0.020832
0.022310
0.023131
0.028740
0.030349
0.035310
0.035787
0.038667
0.040059
0.044812
0.044463
0.040543
0.042259
0.035902
0.036944
0.035218
0.033990
0.028793
0.028493
0.023346
0.023089
0.015858
0.015520
0.015980
0.011032
0.010583
0.013832
0.014012
0.013804
0.018387
0.023902
0.024381
0.024799
0.027118
0.026788
0.029083
0.029488
0.035137
0.035015
0.028033
0.027020
0.025033
0.024948
0.021018
0.021915
0.021195
0.017558
0.019314
0.019356
0.018206
0.016164
0.018296
0.021983
0.024110
0.025115
0.030806
0.030840
0.037120
0.041156
0.040270
0.047757
0.048745
0.048910
0.049100
0.049577
0.046225
0.046196
0.046014
0.047785
0.047793
0.044466
0.045081
0.038070
0.039280
0.033496
0.035034
0.034790
0.034711
0.039656
0.044899
0.043412
0.044039
0.046075
0.042800
0.039626
0.035679
0.031376
0.032300
0.032941
0.027637
0.028903
0.022746
0.026365
0.022744
0.023557
0.025156
0.024883
0.020863
0.021971
0.021565
0.023574
0.028857
0.029862
0.029222
0.029997
0.029070
0.035924
0.036642
0.039876
0.039613
0.040378
0.040593
0.040174
0.034624
0.034527
0.035102
0.028226
0.029188
0.029533
0.022161
0.025059
0.025885
0.028863
0.037307
0.039788
0.039485
0.039351
0.039962
0.044372
0.041844
0.038838
0.034685
0.036372
0.027377
0.027999
0.019539
0.023618
0.020357
0.019328
0.023329
0.028096
0.029902
0.027898
0.027691
0.026993
0.024941
0.027365
0.026379
0.028977
0.038006
0.032981
0.030534
0.027089
0.029540
0.032922
0.031672
0.037633
0.040411
0.040773
0.036561
0.036066
0.038395
0.032571
0.032887
0.032689
0.031414
0.032868
0.031830
0.030735
0.036616
0.028501
0.032936
0.032372
0.036011
0.034888
0.036043
0.039592
0.035943
0.040303
0.042900
0.043760
0.041492
0.032676
0.035914
0.029251
0.035501
0.035270
0.036277
0.030232
0.029125
0.026443
0.027488
0.024493
0.023563
0.020725
0.028319
0.028376
0.031437
0.031784
0.027636
0.031177
0.026452
0.026167
0.028790
0.027091
0.027043
0.025081
0.024000
0.022592
0.022457
0.022834
0.023169
0.016243
0.020466
0.023335
0.017383
0.025214
0.026809
0.025816
0.023668
0.027441
0.033145
0.032848
0.028894
0.031538
0.020806
0.018173
0.018297
0.019942
0.020458
0.023480
0.023040
0.026081
0.025228
0.027603
0.027840
0.027732
0.028216
0.036642
0.029705
0.030041
0.029519
0.024653
0.029413
0.029524
0.029188
0.037891
0.038222
0.044892
0.044316
0.038529
0.034429
0.030355
0.030759
0.026034
0.025317
0.020374
0.018979
0.018143
0.018937
0.020919
0.021181
0.025232
0.024495
0.026948
0.027069
0.022373
0.020905
0.021285
0.018579
0.016802
0.018157
0.019702
0.018281
0.022126
0.022578
0.023030
0.026873
0.027036
0.026864
0.020965
0.026715
0.026983
0.019089
0.019462
0.019758
0.021780
0.022393
0.024347
0.025678
0.027867
0.027719
0.026324
0.031733
0.031831
0.031144
0.031611
0.021617
0.030211
0.025752
0.024874
0.025866
0.022931
0.020314
0.019065
0.022898
0.022873
0.019569
0.026652
0.018033
0.018345
0.018852
0.014973
0.021770
0.021733
0.024263
0.027862
0.023062
0.028993
0.028162
0.033552
0.034599
0.037510
0.037728
0.036409
0.039774
0.047411
0.051488
0.052102
0.050383
0.049450
0.051650
0.045199
0.040046
0.033049
0.032541
0.033113
0.028972
0.027584
0.032019
0.032277
0.028838
0.028797
0.028297
0.027356
0.033203
0.027361
0.026982
0.023672
0.023954
0.025159
0.020133
0.022940
0.022061
0.023041
0.021754
0.022548
0.027029
0.027027
0.026857
0.026931
0.029428
0.036065
0.025519
0.022318
0.022523
0.022832
0.023147
0.023138
0.024215
0.023402
0.027360
0.026365
0.022565
0.019096
0.023845
0.022275
0.023463
0.023164
0.022540
0.025813
0.026153
0.032261
0.031659
0.041292
0.034005
0.035550
0.029580
0.026227
0.027181
0.025571
0.022120
0.024344
0.028129
0.029975
0.027352
0.026559
0.027184
0.025740
0.026990
0.023009
0.022814
0.019265
0.019738
0.024028
0.023902
0.023444
0.024551
0.027804
0.027360
0.023336
0.024632
0.025126
0.023021
0.022697
0.022687
0.022652
0.023751
0.027226
0.026683
0.023419
0.029146
0.026311
0.027190
0.026427
0.020591
0.022601
0.019632
0.019981
0.024175
0.023100
0.027278
0.027086
0.027240
0.028099
0.027668
0.022180
0.023350
0.025449
0.026264
0.025660
0.025709
0.027749
0.023257
0.022998
0.019615
0.023237
0.023489
0.027870
0.022262
0.021230
0.030638
0.031829
0.028124
0.027153
0.021596
0.027173
0.027080
0.026768
0.026699
0.026904
0.023748
0.026796
0.027462
0.019423
0.019712
0.022915
0.027432
0.022896
0.023035
0.024599
0.026906
0.022163
0.020719
0.027373
0.019172
0.019021
0.019351
0.023024
0.026703
0.022850
0.019322
0.023701
0.022468
0.025949
0.026588
0.025821
0.027124
0.026131
0.025674
0.026339
0.026843
0.021826
