4.9687
5.88362
7.29199
7.35708
7.39571
7.46958
8.02555
9.11777
10.5249
11.4738
12.8959
13.7538
14.8667
16.0324
17.426
18.8323
19.7562
20.2846
21.3031
22.2356
23.3188
24.4213
25.0045
25.8052
26.3522
27.7438
29.155
30.2064
31.409
31.5552
32.4275
33.8304
35.4836
37.3453
38.7703
39.8951
40.4301
41.639
42.1973
42.556
43.7381
45.1256
45.8392
47.2286
48.1311
48.5888
49.7408
50.7107
51.4462
52.4236
53.0883
54.3889
54.8981
56.2133
57.3225
58.4581
59.0757
59.1739
60.2608
60.9092
62.0514
62.6358
63.8248
64.4049
64.6232
65.582
66.9945
67.4838
68.5611
69.9749
70.5344
71.742
73.1392
74.3756
75.3858
76.423
77.0833
78.1255
79.2564
80.4104
81.4367
82.2665
83.4896
84.6719
84.9586
86.2911
87.3842
87.9065
89.128
89.7073
90.93
91.4438
92.704
93.1862
94.3457
95.2282
95.5522
95.8092
96.8818
98.4651
99.3301
100.523
101.528
103
103.845
104.797
106.235
107.466
107.987
109.017
110.002
110.642
111.79
112.864
114.05
115.342
116.442
116.593
117.976
118.825
119.606
120.346
120.539
121.48
122.184
123.253
123.903
125.308
125.724
127.105
127.484
128.705
129.117
130.373
130.821
132.193
132.71
133.755
134.18
135.355
136.692
137.491
138.957
139.446
140.756
141.99
143.425
144.306
145.384
146.503
147.059
147.493
148.915
149.55
150.786
152.217
153.302
154.383
155.49
156.949
157.851
158.733
159.496
159.763
160.836
162.241
162.978
163.368
164.567
165.783
167.117
168.007
169.186
170.216
171.451
171.97
172.929
174.126
175.521
175.733
177.797
179.09
180.191
180.583
181.843
182.372
183.613
184.055
185.023
186.023
187.245
188.582
189.362
190.405
191.127
192.226
193.559
194.494
195.892
196.59
197.679
198.836
199.765
199.965
200.762
201.861
202.6
203.497
204.608
205.721
207.083
208.511
209.199
210.392
210.998
212.348
213.675
214.597
215.98
217.426
218.909
220.355
221.71
222.46
223.806
224.978
225.492
225.754
226.976
227.233
228.511
229.122
229.956
231.141
232.226
232.981
233.966
235.412
238.798
240.208
241.644
243.136
243.334
243.898
244.065
245.41
246.847
248.074
248.718
250.063
250.808
252.227
252.789
254.119
254.95
256.337
256.999
257.609
259.003
260.176
261.221
262.223
263.183
264.621
265.616
267.053
268.258
269.215
270.664
271.241
272.467
272.987
274.371
275.571
277.003
277.35
278.769
279.443
280.228
281.633
282.303
283.257
284.225
285.252
286.329
287.261
287.995
288.995
290.386
291.134
292.558
293.492
295.016
296.478
297.468
298.407
299.521
299.878
300.819
301.712
302.783
303.942
304.829
305.783
307.062
308.07
308.721
309.02
309.573
311.037
311.439
312.862
314.22
315.45
316.63
317.923
319.291
320.568
321.958
323.36
324.78
326.297
328.147
332.399
333.769
334.687
335.864
336.869
338.292
339.576
344.852
346.386
347.77
348.835
349.557
351.008
352.406
355.726
359.085
360.411
361.783
363.008
363.419
364.753
365.116
366.546
367.794
368.873
369.897
370.218
371.659
372.562
373.006
374.324
375.027
375.266
375.459
376.875
377.604
389.498
390.842
392.588
394.328
395.594
396.232
397.724
399.148
400.538
401.47
402.882
404.187
405.564
406.426
407.464
407.966
409.356
410.279
411.323
412.053
412.976
414.369
415.765
416.613
417.224
418.632
419.349
420.15
421.191
421.979
422.944
424.339
424.846
425.757
426.552
427.74
429.159
429.967
431.21
432.24
433.228
434.273
435.642
436.307
437.772
439.189
439.978
441.208
442.725
444.626
446.016
446.778
448.033
448.559
449.781
450.335
451.579
452.124
453.214
454.631
455.716
456.878
457.644
459.059
460.471
461.784
462.84
464.029
465.053
466.616
470.533
471.847
473.098
473.957
475.058
476.213
477.246
477.643
479.013
480.436
481.271
482.343
483.227
484.611
485.191
486.615
487.673
489.088
489.789
491.021
491.899
492.986
493.956
495.255
495.871
496.018
497.097
498.506
499.096
500.206
501.573
502.203
503.722
505.035
506.203
507.57
508.214
509.515
510.702
511.545
512.563
513.513
514.266
515.248
516.291
517.75
518.467
519.538
520.981
522.354
523.446
524.833
525.036
526.454
527.114
528.028
529.462
530.877
532.258
533.693
534.9
536.278
536.688
537.19
538.476
539.88
540.738
541.981
542.977
543.783
544.844
546.237
547.656
549.058
550.445
551.526
552.054
553.745
555.17
556.757
558.392
560.361
562.184
563.512
564.997
567.054
569.985
571.38
572.341
573.234
574.296
575.613
577.071
578.714
580.038
580.631
581.242
584.053
585.822
586.64
588.123
589.511
590.113
591.303
592.275
593.744
594.312
594.97
596.361
597.463
598.877
599.461
600.75
602.181
603.179
604.559
605.481
606.538
607.75
608.823
609.484
610.749
611.237
612.227
613.637
614.709
615.572
616.464
617.306
618.788
619.754
620.493
621.264
622.517
623.513
624.652
628.825
630.178
631.501
632.85
634.238
634.476
635.763
636.927
638.208
639.608
640.445
641.9
642.785
643.453
644.844
645.731
646.444
647.346
648.502
648.909
650.082
651.101
651.759
653.165
653.945
655.367
656.767
657.933
659.101
660.328
661.53
662.298
663.377
664.283
664.983
666.215
666.548
667.975
668.706
669.498
670.56
671.519
672.374
673.457
673.96
675.215
675.749
676.736
678.124
679.52
680.617
681.202
682.54
683.976
685.364
686.768
687.375
688.567
689.499
690.209
691.117
692.302
693.609
694.557
695.448
696.677
697.029
698.471
699.043
700.795
702.235
704.096
705.088
705.987
707.38
708.373
708.851
710.158
711.544
712.833
714.182
715.48
716.511
717.937
719.046
719.758
720.601
721.532
722.74
723.818
725.246
726.166
727.37
727.983
729.366
730.548
731.972
733.217
734.004
735.381
736.796
738.221
739.615
740.707
741.983
743.363
744.765
745.495
746.93
