0.007923
0.008695
0.007746
0.007199
0.007511
0.007458
0.007317
0.006056
0.008097
0.008139
0.009004
0.009011
0.007121
0.008922
0.008385
0.005881
0.007521
0.007877
0.009385
0.009786
0.008693
0.006629
0.007947
0.008800
0.009113
0.006975
0.009383
0.008120
0.008971
0.005681
0.006364
0.009099
0.008384
0.010055
0.008674
0.007708
0.009904
0.007415
0.005589
0.008862
0.008466
0.006497
0.005404
0.005808
0.005635
0.006042
0.008974
0.006868
0.006633
0.006468
0.008233
0.007648
0.010524
0.006628
0.007252
0.007344
0.008146
0.009073
0.007446
0.009081
0.009284
0.008160
0.005816
0.006862
0.007257
0.008790
0.007628
0.005892
0.006664
0.009083
0.009382
0.007059
0.008366
0.007220
0.008440
0.007663
0.007669
0.007350
0.008595
0.008761
0.007863
0.006791
0.008497
0.006111
0.006859
0.009155
0.006943
0.009426
0.007521
0.009355
0.007895
0.008900
0.007272
0.005881
0.008860
0.005284
0.007307
0.008486
0.008643
0.006561
0.007975
0.009641
0.007945
0.005824
0.006025
0.008354
0.007066
0.007710
0.008009
0.007125
0.007563
0.006240
0.007067
0.008986
0.005816
0.008356
0.007411
0.009832
0.008680
0.008860
0.007915
0.007201
0.009176
0.007383
0.009094
0.006697
0.008717
0.008116
0.006425
0.007219
0.009181
0.006770
0.008647
0.007011
0.008648
0.007718
0.008884
0.005594
0.006228
0.007761
0.008446
0.007441
0.006853
0.008329
0.005440
0.010213
0.009898
0.008650
0.009885
0.006483
0.005451
0.008984
0.007077
0.009230
0.007171
0.008792
0.009404
0.009283
0.007707
0.006946
0.008000
0.007068
0.009369
0.006749
0.007171
0.008118
0.006403
0.007562
0.006558
0.006837
0.007996
0.008839
0.005826
0.006653
0.006232
0.007989
0.008237
0.007133
0.009228
0.009944
0.007614
0.006192
0.006010
0.007158
0.007870
0.007514
0.008103
0.007865
0.009102
0.008801
0.008396
0.007740
0.008865
0.008574
0.008458
0.007871
0.007834
0.007559
0.008025
0.006475
0.009021
0.008883
0.008524
0.007138
0.006376
0.007225
0.009690
0.007208
0.007415
0.005939
0.007632
0.008437
0.008376
0.007562
0.006818
0.008117
0.007700
0.006721
0.009115
0.006239
0.005825
0.010299
0.008120
0.007197
0.007127
0.008185
0.007916
0.007277
0.009294
0.007777
0.008219
0.009130
0.008833
0.008644
0.008022
0.008826
0.008311
0.006050
0.007331
0.006333
0.009017
0.008048
0.007932
0.008074
0.009355
0.007893
0.008761
0.007781
0.008504
0.009650
0.010879
0.006205
0.008753
0.008471
0.009409
0.007926
0.006874
0.008507
0.007724
0.007167
0.007673
0.007356
0.008313
0.008634
0.007507
0.009039
0.008198
0.007362
0.005944
0.006940
0.007312
0.007662
0.007961
0.006865
0.006239
0.011013
0.008045
0.006984
0.007345
0.006699
0.007928
0.010867
0.009870
0.009889
0.007555
0.009944
0.009411
0.009370
0.006416
0.007940
0.008643
0.009525
0.006545
0.008353
0.008951
0.010658
0.008852
0.006429
0.009293
0.008826
0.006769
0.005559
0.009889
0.006789
0.009085
0.007969
0.006842
0.007117
0.009155
0.008233
0.007372
0.007005
0.008347
0.008748
0.008891
0.005452
0.007646
0.006119
0.005286
0.008835
0.009428
0.007781
0.008790
0.009573
0.005704
0.008342
0.008510
0.005926
0.008398
0.006313
0.009066
0.008887
0.009307
0.006025
0.010107
0.010440
0.010486
0.013202
0.011137
0.011772
0.007105
0.005607
0.010608
0.006789
0.007689
0.006787
0.009573
0.008780
0.006401
0.010108
0.009194
0.006625
0.006899
0.007883
0.007326
0.007765
0.008759
0.008901
0.007641
0.011926
0.010934
0.007057
0.008663
0.007630
0.007315
0.005721
0.005633
0.006092
0.007871
0.008977
0.010005
0.006983
0.008476
0.006841
0.005874
0.008986
0.009889
0.006735
0.008792
0.007522
0.008851
0.007830
0.008370
0.005917
0.008325
0.008809
0.007500
0.006725
0.007499
0.009187
0.007102
0.008607
0.007783
0.006913
0.005557
0.007339
0.007431
0.005934
0.008784
0.008472
0.007902
0.008090
0.007022
0.009837
0.006937
0.007130
0.009788
0.006172
0.007312
0.007085
0.009199
0.007057
0.007734
0.005623
0.005732
0.007265
0.006313
0.009410
0.008868
0.010059
0.007189
0.006532
0.008404
0.005585
0.005582
0.005214
0.008888
0.008774
0.008506
0.011885
0.010905
0.007778
0.006743
0.008883
0.008691
0.008894
0.009542
0.007877
0.005881
0.008512
0.009005
0.007973
0.008291
0.006165
0.011207
0.007650
0.008601
0.009769
0.006382
0.008663
0.006622
0.007199
0.008441
0.008263
0.006898
0.008548
0.006954
0.008958
0.011039
0.011095
0.008136
0.007593
0.007492
0.006632
0.008817
0.008572
0.007952
0.007419
0.005311
0.008817
0.006884
0.008871
0.009178
0.007736
0.006341
0.007150
0.010420
0.007498
0.009372
0.009419
0.008507
0.009487
0.009094
0.008339
0.007573
0.008122
0.007467
0.004934
0.006599
0.006593
0.009354
0.005852
0.005696
0.007138
0.006104
0.007397
0.008453
0.007705
0.008445
0.009136
0.008770
0.009076
0.009093
0.008006
0.006406
0.007887
0.009184
0.009614
0.007547
0.006282
0.006308
0.010245
0.008422
0.007714
0.009593
0.009523
0.010822
0.007174
0.010033
0.009349
0.005545
0.006999
0.007494
0.006233
0.006661
0.009987
0.010638
0.007033
0.007660
0.007809
0.007689
0.009563
0.008056
0.008871
0.009925
0.009155
0.008564
0.009061
0.008800
0.009216
0.006573
0.007651
0.007846
0.010597
0.009863
0.007135
0.008053
0.007634
0.005267
0.006931
0.006748
0.008359
0.008587
0.008819
0.006752
0.007973
0.007579
0.006843
0.006493
0.007203
0.005774
0.006169
0.008920
0.007024
0.010065
0.010850
0.010868
0.010517
0.008168
0.007460
0.008910
0.007802
0.009562
0.008365
0.007296
0.010021
0.007181
0.007335
0.008657
0.005512
0.008353
0.009199
0.006702
0.007499
0.008792
0.009032
0.006683
0.007142
0.008824
0.007844
0.006372
0.010189
0.008634
0.007691
0.005659
0.008215
0.008929
0.008652
0.008288
0.007463
0.009057
0.007924
0.009265
0.009072
0.008070
0.008687
0.009389
0.009607
0.006092
0.006997
0.006254
0.008687
0.005704
0.008360
0.006833
0.008863
0.007734
0.008813
0.010016
0.007556
0.008725
0.010042
0.007811
0.007225
0.008019
0.008782
0.008798
0.008030
0.008084
0.006836
0.007185
0.008540
0.005455
0.006166
0.008641
0.006908
0.008732
0.007160
0.009767
0.008951
0.008269
0.008968
0.008617
0.006004
0.009711
0.008572
0.008508
0.007550
0.009948
0.007800
0.005443
0.008644
0.009089
0.009040
0.006835
0.008185
0.009102
0.008509
0.009728
0.005418
0.009085
0.010767
0.009050
0.008369
0.008145
0.009707
0.007929
0.007903
0.005790
0.010335
0.008198
0.008000
0.009923
0.008867
