2.11677
2.61673
3.11675
3.61681
4.11674
4.62533
5.11675
5.61676
6.11676
6.62253
7.1167
7.61672
8.11682
8.62231
9.11798
9.61674
10.1168
10.6227
11.1168
11.6167
12.1167
12.6274
13.1168
13.6167
14.1167
14.622
15.1167
15.6168
16.1168
16.6195
17.1167
17.6167
18.1168
18.6221
19.1237
19.6167
20.1167
20.6259
21.1168
21.62
22.1167
22.6168
23.1168
23.628
24.1167
24.6169
25.1167
25.6263
26.1168
26.6169
27.1168
27.6212
28.1169
28.6167
29.1219
29.6241
30.1167
30.6167
31.1167
31.622
32.1167
32.6168
33.1168
33.621
34.1167
34.6167
35.1167
35.6369
36.1168
36.6168
37.128
37.6197
38.1169
38.6168
39.1168
39.6169
40.1168
40.6211
41.1168
41.641
42.1537
42.6168
43.1169
43.6212
44.1167
44.6168
45.1274
45.6209
46.1167
46.6207
47.1169
47.6169
48.1332
48.6212
49.1168
49.6168
50.1169
50.6224
51.1169
51.6167
52.1223
52.6229
53.1167
53.6168
54.1168
54.6277
55.1169
55.617
56.1169
56.6217
57.1169
57.6254
58.1168
58.6169
59.1401
59.6281
60.1169
60.617
61.1168
61.6247
62.1169
62.6359
63.1168
63.6248
64.1169
64.6281
65.1168
65.6239
66.1168
66.6169
67.1169
67.6265
68.117
68.6194
69.1167
69.6384
70.1168
70.6169
71.1168
71.6269
72.117
72.6169
73.1451
73.6279
74.1169
74.6169
75.1169
75.6288
76.1168
76.6168
77.117
77.6315
78.1377
78.6168
79.1168
79.6167
80.1167
80.6315
81.1168
81.6168
82.1169
82.6341
83.1168
83.6167
84.1168
84.672
85.1267
85.6204
86.1231
86.6378
87.1193
87.6196
88.1189
88.6439
89.1456
89.638
90.1237
90.6239
91.1229
91.6391
92.1229
92.6642
93.1241
93.6407
94.1276
94.6282
95.1274
95.6433
96.1272
96.6279
97.1276
97.6451
98.1271
98.6283
99.1273
99.6433
100.128
100.63
101.128
101.658
102.128
102.643
103.128
103.65
104.128
104.63
105.128
105.646
106.128
106.645
107.127
107.645
108.145
108.645
109.129
109.629
110.127
110.669
111.128
111.643
112.139
112.691
113.129
113.645
114.136
114.644
115.127
115.644
116.128
116.637
117.127
117.629
118.137
118.628
119.13
119.649
120.127
120.628
121.128
121.647
122.184
122.645
123.128
123.629
124.127
124.644
125.129
125.644
126.127
126.628
127.147
127.629
128.127
128.664
129.142
129.628
130.128
130.644
131.127
131.629
132.149
132.643
133.127
133.628
134.143
134.649
135.128
135.631
136.128
136.692
137.128
137.629
138.128
138.645
139.127
139.643
140.128
140.644
141.127
141.628
142.128
142.646
143.127
143.629
144.127
144.643
145.127
145.629
146.128
146.644
147.127
147.63
148.129
148.643
149.129
149.644
150.128
150.628
151.132
151.644
152.136
152.629
153.13
153.647
154.128
154.629
155.129
155.647
156.13
156.629
157.13
157.643
158.127
158.644
159.129
159.628
160.128
160.647
161.128
161.63
162.128
162.646
163.127
163.629
164.128
164.648
165.128
165.63
166.128
166.647
167.144
167.637
168.13
168.646
169.151
169.646
170.16
170.629
171.13
171.644
172.128
172.627
173.13
173.645
174.152
174.631
175.128
175.649
176.128
176.629
177.129
177.647
178.129
178.63
179.132
179.645
180.191
180.644
181.129
181.629
182.129
182.631
183.129
183.658
184.17
184.719
185.133
185.647
186.128
186.646
187.169
187.631
188.129
188.63
189.127
189.647
190.128
190.63
191.153
191.628
192.172
192.63
193.128
193.649
194.133
194.628
195.128
195.645
196.13
196.648
197.128
197.679
198.127
198.63
199.127
199.645
200.128
200.637
201.127
201.655
202.131
202.63
203.129
203.648
204.13
204.639
205.129
205.665
206.129
206.644
207.127
207.629
208.127
208.652
209.158
209.65
210.129
210.632
211.129
211.647
212.129
212.631
213.127
213.691
214.127
214.633
215.129
215.669
216.13
216.645
217.136
217.629
218.134
218.646
219.129
219.643
220.128
220.632
221.129
221.663
222.131
222.647
223.128
223.63
224.127
224.649
225.128
225.629
226.127
226.649
227.133
227.633
228.128
228.648
229.152
229.628
230.145
230.649
231.169
231.628
232.132
232.644
233.131
233.634
234.127
234.633
235.132
235.652
236.133
236.628
237.169
237.715
238.195
238.68
239.131
239.645
240.254
240.645
241.128
241.69
242.13
242.649
243.162
243.652
244.159
244.646
245.128
245.629
246.128
246.653
247.127
247.649
248.165
248.649
249.127
249.681
250.163
250.733
251.131
251.631
252.164
252.649
253.133
253.629
254.164
254.628
255.129
255.627
256.131
256.647
257.127
257.651
258.127
258.628
259.13
259.628
260.222
260.65
261.221
261.645
262.156
262.645
263.231
263.632
264.131
264.668
265.131
265.663
266.128
266.641
267.128
267.653
268.202
268.646
269.163
269.645
270.133
270.708
271.174
271.645
272.129
272.645
273.127
273.632
274.127
274.647
275.132
275.644
276.131
276.628
277.128
277.647
278.131
278.63
279.13
279.651
280.128
280.63
281.13
281.679
282.132
282.647
283.135
283.644
284.171
284.645
285.129
285.634
286.132
286.646
287.13
287.631
288.185
288.63
289.129
289.631
290.13
290.629
291.171
291.628
292.132
292.63
293.132
293.647
294.128
294.63
295.132
295.629
296.128
296.656
297.128
297.648
298.129
298.632
299.128
299.658
300.133
300.656
301.129
301.661
302.128
302.631
303.128
303.651
304.133
304.649
305.133
305.654
306.127
306.648
307.132
307.649
308.165
308.721
309.129
309.653
310.13
310.65
311.186
311.632
312.131
312.65
313.131
313.651
314.22
314.648
315.128
315.655
316.143
316.678
317.142
317.68
318.129
318.647
319.134
319.638
320.13
320.632
321.133
321.646
322.133
322.631
323.128
323.645
324.131
324.633
325.127
325.649
326.172
326.651
327.131
327.687
328.191
328.631
329.128
329.684
330.162
330.703
331.206
331.667
332.18
332.63
333.127
333.684
334.135
334.687
335.132
335.651
336.13
336.634
337.13
337.651
338.136
338.629
339.13
339.648
340.129
340.651
341.171
341.716
342.215
342.695
343.188
343.688
344.2
344.723
345.128
345.633
346.199
346.63
347.131
347.646
348.128
348.65
349.131
349.629
350.186
350.628
351.129
351.652
352.132
352.634
353.13
353.647
354.182
354.72
355.183
355.726
356.128
356.631
357.196
357.731
358.247
358.716
359.13
359.633
360.189
360.628
361.134
361.653
362.132
362.646
363.161
363.629
364.135
364.653
365.165
365.651
366.13
366.635
367.132
367.649
368.128
368.649
369.135
369.653
370.156
370.648
371.128
371.708
372.131
372.653
373.131
373.632
374.129
374.659
375.133
375.649
376.129
376.648
377.129
377.654
378.135
378.631
379.195
379.737
380.229
380.681
381.216
381.69
382.213
382.709
383.181
383.696
384.17
384.716
385.201
385.735
386.225
386.669
387.189
387.728
388.215
388.735
389.194
389.647
390.128
390.63
391.13
391.652
392.132
392.635
393.13
393.649
394.232
394.648
395.129
395.645
396.159
396.634
397.136
397.648
398.13
398.63
399.175
399.646
400.132
400.629
401.128
401.646
402.136
402.633
403.131
403.648
404.187
404.65
405.131
405.652
406.13
406.633
407.129
407.647
408.132
408.632
409.129
409.646
410.128
410.632
411.127
411.647
412.15
412.628
413.128
413.647
414.137
414.632
415.132
415.645
416.134
416.668
417.133
417.647
418.186
418.658
419.129
419.649
420.176
420.646
421.191
421.645
422.128
422.634
423.137
423.629
424.13
424.644
425.129
425.634
426.132
426.645
427.136
427.65
428.131
428.638
429.193
429.649
430.164
430.63
431.127
431.659
432.163
432.649
433.131
433.631
434.133
434.651
435.135
435.691
436.135
436.649
437.132
437.639
438.134
438.645
439.148
439.648
440.131
440.632
441.135
441.648
442.132
442.627
443.128
443.651
444.132
444.671
445.127
445.65
446.127
446.636
447.131
447.648
448.134
448.631
449.135
449.65
450.132
450.646
451.131
451.631
452.154
452.633
453.164
453.653
454.132
454.659
455.132
455.716
456.129
456.632
457.13
457.672
458.131
458.631
459.135
459.646
460.129
460.635
461.13
461.63
462.128
462.634
463.132
463.65
464.23
464.628
465.132
465.651
466.136
466.672
467.129
467.648
468.236
468.684
469.172
469.668
470.198
470.636
471.132
471.628
472.133
472.635
473.141
473.646
474.127
474.65
475.134
475.637
476.16
476.646
477.132
477.689
478.127
478.652
479.135
479.628
480.128
480.646
481.139
481.638
482.144
482.65
483.133
483.629
484.129
484.661
485.149
485.657
486.128
486.644
487.131
487.692
488.133
488.653
489.127
489.63
490.127
490.649
491.137
491.636
492.135
492.652
493.129
493.631
494.133
494.656
495.136
495.629
496.129
496.649
497.132
497.638
498.127
498.658
499.132
499.647
500.156
500.651
501.131
501.655
502.203
502.637
503.132
503.652
504.183
504.636
505.135
505.65
506.152
506.649
507.128
507.634
508.134
508.654
509.128
509.651
510.152
510.66
511.13
511.653
512.159
512.637
513.128
513.648
514.17
514.637
515.138
515.63
516.13
516.65
517.135
517.663
518.135
518.655
519.129
519.631
520.129
520.644
521.129
521.654
522.134
522.628
523.131
523.647
524.129
524.636
525.134
525.654
526.134
526.645
527.164
527.628
528.132
528.648
529.135
529.64
530.172
530.631
531.128
531.652
532.133
532.634
533.135
533.693
534.13
534.637
535.128
535.653
536.129
536.635
537.151
537.649
538.13
538.629
539.141
539.651
540.135
540.646
541.13
541.632
542.13
542.648
543.133
543.631
544.161
544.637
545.127
545.634
546.13
546.646
547.128
547.707
548.175
548.629
549.129
549.65
550.128
550.654
551.134
551.656
552.251
552.646
553.128
553.647
554.187
554.63
555.203
555.65
556.211
556.69
557.129
557.649
558.164
558.636
559.13
559.714
560.223
560.651
561.13
561.709
562.233
562.653
563.131
563.636
564.129
564.648
565.13
565.628
566.167
566.732
567.129
567.647
568.13
568.68
569.178
569.668
570.134
570.63
571.13
571.631
572.13
572.649
573.164
573.63
574.128
574.65
575.171
575.644
576.134
576.647
577.134
577.634
578.128
578.647
579.129
579.632
580.135
580.662
581.134
581.646
582.13
582.689
583.192
583.686
584.139
584.647
585.131
585.698
586.132
586.683
587.128
587.653
588.158
588.632
589.129
589.654
590.157
590.631
591.135
591.654
592.161
592.646
593.13
593.668
594.129
594.653
595.13
595.635
596.133
596.653
597.13
597.65
598.134
598.629
599.134
599.645
600.139
600.672
601.13
601.655
602.182
602.653
603.234
603.651
604.133
604.633
605.13
605.65
606.127
606.636
607.128
607.65
608.129
608.631
609.131
609.65
610.127
610.629
611.134
611.644
612.16
612.637
613.135
613.687
614.129
614.709
615.133
615.631
616.13
616.65
617.134
617.645
618.129
618.636
619.127
619.632
620.132
620.648
621.128
621.628
622.133
622.657
623.146
623.632
624.131
624.698
625.134
625.67
626.189
626.699
627.181
627.671
628.187
628.667
629.127
629.636
630.232
630.646
631.131
631.632
632.13
632.653
633.129
633.651
634.138
634.628
635.129
635.652
636.129
636.635
637.129
637.654
638.172
638.633
639.136
639.654
640.136
640.646
641.18
641.636
642.127
642.65
643.137
643.646
644.133
644.631
645.127
645.731
646.129
646.649
647.129
647.63
648.127
648.646
649.132
649.647
650.155
650.629
651.155
651.651
652.134
652.63
653.198
653.646
654.127
654.648
655.132
655.634
656.134
656.654
657.13
657.636
658.131
658.654
659.131
659.632
660.127
660.652
661.132
661.628
662.135
662.647
663.13
663.63
664.129
664.649
665.128
665.63
666.13
666.632
667.132
667.654
668.129
668.652
669.135
669.629
670.13
670.654
671.129
671.648
672.136
672.637
673.135
673.65
674.157
674.634
675.133
675.646
676.135
676.652
677.138
677.631
678.175
678.632
679.135
679.647
680.127
680.669
681.148
681.652
682.131
682.635
683.128
683.654
684.139
684.646
685.131
685.631
686.131
686.654
687.129
687.631
688.135
688.652
689.129
689.637
690.13
690.649
691.163
691.635
692.133
692.648
693.13
693.658
694.132
694.628
695.132
695.649
696.128
696.628
697.133
697.647
698.132
698.629
699.134
699.657
700.128
700.678
701.137
701.649
702.164
702.63
703.136
703.656
704.134
704.629
705.136
705.646
706.134
706.631
707.134
707.63
708.151
708.634
709.127
709.632
710.184
710.65
711.134
711.639
712.127
712.652
713.134
713.628
714.127
714.646
715.134
715.628
716.147
716.654
717.132
717.629
718.13
718.654
719.132
719.653
720.135
720.652
721.132
721.628
722.133
722.66
723.129
723.629
724.136
724.647
725.135
725.632
726.198
726.655
727.129
727.635
728.13
728.633
729.145
729.653
730.135
730.632
731.135
731.651
732.133
732.629
733.135
733.658
734.139
734.648
735.132
735.633
736.132
736.654
737.138
737.65
738.153
738.631
739.13
739.662
740.128
740.707
741.135
741.63
742.13
742.637
743.131
743.652
744.129
744.629
745.136
745.648
746.135
746.635
747.131
747.648
748.134
748.64
749.127
749.645
750.131
750.633
751.134
751.651
752.136
752.635
753.129
753.645
754.132
754.634
755.127
755.646
756.135
756.63
757.131
757.642
758.129
758.63
759.136
759.651
760.135
760.628
761.135
761.647
762.132
762.629
763.134
763.653
764.128
764.632
765.131
765.647
766.135
766.631
767.127
767.65
768.132
768.63
769.129
769.648
770.134
770.63
771.134
771.648
772.129
772.631
773.13
773.646
774.133
774.633
775.134
775.645
776.134
776.631
777.133
777.644
778.135
778.638
779.133
779.642
780.134
780.632
781.132
781.644
782.135
782.635
783.128
783.643
784.128
784.629
785.131
785.647
786.131
786.635
787.127
787.645
788.128
788.631
789.128
789.647
790.132
790.635
791.127
791.645
792.132
792.635
793.135
793.649
794.135
794.634
795.129
795.646
796.131
796.634
797.13
797.648
798.129
798.637
799.136
799.65
800.135
800.629
801.13
801.651
802.135
802.631
803.128
803.646
804.135
804.628
805.134
805.652
806.133
806.631
807.127
807.644
808.127
808.631
809.134
809.642
810.136
