0.000000
0.000000
0.100126
0.345758
0.500360
0.622012
0.702777
0.848941
0.975496
1.091203
1.175224
1.244271
1.302183
1.350493
1.392066
1.421438
1.447914
1.475040
1.495897
1.508501
1.512467
1.532872
1.559834
1.576211
1.592040
1.604687
1.607351
1.615784
1.632995
1.638191
1.634523
1.630079
1.635651
1.645202
1.653362
1.664639
1.672224
1.679201
1.687577
1.693880
1.701078
1.707646
1.716228
1.722539
1.729400
1.734740
1.740047
1.743509
1.751094
1.754941
1.756192
1.758709
1.759357
1.751596
1.749251
1.747035
1.750548
1.753993
1.757751
1.759859
1.761301
1.765693
1.763005
1.763789
1.764359
1.754017
1.748989
1.748677
1.753361
1.756163
1.758623
1.761829
1.764739
1.768190
1.770847
1.775327
1.778041
1.780461
1.783154
1.784542
1.786230
1.791553
1.793466
1.795434
1.797568
1.799080
1.800769
1.803243
1.807231
1.807249
1.801615
1.795149
1.795895
1.798274
1.799933
1.796737
1.796057
1.797314
1.799278
1.799024
1.797948
1.800973
1.802528
1.803995
1.805767
1.806902
1.808390
1.809866
1.812758
1.813681
1.815249
1.816428
1.818157
1.819585
1.820566
1.822001
1.823702
1.824787
1.826056
1.826756
1.828264
1.829088
1.830978
1.832023
1.833508
1.834308
1.835797
1.837750
1.838949
1.839840
1.840827
1.841312
1.842272
1.842740
1.842492
1.842595
1.843648
1.844217
1.842555
1.839490
1.837251
1.832930
1.831411
1.829184
1.829343
1.830271
1.831248
1.832854
1.834152
1.835112
1.835776
1.835834
1.836490
1.837549
1.839323
1.840188
1.839678
1.836474
1.834403
1.834606
1.834074
1.833721
1.834943
1.835770
1.836412
1.836100
1.837823
1.839541
1.839528
1.836533
1.836250
1.836986
1.837812
1.838009
1.839608
1.840439
1.841566
1.842543
1.843272
1.843760
1.845580
1.845496
1.846869
1.846537
1.843953
1.842028
1.842495
1.843225
1.844204
1.844856
1.845553
1.844343
1.844416
1.845742
1.846400
1.844302
1.843326
1.843884
1.844136
1.842784
1.841292
1.841675
1.842411
1.842604
1.843059
1.843377
1.843287
1.840721
1.836780
1.833082
1.830933
1.830617
1.831123
1.830890
1.830710
1.830527
1.830066
1.829557
1.830954
1.831404
1.832547
1.832221
1.831082
1.830047
1.830969
1.830781
1.832187
1.830088
1.830646
1.831052
1.831837
1.832426
1.832864
1.834001
1.832863
1.832709
1.832993
1.833597
1.834030
1.834342
1.834788
1.835879
1.836779
1.837137
1.837621
1.836602
1.836625
1.836978
1.837800
1.838323
1.838147
1.836552
1.833257
1.832686
1.834012
1.834681
1.835252
1.835482
1.836247
1.837270
1.837548
1.838122
1.838634
1.838547
1.838594
1.838402
1.835979
1.833735
1.834034
1.833681
1.834990
1.835425
1.835954
1.836622
1.836763
1.835468
1.835934
1.836003
1.834678
1.833046
1.833280
1.831123
1.829623
1.829984
1.830522
1.830765
1.830573
1.827970
1.827150
1.827595
1.828144
1.828489
1.828665
1.826970
1.826453
1.826691
1.827349
1.827854
1.828283
1.829017
1.829600
1.829549
1.829850
1.830035
1.830667
1.831082
1.832009
1.832278
1.832631
1.833156
1.832931
1.832631
1.833791
1.833940
1.834558
1.834823
1.834613
1.834574
1.835254
1.836099
1.836564
1.836776
1.837433
1.837655
1.837091
1.836852
1.837479
1.837831
1.838087
1.837276
1.835848
1.836301
1.836808
1.836857
1.836712
1.835046
1.834614
1.834561
1.831669
1.829481
1.828923
1.829345
1.829728
1.829941
1.830319
1.831358
1.831789
1.831186
1.831014
1.831499
1.831915
1.832142
1.832765
1.832960
1.833432
1.833604
1.833546
1.834237
1.835205
1.835590
1.835952
1.836269
1.836678
1.836783
1.836976
1.837242
1.837687
1.837000
1.837677
1.837677
1.837877
1.838409
1.839111
1.839418
1.839839
1.839987
1.840504
1.840722
1.841221
1.841804
1.841783
1.842485
1.842723
1.842870
1.843356
1.843402
1.843086
1.843285
1.843814
1.843305
1.843245
1.843387
1.844134
1.844441
1.844684
1.844835
1.845320
1.845600
1.846177
1.846213
1.846366
1.846456
1.845986
1.845786
1.844685
1.844761
1.844149
1.842967
1.843558
1.843718
1.844166
1.844804
1.845152
1.845258
1.845484
1.845890
1.846395
1.846685
1.847310
1.847341
1.847817
1.847538
1.845821
1.844241
1.844990
1.845206
1.845011
1.844978
1.844691
1.844047
1.844492
1.845061
1.845325
1.845572
1.846010
1.846071
1.845096
1.842897
1.842264
1.841855
1.842296
1.842458
1.842650
1.843020
1.842309
1.840839
1.841092
1.841375
1.841608
1.841637
1.841888
1.840935
1.840407
1.840388
1.840466
1.840659
1.840719
1.841103
1.841185
1.841477
1.841643
1.840989
1.841302
1.841420
1.841808
1.841506
1.841715
1.841649
1.842080
1.842365
1.841174
1.837562
1.833834
1.830081
1.826965
1.825813
1.825800
1.826027
1.823625
1.820926
1.819316
1.819166
1.819415
1.819800
1.820321
1.820631
1.821041
1.821381
1.820645
1.819629
1.819813
1.819877
1.820081
1.820504
1.820932
1.820765
1.820793
1.820782
1.821857
1.822138
1.822214
1.822596
1.823015
1.823309
1.823573
1.824139
1.824119
1.823668
1.823479
1.823517
1.824028
1.823985
1.824231
1.824117
1.824126
1.824385
1.824272
1.824887
1.824684
1.825464
1.825683
1.825955
1.825871
1.826695
1.826974
1.827156
1.827727
1.827781
1.828285
1.828394
1.829085
1.829120
1.829017
1.829357
1.829450
1.829315
1.828114
1.827527
1.827996
1.828444
1.828821
1.828970
1.829325
1.828998
1.828202
1.827739
1.828024
1.827537
1.825432
1.823961
1.824176
1.823064
1.821855
1.821901
1.822150
1.821815
1.822153
1.821957
1.820752
1.820528
1.821018
1.820963
1.821210
1.821310
1.821369
1.821575
1.821207
1.819876
1.817922
1.817194
1.817008
1.816998
1.816939
1.817561
1.817825
1.818094
1.818639
1.818923
1.818924
1.819350
1.819562
1.819765
1.820041
1.820446
1.820837
1.821082
1.821279
1.821513
1.821786
1.822106
1.822491
1.822602
1.822857
1.823101
1.823434
1.823468
1.823846
1.823952
1.824297
1.824317
1.824588
1.824231
1.823724
1.823719
1.824103
1.824020
1.824218
1.824289
1.824316
1.824551
1.824811
1.824876
1.825035
1.824951
1.825748
1.825847
1.826087
1.825624
1.825495
1.826066
1.826316
1.826452
1.826957
1.827005
1.826399
1.826893
1.827219
1.827300
1.827609
1.827861
1.828296
1.828310
1.828851
1.828966
1.829010
1.828446
1.828371
1.828523
1.827462
1.826259
1.826429
1.826603
1.826983
1.825811
1.824825
1.824821
1.824991
1.824561
1.824564
1.824959
1.825274
1.824947
1.823550
1.822200
1.822099
1.822183
1.821036
1.818038
1.815261
1.812727
1.809915
1.807531
1.806529
1.806458
1.806834
1.806769
1.807142
1.807252
1.807326
1.807604
1.807309
1.805369
1.803901
1.803270
1.803311
1.802742
1.801768
1.801711
1.801803
1.801748
1.799103
1.796574
1.793977
1.791354
1.788678
1.785948
1.784002
1.783114
1.783236
1.783785
1.783982
1.784182
1.784266
1.783979
1.784299
1.784763
1.784129
1.783443
1.783336
1.783325
1.783695
1.783925
1.784404
1.784593
1.784137
1.781417
1.779083
1.776357
1.774844
1.774489
1.774425
1.774716
1.775059
1.774298
1.772245
1.770736
1.770461
1.771051
1.771319
1.771519
1.771928
1.772328
1.772520
1.772913
1.773159
1.773364
1.773591
1.773850
1.773761
1.772950
1.772876
1.773077
1.773457
1.773633
1.773982
1.774326
1.774628
1.774904
1.775278
1.775353
1.775735
1.776120
1.776330
1.776635
1.776903
1.777026
1.777424
1.777591
1.777802
1.777348
1.777489
1.777458
1.777694
1.777978
1.777604
1.775055
1.772751
1.770637
1.768138
1.765934
1.763505
1.761207
1.759029
1.756656
1.754479
1.751977
1.749761
1.747327
1.745098
1.743085
1.740734
1.738304
1.736113
1.733781
1.731727
1.729737
1.728709
1.728933
1.729252
1.729464
1.729873
1.730323
1.730508
1.730714
1.730846
1.731177
1.731506
1.731876
1.731965
1.732101
1.731785
1.731905
1.731898
1.731168
1.730901
1.731097
1.731392
1.731720
1.731909
1.732102
1.731653
1.731562
1.731770
1.731955
1.732099
1.732542
1.732930
1.733310
1.733687
1.733836
1.733884
1.734102
1.734345
1.734175
1.732625
1.731863
1.732178
1.732232
1.732505
1.732201
1.732377
1.732614
1.732589
1.731478
1.730310
1.729078
1.728115
1.728317
1.728645
1.728813
1.729234
1.729386
1.729244
1.729316
1.729845
1.730063
1.730229
1.730499
1.730576
1.730736
1.731172
1.731296
1.731415
1.731459
1.731567
1.731434
1.731670
1.731963
1.732037
1.732238
1.732248
1.732483
1.732344
1.731544
1.731423
1.731751
1.731921
1.732019
1.732302
1.732217
1.732425
1.731776
1.731731
1.732014
1.732227
1.731759
1.731838
1.732058
1.732372
1.732501
1.732403
1.732502
1.732807
1.733192
1.733461
1.733737
1.734086
1.734358
1.734631
1.734828
1.735307
1.735604
1.735696
1.735076
1.734865
1.734758
1.734959
1.735160
1.735678
1.735854
1.736152
1.736333
1.736661
1.737072
1.737328
1.737545
1.737865
1.738077
1.738405
1.738677
1.738986
1.739166
1.739012
1.739251
1.739601
1.739752
1.740210
1.739929
1.740449
1.740701
1.740971
1.741059
1.741354
1.740936
1.740817
1.741016
1.741116
1.740181
1.739530
1.739967
1.739936
1.739854
1.739689
1.739681
1.739659
1.739635
1.739889
1.739749
1.740052
1.740165
1.740558
1.740744
1.740948
1.740342
1.738528
1.736683
1.734720
1.733111
1.732132
1.732459
1.732712
1.732964
1.733215
1.733492
1.733815
1.733951
1.734408
1.734640
1.734813
1.735116
1.735422
1.735441
1.736009
1.736131
1.736398
1.736520
1.736740
1.736924
1.737201
1.737464
1.737624
1.737830
1.738093
1.738147
1.737566
1.737129
1.737504
1.737634
1.737908
1.738091
1.738141
1.738170
1.738427
1.737715
1.737700
1.737835
1.738061
1.738209
1.738495
1.738863
1.738959
1.738962
1.739268
1.739462
1.739325
1.738970
1.739201
1.739379
1.739607
1.739736
1.740069
1.739814
1.739827
1.739870
1.740120
1.740295
1.740463
1.740554
1.739686
1.738891
1.738860
1.739001
1.738716
1.738602
1.738772
1.739036
1.738837
1.738419
1.738522
1.738398
1.737961
1.738076
1.738412
1.738542
1.738842
1.738965
1.738911
1.739019
1.739479
1.739531
1.739322
1.739645
1.739825
1.739848
1.739587
1.739939
1.740124
1.740213
1.740433
1.740264
1.740419
1.740523
1.740970
1.741129
1.741238
1.741338
1.741539
1.741688
1.742048
1.742068
1.742192
1.742471
1.742681
1.742839
1.742558
1.742103
1.742097
1.741553
1.741393
1.741580
1.741709
1.742144
1.742152
1.741920
1.741743
1.741040
1.740799
1.741170
1.741484
1.740712
1.739949
1.739621
1.738720
1.737598
1.737797
1.738010
1.738142
1.737552
1.737396
1.737571
1.737755
1.737987
1.738236
1.738377
1.738336
1.738532
1.738795
1.738955
1.739242
1.739438
1.739394
1.738971
1.739119
1.739310
1.739394
1.739622
1.739808
1.739932
1.740167
1.740328
1.740602
1.740690
1.740942
1.741030
1.741231
1.741365
1.741649
1.741760
1.742129
1.742276
1.742345
1.742553
1.742771
1.742929
1.743138
1.743530
1.743510
1.743779
1.743919
1.744061
1.744444
1.744696
1.744862
1.745122
1.744868
1.744294
1.743855
1.743008
1.742453
1.742134
1.742353
1.742493
1.742463
1.742594
1.742934
1.743086
1.743352
1.743460
1.743631
1.742741
1.741764
1.740492
1.740012
1.739943
1.740162
1.740390
1.740539
1.740277
1.740475
1.740727
1.740920
1.741000
1.741144
1.741378
1.741672
1.741774
1.741915
1.742203
1.742270
1.741932
1.741705
1.741648
1.741875
1.742009
1.742076
1.742095
1.742258
1.742414
1.742705
1.742817
1.743051
1.743073
1.743042
1.741565
1.740214
1.739307
1.739374
1.739376
1.739773
1.739799
1.740065
1.740104
1.740242
1.740086
1.739582
1.739492
1.739658
1.740055
1.740248
1.740272
1.740365
1.740570
1.740436
1.740408
1.740671
1.740748
1.741001
1.741135
1.741318
1.741439
1.741777
1.741860
1.741812
1.741954
1.742139
1.742293
1.742345
1.742521
1.742617
1.742262
1.742212
1.742375
1.742440
1.742879
1.743127
1.743326
1.743526
1.743654
1.743783
1.743949
1.744215
1.744354
1.744576
1.744472
1.744493
1.744595
1.744711
1.744655
1.744836
1.744935
1.744959
1.744961
1.744905
1.744741
1.744173
1.743896
1.744181
1.744365
1.744517
1.744655
1.744987
1.745104
1.745296
1.745444
1.745654
1.745802
1.745645
1.745627
1.745749
1.745832
1.745969
1.746013
1.746085
1.746396
1.746239
1.746028
1.746269
1.746342
1.746098
1.745199
1.743854
1.742487
1.741052
1.739719
1.738580
1.738228
1.738228
1.738788
1.739127
1.739308
1.739142
1.738675
1.738759
1.738877
1.738921
1.738975
1.738896
1.739059
1.739233
1.739438
1.739383
1.739320
1.739456
1.739635
1.739411
1.739438
1.739780
1.739936
1.739754
1.739546
1.739607
1.739723
1.740002
1.740151
1.740314
1.740510
1.740655
1.740635
1.740893
1.741072
1.741219
1.741386
1.741547
1.741661
1.741872
1.742005
1.741967
1.741585
1.741598
1.741783
1.741883
1.742036
1.742141
1.742445
1.742676
1.742595
1.742411
1.742204
1.742032
1.742300
1.742516
1.742679
1.742785
1.742850
1.743092
1.743319
1.743511
1.743425
1.743184
1.743112
1.743124
1.743236
1.743286
1.743187
1.743308
1.743414
1.743622
1.743681
1.743870
1.743888
1.743403
1.743008
1.743171
1.743277
1.743433
1.743663
1.743675
1.743782
1.743896
1.744019
1.744184
1.744332
1.744587
1.744719
1.744867
1.745061
1.745239
1.745369
1.745649
1.745765
1.745843
1.745813
1.745948
1.746250
1.746407
1.746638
1.746804
1.746881
1.747059
1.747156
1.747357
1.747200
1.746864
1.746944
1.747092
1.747185
1.747392
1.747523
1.747396
1.747277
1.747498
1.747628
1.747726
1.747799
1.748007
1.748192
1.748305
1.748318
1.748426
1.748635
1.748805
1.749029
1.749202
1.749318
1.749463
1.749643
1.749731
1.749788
1.749924
1.750107
1.750078
1.749898
1.750078
1.750239
1.750348
1.750215
1.750157
1.750132
1.750385
1.750512
1.750537
1.750305
1.750248
1.750383
1.750559
1.750693
1.750843
1.750940
1.751194
1.751205
1.751311
1.751467
1.751558
1.751758
1.751991
1.752109
1.752100
1.752064
1.751933
1.751927
1.751982
1.751889
1.751081
1.750822
1.750982
1.750970
1.751159
1.751296
1.751482
1.751620
1.751484
1.750725
1.750354
1.750409
1.750710
1.750685
1.750665
1.750764
1.750885
1.751026
1.750932
1.751001
1.751161
1.751293
1.751127
1.750622
1.750526
1.750757
1.750737
1.750718
1.750752
1.750800
1.750950
1.751028
1.751254
1.751328
1.751399
1.751338
1.750924
1.750840
1.751178
1.751458
1.751600
1.751687
1.751868
1.751969
1.752142
1.752283
1.752314
1.752432
1.752580
1.752661
1.752821
1.752910
1.753093
1.753164
1.753359
1.753265
1.753157
1.753152
1.753264
1.753197
1.753385
1.753217
1.753189
1.753324
1.753423
1.753474
1.753652
1.753778
1.753944
1.754045
1.754099
1.753498
1.752354
1.751142
1.750005
1.748831
1.747663
1.746456
1.745328
1.744169
1.743021
1.741826
1.740698
1.739538
1.738399
1.737203
1.736076
1.734939
1.733786
1.732616
1.731499
1.730353
1.729198
1.728021
1.726918
1.725798
1.724645
1.723483
1.722383
1.721258
1.720117
1.718944
1.717874
1.716739
1.715617
1.714458
1.713363
1.712253
1.711141
1.709974
1.708898
1.707788
1.706677
1.705525
1.704446
1.703345
1.702230
1.701093
1.700030
1.698925
1.697825
1.696690
1.695619
1.694524
1.693425
1.692306
1.691238
1.690153
1.689061
1.687947
1.686880
1.685787
1.684714
1.683611
1.682547
1.681471
1.680392
1.679290
1.678233
1.677159
1.676099
1.674995
1.673957
1.672885
1.671814
1.670713
1.669682
1.668611
1.667564
1.666466
1.665443
1.664378
1.663327
1.662231
1.661209
1.660149
1.659115
1.658028
1.657005
1.655950
1.654905
1.653830
1.652816
1.651775
1.650744
1.649671
1.648662
1.647620
1.646593
1.645521
1.644527
1.643477
1.642451
1.641391
1.640395
1.639380
1.638353
1.637286
1.636295
1.635282
1.634267
1.633213
1.632216
1.631214
1.630187
1.629137
1.628161
1.627155
1.626152
1.625110
1.624136
1.623121
1.622111
1.621091
1.620098
