1.61796
1.61802
2.11806
2.61825
3.11819
3.61937
4.11911
4.62694
5.11802
5.64328
6.11934
6.62393
7.11808
7.64017
8.11929
8.62365
9.11814
9.64166
10.1195
10.6254
11.1181
11.6433
12.1191
12.629
13.1181
13.6477
14.1193
14.6238
15.118
15.6425
16.1193
16.6211
17.118
17.645
18.1361
18.6304
19.1238
19.6364
20.1202
20.6279
21.1181
21.6419
22.118
22.6202
23.1191
23.6586
24.118
24.6208
25.1195
25.6495
26.118
26.6204
27.1201
27.6449
28.1182
28.621
29.123
29.6638
30.118
30.6199
31.1191
31.6535
32.118
32.6204
33.1196
33.6515
34.118
34.6297
35.1221
35.665
36.1181
36.6195
37.1287
37.6465
38.1181
38.6197
39.1183
39.6461
40.1192
40.6235
41.118
41.6694
42.1538
42.6186
43.1192
43.649
44.1181
44.6201
45.1284
45.6626
46.1196
46.6223
47.1182
47.6455
48.1342
48.6303
49.1182
49.6444
50.1196
50.6322
51.1285
51.645
52.1234
52.6327
53.1182
53.6427
54.1196
54.629
55.1182
55.6434
56.1192
56.6344
57.1192
57.6573
58.1182
58.6208
59.1414
59.6597
60.1182
60.6212
61.1202
61.6556
62.1181
62.638
63.1194
63.6541
64.1182
64.6307
65.1198
65.6577
66.1182
66.6212
67.1196
67.6977
68.1181
68.6209
69.1196
69.6722
70.1181
70.6212
71.1201
71.6624
72.1182
72.6412
73.1464
73.6561
74.1182
74.6206
75.1192
75.6631
76.1182
76.6206
77.1196
77.6682
78.1377
78.6211
79.1195
79.6566
80.1194
80.6339
81.1182
81.6562
82.1197
82.6371
83.1182
83.6464
84.1395
84.6751
85.1269
85.6422
86.1241
86.6408
87.1194
87.6443
88.1202
88.6468
89.1456
89.6684
90.1237
90.6267
91.1241
91.6623
92.1229
92.667
93.1252
93.6679
94.1276
94.6314
95.129
95.655
96.1272
96.6306
97.1297
97.6791
98.1271
98.6308
99.1285
99.6672
100.128
100.644
101.129
101.695
102.128
102.646
103.13
103.686
104.128
104.633
105.13
105.686
106.128
106.649
107.127
107.683
108.147
108.648
109.129
109.672
110.128
110.672
111.129
111.684
112.14
112.694
113.13
113.686
114.136
114.666
115.127
115.682
116.128
116.64
117.145
117.666
118.137
118.631
119.132
119.715
120.127
120.631
121.13
121.708
122.184
122.648
123.128
123.651
124.129
124.646
125.129
125.664
126.127
126.63
127.148
127.648
128.128
128.667
129.142
129.649
130.129
130.646
131.127
131.65
132.151
132.646
133.127
133.659
134.182
134.652
135.128
135.657
136.13
136.695
137.129
137.655
138.129
138.648
139.128
139.68
140.129
140.647
141.127
141.668
142.13
142.649
143.127
143.671
144.129
144.646
145.127
145.656
146.129
146.647
147.127
147.656
148.13
148.646
149.13
149.675
150.133
150.631
151.133
151.662
152.136
152.632
153.132
153.679
154.128
154.633
155.131
155.678
156.13
156.633
157.131
157.674
158.129
158.647
159.129
159.672
160.13
160.65
161.128
161.66
162.13
162.649
163.127
163.66
164.129
164.651
165.128
165.678
166.13
166.666
167.144
167.666
168.132
168.667
169.151
169.672
170.16
170.632
171.131
171.704
172.128
172.63
173.131
173.661
174.152
174.635
175.13
175.668
176.128
176.631
177.13
177.668
178.129
178.632
179.134
179.684
180.193
180.712
181.129
181.671
182.129
182.634
183.14
183.696
184.17
184.722
185.134
185.69
186.13
186.649
187.171
187.68
188.131
188.632
189.127
189.691
190.128
190.633
191.153
191.678
192.173
192.632
193.129
193.698
194.133
194.629
195.129
195.684
196.131
196.651
197.128
197.704
198.127
198.633
199.129
199.673
200.128
200.64
201.129
201.684
202.131
202.633
203.13
203.678
204.13
204.642
205.13
205.695
206.131
206.647
207.127
207.658
208.129
208.655
209.158
209.685
210.129
210.635
211.131
211.682
212.129
212.633
213.128
213.753
214.128
214.707
215.129
215.712
216.135
216.648
217.136
217.697
218.136
218.649
219.131
219.687
220.128
220.636
221.13
221.751
222.131
222.669
223.128
223.665
224.129
224.652
225.128
225.668
226.128
226.652
227.133
227.663
228.129
228.651
229.152
229.66
230.146
230.652
231.169
231.662
232.134
232.65
233.131
233.729
234.127
234.636
235.134
235.755
236.133
236.631
237.171
237.752
238.196
238.683
239.133
239.678
240.254
240.648
241.128
241.729
242.132
242.724
243.162
243.757
244.159
244.649
245.128
245.675
246.13
246.656
247.13
247.698
248.165
248.65
249.131
249.729
250.164
250.734
251.131
251.673
252.164
252.651
253.133
253.669
254.164
254.63
255.129
255.663
256.132
256.648
257.127
257.686
258.127
258.63
259.13
259.666
260.222
260.652
261.221
261.693
262.156
262.647
263.231
263.683
264.131
264.67
265.131
265.761
266.128
266.642
267.128
267.709
268.202
268.648
269.163
269.682
270.133
270.71
271.174
271.675
272.129
272.647
273.127
273.662
274.127
274.649
275.132
275.676
276.131
276.63
277.128
277.679
278.131
278.632
279.13
279.676
280.128
280.632
281.13
281.711
282.143
282.649
283.135
283.687
284.171
284.646
285.129
285.679
286.132
286.649
287.13
287.703
288.185
288.632
289.129
289.668
290.13
290.631
291.171
291.675
292.132
292.631
293.132
293.698
294.128
294.633
295.132
295.681
296.128
296.706
297.128
297.698
298.129
298.657
299.128
299.723
300.133
300.659
301.129
301.764
302.128
302.634
303.129
303.686
304.133
304.652
305.133
305.692
306.127
306.651
307.132
307.684
308.165
308.724
309.129
309.696
310.13
310.653
311.186
311.679
312.131
312.653
313.131
313.692
314.22
314.651
315.142
315.697
316.143
316.682
317.142
317.709
318.129
318.65
319.134
319.724
320.13
320.636
321.133
321.672
322.133
322.634
323.128
323.718
324.131
324.637
325.127
325.683
326.172
326.653
327.131
327.72
328.191
328.634
329.128
329.714
330.162
330.707
331.206
331.697
332.18
332.633
333.127
333.722
334.135
334.69
335.132
335.686
336.13
336.638
337.13
337.688
338.136
338.633
339.13
339.684
340.129
340.654
341.171
341.759
342.215
342.698
343.188
343.732
344.2
344.726
345.128
345.672
346.199
346.633
347.131
347.679
348.13
348.677
349.131
349.662
350.186
350.631
351.129
351.691
352.132
352.639
353.13
353.69
354.182
354.723
355.183
355.769
356.128
356.633
357.196
357.779
358.247
358.719
359.13
359.676
360.189
360.631
361.134
361.688
362.132
362.649
363.161
363.661
364.135
364.662
365.165
365.685
366.13
366.638
367.132
367.682
368.128
368.652
369.135
369.747
370.156
370.652
371.128
371.761
372.131
372.715
373.131
373.668
374.129
374.663
375.133
375.684
376.129
376.652
377.129
377.781
378.135
378.634
379.196
379.777
380.229
380.684
381.218
381.73
382.213
382.712
383.181
383.733
384.17
384.719
385.201
385.772
386.225
386.672
387.189
387.766
388.215
388.738
389.194
389.685
390.128
390.702
391.13
391.693
392.132
392.638
393.13
393.683
394.232
394.651
395.129
395.743
396.159
396.637
397.136
397.677
398.13
398.632
399.175
399.681
400.132
400.693
401.128
401.697
402.136
402.636
403.131
403.682
404.187
404.725
405.131
405.683
406.13
406.657
407.129
407.672
408.132
408.688
409.129
409.742
410.128
410.635
411.127
411.677
412.15
412.631
413.128
413.682
414.14
414.635
415.132
415.68
416.134
416.67
417.133
417.68
418.186
418.66
419.129
419.685
420.176
420.649
421.191
421.676
422.128
422.686
423.137
423.658
424.131
424.646
425.129
425.663
426.132
426.648
427.136
427.674
428.131
428.641
429.193
429.677
430.164
430.633
431.127
431.689
432.163
432.652
433.131
433.66
434.133
434.655
435.135
435.8
436.135
436.653
437.132
437.672
438.134
438.648
439.148
439.678
440.131
440.635
441.135
441.671
442.132
442.63
443.128
443.671
444.132
444.674
445.127
445.674
446.127
446.639
447.134
447.673
448.134
448.669
449.135
449.676
450.132
450.649
451.131
451.659
452.154
452.636
453.164
453.686
454.132
454.722
455.132
455.756
456.129
456.635
457.13
457.706
458.131
458.634
459.136
459.72
460.129
460.637
461.13
461.663
462.128
462.637
463.132
463.686
464.23
464.631
465.133
465.698
466.136
466.761
467.129
467.695
468.236
468.687
469.172
469.716
470.198
470.638
471.132
471.674
472.133
472.638
473.141
473.706
474.127
474.653
475.134
475.676
476.16
476.669
477.132
477.713
478.127
478.655
479.135
479.647
480.131
480.649
481.139
481.712
482.144
482.653
483.133
483.651
484.129
484.664
485.191
485.684
486.128
486.646
487.131
487.718
488.133
488.656
489.127
489.651
490.128
490.652
491.137
491.662
492.135
492.654
493.129
493.655
494.133
494.659
495.136
495.648
496.129
496.657
497.132
497.663
498.127
498.661
499.132
499.681
500.156
500.654
501.131
501.688
502.203
502.661
503.132
503.681
504.183
504.638
505.135
505.68
506.152
506.652
507.128
507.658
508.134
508.656
509.129
509.677
510.152
510.662
511.13
511.679
512.159
512.64
513.13
513.677
514.17
514.639
515.138
515.659
516.13
516.652
517.135
517.697
518.135
518.658
519.129
519.665
520.129
520.647
521.129
521.679
522.134
522.718
523.131
523.675
524.129
524.639
525.134
525.685
526.134
526.668
527.164
527.653
528.132
528.666
529.135
529.664
530.172
530.633
531.128
531.676
532.133
532.637
533.135
533.715
534.13
534.641
535.128
535.675
536.129
536.638
537.151
537.668
538.13
538.631
539.141
539.678
540.135
540.649
541.13
541.655
542.13
542.65
543.133
543.66
544.161
544.641
545.127
545.663
546.134
546.649
547.128
547.739
548.175
548.632
549.129
549.681
550.128
550.657
551.134
551.69
552.251
552.649
553.128
553.686
554.187
554.633
555.203
555.693
556.211
556.693
557.129
557.698
558.164
558.638
559.13
559.763
560.223
560.654
561.13
561.753
562.233
562.657
563.131
563.737
564.129
564.65
565.13
565.672
566.223
566.734
567.129
567.684
568.13
568.683
569.178
569.764
570.134
570.633
571.13
571.665
572.13
572.652
573.164
573.661
574.128
574.653
575.171
575.681
576.134
576.649
577.134
577.668
578.128
578.668
579.134
579.663
580.135
580.664
581.134
581.68
582.13
582.692
583.193
583.724
584.139
584.649
585.131
585.752
586.132
586.686
587.128
587.686
588.158
588.689
589.129
589.682
590.157
590.634
591.135
591.677
592.161
592.649
593.13
593.693
594.129
594.656
595.13
595.661
596.133
596.655
597.13
597.679
598.134
598.631
599.134
599.672
600.139
600.675
601.13
601.685
602.182
602.655
603.234
603.701
604.133
604.636
605.13
605.675
606.127
606.639
607.128
607.677
608.129
608.634
609.131
609.679
610.127
610.632
611.134
611.67
612.16
612.64
613.135
613.716
614.129
614.712
615.133
615.654
616.13
616.653
617.134
617.667
618.129
618.695
619.127
619.657
620.132
620.699
621.128
621.655
622.133
622.66
623.146
623.668
624.131
624.7
625.134
625.794
626.189
626.701
627.181
627.716
628.187
628.671
629.127
629.675
630.232
630.648
631.131
631.666
632.13
632.656
633.129
633.683
634.138
634.631
635.129
635.679
636.129
636.638
637.129
637.677
638.209
638.636
639.136
639.683
640.136
640.648
641.18
641.663
642.127
642.652
643.137
643.673
644.133
644.633
645.127
645.758
646.129
646.652
647.129
647.656
648.127
648.649
649.132
649.673
650.155
650.632
651.155
651.676
652.134
652.633
653.198
653.677
654.127
654.651
655.132
655.663
656.134
656.675
657.13
657.661
658.132
658.657
659.131
659.653
660.127
660.654
661.132
661.652
662.135
662.65
663.13
663.653
664.129
664.651
665.128
665.656
666.13
666.634
667.132
667.682
668.129
668.655
669.135
669.656
670.13
670.657
671.129
671.729
672.136
672.64
673.135
673.673
674.157
674.636
675.133
675.673
676.135
676.654
677.138
677.657
678.176
678.635
679.135
679.758
680.127
680.672
681.148
681.679
682.131
682.637
683.128
683.677
684.139
684.648
685.131
685.657
686.131
686.657
687.129
687.657
688.135
688.654
689.129
689.676
690.13
690.651
691.164
691.673
692.133
692.65
693.13
693.684
694.132
694.631
695.132
695.696
696.128
696.63
697.133
697.678
698.132
698.632
699.134
699.708
700.128
700.702
701.137
701.679
702.164
702.654
703.136
703.682
704.134
704.632
705.136
705.676
706.134
706.633
707.134
707.671
708.151
708.637
709.127
709.662
710.184
710.653
711.134
711.668
712.127
712.655
713.134
713.65
714.127
714.648
715.134
715.648
716.148
716.657
717.132
717.659
718.13
718.657
719.132
719.677
720.135
720.655
721.132
721.672
722.133
722.663
723.129
723.655
724.136
724.65
725.135
725.66
726.198
726.658
727.129
727.657
728.13
728.635
729.146
729.738
730.135
730.635
731.135
731.675
732.133
732.632
733.135
733.678
734.139
734.65
735.132
735.656
736.132
736.704
737.138
737.676
738.153
738.634
739.13
739.689
740.128
740.71
741.135
741.656
742.13
742.64
743.131
743.678
744.13
744.632
745.136
745.674
746.135
746.638
747.131
747.668
748.134
748.643
749.127
749.665
750.131
750.636
751.134
751.671
752.136
752.637
753.129
753.664
754.132
754.637
755.127
755.665
756.135
756.632
757.131
757.661
758.129
758.633
759.136
759.671
760.136
760.63
761.135
761.666
762.132
762.632
763.134
763.673
764.128
764.635
765.131
765.666
766.135
766.633
767.127
767.669
768.132
768.633
769.129
769.668
770.134
770.633
771.134
771.668
772.129
772.633
773.13
773.666
774.133
774.635
775.134
775.665
776.134
776.634
777.133
777.664
778.135
778.641
779.133
779.662
780.134
780.635
781.133
781.664
782.135
782.637
783.128
783.663
784.128
784.632
785.131
785.667
786.131
786.638
787.128
787.665
788.128
788.634
789.128
789.667
790.132
790.638
791.127
791.664
792.132
792.638
793.135
793.669
794.135
794.637
795.13
795.665
796.131
796.637
797.13
797.668
798.129
798.64
799.136
799.67
800.135
800.632
801.13
801.671
802.135
802.634
803.129
803.666
804.135
804.631
805.134
805.671
806.133
806.633
807.127
807.663
808.127
808.634
809.134
809.661
810.136
