0.005679
0.006295
0.008049
0.006891
0.007068
0.004316
0.003961
0.003796
0.004313
0.004670
0.005766
0.004348
0.006220
0.006061
0.005956
0.004398
0.003204
0.002401
0.002963
0.002753
0.002889
0.003253
0.003290
0.003348
0.003316
0.003296
0.003756
0.004000
0.004034
0.004487
0.004372
0.004550
0.003628
0.003654
0.005486
0.003219
0.003206
0.003221
0.003208
0.003201
0.003215
0.002807
0.002661
0.002638
0.003890
0.006589
0.001885
0.006532
0.006075
0.002832
0.003119
0.004745
0.004876
0.004802
0.004844
0.005125
0.005239
0.004688
0.005403
0.004510
0.005429
0.005782
0.006850
0.004903
0.006624
0.003192
0.003344
0.006024
0.003291
0.004795
0.003385
0.003615
0.003625
0.003525
0.003655
0.004645
0.004993
0.004995
0.004970
0.004887
0.004588
0.005614
0.006365
0.006165
0.005985
0.008951
0.008978
0.007544
0.008648
0.008321
0.006119
0.007042
0.004977
0.003421
0.002547
0.003340
0.002535
0.005226
0.004579
0.004115
0.003190
0.004450
0.004203
0.004017
0.005112
0.003997
0.003359
0.004089
0.004074
0.002448
0.003750
0.002622
0.003292
0.005008
0.002618
0.004031
0.002452
0.003439
0.007025
0.006747
0.004794
0.005947
0.005669
0.005894
0.004716
0.006119
0.005305
0.006340
0.005321
0.006058
0.004903
0.005844
0.006835
0.006145
0.005882
0.007564
0.004590
0.004081
0.006340
0.007042
0.006565
0.004649
0.005282
0.004463
0.004409
0.005576
0.006068
0.002912
0.003347
0.003042
0.003346
0.004419
0.004999
0.004138
0.007272
0.005082
0.005692
0.005306
0.005634
0.008081
0.006930
0.006207
0.005935
0.006238
0.007412
0.006747
0.007878
0.010697
0.010108
0.010122
0.014590
0.013841
0.014662
0.012460
0.014816
0.012591
0.014934
0.015193
0.014192
0.013789
0.009582
0.008145
0.005758
0.006148
0.007501
0.008945
0.006781
0.007507
0.007899
0.008486
0.006393
0.005736
0.007723
0.009591
0.007860
0.006942
0.006135
0.007109
0.008212
0.005694
0.007099
0.007554
0.007853
0.007550
0.008181
0.005059
0.006066
0.004325
0.004383
0.002325
0.004221
0.002774
0.004427
0.004026
0.003898
0.003512
0.003582
0.003919
0.004365
0.004297
0.004557
0.004589
0.003740
0.005217
0.006019
0.005009
0.002648
0.004978
0.004524
0.003180
0.003556
0.003819
0.003934
0.004120
0.002882
0.003165
0.004353
0.003580
0.008985
0.004437
0.003948
0.003718
0.003517
0.002745
0.003769
0.003386
0.003957
0.006799
0.005954
0.006824
0.005598
0.005547
0.005673
0.005418
0.011203
0.012222
0.009408
0.012342
0.012505
0.009844
0.009569
0.007598
0.007608
0.007578
0.008061
0.007403
0.007465
0.007406
0.007384
0.007594
0.006894
0.005976
0.004808
0.006773
0.004810
0.005378
0.005295
0.005188
0.005593
0.005360
0.005028
0.004973
0.005311
0.004033
0.005452
0.006391
0.005821
0.005005
0.004666
0.005385
0.004118
0.005153
0.004615
0.004374
0.005231
0.005350
0.005979
0.004967
0.007832
0.004295
0.003328
0.004788
0.004453
0.007615
0.006001
0.006773
0.004938
0.006897
0.005726
0.005502
0.004011
0.002932
0.003248
0.002435
0.004673
0.003569
0.004279
0.003456
0.004212
0.005474
0.007791
0.007982
0.008745
0.006421
0.008453
0.010458
0.004092
0.004466
0.005525
0.006756
0.005023
0.005440
0.006100
0.006065
0.006865
0.006717
0.006255
0.006977
0.006333
0.003690
0.002512
0.003428
0.002440
0.006383
0.003677
0.009038
0.007926
0.006006
0.007694
0.005584
0.005240
0.004706
0.004740
0.005293
0.005097
0.005151
0.006612
0.005411
0.005066
0.005637
0.004857
0.004615
0.005969
0.004800
0.004944
0.004343
0.004743
0.005085
0.002813
0.002970
0.002441
0.002301
0.002606
0.002289
0.002504
0.005621
0.006070
0.005874
0.004629
0.006623
0.005234
0.005150
0.003831
0.003903
0.003810
0.004213
0.009078
0.015550
0.012380
0.009986
0.010325
0.011796
0.012552
0.009832
0.008174
0.009389
0.008579
0.008172
0.008240
0.008142
0.008198
0.007192
0.006572
0.007280
0.008421
0.007847
0.007700
0.009224
0.008607
0.009274
0.008895
0.007715
0.006340
0.007416
0.007654
0.006428
0.007125
0.005812
0.006656
0.005448
0.004853
0.004735
0.006776
0.006377
0.004926
0.004081
0.004679
0.003431
0.003689
0.004163
0.002883
0.006367
0.003639
0.005494
0.004792
0.004358
0.004380
0.007214
0.006285
0.005106
0.004463
0.003401
0.005348
0.005372
0.005844
0.005340
0.005832
0.005840
0.005421
0.008179
0.004888
0.005753
0.005585
0.004796
0.006594
0.007056
0.005769
0.005726
0.003312
0.003864
0.002068
0.003567
0.004335
0.003906
0.003851
0.004406
0.004705
0.007514
0.006370
0.005599
0.005466
0.005131
0.006208
0.004648
0.006108
0.005048
0.004293
0.003473
0.004529
0.003653
0.003243
0.003303
0.003097
0.002620
0.003119
0.004115
0.004372
0.004185
0.003329
0.004263
0.003571
0.003857
0.003139
0.005233
0.003664
0.003324
0.003299
0.003300
0.003311
0.003736
0.004782
0.004378
0.004393
0.003102
0.003763
0.005955
0.006204
0.004974
0.004570
0.004575
0.004510
0.004101
0.004981
0.005662
0.004556
0.004331
0.004163
0.005847
0.007055
0.004417
0.005478
0.007118
0.007049
0.006477
0.007351
0.008159
0.007841
0.009101
0.008977
0.007500
0.006162
0.007083
0.005468
0.006306
0.005998
0.006883
0.012679
0.013063
0.011172
0.010472
0.007794
0.007428
0.006446
0.007880
0.005847
0.004496
0.006413
0.005720
0.004287
0.004977
0.003393
0.003823
0.003440
0.005266
0.007324
0.004871
0.004656
0.003312
0.004209
0.012689
0.009571
0.008874
0.008600
0.010979
0.008731
0.005922
0.005860
0.007413
0.006859
0.006918
0.006856
0.011485
0.008331
0.008509
0.006692
0.004673
0.004547
0.007574
0.007228
0.008300
0.008973
0.009849
0.008747
0.013517
0.005748
0.005678
0.003600
0.003622
0.004068
0.004491
0.003331
0.004088
0.004090
0.003378
0.003946
0.003601
0.004271
0.004742
0.006315
0.005654
0.007472
0.006133
0.005957
0.009193
0.011521
0.005761
0.004563
0.002596
0.002701
0.003252
0.006295
0.007457
0.013502
0.017319
0.010107
0.010804
0.007631
0.010809
0.010952
0.010180
0.007528
0.007887
0.009579
0.010069
0.008779
0.008033
0.008690
0.012227
0.014502
0.012251
0.008184
0.007949
0.007041
0.006404
0.006348
0.004733
0.007623
0.006697
0.007186
0.005244
0.005801
0.004617
0.004969
0.003798
0.004362
0.004948
0.003592
0.004503
0.005696
0.003636
0.004333
0.004401
0.004070
0.003811
0.004024
0.004935
0.004501
0.003878
0.003940
0.003306
0.003288
0.004411
0.006062
0.005062
0.005909
0.004416
0.003175
0.002344
0.002193
0.002569
0.004380
0.004566
0.002109
0.002311
0.009693
0.007929
0.006214
0.005475
0.005730
0.006193
0.005801
0.005417
0.006408
