4.89056
5.0262
5.16695
5.2025
6.22786
7.01456
7.5639
8.55986
9.10166
10.0461
10.4218
11.2123
11.7691
12.1663
13.0826
13.4937
14.5657
15.4327
15.4755
15.5079
16.0063
16.0363
16.8018
16.8359
16.8632
16.8922
16.9471
16.9763
17.0083
17.0582
18.1595
18.2883
19.0993
19.133
19.1661
20.4743
20.5029
20.5471
20.5837
20.6133
20.6437
20.6907
20.7227
20.7507
20.7989
22.0206
22.0583
22.0924
22.1367
22.178
22.9584
22.9978
24.1515
24.2666
24.3157
24.4052
24.4431
24.4729
24.505
24.5417
24.5762
24.6055
24.6344
24.6744
24.7069
24.7334
26.1316
26.9619
28.0625
28.0954
28.2786
28.675
28.8124
28.9429
29.3535
29.3867
30.7921
30.8401
30.8767
30.9065
31.6426
32.4363
32.8143
33.7552
33.7903
34.5678
34.8163
34.9648
35.0052
35.0432
35.0862
35.8965
36.7587
37.6392
38.1592
38.1997
38.2349
39.6442
40.4149
41.0887
41.2131
41.7509
41.7808
41.8122
41.8441
41.8873
41.9203
41.9538
41.9941
42.0332
42.0591
42.0848
42.131
42.167
42.1916
42.2273
42.2664
42.2989
42.3352
43.7341
44.7381
45.9023
47.0877
47.4862
47.5158
47.6097
48.1624
48.1931
48.2213
48.2635
48.2988
48.3294
49.3582
49.4835
49.5195
49.5546
50.4082
50.4452
51.2772
51.317
51.6285
52.1751
53.374
53.4123
53.4439
54.2888
54.4111
55.5135
56.1556
56.6895
57.76
58.2965
59.109
59.2469
59.7721
59.9144
61.0865
61.3829
62.3029
62.4529
63.0991
64.3092
64.5712
64.6841
65.8903
65.9314
65.9735
66.0203
67.3953
67.4404
67.4894
67.5353
67.5827
67.639
67.6875
67.7487
67.7975
67.8514
67.9135
67.9616
68.0058
69.3872
70.7626
72.1771
72.6992
72.9695
73.9017
74.0232
74.064
74.293
75.6605
77.0458
77.2129
77.3574
78.7446
80.1548
80.4114
80.5573
80.6981
81.8944
82.5608
82.6845
83.6009
84.9757
86.3592
87.0904
87.6124
88.5886
88.9523
89.8882
90.4104
91.7496
92.4025
92.4377
93.4759
93.5036
93.5331
93.5645
93.6027
93.6326
93.6665
93.7595
93.7848
93.8184
93.8647
93.903
95.2767
95.3105
96.6722
98.0412
98.0697
98.1008
98.1484
98.1783
98.2066
98.2368
98.2722
100.15
100.257
100.293
101.606
102.399
102.43
102.453
102.488
102.532
102.568
102.606
102.644
104.016
105.386
105.744
105.875
105.913
105.953
106.01
106.051
109.311
109.474
110.848
112.228
112.269
112.31
112.351
112.402
112.443
112.484
112.628
112.675
114.047
114.088
114.283
114.32
114.406
114.443
114.475
115.083
115.128
115.168
115.746
115.774
116.949
117.889
118.163
118.688
119.359
119.39
119.417
120.283
120.321
120.409
121.563
121.61
121.897
122.959
123.094
123.38
124.021
124.301
125.361
125.755
127.159
127.767
128.698
128.842
129.906
130.17
130.299
130.578
131.386
132.681
134.059
134.838
135.496
135.65
135.903
137.006
138.165
138.414
138.971
139.22
140.312
141.27
141.494
142.421
142.847
144.152
144.965
145.495
145.536
146.406
146.445
146.475
146.548
147.75
148.165
148.197
148.226
148.267
149.35
150.289
150.321
150.348
150.416
151.784
151.825
152.907
153.573
154.552
154.591
154.637
154.678
154.718
154.746
154.776
156.165
156.196
156.236
156.279
156.311
156.349
156.407
156.438
156.466
156.498
157.601
157.649
157.679
159.068
160.158
160.405
160.436
160.469
160.496
160.554
160.799
162.162
163.535
164.893
164.933
165.741
167.119
167.179
167.354
167.403
167.431
167.483
167.535
168.901
170.281
171.658
171.704
171.755
171.801
173.174
173.893
175.259
175.302
175.424
175.471
175.602
176.405
176.555
176.639
176.684
176.749
176.804
178.007
178.283
178.324
178.409
178.449
178.489
178.519
179.649
179.755
179.898
180.011
181.085
181.21
181.349
181.392
182.519
183.211
184.014
184.736
184.954
185.75
187.044
187.094
188.162
188.559
188.598
188.646
188.692
189.67
189.913
190.019
190.422
191.217
191.641
192.893
193.492
193.614
194.291
194.959
195.089
196.048
196.286
196.328
197.078
197.201
197.238
197.268
197.301
197.347
197.609
197.665
199.07
199.208
200.241
200.415
201.354
201.401
201.433
201.472
201.502
202.905
203.483
203.914
204.174
204.557
204.588
204.645
204.688
204.717
205.55
205.76
205.803
206.165
206.414
206.823
207.559
207.903
207.936
207.968
208.418
209.664
210.005
210.171
210.209
210.557
210.583
210.951
212.049
212.675
212.711
212.742
212.792
212.84
212.894
212.942
212.977
213.106
213.158
213.2
214.574
215.941
216.674
216.703
216.804
218.179
219.085
219.751
220.552
220.582
220.67
220.703
220.736
220.773
220.815
220.848
222.164
222.286
222.325
223.201
223.473
223.504
223.547
224.939
225.352
225.408
225.477
225.903
225.934
226.008
226.422
227.802
229.178
230.555
231.914
232.282
232.675
233.086
233.203
234.002
234.041
234.081
234.67
235.359
235.467
235.743
235.779
237.146
237.352
237.477
238.863
239.074
239.191
239.485
240.898
242.275
243.551
244.946
246.324
247.699
249.086
250.285
251.2
251.36
251.482
251.612
251.751
253.146
254.544
255.916
256.556
256.952
257.737
257.9
258.015
258.957
259.761
260.303
260.407
261.779
263.143
263.206
264.585
264.686
265.219
266.016
266.069
266.418
267.681
268.017
269.004
269.209
269.656
271.052
271.22
271.479
271.614
271.896
272.163
272.408
273.61
274.946
275.355
276.271
276.686
277.213
280.473
281.861
283.224
283.412
285.637
287.013
288.387
289.766
289.942
293.677
295.108
296.478
297.851
299.227
299.41
299.457
299.512
300.887
302.254
303.647
305.007
305.554
305.593
305.621
306.483
306.878
306.921
306.959
307.002
307.033
307.813
308.877
309.985
310.345
311.156
311.189
311.809
312.476
312.504
312.533
312.567
312.606
312.638
312.666
314.069
314.352
314.472
315.41
315.441
315.472
316.088
317.009
317.152
317.945
317.974
319.351
319.94
319.971
320.002
320.034
320.07
320.999
321.159
322.526
323.895
325.274
326.063
326.103
326.201
326.231
326.264
