0.001396
0.001950
0.001989
0.001936
0.002198
0.001970
0.002165
0.002449
0.002326
0.002471
0.002477
0.002680
0.003857
0.003211
0.003246
0.003010
0.003413
0.003376
0.003901
0.003655
0.002832
0.002956
0.002539
0.002612
0.002778
0.002663
0.002787
0.002783
0.002661
0.002517
0.003304
0.002846
0.003205
0.003078
0.003064
0.003916
0.003603
0.003720
0.003406
0.003169
0.003731
0.003844
0.003857
0.003640
0.003802
0.004195
0.003906
0.003622
0.003802
0.003546
0.003797
0.003916
0.004276
0.004389
0.005460
0.007393
0.004201
0.004251
0.004466
0.004490
0.003979
0.004197
0.004206
0.004040
0.003913
0.004308
0.004110
0.004339
0.005585
0.004172
0.004173
0.004043
0.003614
0.004897
0.003067
0.002688
0.002653
0.002520
0.002940
0.002581
0.002918
0.003438
0.003011
0.002970
0.003041
0.003059
0.002897
0.002990
0.002846
0.002703
0.002922
0.003415
0.003284
0.003397
0.003347
0.004555
0.003001
0.003375
0.003303
0.004086
0.003943
0.003508
0.003278
0.003511
0.002986
0.003264
0.003450
0.004031
0.003700
0.003139
0.003507
0.003184
0.003358
0.003214
0.003145
0.003190
0.003139
0.002733
0.003887
0.003151
0.003283
0.003299
0.003445
0.004009
0.003865
0.003476
0.003844
0.003896
0.003888
0.003567
0.003674
0.003895
0.004280
0.003920
0.003511
0.003453
0.003219
0.003474
0.003543
0.003798
0.003460
0.003983
0.004112
0.003565
0.003949
0.003955
0.003855
0.004136
0.004115
0.004716
0.004323
0.004625
0.004860
0.004958
0.005231
0.005511
0.004972
0.005153
0.006058
0.005963
0.005957
0.005781
0.005455
0.005352
0.004671
0.004874
0.004914
0.004757
0.005419
0.004659
0.004055
0.003802
0.004137
0.004073
0.004173
0.004016
0.003651
0.003676
0.003603
0.003802
0.004658
0.004717
0.005337
0.006300
0.005719
0.005749
0.005143
0.005132
0.005814
0.005594
0.005350
0.005498
0.005275
0.005650
0.005017
0.005349
0.005757
0.005313
0.005340
0.005104
0.004547
0.005048
0.004775
0.004695
0.005029
0.005037
0.004286
0.004303
0.004561
0.004088
0.004477
0.004383
0.004606
0.004579
0.005916
0.004051
0.004107
0.003980
0.003914
0.003728
0.004093
0.004082
0.003838
0.003934
0.004391
0.003670
0.003617
0.003193
0.003689
0.004018
0.003849
0.003869
0.004204
0.004281
0.003928
0.003638
0.004156
0.004492
0.013167
0.004184
0.004476
0.005196
0.004811
0.004756
0.004895
0.004163
0.004242
0.004227
0.004212
0.005142
0.004168
0.005875
0.003974
0.005958
0.004230
0.005068
0.002619
0.004557
0.004751
0.004369
0.009479
0.004434
0.004579
0.004615
0.004446
0.004601
0.004610
0.004620
0.004388
0.004569
0.004689
0.004397
0.004436
0.004911
0.004515
0.004308
0.004342
0.004768
0.004696
0.004389
0.004479
0.004637
0.004008
0.004826
0.003980
0.004922
0.004346
0.004619
0.004347
0.004227
0.004891
0.004969
0.004560
0.005185
0.005786
0.005991
0.005559
0.005320
0.005146
0.005094
0.005133
0.005012
0.004576
0.004981
0.004748
0.004422
0.004800
0.005086
0.004830
0.004954
0.004236
0.005200
0.005326
0.005074
0.005089
0.004129
0.004351
0.004594
0.004447
0.004768
0.004436
0.005496
0.005578
0.006057
0.005012
0.005512
0.005837
0.006887
0.005991
0.005728
0.005548
0.006040
0.005936
0.006317
0.005309
0.005242
0.004856
0.004822
0.004776
0.005112
0.005248
0.005544
0.005437
0.004927
0.004500
0.006845
0.005938
0.005681
0.006158
0.006557
0.005678
0.006005
0.005704
0.006185
0.005839
0.005854
0.005862
0.005335
0.005755
0.005676
0.005817
0.005401
0.005866
0.005824
0.008039
0.005593
0.005441
0.005260
0.005044
0.005080
0.005363
0.005164
0.007091
0.005088
0.004505
0.004650
0.004576
0.009354
0.004995
0.005055
0.004914
0.010493
0.004879
0.005082
0.004748
0.005048
0.004255
0.005090
0.005274
0.004608
0.005366
0.005343
0.005672
0.005660
0.005817
0.005179
0.005891
0.006109
0.006262
0.005578
0.005947
0.005947
0.006040
0.005720
0.005469
0.009656
0.005197
0.005282
0.005270
0.005578
0.005687
0.005659
0.005624
0.005547
0.005570
0.005756
0.005664
0.005679
0.007034
0.005337
0.005775
0.005721
0.005727
0.004701
0.004540
0.004874
0.005221
0.004877
0.005832
0.005825
0.005947
0.006080
0.005880
0.005623
0.005973
0.005988
0.006035
0.005745
0.006042
0.005681
0.006565
0.005474
0.005437
0.005579
0.005029
0.005120
0.004896
0.005265
0.004819
0.004756
0.005077
0.004690
0.004923
0.004972
0.004973
0.005142
0.004942
0.005160
0.006621
0.005099
0.005611
0.005560
0.005550
0.006104
0.005437
0.005244
0.004919
0.006172
0.005717
0.005336
0.005785
0.006172
0.005793
0.006247
0.005663
0.006203
0.006376
0.006348
0.006023
0.006690
0.005687
0.005203
0.005925
0.005196
0.005516
0.006031
0.005961
0.005955
0.006046
0.006589
0.006395
0.006166
0.006870
0.006345
0.005388
0.005301
0.005387
0.005424
0.005188
0.004871
0.005043
0.005036
0.005280
0.004942
0.004847
0.004867
0.004998
0.005164
0.005366
0.005601
0.005365
0.005579
0.005201
0.005435
0.005639
0.005744
0.005808
0.005840
0.006330
0.005623
0.004959
0.005263
0.005277
0.006436
0.006057
0.005023
0.004891
0.004816
0.005428
0.005025
0.005860
0.006077
0.005076
0.005007
0.005428
0.005567
0.005343
0.005445
0.005222
0.010850
0.004972
0.005265
0.005442
0.005448
0.005590
0.005269
0.005455
0.005465
0.004901
0.005200
0.005067
0.004940
0.005070
0.005014
0.011204
0.005264
0.004858
0.005224
0.005091
0.005936
0.005700
0.005478
0.005475
0.006386
0.006973
0.006335
0.006867
0.006682
0.006958
0.006377
0.006215
0.006237
0.006135
0.006110
0.006308
0.006916
0.007233
0.007529
0.006957
0.007519
0.006653
0.006548
0.006245
0.006741
0.006624
0.006864
0.007057
0.006608
0.006733
0.006602
0.007055
0.007371
0.007430
0.007316
0.007441
0.007313
0.004025
0.004700
0.004470
0.009876
0.007258
0.007194
0.007365
0.007359
0.007881
0.007758
0.007493
0.007468
0.007472
0.007325
0.007326
0.005094
0.007356
0.014085
0.011841
0.008047
0.006944
0.007221
0.007573
0.007723
0.004505
0.007330
0.007523
0.007289
0.006862
0.006365
0.008037
0.006515
0.005988
0.005892
0.005782
0.007106
0.005314
0.005382
0.005333
0.005153
0.005069
0.005224
0.005259
0.005108
0.005267
0.005176
0.005303
0.005350
0.004545
0.004780
0.004457
0.004514
0.004618
0.005127
0.005009
0.004807
0.004643
0.004718
0.004180
0.004204
0.004281
0.004443
0.004266
0.005686
0.005722
0.005143
0.005673
0.006398
0.005494
0.005640
0.006487
0.007151
0.006879
0.006101
0.006070
0.006139
0.005919
0.005904
0.011507
0.007876
0.005739
0.005086
0.005232
0.005437
0.004959
0.004855
0.004851
