0.005914
0.005901
0.006227
0.008196
0.007037
0.008004
0.009184
0.008467
0.007244
0.005671
0.007701
0.007043
0.006697
0.008564
0.007426
0.007742
0.006674
0.005881
0.008862
0.004985
0.007446
0.006526
0.004884
0.005899
0.005856
0.004884
0.007310
0.006739
0.008718
0.007495
0.006158
0.007946
0.007255
0.007082
0.008760
0.007337
0.007850
0.006127
0.007556
0.007324
0.007461
0.006908
0.006429
0.005793
0.007548
0.007479
0.006462
0.005996
0.008697
0.005847
0.005438
0.009548
0.008042
0.006081
0.008471
0.006705
0.008147
0.008571
0.009706
0.005219
0.009421
0.008074
0.005844
0.007652
0.008478
0.005054
0.006570
0.008502
0.006488
0.009423
0.009631
0.005686
0.006210
0.005620
0.005919
0.008355
0.008976
0.008834
0.008427
0.008557
0.005959
0.005753
0.005965
0.006814
0.005747
0.007489
0.007468
0.007761
0.007665
0.005426
0.007316
0.007708
0.007439
0.009380
0.007601
0.006487
0.006806
0.008502
0.007410
0.006613
0.006024
0.005710
0.005989
0.007331
0.008739
0.008017
0.005737
0.008223
0.007308
0.004574
0.007436
0.004654
0.007476
0.005961
0.004524
0.007390
0.004306
0.006082
0.007617
0.006531
0.007191
0.008415
0.007507
0.006660
0.007617
0.005974
0.006146
0.006419
0.005658
0.008759
0.006043
0.005816
0.008639
0.007259
0.006237
0.009662
0.007813
0.005740
0.008780
0.007689
0.009822
0.006003
0.006356
0.006850
0.006463
0.005477
0.005411
0.005741
0.009275
0.006793
0.007028
0.007675
0.007413
0.007884
0.009907
0.007733
0.006218
0.007078
0.006267
0.006429
0.007715
0.007244
0.007536
0.006142
0.006628
0.009239
0.008965
0.011071
0.009599
0.009887
0.006262
0.007222
0.008379
0.006366
0.009274
0.010077
0.010016
0.009738
0.009656
0.010146
0.009676
0.007488
0.006172
0.006930
0.008040
0.009510
0.008142
0.008000
0.006756
0.008800
0.008662
0.006627
0.007432
0.009317
0.007436
0.007086
0.007592
0.007658
0.007720
0.006900
0.008586
0.008919
0.006461
0.007817
0.009531
0.006132
0.008540
0.007119
0.007708
0.006580
0.009362
0.008463
0.008603
0.006315
0.006831
0.006807
0.006283
0.007397
0.005227
0.005347
0.008681
0.008321
0.004846
0.006869
0.007344
0.009294
0.007469
0.009564
0.008318
0.004980
0.007442
0.008162
0.007653
0.007341
0.007204
0.007452
0.008587
0.006079
0.008382
0.007801
0.009188
0.007535
0.006251
0.004817
0.008438
0.007211
0.007598
0.012590
0.008015
0.007111
0.006481
0.007295
0.007655
0.006492
0.012543
0.012433
0.009219
0.013541
0.013839
0.011356
0.008164
0.008931
0.007967
0.008670
0.008698
0.008714
0.008707
0.008595
0.008214
0.009884
0.008473
0.006168
0.007343
0.008432
0.007627
0.008486
0.008293
0.008844
0.009655
0.006613
0.006430
0.008032
0.006508
0.007444
0.008175
0.005857
0.006125
0.005743
0.005577
0.006346
0.006293
0.007852
0.006910
0.005992
0.007551
0.005607
0.006757
0.008881
0.010789
0.011284
0.008865
0.008496
0.006037
0.007159
0.005520
0.008724
0.008627
0.008171
0.008758
0.006985
0.009778
0.006616
0.005311
0.005267
0.009364
0.006464
0.007366
0.006923
0.005839
0.007476
0.007099
0.007376
0.009350
0.006132
0.010069
0.009799
0.008240
0.007626
0.005968
0.005950
0.006241
0.007869
0.007214
0.006513
0.007459
0.005831
0.007973
0.006768
0.005913
0.006324
0.007246
0.008195
0.005517
0.010717
0.006285
0.009774
0.008595
0.006600
0.008733
0.007097
0.006257
0.006695
0.008342
0.005573
0.006312
0.008070
0.008097
0.008546
0.008174
0.009522
0.007644
0.007454
0.006438
0.005143
0.005338
0.006936
0.005338
0.007966
0.005661
0.007676
0.006337
0.007937
0.008687
0.007676
0.004935
0.006351
0.009116
0.006536
0.008885
0.008748
0.007535
0.007596
0.006875
0.005500
0.008805
0.006226
0.011466
0.011363
0.010863
0.010560
0.009790
0.008938
0.011588
0.010563
0.008895
0.009421
0.008211
0.008050
0.007023
0.008757
0.007158
0.005767
0.006529
0.006154
0.008791
0.007809
0.009143
0.007383
0.007338
0.006371
0.008537
0.007149
0.006827
0.006165
0.008329
0.007542
0.007866
0.005662
0.008166
0.006103
0.007590
0.006930
0.008378
0.008882
0.007476
0.007862
0.007657
0.007036
0.007826
0.005917
0.006809
0.009171
0.008976
0.007621
0.009856
0.006442
0.008200
0.008399
0.008138
0.006128
0.006781
0.006884
0.007212
0.008669
0.006714
0.007324
0.006196
0.007565
0.005236
0.009159
0.006951
0.007270
0.005435
0.007525
0.008707
0.008319
0.007464
0.007456
0.008739
0.009459
0.007240
0.008778
0.006192
0.005365
0.007634
0.005731
0.005632
0.008619
0.006242
0.007732
0.007264
0.007209
0.005813
0.005458
0.005527
0.005904
0.006563
0.007123
0.009488
0.007401
0.007049
0.009415
0.007716
0.006984
0.008720
0.009788
0.008510
0.007652
0.006784
0.006698
0.005996
0.007668
0.006013
0.010039
0.006724
0.006267
0.007462
0.007485
0.006946
0.006240
0.009379
0.007114
0.009191
0.004256
0.006363
0.008444
0.008162
0.005983
0.007901
0.007591
0.006722
0.008587
0.007802
0.006951
0.007720
0.007464
0.005721
0.007581
0.008852
0.006765
0.007546
0.008394
0.007180
0.007922
0.005373
0.005442
0.006857
0.007210
0.008229
0.008123
0.008685
0.006735
0.007285
0.006236
0.007172
0.007886
0.007495
0.009951
0.009594
0.008489
0.006174
0.005760
0.007399
0.006017
0.005543
0.005615
0.007513
0.008994
0.005571
0.008931
0.005867
0.005707
0.007110
0.006444
0.007339
0.008378
0.007394
0.007212
0.007363
0.014429
0.014191
0.013523
0.011467
0.014207
0.012224
0.010454
0.006452
0.006471
0.006198
0.008748
0.008484
0.012155
0.009868
0.011071
0.010799
0.007708
0.005191
0.007082
0.005705
0.006268
0.009046
0.009875
0.007754
0.011317
0.006647
0.005891
0.008090
0.007045
0.006876
0.007084
0.006913
0.006935
0.007240
0.005558
0.007260
0.008398
0.009846
0.005482
0.007456
0.006855
0.006698
0.006881
0.007108
0.007855
0.010028
0.007246
0.008771
0.007901
0.009298
0.007552
0.010054
0.009448
0.013025
0.012417
0.012770
0.008775
0.009503
0.007737
0.009526
0.008965
0.003975
0.008345
0.009612
0.007990
0.006886
0.007113
0.005780
0.008639
0.014103
0.012960
0.005594
0.007171
0.006372
0.006855
0.007374
0.006933
0.006406
0.008016
0.007365
0.007342
0.006647
0.005371
0.008517
0.005979
0.007318
0.006623
0.006945
0.006773
0.008790
0.008098
0.005594
0.005122
0.008592
0.005561
0.008599
0.005196
0.008335
0.007810
0.008272
0.006150
0.005725
0.006004
0.008785
0.008395
0.008290
0.007692
0.007714
0.007391
0.007268
0.007955
0.008111
0.007788
0.007572
0.006958
0.013278
0.011014
0.007630
0.007331
0.007764
0.007946
0.007149
0.007395
0.009437
