0.000000
0.000000
0.233333
0.733333
1.286667
1.886667
2.407656
3.206959
4.201038
5.262338
6.254027
7.238671
8.208078
9.197971
10.188103
11.173739
12.227062
13.201534
14.179818
15.162933
16.150394
17.136264
18.216393
19.214280
20.200395
21.197654
22.175598
23.167275
24.123409
25.020845
25.753836
26.684618
27.671958
28.665691
29.642380
30.689905
31.676548
32.621269
33.515876
34.415503
35.384416
36.158287
36.510824
37.185148
38.164308
39.147358
40.081585
40.462476
40.824175
41.698910
42.690509
43.679364
44.673480
45.632640
46.603936
47.505633
48.491928
49.478890
50.513865
51.508075
52.502549
53.492938
54.521500
55.510785
56.490472
57.457974
58.437884
59.402738
60.459099
61.448881
62.426249
63.392365
64.381806
65.358292
66.295178
67.355449
68.343641
69.314227
70.275798
71.237147
72.230859
73.206551
73.937665
74.504967
75.360457
76.355396
77.284000
78.270979
79.231834
79.747442
80.230640
80.894334
81.827566
82.810476
83.782743
84.842773
85.798619
86.763236
87.704410
88.710004
89.719682
90.774026
91.759820
92.747284
93.729249
94.721869
95.693342
96.681444
97.714496
98.667023
99.620510
100.320230
101.090366
102.059192
103.047335
104.101777
105.086135
106.066701
107.067782
107.960507
108.931570
109.992863
110.985174
111.977995
112.964823
113.953169
114.769626
115.768237
116.869436
117.787295
118.681063
119.501360
120.087656
120.328143
120.987127
121.933205
122.933161
123.918787
124.913777
125.900895
126.891230
127.947507
128.937293
129.908170
130.891171
131.824752
132.765946
133.753337
134.809929
135.801575
136.790853
137.777039
138.695298
139.672960
140.697567
141.690190
142.669363
143.663114
144.621525
145.597753
146.582648
147.623776
148.606054
149.593635
150.527527
151.110481
151.794706
152.806398
153.800002
154.790277
155.758649
156.462111
157.230978
158.200870
159.175197
160.162261
161.000255
161.370286
161.891901
162.827322
163.809784
164.809921
165.559582
166.496535
167.475837
168.206842
168.604126
169.430270
170.409509
171.399589
172.231072
172.567295
173.204193
173.400377
173.846428
174.775722
175.768770
176.756379
177.713033
178.706786
179.763322
180.682070
181.457136
182.005594
183.049320
184.073561
185.066357
186.135507
187.123765
188.023339
188.444536
188.884616
189.701387
190.663625
191.735270
192.803238
193.806170
194.796313
195.786900
196.772841
197.834138
198.815882
199.701945
200.534486
201.565696
202.542528
203.380548
204.278644
205.238476
206.146468
207.095391
208.032664
209.023032
210.071718
211.059934
212.044434
213.006730
213.975327
214.938339
215.934628
216.985404
217.976056
218.968359
219.945755
220.932099
221.865112
222.638889
223.656881
224.650327
225.638208
226.629456
227.613470
228.602986
229.656304
230.624272
231.583428
232.577671
233.546855
234.501028
235.488942
236.514481
237.395540
238.004853
238.822615
239.825198
240.798422
241.859217
242.865670
243.850929
244.838731
245.827199
246.794660
247.769573
248.695230
249.672305
250.633667
251.617860
252.613909
253.604666
254.595856
255.652363
256.644062
257.781341
258.674745
259.376422
259.943996
260.720586
261.696063
262.671950
263.693529
264.671767
265.673133
266.644779
267.690282
268.661321
269.649390
270.622323
271.594398
272.221373
272.693029
273.585881
274.555553
275.520865
276.470030
277.392629
278.299164
278.953475
279.814886
280.841432
281.794063
282.276407
282.602199
283.168006
284.075819
285.047015
286.028565
286.993788
287.693851
288.602394
289.125593
289.854597
290.767802
291.754362
292.745303
293.544111
294.167630
294.670687
295.500842
296.492024
297.475672
298.467640
299.455900
300.323715
300.540069
301.144774
301.877340
302.343201
303.041753
303.999405
305.064296
306.045598
307.001301
307.987454
308.977856
309.965730
310.790115
311.671069
312.654730
313.655492
314.589361
315.252324
316.143235
317.207655
318.162734
319.041544
320.039516
320.994204
321.936063
322.930092
323.960891
324.932967
325.925233
326.897077
327.641093
328.599715
329.654029
330.624375
331.455471
332.210087
333.179035
334.166783
335.135445
336.180071
337.001205
337.721282
338.621829
339.611463
340.607903
341.600002
342.659113
343.570781
344.147825
344.933792
345.925752
346.884127
347.937475
348.926250
349.904722
350.896451
351.857936
352.812404
353.660517
354.662889
355.616864
356.604533
357.594343
358.584695
359.574070
360.602473
361.591638
362.540109
363.541201
364.524832
365.513118
366.505373
367.558808
368.516185
369.507732
370.495666
371.474334
372.436999
373.426843
374.483248
375.474104
376.468668
377.470957
378.425716
379.406515
380.464767
381.452433
382.433273
383.350307
384.347528
384.876009
385.161061
385.993881
386.970363
387.968966
388.951438
389.935367
390.938393
391.947971
392.870562
393.860426
394.848079
395.818420
396.772678
397.756706
398.779911
399.733810
400.725468
401.711936
402.675107
403.672571
404.666483
405.726056
406.733153
407.733061
408.716730
409.694464
410.445320
410.672338
411.337864
412.268590
413.251212
414.238937
415.227676
416.219034
417.274456
418.265369
419.262942
420.235221
421.001686
421.982790
423.076438
424.067494
425.055786
426.039691
426.956643
427.712792
428.566340
429.610767
430.437057
431.393961
432.315017
433.156165
433.886051
434.671049
435.694960
436.685148
437.677147
438.484725
438.899082
439.505093
439.797790
440.548802
441.550303
442.488377
443.467496
444.471779
445.465309
446.522014
447.511496
448.502004
449.492541
450.467861
451.437042
452.488601
453.475198
454.455675
455.471646
456.104157
456.350597
457.096693
458.132657
459.127737
460.116812
461.107638
462.097920
463.086843
464.126284
465.057546
466.030475
467.009383
468.005801
468.988362
469.960510
470.586716
471.110178
472.001255
473.130060
474.144238
475.134743
476.118507
477.180500
478.164119
479.167294
480.150726
481.133700
482.115211
483.159724
484.153005
485.133154
486.122445
487.115520
488.207024
489.160709
489.874074
490.732656
491.719131
492.693330
493.724952
494.466357
495.174873
496.098100
497.083769
497.948616
498.695384
499.587943
500.554583
501.608209
502.580465
503.565622
504.555106
505.543665
506.510148
507.496587
508.535157
509.484228
510.469261
511.465475
512.454952
513.447105
514.463809
515.452243
516.449540
517.438297
518.464980
519.417981
519.825142
520.511256
521.360698
521.804743
522.603675
523.716466
524.847240
526.069868
526.953669
527.157610
527.637457
528.464954
529.440276
530.431103
531.463202
532.440837
533.433853
534.421041
535.188824
535.538715
535.899222
536.389863
537.300842
538.300510
539.291624
540.278324
541.252427
541.835843
542.512954
543.265086
544.151545
545.155934
546.142841
547.117336
548.176772
549.168841
550.159203
551.149187
552.140003
553.111334
554.096362
555.146226
556.094470
557.105012
558.011608
558.978232
559.838426
560.810805
561.751174
562.709463
563.491545
564.425753
565.414472
566.360223
567.102277
567.934476
568.901015
569.884566
570.870788
571.687149
572.545810
573.519918
574.498922
575.488931
576.381828
577.261999
578.244939
579.299145
580.260601
581.149204
581.839851
582.189391
582.915923
583.860472
584.922612
585.919069
586.920963
587.912969
588.885646
589.866887
