0.000000
0.000000
0.165733
0.391799
0.542675
0.656155
0.709670
0.828436
0.961119
1.080354
1.159754
1.232960
1.288359
1.338669
1.382175
1.419612
1.457221
1.488171
1.513151
1.536117
1.554484
1.576314
1.601996
1.618581
1.630509
1.646908
1.658485
1.670196
1.676669
1.682526
1.675471
1.681345
1.687869
1.699113
1.706432
1.717292
1.722693
1.727889
1.730210
1.731949
1.734301
1.732469
1.708428
1.700197
1.704507
1.711549
1.715014
1.695049
1.673291
1.676609
1.682651
1.688347
1.693403
1.698206
1.702677
1.704483
1.708122
1.713786
1.719854
1.723539
1.727625
1.732790
1.737954
1.741733
1.744328
1.747979
1.751161
1.753466
1.757929
1.762139
1.764897
1.766964
1.769124
1.772623
1.773862
1.778110
1.779854
1.783106
1.784960
1.786687
1.788025
1.791000
1.786948
1.779279
1.777809
1.780884
1.781753
1.783904
1.784972
1.777102
1.768327
1.763190
1.763480
1.766539
1.768550
1.772286
1.772843
1.775074
1.776160
1.777954
1.779864
1.784140
1.785973
1.788033
1.789023
1.791356
1.792936
1.794683
1.796737
1.797911
1.798707
1.795512
1.792556
1.794180
1.795744
1.798790
1.799616
1.801190
1.803286
1.803129
1.803854
1.806557
1.808275
1.809542
1.810609
1.812103
1.810612
1.812412
1.814871
1.815375
1.815144
1.813871
1.808610
1.799134
1.795666
1.796477
1.797385
1.798916
1.800352
1.801823
1.802424
1.805061
1.806226
1.807138
1.808031
1.808736
1.809215
1.810553
1.812048
1.813527
1.814590
1.815658
1.815327
1.816654
1.818280
1.819410
1.819749
1.821213
1.821873
1.822683
1.823201
1.825268
1.826020
1.827107
1.827075
1.823061
1.820507
1.821890
1.822364
1.823610
1.824385
1.821745
1.819823
1.821100
1.821654
1.822560
1.821417
1.815545
1.811209
1.811660
1.812060
1.813564
1.811686
1.812142
1.812630
1.810930
1.805403
1.804854
1.805241
1.806367
1.805813
1.799719
1.796943
1.789809
1.785036
1.785647
1.786252
1.787509
1.788266
1.789195
1.790593
1.791058
1.789859
1.786445
1.787679
1.789362
1.790230
1.791777
1.792526
1.792763
1.788217
1.784092
1.783222
1.783961
1.785621
1.787224
1.788156
1.789235
1.789958
1.790831
1.792049
1.792839
1.793027
1.792359
1.793572
1.794461
1.793581
1.793949
1.794208
1.794568
1.794959
1.795368
1.795759
1.797468
1.798214
1.798953
1.799287
1.799983
1.800537
1.801224
1.802257
1.803349
1.804123
1.804741
1.805101
1.805509
1.804492
1.805544
1.805966
1.806838
1.807167
1.808296
1.808542
1.809939
1.810417
1.811030
1.811429
1.812213
1.812476
1.813204
1.813756
1.813780
1.811569
1.810845
1.811459
1.811842
1.813267
1.814023
1.814331
1.815130
1.815767
1.816325
1.816649
1.816793
1.817273
1.817776
1.818083
1.818836
1.819434
1.819984
1.820929
1.821611
1.823216
1.823158
1.821472
1.819213
1.818287
1.818844
1.819028
1.819977
1.820451
1.821097
1.821307
1.822394
1.822816
1.823326
1.823670
1.824138
1.822163
1.819352
1.819056
1.819597
1.819961
1.820297
1.820109
1.820100
1.818613
1.818305
1.818906
1.819339
1.816588
1.812872
1.810566
1.810694
1.811113
1.811596
1.811814
1.810672
1.810679
1.808301
1.807060
1.807266
1.807780
1.808358
1.807544
1.805981
1.803502
1.803068
1.803469
1.804124
1.804320
1.805230
1.804831
1.800843
1.799066
1.798194
1.795366
1.794338
1.794698
1.795677
1.796078
1.796615
1.797028
1.797576
1.798032
1.797740
1.797608
1.798075
1.798477
1.798830
1.797483
1.797421
1.798258
1.798697
1.798556
1.799209
1.799279
1.799667
1.800286
1.800981
1.801171
1.801809
1.802196
1.801366
1.801530
1.802493
1.802871
1.802476
1.801591
1.802053
1.802610
1.802934
1.803550
1.803276
1.802257
1.802279
1.802594
1.803249
1.803702
1.804522
1.804458
1.802877
1.802277
1.802666
1.802918
1.803827
1.804358
1.804733
1.805003
1.805445
1.805723
1.805372
1.805806
1.806195
1.806616
1.807069
1.807310
1.807812
1.808542
1.809002
1.809079
1.809674
1.810064
1.810501
1.810773
1.811578
1.811886
1.812304
1.812599
1.813057
1.813328
1.813736
1.814347
1.814869
1.815287
1.815733
1.815852
1.816326
1.817029
1.817411
1.817645
1.817788
1.818125
1.816408
1.813374
1.813129
1.813457
1.813888
1.814139
1.814602
1.815009
1.815512
1.815463
1.815959
1.816335
1.816620
1.816702
1.817172
1.817693
1.817890
1.818156
1.818618
1.818863
1.819266
1.819522
1.820304
1.820739
1.821145
1.821358
1.821768
1.821063
1.818033
1.816831
1.817059
1.817385
1.817724
1.817977
1.818436
1.819077
1.819431
1.819660
1.820076
1.819455
1.819718
1.820456
1.820919
1.821235
1.821555
1.821482
1.820935
1.820683
1.821249
1.820793
1.821088
1.821010
1.820867
1.820017
1.819590
1.820038
1.820402
1.820631
1.820307
1.818262
1.817000
1.814349
1.813796
1.814215
1.814339
1.814539
1.814996
1.815348
1.815994
1.816225
1.816655
1.816950
1.817235
1.817362
1.818053
1.818349
1.818574
1.819034
1.817961
1.815341
1.814708
1.815081
1.815606
1.815907
1.816186
1.816413
1.816834
1.817398
1.817444
1.817651
1.817971
1.818386
1.818615
1.818733
1.817787
1.816295
1.816184
1.817036
1.817419
1.817807
1.818124
1.818552
1.818979
1.819305
1.819602
1.819778
1.820079
1.820591
1.820968
1.821065
1.821503
1.821793
1.822431
1.822553
1.821892
1.821693
1.821916
1.822177
1.822676
1.822049
1.821256
1.821238
1.821612
1.821497
1.820867
1.820748
1.820997
1.821526
1.821781
1.821968
1.822307
1.822626
1.822825
1.822950
1.823506
1.823660
1.823940
1.824245
1.824491
1.824648
1.825169
1.825443
1.825683
1.825890
1.826404
1.826550
1.824758
1.823912
1.823762
1.822097
1.821737
1.822298
1.823177
1.824281
1.824183
1.821666
1.820249
1.819954
1.820190
1.820370
1.820884
1.821114
1.821395
1.821538
1.821169
1.819258
1.817402
1.815910
1.815997
1.816306
1.816586
1.816786
1.817070
1.815980
1.815207
1.814606
1.814619
1.814942
1.815205
1.815332
1.815900
1.816209
1.816480
1.816659
1.816923
1.817228
1.817478
1.817849
1.818068
1.818400
1.818392
1.818509
1.818419
1.818624
1.818724
1.818778
1.818471
1.818552
1.818798
1.818826
1.818387
1.818141
1.818325
1.818500
1.818807
1.818511
1.818350
1.818465
1.818777
1.819032
1.818980
1.818792
1.819119
1.819573
1.819735
1.819603
1.818983
1.817235
1.816668
1.816668
1.817258
1.817530
1.817818
1.818021
1.818272
1.818494
