1.60614
1.60648
2.10636
2.60638
3.14239
3.6063
4.10723
4.60992
5.12723
5.6262
6.10828
6.60705
7.12703
7.62861
8.10729
8.6065
9.10678
9.62775
10.1254
10.6112
11.1077
11.6313
12.124
12.6129
13.1075
13.6254
14.1236
14.6072
15.1073
15.6289
16.1223
16.6065
17.1085
17.6246
18.1352
18.6069
19.1191
19.6268
20.1224
20.6135
21.1076
21.6285
22.1371
22.6064
23.1074
23.6218
24.1247
24.6069
25.1081
25.6193
26.1322
26.6064
27.1078
27.6188
28.1154
28.6127
29.1078
29.6254
30.1236
30.6066
31.107
31.629
32.1246
32.6064
33.1075
33.6229
34.1197
34.6065
35.1065
35.6245
36.1268
36.6062
37.1071
37.6229
38.1266
38.6123
39.1089
39.6271
40.133
40.6072
41.1069
41.6153
42.1315
42.6091
43.1114
43.6146
44.124
44.6093
45.1105
45.6289
46.1229
46.6093
47.1066
47.6196
48.1358
48.612
49.1087
49.6203
50.1307
50.6132
51.1192
51.6446
52.1427
52.6127
53.1127
53.6177
54.126
54.6117
55.1071
55.6216
56.1189
56.613
57.1192
57.6203
58.1291
58.6186
59.1188
59.632
60.1284
60.6216
61.1082
61.6295
62.1229
62.6201
63.1109
63.6465
64.1251
64.6189
65.1217
65.6155
66.13
66.6176
67.1187
67.6483
68.1327
68.6155
69.112
69.618
70.1302
70.6285
71.1174
71.6195
72.1351
72.6176
73.1198
73.6372
74.1288
74.6167
75.118
75.6239
76.131
76.6171
77.1187
77.6311
78.137
78.6248
79.1141
79.621
80.1354
80.6176
81.1155
81.6238
82.1331
82.6123
83.1174
83.6216
84.1234
84.6235
85.1154
85.6183
86.1306
86.6157
87.1107
87.6286
88.1347
88.6065
89.1143
89.6212
90.1276
90.6172
91.1181
91.618
92.1343
92.6115
93.1195
93.6153
94.1283
94.6187
95.1236
95.6152
96.1316
96.6209
97.1105
97.6269
98.1227
98.6165
99.1255
99.6191
100.136
100.62
101.112
101.63
102.128
102.615
103.116
103.622
104.13
104.61
105.11
105.624
106.126
106.614
107.116
107.618
108.116
108.611
109.113
109.62
110.118
110.606
111.116
111.62
112.13
112.633
113.112
113.628
114.117
114.607
115.128
115.613
116.124
116.607
117.121
117.617
118.133
118.609
119.107
119.623
120.118
120.611
121.109
121.63
122.131
122.607
123.107
123.618
124.128
124.617
125.115
125.621
126.128
126.615
127.141
127.623
128.137
128.621
129.122
129.625
130.129
130.608
131.116
131.637
132.135
132.62
133.115
133.646
134.128
134.642
135.118
135.631
136.137
136.622
137.119
137.623
138.123
138.624
139.123
139.626
140.132
140.624
141.121
141.656
142.131
142.623
143.123
143.629
144.152
144.625
145.123
145.623
146.137
146.627
147.123
147.628
148.138
148.624
149.123
149.644
150.132
150.624
151.129
151.627
152.134
152.623
153.123
153.626
154.139
154.638
155.123
155.629
156.136
156.623
157.123
157.629
158.132
158.622
159.122
159.63
160.136
160.622
161.124
161.627
162.136
162.623
163.123
163.624
164.135
164.62
165.123
165.63
166.136
166.623
167.153
167.62
168.135
168.623
169.125
169.616
170.137
170.622
171.122
171.628
172.131
172.62
173.122
173.626
174.127
174.613
175.116
175.624
176.135
176.62
177.12
177.631
178.132
178.62
179.122
179.628
180.136
180.628
181.112
181.622
182.136
182.622
183.128
183.635
184.135
184.622
185.122
185.635
186.133
186.623
187.114
187.627
188.134
188.617
189.123
189.635
190.136
190.62
191.123
191.658
192.136
192.623
193.122
193.643
194.136
194.624
195.114
195.629
196.137
196.622
197.12
197.636
198.136
198.622
199.123
199.637
200.143
200.635
201.123
201.63
202.135
202.622
203.123
203.639
204.138
204.629
205.123
205.635
206.135
206.629
207.124
207.633
208.136
208.622
209.122
209.634
210.136
210.621
211.123
211.633
212.135
212.623
213.133
213.631
214.135
214.632
215.123
215.631
216.136
216.622
217.127
217.646
218.137
218.623
219.122
219.629
220.137
220.625
221.123
221.639
222.137
222.623
223.123
223.629
224.137
224.633
225.124
225.627
226.137
226.623
227.122
227.63
228.139
228.622
229.122
229.631
230.136
230.623
231.123
231.63
232.142
232.626
233.124
233.636
234.136
234.621
235.124
235.63
236.135
236.621
237.122
237.627
238.135
238.623
239.139
239.625
240.132
240.619
241.122
241.623
242.133
242.62
243.119
243.624
244.134
244.622
245.119
245.625
246.132
246.623
247.123
247.629
248.131
248.618
249.123
249.632
250.137
250.639
251.124
251.636
252.127
252.622
253.146
253.631
254.138
254.613
255.116
255.654
256.136
256.621
257.114
257.65
258.126
258.62
259.109
259.634
260.135
260.613
261.115
261.631
262.12
262.623
263.113
263.62
264.13
264.609
265.114
265.632
266.126
266.622
267.121
267.622
268.136
268.614
269.117
269.638
270.128
270.617
271.117
271.637
272.122
272.614
273.114
273.629
274.131
274.616
275.108
275.623
276.121
276.614
277.112
277.63
278.12
278.612
279.107
279.617
280.128
280.636
281.109
281.613
282.107
282.611
283.13
283.614
284.107
284.617
285.125
285.613
286.107
286.609
287.117
287.619
288.111
288.626
289.128
289.616
290.107
290.608
291.117
291.614
292.109
292.61
293.121
293.614
294.108
294.608
295.125
295.614
296.108
296.608
297.118
297.612
298.109
298.608
299.116
299.615
300.107
300.617
301.119
301.611
302.108
302.608
303.122
303.625
304.107
304.61
305.121
305.633
306.107
306.607
307.121
307.633
308.107
308.608
309.117
309.622
310.107
310.608
311.123
311.614
312.107
312.611
313.122
313.628
314.107
314.608
315.122
315.618
316.107
316.63
317.122
317.618
318.107
318.607
319.122
319.618
320.107
320.609
321.117
321.611
322.108
322.622
323.126
323.617
324.108
324.608
325.116
325.614
326.107
