0.000000
0.000000
0.002000
0.002000
42.226000
45.670000
50.244000
60.510000
70.332000
76.908000
83.665000
90.529000
95.363000
103.337000
112.879000
123.765000
135.149000
151.562000
159.007000
165.356000
177.810000
190.526000
203.910000
215.944000
230.794000
242.890000
253.245000
260.205000
263.088000
271.456000
282.446000
285.566000
288.103000
293.071000
300.450000
305.076000
312.345000
325.935000
334.530000
341.233000
360.460000
369.143000
375.588000
377.458000
387.384000
400.596000
416.337000
418.210000
418.885000
419.142000
419.283000
420.419000
425.076000
428.915000
431.874000
438.720000
445.224000
448.063000
452.322000
456.162000
462.724000
473.053000
488.789000
499.788000
511.187000
520.855000
525.946000
529.886000
537.542000
545.883000
556.007000
560.671000
563.627000
570.154000
582.098000
585.750000
592.769000
602.206000
614.464000
626.704000
639.466000
652.327000
657.201000
657.789000
658.273000
658.541000
658.674000
658.772000
677.283000
687.948000
692.993000
693.592000
694.717000
698.392000
708.774000
715.808000
722.916000
731.999000
742.554000
750.650000
760.727000
772.312000
787.988000
796.181000
800.419000
809.644000
822.837000
827.056000
832.883000
849.161000
867.797000
876.313000
889.849000
893.285000
901.207000
908.765000
920.338000
935.009000
954.495000
962.936000
972.065000
982.769000
998.708000
1009.361000
1018.656000
1025.050000
1030.317000
1033.268000
1036.220000
1038.516000
1042.381000
1043.094000
1043.722000
1045.052000
1045.077000
1045.118000
1045.313000
1045.416000
1045.500000
1045.526000
1045.530000
1045.732000
1057.764000
1067.562000
1078.588000
1085.351000
1092.146000
1093.389000
1094.211000
1094.875000
1094.986000
1095.050000
1096.035000
1099.553000
1100.014000
1100.368000
1100.662000
1100.783000
1103.281000
1106.500000
1111.541000
1117.172000
1125.127000
1129.387000
1134.023000
1139.336000
1142.240000
1142.464000
1142.572000
1142.572000
1143.807000
1146.846000
1151.358000
1154.555000
1161.171000
1166.270000
1173.586000
1174.454000
1188.073000
1190.472000
1195.036000
1197.537000
1212.402000
1222.229000
1226.313000
1231.806000
1234.354000
1234.886000
1235.046000
1235.462000
1235.646000
1235.822000
1235.853000
1235.857000
1235.863000
1236.171000
1236.464000
1239.375000
1244.613000
1246.767000
1249.198000
1253.456000
1261.939000
1268.792000
1272.653000
1273.247000
1273.275000
1273.279000
1273.279000
1273.821000
1278.459000
1279.158000
1279.344000
1279.373000
1279.373000
1279.373000
1279.373000
1279.373000
1279.374000
1279.404000
1279.434000
1279.476000
1279.816000
1279.909000
1280.073000
1280.118000
1280.881000
1283.476000
1286.804000
1290.530000
1292.863000
1296.027000
1302.749000
1314.062000
1330.264000
1339.406000
1349.812000
1359.830000
1366.103000
1371.263000
1377.759000
1384.474000
1391.871000
1397.847000
1407.168000
1420.913000
1430.688000
1433.530000
1438.675000
1446.673000
1455.190000
1462.136000
1472.790000
1487.248000
1510.707000
1521.570000
1535.868000
1545.972000
1554.228000
1559.104000
1564.601000
1571.248000
1574.636000
1585.435000
1592.078000
1597.409000
1604.802000
1611.281000
1619.538000
1628.146000
1636.385000
1639.924000
1644.670000
1651.465000
1663.495000
1675.191000
1691.528000
1699.341000
1708.366000
1716.834000
1726.351000
1734.799000
1738.968000
1741.331000
1746.374000
1753.871000
1762.051000
1766.248000
1777.211000
1786.938000
1797.698000
1808.422000
1815.442000
1821.921000
1827.075000
1830.414000
1836.276000
1840.788000
1842.409000
1846.748000
1848.638000
1848.784000
1849.503000
1849.753000
1850.025000
1857.191000
1868.095000
1880.061000
1882.996000
1886.329000
1892.200000
1893.795000
1893.974000
1899.808000
1904.374000
1905.147000
1908.557000
1913.892000
1917.653000
1923.957000
1929.697000
1930.334000
1930.559000
1930.564000
1930.566000
1930.597000
1930.729000
1930.866000
1930.925000
1930.960000
1932.986000
1934.245000
1938.857000
1942.662000
1946.275000
1947.260000
1947.427000
1947.463000
1947.472000
1947.474000
1947.481000
1947.530000
1947.539000
1947.560000
1947.655000
1947.695000
1949.286000
1950.794000
1951.124000
1951.144000
1951.200000
1952.927000
1956.533000
1964.046000
1972.818000
1977.906000
1982.602000
1992.202000
2000.437000
2005.302000
2012.523000
2019.481000
2026.364000
2031.696000
2039.807000
2047.548000
2054.378000
2058.115000
2063.296000
2067.881000
2074.086000
2085.692000
2092.893000
2097.743000
2113.689000
2120.792000
2124.429000
2132.065000
2141.271000
2146.189000
2153.107000
2161.526000
2169.442000
2174.337000
2192.325000
2206.897000
2219.501000
2227.585000
2234.488000
2247.851000
2263.754000
2277.272000
2284.387000
2296.792000
2302.525000
2306.575000
2315.771000
2326.454000
2337.184000
2345.815000
2354.547000
2359.477000
2361.467000
2362.704000
2365.805000
2372.212000
2385.649000
2394.512000
2403.150000
2410.402000
2415.372000
2419.132000
2426.051000
2434.342000
2441.510000
2447.336000
2451.830000
2458.055000
2469.456000
2478.187000
2484.106000
2491.042000
2494.707000
2499.432000
2501.008000
2501.190000
2501.192000
2501.192000
2501.248000
2501.445000
2501.563000
2501.573000
2505.432000
2508.931000
2515.328000
2523.246000
2531.285000
2543.073000
2560.803000
2567.775000
2572.088000
2577.403000
2584.349000
2588.170000
2592.200000
2595.267000
2597.235000
2599.423000
2606.379000
2613.877000
2618.298000
2621.607000
2623.912000
2624.465000
2624.513000
2624.515000
2624.515000
2624.515000
2624.526000
2624.528000
2624.528000
2624.532000
2626.725000
2630.256000
2636.312000
2643.492000
2649.692000
2654.605000
2661.424000
2673.468000
2680.786000
2682.979000
2688.751000
2696.646000
2698.936000
2701.509000
2707.989000
2715.026000
2715.806000
2716.179000
2716.307000
2716.325000
2716.393000
2716.399000
2716.421000
2716.435000
2716.436000
2716.436000
2716.447000
2716.451000
2716.452000
2716.453000
2716.484000
2716.501000
2716.502000
2716.503000
2716.604000
2716.692000
2717.451000
2719.563000
2725.255000
2733.403000
2736.298000
2736.638000
2736.848000
2737.081000
2737.224000
2737.410000
2737.532000
2737.688000
2737.839000
2738.375000
2743.432000
2747.948000
2751.438000
2752.841000
2754.827000
2759.878000
2761.414000
2761.984000
2762.630000
2762.726000
2762.806000
2762.918000
2766.350000
2769.671000
2775.012000
2780.453000
2794.409000
2805.688000
2815.222000
2821.234000
2826.484000
2831.368000
2836.411000
2841.372000
2848.462000
2870.128000
2881.101000
2886.907000
2891.029000
2897.036000
2902.922000
2904.342000
2904.922000
2910.332000
2911.888000
2914.427000
2920.298000
2925.528000
2928.464000
2931.529000
2935.219000
2937.616000
2938.638000
2938.943000
2939.197000
2939.279000
2939.325000
2939.339000
2939.459000
2941.197000
2942.135000
2942.405000
2942.673000
2942.696000
2942.708000
2942.740000
2942.741000
2944.853000
2945.821000
2945.939000
2946.155000
2946.173000
2946.186000
2946.189000
2946.190000
2946.190000
2947.888000
2951.169000
2951.899000
2951.915000
2951.934000
2951.937000
2951.937000
2951.937000
2951.939000
2951.942000
2951.945000
2951.952000
2951.953000
2951.954000
2951.957000
2951.962000
2952.000000
2952.013000
2953.355000
2955.723000
2956.696000
2956.714000
2956.752000
2956.796000
2956.981000
2956.981000
2956.996000
2956.999000
2956.999000
2957.004000
2959.803000
2966.052000
2973.867000
2981.741000
2989.094000
2994.319000
3001.503000
3008.612000
3016.601000
3019.149000
3024.618000
3031.995000
3044.130000
3053.219000
3065.388000
3069.556000
3072.066000
3072.359000
3072.814000
3074.092000
3078.063000
3098.147000
3109.495000
3118.478000
3131.215000
3135.403000
3139.749000
3141.705000
3142.342000
3143.194000
3146.217000
3148.730000
3153.273000
3155.302000
3155.448000
3155.533000
3155.599000
3155.653000
3155.815000
3156.260000
3157.594000
3160.018000
3164.072000
