0.002913
0.004051
0.003739
0.005194
0.007876
0.006972
0.004978
0.004292
0.005031
0.004799
0.006513
0.003800
0.004191
0.004888
0.005721
0.005254
0.004861
0.005445
0.005314
0.006351
0.005229
0.004872
0.005306
0.005275
0.004463
0.004475
0.004745
0.005064
0.005292
0.005214
0.005099
0.005416
0.005453
0.004498
0.002339
0.002755
0.005847
0.005611
0.005183
0.005353
0.004257
0.005486
0.004907
0.004841
0.005521
0.006298
0.003703
0.004213
0.002582
0.003084
0.003801
0.003839
0.004479
0.009102
0.009451
0.011656
0.010740
0.008119
0.006239
0.003263
0.003278
0.003374
0.002980
0.008553
0.004214
0.004356
0.004337
0.003744
0.004351
0.011566
0.012448
0.008783
0.010741
0.008071
0.004874
0.003763
0.003414
0.004977
0.006111
0.007350
0.008137
0.005810
0.003757
0.003749
0.003228
0.004530
0.004419
0.004380
0.004306
0.003680
0.004246
0.003638
0.004462
0.003362
0.008343
0.004244
0.004298
0.004291
0.004321
0.004287
0.004314
0.004301
0.004264
0.004311
0.004394
0.004329
0.004293
0.003783
0.004140
0.005318
0.005294
0.007521
0.006710
0.008674
0.010383
0.005958
0.006278
0.004986
0.005113
0.004071
0.003397
0.003327
0.003370
0.002965
0.007293
0.006756
0.008559
0.008595
0.007215
0.004317
0.003284
0.004401
0.003965
0.008420
0.007740
0.007782
0.008744
0.004510
0.008514
0.004343
0.003973
0.007184
0.010426
0.011065
0.010399
0.007531
0.009691
0.008221
0.006892
0.006396
