157.824219
157.824219
159.890625
166.566406
166.566406
166.566406
166.566406
166.566406
166.566406
166.566406
166.566406
167.105469
167.105469
167.105469
167.105469
167.105469
167.105469
167.105469
167.105469
167.105469
167.105469
167.105469
167.105469
167.105469
167.105469
167.105469
167.105469
167.105469
167.105469
167.105469
167.105469
167.105469
167.105469
167.105469
167.105469
167.105469
167.105469
167.105469
167.105469
167.105469
167.105469
167.105469
167.105469
167.105469
167.105469
167.105469
167.105469
167.105469
167.105469
167.105469
167.105469
167.105469
167.105469
168.394531
168.394531
168.394531
168.394531
168.394531
168.394531
168.394531
168.394531
168.394531
168.394531
168.394531
168.394531
168.394531
168.394531
168.394531
168.394531
168.394531
168.394531
168.394531
168.394531
168.394531
168.394531
168.394531
168.394531
168.394531
168.394531
168.394531
168.394531
168.394531
168.394531
168.394531
168.394531
168.394531
168.394531
168.394531
168.394531
168.394531
168.394531
168.394531
168.394531
168.394531
168.394531
168.394531
168.394531
168.394531
168.394531
168.394531
168.394531
168.394531
168.394531
168.394531
168.394531
168.394531
168.394531
168.394531
168.394531
168.394531
168.394531
168.394531
168.394531
168.394531
168.394531
168.394531
168.394531
168.394531
168.394531
168.394531
168.394531
168.394531
168.394531
168.394531
168.394531
168.394531
168.394531
168.394531
168.394531
168.394531
168.394531
168.394531
168.394531
168.394531
168.394531
168.394531
168.394531
168.394531
168.394531
168.394531
168.394531
168.394531
168.394531
168.394531
168.394531
168.394531
168.394531
168.394531
168.394531
168.394531
168.394531
168.394531
168.394531
168.394531
168.394531
168.394531
168.394531
168.394531
172.003906
172.003906
172.003906
172.003906
172.003906
172.003906
172.003906
172.003906
172.003906
172.003906
172.003906
172.003906
172.003906
172.003906
172.003906
172.003906
172.003906
172.003906
172.003906
172.003906
172.003906
172.003906
172.003906
172.003906
172.003906
172.003906
172.003906
172.003906
172.003906
172.003906
172.003906
172.003906
172.003906
172.003906
172.003906
172.003906
172.003906
172.003906
172.003906
172.003906
172.003906
172.003906
172.003906
172.003906
172.003906
172.003906
172.003906
172.003906
172.003906
172.003906
172.003906
172.003906
172.003906
172.003906
172.003906
172.003906
172.003906
172.003906
172.003906
172.003906
172.003906
172.003906
172.003906
172.003906
172.003906
172.003906
172.003906
172.003906
172.003906
172.003906
172.003906
172.003906
172.003906
172.003906
172.003906
172.003906
172.003906
172.003906
172.003906
172.003906
172.003906
172.003906
172.003906
172.003906
172.003906
172.003906
172.003906
172.003906
172.003906
172.003906
172.003906
172.003906
172.003906
172.003906
172.003906
172.003906
172.003906
172.003906
172.003906
172.003906
172.003906
172.003906
172.003906
172.003906
172.003906
