4.95066
5.49066
5.63507
5.87667
6.55053
6.94263
7.99558
8.27385
8.39538
9.26253
9.88546
10.3792
11.0767
11.3491
11.6315
11.8696
13.2437
13.4651
13.7349
14.7866
14.9243
16.146
16.2609
17.5951
17.7314
19.014
19.179
20.4261
20.6684
22.0229
22.2801
22.5346
22.6854
23.7318
25.0557
25.1775
25.3321
26.7154
28.0887
28.6638
29.6327
31.0031
31.6321
31.7309
31.8693
32.5541
33.2018
34.2669
34.7862
35.46
35.9847
36.1343
36.9891
37.4684
38.8421
40.226
41.5965
42.9659
43.4739
44.7837
44.9267
45.0587
46.443
47.1921
47.3306
48.7167
49.6053
50.2646
51.3716
51.7409
51.8754
53.2442
56.5048
57.8656
59.2431
59.3342
60.5414
60.6652
61.4691
62.1404
62.5456
63.7416
64.2761
64.4223
65.2043
65.333
66.4814
67.0636
67.0887
67.1794
67.2106
67.334
67.3589
67.4591
67.4984
68.6564
68.6882
68.7186
68.7504
68.787
68.8199
68.8494
68.8806
68.9209
68.9556
68.9852
69.0127
69.0493
69.0746
69.2047
69.329
69.9961
71.3675
71.731
73.1151
74.1799
74.3895
75.4646
75.6006
75.7284
76.9371
77.1905
77.5998
78.7871
78.8444
78.8793
82.1381
83.5261
84.919
85.8635
86.6616
87.3406
87.988
88.1501
88.2625
89.6398
91.0157
92.3968
93.7768
93.9865
94.2548
94.662
94.8007
96.1366
99.3846
99.5345
99.6927
101.079
102.446
103.829
