0.001985
0.002034
0.002099
0.001977
0.002361
0.002422
0.002633
0.003191
0.002806
0.002852
0.003079
0.003304
0.003259
0.003469
0.005240
0.003621
0.003258
0.003033
0.003477
0.003370
0.003827
0.003687
0.003620
0.003667
0.003175
0.003644
0.003170
0.007694
0.003295
0.002644
0.002893
0.002759
0.002782
0.002710
0.002575
0.002709
0.002437
0.002565
0.002465
0.002594
0.003189
0.003483
0.003874
0.003631
0.003141
0.003798
0.003539
0.003119
0.003451
0.003528
0.003416
0.003294
0.005659
0.003094
0.002931
0.004977
0.003165
0.003174
0.003181
0.003218
0.003525
0.003644
0.003726
0.003513
0.003463
0.003703
0.003275
0.003402
0.003490
0.003500
0.005774
0.002039
0.004299
0.003811
0.004225
0.004427
0.004361
0.004337
0.003368
0.003900
0.003392
0.003710
0.003579
0.003427
0.003355
0.003856
0.002328
0.002627
0.002132
0.002568
0.002287
0.003043
0.002421
0.002559
0.005947
0.002591
0.002342
0.002635
0.002260
0.002625
0.002732
0.002474
0.002222
0.002806
0.002795
0.002629
0.002208
0.002511
0.002480
0.002620
0.003841
0.003435
0.003867
0.003656
0.007664
0.003674
0.004112
0.003634
0.003532
0.003724
0.002797
0.002505
0.002669
0.002626
0.002823
0.001739
0.003374
0.004789
0.003574
0.003552
0.004025
0.003798
0.004195
0.003987
0.003633
0.004997
0.007017
0.003237
0.005279
0.003660
0.003166
0.007185
0.003871
0.003333
0.003179
0.003380
0.003651
0.005119
0.004202
0.004803
