0.000000
0.000000
0.100000
0.600000
1.126667
1.726667
2.306592
3.207661
4.136876
5.159557
6.144224
7.026216
7.789974
8.685730
9.669822
10.714576
11.686369
12.558758
13.491059
14.481276
15.469643
16.459587
17.514825
18.503417
19.442493
20.411053
21.400453
22.389289
23.445137
24.409714
25.406996
26.393997
27.386047
28.339484
29.355592
30.380343
31.343180
32.358447
33.273979
34.217656
35.173230
35.969001
36.971173
37.956402
38.914943
39.851317
40.820199
41.763779
42.427985
42.814885
43.589026
44.580790
45.571052
46.561916
47.549140
48.589686
49.445657
50.182893
51.081862
52.021759
53.020743
54.068386
55.059569
56.041935
57.037233
58.012409
58.559929
59.114685
60.057387
61.014940
61.998220
62.974076
63.806030
64.168458
64.786246
65.409009
65.833754
66.735835
67.727036
68.709620
69.684275
70.740910
71.731403
72.714471
73.695575
74.679234
75.604770
76.492479
77.553114
78.542952
79.489832
80.480586
81.191392
81.556490
82.365473
83.336456
84.309723
85.312500
86.310247
87.300306
88.280678
89.023537
89.259863
89.992667
90.967747
91.954682
92.927501
93.919786
94.971452
95.906531
97.015900
98.711284
100.442404
101.601992
102.630252
103.662106
104.648811
105.645268
106.609318
107.599345
108.576980
109.623896
110.615401
111.603868
112.557558
113.534713
114.511108
115.557275
116.543110
117.463915
118.434496
119.421904
120.270525
121.007773
122.014564
122.984647
123.946553
124.769076
125.687267
126.681437
127.659005
128.538253
129.474647
130.494343
131.479537
132.466864
133.448754
134.504000
135.401320
136.377911
137.366888
138.330598
139.313132
140.276349
140.987832
141.392541
142.053633
142.990471
143.983732
144.966721
146.017570
147.006867
147.997881
148.987815
149.977324
150.968006
151.958697
153.019046
154.017640
155.009005
155.958438
156.719670
157.511491
158.439226
159.033434
159.467482
160.312379
161.301471
162.284715
163.124559
163.534879
164.130120
165.049747
166.070161
167.037261
167.896771
168.214344
168.508118
169.329307
170.311815
170.830160
171.101425
171.836655
172.867618
173.846513
174.816550
175.800657
176.788696
177.796591
178.810212
179.865152
180.856066
181.845903
182.837071
183.828191
184.818443
185.810985
186.843441
187.384278
187.384278
187.384278
187.384278
187.384278
187.384278
187.384278
187.384278
187.384278
187.384278
187.384278
187.384278
187.384278
187.384278
187.384278
187.384278
187.384278
187.384278
187.384278
187.384278
187.384278
187.384278
187.384278
187.384278
187.384278
187.384278
187.384278
187.384278
187.384278
187.384278
187.384278
187.384278
187.384278
187.384278
187.384278
187.384278
187.384278
187.384278
187.384278
187.384278
187.384278
187.384278
187.384278
187.384278
187.384278
187.384278
187.384278
187.384278
187.384278
187.384278
187.384278
187.384278
187.384278
187.384278
187.384278
