2.09053
2.59058
3.09057
3.59055
4.10941
4.59054
5.09057
5.60601
6.10887
6.59058
7.09079
7.59066
8.10671
8.59061
9.09055
9.59057
10.1145
10.5911
11.0905
11.6017
12.115
12.5906
13.0906
13.5932
14.1139
14.5906
15.0906
15.5907
16.1142
16.5906
17.0906
17.5954
18.1019
18.5906
19.0905
19.5906
20.1057
20.5905
21.0905
21.5906
22.1076
22.5906
23.0906
23.5906
24.1096
24.5905
25.0906
25.5907
26.1052
26.5906
27.0906
27.5907
28.1029
28.5905
29.0905
29.5969
30.1147
30.5907
31.0906
31.5999
32.1092
32.5907
33.0906
33.5907
34.104
34.5907
35.0907
35.5906
36.1089
36.5906
37.0907
37.5906
38.0976
38.5905
39.0906
39.5905
40.1087
40.5906
41.0906
41.5971
42.0972
42.5906
43.0906
43.5907
44.115
44.5906
45.0907
45.5907
46.1057
46.5913
47.0905
47.5907
48.1076
48.5906
49.0906
49.5906
50.1048
50.5907
51.0907
51.5907
52.1131
52.5905
53.0906
53.5907
54.1001
54.5906
55.0906
55.5905
56.0988
56.5905
57.0906
57.5906
58.1079
58.5906
59.0906
59.5907
60.1079
60.5906
61.0906
61.5907
62.1096
62.5906
63.0906
63.5906
64.1103
64.5907
65.0909
65.5907
66.1088
66.5908
67.0906
67.5906
68.1056
68.5906
69.0906
69.5906
70.1101
70.5911
71.0906
71.5908
72.108
72.5907
73.1152
73.5907
74.1123
74.5907
75.0906
75.6007
76.1099
76.5906
77.0906
77.5998
78.1099
78.5906
79.0906
79.5906
80.1098
80.5908
81.0906
81.5907
82.1102
82.5911
83.0907
83.5905
84.1021
84.5906
85.0906
85.5907
86.1079
86.5906
87.0906
87.5907
88.1126
88.5908
89.0907
89.5905
90.1044
90.5906
91.0906
91.5907
92.1132
92.5906
93.0907
93.5907
94.1037
94.5905
95.0906
95.5907
96.1078
96.5906
97.0906
97.5906
98.0998
98.5907
99.0906
99.5906
100.111
100.591
101.091
101.591
102.114
102.591
103.091
103.591
104.099
104.592
105.093
105.592
106.108
106.594
107.093
107.591
108.099
108.59
109.091
109.591
110.096
110.591
111.091
111.591
112.095
112.591
113.091
113.591
114.111
114.591
115.091
115.591
116.097
116.591
117.091
117.591
118.103
118.591
119.091
119.59
120.097
120.591
121.091
121.591
122.102
122.591
123.091
123.591
124.107
124.591
125.091
125.591
126.097
126.591
127.091
127.591
128.097
128.591
129.091
129.591
130.106
130.591
131.092
131.591
132.105
132.591
133.091
