0.000000
0.000000
0.081432
0.347221
0.501441
0.632948
0.714561
0.856865
0.974222
1.091278
1.175211
1.226622
1.247562
1.290970
1.337833
1.386464
1.416191
1.438824
1.461978
1.486908
1.508877
1.534252
1.559925
1.577356
1.586970
1.603635
1.617819
1.630911
1.645085
1.657371
1.668441
1.677633
1.686396
1.694132
1.703950
1.713686
1.718079
1.727812
1.730499
1.734474
1.737374
1.735286
1.741625
1.746889
1.749219
1.753404
1.757369
1.760099
1.750140
1.731435
1.727803
1.732767
1.736676
1.742067
1.746336
1.751968
1.750157
1.746825
1.747704
1.749372
1.752945
1.759576
1.763147
1.766318
1.769066
1.772556
1.762361
1.752689
1.753689
1.756934
1.759908
1.762598
1.760890
1.747127
1.740255
1.733701
1.721316
1.723190
1.726497
1.729215
1.731947
1.736911
1.739871
1.742578
1.744171
1.747782
1.748973
1.749275
1.752886
1.755987
1.757538
1.759981
1.755676
1.745346
1.743995
1.746067
1.747634
1.750785
1.753272
1.755553
1.756811
1.754920
1.742404
1.739724
1.741425
1.743943
1.745839
1.748062
1.751069
1.752423
1.756642
1.771305
1.785791
1.791037
1.793357
1.795695
1.796690
1.798891
1.799982
1.801486
1.802196
1.805163
1.806614
1.807993
1.808220
1.809949
1.811074
1.813286
1.814006
1.814726
1.815698
1.816908
1.815595
1.813447
1.814936
1.815859
1.816131
1.815391
1.815554
1.816789
1.817328
1.817358
1.817120
1.819292
1.819793
1.821398
1.822374
1.824076
1.823653
1.824992
1.826007
1.826453
1.827121
1.828229
1.825606
1.819067
1.815444
1.816255
1.817334
1.818264
1.819588
1.821003
1.822004
1.822972
1.823665
1.824870
1.825813
1.827570
1.828203
1.829490
1.829897
1.828101
1.826218
1.826848
1.823191
1.817749
1.816738
1.817932
1.818764
1.817988
1.812007
1.809036
1.809199
1.810461
1.810875
1.810638
1.804333
1.797840
1.796688
1.797903
1.793907
1.787370
1.785553
1.787151
1.788029
1.788807
1.789356
1.790664
1.791797
1.792978
1.794137
1.795487
1.796397
1.797313
1.798063
1.799071
1.799960
1.801253
1.797532
1.789193
1.780703
1.772322
1.763847
1.755719
1.747530
1.739419
1.731290
1.723421
1.715532
1.707715
1.699895
1.692294
1.684686
1.677145
1.669366
1.662269
1.654929
1.647652
1.640342
1.633290
1.626205
1.619178
1.612041
1.605307
1.598459
1.591672
1.584850
1.578266
1.571645
1.565082
1.558423
1.552120
1.545717
1.539369
1.532867
1.526826
1.520631
1.514484
1.508307
1.502342
1.496345
1.490395
1.484411
1.478633
1.472822
1.467056
1.461165
1.455661
1.450015
1.444440
1.438731
1.433391
1.427928
