1.59215
1.59224
2.09225
2.59225
3.09225
3.59297
4.10976
4.59254
5.09304
5.62088
6.10942
6.59236
7.09357
7.60835
8.10713
8.59239
9.0934
9.61416
10.1151
10.5938
11.0931
11.6137
12.1156
12.5932
13.0928
13.6101
14.1144
14.5924
15.0934
15.6035
16.1147
16.595
17.0938
17.6023
18.1033
18.593
19.0951
19.61
20.106
20.5922
21.093
21.6231
22.108
22.5923
23.0937
23.608
24.1101
24.5987
25.0934
25.6108
26.1058
26.5923
27.0947
27.6116
28.1035
28.5923
29.0936
29.6191
30.1155
30.5945
31.0936
31.6182
32.1098
32.5926
33.0934
33.6062
34.1043
34.6056
35.0932
35.6085
36.1103
36.5925
37.0934
37.6078
38.0982
38.5925
39.0951
39.606
40.1093
40.5926
41.0938
41.606
42.0979
42.5932
43.0939
43.6133
44.1156
44.5925
45.094
45.6058
46.1062
46.598
47.0938
47.6056
48.1081
48.593
49.0931
49.611
50.1052
50.594
51.0997
51.6063
52.1138
52.5924
53.0936
53.6095
54.1007
54.5926
55.0938
55.6079
56.0997
56.5927
57.095
57.6156
58.1084
58.5926
59.0932
59.6099
60.1083
60.5927
61.0932
61.611
62.11
62.5927
63.0951
63.6145
64.1113
64.5947
65.0934
65.6087
66.1092
66.5934
67.093
67.6042
68.1062
68.5928
69.0928
69.6022
70.1107
70.5929
71.0939
71.605
72.1089
72.5929
73.1161
73.6082
74.1129
74.5928
75.0941
75.6056
76.1103
76.5999
77.0934
77.6029
78.1103
78.5928
79.0943
79.5967
80.1104
80.593
81.094
81.6032
82.1108
82.5934
83.0944
83.6095
84.1028
84.5931
85.094
85.6083
86.1087
86.5942
87.0936
87.6017
88.1134
88.5934
89.0935
89.6039
90.105
90.5931
91.0938
91.6053
92.1137
92.5931
93.093
93.6044
94.1044
94.5927
95.0941
95.6
96.1083
96.6001
97.0933
97.5995
98.1002
98.5941
99.0937
99.6101
100.111
100.593
101.093
101.603
102.115
102.593
103.094
103.605
104.1
104.593
105.095
105.597
106.108
106.594
107.094
107.597
108.101
108.595
109.097
109.603
110.099
110.596
111.097
111.602
112.098
112.598
113.097
113.601
114.114
114.593
115.093
115.597
116.098
116.593
117.094
117.598
118.103
118.593
119.094
119.599
120.098
120.593
121.094
121.598
122.103
122.592
123.094
123.6
124.107
124.593
125.094
125.596
126.098
126.593
127.094
127.597
128.098
128.593
129.094
129.598
130.106
130.592
131.093
131.598
132.106
132.592
133.093
