0.000000
0.000000
0.000000
0.000000
0.000000
32.446000
35.042000
38.612000
43.520000
60.065000
82.292000
90.455000
106.635000
123.837000
137.127000
143.308000
152.112000
166.420000
177.607000
184.524000
198.390000
220.641000
233.250000
242.361000
252.649000
265.243000
274.778000
279.352000
284.678000
289.805000
294.565000
297.621000
302.360000
307.497000
312.673000
316.126000
320.855000
325.357000
329.960000
334.466000
340.763000
350.338000
363.396000
372.353000
379.031000
391.487000
399.713000
403.006000
405.793000
407.644000
407.757000
408.113000
408.252000
408.338000
409.360000
413.433000
418.649000
425.168000
434.635000
439.967000
452.442000
467.336000
482.869000
492.679000
503.793000
508.942000
512.756000
516.227000
527.353000
533.834000
538.766000
541.088000
542.023000
547.101000
547.890000
547.987000
548.085000
548.152000
548.183000
548.219000
549.817000
549.880000
549.933000
549.954000
550.041000
554.485000
564.387000
571.938000
576.828000
579.940000
586.955000
592.642000
599.655000
601.078000
601.433000
601.727000
601.846000
605.626000
611.334000
616.233000
626.196000
638.325000
645.460000
645.863000
646.217000
647.805000
647.976000
647.988000
647.988000
647.990000
648.001000
649.127000
649.238000
649.448000
649.615000
649.631000
649.927000
650.425000
650.471000
651.833000
655.622000
658.948000
662.612000
670.300000
677.324000
680.677000
697.195000
705.926000
711.988000
718.585000
725.596000
731.803000
741.437000
746.695000
747.822000
748.287000
751.886000
758.588000
766.243000
768.573000
769.406000
770.032000
773.009000
774.374000
774.964000
775.153000
775.172000
777.530000
783.895000
788.065000
790.981000
795.419000
804.126000
808.374000
810.229000
811.240000
812.362000
812.730000
812.920000
812.989000
813.023000
813.133000
813.335000
813.387000
813.412000
813.412000
813.412000
813.431000
813.460000
813.643000
816.070000
821.763000
829.870000
836.462000
839.575000
843.087000
844.496000
844.848000
844.986000
846.588000
846.775000
846.787000
846.788000
846.788000
846.788000
846.897000
847.324000
850.231000
851.010000
851.184000
853.649000
855.113000
855.496000
855.590000
855.678000
855.720000
855.725000
855.732000
855.829000
855.839000
855.961000
856.012000
856.037000
856.061000
856.668000
856.712000
858.908000
861.183000
861.417000
861.484000
861.679000
861.679000
861.679000
861.679000
861.679000
861.679000
861.679000
861.679000
861.679000
861.679000
861.679000
861.679000
861.679000
861.679000
861.679000
861.679000
861.679000
861.679000
861.679000
861.679000
861.679000
861.679000
861.679000
861.679000
861.679000
861.679000
861.679000
861.679000
861.679000
861.679000
861.679000
861.679000
861.679000
861.679000
861.679000
861.679000
861.679000
861.679000
861.679000
861.679000
861.679000
861.679000
861.679000
861.679000
861.679000
861.679000
861.679000
861.679000
861.679000
861.679000
861.679000
861.679000
861.679000
861.679000
861.679000
