0.007243
0.004483
0.003942
0.004849
0.007858
0.006204
0.004886
0.004043
0.005208
0.005073
0.006269
0.003764
0.004187
0.004783
0.005746
0.004974
0.004847
0.006575
0.005544
0.004254
0.003917
0.003312
0.002730
0.003119
0.004902
0.006528
0.008762
0.006789
0.008204
0.006725
0.006716
0.007410
0.011453
0.006727
0.006684
0.006788
0.009569
0.006684
0.006847
0.006928
0.006877
0.006924
0.006910
0.005171
0.005547
0.007079
0.006446
0.005621
0.005664
0.005781
0.004147
0.004956
0.004378
0.003805
0.004658
0.004771
0.004443
0.005209
0.004363
0.004922
0.005098
0.005139
0.004577
0.002591
0.002551
0.005459
0.005335
0.004853
0.004948
0.004198
0.005765
0.004869
0.008236
0.005006
0.006946
0.003462
0.004552
0.003097
0.002914
0.004359
0.005491
0.005287
0.004332
0.004339
0.003094
0.004471
0.004211
0.004283
0.005354
0.008855
0.010208
0.009175
0.008973
0.008937
0.008874
0.008102
0.007895
0.007493
0.007830
0.008333
0.007542
0.006782
0.003284
0.003509
0.003878
0.006796
0.006436
0.006467
0.013062
0.005344
0.005491
0.006213
0.005351
0.005856
0.005371
0.005412
0.005486
0.011511
0.005362
0.005796
0.008305
0.005335
0.005353
0.005728
0.005450
0.006471
0.005381
0.005414
0.012376
0.005454
0.006732
0.005352
0.005339
0.005341
0.006462
0.009948
0.009609
0.005031
0.008563
0.009034
0.007574
0.006624
0.005588
0.007562
0.004575
0.003575
0.003920
0.003252
0.004404
0.004699
0.004059
0.002477
0.003406
0.002656
0.002429
0.002514
0.003872
0.003034
0.004252
0.003807
0.003915
0.003832
0.003888
0.003974
0.003914
0.003898
0.003891
0.003073
0.003056
0.003099
0.003195
0.005380
0.004509
0.003520
0.003033
0.002889
0.003898
0.003479
0.005170
0.003040
0.003348
0.001045
