4.97339
5.53795
5.59522
5.87606
6.67536
6.93001
7.87156
8.01189
8.26021
9.17513
9.74264
10.2561
10.9415
11.2197
11.6218
11.8711
13.1365
13.3387
13.5985
14.7913
15.592
16.1211
17.3084
17.3809
17.411
17.4468
18.4001
18.4387
18.4691
18.5063
18.5435
18.5764
18.6236
18.6619
18.6923
18.723
18.7561
18.7936
18.8292
18.8676
18.908
18.947
18.9752
20.346
20.7233
21.0643
22.346
22.3838
22.5845
22.7258
22.88
24.2603
24.3914
24.5246
25.6804
25.8596
27.0605
27.3294
28.6652
29.1418
29.3304
29.4603
30.384
31.6769
31.8516
31.9813
33.3625
34.7386
35.3516
36.3873
37.7762
38.4327
38.8231
39.5825
39.8732
40.8078
41.061
42.4281
42.6672
43.3285
43.4498
43.4808
44.8542
45.5927
46.3909
47.3302
47.7232
47.8629
47.9737
48.1314
49.5168
49.5697
49.7858
49.933
50.0762
51.4598
51.5831
51.8711
51.9832
52.6647
53.3287
54.2622
55.4048
55.9905
56.5198
56.7915
56.9215
56.9505
57.1006
57.1335
57.171
57.205
57.2338
57.2641
57.3036
57.3366
57.3665
57.406
57.4389
57.4697
57.5045
57.529
57.5708
57.6047
57.6342
57.6665
57.7011
57.8447
57.8936
57.9288
57.9614
58.1197
58.2451
58.2749
58.4212
61.6828
63.0608
64.4341
65.8208
66.5241
67.9235
69.3159
70.7058
71.4648
72.5316
73.0617
73.2089
73.9885
74.1208
75.2465
75.3214
75.8519
75.9895
76.1255
76.1478
76.178
76.212
76.3885
76.4211
77.7236
77.7558
77.7833
77.813
77.8467
77.8737
77.9059
77.9352
77.9727
78.0101
78.036
78.0636
78.2525
78.3933
78.9219
80.2554
80.3848
80.5181
81.7198
81.9994
82.3784
82.6505
83.7026
