158.144531
158.144531
160.210938
166.769531
166.769531
167.027344
167.027344
167.027344
167.027344
167.027344
167.027344
167.027344
167.027344
167.027344
167.027344
167.027344
167.027344
167.027344
167.027344
167.027344
167.027344
167.027344
167.027344
167.027344
167.027344
167.027344
167.027344
167.027344
167.027344
167.027344
167.027344
167.027344
167.027344
167.027344
167.027344
167.027344
167.027344
167.027344
167.027344
167.027344
167.027344
167.027344
167.027344
167.027344
167.027344
167.027344
167.027344
167.027344
167.027344
167.027344
167.027344
167.027344
167.027344
167.027344
167.027344
167.027344
167.027344
167.027344
167.027344
167.027344
167.027344
167.027344
167.027344
167.027344
167.027344
167.027344
167.765625
167.765625
167.765625
167.765625
167.765625
167.765625
167.765625
167.765625
167.765625
167.765625
167.765625
167.765625
167.765625
167.765625
167.765625
167.765625
167.765625
167.765625
167.765625
167.765625
167.765625
167.765625
167.765625
167.765625
167.765625
167.765625
167.765625
167.765625
167.765625
167.765625
167.765625
167.765625
167.765625
167.765625
167.765625
167.765625
167.765625
167.765625
167.765625
167.765625
167.765625
167.765625
167.765625
167.765625
167.765625
167.765625
167.765625
168.539062
168.539062
168.539062
168.539062
168.539062
168.539062
168.539062
168.539062
168.539062
168.539062
168.539062
168.539062
168.539062
168.539062
168.539062
168.539062
168.539062
168.539062
168.539062
168.539062
168.539062
168.539062
168.539062
168.539062
168.539062
168.539062
168.539062
168.539062
168.539062
168.539062
168.539062
168.539062
168.539062
168.539062
168.539062
168.539062
168.539062
168.539062
168.539062
168.539062
168.539062
168.539062
168.539062
168.539062
168.539062
168.539062
168.539062
169.054688
169.054688
169.054688
169.054688
169.054688
169.054688
169.054688
169.054688
169.054688
169.054688
169.054688
169.054688
169.054688
169.054688
169.054688
169.054688
169.054688
169.054688
169.054688
169.054688
169.054688
169.054688
169.054688
169.054688
169.054688
169.054688
169.054688
169.054688
169.054688
169.054688
169.054688
169.054688
169.054688
169.054688
169.054688
169.054688
169.054688
169.054688
169.054688
169.054688
169.054688
169.054688
169.054688
169.054688
169.054688
169.054688
169.054688
169.054688
169.054688
169.054688
169.054688
169.054688
169.054688
169.054688
169.054688
169.054688
169.054688
169.054688
169.054688
169.054688
169.054688
