0.006009
0.002187
0.002233
0.002153
0.002472
0.002661
0.003020
0.002927
0.002627
0.002961
0.003190
0.003355
0.003466
0.003760
0.003728
0.003497
0.003314
0.003441
0.003714
0.003781
0.002596
0.002840
0.002970
0.002960
0.002553
0.002469
0.005425
0.003735
0.002740
0.002656
0.002600
0.003749
0.006483
0.003727
0.002485
0.003554
0.003715
0.002547
0.002733
0.002843
0.002811
0.002872
0.002927
0.002554
0.003513
0.002841
0.004281
0.003887
0.003798
0.004050
0.003881
0.003016
0.003018
0.003198
0.003025
0.002981
0.002781
0.003110
0.002709
0.002852
0.002979
0.002871
0.002548
0.002532
0.002430
0.002438
0.002657
0.002527
0.002736
0.003469
0.003730
0.003831
0.004119
0.003794
0.003457
0.003749
0.003895
0.004274
0.003888
0.003811
0.003675
0.003351
0.003577
0.003483
0.003389
0.003491
0.003389
0.003102
0.003308
0.003585
0.003408
0.003367
0.003250
0.003769
0.003603
0.004357
0.004216
0.003748
0.003979
0.004076
0.003442
0.003878
0.003241
0.003630
0.003777
0.002379
0.001984
0.001684
0.003775
0.001786
0.001888
0.002669
0.001763
0.001726
0.001823
0.001811
0.001910
0.003485
0.001822
0.002362
0.004720
0.001750
0.001818
0.001924
0.001827
0.003017
0.001835
0.001838
0.002843
0.001867
0.001920
0.002077
0.001777
0.001768
0.001935
0.005198
0.005085
0.003758
0.003756
0.004326
0.006526
0.003866
0.003489
0.003180
0.003615
0.002865
0.002990
0.002961
0.003219
0.002649
0.002750
0.002660
0.002537
0.002729
0.002606
0.002630
0.002779
0.002547
0.002778
0.002879
0.002880
0.002582
0.002424
0.002766
0.002870
0.003036
0.002434
0.002723
0.002515
0.002709
0.002491
0.003002
0.002882
0.003165
0.003264
0.003419
0.003223
0.003046
0.003037
0.003463
0.003314
0.003469
