2.08213
2.58215
3.08216
3.59196
4.10606
4.58222
5.08225
5.59527
6.10811
6.58226
7.08214
7.58224
8.10592
8.58219
9.0825
9.58217
10.1039
10.5822
11.0821
11.5946
12.0998
12.5823
13.0824
13.5986
14.1042
14.5822
15.0821
15.592
16.0995
16.5822
17.0822
17.5822
18.1042
18.5822
19.0821
19.5821
20.0925
20.5822
21.0821
21.5822
22.0975
22.5848
23.0823
23.5822
24.103
24.5821
25.0822
25.5822
26.1004
26.5822
27.0822
27.5822
28.1014
28.5822
29.1261
29.5822
30.1006
30.5822
31.0822
31.5821
32.0983
32.5821
33.0822
33.5822
34.0996
34.5823
35.0821
35.5821
36.0929
36.5822
37.0821
37.584
38.0997
38.5822
39.0822
39.5834
40.1084
40.5823
41.0822
41.5822
42.0992
42.5822
43.0822
43.5821
44.1053
44.5821
45.0821
45.5927
46.1044
46.5823
47.0821
47.5822
48.0991
48.5823
49.0823
49.5822
50.0902
50.5821
51.0822
51.5841
52.0978
52.5822
53.0822
53.5822
54.1025
54.5823
55.0821
55.5822
56.0959
56.5821
57.1011
57.5826
58.1052
58.5827
59.0822
59.5821
60.0987
60.5822
61.0821
61.5823
62.1064
62.5823
63.0822
63.5822
64.09
64.5823
65.0821
65.5822
66.0956
66.5823
67.0821
67.5822
68.1011
68.5821
69.0822
69.5822
70.101
70.5822
71.0821
71.5822
72.0986
72.5827
73.0821
73.5826
74.0941
74.5822
75.0822
75.5821
76.1035
76.5822
77.0822
77.5822
78.0893
78.5832
79.083
79.5825
80.1003
80.5823
81.0822
81.5821
82.0999
82.5821
83.0822
83.5821
84.0973
84.5845
85.0843
85.5823
86.0937
86.5821
87.0821
87.5822
88.0992
88.5822
89.0837
89.5833
90.1033
90.5822
91.0822
91.5822
92.0939
92.5822
93.0822
93.5822
94.0946
94.5822
95.0822
95.5822
96.0973
96.5823
97.0821
97.5822
98.0944
98.5822
99.0822
99.5822
100.101
100.582
101.082
101.582
102.099
102.582
103.082
103.582
104.101
104.582
105.082
105.582
106.094
106.582
107.082
107.582
108.104
108.582
109.082
109.582
110.095
110.582
111.082
111.582
112.088
