0.000000
0.000000
0.083263
0.350710
0.506386
0.639252
0.718359
0.860806
0.978482
1.084791
1.178735
1.238331
1.285910
1.337169
1.381217
1.418836
1.445195
1.469863
1.497385
1.519680
1.540841
1.564002
1.582595
1.602974
1.613472
1.626139
1.637813
1.649199
1.660246
1.673356
1.684192
1.676221
1.659178
1.657662
1.665039
1.674519
1.681913
1.694645
1.701734
1.708143
1.714204
1.721199
1.717648
1.719778
1.724550
1.732969
1.739239
1.744748
1.748482
1.753571
1.761279
1.763911
1.763890
1.767771
1.759756
1.763881
1.768611
1.773098
1.775040
1.777454
1.776929
1.773789
1.754524
1.748104
1.749229
1.753798
1.757106
1.760416
1.762989
1.764616
1.761147
1.759017
1.759593
1.762759
1.765599
1.768328
1.771822
1.781626
1.785300
1.787860
1.789555
1.792620
1.793763
1.797322
1.792486
1.778496
1.772087
1.772984
1.774867
1.779668
1.781279
1.783683
1.785147
1.785997
1.774651
1.766021
1.767539
1.769527
1.771563
1.774199
1.775845
1.777270
1.778356
1.781662
1.782875
1.785403
1.787264
1.788929
1.789730
1.793115
1.793886
1.788463
1.777620
1.777968
1.779567
1.781292
1.783636
1.785807
1.787438
1.789058
1.789926
1.792215
1.794877
1.796307
1.797568
1.799279
1.798823
1.795383
1.794327
1.796987
1.796534
1.790331
1.787429
1.789309
1.790790
1.792090
1.793939
1.795643
1.796978
1.798308
1.798709
1.800524
1.802068
1.803086
1.804043
1.805459
1.806329
1.806871
1.807431
1.809717
1.807711
1.804804
1.804528
1.805424
1.806113
1.802962
1.797842
1.797629
1.797485
1.798583
1.798312
1.796841
1.798685
1.799823
1.800671
1.801856
1.799709
1.790574
1.779700
1.769437
1.759053
1.748789
1.738302
1.728619
1.718677
1.708887
1.698815
1.689643
1.680172
1.670806
1.661329
1.652385
1.643327
1.634366
1.625284
1.616735
1.608062
1.599482
1.590737
1.582590
1.574281
1.566055
1.557717
1.549860
1.541887
1.533996
1.525897
1.518454
1.510802
1.503226
1.495474
1.488297
1.480943
1.473664
1.466186
1.459315
1.452244
1.445242
1.438138
1.431439
1.424634
1.417896
1.410930
1.404608
1.398055
1.391564
1.384972
1.378763
1.372451
1.366195
1.359925
