0.000000
0.000000
0.000000
0.000000
0.000000
32.447000
34.724000
38.376000
43.113000
59.675000
84.378000
91.683000
106.821000
124.224000
135.574000
142.176000
151.534000
166.365000
175.869000
182.774000
199.804000
217.958000
229.938000
237.985000
248.674000
261.780000
270.768000
279.475000
283.664000
290.426000
298.544000
300.798000
302.438000
305.116000
306.187000
306.607000
306.838000
306.946000
307.127000
309.279000
315.377000
320.299000
324.296000
326.664000
328.891000
333.295000
337.458000
340.899000
346.034000
351.190000
355.751000
359.184000
364.214000
370.256000
378.009000
387.427000
400.800000
407.541000
416.820000
425.777000
431.732000
435.161000
437.233000
437.683000
438.102000
438.226000
438.297000
438.629000
442.428000
450.053000
452.779000
459.811000
468.798000
478.579000
493.130000
506.715000
520.604000
526.384000
533.264000
542.767000
550.158000
554.463000
559.644000
565.214000
571.644000
577.290000
577.845000
578.123000
579.312000
583.524000
588.972000
593.777000
603.231000
612.337000
622.033000
625.018000
625.330000
625.445000
625.551000
625.627000
625.962000
629.581000
634.221000
635.391000
639.710000
645.702000
649.942000
653.075000
658.831000
663.211000
670.618000
677.691000
681.419000
682.085000
682.285000
682.579000
682.648000
682.686000
682.709000
682.780000
682.929000
683.636000
683.945000
685.278000
685.921000
686.007000
686.008000
686.034000
686.092000
686.250000
686.266000
687.072000
690.541000
690.676000
690.918000
691.349000
692.468000
694.992000
695.204000
696.345000
700.658000
706.959000
711.686000
720.490000
734.655000
744.051000
749.921000
755.152000
762.528000
772.843000
781.289000
784.539000
785.896000
787.358000
792.130000
797.385000
805.064000
808.728000
811.303000
813.449000
817.239000
820.007000
832.779000
839.103000
843.811000
849.448000
855.236000
856.005000
856.203000
856.390000
856.390000
856.390000
856.390000
856.390000
856.390000
856.390000
856.390000
856.390000
856.390000
856.390000
856.390000
856.390000
856.390000
856.390000
856.390000
856.390000
856.390000
856.390000
856.390000
856.390000
856.390000
856.390000
856.390000
856.390000
856.390000
856.390000
856.390000
856.390000
856.390000
856.390000
856.390000
856.390000
856.390000
856.390000
856.390000
856.390000
856.390000
856.390000
856.390000
856.390000
856.390000
856.390000
856.390000
856.390000
856.390000
856.390000
856.390000
856.390000
856.390000
856.390000
856.390000
856.390000
856.390000
