1.58319
1.58326
2.08334
2.58324
3.08328
3.59303
4.10687
4.58404
5.08395
5.60938
6.10889
6.5848
7.08532
7.60015
8.10651
8.5838
9.08463
9.60154
10.1042
10.5847
11.0852
11.6064
12.1003
12.5843
13.0852
13.6088
14.1048
14.584
15.0844
15.6003
16.0998
16.5838
17.0845
17.5885
18.1069
18.5834
19.0854
19.5916
20.0933
20.5839
21.0839
21.5948
22.0979
22.585
23.0849
23.5944
24.1035
24.5838
25.0855
25.5992
26.1007
26.5905
27.084
27.5978
28.1017
28.5846
29.1265
29.6011
30.1011
30.5863
31.085
31.5945
32.0988
32.5835
33.0847
33.5925
34.1
34.5878
35.0847
35.5996
36.0935
36.5844
37.0849
37.5974
38.1005
38.5924
39.0855
39.5962
40.1088
40.5844
41.0841
41.5993
42.0995
42.5836
43.085
43.6008
44.106
44.5836
45.0848
45.6052
46.1053
46.5845
47.0847
47.6019
48.0996
48.5838
49.0851
49.5938
50.0906
50.5841
51.0943
51.597
52.0986
52.5841
53.0851
53.5979
54.1033
54.584
55.0852
55.5933
56.0967
56.5833
57.1021
57.5853
58.1059
58.5838
59.0847
59.5863
60.0993
60.5834
61.085
61.599
62.1069
62.5998
63.0844
63.6005
64.0907
64.584
65.085
65.5922
66.0963
66.5841
67.0864
67.608
68.102
68.5836
69.0851
69.6128
70.1018
70.5844
71.0848
71.5967
72.0992
72.5838
73.0847
73.6051
74.0945
74.5839
75.0851
75.5989
76.104
76.5838
77.0849
77.5982
78.09
78.5887
79.0858
79.5957
80.1009
80.5848
81.0845
81.6002
82.1003
82.5839
83.0851
83.6064
84.0988
84.585
85.0855
85.5871
86.0941
86.5836
87.0843
87.5928
88.0996
88.5836
89.0845
89.5875
90.1037
90.5837
91.0843
91.5869
92.0943
92.5837
93.0845
93.5896
94.095
94.5837
95.0844
95.588
96.0977
96.5837
97.0844
97.5874
98.0948
98.5835
99.0845
99.5889
100.101
100.584
101.084
101.589
102.099
102.584
103.084
103.592
104.101
104.584
105.085
105.587
106.095
106.584
107.085
107.587
108.105
108.584
109.087
109.588
110.097
110.588
111.085
111.59
112.088
