0.005297
0.005697
0.005301
0.007304
0.007761
0.005429
0.003713
0.004034
0.004074
0.004695
0.004993
0.005914
0.004702
0.004585
0.004625
0.004631
0.004785
0.004752
0.004771
0.007713
0.009373
0.006415
0.008654
0.009366
0.006823
0.006375
0.006924
0.005681
0.006537
0.007784
0.006138
0.005491
0.004524
0.006758
0.005541
0.005677
0.004966
0.004661
0.005724
0.005857
0.007248
0.005532
0.005600
0.005479
0.005561
0.006108
0.004893
0.004432
0.006782
0.005175
0.007095
0.006282
0.006256
0.006008
0.005893
0.007058
0.004016
0.004143
0.006284
0.005993
0.005393
0.003792
0.003756
0.004518
0.005282
0.005560
0.006574
0.005319
0.006805
0.007241
0.005636
0.004810
0.005339
0.004314
0.005192
0.004453
0.004419
0.004949
0.004532
0.005005
0.005057
0.003878
0.004872
0.005164
0.003979
0.002900
0.007425
0.007255
0.006608
0.007551
0.007159
0.006626
0.006849
0.005953
0.004893
0.003932
0.004996
0.003566
0.004730
0.004962
0.005001
0.004467
0.004140
0.004147
0.004997
0.005081
0.005996
0.005225
0.004508
0.006028
0.007747
0.006516
0.007075
0.006345
0.006245
0.007762
0.007700
0.005761
0.006170
0.004558
0.006132
0.005135
0.005039
0.005042
0.004123
0.004003
0.003900
0.003957
0.003896
0.003694
0.003562
0.005086
0.005867
0.005421
0.005047
0.005453
0.003981
0.005117
0.004659
0.004522
0.004953
0.004574
0.005124
0.005927
0.005075
0.003049
0.002698
0.002643
0.002997
0.003999
0.003119
0.003838
0.003169
0.004318
0.003736
0.007069
0.004644
0.004913
0.005455
0.006678
0.004831
0.004697
0.004696
0.007077
0.005853
0.005183
0.004652
0.002857
0.002910
0.003710
0.005848
0.004632
0.005719
0.005295
0.005566
0.004528
0.004554
0.005683
0.004348
0.008042
0.005298
0.006413
0.007646
0.007515
0.008064
0.005505
0.004769
0.004575
0.002543
0.002971
0.002781
0.003082
0.003373
0.003362
0.003616
0.003857
0.003052
0.003026
0.003922
0.004420
0.005726
0.005102
0.004469
0.005247
0.004044
0.004887
0.004707
0.003829
0.005174
0.003722
0.004899
0.004056
0.005782
0.008981
0.008771
0.008912
0.003495
0.003491
0.004839
0.004739
0.004113
0.003900
0.005028
0.003868
0.004215
0.004275
0.004275
0.004302
0.004855
0.004810
0.004809
0.004837
0.004917
0.004837
0.004828
0.004943
0.004909
0.004989
0.004962
0.004988
0.005003
0.004962
0.004976
0.004982
0.004990
0.004594
0.004595
0.005183
0.005543
0.006968
0.006190
0.006386
0.008078
0.009480
0.009591
0.009240
0.008179
0.009817
0.008357
0.007453
0.003877
0.004123
0.003734
0.002631
0.002870
0.002739
0.004139
0.004982
0.005576
0.003704
0.003525
0.003509
0.003427
0.004888
0.005821
0.006545
0.004501
0.003578
0.003903
0.003759
0.003598
0.002609
0.002995
0.004160
0.003357
0.003499
0.006600
0.003818
0.004502
0.004935
0.003965
0.004174
0.003983
0.004704
0.004708
0.005885
0.005484
0.003851
0.004115
0.003561
0.005538
0.003489
0.003366
0.003743
0.005106
0.004643
0.004684
0.004568
0.002768
0.003560
0.003016
0.004076
0.003778
0.003650
0.003969
0.003644
0.004074
0.003875
0.003054
0.004049
0.003945
0.008023
0.005318
0.006316
0.005746
0.005098
0.005303
0.005036
0.003628
0.004821
0.002766
0.003842
0.007812
0.010036
0.010503
0.010211
0.018736
0.010188
0.011699
0.010063
0.011708
0.007342
0.008201
0.008337
0.009348
0.010625
0.008803
0.006982
0.007815
0.008998
0.007710
0.005417
0.004913
0.009707
0.004655
0.004400
0.003602
0.005946
0.005317
0.010232
0.004354
0.003479
0.006563
0.004364
0.006306
0.004933
0.003772
0.004218
0.004075
0.003981
0.006032
0.007099
0.004009
0.004083
0.006326
0.005193
0.003617
0.004528
0.004604
0.003276
0.003489
0.003253
0.007004
0.008002
0.006433
0.006655
0.006986
0.006037
0.005670
0.006519
0.003528
0.003390
0.002572
0.002326
0.002440
0.003469
0.003492
0.008134
0.008618
0.007352
0.006565
0.006804
0.007778
0.007758
0.006638
0.004540
0.002758
0.005034
0.005152
0.005100
0.005066
0.005096
0.005149
0.005063
0.005054
0.005058
0.005061
0.005059
0.004397
0.004409
0.004393
0.004424
0.004423
0.005292
0.003434
0.004079
0.003229
0.002985
0.002566
0.002752
0.002757
0.002758
0.002795
0.001866
0.002761
0.002800
0.002904
0.004047
0.004288
0.002008
0.003482
0.003574
0.005731
0.007313
0.004672
0.005432
0.004873
0.003959
0.004344
0.004604
0.006392
0.007225
0.006804
0.006898
0.010422
0.008569
0.007384
0.006318
0.007337
0.006433
0.004620
0.006346
0.005390
0.006122
0.005429
0.004618
0.003278
0.004012
0.003918
0.004720
0.003226
0.004363
0.005634
0.005424
0.005195
0.004253
0.005090
0.003462
0.003560
0.004961
0.004453
0.014934
0.007823
0.007487
0.007380
0.006634
0.007132
0.007507
0.004170
0.004106
0.004068
0.004060
0.004055
0.003058
0.003119
0.003160
0.003129
0.002660
0.002642
0.003448
0.003527
0.003446
0.003144
0.019955
0.020316
0.019346
0.016599
0.014783
0.012176
0.009892
0.009961
0.008266
0.006948
0.007115
0.007000
0.006938
0.006927
0.006837
0.006823
0.006941
0.005345
0.003819
0.003555
0.003816
0.004439
0.003676
0.004492
0.003871
0.005255
0.003722
0.002937
0.002867
0.004161
0.003634
0.005069
0.005992
0.006778
0.007467
0.009856
0.009856
0.009870
0.008878
0.009901
0.012497
0.013602
0.007839
0.009014
0.008188
0.004335
0.005404
0.006871
0.012397
0.012516
0.014691
0.014455
0.010294
0.007033
0.008368
0.011350
0.009703
0.012752
0.012463
0.010539
0.010130
0.010181
0.006287
0.004936
0.004590
0.004349
0.004280
0.005103
0.003808
0.003827
0.003828
0.003566
0.003537
0.003553
0.003970
0.004076
0.004096
0.003931
0.005031
0.003659
0.004716
0.003790
0.003875
0.003899
0.003323
0.003898
0.005307
0.010740
0.010798
0.010231
0.008559
0.007171
0.006373
0.007738
0.011679
0.012241
0.009598
0.007923
0.008427
0.009161
0.008239
0.008399
0.008944
0.007207
0.008101
0.008099
0.006827
0.006185
0.006658
0.006546
0.007120
0.007080
0.006514
0.006529
0.006283
0.006603
0.007556
0.006574
0.006889
0.007425
0.005843
0.006732
0.005987
0.006432
0.005917
0.006878
0.006052
0.004559
0.004756
0.004509
0.003430
0.004892
0.003639
0.004209
0.003839
0.003270
0.004205
0.004253
0.004010
0.003933
0.004311
0.005429
0.005661
0.004274
0.005347
0.011080
0.006883
0.005682
0.006684
0.007291
0.011188
0.008653
0.007190
0.006043
0.007557
0.008265
0.006212
0.004941
0.005020
0.002444
0.005043
0.013175
0.009057
0.008837
0.008229
0.007038
0.006636
0.006681
0.006310
0.005150
0.006131
0.004884
0.005348
0.004501
0.005209
0.004325
0.004427
0.005490
0.004476
0.006176
0.005425
0.004769
0.004262
0.003977
0.004005
0.004270
0.004278
0.003785
0.003857
0.003898
0.003770
0.003932
0.003190
0.003955
0.003889
0.003843
0.002899
0.007096
0.007090
0.008223
0.007894
0.008041
0.008941
0.007709
0.010677
0.012408
0.010804
0.007068
0.007163
0.007953
0.007356
0.007694
0.006140
0.005444
0.003752
0.004736
0.004146
0.003038
0.010106
0.013728
0.009238
0.009299
0.009186
0.011865
0.011910
0.011972
0.011260
0.011287
0.011332
0.011299
0.012090
0.011410
0.011574
0.008779
0.009501
0.008411
0.008236
0.008698
0.010170
0.011365
0.012219
0.009277
0.008157
0.013038
0.012317
0.012025
0.012090
0.007370
