0.001605
0.001966
0.001838
0.001940
0.001878
0.002264
0.001873
0.002576
0.002377
0.002485
0.002962
0.003378
0.003913
0.003172
0.003368
0.003436
0.003431
0.003291
0.003763
0.003303
0.003287
0.003339
0.003584
0.003392
0.003382
0.003613
0.002968
0.002973
0.002810
0.002926
0.003184
0.003105
0.003128
0.002953
0.002832
0.003324
0.003156
0.003456
0.003757
0.003500
0.003451
0.003111
0.003114
0.002762
0.002634
0.003557
0.003229
0.003332
0.003280
0.002835
0.002797
0.003346
0.003191
0.002758
0.003330
0.003011
0.003623
0.003496
0.002879
0.003316
0.003144
0.003497
0.003085
0.003119
0.003398
0.003296
0.003550
0.002900
0.003472
0.002749
0.003168
0.003701
0.003065
0.003607
0.003818
0.003688
0.003903
0.003738
0.003758
0.003871
0.004307
0.003816
0.004480
0.004075
0.003996
0.004316
0.004202
0.004019
0.004273
0.003987
0.004160
0.004121
0.004291
0.003727
0.004295
0.003920
0.003946
0.003498
0.004093
0.003929
0.003742
0.003770
0.003116
0.003497
0.003572
0.003318
0.003022
0.003479
0.003214
0.003496
0.003254
0.002994
0.002831
0.003445
0.002990
0.003614
0.003083
0.003856
0.003491
0.003471
0.003784
0.003143
0.003887
0.003343
0.003762
0.003342
0.003587
0.003585
0.002742
0.002902
0.002940
0.003074
0.003112
0.003438
0.002903
0.003081
0.002745
0.002852
0.002614
0.002672
0.002895
0.003409
0.003354
0.003549
0.003284
0.003699
0.003476
0.003621
0.003436
0.003226
0.003341
0.003212
0.003081
0.003321
0.003793
0.003668
0.003682
0.004110
0.004714
0.004727
0.004339
0.004220
0.003898
0.004349
0.004087
0.004648
0.004001
0.004541
0.004125
0.004275
0.004187
0.003867
0.004070
0.003916
0.003518
0.004368
0.004377
0.004357
0.004622
0.004346
0.004207
0.004347
0.004693
0.004684
0.004865
0.004848
0.004521
0.004339
0.004754
0.004375
0.004251
0.004869
0.004544
0.005027
0.004439
0.004180
0.004399
0.004035
0.004789
0.004475
0.004093
0.003973
0.004038
0.004210
0.004302
0.004401
0.003940
0.004131
0.004236
0.004877
0.005125
0.004986
0.004819
0.005623
0.005797
0.004936
0.005175
0.004969
0.005208
0.004787
0.004550
0.004718
0.004392
0.004503
0.004720
0.004868
0.004406
0.004070
0.004661
0.004363
0.004262
0.004619
0.004550
0.004480
0.004375
0.004558
0.004331
0.004624
0.004476
0.004824
0.004385
0.004443
0.004147
0.004453
0.004235
0.004916
0.004582
0.004805
0.004698
0.004889
0.005015
0.005365
0.004938
0.005038
0.004548
0.004460
0.004554
0.004715
0.004475
0.003778
0.004550
0.004681
0.004045
0.004266
0.003966
0.004625
0.004973
0.004939
0.005042
0.005196
0.005129
0.005307
0.004936
0.004992
0.005091
0.004241
0.005346
0.005332
0.004850
0.004675
0.004889
0.004080
0.004360
0.004108
0.003755
0.003923
0.006130
0.003971
0.003835
0.005021
0.003646
0.003396
0.004069
0.004727
0.003663
0.003414
0.003175
0.003252
0.002909
0.002921
0.003329
0.003473
0.003352
0.004293
0.004025
0.005589
0.004318
0.004719
0.004388
0.004636
0.004270
0.004995
0.004517
0.004411
0.004355
0.004580
0.004199
0.005411
0.004674
0.004538
0.004200
0.004141
0.004279
0.004150
0.006932
0.003915
0.003525
0.003943
0.003882
0.003943
0.003416
0.003936
0.004066
0.004591
0.004036
0.003378
0.005806
0.003559
0.003528
0.003340
0.003419
0.003512
0.003265
0.003345
0.003213
0.003649
0.003919
0.004701
0.004479
0.004719
0.004986
0.004804
0.004939
0.004772
0.004646
0.005098
0.006158
0.005643
0.005458
0.005883
0.005462
0.005748
0.003438
0.003779
0.004758
0.004785
0.005530
0.005683
0.005339
0.005638
0.005303
0.005059
0.005359
0.005450
0.005327
0.005807
0.004806
0.005377
0.005392
0.005303
0.004952
0.004826
0.005340
0.004671
0.004972
0.004657
0.005446
0.005176
0.004614
0.004673
0.004249
0.005021
0.005016
0.004652
0.004672
0.004749
0.004616
0.005167
0.005019
0.004981
0.004793
0.005696
0.005646
0.006266
0.005620
0.005794
0.006258
0.006007
0.005660
0.005690
0.005634
0.005293
0.005803
0.005337
0.005311
0.005754
0.005342
0.005276
0.005408
0.005343
0.005015
0.005008
0.005055
0.005734
0.005595
0.005605
0.005118
0.004439
0.005140
0.005088
0.004624
0.004547
0.004319
0.004261
0.004486
0.004508
0.004467
0.004142
0.005250
0.004004
0.003634
0.004941
0.003831
0.003709
0.004554
0.004725
0.004731
0.004524
0.004657
0.004843
0.004903
0.004963
0.004606
0.003998
0.004275
0.004215
0.004308
0.004360
0.004195
0.004231
0.003862
0.003888
0.003594
0.003887
0.003449
0.004054
0.003749
0.003715
0.003534
0.004081
0.003728
0.004206
0.003874
0.003867
0.003488
0.003819
0.003501
0.003628
0.003292
0.003379
0.003985
0.003872
0.004202
0.004271
0.004572
0.004017
0.004200
0.004382
0.004727
0.004651
0.004786
0.004658
0.004684
0.004780
0.004992
0.004835
0.004798
0.004900
0.004560
0.004926
0.004742
0.004694
0.004747
0.005626
0.005591
0.005619
0.006054
0.005610
0.009941
0.005395
0.005631
0.005530
0.006076
0.006029
0.005929
0.005845
0.005673
0.006196
0.005662
0.006029
0.006209
0.006096
0.005906
0.006251
0.006441
0.006906
0.006508
0.006643
0.006368
0.006732
0.006743
0.006816
0.002885
0.003022
0.003610
0.003170
0.003590
0.006604
0.006541
0.006440
0.006804
0.006225
0.006890
0.007170
0.006925
0.006885
0.006661
0.007233
0.006214
0.006351
0.006432
0.006798
0.007171
0.005744
0.006097
0.006413
0.006782
0.006604
0.006589
0.006672
0.006960
0.006881
0.006719
0.006927
0.006820
0.007152
0.007053
0.006665
0.007122
0.006932
0.007332
0.006809
0.006732
0.006747
0.007305
0.007013
0.006822
0.006867
0.006330
0.006872
0.006318
0.006291
0.006342
0.006654
0.007487
0.007499
0.007531
0.007036
0.007208
0.007542
0.006821
0.007201
0.007543
0.006717
0.006212
0.006410
0.006541
0.006401
0.006420
0.009164
0.006037
0.006767
0.006839
0.006866
0.006422
0.006509
0.006126
0.005777
0.005407
0.006464
0.006312
0.005420
0.005123
0.005745
0.005050
0.005062
0.005219
0.005021
0.005196
0.005093
0.005916
0.005809
0.005805
0.005365
0.005702
0.004980
0.005133
0.005538
0.005672
0.005170
0.005040
0.005186
0.008620
0.005091
0.004601
0.004931
0.004683
0.004624
0.004731
0.005274
0.004642
0.004612
0.004427
0.004007
0.004548
0.004267
0.004256
0.004877
0.004426
0.006161
0.004685
0.003879
0.004273
0.004015
0.004683
0.005147
0.009165
0.004866
0.007402
0.005098
0.005931
0.005643
0.007494
0.003331
0.003645
0.008154
0.006532
0.005818
0.005465
0.004880
0.005199
0.005486
0.005116
0.004988
0.004619
0.004448
0.004844
0.007200
0.005918
0.004367
0.004348
0.004696
0.004204
0.004804
0.005998
0.003843
0.004501
0.004510
0.004644
0.004483
0.004581
0.004924
0.004679
0.004867
0.005312
0.004960
0.004798
0.004842
0.004652
0.004769
0.005740
0.004517
0.005248
0.005230
0.005451
0.005090
0.004760
0.005001
0.005077
0.005444
0.004937
0.005514
0.004563
0.004805
0.004705
0.004540
0.003808
0.004205
0.004529
0.004412
0.003938
0.002840
0.007597
0.003579
0.003580
0.003433
0.005241
0.005060
0.005172
0.005139
0.005389
0.005349
0.005310
0.006671
0.005459
0.005909
0.006184
0.006193
0.005248
0.005175
0.005432
0.004807
0.005061
0.004956
0.005069
0.005103
0.004997
0.005532
0.005051
0.006117
0.005190
