4.99598
5.03792
5.14192
5.26267
5.80184
6.86218
7.54438
8.86939
9.00992
10.0736
11.2648
11.8194
11.9507
12.343
12.3813
12.4226
12.4688
12.5029
12.7409
14.0694
15.0187
15.2705
15.8043
15.9425
17.2208
17.5439
18.0669
18.7442
19.8262
20.6068
20.7385
21.6731
21.9473
22.616
23.2707
23.9429
24.5915
24.7451
25.5494
25.582
26.3473
26.5978
26.6255
26.6573
26.6863
26.8567
27.2602
27.2958
27.327
27.368
27.4057
27.4335
28.5865
28.6148
28.6428
28.678
29.5354
29.5739
30.4568
31.2636
31.3912
31.9356
31.9625
33.1329
34.171
34.4585
34.4994
34.9845
35.7843
35.8121
35.8404
36.584
36.6133
36.7252
37.8396
38.1893
38.2289
38.8677
40.0221
40.4746
41.5457
41.7948
42.8766
43.786
43.8287
43.9229
45.3113
46.6935
47.1524
48.1222
48.3427
48.4604
48.7427
49.5841
50.3521
51.2641
51.6614
52.5832
52.8694
53.5372
54.3324
54.9815
55.0129
55.1274
55.1546
55.1835
55.2159
55.2546
55.2846
55.3175
56.5825
56.9823
57.012
57.0421
57.0719
58.4628
58.8677
58.9934
59.7947
59.8269
60.0566
60.0835
61.3769
61.4137
61.4424
61.4734
62.5893
63.5327
64.0733
64.3367
64.37
65.1467
65.6617
66.1897
66.2242
67.137
67.3818
67.4138
68.6049
68.6412
69.7197
70.1807
71.257
72.5494
72.8811
74.4403
74.9915
75.0302
75.8686
76.062
76.1906
76.2281
76.2541
77.257
78.6298
80.0656
80.8904
81.3931
82.3422
82.3932
82.8768
83.6488
83.6782
83.7945
83.947
85.1445
85.1812
86.0562
86.1134
86.1574
86.3706
87.7505
88.3749
88.4267
88.4791
88.8938
88.9284
88.9754
89.9325
90.0631
90.1227
90.1864
91.1458
91.9413
91.9822
92.0444
93.4248
94.3785
95.2615
95.2957
95.3214
95.9348
95.9603
96.7303
96.762
96.7913
96.8386
96.8982
96.9304
97.6512
97.7835
97.8137
97.8412
97.8933
97.9318
97.9654
97.995
98.0208
98.0637
99.4518
100.185
100.224
100.255
101.554
101.958
102.005
102.057
102.091
103.49
103.659
104.98
105.021
105.061
105.118
105.16
106.151
106.189
106.218
106.266
106.306
106.335
106.422
106.463
106.517
106.562
106.628
106.678
106.71
106.75
106.799
106.872
106.931
106.962
106.992
107.022
107.341
107.398
108.004
108.055
108.538
109.072
109.128
109.178
109.746
110.286
110.33
110.404
110.451
110.493
111.226
112.261
112.543
113.071
113.398
113.436
113.466
114.369
114.628
115.809
116.338
116.453
116.729
116.766
116.878
116.911
118.296
119.253
119.395
119.533
119.567
119.932
121.252
121.649
122.184
122.213
122.243
122.278
122.315
122.374
123.267
123.387
123.416
123.447
123.791
123.818
123.869
123.915
125.298
125.333
125.394
125.428
126.823
126.885
127.647
127.678
127.71
127.738
127.781
127.811
127.931
127.959
129.163
129.653
130.179
130.21
130.238
130.27
130.312
130.365
130.403
130.444
130.491
130.527
131.912
133.285
133.652
133.68
133.712
133.737
133.782
133.806
133.842
133.913
133.96
134.003
134.05
134.106
134.176
134.222
134.266
134.32
134.376
134.408
134.454
134.496
135.883
135.927
137.302
138.285
138.585
138.643
138.681
138.721
138.757
138.794
140.183
140.734
141.539
142.825
143.259
143.392
144.766
145.545
148.794
152.058
153.042
153.533
154.927
155.408
155.54
156.464
156.592
157.408
157.81
158.646
159.801
160.472
161.265
161.791
163.034
163.538
164.928
165.158
165.262
166.647
168.052
168.324
168.379
168.58
169.964
170.181
170.58
171.572
171.776
171.806
171.836
172.052
172.186
173.556
174.94
175.228
176.297
176.664
176.933
177.474
178.786
180.16
180.523
181.89
183.265
183.381
183.42
183.464
183.504
183.533
183.577
183.647
183.687
183.726
183.757
183.786
183.816
183.881
184.393
185.454
185.484
185.512
186.882
186.921
186.95
187.579
187.633
187.659
187.685
187.72
187.75
187.78
187.812
187.879
188.053
188.087
188.151
188.184
188.222
189.585
190.964
191.148
191.185
191.329
191.465
191.675
193.057
194.434
195.465
195.73
195.772
195.982
196.145
196.176
197.183
197.32
197.373
197.407
197.451
197.482
197.982
198.778
199.051
199.08
199.134
199.171
200.548
200.919
201.049
201.077
201.127
201.17
202.549
202.656
202.693
202.782
202.944
203.909
204.015
204.247
205.627
206.915
208.287
209.66
209.799
209.841
209.985
210.022
210.141
210.271
210.301
210.432
210.561
210.591
210.652
210.69
210.739
210.776
211.748
213.12
213.254
214.792
216.157
217.532
217.873
219.254
220.629
222.005
222.14
222.186
222.229
222.275
222.321
222.389
222.444
223.044
224.433
225.811
227.074
227.475
227.732
228.272
228.394
228.66
228.787
229.895
230.141
231.236
231.337
231.74
231.899
232.147
232.264
233.66
233.906
234.154
234.276
234.544
234.944
235.082
236.15
236.943
237.346
237.993
238.791
239.95
241.34
242.724
243.891
245.262
246.628
247.486
247.589
247.736
247.881
248.268
249.64
251.009
252.398
253.769
255.062
255.184
256.485
256.787
257.471
257.991
258.029
258.058
258.089
258.148
258.174
258.206
258.25
258.29
258.33
258.393
259.061
260.288
260.544
261.818
261.89
261.927
261.985
262.042
262.556
263.467
263.891
264.799
265.457
266.839
268.139
268.39
268.539
269.919
271.586
272.951
273.99
274.031
274.146
274.188
274.229
274.271
275.235
275.464
275.505
275.57
276.945
277.058
277.729
277.978
278.014
278.054
278.263
278.302
279.591
279.988
280.025
280.067
280.13
280.17
280.197
280.926
281.183
281.47
281.507
281.536
282.257
282.982
283.181
284.2
285.071
285.326
286.131
286.16
286.263
286.383
286.412
286.443
286.471
286.514
286.553
286.58
286.625
286.676
288.033
288.072
288.121
288.161
288.211
289.578
290.948
292.325
292.929
294.303
295.67
297.047
298.42
299.788
300.385
303.658
303.801
307.131
308.503
309.872
311.235
311.985
312.127
312.166
312.195
312.384
312.419
312.459
312.518
312.556
312.584
312.614
312.655
312.686
312.717
313.462
313.856
315.229
315.331
315.579
315.61
316.777
317.057
317.587
318.262
318.527
318.551
319.575
319.861
319.899
319.924
320.4
321.771
322.843
322.886
322.928
322.972
323.013
323.06
323.109
323.157
323.199
323.24
323.282
324.248
324.291
325.667
327.056
327.858
328.526
329.46
329.574
329.861
333.122
335.193
335.238
335.283
338.541
338.594
338.658
338.708
338.76
338.811
338.861
338.927
338.975
340.357
342.027
342.172
343.548
343.73
344.133
344.176
344.262
344.31
344.353
344.396
344.444
344.492
344.54
344.588
344.639
