0.000000
0.000000
0.100000
0.600000
1.126667
1.726667
2.270379
3.079973
4.057388
5.047685
6.037214
7.053610
7.868870
8.830126
9.799699
10.539615
10.974992
11.318304
12.085680
13.061254
14.051416
15.027449
16.023728
16.723190
17.282063
18.182783
19.083936
19.855654
20.799110
21.756706
22.738970
23.797484
24.779382
25.769591
26.761443
27.751690
28.720597
29.756452
30.731607
31.704666
32.700922
33.682960
34.667068
35.637499
36.683951
37.674184
38.660314
39.651541
40.621552
41.613171
42.651785
43.644204
44.589963
45.600597
46.547143
47.537730
48.464169
49.524737
50.507337
51.495061
52.159841
52.741256
53.512910
54.325056
55.248138
56.238520
57.209062
58.196660
59.183626
60.168917
61.200711
62.187326
63.176307
64.155220
65.128858
66.121267
67.111051
68.161385
69.076134
69.979235
70.883537
71.855654
72.845523
73.889989
74.868045
75.570205
76.213583
77.066827
77.649686
78.269217
79.244630
80.229658
81.219363
82.194110
83.093628
84.080162
85.054935
86.106880
86.967055
88.047434
89.019945
90.008941
90.942361
91.928966
92.888694
93.875804
94.861515
95.811915
96.769569
97.754926
98.768061
99.716759
100.714061
101.696813
102.683722
103.662560
104.712897
105.660479
106.658235
107.642689
108.616712
109.599155
110.584860
111.642554
112.633913
113.629925
114.605440
115.566735
116.361908
117.280801
118.336406
119.325997
120.314442
121.281172
122.168799
123.158745
124.207159
125.194082
126.183823
127.171975
128.163117
129.154961
130.147533
131.107325
132.090517
133.062127
133.957606
134.957238
135.949170
136.939299
137.928989
138.910474
139.900409
140.889661
141.878818
142.870832
143.927554
144.909624
145.821414
146.767486
147.719174
148.553673
149.441077
150.486446
151.475298
152.415393
153.367350
154.340638
155.327112
156.377778
157.271961
158.232722
159.252714
160.243770
161.232299
162.185572
163.142756
164.038966
165.020583
165.972786
166.951372
167.787321
168.377157
169.100533
170.058374
171.048759
172.030312
173.018435
173.988787
174.741992
175.310367
176.217076
177.191168
178.002343
178.968183
179.986570
181.036386
181.970231
182.970530
183.779859
184.182985
184.583611
184.987394
185.684296
186.598281
187.563081
188.553265
189.443104
190.409132
191.194476
191.948655
192.921034
193.901807
194.873203
195.844945
196.890954
197.877529
198.866646
199.817067
200.814784
201.807400
202.778218
203.809242
204.784533
205.699878
206.691400
207.673567
208.659480
209.649632
210.702192
211.674661
212.288917
212.554966
213.276103
214.249234
215.278931
216.161440
217.126163
218.078412
219.094222
220.016088
220.990638
221.957468
222.935434
223.909320
224.646585
225.025994
225.747127
226.708071
227.767680
228.752791
229.726472
230.721077
231.487801
232.147939
233.144829
234.040785
234.623594
235.139630
235.691315
236.590790
237.578083
238.637504
239.625425
240.625329
241.488089
241.908165
242.524371
243.538603
244.429791
245.463111
246.570687
247.569848
248.555213
249.492505
250.477847
251.455582
252.445891
253.432153
254.419422
255.412202
256.468857
257.457168
258.394401
259.313735
260.216104
261.232230
262.231507
263.280917
264.265510
265.257477
266.243456
267.227269
268.216398
269.199518
270.254942
271.243118
272.233384
273.224576
274.212609
275.195775
276.228692
277.234733
278.198357
279.118979
280.195937
281.212766
282.207097
283.228241
284.221011
285.205952
286.203668
287.190121
288.049760
288.935000
289.928897
290.915292
291.903992
292.855065
293.854240
294.842271
295.884812
296.884158
297.864187
298.662561
299.526027
300.538621
301.267711
301.844624
302.664329
303.594893
304.581264
305.577533
306.566540
307.492852
308.248907
309.177062
310.112832
310.978815
311.974608
312.971290
314.027092
315.011143
316.006597
316.971808
317.961970
318.966264
320.015831
321.005832
321.989795
322.973606
323.956527
324.920077
325.903056
326.941872
327.686116
328.332657
329.106561
329.620203
329.850064
330.528994
331.490677
332.481174
333.476502
334.467541
335.458106
336.409435
337.460769
338.320500
339.321073
340.303263
341.244487
342.027769
342.347943
342.834059
343.725230
344.718441
345.675333
346.659956
347.691436
348.642059
349.441108
350.396588
351.385801
352.374257
353.373163
354.365729
355.422310
356.413021
357.394120
358.382114
359.369950
360.354694
361.345943
362.399870
363.350620
364.097315
364.899911
365.841612
366.814147
367.867232
368.856029
369.781913
370.757948
371.676028
372.648711
373.635833
374.691930
375.318713
375.822138
376.273773
376.591962
377.370828
378.421677
379.412812
380.387687
381.391485
382.368449
383.176917
383.538955
383.812373
384.510292
385.513741
386.519186
387.489107
388.483183
389.477277
390.552617
391.542214
392.529987
393.520407
394.511804
395.516412
396.207182
396.439365
397.179338
398.149226
399.145920
400.140224
401.132256
402.187017
403.242170
404.203876
405.213519
406.203538
407.208332
408.262419
409.231058
410.157296
411.152490
412.136660
413.153086
414.022956
415.058901
416.065196
417.057671
418.048232
419.013843
420.004511
420.942474
421.880558
422.846735
423.555638
424.383703
425.393113
426.374133
427.431365
428.576517
429.884752
431.075472
431.778160
432.555665
433.539830
434.457347
435.022097
435.856188
436.858472
437.520021
437.919759
438.728725
439.542244
440.476462
441.507000
442.503068
443.485524
444.149034
444.575423
445.448630
446.589541
447.699424
448.797946
449.783757
450.775235
451.612826
452.476974
453.492160
454.478912
455.469843
456.467604
457.501047
458.506596
459.563860
460.462452
461.391014
462.382380
463.363737
464.431255
465.368917
466.266484
467.333020
468.295731
469.256940
470.274430
471.236917
472.207238
473.192346
474.183974
475.173458
476.079822
476.936167
477.654562
478.544273
479.540135
480.530645
481.519573
482.509395
483.562267
484.546774
485.395634
485.992173
486.759185
487.715963
488.775587
489.748518
490.563837
490.912782
491.497556
492.410686
493.402535
494.461183
495.451861
496.444359
497.445506
498.444852
499.438229
500.430972
501.390948
502.368337
503.272818
504.241929
505.229710
506.206311
507.262055
508.245325
509.227347
510.223246
511.213728
512.161153
513.142291
514.197228
515.151160
516.134540
517.113868
518.091589
519.084655
520.122192
521.005368
522.036526
522.697449
523.412805
524.199274
524.532466
525.138982
525.939949
526.883463
527.873507
528.830134
529.802647
530.874318
531.864168
532.853714
533.842065
534.791856
535.266212
535.844171
536.800744
537.794712
538.782112
539.762561
540.750970
541.743496
542.742453
543.807225
544.788253
545.781978
546.768744
547.658582
548.633567
549.669222
550.658490
551.649515
552.638067
553.624447
554.613254
555.572591
556.500698
557.454142
558.447809
559.427128
560.408339
561.399655
562.452675
563.443716
564.402268
565.352355
566.332291
567.320601
568.311748
569.286564
570.299340
571.295406
572.259633
573.217547
574.199371
575.155845
575.980442
576.742915
577.665732
578.654644
579.644775
580.654244
581.695843
582.667529
583.672804
584.642270
585.622520
586.643078
587.466083
587.817659
588.319879
589.261291
590.312288
591.309874
592.290703
593.348549
594.342946
595.335422
596.328076
597.384471
598.491422
599.473301
600.528862
601.524019
602.510093
603.492185
604.478490
605.489279
606.195345
606.612278
607.389262
608.271112
609.224760
610.231102
611.302014
612.748651
613.986505
615.061557
616.086090
616.642863
617.185929
617.938968
618.698248
619.330624
620.096739
620.987833
621.822634
622.575873
623.494539
624.418528
625.615599
626.790712
627.878841
628.900256
629.864067
631.039524
631.984424
632.935674
633.906400
634.895511
635.884723
636.864312
637.919009
638.869607
639.433597
639.476597
639.476597
639.476597
639.476597
639.476597
639.476597
639.476597
639.476597
639.476597
639.476597
639.476597
639.476597
639.476597
639.476597
639.476597
639.476597
639.476597
639.476597
639.476597
639.476597
639.476597
639.476597
639.476597
639.476597
639.476597
639.476597
639.476597
639.476597
639.476597
639.476597
639.476597
639.476597
639.476597
639.476597
639.476597
639.476597
639.476597
639.476597
639.476597
639.476597
639.476597
639.476597
639.476597
639.476597
639.476597
639.476597
639.476597
639.476597
639.476597
639.476597
639.476597
639.476597
639.476597
639.476597
639.476597
639.476597
639.476597
639.476597
639.476597
639.476597
639.476597
639.476597
639.476597
639.476597
639.476597
639.476597
639.476597
639.476597
639.476597
639.476597
639.476597
639.476597
639.476597
639.476597
639.476597
639.476597
639.476597
639.476597
639.476597
639.476597
639.476597
639.476597
639.476597
639.476597
639.476597
639.476597
639.476597
639.476597
639.476597
639.476597
639.476597
639.476597
639.476597
639.476597
639.476597
639.476597
639.476597
639.476597
639.476597
639.476597
639.476597
639.476597
639.476597
639.476597
639.476597
639.476597
639.476597
639.476597
639.476597
639.476597
639.476597
639.476597
639.476597
639.476597
639.476597
639.476597
639.476597
639.476597
639.476597
639.476597
639.476597
639.476597
639.476597
639.476597
639.476597
639.476597
639.476597
639.476597
639.476597
639.476597
639.476597
639.476597
639.476597
639.476597
639.476597
639.476597
639.476597
639.476597
639.476597
639.476597
639.476597
639.476597
639.476597
639.476597
639.476597
639.476597
639.476597
639.476597
639.476597
639.476597
639.476597
639.476597
639.476597
639.476597
639.476597
639.476597
639.476597
639.476597
639.476597
639.476597
639.476597
639.476597
639.476597
639.476597
639.476597
639.476597
639.476597
639.476597
639.476597
639.476597
639.476597
639.476597
639.476597
639.476597
639.476597
639.476597
639.476597
639.476597
639.476597
639.476597
639.476597
639.476597
639.476597
639.476597
639.476597
639.476597
639.476597
639.476597
639.476597
639.476597
639.476597
639.476597
639.476597
639.476597
639.476597
639.476597
639.476597
639.476597
639.476597
639.476597
639.476597
639.476597
639.476597
639.476597
639.476597
639.476597
639.476597
639.476597
639.476597
639.476597
639.476597
639.476597
639.476597
639.476597
639.476597
639.476597
639.476597
639.476597
639.476597
639.476597
639.476597
639.476597
639.476597
639.476597
639.476597
639.476597
639.476597
639.476597
639.476597
639.476597
639.476597
639.476597
639.476597
639.476597
639.476597
639.476597
639.476597
639.476597
639.476597
639.476597
639.476597
639.476597
639.476597
639.476597
639.476597
639.476597
639.476597
639.476597
639.476597
639.476597
639.476597
639.476597
639.476597
639.476597
639.476597
639.476597
639.476597
639.476597
639.476597
639.476597
639.476597
639.476597
639.476597
639.476597
639.476597
639.476597
639.476597
639.476597
639.476597
639.476597
639.476597
639.476597
639.476597
639.476597
639.476597
639.476597
639.476597
639.476597
639.476597
639.476597
639.476597
639.476597
639.476597
639.476597
639.476597
639.476597
639.476597
639.476597
639.476597
639.476597
639.476597
639.476597
639.476597
639.476597
639.476597
639.476597
639.476597
639.476597
639.476597
639.476597
639.476597
639.476597
639.476597
639.476597
639.476597
639.476597
639.476597
639.476597
639.476597
639.476597
639.476597
639.476597
639.476597
639.476597
639.476597
639.476597
639.476597
639.476597
639.476597
639.476597
639.476597
639.476597
639.476597
639.476597
639.476597
639.476597
639.476597
639.476597
639.476597
639.476597
639.476597
639.476597
639.476597
639.476597
639.476597
639.476597
639.476597
639.476597
639.476597
639.476597
639.476597
639.476597
639.476597
639.476597
639.476597
639.476597
639.476597
639.476597
639.476597
639.476597
639.476597
639.476597
639.476597
639.476597
639.476597
639.476597
639.476597
639.476597
639.476597
639.476597
639.476597
639.476597
639.476597
639.476597
639.476597
639.476597
639.476597
639.476597
639.476597
639.476597
639.476597
639.476597
639.476597
639.476597
639.476597
639.476597
639.476597
639.476597
639.476597
639.476597
639.476597
639.476597
639.476597
639.476597
639.476597
639.476597
639.476597
639.476597
639.476597
639.476597
639.476597
639.476597
639.476597
639.476597
639.476597
639.476597
639.476597
639.476597
639.476597
639.476597
639.476597
639.476597
639.476597
639.476597
639.476597
639.476597
639.476597
639.476597
639.476597
639.476597
639.476597
639.476597
639.476597
639.476597
639.476597
639.476597
639.476597
639.476597
639.476597
639.476597
639.476597
639.476597
639.476597
639.476597
639.476597
639.476597
639.476597
639.476597
639.476597
639.476597
639.476597
639.476597
639.476597
639.476597
639.476597
