2.08739
2.58737
3.0873
3.5921
4.08733
4.58728
5.10373
5.5873
6.08735
6.58798
7.10653
7.58731
8.08741
8.58744
9.09767
9.58746
10.0873
10.5874
11.1063
11.5874
12.0876
12.5875
13.1096
13.5875
14.0873
14.5875
15.1107
15.5875
16.0874
16.5875
17.1067
17.5878
18.0875
18.5874
19.1167
19.5874
20.0893
20.5893
21.095
21.5879
22.0874
22.5949
23.1087
23.5874
24.0874
24.5924
25.1082
25.5874
26.0874
26.5979
27.1018
27.5874
28.0873
28.5883
29.1042
29.5874
30.0874
30.5876
31.0991
31.5873
32.0874
32.5873
33.098
33.5875
34.0873
34.5874
35.0929
35.5873
36.0874
36.5875
37.0971
37.5874
38.0889
38.5874
39.0942
39.5874
40.0912
40.5875
41.0945
41.5875
42.0923
42.5895
43.111
43.5915
44.092
44.5872
45.0947
45.5873
46.0928
46.5899
47.112
47.5891
48.104
48.5908
49.1124
49.5895
50.0928
50.5874
51.0962
51.5893
52.0994
52.5891
53.1048
53.5915
54.088
54.5897
55.1055
55.5879
56.0959
56.591
57.097
57.5878
58.099
58.5916
59.1138
59.5948
60.0929
60.5881
61.1109
61.5983
62.0975
62.5986
63.1109
63.5982
64.0879
64.5902
65.1146
65.5972
66.0995
66.5903
67.1213
67.6014
68.1014
68.605
69.1163
69.5978
70.1012
70.5902
71.1207
71.5937
72.1013
72.5934
73.1143
73.6016
74.1022
74.6016
75.1144
75.6012
76.0963
76.6015
77.1144
77.6018
78.1019
78.6009
79.1141
79.6021
80.1004
80.6012
81.1147
81.6033
82.1021
82.6014
83.1159
83.6021
84.1013
84.6014
85.1167
85.6021
86.1266
86.6021
87.1144
87.6014
88.102
88.6019
89.1218
89.6026
90.1228
90.6019
91.1153
91.6018
92.1013
92.6015
93.1166
93.6017
94.1017
94.602
95.1148
95.602
96.1022
96.6017
97.116
97.6011
98.1017
98.6017
99.1177
99.6027
100.102
100.602
101.115
101.602
102.128
102.602
103.115
103.601
104.101
104.601
105.13
105.602
106.115
106.628
107.101
107.602
108.116
108.603
109.109
109.602
110.117
110.601
111.103
111.603
112.114
112.603
113.103
113.601
114.103
114.628
115.12
115.602
116.101
116.601
117.115
117.601
118.104
118.601
119.121
119.603
120.101
120.602
121.115
121.602
122.103
122.601
123.116
123.603
124.102
124.604
125.114
125.601
126.103
126.601
127.113
127.603
128.102
128.601
129.117
129.602
130.104
130.601
131.117
131.606
132.103
132.602
133.116
133.601
134.144
134.601
135.114
135.602
136.103
136.602
137.115
137.601
138.101
138.612
139.116
139.601
140.104
140.602
141.115
141.601
142.102
142.628
143.115
143.602
144.103
144.602
145.118
145.603
146.104
146.602
147.115
147.601
148.104
148.602
149.114
149.601
150.102
150.601
151.12
151.602
152.102
152.602
153.116
153.602
154.102
154.601
155.116
155.602
156.102
156.618
157.116
157.603
158.103
158.616
159.115
159.602
160.103
160.602
161.116
161.603
162.102
162.601
163.115
163.602
164.102
164.602
165.115
165.602
166.102
166.603
167.113
167.604
168.102
168.606
169.117
169.602
170.102
170.606
171.115
171.602
172.101
172.602
173.115
173.602
174.102
174.602
175.128
175.603
176.115
176.603
177.102
177.601
178.113
178.601
179.103
179.602
180.114
180.602
181.102
181.602
182.114
182.602
183.102
183.604
184.114
184.602
185.105
185.602
186.115
186.601
187.102
187.605
188.124
188.602
189.102
189.611
190.115
190.601
191.127
191.602
192.115
192.601
193.101
193.601
194.114
194.601
195.102
195.602
196.115
196.602
197.102
197.602
198.114
198.602
199.106
199.601
200.115
200.601
201.102
201.601
202.115
202.602
203.103
203.602
204.113
204.601
205.101
205.601
206.112
206.601
207.101
207.6
208.112
208.601
209.101
209.601
210.114
210.615
211.099
211.597
212.111
212.599
213.156
213.597
214.112
214.599
215.1
215.599
216.111
216.598
217.103
217.598
218.108
218.595
219.096
219.596
220.108
220.597
221.101
221.596
222.107
222.595
223.095
223.596
224.109
224.596
225.103
225.601
226.116
226.601
227.096
227.602
228.11
228.6
229.103
229.599
230.113
230.604
231.101
231.602
232.116
232.602
233.101
233.604
234.114
234.601
235.102
235.601
236.11
236.602
237.101
237.598
238.114
238.603
239.098
239.601
240.116
240.602
241.101
241.601
242.113
242.596
243.103
243.597
244.111
244.602
245.101
245.601
246.111
246.598
247.101
247.61
248.108
248.592
249.101
249.592
250.11
250.601
251.094
251.593
252.106
252.592
253.092
253.593
254.106
254.593
255.09
255.599
256.104
256.594
257.101
257.6
258.117
258.596
259.094
259.601
260.11
260.598
261.101
261.598
262.115
262.592
263.101
263.601
264.114
264.596
265.102
265.598
266.106
266.594
267.102
267.595
268.107
268.596
269.102
269.589
270.103
270.595
271.101
271.599
272.106
272.591
273.101
273.592
274.114
274.602
275.101
275.591
276.112
276.589
277.091
277.596
278.108
278.599
279.102
279.603
280.112
280.588
281.101
281.598
282.103
282.591
283.106
283.598
284.113
284.601
285.089
285.59
286.105
286.594
287.1
287.594
288.121
288.592
289.093
289.59
290.101
290.587
291.103
291.596
292.101
292.587
293.095
293.587
294.095
294.587
295.095
295.587
296.107
296.587
297.088
297.587
298.094
298.587
299.087
299.587
300.095
300.587
301.087
301.587
302.093
302.587
303.087
303.587
304.092
304.587
305.087
305.588
306.094
306.587
307.087
307.587
308.096
308.587
309.087
309.587
310.104
310.587
311.087
311.587
312.099
312.587
313.087
313.587
314.106
314.587
315.087
315.587
316.106
316.587
317.087
317.589
318.094
318.587
319.087
319.587
320.1
320.587
321.087
321.587
322.1
322.587
323.11
323.587
324.093
324.587
325.088
325.587
326.093
326.587
327.087
327.587
328.099
328.587
329.088
329.587
330.102
330.587
331.087
331.587
332.093
332.587
333.087
333.587
334.095
334.587
335.087
335.587
336.093
336.587
337.087
337.587
338.093
338.594
339.087
339.587
340.096
340.587
341.087
341.587
342.101
342.587
343.087
343.587
344.103
344.59
345.087
345.587
346.095
346.587
347.087
347.587
348.096
348.587
349.087
349.587
350.096
350.587
351.087
351.588
352.097
352.589
353.089
353.587
354.102
354.592
355.09
355.59
356.098
356.591
357.091
357.59
358.096
358.591
359.091
359.591
360.096
360.591
361.09
361.589
362.096
362.591
363.09
363.59
364.098
364.592
365.09
365.59
366.096
366.59
367.09
367.589
368.102
368.59
369.09
369.59
370.096
370.591
371.09
371.589
372.095
372.591
373.091
373.59
374.096
374.591
375.09
375.59
376.095
376.591
377.09
377.589
378.095
378.593
379.09
379.589
380.095
380.591
381.09
381.589
382.096
382.591
383.09
383.588
384.096
384.59
385.09
385.589
386.099
386.591
387.09
387.589
388.095
388.59
389.09
389.591
390.095
390.591
391.094
391.59
392.097
392.592
393.092
393.59
394.094
394.59
395.092
395.59
396.096
396.592
397.09
397.59
398.097
398.591
399.091
399.59
400.097
400.591
401.087
401.587
402.096
402.587
403.088
403.587
404.101
404.587
405.087
405.587
406.101
406.587
407.087
407.587
408.101
408.587
409.087
409.588
410.097
410.592
411.093
411.594
412.104
412.592
413.092
413.592
414.097
414.592
415.092
415.591
416.097
416.592
417.093
417.591
418.097
418.593
419.091
419.591
420.097
420.592
421.093
421.591
422.102
422.592
423.092
423.593
424.096
424.592
425.093
425.591
426.097
426.593
427.091
427.591
428.096
428.591
429.092
429.591
430.096
430.592
431.092
431.591
432.098
432.593
433.091
433.59
434.1
434.591
435.093
435.592
436.106
436.592
437.092
437.591
438.097
438.592
439.092
439.594
440.105
440.592
441.088
441.587
442.094
442.588
443.087
443.587
444.102
444.587
445.087
445.587
446.095
446.587
447.087
447.587
448.101
448.588
449.088
449.587
450.098
450.59
451.09
451.589
452.094
452.59
453.09
453.589
454.097
454.59
455.09
455.589
456.095
456.59
457.09
457.589
458.1
458.591
459.091
459.59
460.095
460.59
461.091
461.589
462.103
462.591
463.09
463.59
464.096
464.591
465.091
465.59
466.096
466.591
467.09
467.591
468.096
468.592
469.09
469.589
470.098
470.591
471.09
471.589
472.096
472.59
473.09
473.59
474.096
474.591
475.09
475.589
476.095
476.591
477.09
477.59
478.096
478.591
479.091
479.59
480.095
480.59
481.091
481.59
482.095
482.59
483.091
483.59
484.096
484.591
485.09
485.589
486.096
486.591
487.09
487.589
488.096
488.591
489.093
489.59
490.095
490.591
491.09
491.59
492.095
492.59
493.091
493.59
494.095
494.591
495.091
495.589
496.096
496.591
497.09
497.59
498.095
498.591
499.09
499.59
500.096
500.591
501.09
501.591
502.097
502.593
503.092
503.591
504.097
504.592
505.092
505.592
506.097
506.592
507.092
507.591
508.099
508.593
509.094
509.591
510.097
510.592
511.092
511.591
512.102
512.592
513.091
513.591
514.097
514.592
515.092
515.591
516.097
516.587
517.087
517.587
518.096
518.587
519.087
519.587
520.095
520.587
521.087
521.587
522.095
522.587
523.087
523.587
524.095
524.587
525.087
525.587
526.095
526.587
527.087
527.587
528.095
528.587
529.087
529.587
530.095
530.587
531.087
531.587
532.095
532.587
533.087
533.587
534.104
534.587
535.087
535.587
536.095
536.587
537.087
537.587
538.1
538.587
539.087
539.587
540.095
540.587
541.087
541.587
542.099
542.587
543.087
543.587
544.095
544.587
545.087
545.587
546.096
546.587
547.087
547.587
548.098
548.587
549.087
549.587
550.104
550.587
551.087
551.587
552.103
552.587
553.087
553.587
554.097
554.587
555.087
555.587
556.105
556.591
557.09
557.589
558.097
558.59
559.09
559.589
560.095
560.59
561.09
561.59
562.095
562.59
563.09
563.589
564.095
564.591
565.09
565.587
566.092
