0.000000
0.000000
0.075130
0.326821
0.483331
0.609905
0.678230
0.803954
0.936816
1.044707
1.128389
1.209669
1.242886
1.292629
1.334850
1.345856
1.317361
1.281634
1.292588
1.328573
1.360085
1.387427
1.411359
1.413488
1.401506
1.417078
1.429034
1.435575
1.451322
1.466959
1.481325
1.503177
1.517300
1.531077
1.541513
1.556364
1.566600
1.580007
1.589120
1.598695
1.608417
1.616369
1.623563
1.632416
1.642727
1.649762
1.655547
1.663854
1.669528
1.675138
1.682810
1.689602
1.693437
1.699481
1.702033
1.708077
1.710632
1.717742
1.721279
1.726226
1.719681
1.710653
1.707403
1.706658
1.708828
1.712961
1.716102
1.720212
1.723905
1.727440
1.731728
1.735567
1.738829
1.741873
1.744308
1.747801
1.750651
1.755323
1.755953
1.756893
1.757326
1.759736
1.761481
1.766215
1.768436
1.764381
1.758568
1.758271
1.751369
1.745772
1.747180
1.750487
1.752389
1.754989
1.754652
1.757777
1.759642
1.763360
1.762610
1.766848
1.768264
1.770682
1.771078
1.773482
1.774998
1.776825
1.778124
1.779845
1.780828
1.782719
1.784726
1.786028
1.787526
1.789322
1.790240
1.792274
1.794976
1.795975
1.796966
1.798779
1.800041
1.801363
1.802387
1.805289
1.807011
1.808416
1.808845
1.810229
1.808455
1.808938
1.810392
1.812222
1.813464
1.814262
1.813669
1.815389
1.817357
1.818784
1.819143
1.820970
1.821921
1.823264
1.823865
1.824855
1.825818
1.826638
1.826077
1.827575
1.828747
1.829632
1.830312
1.831491
1.832460
1.833434
1.834059
1.835305
1.837118
1.837905
1.837504
1.838108
1.838542
1.837509
1.836795
1.838656
1.839518
1.839761
1.839810
1.840766
1.841014
1.843081
1.842495
1.843234
1.844361
1.845156
1.845489
1.846242
1.846205
1.846337
1.846714
1.847312
1.847930
1.846956
1.843000
1.841141
1.841546
1.842289
1.842683
1.843646
1.844158
1.842387
1.838410
1.838565
1.839123
1.838004
1.838184
1.839479
1.840822
1.840956
1.841520
1.840641
1.835000
1.830349
1.825084
1.823205
1.823231
1.823747
1.823988
1.824282
1.824565
1.823119
1.822095
1.822667
1.823075
1.823851
1.824312
1.825678
1.826102
1.827061
1.827369
1.828139
1.828673
1.829358
1.830409
1.830968
1.830945
1.831200
1.831923
1.832820
1.833483
1.834669
1.834926
1.832526
1.826898
1.825294
1.825506
1.826771
1.826532
1.826964
1.827080
1.828140
1.828192
1.828714
1.828921
1.829641
1.830132
1.828663
1.824168
1.822818
1.823194
1.824404
1.824811
1.825445
1.826104
1.824972
1.822764
1.823636
1.823496
1.820973
1.817708
1.815105
1.815088
1.815710
1.816665
1.817475
1.817580
1.817816
1.813979
1.811966
1.812765
1.812663
1.813422
1.815089
1.815759
1.816189
1.816341
1.817102
1.817561
1.818176
1.818564
1.819293
1.819875
1.820581
1.821308
1.821658
1.821709
1.821661
1.822191
1.822989
1.823939
1.824458
1.824844
1.825522
1.825980
1.826513
1.826837
1.827962
1.828457
1.828971
1.829260
1.829970
1.830422
1.831197
1.831629
1.832111
1.832141
1.833207
1.833682
1.834353
1.835028
1.835322
1.835780
1.836448
1.836885
1.836350
1.836152
1.836784
1.837210
1.837656
1.837696
1.838354
1.838791
1.839563
1.839898
1.840420
1.839668
1.839327
1.839748
1.838725
1.836643
1.836034
1.835998
1.836509
1.837002
1.837383
1.837304
1.836503
1.836560
1.836620
1.836215
1.836813
1.837278
1.838078
1.838316
1.838900
1.839160
1.839567
1.839778
1.840792
1.841066
1.841557
1.841928
1.842287
1.842405
1.842871
1.843521
1.842534
1.840866
1.840170
1.837899
1.834075
1.832625
1.833004
1.833406
1.833827
1.834130
1.834655
1.834805
1.835567
1.835121
1.835707
1.836049
1.836145
1.835227
1.832249
1.829950
1.829740
1.830120
1.830469
1.830591
1.831444
1.831502
1.831020
1.831231
1.831614
1.831867
1.832424
1.832808
1.833535
1.833785
1.834245
1.834603
1.834964
1.835191
1.835684
1.836332
1.836544
1.835545
1.835101
1.835208
1.835491
1.836042
1.836516
1.836545
1.836839
1.836737
1.837116
1.837452
1.838128
1.836591
1.834666
1.832396
1.829503
1.828735
1.829495
1.829864
1.830152
1.830464
1.830748
1.830382
1.827759
1.824600
1.823683
1.823625
1.824570
1.824718
1.825216
1.825583
1.826352
1.826608
1.827069
1.827376
1.827779
1.828115
1.827194
1.824057
1.823265
1.823427
1.823907
1.824251
1.824657
1.825214
1.825959
1.826178
1.826607
1.826845
1.827361
1.827933
1.828189
1.828123
1.828609
1.828961
1.829361
1.829095
1.829709
1.830093
1.830465
1.830682
1.830973
1.831323
1.831411
1.831400
1.831728
1.830841
1.830442
1.830767
1.831151
1.831749
1.832737
1.834344
1.835568
1.834662
1.834090
1.834252
1.834342
1.832897
1.832527
1.832768
1.831812
1.829662
1.829217
1.828707
1.828916
1.829351
1.829726
1.829905
1.828938
1.826935
1.826771
1.827629
1.828525
1.829252
1.829475
1.829805
1.829608
1.829335
1.829810
1.829967
1.830335
1.830721
1.831202
1.831467
1.832128
1.832058
1.832102
1.832304
1.832656
1.833279
1.833293
1.833182
1.833843
1.833973
1.834154
1.834424
1.834754
1.834971
1.835186
1.835404
1.835765
1.835700
1.835487
1.834602
1.834657
1.834892
1.835173
1.835353
1.835758
1.836227
1.836507
1.836189
1.835056
1.834437
1.834628
1.835085
1.835365
1.834943
1.832909
1.831573
1.831621
1.831860
1.832407
1.832632
1.833013
1.833260
1.833627
1.833756
1.834120
1.834280
1.834570
1.834379
1.834725
1.834962
1.835143
1.835564
1.835866
1.836075
1.836345
1.836548
1.836808
1.836947
1.837456
1.837550
1.837860
1.837973
1.838233
1.838399
1.838895
1.838844
1.839233
1.838228
1.837582
1.837080
1.835068
1.833812
1.833594
1.833680
1.833952
1.834021
1.834299
1.834731
1.835029
1.835244
1.835575
1.835638
1.834164
1.832954
1.833141
1.833359
1.833645
1.833742
1.834105
1.834358
1.834635
1.835091
1.835348
1.835604
1.835835
1.835691
1.835932
1.836325
1.836562
1.836771
1.837037
1.837263
1.837496
1.837604
1.837661
1.837774
1.838019
1.838177
1.838423
1.838658
1.839096
1.839274
1.839456
1.839555
1.839750
1.839871
1.840202
1.840379
1.840678
1.840855
1.841063
1.841183
1.841379
1.841385
1.841187
1.840682
1.840691
1.840798
1.841129
1.841411
1.841786
1.841917
1.842220
1.842374
1.842559
1.842800
1.842562
1.840778
1.839470
1.839465
1.839947
1.840062
1.840377
1.840774
1.841034
1.841255
1.841480
1.841864
1.842469
1.842656
1.843068
1.843225
1.843490
1.843674
1.843871
1.844061
1.843485
1.841953
1.841517
1.841369
1.841498
1.841756
1.842208
1.843748
1.844739
1.845197
1.845502
1.844375
1.843275
1.842772
1.842290
1.841402
1.840935
1.840886
1.840632
1.840089
1.840133
1.840146
1.840960
1.841635
1.842200
1.842494
1.842618
1.843275
1.843416
1.843513
1.843656
1.843810
1.844047
1.844214
1.844596
1.844630
1.843645
1.841115
1.838469
1.835783
1.833198
1.830575
1.827956
1.825298
1.822739
1.820145
1.817567
1.814912
1.812400
1.809835
1.807280
1.804691
1.802183
1.799647
1.797121
1.794570
1.792083
1.789572
1.787073
1.784556
1.782093
1.779616
1.777149
1.774647
1.772217
1.769766
1.767322
1.764842
1.762446
1.760024
1.757608
1.755167
1.752787
1.750388
1.748001
1.745557
1.743232
1.740858
1.738492
1.736107
1.733777
1.731431
1.729098
1.726734
1.724423
1.722104
1.719793
1.717456
1.715176
1.712882
1.710591
1.708281
1.706025
1.703753
1.701490
1.699203
1.696961
1.694722
1.692484
1.690222
1.688011
1.685788
1.683572
1.681331
1.679146
1.676946
1.674760
1.672537
1.670376
1.668198
1.666028
1.663818
1.661693
1.659539
1.657392
1.655221
1.653103
1.650971
1.648839
1.646698
1.644598
1.642471
1.640383
1.638252
1.636179
1.634086
1.632011
1.629913
1.627857
1.625777
1.623721
1.621639
1.619603
1.617560
1.615517
1.613453
1.611445
1.609416
1.607395
1.605351
1.603362
1.601369
1.599367
1.597335
1.595377
1.593388
1.591406
1.589376
1.587456
1.585488
1.583525
1.581514
1.579613
1.577664
1.575721
1.573729
1.571848
1.569919
1.567991
1.566038
1.564141
1.562226
1.560317
1.558377
1.556527
1.554635
1.552748
1.550846
1.548986
1.547113
1.545248
1.543360
1.541519
1.539658
1.537814
1.535946
1.534117
1.532285
1.530454
1.528602
1.526796
1.524971
1.523162
1.521310
1.519540
1.517738
1.515933
1.514126
1.512353
1.510561
1.508788
1.506990
1.505230
1.503465
1.501701
1.499922
1.498181
1.496428
1.494681
1.492917
1.491193
1.489457
1.487726
1.485973
1.484267
1.482551
1.480839
1.479094
1.477414
1.475705
1.474005
1.472263
1.470618
1.468928
1.467246
1.465545
1.463884
1.462210
1.460534
1.458832
1.457212
1.455568
1.453914
1.452241
1.450615
1.448972
1.447332
1.445649
1.444064
1.442436
1.440811
1.439165
1.437572
1.435958
1.434347
1.432695
1.431136
1.429534
1.427941
1.426316
1.424751
1.423165
1.421587
1.419992
1.418432
1.416861
1.415296
1.413705
1.412167
1.410610
1.409059
1.407490
1.405957
1.404414
1.402875
1.401305
1.399800
1.398269
1.396744
1.395204
1.393699
1.392181
1.390671
1.389119
1.387650
1.386146
1.384647
1.383132
1.381653
1.380162
1.378677
1.377175
1.375709
1.374231
1.372753
1.371268
1.369812
1.368350
1.366890
1.365406
1.363969
1.362519
1.361072
1.359607
1.358178
1.356737
1.355301
1.353850
1.352433
1.351005
1.349582
1.348143
1.346736
1.345320
1.343909
1.342481
1.341086
1.339683
1.338284
1.336869
1.335486
1.334093
1.332706
1.331303
1.329931
1.328550
1.327173
1.325782
1.324422
1.323053
1.321689
1.320307
1.318959
1.317601
1.316248
1.314875
1.313540
1.312187
1.310850
1.309493
1.308166
1.306830
1.305498
1.304152
1.302836
1.301510
1.300189
1.298854
1.297549
1.296234
1.294925
1.293598
1.292304
1.291001
1.289700
1.288387
1.287102
1.285809
1.284519
1.283215
1.281942
1.280659
1.279376
1.278082
1.276817
1.275546
1.274278
1.272994
1.271741
1.270477
1.269216
1.267946
1.266702
1.265450
1.264202
1.262933
1.261701
1.260456
1.259222
1.257967
1.256744
1.255511
1.254282
1.253027
1.251824
1.250601
1.249382
1.248146
1.246942
1.245727
1.244519
1.243295
1.242109
1.240904
1.239701
1.238480
1.237303
1.236107
1.234913
1.233703
1.232533
1.231347
1.230162
1.228963
1.227800
1.226623
1.225447
1.224257
1.223104
1.221935
1.220769
1.219586
1.218443
1.217283
1.216126
1.214953
1.213817
1.212666
1.211517
1.210354
1.209226
1.208084
1.206944
1.205790
1.204671
1.203537
1.202405
1.201239
1.200149
1.199024
1.197900
1.196763
1.195661
1.194544
1.193429
1.192288
1.191206
1.190098
1.188991
1.187870
1.186785
1.185685
1.184586
1.183465
1.182396
1.181304
1.180214
1.179109
1.178040
1.176956
1.175874
1.174775
1.173715
1.172639
1.171565
1.170471
1.169422
1.168354
1.167288
1.166188
1.165161
1.164100
1.163042
1.161951
1.160930
1.159877
1.158827
1.157757
1.156730
1.155685
1.154642
1.153563
1.152553
1.151518
1.150484
1.149434
1.148415
1.147385
1.146359
1.145319
1.144305
1.143282
1.142262
1.141231
1.140224
1.139209
1.138197
1.137173
1.136172
1.135164
1.134164
1.133150
