1.58836
1.58866
2.08856
2.5886
3.08842
3.59426
4.08965
4.58891
5.10427
5.61711
6.09021
6.59018
7.10692
7.61018
8.09039
8.59024
9.09809
9.61127
10.089
10.5899
11.1074
11.6171
12.0904
12.59
13.1102
13.6114
14.0891
14.5907
15.1113
15.6132
16.091
16.5938
17.1076
17.6093
18.0893
18.5909
19.1171
19.6147
20.0898
20.5909
21.0954
21.6227
22.0899
22.5984
23.1092
23.6179
24.0905
24.5929
25.1088
25.6005
26.0901
26.5983
27.1022
27.6089
28.0899
28.598
29.1048
29.5998
30.0904
30.6001
31.0995
31.6006
32.0896
32.5897
33.0989
33.5989
34.0899
34.5968
35.0934
35.6001
36.0895
36.5989
37.0975
37.602
38.0896
38.5892
39.0948
39.6066
40.092
40.5905
41.0953
41.6072
42.0933
42.5904
43.1113
43.6011
44.093
44.5895
45.0954
45.6034
46.0934
46.5908
47.1124
47.6055
48.1046
48.5934
49.1129
49.6021
50.0936
50.5915
51.1023
51.6098
52.0998
52.5898
53.1051
53.6108
54.089
54.5907
55.1059
55.6031
56.0964
56.5918
57.0974
57.6016
58.0998
58.5924
59.1142
59.6073
60.0932
60.5908
61.1113
61.6051
62.0979
62.5993
63.1113
63.6089
64.0889
64.591
65.115
65.6042
66.0998
66.5932
67.1217
67.6169
68.1018
68.6056
69.1168
69.6083
70.1016
70.5909
71.1213
71.6059
72.1018
72.594
73.1146
73.6201
74.1026
74.6048
75.1148
75.6141
76.0966
76.6022
77.1148
77.6144
78.1022
78.6013
79.1142
79.6198
80.1008
80.6022
81.115
81.6148
82.1026
82.6021
83.1164
83.608
84.104
84.6021
85.1171
85.6133
86.127
86.6029
87.1149
87.6154
88.1023
88.6028
89.1224
89.6119
90.1232
90.6026
91.1159
91.6103
92.1019
92.6024
93.1172
93.6105
94.1023
94.6027
95.1152
95.6127
96.1028
96.6026
97.1167
97.607
98.1023
98.6024
99.1182
99.6127
100.102
100.607
101.115
101.616
102.129
102.603
103.115
103.614
104.101
104.602
105.131
105.613
106.115
106.629
107.102
107.617
108.117
108.604
109.109
109.615
110.117
110.602
111.103
111.618
112.114
112.603
113.103
113.614
114.103
114.629
115.12
115.624
116.102
116.602
117.118
117.609
118.104
118.602
119.121
119.61
120.102
120.602
121.116
121.609
122.103
122.602
123.117
123.606
124.103
124.605
125.115
125.608
126.103
126.607
127.114
127.61
128.103
128.61
129.117
129.615
130.104
130.602
131.117
131.612
132.104
132.603
133.117
133.605
134.144
134.602
135.115
135.609
136.103
136.61
137.116
137.609
138.102
138.612
139.117
139.608
140.105
140.603
141.115
141.626
142.103
142.629
143.115
143.614
144.103
144.603
145.118
145.607
146.104
146.603
147.116
147.606
148.104
148.603
149.115
149.607
150.106
150.602
151.12
151.611
152.102
152.606
153.116
153.617
154.103
154.602
155.116
155.615
156.102
156.619
157.116
157.624
158.103
158.627
159.116
159.621
160.103
160.603
161.116
161.62
162.102
162.602
163.116
163.613
164.103
164.602
165.115
165.611
166.103
166.62
167.114
167.611
168.103
168.607
169.118
169.61
170.103
170.607
171.115
171.609
172.102
172.603
173.115
173.624
174.103
174.603
175.129
175.634
176.116
176.603
177.102
177.609
178.113
178.613
179.103
179.61
180.115
180.602
181.103
181.612
182.115
182.602
183.103
183.618
184.114
184.602
185.106
185.611
186.115
186.605
187.102
187.611
188.125
188.602
189.103
189.615
190.115
190.602
191.127
191.606
192.116
192.602
193.101
193.612
194.115
194.601
195.103
195.61
196.116
196.605
197.103
197.607
198.115
198.602
199.107
199.611
200.116
200.601
201.103
201.606
202.116
202.602
203.103
203.606
204.114
204.601
205.101
205.604
206.113
206.602
207.102
207.604
208.113
208.602
209.102
209.606
210.115
210.616
211.1
211.601
212.111
212.599
213.157
213.603
214.113
214.599
215.101
215.604
216.112
216.598
217.105
217.603
218.109
218.605
219.096
219.602
220.109
220.598
221.102
221.606
222.108
222.61
223.096
223.608
224.109
224.596
225.104
225.628
226.116
226.601
227.096
227.619
228.111
228.602
229.103
229.61
230.113
230.605
231.102
231.62
232.117
232.609
233.102
233.62
234.115
234.619
235.103
235.632
236.11
236.602
237.101
237.61
238.115
238.603
239.098
239.611
240.117
240.602
241.101
241.607
242.114
242.597
243.103
243.603
244.111
244.602
245.102
245.607
246.111
246.598
247.102
247.617
248.108
248.592
249.102
249.6
250.111
250.602
251.095
251.601
252.106
252.593
253.093
253.602
254.107
254.594
255.091
255.609
256.105
256.612
257.102
257.628
258.118
258.596
259.095
259.615
260.111
260.599
261.102
261.635
262.115
262.593
263.102
263.613
264.115
264.596
265.103
265.609
266.106
266.595
267.102
267.605
268.107
268.597
269.103
269.598
270.104
270.596
271.102
271.608
272.107
272.596
273.102
273.599
274.115
274.602
275.102
275.597
276.113
276.589
277.092
277.602
278.109
278.599
279.102
279.611
280.113
280.589
281.102
281.608
282.106
282.591
283.107
283.605
284.113
284.602
285.09
285.595
286.105
286.595
287.101
287.599
288.121
288.593
289.094
289.606
290.102
290.589
291.105
291.601
292.102
292.589
293.095
293.594
294.096
294.589
295.095
295.598
296.107
296.589
297.09
297.609
298.095
298.589
299.091
299.596
300.096
300.61
301.09
301.593
302.094
302.59
303.091
303.619
304.092
304.59
305.09
305.599
306.095
306.611
307.091
307.607
308.097
308.589
309.091
309.606
310.105
310.59
311.091
311.605
312.099
312.595
313.09
313.6
314.106
314.59
315.095
315.594
316.107
316.604
317.09
317.596
318.094
318.59
319.09
319.594
320.1
320.59
321.09
321.598
322.101
322.591
323.11
323.603
324.093
324.591
325.09
325.607
326.094
326.59
327.09
327.602
328.1
328.599
329.091
329.593
330.102
330.59
331.092
331.592
332.093
332.589
333.123
333.594
334.096
334.6
335.091
335.599
336.094
336.591
337.091
337.601
338.094
338.595
339.091
339.602
340.097
340.591
341.091
341.615
342.102
342.59
343.089
343.597
344.104
344.602
345.089
345.594
346.099
346.595
347.089
347.6
348.097
348.59
349.09
349.593
350.097
350.589
351.089
351.592
352.097
352.59
353.09
353.592
354.103
354.592
355.091
355.594
356.098
356.591
357.091
357.594
358.096
358.591
359.092
359.595
360.096
360.592
361.091
361.592
362.097
362.591
363.091
363.594
364.099
364.593
365.091
365.593
366.096
366.591
367.091
367.593
368.102
368.591
369.091
369.594
370.096
370.591
371.091
371.592
372.095
372.592
373.091
373.593
374.096
374.591
375.091
375.594
376.096
376.591
377.091
377.593
378.096
378.594
379.091
379.593
380.095
380.591
381.091
381.593
382.096
382.591
383.091
383.591
384.096
384.591
385.091
385.593
386.1
386.591
387.091
387.593
388.096
388.591
389.09
389.595
390.095
390.592
391.095
391.593
392.097
392.592
393.093
393.593
394.094
394.59
395.093
395.595
396.096
396.593
397.091
397.594
398.097
398.591
399.091
399.594
400.097
400.592
401.093
401.595
402.099
402.593
403.093
403.595
404.103
404.595
405.092
405.596
406.103
406.593
407.094
407.6
408.104
408.593
409.094
409.593
410.097
410.593
411.094
411.599
412.104
412.593
413.092
413.595
414.097
414.593
415.092
415.594
416.097
416.592
417.094
417.595
418.097
418.594
419.092
419.594
420.098
420.593
421.094
421.595
422.103
422.593
423.092
423.599
424.097
424.593
425.094
425.594
426.097
426.594
427.092
427.595
428.096
428.592
429.092
429.595
430.097
430.593
431.092
431.594
432.099
432.594
433.092
433.593
434.1
434.592
435.093
435.599
436.106
436.592
437.092
437.594
438.097
438.593
439.092
439.6
440.105
440.593
441.089
441.592
442.095
442.593
443.095
443.595
444.104
444.593
445.093
445.594
446.097
446.593
447.093
447.592
448.102
448.589
449.089
449.593
450.098
450.591
451.091
451.593
452.095
452.59
453.09
453.592
454.098
454.591
455.09
455.592
456.095
456.591
457.09
457.595
458.1
458.591
459.091
459.594
460.096
460.591
461.091
461.593
462.103
462.591
463.091
463.593
464.096
464.592
465.091
465.593
466.096
466.591
467.091
467.596
468.096
468.592
469.091
469.593
470.098
470.592
471.091
471.593
472.096
472.591
473.091
473.594
474.096
474.591
475.091
475.593
476.095
476.591
477.091
477.593
478.096
478.592
479.091
479.593
480.096
480.591
481.091
481.593
482.096
482.591
483.091
483.593
484.096
484.591
485.091
485.593
486.096
486.591
487.091
487.592
488.097
488.591
489.094
489.593
490.096
490.591
491.091
491.593
492.096
492.591
493.091
493.594
494.096
494.591
495.091
495.593
496.096
496.591
497.091
497.594
498.096
498.591
499.091
499.593
500.096
500.591
501.091
501.594
502.097
502.594
503.092
503.594
504.097
504.593
505.093
505.596
506.097
506.593
507.092
507.594
508.099
508.594
509.094
509.594
510.098
510.593
511.093
511.594
512.102
512.593
513.092
513.594
514.098
514.593
515.093
515.594
516.097
516.593
517.093
517.594
518.098
518.593
519.093
519.595
520.098
520.593
521.094
521.595
522.097
522.593
523.092
523.595
524.097
524.593
525.092
525.598
526.098
526.594
527.094
527.597
528.097
528.593
529.092
529.599
530.097
530.593
531.092
531.595
532.097
532.593
533.092
533.598
534.106
534.593
535.092
535.594
536.097
536.593
537.092
537.595
538.103
538.593
539.093
539.594
540.098
540.594
541.093
541.595
542.102
542.593
543.095
543.595
544.098
544.594
545.093
545.595
546.099
546.593
547.096
547.595
548.1
548.593
549.095
549.596
550.107
550.593
551.093
551.596
552.106
552.594
553.093
553.6
554.098
554.589
555.089
555.595
556.106
556.592
557.091
557.592
558.097
558.591
559.091
559.592
560.096
560.591
561.091
561.594
562.096
562.591
563.091
563.593
564.095
564.591
565.091
565.594
566.094
