0.011972
0.007832
0.006654
0.006613
0.006698
0.006634
0.008638
0.005841
0.004438
0.010602
0.006051
0.008786
0.013379
0.007894
0.007360
0.006136
0.004947
0.008051
0.004633
0.003491
0.005862
0.005756
0.006829
0.009072
0.008728
0.009991
0.007816
0.006765
0.018867
0.014159
0.011843
0.009893
0.009614
0.012649
0.011691
0.011862
0.014157
0.016376
0.013721
0.017395
0.015546
0.008291
0.014491
0.014519
0.014639
0.020404
0.015706
0.016068
0.017886
0.019561
0.020471
0.020580
0.019668
0.017172
0.016043
0.013004
0.011145
0.013647
0.013695
0.013681
0.020398
0.024059
0.014102
0.015258
0.015182
0.014689
0.014250
0.013812
0.012115
0.012512
0.013996
0.016592
0.020038
0.019300
0.026090
0.016534
0.016107
0.015728
0.009948
0.016716
0.016312
0.014608
0.014975
0.022066
0.018490
0.015820
0.015590
0.012688
0.014207
0.021854
0.012160
0.012001
0.012773
0.006718
0.009953
0.011615
0.008929
0.008861
0.010181
0.009322
0.005732
0.007696
0.011642
0.008687
0.013669
0.011928
0.017594
0.015666
0.011873
0.014392
0.014507
0.019097
0.017138
0.022227
0.019362
0.022418
0.014681
0.017439
0.016470
0.017113
0.020230
0.021714
0.022576
0.014663
0.018096
0.020746
0.027939
0.024372
0.018982
0.019144
0.013744
0.012411
0.014493
0.013501
0.017047
0.016494
0.010000
0.006280
0.008530
0.007135
0.007250
0.006203
0.011845
0.007437
0.004863
0.006649
0.007439
0.009659
0.004728
0.004175
0.005439
0.006181
0.007045
0.004731
0.005117
0.007791
0.010236
0.007727
0.008741
0.011534
0.010408
0.009434
0.009742
0.013654
0.014124
0.019997
0.028633
0.025505
0.020133
0.010070
0.014181
0.011650
0.011513
0.013227
0.012469
0.013820
0.008831
0.013787
0.011417
0.010897
0.011639
0.022601
0.021731
0.023082
0.030380
0.017547
0.027031
0.022657
0.015326
0.017346
0.017140
0.012307
0.008642
0.010283
0.004280
0.004550
0.004547
0.004508
0.008165
0.011453
0.016086
0.008282
0.010026
0.009518
0.012135
0.010429
0.007889
0.004072
0.007101
0.010209
0.010454
0.011069
0.012166
0.010993
0.008561
0.008582
0.013739
0.008527
0.007079
0.016170
0.014606
0.014248
0.010291
0.009425
0.010639
0.008599
0.007852
0.012120
0.008626
0.010240
0.007696
0.009705
0.008606
0.008154
0.007566
0.021019
0.016643
0.011489
0.014248
0.011476
0.013576
0.017809
0.017712
0.013011
0.015454
0.014270
0.010422
0.016928
0.013085
0.010262
0.009937
0.012391
0.022507
0.014327
0.014303
0.013054
0.014865
0.020536
0.013175
0.014357
0.013814
0.013911
0.012664
0.014042
0.016006
0.013470
0.018215
0.011346
0.009560
0.005708
0.012596
0.018780
0.028219
0.025129
0.022904
0.022458
0.013200
0.020652
0.012670
0.007227
0.004710
0.005312
0.006809
0.015031
0.011878
0.016362
0.012922
0.012477
0.009818
0.009238
0.011281
0.012078
0.009640
0.006789
0.006783
0.006862
0.010576
0.007110
0.007802
0.015301
0.015170
0.013319
0.013457
0.007402
0.006546
0.012097
0.006529
0.008090
0.012082
0.013133
0.015167
0.013658
0.017186
0.009492
0.011240
0.012800
0.009839
0.014333
0.012704
0.012347
0.012491
0.006553
0.007198
0.009945
0.009207
0.014648
0.013854
0.017642
0.011621
0.016608
0.011617
0.011424
0.011184
0.015573
0.021105
0.015528
0.014129
0.010286
0.008719
0.008326
0.014388
0.013555
0.014677
0.008304
0.006218
0.004045
0.004630
0.008057
0.010695
0.003947
0.005593
0.007050
0.010122
0.006826
0.008315
0.006453
0.010376
0.013074
0.012721
0.016114
0.026148
0.021289
0.013903
0.019039
0.020521
0.017607
0.019427
0.018343
0.009621
0.012897
0.011322
0.010794
0.014874
0.011837
0.016351
0.013238
0.004933
0.006817
0.005721
0.007359
0.019575
0.027195
0.018034
0.017231
0.012093
0.013341
0.013814
0.005007
0.003122
0.013482
0.008492
0.011775
0.007679
0.005876
0.004319
0.011857
0.012272
0.012826
0.007086
0.012579
0.006960
0.005616
0.007029
0.006375
0.007970
0.006941
0.004613
0.007331
0.007458
0.007157
0.009055
0.009404
0.013824
0.017867
0.014963
0.009123
0.011078
0.012366
0.008358
0.011638
0.015914
0.009717
0.010692
0.011110
0.013641
0.013287
0.009464
0.020512
0.018996
0.014245
0.013757
0.020031
0.015365
0.014529
0.019077
0.011945
0.016949
0.016361
0.015425
0.010226
0.018932
0.010656
0.019236
0.018043
0.014595
0.007911
0.009507
0.009514
0.013305
0.014666
0.021838
0.024244
0.020874
0.021832
0.022969
0.019846
0.017061
0.017875
0.019347
0.022755
0.022638
0.014977
0.013369
0.016142
0.021716
0.018116
0.020771
0.019532
0.025578
0.023465
0.028972
0.025225
0.015080
0.013886
0.021174
0.028186
0.030285
0.023003
0.016752
0.018232
0.011122
0.017290
0.014906
0.013690
0.017580
0.027307
0.020088
0.012554
0.011671
0.009995
0.009295
0.019284
0.022925
0.026829
0.021806
0.020184
0.013069
0.027821
0.020127
0.013494
0.010439
0.009450
0.021923
0.023414
0.028146
0.020850
0.017461
0.020279
0.021331
0.020262
0.026111
0.024735
0.028115
0.021224
0.026765
0.028642
0.014966
0.018529
0.019571
0.022168
0.035733
0.026467
0.028327
0.025300
0.020851
0.021028
0.015021
0.021090
0.019363
0.009896
0.021200
0.018471
0.028192
0.025503
0.024588
0.019159
0.013882
0.022555
0.022271
0.022318
0.023516
0.031238
0.025210
0.020285
0.017889
0.021616
0.024909
0.021675
0.015315
0.018737
0.023242
0.023433
0.016578
0.016550
0.024286
0.030936
0.026006
0.020664
0.014481
0.021967
0.021964
0.023647
0.019382
0.021660
0.020760
0.021348
0.019955
0.015785
0.024660
0.013883
0.020231
0.019678
0.023656
0.023623
0.034924
0.017495
0.010400
0.010428
0.007779
0.011909
0.014945
0.027445
0.027943
0.016623
0.019817
0.016232
0.021232
0.017199
0.015971
0.013384
0.012338
0.009814
0.008112
0.002644
0.001401
0.002230
0.002749
0.016545
0.010138
0.020125
0.011661
0.007927
0.007823
0.006625
0.013529
0.008286
0.016011
0.020257
0.031228
0.032857
0.027371
0.030253
0.023805
0.016386
0.007866
0.008658
0.015234
0.026161
0.027887
0.020334
0.018090
0.022335
0.025508
0.027335
0.030468
0.027775
0.017127
0.011063
0.018437
0.017027
0.016773
0.023861
0.020616
0.020781
0.024305
0.021671
0.014532
0.015855
0.013679
0.019275
0.016585
0.019179
0.024730
0.023598
0.019222
0.020589
0.017715
0.018050
0.020799
0.032786
0.013382
0.016726
0.027575
0.030853
0.024143
0.018533
0.022744
0.017600
0.016603
0.017975
0.024028
0.021006
0.022925
0.022982
0.029185
0.027563
0.026423
0.036860
0.029812
0.011636
0.010712
0.009990
0.025152
0.029529
0.022460
0.015838
0.013801
0.024645
0.033873
0.020236
0.018972
0.012084
0.009888
0.012068
0.015425
0.017370
0.010048
0.008988
0.009073
0.009819
0.009669
0.011259
0.004682
0.010000
0.018193
0.015313
0.012338
0.008051
0.012225
0.012903
0.028617
0.020046
0.016851
0.008312
0.014265
0.021113
0.021421
0.013403
0.018930
0.015540
0.018260
0.021379
0.007851
0.002155
0.011277
0.022538
0.025410
0.025758
0.019806
0.019117
0.021215
0.018538
0.016371
0.017885
0.025008
0.012671
0.005221
0.002433
0.024924
0.013426
0.014520
0.016615
0.010883
0.007154
0.020283
0.015694
0.014488
0.016594
0.021130
0.022868
0.012715
0.008686
0.007552
0.006088
0.012009
0.012364
0.009722
0.009265
0.011940
0.023134
0.017918
0.019536
0.017792
0.019472
0.016137
0.015877
0.014220
0.018644
0.007557
0.013446
0.015316
0.018360
0.013941
0.025597
0.017951
0.017146
0.011024
0.010376
0.004619
0.015173
0.009589
0.014325
0.013451
0.010166
0.011590
0.007841
0.016202
0.011886
0.006570
0.005297
0.006990
0.005202
0.006627
0.009526
0.016355
0.011204
0.016969
0.017514
0.019711
0.019459
0.013205
0.008797
0.013638
0.015089
0.015684
0.021878
0.012114
0.011917
0.025617
0.019624
0.015962
0.012354
0.017215
0.015636
0.010238
0.007300
0.006120
0.011197
0.008987
0.011554
0.015629
0.007660
0.006751
0.009753
0.010034
0.011235
0.014933
0.011322
0.012540
0.015490
0.005579
0.010729
0.021836
0.021389
0.003181
0.019913
0.015742
0.021523
0.011876
0.007758
0.013758
0.009563
0.009676
0.007650
0.008381
0.012630
0.004520
0.012710
0.017522
0.006926
0.010708
0.013785
0.003081
0.017741
0.020077
0.009357
0.005603
0.005445
0.005162
0.003121
0.005325
0.005564
0.005308
0.006187
0.011570
0.011983
0.013650
0.011488
0.005560
0.005679
0.002912
0.017181
0.017081
0.013256
0.011779
0.005083
0.006513
0.006175
0.006368
0.035125
0.032523
0.012502
0.010859
0.032674
0.019351
0.020710
0.021950
0.017086
0.018575
0.019902
0.028096
0.020977
0.031226
0.044260
0.042452
0.028335
0.017262
0.029456
0.017318
0.012877
0.016989
0.014534
0.013647
0.017798
0.025589
0.022896
0.024455
0.024706
0.018849
0.017570
0.020141
0.019676
0.015090
0.013928
0.012321
0.010674
0.019635
0.028430
0.026221
0.024609
0.022847
0.026492
0.017287
0.016671
0.018716
0.016477
0.016708
0.015546
0.013177
0.011840
0.007704
0.009694
0.020348
0.016608
0.015814
0.021450
0.018830
0.013620
0.011593
0.020949
0.009205
0.023876
0.024275
0.020546
0.029210
0.029021
0.028328
0.023231
0.027444
0.014368
0.014842
0.020094
0.016822
0.015285
0.011321
0.014833
0.011164
0.012921
0.018338
0.013995
0.015865
0.012926
0.012113
0.029721
0.023819
0.020157
0.019461
0.010711
0.018972
0.018567
0.016620
0.017295
0.016320
0.018445
0.010433
0.011250
0.012080
0.011799
0.010540
0.015108
0.019930
0.015762
0.010564
0.010789
0.022497
0.018772
0.013905
0.015817
0.014996
0.013655
0.012092
0.026973
0.030819
0.021712
0.023949
0.016222
0.024065
0.025370
0.028409
0.026449
0.020622
0.017826
0.019035
0.020026
0.012239
0.011068
0.010246
0.011683
0.010018
0.037905
0.028145
0.020532
0.017605
0.010402
0.008568
0.009205
0.007931
0.010115
0.010116
0.010734
0.008889
0.008144
0.012827
0.012632
0.013267
0.008438
0.008898
0.014338
0.012529
0.012066
0.009046
0.008040
0.011889
0.015924
0.015648
0.017208
0.017155
0.016045
0.010892
0.012684
0.022918
0.017918
0.014116
0.012923
0.012454
0.016811
0.016392
0.020010
0.017629
0.019551
0.031398
0.030041
0.021029
0.021074
0.020962
0.022274
0.018598
0.023365
0.028176
0.012790
0.010879
0.009614
0.010668
0.013742
0.015824
0.026935
0.021376
0.016648
0.015774
0.014729
0.018134
0.012105
0.009309
0.015345
0.009020
0.014554
0.017581
0.020629
0.019218
0.011399
0.007536
0.005688
0.008765
0.015341
0.014462
0.014636
0.014325
0.013731
0.014192
0.015909
0.016500
0.019727
0.018575
0.020220
0.019125
0.014014
0.012248
0.010987
0.013238
0.012616
0.012612
0.013842
0.016372
0.017444
0.013800
0.013970
0.011958
0.012691
0.009860
0.007984
0.009897
0.014349
0.013296
0.015014
0.016687
0.022455
0.015270
0.014889
0.012548
0.008409
0.010231
0.012679
0.012306
0.011184
0.015398
0.015011
0.016883
0.017985
0.019171
0.011473
0.009986
0.013851
0.009736
0.008538
0.012018
0.005325
0.004797
0.005542
0.012622
0.014427
0.010226
0.013785
0.015083
0.016527
0.018258
0.017409
0.014936
0.009038
0.007732
0.008325
0.015040
0.018217
0.012600
0.022304
0.012918
0.015403
0.016445
0.015781
0.012287
0.009609
0.014637
0.012437
0.009306
0.009899
0.013789
0.011398
0.020072
0.022170
0.020922
0.015707
0.019208
0.019369
0.016404
0.012441
0.011064
0.014671
0.013987
0.020288
0.020389
0.021082
0.020420
0.017984
0.021564
0.020061
0.019501
0.013966
0.014588
0.024947
0.021446
0.024239
0.022016
0.023060
0.013683
0.016743
0.023871
0.014320
0.016337
0.012913
0.010077
0.012572
0.016687
0.016090
0.017749
0.019763
0.019684
0.019387
0.017956
0.030505
0.014099
0.009614
0.023694
0.024944
0.021337
0.015748
0.011409
0.013902
0.007340
0.012406
0.008461
0.019466
0.017496
0.015461
0.021195
0.013379
0.010639
0.007877
0.007990
0.007487
0.009661
0.010520
0.012366
0.011212
0.014081
0.011448
0.007177
0.007569
0.011685
0.012672
0.012408
0.016073
0.008691
0.008410
0.007045
0.012263
0.014481
0.014856
0.019115
0.017869
0.014589
0.022565
0.017588
0.022582
0.018850
