2.10393
2.60388
3.10392
3.60382
4.12292
4.60389
5.10386
5.60386
6.10382
6.60389
7.12112
7.60392
8.11055
8.60384
9.1223
9.60395
10.1039
10.6039
11.1191
11.6038
12.1039
12.6038
13.1038
13.6038
14.1192
14.6038
15.1039
15.6039
16.1038
16.6038
17.1181
17.6039
18.1039
18.6039
19.1252
19.6039
20.104
20.6038
21.1039
21.6039
22.1172
22.6221
23.1038
23.604
24.1175
24.6038
25.1278
25.6039
26.118
26.6039
27.1039
27.6039
28.1184
28.6038
29.1038
29.6038
30.1193
30.6039
31.1166
31.6039
32.1191
32.6038
33.1039
33.6132
34.1186
34.6568
35.1038
35.6041
36.1039
36.6039
37.1165
37.6039
38.1039
38.6077
39.1161
39.6039
40.1039
40.6039
41.1179
41.6038
42.1039
42.6039
43.1234
43.6039
44.1039
44.6039
45.1195
45.6039
46.1039
46.6039
47.1193
47.604
48.1039
48.604
49.1066
49.6467
50.1189
50.6039
51.1039
51.6039
52.1169
52.6039
53.1043
53.6039
54.1228
54.6039
55.1039
55.6047
56.1089
56.6052
57.106
57.6046
58.1048
58.6051
59.1059
59.6054
60.1077
60.608
61.1088
61.6084
62.1264
62.6103
63.1078
63.6083
64.1189
64.6082
65.1088
65.6071
66.1266
66.6082
67.1081
67.6124
68.132
68.617
69.1128
69.6261
70.1297
70.6122
71.1303
71.6103
72.117
72.6166
73.1164
73.615
74.1779
74.6151
75.1162
75.6616
76.1208
76.6504
77.1367
77.6174
78.141
78.6206
79.1793
79.6196
80.1369
80.6205
81.1204
81.619
82.1212
82.6203
83.18
83.6186
84.1371
84.6202
85.133
85.6179
86.1197
86.6789
87.1381
87.6189
88.1211
88.6207
89.1188
89.6194
90.2124
90.6356
91.1805
91.677
92.1208
92.6202
93.1676
93.6338
94.1369
94.6205
95.1216
95.6206
96.1403
96.6229
97.141
97.6215
98.1214
98.6213
99.1372
99.6216
100.122
100.621
101.139
101.624
102.128
102.623
103.121
103.622
104.138
104.622
105.121
105.624
106.137
106.621
107.122
107.62
108.139
108.62
109.121
109.622
110.138
110.622
111.137
111.622
112.122
112.621
113.121
113.621
114.138
114.657
115.121
115.62
116.121
116.621
117.139
117.622
118.149
118.621
119.127
119.621
120.133
120.623
121.138
121.62
122.121
122.622
123.138
123.621
124.121
124.621
125.137
125.622
126.122
126.621
127.138
127.621
128.136
128.641
129.121
129.621
130.168
130.62
131.121
131.621
132.121
132.622
133.167
133.621
134.137
134.623
135.122
135.622
136.123
136.622
137.139
137.659
138.182
138.622
139.121
139.623
140.161
140.622
141.121
141.644
142.139
142.623
143.121
143.622
144.121
144.623
145.139
145.621
146.122
146.621
147.121
147.62
148.121
148.622
149.141
149.62
150.122
150.621
151.134
151.663
152.123
152.624
153.139
153.643
154.121
154.623
155.12
155.624
156.14
156.627
157.123
157.62
158.124
158.692
159.14
159.662
160.139
160.626
161.124
161.624
162.12
162.624
163.138
163.623
164.121
164.621
165.139
165.623
166.139
166.656
167.141
167.63
168.123
168.623
169.151
169.623
170.18
170.623
171.138
171.622
172.138
172.62
173.122
173.637
174.148
174.62
175.121
175.621
176.121
176.623
177.14
177.621
178.122
178.622
179.121
179.624
180.137
180.622
181.123
181.669
182.139
182.621
183.121
183.622
184.137
184.623
185.126
185.624
186.135
186.621
187.136
187.622
188.12
188.651
189.122
189.623
190.14
190.62
191.125
191.622
192.142
192.624
193.122
193.622
194.141
194.621
195.122
195.623
196.122
196.622
197.122
197.622
198.139
198.622
199.123
199.622
200.141
200.628
201.15
201.628
202.124
202.623
203.123
203.621
204.141
204.623
205.121
205.649
206.141
206.624
207.123
207.623
208.139
208.623
209.141
209.623
210.124
210.625
211.142
211.621
212.122
212.624
213.139
213.624
214.138
214.621
215.14
215.622
216.124
216.62
217.148
217.62
218.123
218.626
219.138
219.623
220.144
220.621
221.125
221.633
222.139
222.623
223.168
223.656
224.127
224.625
225.172
225.626
226.169
226.62
227.122
227.621
228.12
228.624
229.127
229.626
230.14
230.663
231.121
231.622
232.141
232.625
233.139
233.637
234.141
234.624
235.123
235.629
236.14
236.628
237.14
237.628
238.121
238.621
239.138
239.622
240.13
240.625
241.191
241.623
242.141
242.732
243.124
243.623
244.142
244.622
245.124
245.649
246.253
246.628
247.12
247.621
248.144
248.622
249.122
249.625
250.141
250.622
251.206
251.626
252.14
252.621
253.121
253.623
254.136
254.624
255.123
255.622
256.139
256.622
257.125
257.626
258.139
258.62
259.123
259.667
260.124
260.622
261.138
261.624
262.122
262.67
263.145
263.664
264.182
264.621
265.124
265.623
266.138
266.632
267.144
267.624
268.177
268.629
269.152
269.662
270.145
270.621
271.136
271.622
272.143
272.716
273.125
273.627
274.143
274.625
275.145
275.687
276.145
276.621
277.14
277.627
278.199
278.624
279.138
279.622
280.143
280.626
281.142
281.622
282.178
282.663
283.132
283.673
284.124
284.622
285.142
285.666
286.123
286.624
287.145
287.627
288.145
288.622
289.124
289.649
290.141
290.623
291.125
291.687
292.145
292.644
293.132
293.628
294.18
294.628
295.141
295.621
296.127
296.625
297.139
297.675
298.137
298.625
299.124
299.627
300.144
300.621
301.124
301.621
302.127
302.627
303.124
303.621
304.121
304.624
305.157
305.62
306.123
306.628
307.121
307.642
308.182
308.638
309.191
309.711
310.13
310.621
311.213
311.623
312.143
312.674
313.151
313.623
314.122
314.697
315.129
315.625
316.156
316.622
317.146
317.627
318.144
318.624
319.124
319.624
320.121
320.621
321.145
321.638
322.15
322.625
323.141
323.627
324.124
324.652
325.144
325.623
326.13
326.653
327.144
327.629
328.125
328.623
329.144
329.625
330.125
330.632
331.121
331.621
332.146
332.633
333.121
333.634
334.15
334.62
335.128
335.626
336.129
336.624
337.127
337.629
338.146
338.624
339.121
339.624
340.123
340.631
341.146
341.625
342.123
342.624
343.177
343.62
344.181
344.623
345.139
345.62
346.129
346.622
347.14
347.627
348.123
348.632
349.153
349.622
350.129
350.621
351.144
351.623
352.124
352.65
353.124
353.622
354.141
354.622
355.124
355.621
356.147
356.629
357.133
357.667
358.146
358.629
359.128
359.622
360.154
360.627
361.124
361.621
362.143
362.624
363.125
363.626
364.148
364.624
365.121
365.67
366.166
366.632
367.126
367.692
368.148
368.635
369.142
369.625
370.204
370.624
371.142
371.676
372.146
372.624
373.121
373.623
374.143
374.677
375.165
375.622
376.145
376.668
377.142
377.624
378.127
378.624
379.125
379.622
380.123
380.635
381.139
381.623
382.142
382.628
383.13
383.624
384.142
384.622
385.128
385.647
386.143
386.654
387.147
387.627
388.146
388.622
389.145
389.624
390.141
390.686
391.166
391.691
392.171
392.663
393.138
393.621
394.141
394.629
395.202
395.625
396.14
396.659
397.146
397.623
398.138
398.626
399.124
399.622
400.124
400.624
401.122
401.629
402.142
402.661
403.121
403.63
404.142
404.626
405.121
405.627
406.146
406.627
407.125
407.629
408.141
408.624
409.124
409.625
410.126
410.624
411.14
411.62
412.138
412.637
413.14
413.624
414.141
414.623
415.129
415.625
416.173
416.624
417.148
417.622
418.131
418.625
419.127
419.673
420.123
420.622
421.121
421.629
422.142
422.624
423.12
423.623
424.122
424.622
425.144
425.621
426.121
426.631
427.145
427.627
428.139
428.623
429.127
429.621
430.145
430.626
431.12
431.631
432.14
432.631
433.138
433.629
434.193
434.628
435.194
435.622
436.141
436.621
437.132
437.629
438.121
438.681
439.146
439.623
440.178
440.621
441.128
441.629
442.149
442.623
443.147
443.624
444.124
444.621
445.198
445.657
446.231
446.668
447.162
447.658
448.212
448.665
449.138
449.629
450.141
450.624
451.123
451.625
452.145
452.621
453.122
453.717
454.193
454.68
455.2
455.685
456.232
456.691
457.137
457.625
458.191
458.625
459.177
459.628
460.148
460.628
461.148
461.63
462.124
462.625
463.146
463.626
464.128
464.625
465.146
465.625
466.191
466.634
467.143
467.622
468.151
468.623
469.18
469.622
470.149
470.624
471.127
471.633
472.13
472.624
473.167
473.623
474.149
474.704
475.151
475.647
476.161
476.683
477.169
477.669
478.137
478.621
479.201
479.623
480.147
480.621
481.129
481.632
482.143
482.626
483.123
483.632
484.151
484.647
485.129
485.628
486.183
486.631
487.122
487.626
488.149
488.659
489.121
489.623
490.128
490.63
491.149
491.634
492.123
492.634
493.126
493.624
494.216
494.624
495.126
495.628
496.13
496.671
497.211
497.714
498.208
498.703
499.156
499.665
500.231
500.663
501.211
501.723
502.246
502.682
503.214
503.701
504.187
504.669
505.194
505.703
506.131
506.625
507.166
507.641
508.305
508.682
509.161
509.681
510.277
510.716
511.188
511.707
512.197
512.63
513.145
513.639
514.131
514.625
515.148
515.633
516.235
516.629
517.138
517.633
518.14
518.651
519.137
519.624
520.122
520.622
521.217
521.652
522.196
522.675
523.155
523.671
524.198
524.655
525.181
525.699
526.221
526.706
527.2
527.675
528.236
528.686
529.187
529.664
530.175
530.659
531.149
531.695
532.248
532.66
533.139
533.623
534.185
534.634
535.146
535.622
536.145
536.646
537.144
537.629
538.122
538.633
539.135
539.631
540.131
540.627
541.149
541.623
542.144
542.643
543.128
543.629
544.148
544.628
545.21
545.637
546.144
546.625
547.175
547.663
548.138
548.663
549.123
549.627
550.131
550.671
551.123
551.623
552.133
552.635
553.146
553.721
554.127
554.63
555.14
555.623
556.125
556.633
557.132
557.628
558.15
558.647
559.153
559.625
560.128
560.684
561.149
561.666
562.123
562.643
563.144
563.627
564.132
564.624
565.144
565.649
566.156
566.623
567.134
567.632
568.14
568.631
569.146
569.624
570.127
570.628
571.145
571.623
572.143
572.625
573.132
573.624
574.152
574.631
575.141
575.626
576.122
576.633
577.165
577.622
578.188
578.631
579.141
579.629
580.143
580.622
581.121
581.625
582.17
582.671
583.14
583.631
584.124
584.623
585.13
585.633
586.185
586.631
587.123
587.629
588.147
588.622
589.127
589.628
590.146
590.621
591.21
591.624
592.167
592.626
593.121
593.622
594.14
594.626
595.12
595.634
596.149
596.625
597.148
597.628
598.123
598.627
599.131
599.624
600.146
600.627
601.168
601.648
602.183
602.64
603.138
603.621
604.123
604.631
605.165
605.624
606.209
606.624
607.149
607.63
608.144
608.627
609.13
609.627
610.137
610.623
611.121
611.623
612.128
612.63
613.146
613.625
614.123
614.633
615.135
615.625
616.129
616.632
617.179
617.632
618.125
618.68
619.142
619.621
620.148
620.632
621.132
621.629
622.129
622.624
623.143
623.624
624.127
624.622
625.128
625.625
626.13
626.625
627.196
627.626
628.142
628.621
629.142
629.635
630.131
630.628
631.146
631.648
632.141
632.626
633.141
633.622
634.121
634.625
635.162
635.631
636.164
636.626
637.129
637.63
638.129
638.621
639.124
639.621
640.142
640.628
641.129
641.623
642.144
642.63
643.145
643.621
644.122
644.622
645.176
645.629
646.144
646.623
647.128
647.63
648.185
648.625
649.208
649.654
650.121
650.624
651.153
651.626
652.123
652.625
653.193
653.623
654.142
654.621
655.171
655.631
656.14
656.622
657.12
657.623
658.131
658.625
659.129
659.63
660.148
660.621
661.127
661.624
662.142
662.631
663.123
663.626
664.154
664.626
665.146
665.7
666.238
666.722
667.161
667.692
668.238
668.622
669.141
669.663
670.233
670.624
671.126
671.622
672.146
672.704
673.189
673.725
674.261
674.63
675.121
675.685
676.247
676.621
677.125
677.67
678.149
678.63
679.17
679.628
680.146
680.697
681.143
681.685
682.21
682.622
683.152
683.714
684.122
684.704
685.192
685.663
686.122
686.626
687.167
687.746
688.129
688.623
689.221
689.693
690.268
690.626
691.148
691.676
692.227
692.743
693.244
693.707
694.254
694.703
695.205
695.73
696.272
696.656
697.219
697.69
698.129
698.626
699.125
699.624
700.146
700.665
701.168
701.628
702.126
702.626
703.141
703.657
704.393
704.623
705.122
705.707
706.264
706.63
707.128
707.735
708.267
708.63
709.124
709.669
710.202
710.722
711.228
711.659
712.212
712.656
713.175
713.629
714.122
714.705
715.126
715.632
716.161
716.621
717.126
717.63
718.125
718.633
719.148
719.628
720.146
720.627
721.127
721.633
722.121
722.624
723.137
723.633
724.122
724.622
725.14
725.622
726.127
726.626
727.146
727.623
728.148
728.622
729.122
729.705
730.155
730.645
731.149
731.672
732.144
732.622
733.124
733.633
734.126
734.627
735.144
735.624
736.132
736.623
737.142
737.629
738.123
738.622
739.17
739.626
740.132
740.675
741.122
741.626
742.124
742.627
743.151
743.624
744.122
744.639
745.143
745.623
746.14
746.626
747.124
747.632
748.144
748.623
749.125
749.695
750.15
750.63
751.139
751.626
752.124
752.692
753.15
753.625
754.121
754.627
755.123
755.633
756.132
756.625
757.143
757.625
758.122
758.626
759.224
759.632
760.131
760.622
761.215
761.698
762.215
762.633
763.124
763.65
764.161
764.623
765.122
765.625
766.128
766.626
767.142
767.621
768.131
768.623
769.127
769.623
770.138
770.62
771.126
771.625
772.142
772.633
773.143
773.621
774.127
774.623
775.15
775.647
776.144
776.621
777.124
777.621
778.199
778.674
779.189
779.679
780.217
780.674
781.188
781.62
782.142
782.689
783.216
783.701
784.134
784.631
785.149
785.626
786.124
786.626
787.135
787.623
788.124
788.631
789.146
789.627
790.137
790.631
791.129
791.623
792.138
792.625
793.13
793.633
794.156
794.631
795.125
795.622
796.144
796.67
797.124
797.628
798.128
798.668
799.215
799.695
800.224
800.666
801.141
801.631
802.216
802.688
803.177
803.629
804.121
804.628
805.144
805.625
806.134
806.624
807.164
807.628
808.143
808.629
809.133
809.633
810.132
810.674
811.129
811.629
812.144
812.626
813.143
813.621
814.144
814.631
815.126
815.629
816.144
816.635
817.145
817.621
818.127
818.72
819.122
819.632
820.174
820.622
821.177
821.63
822.15
822.662
823.147
823.626
824.125
824.625
825.146
825.663
826.199
826.696
827.161
827.661
828.201
828.691
829.208
829.655
830.202
830.631
831.143
831.705
832.126
832.629
833.14
833.633
834.15
834.624
835.138
835.647
836.13
836.63
837.181
837.622
838.126
838.625
839.143
839.626
840.145
840.623
841.163
841.632
842.15
842.624
843.128
843.624
844.143
844.624
845.176
845.659
846.128
846.625
847.167
847.677
848.13
848.623
849.161
849.77
850.232
850.665
851.22
851.658
852.207
852.702
853.121
853.625
854.149
854.661
855.167
855.625
856.14
856.634
857.123
857.629
858.12
858.632
859.151
859.627
860.145
860.626
861.176
861.635
862.122
862.63
863.148
863.624
864.124
864.624
865.131
865.623
866.148
866.623
867.147
867.624
868.129
868.629
869.142
869.653
870.257
870.635
871.152
871.63
872.148
872.662
873.143
873.628
874.125
874.704
875.144
875.629
876.17
876.633
877.133
877.625
878.15
878.626
879.129
879.666
880.144
880.623
881.149
881.622
882.123
882.632
883.122
883.624
884.145
884.633
885.134
885.632
886.156
886.626
887.124
887.625
888.194
888.624
889.14
889.626
890.123
890.644
891.141
891.626
892.184
892.623
893.134
893.627
894.146
894.715
895.145
895.631
896.126
896.72
897.139
897.623
898.139
898.658
899.121
899.707
900.129
900.632
901.145
901.667
902.143
902.631
903.123
903.63
904.134
904.631
905.147
905.628
906.123
906.628
907.152
907.623
908.13
908.621
909.148
909.626
910.122
910.623
911.139
911.623
912.129
912.624
913.121
913.632
914.128
914.668
915.175
915.699
916.223
916.633
917.208
917.625
918.144
918.641
919.121
919.621
920.145
920.624
921.125
921.658
922.139
922.632
923.127
923.623
924.14
924.624
925.127
925.621
926.141
926.629
927.173
927.66
928.146
928.628
929.121
929.625
930.141
930.624
931.15
931.623
932.145
932.62
933.163
933.621
934.12
934.623
935.145
935.63
936.122
936.623
937.125
937.633
938.145
938.622
939.128
939.621
940.126
940.623
941.145
941.622
942.127
942.624
943.133
943.622
944.185
944.632
945.121
945.625
946.126
946.627
947.152
947.63
948.122
948.627
949.142
949.667
950.126
950.662
951.129
951.659
952.126
952.63
953.12
953.623
954.146
954.622
955.158
955.639
956.164
956.646
957.17
957.677
958.139
958.634
959.21
959.624
960.122
960.662
961.149
961.63
962.122
962.625
963.14
963.639
964.142
964.629
965.127
965.626
966.141
966.622
967.12
967.623
968.139
968.623
969.13
969.625
970.138
970.655
971.147
971.622
972.186
972.625
973.148
973.621
974.131
974.625
975.134
975.665
976.121
976.625
977.143
977.626
978.126
978.633
979.139
979.63
980.12
980.63
981.142
981.633
982.126
982.639
983.142
983.621
984.123
984.625
985.181
985.622
986.123
986.627
987.145
987.624
988.149
988.624
989.121
989.628
990.123
990.622
991.138
991.623
992.121
992.626
993.137
993.632
994.132
994.632
995.127
995.621
996.132
996.627
997.143
997.632
998.123
998.623
999.171
999.627
1000.14
1000.62
1001.14
1001.63
1002.12
1002.62
1003.14
1003.62
1004.15
1004.63
1005.13
1005.63
1006.13
1006.63
1007.14
1007.63
1008.12
1008.66
1009.16
1009.62
1010.14
1010.63
1011.12
1011.67
1012.15
1012.62
1013.12
1013.63
1014.14
1014.63
1015.14
1015.62
1016.15
1016.62
1017.13
1017.62
1018.12
1018.63
1019.14
1019.63
1020.19
1020.62
1021.14
1021.63
1022.13
1022.62
1023.14
1023.63
1024.17
1024.63
1025.13
1025.63
1026.14
1026.62
1027.13
1027.64
1028.17
1028.62
1029.14
1029.63
1030.13
1030.63
1031.13
1031.72
1032.13
1032.63
1033.14
1033.63
1034.13
1034.62
1035.13
1035.62
1036.14
1036.64
1037.12
1037.63
1038.27
1038.62
1039.13
1039.62
1040.14
1040.63
1041.13
1041.62
1042.15
1042.62
1043.14
1043.63
1044.13
1044.62
1045.14
1045.62
1046.13
1046.66
1047.13
1047.62
1048.23
1048.69
1049.12
1049.63
1050.21
1050.63
1051.14
1051.62
1052.15
1052.62
1053.15
1053.62
1054.13
1054.63
1055.15
1055.62
1056.13
1056.62
1057.17
1057.63
1058.15
1058.67
1059.18
1059.67
1060.15
1060.63
1061.12
1061.62
1062.13
1062.67
1063.13
1063.62
1064.15
1064.62
1065.15
1065.62
1066.13
1066.63
1067.13
1067.62
1068.13
1068.63
1069.13
1069.63
1070.15
1070.63
1071.13
1071.62
1072.13
1072.67
1073.12
1073.65
1074.13
1074.69
1075.13
1075.62
1076.15
1076.62
1077.13
1077.63
1078.2
1078.63
1079.12
1079.63
1080.12
1080.63
1081.13
1081.62
1082.15
1082.63
1083.12
1083.62
1084.12
1084.63
1085.18
1085.63
1086.2
1086.63
1087.15
1087.62
1088.14
1088.63
1089.13
1089.63
1090.13
1090.64
1091.14
1091.62
1092.15
1092.64
1093.14
1093.62
1094.16
1094.63
1095.14
1095.62
1096.12
1096.62
1097.17
1097.67
1098.25
1098.68
1099.2
1099.7
1100.2
1100.7
1101.15
1101.67
1102.19
1102.63
1103.21
1103.63
1104.14
1104.62
1105.12
1105.63
1106.14
1106.63
1107.12
1107.63
1108.13
1108.64
1109.15
1109.62
1110.2
1110.62
1111.2
1111.63
1112.13
1112.66
1113.13
1113.62
1114.15
1114.63
1115.13
1115.63
1116.14
1116.63
1117.13
1117.63
1118.28
1118.72
1119.23
1119.66
1120.24
1120.73
1121.18
1121.62
1122.12
1122.64
1123.15
1123.65
1124.24
1124.69
1125.12
1125.75
1126.27
1126.73
1127.2
1127.68
1128.28
1128.75
1129.21
1129.67
1130.29
1130.73
1131.19
1131.73
1132.24
1132.7
1133.25
1133.7
1134.3
1134.73
1135.19
1135.63
1136.14
1136.63
1137.3
1137.73
1138.22
1138.73
1139.13
1139.63
1140.18
1140.63
1141.12
1141.72
1142.28
1142.64
1143.23
1143.64
1144.14
1144.64
1145.13
1145.63
1146.14
1146.63
1147.12
1147.63
1148.12
1148.62
1149.14
1149.62
1150.14
1150.62
1151.12
1151.63
1152.14
1152.62
1153.14
1153.62
1154.14
1154.64
1155.12
1155.62
1156.14
1156.62
1157.12
1157.62
1158.17
1158.63
1159.12
1159.63
1160.17
1160.62
1161.13
1161.62
1162.22
1162.63
1163.12
1163.63
1164.14
1164.62
1165.12
1165.63
1166.14
1166.62
1167.12
1167.63
1168.13
1168.62
1169.14
1169.63
1170.14
1170.66
1171.12
1171.63
1172.14
1172.63
1173.12
1173.62
1174.14
1174.63
1175.16
1175.63
1176.13
1176.62
1177.2
1177.62
1178.14
1178.63
1179.13
1179.63
1180.14
1180.63
1181.12
1181.64
1182.14
1182.64
1183.14
1183.63
1184.14
1184.62
1185.12
1185.62
1186.14
1186.63
1187.13
1187.63
1188.15
1188.62
1189.13
1189.62
1190.21
1190.63
1191.13
1191.63
1192.13
1192.62
1193.14
1193.62
1194.13
1194.63
1195.13
1195.63
1196.14
1196.66
1197.15
1197.63
1198.13
1198.63
1199.15
1199.68
1200.13
1200.62
1201.14
1201.63
1202.19
1202.63
1203.15
1203.63
1204.14
1204.62
1205.13
1205.62
1206.14
1206.62
1207.15
1207.62
1208.13
1208.62
1209.14
1209.63
1210.22
1210.62
1211.14
1211.65
1212.19
1212.65
1213.13
1213.63
1214.28
1214.73
1215.16
1215.7
1216.28
1216.77
1217.22
1217.66
1218.26
1218.71
1219.16
1219.63
1220.15
1220.67
1221.14
1221.63
1222.14
1222.63
1223.13
1223.67
1224.12
1224.63
1225.13
1225.67
1226.14
1226.63
1227.13
1227.7
1228.18
1228.63
1229.15
1229.63
1230.13
1230.62
1231.15
1231.63
1232.2
1232.63
1233.15
1233.63
1234.13
1234.63
1235.15
1235.62
1236.14
1236.63
1237.12
1237.63
1238.13
1238.63
1239.14
1239.63
1240.15
1240.62
1241.13
1241.63
1242.12
1242.63
1243.16
1243.63
1244.19
1244.62
1245.21
1245.63
1246.21
1246.63
1247.13
1247.66
1248.14
1248.62
1249.14
1249.62
1250.12
1250.63
1251.15
1251.63
1252.13
1252.63
1253.13
1253.64
1254.14
1254.63
1255.13
1255.63
1256.13
1256.63
1257.14
1257.63
1258.12
1258.63
1259.16
1259.63
1260.15
1260.63
1261.16
1261.69
1262.21
1262.67
1263.23
1263.69
1264.22
1264.68
1265.17
1265.67
1266.18
1266.7
1267.19
1267.65
1268.2
1268.62
1269.23
1269.63
1270.14
1270.63
1271.13
1271.66
1272.13
1272.66
1273.14
1273.63
1274.15
1274.69
1275.12
1275.67
1276.13
1276.62
1277.14
1277.63
1278.18
1278.63
1279.14
1279.63
1280.13
1280.68
1281.15
1281.63
1282.13
1282.66
1283.13
1283.66
1284.13
1284.62
1285.23
1285.69
1286.23
1286.69
1287.17
1287.68
1288.22
1288.7
1289.19
1289.68
1290.25
1290.65
1291.19
1291.66
1292.17
1292.69
1293.2
1293.68
1294.24
1294.67
1295.21
1295.7
1296.18
1296.63
1297.12
1297.69
1298.19
1298.69
1299.13
1299.63
1300.12
1300.63
1301.15
1301.63
1302.13
1302.63
1303.13
1303.65
1304.15
1304.62
1305.13
1305.62
1306.15
1306.63
1307.13
1307.63
1308.15
1308.63
1309.12
1309.63
1310.15
1310.63
1311.13
1311.63
1312.14
1312.62
1313.13
1313.62
1314.15
1314.63
1315.13
1315.63
1316.14
1316.63
1317.16
1317.63
1318.14
1318.63
1319.12
1319.63
1320.14
1320.62
1321.13
1321.63
1322.16
1322.63
1323.13
1323.67
1324.15
1324.62
1325.13
1325.64
1326.14
1326.63
1327.14
1327.63
1328.12
1328.63
1329.12
1329.62
1330.2
1330.63
1331.15
1331.62
1332.13
1332.63
1333.13
1333.63
1334.13
1334.63
1335.14
1335.63
1336.15
1336.63
1337.12
1337.63
1338.14
1338.62
1339.13
1339.63
1340.15
1340.62
1341.13
1341.62
1342.15
1342.62
1343.13
1343.63
1344.13
1344.63
1345.14
1345.65
1346.14
1346.63
1347.12
1347.62
1348.14
1348.63
1349.12
1349.62
1350.15
1350.62
1351.17
1351.62
1352.14
1352.63
1353.13
1353.63
1354.14
1354.63
1355.12
1355.63
1356.17
1356.62
1357.13
1357.63
1358.14
1358.62
1359.13
1359.62
1360.14
1360.62
1361.2
1361.63
1362.17
1362.63
1363.15
1363.62
1364.14
1364.62
1365.13
1365.62
1366.16
1366.63
1367.19
1367.63
1368.15
1368.62
1369.13
1369.63
1370.14
1370.63
1371.13
1371.63
1372.14
1372.63
1373.14
1373.63
1374.16
1374.63
1375.15
1375.63
1376.13
1376.63
1377.14
1377.62
1378.19
1378.63
1379.14
1379.63
1380.14
1380.63
1381.13
1381.62
1382.14
1382.63
1383.12
1383.63
1384.16
1384.63
1385.13
1385.62
1386.15
1386.62
1387.15
1387.63
1388.12
1388.63
1389.16
1389.63
1390.15
1390.62
1391.13
1391.63
1392.14
1392.63
1393.13
1393.63
1394.15
1394.63
1395.13
1395.62
1396.15
1396.63
1397.14
1397.63
1398.17
1398.66
1399.13
1399.63
1400.14
1400.63
1401.13
1401.63
1402.14
1402.63
1403.13
1403.63
1404.14
1404.62
1405.14
1405.63
1406.14
1406.63
1407.13
1407.62
1408.15
1408.62
1409.13
1409.62
1410.18
1410.62
1411.14
1411.63
1412.13
1412.63
1413.12
1413.63
1414.14
1414.62
1415.14
1415.67
1416.14
1416.63
1417.14
1417.62
1418.12
1418.62
1419.12
1419.63
1420.14
1420.63
1421.13
1421.63
1422.14
1422.64
1423.14
1423.63
1424.18
1424.63
1425.16
1425.63
1426.14
1426.64
1427.13
1427.62
1428.18
1428.62
1429.13
1429.63
1430.14
1430.63
1431.13
1431.63
1432.15
1432.66
1433.12
1433.63
1434.14
1434.62
1435.13
1435.63
1436.15
1436.65
1437.15
1437.62
1438.17
1438.63
1439.13
1439.62
1440.13
1440.63
1441.14
1441.62
1442.14
1442.62
1443.13
1443.62
1444.13
1444.67
1445.13
1445.63
1446.14
1446.62
1447.12
1447.63
1448.15
1448.66
1449.13
1449.63
1450.15
1450.63
1451.13
1451.63
1452.15
1452.63
1453.13
1453.63
1454.13
1454.64
1455.14
1455.62
1456.19
1456.62
1457.13
1457.62
1458.14
1458.63
1459.14
1459.62
1460.14
1460.63
1461.13
1461.63
1462.14
1462.62
1463.13
1463.63
1464.17
1464.62
1465.13
1465.63
1466.14
1466.63
1467.13
1467.62
1468.14
1468.63
1469.12
1469.62
1470.14
1470.62
1471.13
1471.66
1472.14
1472.63
1473.18
1473.63
1474.12
1474.62
1475.14
1475.62
1476.13
1476.63
1477.14
1477.62
1478.15
1478.63
1479.13
1479.62
1480.14
1480.63
1481.13
1481.63
1482.14
1482.63
1483.12
1483.63
1484.14
1484.63
1485.12
1485.63
1486.14
1486.62
1487.12
1487.63
1488.15
1488.62
1489.13
1489.62
1490.2
1490.63
1491.14
1491.62
1492.13
1492.62
1493.13
1493.63
1494.13
1494.63
1495.13
1495.63
1496.14
1496.63
1497.13
1497.62
1498.14
1498.63
1499.13
1499.63
1500.14
1500.62
1501.12
1501.64
1502.15
1502.62
1503.12
1503.62
1504.2
1504.62
1505.12
1505.63
1506.17
1506.63
1507.13
1507.71
1508.14
1508.62
1509.16
