0.000000
0.000000
0.100000
0.600000
1.126667
1.726667
2.319709
3.233464
4.205450
5.189306
6.177200
7.168508
8.224740
9.213396
10.184475
11.084595
11.995689
12.964883
13.842573
14.778014
15.241899
15.840984
16.809340
17.793169
18.777285
19.699411
20.649695
21.635400
22.617798
23.600815
24.590646
25.558602
26.424922
27.337028
28.308501
29.296782
30.278623
31.261102
32.227583
33.196909
34.022675
35.011904
35.939584
36.758087
37.608419
38.578723
39.355522
40.231688
40.640335
41.456998
42.440583
43.030654
43.556319
44.214488
44.631239
45.262947
45.993831
46.859776
47.849770
48.894854
49.877145
50.870345
51.862281
52.850289
53.836816
54.891685
55.868718
56.849999
57.768180
58.748425
59.630667
60.604071
61.638771
62.547633
63.364955
64.328527
65.088430
65.765309
66.768517
67.604618
68.213257
68.839682
69.713309
70.690307
71.673844
72.728353
73.719612
74.709766
75.698284
76.563544
77.522188
78.507738
79.553221
80.541345
81.529966
82.487118
83.421905
84.193538
85.196164
86.110617
87.087671
88.063417
89.044781
89.974705
90.919322
91.622465
92.510910
93.499570
94.475569
95.341377
96.201609
96.997596
97.911685
98.884388
99.862470
100.847828
101.819794
102.721057
103.390505
104.000303
105.016551
106.000849
106.867241
107.884945
108.816148
109.847107
110.835537
111.825649
112.813423
113.805480
114.792847
115.852356
116.794480
117.782728
118.510381
119.124548
120.058467
121.048937
122.104630
123.095317
124.078313
125.054210
125.880228
126.836454
127.840597
128.820504
129.809948
130.796053
131.761378
132.696586
133.619075
134.188817
134.827907
135.659598
136.637440
137.522049
138.457416
139.340029
140.224846
141.079950
141.819929
142.721920
143.707738
144.687183
145.744479
146.735408
147.733173
148.714940
149.693247
150.668865
151.534191
152.505039
153.218209
153.877415
154.762931
155.719726
156.733625
157.297520
157.297520
157.297520
157.326279
157.840077
158.828532
159.779974
160.825380
161.810898
162.797739
163.782467
164.747616
165.519101
166.404321
167.461029
168.393917
169.357624
170.343650
171.327908
172.323930
173.377399
174.365993
175.356320
176.343419
177.330918
178.324686
179.296543
180.349217
180.984056
181.192423
181.817879
182.762383
183.711009
184.669598
185.440994
186.266794
187.247739
188.223094
189.212104
190.195255
191.243823
192.235764
193.212137
194.190618
195.179073
196.148513
197.129272
198.012526
198.854642
199.773958
200.723118
201.627732
202.571383
203.625239
204.615646
205.592958
206.565096
207.530222
208.447692
209.432418
210.474315
211.458502
212.422715
213.405882
214.396542
215.316322
216.093773
216.972889
217.967416
218.893542
219.801224
220.788359
221.670532
222.653761
223.596738
224.514928
225.218588
225.458499
226.096347
227.042471
228.101124
229.038289
229.954916
230.931936
231.834039
232.751133
233.792360
234.773210
235.752504
236.628096
237.480590
238.460211
239.450033
240.506558
241.497020
242.488897
243.417948
244.298684
245.279044
246.332036
247.179435
247.495459
247.976056
248.486189
249.441360
250.409402
251.259122
252.052589
252.893185
253.873562
254.751027
255.453617
256.354219
257.397173
258.394467
259.105386
259.524704
260.335561
261.299550
262.322405
263.273368
264.272181
265.261884
266.253819
267.241101
268.244088
269.291304
270.282506
271.272191
272.261405
273.251324
274.241119
275.297108
276.283062
277.273368
278.252115
279.237442
280.218026
281.160777
281.819780
282.723790
283.715624
284.703357
285.640827
286.401000
287.292067
288.315414
289.307598
290.288580
291.253999
292.067609
292.901733
293.949788
294.928942
295.778333
296.665122
297.598338
298.495358
299.357699
300.319405
301.266892
302.251941
303.131515
304.056611
304.938141
305.786308
306.636872
307.426727
308.274269
309.185756
310.167997
310.896608
311.654963
312.618564
313.599175
314.569465
315.552745
316.490916
317.252532
318.096556
319.009981
319.947936
320.936970
321.816386
322.644713
323.646917
324.630605
325.444689
326.088980
326.915367
327.862802
328.684465
329.701184
330.605845
331.543796
332.389597
333.340203
334.330068
335.355560
336.092506
336.988029
337.890398
338.590068
339.496039
340.492405
341.533739
342.521800
343.498866
344.488486
345.448873
346.436987
347.400589
348.303773
349.231696
350.219161
351.208750
352.174377
353.159961
354.214732
355.188392
356.105641
357.076755
357.952602
358.604668
359.048692
360.012371
360.997822
361.986900
362.966351
363.920484
364.864431
365.784559
366.749851
367.542381
368.467080
369.363122
370.353788
371.286030
372.257333
372.905154
373.577670
374.456437
375.328238
375.879812
376.610743
377.629458
378.619845
379.608387
380.380032
381.013582
382.045705
383.110407
383.663437
384.453100
385.413194
386.205496
387.102850
388.076547
388.807940
389.721980
390.697764
391.682484
392.664725
393.655228
394.707754
395.696883
396.514341
396.631411
397.338668
398.385441
399.292926
400.333653
401.215128
402.195795
402.936879
403.802959
404.759660
405.466981
406.161667
407.108722
408.092755
408.955484
409.918899
410.802038
411.797665
412.783626
413.703370
414.551757
414.931970
415.427556
416.255962
417.195616
418.116311
419.086383
420.070379
420.963610
421.854082
422.785591
423.772394
424.762353
425.746704
426.736071
427.705680
428.692683
429.671573
430.132803
430.956467
431.940896
432.923939
433.904440
434.890019
435.991250
436.838007
437.819229
438.798373
439.778301
440.728170
441.785692
442.760762
443.733073
444.700264
445.691704
446.675364
447.639351
448.467014
449.257290
450.194323
451.149576
452.002412
452.941632
453.911784
454.762823
455.683386
456.524685
457.425280
458.329239
459.319080
460.366164
461.337299
462.166258
462.765397
463.641684
464.626324
465.611260
466.598106
467.386079
468.383380
469.349691
470.328857
471.315548
472.360957
473.042681
473.742393
474.423328
475.128195
476.195868
477.090481
478.145389
479.135601
480.115203
481.109307
482.072776
482.993915
483.965544
484.961827
485.914313
486.890292
487.836316
488.636656
489.564097
490.624625
491.604813
492.590655
493.427750
494.200695
495.239458
496.106818
497.152803
498.142329
499.115802
500.096233
500.928093
501.838020
502.894365
503.884732
504.853115
505.845199
506.824580
507.812303
508.802653
509.855817
510.863180
511.855148
512.845281
513.770540
514.743145
515.727548
516.642975
517.629459
518.616587
519.606071
520.589925
521.572066
522.575058
523.515623
524.437226
524.994381
525.630233
526.551115
527.550926
528.544495
529.501949
530.385797
531.252904
532.153955
532.581712
533.322445
534.288784
535.253257
536.063635
537.061178
537.943043
538.774038
539.812545
540.525240
541.282120
542.272004
543.261206
544.263711
545.321072
546.327980
547.311690
548.296212
549.263393
550.242273
550.976436
550.976436
550.976436
550.976436
551.008231
551.538603
552.487122
553.419648
554.439628
555.438031
556.423652
557.407581
558.396943
559.382664
560.297866
561.271899
562.254714
563.234545
564.222851
565.204822
566.063697
566.525120
566.943407
567.738758
568.538964
569.441616
570.427737
571.480464
572.471402
573.422617
574.183306
574.889439
575.485675
576.299315
577.351690
578.331976
579.322295
580.312981
581.172845
582.164623
583.138043
584.181322
585.172090
586.158891
587.147675
588.129244
589.116613
590.173642
591.164129
592.151083
593.099644
594.085513
595.074087
596.058783
597.073436
597.708643
598.040072
598.676113
599.646737
600.499637
601.490487
602.347632
603.233432
604.206273
605.165789
606.147796
607.138784
608.188163
609.181640
610.181099
611.123049
611.874887
612.823350
613.795276
614.847920
615.819762
616.798938
617.753607
618.704343
619.671193
620.600634
621.529712
622.497867
623.464638
624.298494
624.881620
625.838244
626.833216
627.689101
628.451210
628.453389
628.801029
629.678943
630.719406
631.572691
632.329020
633.175131
634.086800
635.020526
636.013056
637.058088
638.047665
639.023281
639.920815
640.795562
641.524494
642.281267
643.293638
643.931381
644.863195
645.746611
646.540181
647.523051
648.517303
649.418967
650.404521
651.354434
651.898476
652.499631
653.472551
654.416280
655.347207
656.334052
657.309988
658.323714
659.030001
660.026703
661.005120
661.959835
662.860247
663.853327
664.816909
665.805856
666.861456
667.840060
668.786070
669.772587
670.768130
671.545468
672.026898
673.054395
674.070534
675.004004
675.988159
676.949225
677.932625
678.973830
679.954495
680.920988
681.833885
682.761824
683.657168
684.660155
685.684114
686.655055
687.637417
688.597996
689.563762
690.494000
691.525870
692.293594
693.236664
694.220985
695.203677
696.169719
697.145274
698.190265
698.243574
698.243574
698.243574
698.381298
699.117406
700.098380
701.153079
702.136987
703.043847
703.636656
704.563711
705.539675
706.516651
707.494279
708.142509
708.710465
709.448262
710.276592
711.212641
712.143380
713.079086
713.703147
714.575017
715.567624
716.556322
717.569356
718.510465
719.471924
720.418965
721.382518
722.284922
723.251455
724.303204
725.244667
726.138644
726.495203
727.240217
728.195178
729.110434
730.134195
731.044535
731.845680
732.892220
733.944272
734.897927
735.821347
736.800723
737.781768
738.766419
739.655992
740.494541
741.489176
742.467326
743.298884
743.782788
744.120378
744.461558
744.905424
745.520058
746.421601
747.208044
748.145765
748.811768
749.427166
750.242845
751.064773
751.957827
752.953270
753.937640
754.924901
755.906481
756.888570
757.793697
758.693624
759.687936
760.659710
761.646930
762.634706
763.693318
764.665630
765.656368
766.646392
767.635841
768.602430
769.579767
770.637116
771.605053
772.617156
773.545984
774.514567
775.503660
776.563133
777.553639
778.541326
779.528750
780.299222
780.536764
781.205373
782.164041
783.153790
784.094232
784.775274
785.526941
786.216615
786.690087
787.621441
788.609633
789.597323
790.185436
790.185436
790.185436
790.185436
790.185436
790.185436
790.185436
790.188912
790.539358
791.444345
792.422330
793.336571
794.122650
794.926679
795.911734
796.806783
797.785414
798.160090
798.160090
798.160090
798.160090
798.160090
798.160090
798.283437
798.970051
799.925131
800.908477
801.905938
802.860622
803.807573
804.859846
805.830453
806.820616
807.808432
808.798907
809.788653
810.828712
811.814488
812.684680
813.606532
814.592860
815.578459
816.554313
817.598425
818.593154
819.582830
820.572159
821.554644
822.504249
823.432826
824.413506
825.401621
826.359168
827.327600
828.293697
829.170830
829.968180
830.896499
831.886854
832.439567
832.439567
832.439567
832.439567
832.439567
832.439567
832.673202
833.497871
834.485168
835.440145
836.121787
836.906526
837.780451
838.759004
839.745311
840.721511
841.629672
842.534625
843.518669
844.505574
845.421125
846.217680
847.123456
848.161527
849.146795
850.116913
851.104921
852.082620
853.000939
853.997927
855.015491
855.986279
856.629238
857.040314
857.925193
858.793712
859.742304
860.770068
861.747737
862.598374
863.591470
864.571361
865.554496
866.332264
866.467538
866.467538
866.467538
866.467538
866.467538
866.467538
866.467538
866.467538
866.467538
866.467538
866.467538
866.467538
866.467538
866.467538
866.467538
866.467538
866.467538
866.467538
866.668310
867.545061
868.540339
869.525257
870.647922
871.506867
872.093766
872.093766
872.093766
872.093766
872.093766
872.093766
872.093766
872.194249
872.931905
873.912485
874.903203
875.893269
876.878909
877.863515
878.867370
879.829283
880.701159
881.639137
882.642768
883.594052
884.484354
885.532650
886.518653
887.505155
888.496297
889.352723
889.352723
889.352723
889.352723
889.352723
889.352723
889.352723
889.352723
889.352723
889.352723
889.352723
889.352723
889.352723
889.352723
889.352723
889.352723
889.352723
889.352723
889.352723
889.352723
889.352723
889.352723
889.352723
889.508013
890.256951
891.300521
892.222611
893.172536
894.157233
895.208409
896.165822
897.027808
897.983155
898.864056
899.829882
900.814626
901.830841
902.789931
903.560449
904.513137
905.423299
906.407889
907.381154
908.221088
909.141939
910.066475
911.025026
912.007405
912.988076
914.033228
914.929891
915.806977
916.825479
917.754031
918.734208
919.551511
920.629679
921.515769
922.464664
923.415742
924.380815
925.319392
926.380872
927.370498
928.358644
929.334350
930.321746
931.301849
932.288594
933.341487
934.165032
934.826651
935.775369
936.709895
937.712326
938.703465
939.757674
940.742463
941.733398
942.708233
943.701170
944.665257
945.694395
946.640097
947.597979
948.538780
949.529956
950.499688
951.481735
952.518879
953.504459
954.484985
955.457685
956.136661
956.922494
957.990084
958.845210
959.782785
960.466754
961.213817
962.020734
962.973414
964.060832
965.033462
966.000847
966.965559
967.886791
968.874601
969.850323
970.881997
971.861196
972.844142
973.826598
974.778107
975.605528
976.561253
977.402978
978.264111
979.181737
980.153712
981.063722
982.070744
982.980343
983.927090
984.855918
985.740380
986.721891
987.720881
988.731109
989.580623
990.410788
991.251495
992.198359
993.178107
994.165612
995.104665
996.102636
996.950895
997.655933
998.594354
999.553056
1000.522336
1001.466626
1002.442918
1003.402519
1004.361074
1005.039633
1005.947443
1006.998280
1007.930401
1008.877735
1009.844950
1010.804056
1011.626680
1012.222701
1013.115087
1014.127750
1014.929573
1015.834779
1016.810795
1017.435410
1017.642662
1017.642662
1017.656088
1018.103671
1019.038511
1020.026292
1021.015713
1022.029749
1023.019200
1023.936980
1024.946350
1025.844856
1026.844279
1027.791911
1028.848707
1029.810384
1030.797491
1031.786213
1032.772751
1033.762060
1034.812341
1035.776793
1036.669627
1037.620626
1038.527474
1039.419768
1040.352422
1041.245609
1041.963795
1042.751656
1043.650762
1044.614487
1045.418074
1046.362167
1047.321968
1048.273780
1049.264924
1050.183864
1051.039737
1052.023226
1053.075903
1054.059608
1055.019103
1056.000335
1056.975196
1057.962999
1058.944034
1059.726125
1060.417930
1061.399755
1062.384454
1063.316173
1064.075762
1064.960407
1065.860488
1066.842129
1067.731743
1068.692769
1069.536619
1070.517678
1071.546078
1072.523579
1073.495909
1074.449811
1075.410281
1076.390852
1077.431890
1078.322285
1079.295936
1080.135841
1081.051711
1082.018757
1082.796106
1083.763490
1084.744642
1085.722778
1086.636128
1087.488441
1088.343824
1089.337361
1090.342422
1091.312307
1092.020163
1092.731685
1093.729118
1094.683911
1095.726533
1096.528061
1097.442383
1098.349321
1099.166801
1099.992343
1101.020100
1102.029572
1103.010104
1103.981854
1104.922141
1105.759004
1106.618768
1107.610036
1108.508212
1109.502256
1110.458395
1111.463324
1112.448983
1113.428950
1114.452095
1115.426129
1116.398962
1117.362405
1118.342783
1119.207183
1120.080984
1121.041033
1121.996876
1122.957977
1123.868346
1124.860153
1125.594401
1126.519439
1127.503302
1128.464780
1129.452137
1130.435034
1131.415754
1132.447241
1133.617435
1134.700815
1135.330078
1136.110470
1136.110470
1136.110470
1136.110470
1136.150121
1136.703983
1137.699484
1138.725136
1139.653594
1140.594316
1141.619620
1142.547930
1143.422590
1144.140753
1144.140753
1144.140753
1144.200341
1144.856123
1145.845081
1146.867748
1147.587164
1148.259408
1149.135081
1149.801027
1150.481945
1151.092053
1151.425575
1152.120930
1153.132826
1154.161216
1154.776436
1154.905254
1155.460522
1156.416237
1157.407115
1158.321896
1158.917643
1159.487328
1159.513486
1159.555743
1160.124388
1161.090459
1162.217395
1162.936412
1163.787664
1164.724531
1165.716674
1166.839541
1167.673303
1168.644672
1169.704175
1170.763342
1171.043055
1171.043055
1171.043055
1171.043055
1171.043055
1171.043055
1171.043055
1171.043055
1171.043055
1171.043055
1171.043055
1171.289465
1172.127265
1173.107551
1174.098078
1175.082164
1176.124240
1176.921914
1177.517623
1178.432578
1179.420736
1180.408659
1181.393692
1182.689721
1183.398853
1184.204445
1185.019805
1185.788251
1186.017945
1186.706279
1187.802418
1188.519140
1188.907840
1189.739800
1190.740365
1191.759360
1192.684248
1193.724581
1194.133129
1194.133129
1194.133129
1194.133129
1194.238878
1194.940338
1196.030920
1196.979177
1197.947293
1198.925529
1199.911829
1200.890878
1201.913254
1202.860534
1203.858580
1204.832415
1205.774248
1206.763343
1207.752974
1208.680494
1209.431925
1210.419576
1211.414027
1212.355773
1213.343372
1214.188806
1215.253329
1216.195176
1217.167977
1218.146918
1219.130789
1220.100977
1221.047246
1221.933785
1222.868443
1223.749896
1224.735193
1225.696286
1226.678006
1227.645968
1228.630441
1229.561861
1230.548892
1231.431563
1232.180015
1233.182549
1234.051602
1235.010156
1235.788401
1236.544216
1237.477908
1238.465327
1239.503067
1240.450182
1241.310228
1242.335542
1243.134450
1243.983920
1244.947614
1246.003457
1246.995600
1247.939938
1248.922971
1249.905669
1250.888686
1251.892745
1252.812817
1253.792494
1254.675029
1255.641571
1256.274108
1256.850513
1257.751569
1258.704225
1259.695403
1260.625664
1261.587123
1262.542634
1263.549265
1264.201675
1264.853926
1265.772543
1266.761593
1267.671594
1268.401000
1269.302348
1270.012202
1270.932228
1271.741231
1272.566448
1273.594028
1274.506905
1275.417096
1276.388145
1277.260677
1278.338074
1279.194493
1280.186139
1281.241897
1282.233755
1282.984955
1282.984955
1283.019772
1283.532487
1284.464196
1285.504284
1286.485015
1287.471232
1288.424737
1289.401226
1290.372641
1291.383411
1292.374364
1293.330523
1294.291223
1295.277098
1296.245887
1297.204416
1298.134944
1299.098894
1300.034163
1301.004300
1301.985358
1302.972997
1303.865277
1304.726636
1305.716176
1306.619316
1307.431058
1308.294065
1308.952629
1309.715449
1310.682877
1311.661382
1312.670798
1313.551319
1314.090593
1314.244609
1314.244609
1314.244609
1314.471435
1315.298933
1316.281645
1317.311765
1318.301868
1319.260876
1320.232310
1321.226417
1322.205703
1323.189566
1324.171668
1325.231970
1326.108114
1326.796447
1327.514421
1328.382053
1329.353665
1330.331138
1331.402066
1332.380305
1333.374971
1334.325350
1335.173326
1336.059456
1337.081865
1338.045922
1338.807441
1339.688045
1340.675495
1341.544363
1342.227120
1343.145568
1344.115248
1345.025497
1346.009401
1346.826295
1347.269041
1347.286752
1347.286752
1347.350130
1347.972386
1348.948837
1350.005063
1350.993460
1351.938711
1352.877370
1353.875969
1354.858764
1355.838714
1356.639627
1357.570702
1358.392315
1359.245030
1360.218490
1361.145549
1362.082624
1363.056834
1364.109425
1365.091453
1366.036652
1366.975232
1367.701812
1368.220198
1368.993305
1370.063812
1371.061454
1372.045712
1373.024902
1373.908064
1374.594670
1375.484212
1376.519782
1377.457432
1378.446943
1379.535569
1380.204375
1381.049613
1382.080426
1383.072404
1384.061883
1384.994835
1385.966903
1386.960079
1387.908612
1388.754555
1389.732384
1390.708035
1391.696957
1392.616086
1393.123188
1393.218509
1393.218509
1393.218509
1393.218509
1393.218509
1393.218509
1393.218509
1393.218509
1393.458901
1394.483997
1395.993421
1397.458088
1398.548474
1399.601757
1400.585007
1401.578628
1402.564994
1403.556277
1404.482161
1405.042122
1405.975231
1406.935442
1407.784676
1408.728478
1409.508771
1410.452416
1411.436727
1412.227487
1412.774953
1413.653613
1414.617280
1415.585092
1416.486948
1417.538410
1418.498271
1419.483621
1420.295569
1420.855393
1421.628592
1422.626190
1423.840860
1424.772255
1425.765028
1426.679279
1427.438022
1428.149601
1429.040670
1429.898759
1430.852303
1431.465477
1431.471903
1431.471903
1431.471903
1431.476928
1431.844089
1432.837680
1434.248523
1435.351945
1436.118512
1436.657135
1437.530899
1438.223280
1439.104154
1440.099764
1441.085284
1442.079858
1443.134425
1444.113733
1445.082823
1446.062706
1446.976989
1447.969695
1448.944524
1449.909288
1450.637422
1451.505877
1452.494119
1453.420753
1454.139036
1454.994981
1455.915144
1457.157968
1458.296899
1459.493055
1460.399517
1460.955296
1461.838498
1462.580353
1463.054853
1463.501443
1464.314989
1465.292397
1466.237851
1466.911860
1467.123969
1467.689839
1468.490257
1469.459483
1470.449350
1471.504459
1472.494490
1473.486335
1474.476593
1475.465053
1476.456159
1477.364606
1478.651174
1479.348105
1479.895265
1480.680438
1481.644035
1482.617707
1483.615386
1484.597873
1485.586220
1486.577610
1487.501787
1488.495048
1489.421918
1490.460784
1491.382846
1492.313188
1493.195327
1494.184193
1495.039743
1495.999409
1496.999174
1497.879434
1498.908085
1499.858569
1500.849746
1501.827875
1502.870461
1503.807869
1504.744423
1505.723646
1506.708262
1507.657156
1508.630381
1509.602326
1510.572084
1511.515514
1512.501524
1513.314165
1514.262857
1515.225653
1516.165056
1516.777725
1517.283680
1518.123853
1519.171647
1520.132508
1521.084166
1521.983320
1522.983608
1523.928297
1524.859145
1525.835998
1526.576663
1527.395613
1528.339510
1529.303487
1530.249587
1531.141880
1532.126947
1533.123619
1534.097749
1535.088115
1536.177999
1537.244020
1538.321429
1539.221469
1540.223021
1541.201860
1542.067719
1543.008389
1543.998297
1544.927267
1545.024186
1545.024186
1545.024186
1545.024186
1545.058380
1545.592259
1546.569399
1547.611323
1548.586694
1549.569605
1550.557780
1551.547282
1552.532616
1553.512930
1554.525289
1555.477580
1556.449152
1557.471124
1558.446844
1559.351248
1560.389676
1561.260178
1562.146622
1563.132968
1564.123299
1565.107048
1566.110680
1567.111461
1568.040088
1569.029220
1570.019758
1571.012614
1571.949742
1572.574058
1573.176267
1574.106715
1575.092911
1576.083774
1577.070322
1578.060996
1579.116244
1580.104790
1581.068050
1582.011438
1583.038736
1583.932993
1584.827916
1585.759584
1586.338456
1587.091717
1588.025264
1589.006778
1589.994485
1591.395601
1592.483069
1593.330118
1594.295394
1595.166407
1596.080764
1597.044745
1598.100711
1598.914040
1599.811321
1600.784374
1601.737573
1602.721799
1603.820292
1604.861279
1605.825527
1606.617336
1607.569814
1608.414636
1609.208047
1610.196301
1611.185332
1612.166298
1613.144192
1614.116117
1615.068737
1616.054392
1616.816253
1617.022452
1617.022452
1617.022452
1617.022452
1617.094485
1617.792189
1618.844718
1619.758040
1620.745654
1621.722127
1622.715806
1623.704469
1624.677567
1625.430197
1626.330601
1627.306028
1628.163892
1629.167308
1630.181091
1631.171510
1632.158929
1633.112523
1634.109118
1635.048193
1636.037340
1637.073268
1638.045837
1639.111838
1640.366837
1641.363882
1642.443153
1643.885731
1644.999674
1645.897624
1647.166310
1648.113915
1648.928470
1649.717118
1650.358505
1651.082656
1651.838131
1652.340582
1652.890028
1653.686201
1654.679294
1655.759478
1656.933460
1658.148954
1659.198874
1660.102753
1661.091725
1662.205288
1663.301473
1664.325503
1665.073534
1665.434076
1665.919778
1666.727983
1667.802453
1668.651904
1669.534694
1670.519433
1671.667820
1672.869336
1673.491987
1674.284887
1675.320009
1676.305991
1677.058928
1678.010620
1678.881819
1679.599067
1680.425525
1681.297266
1682.096451
1682.995435
1683.415120
1683.750326
1684.652986
1685.549343
1686.468631
1687.427756
1688.390533
1689.375841
1690.394181
1691.392060
1692.476571
1693.266578
1694.401106
1695.686392
1696.692701
1697.441364
1698.324894
1699.181043
1699.672444
1700.785199
1701.786479
1702.776714
1703.836485
1704.843913
1705.823534
1706.821881
1708.043325
1708.746111
1709.201505
1710.083625
1710.782682
1711.702150
1712.667537
1713.330543
1713.539644
1714.249166
1714.833707
1715.206191
1715.768910
1716.694975
1717.665880
1718.709839
1719.554646
1719.916465
1720.750468
1721.692128
1722.398642
1723.032742
1723.983080
1724.899882
1725.492426
1726.353258
1727.327415
1727.803632
1728.282835
1729.428393
1730.370267
1731.363975
1732.352969
1733.338587
1734.365171
1735.351661
1736.334623
1737.281479
1738.281096
1739.212260
1740.031812
1740.932394
1741.675556
1741.981970
1742.556124
1743.326867
1744.135010
1745.045260
1746.043240
1747.026265
1747.766769
1748.027845
1748.694286
1749.639574
1750.630666
1751.683696
1752.583710
1753.436411
1754.369679
1755.356701
1756.193219
1756.917377
1758.083895
1758.867992
1759.470270
1759.849854
1760.738302
1761.790521
1762.828197
1763.821985
1764.595869
1765.066407
1765.824168
1766.785654
1767.775124
1768.825042
1769.818151
1770.807204
1771.796934
1772.854776
1773.740237
1774.638910
1775.620597
1776.543973
1777.532357
1778.717935
1780.175275
1781.194222
1782.465503
1783.690134
1784.975916
1786.137235
1787.055970
1787.845405
1788.812534
1789.869375
1790.853932
1791.844392
1792.831974
1793.818410
1794.806356
1795.843400
1796.826231
1797.605297
1797.605297
1797.605297
1797.605297
1797.936405
1798.884598
1799.881491
1800.871731
1801.862174
1802.824041
1803.807181
1804.827537
1805.776496
1806.756719
1807.723636
1808.367126
1808.870094
1809.813860
1810.867097
1811.827609
1812.724662
1813.627102
1814.535319
1815.519356
1816.495835
1817.573626
1818.550317
1819.502283
1820.478291
1821.378250
1822.370351
1823.298171
1824.249665
1825.021337
1825.974663
1826.972758
1827.964978
1828.934139
1829.984110
1830.907959
1831.809748
1832.800284
1833.761798
1834.683619
1835.668852
1836.662290
1837.650220
1838.524909
1839.243643
1840.214043
1841.167410
1842.175113
1843.158929
1844.142522
1845.028241
1845.997161
1846.990665
1847.981979
1849.014244
1850.011167
1850.963316
1851.882158
1852.728309
1853.673965
1854.712112
1855.662546
1856.651473
1857.638415
1858.517582
1859.337848
1860.169247
1860.992433
1861.963967
1862.941633
1863.867065
1864.529964
1864.937600
1865.881065
1866.612307
1866.649186
1866.649186
1866.649186
1866.649186
1866.649186
1866.649186
1866.649186
1866.649186
1866.706114
1867.249426
1868.233834
1869.226716
1870.283155
1871.273072
1872.262070
1873.241592
1874.180507
1874.993429
1876.005496
1876.991237
1877.919201
1878.882277
1879.569811
1880.091720
1880.930295
1881.781563
1882.699508
1883.635571
1884.078110
1884.422724
1885.155895
1886.188598
1887.161667
1888.141661
1888.994868
1889.643718
1890.602720
1891.561786
1892.610131
1893.601233
1894.661246
1894.834284
1894.834284
1894.834284
1894.834284
1894.834284
1894.834284
1894.956052
1895.671487
1896.654081
1897.639818
1898.694988
1899.688993
1899.808183
1900.058177
1900.916235
1902.016880
1902.493619
1902.493619
1902.493619
1902.493619
1902.493619
1902.493619
1902.493619
1902.493619
1902.493619
1902.493619
1902.493619
1902.493619
1902.493619
1902.493619
1902.493619
1902.493619
1902.493619
1902.493619
1902.512267
1902.960983
1904.062748
1905.859677
1907.196499
1908.303425
1909.411613
1910.439825
1911.067379
1911.501539
1911.931700
1912.484166
1913.129436
1913.732129
1914.232454
1914.689919
1914.778305
1915.450316
1916.465733
1917.448168
1918.441292
1919.397592
1920.311094
1921.301599
1922.051964
1922.622190
1923.466366
1924.286934
1925.087711
1925.719673
1926.485054
1927.397419
1928.346698
1929.027899
1929.877225
1930.869961
1931.924155
1932.884536
1933.781665
1934.604852
1935.500199
1936.492225
1937.535216
1938.525010
1939.515100
1940.479992
1941.419746
1942.397769
1943.292613
1944.241499
1945.231710
1946.226274
1947.213837
1948.201381
1949.037524
1949.988650
1950.985444
1951.973317
1952.914750
1953.734051
1954.699029
1955.539734
1956.549207
1957.487418
1958.449084
1959.409306
1960.335690
1961.255870
1962.205787
1963.247950
1964.225065
1965.096361
1965.833483
1966.749387
1967.733549
1968.789418
1969.716346
1970.521235
1971.432062
1972.430488
1973.391287
1974.332804
1975.399564
1976.342430
1976.988424
1977.663266
1978.499681
1979.282380
1980.211253
1981.215114
1982.117277
1983.056196
1984.015942
1984.976866
1985.957549
1986.903844
1987.840619
1988.816342
1989.469861
1990.339205
1991.324664
1992.269054
1993.320365
1994.293719
1995.194769
1996.167174
1997.114391
1998.092682
1998.866861
1999.929792
2000.851509
2001.842171
2002.824534
2003.805648
2004.681961
2005.275810
2006.080833
2007.058729
2008.032594
2008.912947
2009.800298
2010.626383
2011.438739
2012.331822
2013.030899
2013.812100
2014.518056
2015.395060
2016.366223
2017.361631
2018.352326
2019.338925
2020.326785
2021.320847
2022.288152
2023.341067
2024.284259
2025.265925
2026.257861
2027.213496
2028.193963
2029.221674
2030.151927
2031.132894
2032.120713
2033.106658
2034.102479
2035.181508
2036.710330
2038.084332
2039.026538
2040.001087
2040.866408
2040.866408
2040.866408
2041.134792
2041.962535
2043.045852
2044.013052
2044.996522
2045.926055
2046.982427
2047.930518
2048.699999
2048.963996
2048.963996
2048.963996
2048.963996
2049.119520
2049.868677
2050.843459
2051.834397
2052.825329
2053.815806
2054.872433
2055.863087
2056.852989
2057.832710
2058.815164
2059.788023
2060.826053
2061.862089
2062.790933
2063.515074
2064.428222
2065.338469
2066.123347
2067.043042
2068.012988
2069.105256
2069.856767
2070.647994
2071.482217
2072.396100
2073.405003
2074.396280
2075.374493
2076.193482
2076.893347
2077.736986
2078.619625
2079.673185
2080.648603
2081.578329
2082.544831
2083.423874
2084.425170
2085.419902
2086.330417
2087.018343
2088.043500
2088.871068
2089.524557
2090.429455
2091.481449
2092.474023
2093.424514
2094.480247
2095.354815
2096.401071
2097.247107
2098.212250
2098.779850
2099.742280
2100.715982
2101.705022
2102.697603
2103.754497
2104.744418
2105.714809
2106.642983
2107.587652
2108.496076
2109.307644
2110.368046
2111.232516
2111.821970
2112.483881
2113.000775
2113.671828
2114.751625
2115.554971
2116.080070
2117.012300
2117.956654
2118.909771
2119.818682
2120.849095
2121.600563
2122.505047
2123.484925
2124.438133
2125.272530
2125.442789
2125.442789
2125.442789
2125.442789
2125.442789
2125.442789
2125.442789
2125.442789
2125.442789
2125.442789
2125.442789
2125.442789
2125.516071
2126.038580
2127.079393
2128.059081
2129.034759
2130.025703
2131.011811
2132.002889
2133.058500
2134.035300
2134.879339
2135.866980
2136.826941
2137.807238
2138.712214
2139.742153
2140.544834
2141.506457
2142.486398
2143.463069
2144.174173
2144.477736
2145.254797
2146.265213
2147.125118
2148.115012
2149.009906
2149.897374
2150.814220
2151.785108
2152.762937
2153.751046
2154.731614
2155.708868
2156.687628
2157.096552
2157.096552
2157.096552
2157.096552
2157.096552
2157.096552
2157.096552
2157.096552
2157.096552
2157.096552
2157.096552
2157.096552
2157.096552
2157.096552
2157.096552
2157.096552
2157.096552
2157.096552
2157.096552
2157.096552
2157.096552
2157.096552
2157.151470
2157.748751
2158.735030
2159.776464
2160.770502
2161.748367
2162.718895
2163.706348
2164.694248
2165.679632
2166.525850
2167.394114
2168.371930
2169.288732
2170.286493
2171.190440
2172.140455
2173.230171
2174.213508
2175.052546
2175.995535
2176.789698
2177.747248
2178.704902
2179.747124
2180.729459
2181.699552
2182.653307
2183.424144
2184.346718
2185.378197
2186.358618
2187.181354
2187.858268
2188.722675
2189.616547
2190.604584
2191.597757
2192.459879
2193.397917
2194.183910
2195.134134
2196.054729
2197.012959
2198.072491
2199.060350
2200.050187
2201.040451
2202.003722
2202.999033
2204.002062
2204.830483
2205.809666
2206.779633
2207.740037
2208.688710
2209.635262
2210.653982
2211.607681
2212.499911
2213.481356
2214.329805
2215.319537
2216.154286
2216.884534
2217.947783
2218.898872
2219.715131
2220.554163
2221.252337
2222.268838
2223.244738
2224.222042
2225.148499
2226.037392
2226.977464
2227.821132
2228.877918
2229.839616
2230.714399
2231.270283
2232.194030
2233.082839
2233.930766
2234.901716
2235.873622
2236.824041
2237.812338
2238.742744
2239.413477
2240.187478
2241.212398
2242.153794
2243.123045
2244.074432
2245.030886
2246.083528
2247.068916
2248.063157
2249.013505
2249.988946
2250.960746
2251.930677
2252.650670
2253.518463
2254.473190
2255.451211
2256.209751
2257.013478
2257.941913
2258.846527
2259.834760
2260.815849
2261.735411
2262.700494
2263.690421
2264.743886
2265.618375
2266.433859
2267.411862
2268.136325
2269.018920
2269.976373
2270.389130
2270.935492
2271.781348
2272.771267
2273.717994
2274.711794
2275.574859
2276.220515
2277.201717
2278.130467
2279.109592
2279.855906
2280.518576
2281.578851
2282.513801
2283.402018
2284.322717
2285.138713
2286.112038
2286.985893
2287.592921
2288.388529
2289.255335
2290.099388
2291.105452
2291.961700
2292.670332
2293.572301
2294.554694
2295.522492
2296.463623
2297.286181
2298.238825
2299.288700
2300.265550
2301.254961
2302.233940
2303.220923
2304.119251
2304.538707
2304.689386
2304.963884
2305.357917
2306.191852
2307.028709
2308.016045
2309.056304
2310.034939
2310.973191
2311.884069
2312.872543
2313.859770
2314.824954
2315.849204
2316.758392
2317.727666
2318.717964
2319.672468
2320.531552
2321.579478
2322.560403
2323.538564
2324.471383
2325.455752
2326.433400
2327.393244
2328.275032
2329.103877
2330.059086
2331.040302
2331.760511
2332.513143
2333.537364
2334.491711
2335.325109
2336.191399
2337.157300
2338.144622
2339.099845
2339.819387
2340.476050
2341.469835
2342.292368
2343.083520
2343.979659
2344.810249
2345.773460
2346.758825
2347.748776
2348.728850
2349.605456
2350.590297
2351.646130
2352.634799
2353.590973
2354.405633
2355.284991
2355.939975
2356.648149
2357.398434
2358.305067
2359.282476
2360.270589
2361.217990
2362.205941
2363.069928
2363.560387
2363.900699
2364.413020
2365.363780
2366.196690
2366.974529
2368.053244
2369.029012
2369.927230
2370.699171
2371.426796
2372.414284
2373.413513
2374.453442
2375.406142
2375.948860
2376.530049
2377.500253
2378.484759
2379.544195
2380.492833
2381.165723
2381.651487
2382.563602
2383.356939
2383.668987
2384.443422
2385.424559
2386.402430
2387.383151
2388.354446
2389.347556
2390.074770
2390.559274
2391.245287
2392.025872
2392.976221
2393.882594
2394.752090
2395.805838
2396.597243
2397.385305
2398.365397
2399.336730
2400.296418
2401.271583
2402.223501
2402.812264
2403.480368
2404.383878
2405.358842
2406.347497
2407.385691
2408.313398
2409.224316
2410.072012
2410.815130
2411.550667
2412.487614
2413.540068
2414.474995
2415.476821
2416.375210
2417.139706
2417.998993
2419.007278
2419.830215
2420.787558
2421.599237
2422.570806
2423.538374
2424.335372
2425.046568
2425.951254
2426.940126
2427.936879
2428.918541
2429.908853
2430.841116
2431.884809
2432.828312
2433.334308
2433.913497
2434.809748
2435.766127
2436.771542
2437.645471
2438.630739
2439.595284
2440.557929
2441.493031
2442.443287
2443.489650
2444.209049
2444.826829
2445.781431
2446.658544
2447.324807
2448.338177
2449.226923
2449.914793
2450.535940
2451.418380
2452.405092
2453.352274
2453.940020
2454.639013
2455.458880
2456.438270
2457.409811
2458.356200
2459.323348
2460.400181
2461.396822
2462.284131
2462.963268
2463.785469
2464.772275
2465.774273
2466.706439
2467.527036
2468.504494
2469.338143
2470.070359
2470.906333
2471.998261
2472.988444
2473.979410
2474.964795
2475.821610
2476.493740
2477.406031
2478.380871
2479.371166
2480.361146
2481.322377
2482.311680
2483.292144
2484.346189
2485.229174
2486.087479
2487.022828
2487.915635
2488.811214
2489.391261
2489.709711
2490.344942
2491.310165
2492.198799
2492.883307
2493.572117
2494.458270
2495.442581
2496.393960
2497.212491
2497.756691
2498.204063
2498.673205
2499.644905
2500.589143
2501.317536
2501.988133
2502.917167
2503.673123
2504.668699
2505.645629
2506.629434
2507.620315
2508.610005
2509.481626
2510.456496
2511.508756
2512.477732
2513.397228
2514.364084
2515.016669
2515.568045
2516.374649
2517.482500
2518.333386
2519.098150
2520.087899
2520.901186
2521.861380
2522.839915
2523.618437
2524.566800
2525.541508
2526.372368
2527.225081
2528.217604
2529.262203
2530.228037
2531.239646
2532.112268
2533.028191
2534.026071
