0.000000
0.000000
0.082662
0.350946
0.505514
0.637213
0.722723
0.871621
0.998998
1.101829
1.181795
1.255482
1.323070
1.373150
1.409003
1.437729
1.461147
1.488555
1.500562
1.521988
1.492874
1.479129
1.499540
1.519529
1.535970
1.549955
1.563223
1.578111
1.591719
1.604442
1.615263
1.626929
1.630194
1.635988
1.642878
1.654272
1.662763
1.670853
1.677666
1.684285
1.682375
1.689114
1.694493
1.693156
1.692297
1.698779
1.693902
1.696845
1.677697
1.677759
1.683503
1.673712
1.660920
1.655374
1.640271
1.633471
1.629534
1.632192
1.637430
1.645753
1.650197
1.656493
1.661735
1.666200
1.670681
1.675432
1.682303
1.686448
1.688649
1.692561
1.692978
1.697129
1.702268
1.703665
1.702355
1.705885
1.703453
1.698936
1.702246
1.702472
1.696438
1.690989
1.690872
1.694815
1.698042
1.702852
1.705472
1.709225
1.712254
1.712458
1.714140
1.717522
1.721567
1.724293
1.726872
1.727387
1.729857
1.728476
1.731288
1.732270
1.734029
1.736616
1.738813
1.739994
1.740794
1.738247
1.738611
1.740806
1.742619
1.742635
1.742407
1.741101
1.741871
1.743657
1.745490
1.747455
1.749073
1.749520
1.746029
1.741634
1.743526
1.745843
1.745808
1.748138
1.748759
1.751555
1.753320
1.755147
1.756330
1.758590
1.760251
1.762864
1.763258
1.765254
1.763058
1.758765
1.759470
1.761530
1.763596
1.765664
1.766921
1.768240
1.767429
1.768474
1.768594
1.771436
1.772825
1.773087
1.775122
1.775056
1.775845
1.772095
1.768307
1.768095
1.767966
1.769332
1.769588
1.769929
1.769930
1.769585
1.767732
1.767977
1.767931
1.770427
1.772121
1.773751
1.774811
1.776259
1.777290
1.777076
1.777653
1.779008
1.776918
1.774283
1.774303
1.775085
1.774646
1.772537
1.761720
1.751977
1.743678
1.739745
1.740139
1.741667
1.743502
1.745038
1.746243
1.747453
1.748057
1.747295
1.747085
1.749355
1.749961
1.750880
1.751731
1.753120
1.754333
1.756136
1.756921
1.758317
1.759313
1.760481
1.761626
1.762509
1.763917
1.761779
1.755286
1.752798
1.753238
1.754198
1.754954
1.753976
1.753179
1.754474
1.755378
1.756392
1.757104
1.758928
1.759711
1.760825
1.761720
1.762715
1.763497
1.764386
1.764130
1.763475
1.764366
1.764973
1.765154
1.765686
1.766898
1.768081
1.768474
1.769641
1.770234
1.770599
1.771261
1.772727
1.773336
1.774241
1.775034
1.775867
1.775888
1.775232
1.775167
1.776036
1.776116
1.776497
1.777291
1.777250
1.777762
1.778437
1.778448
1.776915
1.772101
1.770151
1.769988
1.771989
1.772374
1.772602
1.773305
1.773408
1.773027
1.774833
1.775318
1.776195
1.776110
1.775845
1.776517
1.777286
1.778307
1.778784
1.779236
1.780305
1.780251
1.780889
1.781572
1.781762
1.777644
1.774432
1.771803
1.772495
1.773098
1.772828
1.772188
1.771838
1.772300
1.772473
1.771178
1.771293
1.772384
1.773150
1.771945
1.768752
1.768019
1.768812
1.769721
1.770183
1.770793
1.771141
1.772324
1.772984
1.773580
1.774582
1.775526
1.776173
1.776858
1.777483
1.777952
1.779176
1.779845
1.780517
1.781040
1.780880
1.782042
1.782120
1.780906
1.781141
1.781798
1.782407
1.782733
1.781883
1.781721
1.782710
1.783349
1.783900
1.784158
1.783846
1.783322
1.784087
1.784778
1.784641
1.784684
1.784924
1.784654
1.784775
1.784578
1.785506
1.785893
1.785987
1.786008
1.786124
1.785847
1.785441
1.784726
1.784757
1.784864
1.785374
1.784439
1.783651
1.783886
1.784580
1.785018
1.785526
1.785792
1.785029
1.784624
1.784893
1.785135
1.785213
1.785441
1.785260
1.785868
1.786354
1.785777
1.784555
1.784167
1.784484
1.783996
1.784807
1.784722
1.785102
1.784870
1.784885
1.785685
1.786381
1.785387
1.785593
1.785598
1.784607
1.784490
1.785209
1.786006
1.786498
1.786755
1.787449
1.787783
1.788260
1.788622
1.788670
1.788840
1.789315
1.789648
1.790163
1.790608
1.791430
1.791651
1.791870
1.792050
1.792150
1.790963
1.788721
1.789070
1.789537
1.789826
1.790405
1.790713
1.790700
1.790891
1.791386
1.790889
1.791029
1.790896
1.791499
1.791515
1.792038
1.790836
1.789760
1.789533
1.789606
1.787963
1.787175
1.787636
1.788223
1.788548
1.788113
1.786737
1.787532
1.788312
1.786758
1.786045
1.786585
1.786096
1.786091
1.786360
1.785742
1.785666
1.786234
1.786623
1.786964
1.787354
1.788200
1.788265
1.788022
1.784753
1.783943
1.784260
1.784696
1.785010
1.785351
1.785732
1.785063
1.784952
1.785204
1.784367
1.783507
1.783640
1.783865
1.784062
1.784370
1.784177
1.784754
1.785048
1.785183
1.784966
1.782893
1.781202
1.780886
1.781019
1.781235
1.781483
1.781970
1.782032
1.782032
1.782071
1.782597
1.782946
1.783373
1.783291
1.784124
1.784381
1.784073
1.783080
1.782811
1.783055
1.783578
1.783931
1.784127
1.784224
1.784948
1.785369
1.785719
1.785906
1.786294
1.786959
1.787262
1.787469
1.787902
1.787689
1.788619
1.788796
1.788664
1.788257
1.788408
1.788558
1.788483
1.788662
1.788972
1.788679
1.788905
1.788672
1.788693
1.788635
1.789140
1.789717
1.789704
1.789745
1.788617
1.788442
1.788884
1.789243
1.789266
1.789035
1.789294
1.789443
1.790179
1.790508
1.791087
1.790177
1.789476
1.788593
1.788011
1.788311
1.788632
1.789082
1.789367
1.789801
1.790329
1.790485
1.790669
1.790815
1.790702
1.791513
1.791798
1.791875
1.791642
1.791627
1.791958
1.792534
1.793022
1.792677
1.792316
1.792368
1.792748
1.793199
1.793635
1.793776
1.794184
1.793848
1.794020
1.794234
1.794661
1.795111
1.795183
1.795785
1.796116
1.796318
1.796711
1.797366
1.797686
1.797875
1.798078
1.798225
1.798668
1.798711
1.798855
1.799207
1.799636
1.799912
1.799813
1.800423
1.800569
1.800718
1.799569
1.798341
1.798735
1.798999
1.799442
1.799604
1.799561
1.799364
1.799152
1.797789
1.797329
1.797559
1.797765
1.797363
1.797836
1.797758
1.797548
1.797979
1.797362
1.796908
1.797231
1.797529
1.797855
1.798181
1.798751
1.799013
1.799265
1.799527
1.799662
1.798882
1.796211
1.792981
1.789948
1.787618
1.786493
1.786142
1.786789
1.787082
1.787237
1.787668
1.788117
1.788429
1.788289
1.788749
1.789026
1.789130
1.789593
1.789751
1.790135
1.789927
1.788669
1.787171
1.786860
1.786586
1.786611
1.786767
1.787307
1.787544
1.787861
1.787357
1.786855
1.785947
1.785545
1.786084
1.786469
1.786730
1.786904
1.786853
1.787235
1.787504
1.787970
1.788153
1.788539
1.788825
1.789053
1.789396
1.789885
1.790039
1.790387
1.790615
1.790817
1.791013
1.791440
1.791756
1.790982
1.789283
1.788535
1.788749
1.788611
1.788810
1.788817
1.788805
1.789022
1.789222
1.789436
1.789641
1.790207
1.790504
1.790807
1.790666
1.790542
1.790378
1.790908
1.791281
1.791600
1.791797
1.792005
1.792068
1.792339
1.792459
1.792505
1.792606
1.792969
1.792752
1.791895
1.791949
1.792343
1.792220
1.791705
1.789295
1.787748
1.787609
1.788117
1.787993
1.787619
1.787356
1.787497
1.787588
1.787694
1.788222
1.788574
1.788811
1.788848
1.788635
1.788307
1.787940
1.788283
1.787463
1.787660
1.787629
1.787346
1.787485
1.787878
1.787917
1.787926
1.788102
1.787308
1.786535
1.786428
1.786781
1.786951
1.787169
1.787478
1.787417
1.787297
1.787488
1.787554
1.787862
1.787990
1.788271
1.788446
1.788605
1.788874
1.789155
1.789499
1.789633
1.789797
1.789605
1.788591
1.788929
1.789268
1.789365
1.789619
1.789785
1.789966
1.790331
1.790630
1.790729
1.790840
1.790918
1.790947
1.791140
1.791572
1.791737
1.791874
1.792060
1.792191
1.792315
1.792757
1.792337
1.792570
1.792690
1.793013
1.793111
1.793108
1.793581
1.791300
1.789099
1.786848
1.785028
1.784706
1.784843
1.785311
1.785211
1.785596
1.784768
1.784767
1.785039
1.785354
1.785502
1.784941
1.784132
1.783752
1.783585
1.783694
1.783804
1.783880
1.783155
1.783019
1.783448
1.783650
1.783898
1.784091
1.784284
1.784397
1.784486
1.784598
1.784790
1.785163
1.785231
1.785311
1.783992
1.783628
1.783780
1.783845
1.784096
1.784227
1.783927
1.784309
1.784684
1.784902
1.784904
1.785194
1.785383
1.785619
1.785407
1.785486
1.785627
1.785944
1.785760
1.784802
1.783466
1.781952
1.781094
1.780441
1.780473
1.780190
1.780251
1.779792
1.779156
1.778970
1.778814
1.778822
1.778981
1.779301
1.779531
1.779704
1.779865
1.779973
1.779946
1.780257
1.780433
1.780684
1.780814
1.781282
1.781498
1.781687
1.781879
1.782146
1.782292
1.782527
1.782647
1.783095
1.783099
1.783481
1.783582
1.783886
1.784225
1.784464
1.784719
1.784688
1.784555
1.783153
1.782418
1.782805
1.783001
1.783106
1.782547
1.782337
1.781782
1.780930
1.781024
1.781254
1.781164
1.780649
1.778349
1.776599
1.774628
1.772656
1.770456
1.768660
1.766795
1.765644
1.765644
1.765921
1.765995
1.765773
1.765519
1.765840
1.765865
1.765703
1.764675
1.762776
1.760752
1.758872
1.756754
1.754983
1.753532
1.753161
1.753080
1.753567
1.753632
1.753989
1.754067
1.754524
1.754650
1.754967
1.755228
1.755471
1.755634
1.756060
1.756286
1.756279
1.756295
1.756606
1.756590
1.757014
1.757337
1.757663
1.757792
1.758135
1.758142
1.758510
1.758513
1.758823
1.759045
1.759190
1.759387
1.759595
1.759428
1.759417
1.759425
1.759455
1.758961
1.757118
1.755215
1.753284
1.751492
1.749649
1.748421
1.748376
1.748320
1.748775
1.748283
1.748192
1.748162
1.748370
1.748565
1.748837
1.748919
1.748947
1.749106
1.749353
1.749503
1.749344
1.749213
1.749735
1.749997
1.750177
1.750327
1.750501
1.750726
1.750969
1.751241
1.751431
1.750884
1.749993
1.750050
1.749999
1.750176
1.750494
1.750374
1.750651
1.750883
1.751089
1.751300
1.750954
1.749318
1.747546
1.745806
1.744066
1.742477
1.740697
1.738718
1.737212
1.735305
1.733530
1.731718
1.730208
1.728373
1.726696
1.725023
1.723372
1.721573
1.719835
1.718773
1.718827
1.718956
1.719289
1.719250
1.719669
1.719201
1.717440
1.715426
1.713946
1.712358
1.710615
1.708972
1.707722
1.707442
1.707712
1.708004
1.708292
1.708472
1.708772
1.708724
1.709286
1.709290
1.709468
1.709734
1.709884
1.709997
1.710413
1.710672
1.710928
1.710875
1.711090
1.709301
1.707728
1.706156
1.704471
1.702749
1.701260
1.699552
1.697869
1.696179
1.694614
1.693020
1.691490
1.689688
1.688245
1.686638
1.685113
1.683485
1.681943
1.680387
1.678655
1.676905
1.675604
1.674386
1.674270
1.674463
1.674781
1.674953
1.675305
1.675632
1.675853
1.675904
1.676171
1.676274
1.676475
1.676743
1.677087
1.677309
1.677196
1.677338
1.677552
1.677757
1.678009
1.678057
1.678204
1.678305
1.678584
1.678597
1.679081
1.679436
1.679601
1.679513
1.679879
1.680119
1.680297
1.680379
1.680801
1.680872
1.680946
1.681295
1.681521
1.681669
1.682064
1.682300
1.682338
1.682867
1.683121
1.683342
1.683655
1.684032
1.683973
1.683652
1.683854
1.683955
1.684252
1.684500
1.684966
1.685213
1.685308
1.685651
1.685868
1.686213
1.686486
1.686664
1.686920
1.687078
1.687365
1.687528
1.687757
1.688078
1.688429
1.688637
1.688869
1.688555
1.688477
1.688827
1.688912
1.689067
1.688780
1.688559
1.688559
1.688691
1.689169
1.689371
1.689611
1.689736
1.689932
1.690153
1.690424
1.690760
1.690962
1.691105
1.691471
1.691459
1.691596
1.691757
1.691784
1.691770
1.691954
1.692176
1.692274
1.692422
1.692526
1.692789
1.692957
1.693044
1.693279
1.693519
1.693791
1.693643
1.693771
1.693785
1.693939
1.694112
1.694423
1.694566
1.694818
1.694769
1.694599
1.694496
1.694933
1.695017
1.695298
1.695529
1.695717
1.695852
1.695607
1.695724
1.696027
1.696125
1.696359
1.696494
1.696736
1.696708
1.696273
1.696339
1.696631
1.696491
1.696641
1.696738
1.696421
1.695254
1.693966
1.692586
1.691971
1.692113
1.692324
1.692466
1.692860
1.692858
1.693215
1.693413
1.693553
1.693764
1.693978
1.694315
1.694512
1.694713
1.694985
1.695218
1.695446
1.695764
1.695948
1.695978
1.696204
1.696307
1.696350
1.696481
1.696582
1.696360
1.696255
1.696208
1.696524
1.696471
1.696476
1.696760
1.696985
1.697143
1.697301
1.697311
1.697538
1.697866
1.698096
1.698223
1.698488
1.698681
1.698916
1.699113
1.699011
1.698745
1.698971
1.698994
1.699315
1.699128
1.699242
1.699265
1.699493
1.699568
1.699753
1.699695
1.699899
1.700201
1.700444
1.700596
1.700812
1.700988
1.701183
1.701383
1.701529
1.701634
1.701721
1.701815
1.701994
1.701882
1.702085
1.702281
1.702488
1.702529
1.702570
1.702572
1.702810
1.702995
1.703217
1.702952
1.702798
1.703023
1.703185
1.703338
1.703384
1.703442
1.703582
1.703517
1.703470
1.703598
1.703999
1.703979
1.704308
1.704530
1.704498
1.704433
1.704719
1.704796
1.705010
1.704990
1.705407
1.705563
1.705810
1.705942
1.706231
1.706391
1.706607
1.706804
1.706815
1.706824
1.707003
1.707148
1.707307
1.707347
1.707627
1.707432
1.707548
1.707697
1.707889
1.708110
1.708297
1.708418
1.708755
1.709180
1.709386
1.708949
1.708879
1.707750
1.706389
1.704993
1.704069
1.703573
1.703732
1.703815
1.704207
1.704334
1.704603
1.704655
1.704540
1.704379
1.703018
1.701662
1.700818
1.700551
1.700595
1.700695
1.700818
1.700545
1.700469
1.700248
1.700045
1.699592
1.698935
1.698662
1.698773
1.699173
1.698724
1.697601
1.697389
1.697471
1.697526
1.697851
1.697277
1.696900
1.695769
1.694692
1.694275
1.694347
1.694561
1.694664
1.694683
1.694571
1.694852
1.695066
1.695395
1.695520
1.695760
1.695941
1.695079
1.693851
1.692717
1.691380
1.690283
1.689060
1.687780
1.686463
1.685531
1.684168
1.683026
1.682319
1.682321
1.682525
1.682740
1.682891
1.683134
1.683062
1.682808
1.682918
1.683127
1.683301
1.683466
1.683546
1.684006
1.683955
1.683714
1.683473
1.682925
1.682712
1.682820
1.682567
1.682252
1.682253
1.682373
1.682545
1.682614
1.682881
1.682435
1.681126
1.680074
1.678850
1.677927
1.677750
1.677908
1.678246
1.678414
1.678540
1.678839
1.679022
1.679268
1.679432
1.679634
1.679786
1.679973
1.680141
1.680392
1.680513
1.680376
1.680609
1.680817
1.680925
1.681139
1.681171
1.681481
1.681579
1.681804
1.681982
1.682182
1.682314
1.682512
1.682516
1.682705
1.682761
1.682765
1.683045
1.683261
1.683425
1.683567
1.683756
1.684005
1.684055
1.683907
1.684142
1.684177
1.684297
1.684256
1.684119
1.684265
1.684418
1.684714
1.684869
1.684896
1.685035
1.685076
1.685072
1.685137
1.685546
1.685740
1.685882
1.686065
1.686197
1.686449
1.686668
1.686734
1.686908
1.687006
1.687133
1.686882
1.686528
1.686588
1.686707
1.686952
1.687063
1.687063
1.687315
1.687578
1.687301
1.687075
1.687180
1.687221
1.687404
1.687308
1.687393
1.687201
1.687312
1.687244
1.687223
1.687482
1.687533
1.687661
1.687836
1.687863
1.687955
1.688176
1.688371
1.688671
1.688658
1.688574
1.687426
1.686544
1.686130
1.686188
1.686422
1.686688
1.686877
1.687015
1.687182
1.687352
1.687536
1.687776
1.687898
1.688069
1.688244
1.688416
1.688533
1.688683
1.688826
1.688946
1.689072
1.689269
1.689433
1.689543
1.689550
1.689747
1.689763
1.689726
1.689758
1.689566
1.689454
1.689620
1.689621
1.689887
1.689900
1.689530
1.688560
1.687569
1.686455
1.685811
1.685746
1.685823
1.686005
1.686225
1.686517
1.686687
1.686841
1.687063
1.687246
1.687419
1.687676
1.687742
1.687544
1.687369
1.687367
1.687570
1.687718
1.688018
1.688193
1.688396
1.688497
1.688530
1.688574
1.688791
1.688893
1.688843
1.688901
1.689086
1.689071
1.688812
1.689003
1.689153
1.689235
1.689324
1.689190
1.688728
1.687631
1.686697
1.685775
1.685519
1.685507
1.685833
1.686038
1.686267
1.686402
1.686581
1.686721
1.686932
1.686860
1.686988
1.686878
1.686965
1.687096
1.687228
1.687336
1.687498
1.687757
1.687840
1.688059
1.688176
1.687999
1.687636
1.687514
1.687839
1.687979
1.688179
1.688355
1.688397
1.688173
1.688248
1.688462
1.688626
1.688791
1.688899
1.688886
1.688865
1.689007
1.689295
1.689359
1.689562
1.689675
1.689832
1.689989
1.690034
1.690197
1.690355
1.690487
1.690543
1.690059
1.689156
1.688203
1.687182
1.686078
1.685079
1.684027
1.683117
1.682006
1.681425
1.681623
1.682304
1.683215
1.683508
1.683740
1.683925
1.684071
1.684299
1.684449
1.684530
1.684226
1.684335
1.684374
1.684501
1.684614
1.684542
1.684627
1.684831
1.684732
1.684424
1.684387
1.684594
1.684707
1.684830
1.685071
1.685218
1.685349
1.685352
1.684912
1.684863
1.685109
1.685556
1.685577
1.685733
1.685913
1.685827
1.685596
1.685436
1.685529
1.685793
1.685414
1.684553
1.683464
1.682485
1.681662
1.681099
1.681231
1.681877
1.682172
1.682167
1.681785
1.681835
1.681683
1.681718
1.681915
1.682061
1.682203
1.682498
1.682625
1.682810
1.682874
1.683039
1.683239
1.683379
1.683486
1.683402
1.683432
1.683603
1.683687
1.683560
1.683526
1.683667
1.684084
1.684471
1.684871
1.684944
1.684588
1.684614
1.684296
1.684109
1.683622
1.683632
1.683752
1.683844
1.683688
1.682996
1.682684
1.682486
1.682748
1.682947
1.683112
1.683353
1.683525
1.683710
1.683828
1.684046
1.684116
1.684551
1.684427
1.684132
1.684018
1.684208
1.684354
1.684514
1.684692
1.684853
1.684983
1.685099
1.685267
1.685367
1.685542
1.685689
1.685791
1.685835
1.685868
1.686016
1.686116
1.686318
1.686366
1.686535
1.686662
1.686855
1.686898
1.687236
1.687322
1.687439
1.687555
1.687582
1.687831
1.688003
1.688155
1.688118
1.688383
1.688570
1.688505
1.688585
1.688787
1.688731
1.688621
1.688239
1.688210
1.688394
1.688570
1.688712
1.688787
1.688947
1.689051
1.689151
1.689269
1.689188
1.689168
1.689270
1.689358
1.689523
1.689563
1.689734
1.689851
1.690034
1.690202
1.690469
1.690683
1.690966
1.691015
1.691196
1.691348
1.691349
1.691462
1.691545
1.691624
1.690760
1.689790
1.689033
1.687972
1.687240
1.686867
1.687019
1.687272
1.687415
1.687522
1.687720
1.687875
1.687968
1.688153
1.688346
1.688475
1.688620
1.688781
1.688952
1.689012
1.689234
1.689224
1.689291
1.689365
1.689546
1.689721
1.689926
1.690105
1.690188
1.690315
1.690502
1.690615
1.690761
1.690485
1.690268
1.690282
1.690509
1.690667
1.690813
1.690928
1.691181
1.691349
1.691472
1.691573
1.691754
1.691783
1.691877
1.691957
1.691685
1.691577
1.691675
1.691781
1.691973
1.692555
1.692816
1.692802
1.692948
1.692860
1.693028
1.693172
1.693387
1.693349
1.693400
1.693490
1.693641
1.693802
1.694058
1.694236
1.694315
1.694330
1.694376
1.694433
1.694323
1.694530
1.694672
1.694830
1.694962
1.695052
1.695204
1.695285
1.695230
1.694513
1.693657
1.692729
1.691831
1.691088
1.690943
1.691024
1.691248
1.691399
1.691464
1.691641
1.691824
1.691970
1.691869
1.691899
1.692035
1.692042
1.692228
1.692405
1.692557
1.692678
1.692821
1.692981
1.693072
1.693191
1.693416
1.693532
1.693768
1.694167
1.694292
1.694546
1.695203
1.695365
1.695525
1.695917
1.696068
1.696016
1.695965
1.695737
1.695556
1.695538
1.695176
1.694840
1.694816
1.694965
1.695192
1.695515
1.695907
1.696130
1.696171
1.696293
1.696580
1.696845
1.697001
1.696893
1.696434
1.696060
1.696016
1.696150
1.696253
1.696287
1.696418
1.696693
1.697087
1.696815
1.696803
1.696996
1.697124
1.697036
1.697141
1.697137
1.697030
1.697011
1.697025
1.696958
1.697017
1.696584
1.696068
1.696131
1.696189
1.696243
1.696362
1.696451
1.696606
1.696793
1.696944
1.697099
1.697115
1.697374
1.697846
1.697968
1.697890
1.697935
1.697943
1.697555
1.697851
1.697961
1.698129
1.698342
1.698503
1.698636
1.698771
1.699122
1.699009
1.698619
1.698599
1.698450
1.698573
1.698663
1.698493
1.697870
1.697658
1.697426
1.696998
1.696721
1.696788
1.696883
1.697103
1.697078
1.696621
1.696568
1.696702
1.696548
1.696349
1.696451
1.696502
1.696243
1.696270
1.696291
1.696041
1.695648
1.695960
1.696055
1.696206
1.696316
1.696465
1.696576
1.696778
1.696913
1.696997
1.697129
1.697239
1.697208
1.697237
1.697077
1.696633
1.696339
1.696279
1.696247
1.696303
1.696441
1.696437
1.696474
1.695897
1.695710
1.695826
1.695957
1.696171
1.696205
1.696226
1.696284
1.696408
1.696431
1.696297
1.696380
1.696554
1.696309
1.695867
1.695873
1.696091
1.696279
1.696422
1.696307
1.695995
1.695877
1.696008
1.696135
1.696346
1.696448
1.696616
1.696746
1.696884
1.696982
1.697038
1.696993
1.697133
1.697368
1.697679
1.698130
1.698427
1.698810
1.699189
1.699571
1.699901
1.699918
1.699908
1.700013
1.700213
1.700309
1.700484
1.700603
1.700742
1.700797
1.701038
1.701131
1.701035
1.700202
1.699414
1.698648
1.698199
1.698295
1.698435
1.698563
1.698624
1.698796
1.698936
1.699057
1.699189
1.699274
1.699422
1.699217
1.698888
1.698981
1.699179
1.699279
1.699325
1.699369
1.699429
1.699518
1.699668
1.699889
1.700014
1.700100
1.700145
1.700272
1.700354
1.700465
1.700470
1.700487
1.700594
1.700693
1.700860
1.700958
1.701148
1.701096
1.701265
1.701403
1.701501
1.701572
1.701687
1.701814
1.701958
1.701942
1.701848
1.701968
1.702064
1.702204
1.702319
1.702353
1.702469
1.702476
1.702713
1.702815
1.703019
1.703123
1.703230
1.703298
1.703293
1.703380
1.703532
1.703617
1.703771
1.703863
1.703891
1.703864
1.703878
1.703784
1.703942
1.704039
1.704137
1.703971
1.703560
1.703565
1.703458
1.702596
1.701930
1.701113
1.700350
1.699576
1.698804
1.698099
1.697307
1.696550
1.696372
1.696358
1.696624
1.696793
1.696949
1.697079
1.697185
1.697250
1.697237
1.697391
1.697507
1.697581
1.697667
1.697510
1.697252
1.697128
1.697244
1.697192
1.697375
1.697014
1.696510
1.696451
1.696629
1.696704
1.696845
1.696855
1.696677
1.696759
1.696874
1.697054
1.697184
1.697145
1.696632
1.695847
1.695202
1.694315
1.693582
1.692897
1.692336
1.692219
1.692312
1.692426
1.692603
1.692609
1.692034
1.691603
1.691424
1.691614
1.691345
1.690644
1.689924
1.689019
1.688320
1.687624
1.686950
1.686020
1.685358
1.684680
1.683863
1.683103
1.682422
1.681600
1.680935
1.680041
1.679401
1.678720
1.678088
1.677731
1.677982
1.678572
1.679108
1.679367
1.679586
1.679903
1.679711
1.679274
1.678997
1.678752
1.678441
1.678140
1.678050
1.677593
1.677066
1.676909
1.677075
1.677205
1.677340
1.677430
1.677518
1.677655
1.677568
1.677344
1.677354
1.677305
1.677300
1.677102
1.677058
1.677121
1.677207
1.677053
1.677094
1.677196
1.677414
1.677495
1.677548
1.677554
1.677604
1.677705
1.677916
1.678047
1.678172
1.678215
1.678365
1.678489
1.678532
1.678568
1.678762
1.678891
1.679027
1.679019
1.679141
1.679245
1.679370
1.679478
1.679599
1.679576
1.679679
1.679659
1.679835
1.679914
1.680012
1.680117
1.680200
1.680240
1.680355
1.680505
1.680602
1.680679
1.680580
1.680624
1.680766
1.680965
1.681033
1.680977
1.681056
1.681148
1.681292
1.681382
1.681580
1.681560
1.681502
1.681339
1.681350
1.681303
1.681378
1.681490
1.681561
1.681658
1.681733
1.681831
1.681951
1.682042
1.682136
1.682232
1.682103
1.682127
1.682249
1.682308
1.682502
1.682615
1.682668
1.682751
1.682872
1.682986
1.682930
1.683002
1.683181
1.683306
1.683420
1.683536
1.683576
1.683342
1.683335
1.683446
1.683558
1.683586
1.683627
1.683591
1.683541
1.683606
1.683508
1.683460
1.683350
1.683348
1.683409
1.683609
1.683746
1.683839
1.683980
1.684018
1.684214
1.684360
1.684470
1.684565
1.684717
1.684805
1.684925
1.685052
1.685151
1.685231
1.685390
1.685499
1.685633
1.685805
1.686392
1.686702
1.686918
1.687003
1.687005
1.686255
1.685616
1.685174
1.685161
1.685143
1.685314
1.685527
1.685544
1.685607
1.685712
1.685727
1.685326
1.684503
1.683873
1.683244
1.682734
1.682626
1.682709
1.682874
1.683013
1.683115
1.683311
1.683430
1.683492
1.683671
1.683782
1.683888
1.683991
1.684185
1.684278
1.684177
1.684145
1.684229
1.684249
1.684282
1.684419
1.684617
1.684554
1.684472
1.684500
1.684458
1.684688
1.684781
1.684923
1.684902
1.684784
1.684756
1.684830
1.684969
1.685096
1.685174
1.685273
1.685294
1.685422
1.685534
1.685598
1.685452
1.685637
1.685613
1.685466
1.685523
1.685685
1.685761
1.685892
1.685975
1.686090
1.686138
1.686249
1.686232
1.686130
1.686218
1.686283
1.686428
1.686574
1.686721
1.686863
1.686963
1.687023
1.687080
1.687157
1.687135
1.687302
1.687314
1.687107
1.686956
1.686710
1.686578
1.686765
1.686725
1.686472
1.686530
1.686630
1.686725
1.686762
1.686868
1.686847
1.686864
1.687001
1.687039
1.687000
1.686433
1.685820
1.685074
1.684459
1.683745
1.683141
1.682480
1.681815
1.681136
1.680445
1.679803
1.679188
1.678515
1.678369
1.678387
1.678629
1.678727
1.678861
1.678978
1.679047
1.679262
1.679331
1.679358
1.679488
1.679561
1.679614
1.679757
1.679844
1.679866
1.679973
1.680056
1.680184
1.680013
1.679654
1.679590
1.679737
1.679760
1.679811
1.679896
1.679952
1.680016
1.680076
1.680221
1.680306
1.680448
1.680568
1.680529
1.680253
1.679541
1.678939
1.678312
1.677653
1.676941
1.676321
1.675683
1.675038
1.674305
1.673787
1.673075
1.672474
1.671811
1.671133
1.670476
1.669858
1.669137
1.668574
1.667885
1.667246
1.666626
1.666092
1.665922
1.665956
1.666118
1.666236
1.666431
1.666532
1.666663
1.666775
1.666864
1.666899
1.666921
1.667039
1.667098
1.667194
1.667253
1.667379
1.667565
1.667691
1.667659
1.667765
1.667735
1.667825
1.667904
1.668084
1.668210
1.668308
1.668367
1.668352
1.668420
1.668568
1.668659
1.668674
1.668548
1.668580
1.668593
1.668735
1.668856
1.668880
1.668937
1.668916
1.668960
1.669066
1.669153
1.669333
1.669463
1.669567
1.669671
1.669792
1.669911
1.670039
1.669986
1.670142
1.670243
1.670280
1.670397
1.670512
1.670646
1.670723
1.670757
1.670883
1.670883
1.671011
1.671023
1.670931
1.671113
1.671196
1.671086
1.671183
1.671053
1.671220
1.671316
1.671427
1.671490
1.671537
1.671615
1.671620
1.671767
1.671873
1.671875
1.671698
1.671770
1.671799
1.671796
1.671918
1.672017
1.672103
1.672190
1.672293
1.672162
1.672123
1.672233
1.672338
1.672435
1.672514
1.672609
1.672764
1.672867
1.672967
1.673069
1.673182
1.673291
1.673391
1.673280
1.673324
1.673418
1.673521
1.673426
1.673440
1.673446
1.673555
1.673653
1.673764
1.673826
1.673919
1.674025
1.674196
1.674230
1.674205
1.674263
1.674235
1.674261
1.674351
1.674028
1.673834
1.673832
1.673952
1.674009
1.674149
1.674072
1.674017
1.674070
1.674188
1.674268
1.674237
1.674085
1.674275
1.674341
1.674380
1.674398
1.674413
1.674448
1.674548
1.674357
1.674353
1.674368
1.674372
1.674479
1.674515
1.674421
1.674460
1.674557
1.674667
1.674729
1.674729
1.674776
1.674966
1.675050
1.675183
1.675281
1.675389
1.675426
1.675139
1.674563
1.674220
1.673886
1.673901
1.673883
1.674009
1.674155
1.674269
1.674321
1.674384
1.674503
1.674609
1.674655
1.674835
1.674881
1.674989
1.675070
1.675185
1.675169
1.675347
1.675450
1.675547
1.675580
1.675717
1.675798
1.675916
1.675945
1.675930
1.676004
1.676122
1.676038
1.675980
1.676082
1.676187
1.676189
1.676215
1.676278
1.676403
1.676476
1.676410
1.676233
1.676350
1.676371
1.676344
1.676371
1.676377
1.676466
1.676576
1.676663
1.676778
1.676807
1.676912
1.677052
1.677185
1.677253
1.677240
1.677258
1.677145
1.677045
1.676995
1.677006
1.677141
1.677242
1.677325
1.677365
1.677447
1.677178
1.676838
1.676613
1.676687
1.676694
1.676643
1.676803
1.676917
1.676940
1.676862
1.676809
1.676928
1.677034
1.677196
1.677278
1.677066
1.676886
1.676970
1.677058
1.677234
1.677301
1.677192
1.676931
1.676978
1.676953
1.676586
1.676483
1.676643
1.676708
1.676848
1.676924
1.677032
1.676967
1.676730
1.676550
1.676581
1.676650
1.676703
1.676706
1.676870
1.676844
1.676802
1.676876
1.676955
1.677089
1.677173
1.677240
1.677086
1.676965
1.677008
1.677081
1.677180
1.677325
1.677415
1.677416
1.677459
1.677399
1.677336
1.677391
1.677538
1.677598
1.677730
1.677752
1.677720
1.677725
1.677852
1.677838
1.677867
1.677899
1.677985
1.678065
1.678059
1.677966
1.678005
1.678087
1.678180
1.678317
1.678423
1.678462
1.678623
1.678697
1.678471
1.678267
1.678325
1.678409
1.678525
1.678551
1.678635
1.678722
1.678826
1.678818
1.678968
1.679102
1.679027
1.678853
1.678950
1.678957
1.678861
1.678957
1.679006
1.678898
1.678751
1.678772
1.678890
1.678956
1.678781
1.678644
1.678685
1.678775
1.678864
1.678925
1.679020
1.679188
1.679299
1.679309
1.679213
1.679210
1.679311
1.679397
1.679483
1.679459
1.679524
1.679542
1.679479
1.679421
1.679646
1.679759
1.679862
1.679943
1.679971
1.679849
1.679901
1.679979
1.680098
1.680176
1.680274
1.680379
1.680480
1.680601
1.680642
1.680662
1.680725
1.680740
1.680795
1.680627
1.680264
1.680112
1.680212
1.680254
1.680137
1.680023
1.680076
1.680173
1.680237
1.680205
1.680037
1.679765
1.679523
1.679527
1.679678
1.679584
1.679494
1.679544
1.679494
1.679594
1.679685
1.679776
1.679881
1.679981
1.680008
1.680083
1.680231
1.680319
1.680386
1.680452
1.680337
1.680145
1.680119
1.680284
1.680311
1.680261
1.680341
1.680316
1.680423
1.680518
1.680475
1.680463
1.680640
1.680629
1.680636
1.680692
1.680872
1.680950
1.680976
1.681077
1.681142
1.681208
