1.60533
1.60544
2.10546
2.60551
3.10556
3.60697
4.12406
4.60568
5.10652
5.63065
6.10652
6.60671
7.12212
7.62505
8.11154
8.60717
9.12356
9.62688
10.108
10.608
11.1204
11.6337
12.1067
12.6068
13.1055
13.6349
14.121
14.6064
15.1064
15.638
16.1054
16.6074
17.1195
17.6289
18.1152
18.6099
19.1265
19.6302
20.1064
20.6057
21.1068
21.6298
22.1185
22.6444
23.1069
23.6297
24.1191
24.6061
25.1291
25.6247
26.1198
26.6056
27.1069
27.6341
28.1196
28.6071
29.1069
29.6257
30.1207
30.607
31.1174
31.6317
32.1204
32.6062
33.1068
33.6394
34.1199
34.671
35.1065
35.6377
36.1065
36.6075
37.1177
37.6233
38.1067
38.646
39.1172
39.6268
40.1062
40.6093
41.1192
41.6373
42.1068
42.6084
43.125
43.6302
44.1065
44.6092
45.1205
45.6307
46.1075
46.6082
47.1203
47.6387
48.1071
48.608
49.1077
49.6827
50.1201
50.607
51.1177
51.6453
52.1176
52.6098
53.1064
53.6532
54.1241
54.6067
55.1065
55.6462
56.1101
56.6088
57.1073
57.6419
58.1065
58.607
59.107
59.638
60.1089
60.6096
61.11
61.6402
62.1278
62.6118
63.109
63.6365
64.1204
64.6097
65.1102
65.6379
66.1288
66.6096
67.109
67.6692
68.1331
68.6187
69.114
69.6619
70.1308
70.6137
71.1315
71.639
72.118
72.6185
73.1177
73.6511
74.179
74.6188
75.1176
75.7165
76.1217
76.6531
77.1379
77.6551
78.142
78.6227
79.1803
79.6785
80.1377
80.6225
81.1213
81.6579
82.1225
82.624
83.1812
83.698
84.1536
84.6226
85.1342
85.6605
86.1208
86.6813
87.1393
87.6563
88.1223
88.6252
89.1198
89.6541
90.2124
90.637
91.1816
91.7097
92.122
92.6233
93.1688
93.6688
94.1385
94.6226
95.1229
95.6862
96.1415
96.6259
97.1424
97.6529
98.1228
98.6247
99.1388
99.6438
100.123
100.628
101.141
101.648
102.13
102.625
103.123
103.645
104.139
104.624
105.122
105.649
106.138
106.623
107.123
107.639
108.14
108.622
109.122
109.644
110.139
110.623
111.138
111.655
112.124
112.623
113.123
113.661
114.139
114.66
115.122
115.658
116.122
116.624
117.149
117.705
118.15
118.623
119.129
119.651
120.135
120.645
121.139
121.642
122.122
122.626
123.14
123.643
124.122
124.624
125.138
125.639
126.123
126.681
127.139
127.642
128.137
128.642
129.123
129.654
130.169
130.622
131.122
131.65
132.122
132.626
133.169
133.672
134.138
134.625
135.125
135.643
136.125
136.625
137.14
137.681
138.184
138.624
139.123
139.658
140.162
140.624
141.122
141.675
142.141
142.625
143.123
143.658
144.122
144.627
145.14
145.659
146.124
146.623
147.122
147.666
148.122
148.625
149.143
149.662
150.128
150.623
151.135
151.702
152.125
152.627
153.14
153.733
154.122
154.627
155.122
155.659
156.141
156.629
157.125
157.652
158.126
158.696
159.141
159.692
160.141
160.627
161.126
161.66
162.122
162.627
163.14
163.661
164.123
164.625
165.14
165.661
166.14
166.671
167.142
167.656
168.125
168.625
169.152
169.644
170.181
170.626
171.14
171.648
172.139
172.623
173.123
173.664
174.15
174.623
175.122
175.65
176.122
176.626
177.142
177.652
178.123
178.626
179.123
179.664
180.138
180.636
181.124
181.693
182.14
182.623
183.128
183.647
184.138
184.624
185.126
185.646
186.136
186.623
187.138
187.646
188.122
188.655
189.124
189.648
190.142
190.622
191.126
191.651
192.144
192.634
193.123
193.654
194.143
194.632
195.123
195.655
196.123
196.624
197.123
197.652
198.14
198.652
199.125
199.659
200.142
200.63
201.151
201.647
202.126
202.626
203.125
203.64
204.142
204.626
205.122
205.675
206.142
206.626
207.125
207.65
208.14
208.684
209.142
209.651
210.126
210.629
211.144
211.649
212.124
212.627
213.141
213.657
214.14
214.625
215.141
215.655
216.131
216.624
217.149
217.649
218.125
218.629
219.14
219.687
220.145
220.623
221.126
221.714
222.14
222.653
223.169
223.694
224.128
224.627
225.172
225.666
226.171
226.622
227.123
227.651
228.122
228.626
229.129
229.663
230.141
230.666
231.123
231.659
232.143
232.665
233.141
233.675
234.142
234.626
235.124
235.672
236.141
236.631
237.141
237.666
238.122
238.625
239.14
239.659
240.132
240.735
241.194
241.673
242.143
242.733
243.124
243.666
244.142
244.624
245.124
245.708
246.253
246.63
247.12
247.675
248.144
248.624
249.134
249.673
250.141
250.624
251.206
251.672
252.14
252.623
253.121
253.659
254.136
254.627
255.123
255.694
256.139
256.642
257.125
257.657
258.139
258.674
259.123
259.702
260.124
260.624
261.138
261.666
262.122
262.672
263.145
263.701
264.182
264.625
265.124
265.68
266.138
266.635
267.144
267.673
268.177
268.633
269.152
269.72
270.145
270.705
271.136
271.678
272.143
272.72
273.125
273.676
274.143
274.694
275.145
275.734
276.146
276.624
277.14
277.676
278.199
278.628
279.138
279.673
280.143
280.629
281.142
281.672
282.182
282.666
283.132
283.726
284.124
284.627
285.142
285.75
286.123
286.628
287.145
287.689
288.145
288.625
289.124
289.684
290.141
290.627
291.125
291.715
292.145
292.647
293.132
293.656
294.18
294.631
295.141
295.654
296.127
296.628
297.139
297.707
298.137
298.628
299.124
299.652
300.144
300.624
301.124
301.652
302.127
302.629
303.124
303.654
304.121
304.627
305.157
305.662
306.123
306.63
307.121
307.686
308.182
308.641
309.191
309.754
310.13
310.626
311.213
311.679
312.143
312.677
313.151
313.673
314.122
314.7
315.134
315.672
316.156
316.626
317.146
317.687
318.144
318.628
319.124
319.656
320.121
320.625
321.146
321.667
322.15
322.628
323.141
323.656
324.124
324.656
325.144
325.652
326.13
326.657
327.144
327.652
328.125
328.627
329.144
329.654
330.125
330.634
331.121
331.671
332.146
332.636
333.121
333.672
334.15
334.624
335.128
335.672
336.129
336.628
337.127
337.67
338.146
338.627
339.121
339.661
340.123
340.634
341.146
341.662
342.123
342.627
343.177
343.694
344.181
344.626
345.139
345.677
346.129
346.625
347.14
347.66
348.132
348.635
349.153
349.663
350.129
350.624
351.144
351.666
352.124
352.654
353.124
353.666
354.141
354.626
355.124
355.661
356.147
356.632
357.133
357.708
358.146
358.632
359.128
359.662
360.154
360.63
361.124
361.659
362.143
362.628
363.125
363.657
364.148
364.637
365.121
365.809
366.166
366.635
367.126
367.735
368.149
368.637
369.142
369.674
370.204
370.627
371.142
371.732
372.146
372.627
373.121
373.73
374.143
374.68
375.165
375.686
376.146
376.67
377.142
377.668
378.127
378.627
379.125
379.658
380.123
380.653
381.142
381.657
382.142
382.649
383.13
383.729
384.142
384.625
385.128
385.675
386.144
386.658
387.147
387.717
388.146
388.626
389.145
389.666
390.141
390.689
391.166
391.737
392.171
392.666
393.138
393.748
394.141
394.632
395.202
395.658
396.14
396.662
397.146
397.66
398.138
398.654
399.124
399.657
400.124
400.661
401.122
401.664
402.142
402.664
403.121
403.666
404.142
404.629
405.121
405.655
406.146
406.63
407.125
407.654
408.141
408.627
409.124
409.649
410.126
410.628
411.14
411.702
412.138
412.64
413.14
413.652
414.142
414.626
415.129
415.651
416.173
416.627
417.148
417.657
418.131
418.629
419.127
419.705
420.123
420.626
421.121
421.706
422.142
422.627
423.12
423.652
424.122
424.626
425.144
425.642
426.121
426.634
427.145
427.71
428.139
428.627
429.127
429.7
430.145
430.635
431.121
431.661
432.14
432.634
433.138
433.665
434.194
434.63
435.194
435.653
436.141
436.674
437.132
437.66
438.121
438.684
439.146
439.654
440.178
440.624
441.128
441.667
442.149
442.626
443.147
443.665
444.124
444.625
445.198
445.703
446.231
446.671
447.169
447.704
448.212
448.667
449.138
449.673
450.141
450.628
451.123
451.674
452.145
452.625
453.122
453.763
454.193
454.683
455.2
455.73
456.232
456.694
457.137
457.671
458.191
458.628
459.177
459.675
460.148
460.631
461.148
461.667
462.124
462.629
463.146
463.657
464.128
464.644
465.146
465.652
466.191
466.651
467.143
467.646
468.151
468.628
469.18
469.648
470.149
470.628
471.127
471.731
472.13
472.627
473.167
473.658
474.149
474.706
475.151
475.68
476.161
476.686
477.169
477.703
478.137
478.625
479.201
479.652
480.152
480.625
481.129
481.654
482.143
482.629
483.123
483.653
484.151
484.651
485.129
485.654
486.183
486.634
487.122
487.653
488.149
488.662
489.121
489.655
490.128
490.677
491.149
491.667
492.123
492.636
493.126
493.656
494.216
494.628
495.126
495.67
496.13
496.678
497.211
497.762
498.208
498.706
499.156
499.713
500.231
500.666
501.211
501.771
502.246
502.685
503.214
503.748
504.188
504.671
505.194
505.753
506.131
506.628
507.166
507.701
508.306
508.686
509.161
509.736
510.278
510.72
511.188
511.762
512.197
512.632
513.15
513.689
514.131
514.627
515.148
515.677
516.235
516.632
517.138
517.672
518.14
518.655
519.137
519.664
520.123
520.625
521.217
521.702
522.196
522.678
523.155
523.717
524.198
524.66
525.181
525.746
526.221
526.708
527.2
527.721
528.236
528.689
529.187
529.712
530.175
530.663
531.206
531.741
532.248
532.662
533.139
533.754
534.185
534.637
535.146
535.66
536.145
536.65
537.144
537.666
538.122
538.636
539.135
539.743
540.131
540.63
541.149
541.728
542.144
542.646
543.128
543.665
544.148
544.631
545.21
545.667
546.146
546.627
547.175
547.693
548.138
548.666
549.123
549.654
550.131
550.674
551.123
551.652
552.133
552.637
553.146
553.761
554.127
554.633
555.14
555.664
556.125
556.636
557.132
557.668
558.15
558.65
559.154
559.655
560.128
560.688
561.149
561.698
562.123
562.648
563.144
563.655
564.132
564.627
565.144
565.749
566.156
566.626
567.134
567.669
568.14
568.634
569.146
569.653
570.127
570.695
571.145
571.657
572.143
572.628
573.132
573.649
574.153
574.704
575.141
575.652
576.122
576.636
577.165
577.649
578.188
578.633
579.141
579.661
580.143
580.627
581.121
581.653
582.17
582.674
583.14
583.663
584.124
584.626
585.13
585.67
586.185
586.634
587.123
587.66
588.147
588.626
589.127
589.659
590.146
590.625
591.21
591.655
592.167
592.629
593.122
593.65
594.14
594.628
595.12
595.662
596.149
596.63
597.148
597.665
598.123
598.63
599.131
599.661
600.146
600.63
601.168
601.765
602.183
602.643
603.138
603.656
604.123
604.634
605.165
605.653
606.209
606.627
607.149
607.733
608.144
608.63
609.13
609.65
610.137
610.692
611.121
611.649
612.13
612.633
613.146
613.653
614.123
614.636
615.135
615.656
616.129
616.634
617.179
617.66
618.125
618.683
619.142
619.647
620.148
620.635
621.132
621.656
622.129
622.629
623.143
623.647
624.127
624.626
625.128
625.655
626.13
626.628
627.196
627.657
628.142
628.626
629.142
629.667
630.131
630.631
631.146
631.675
632.141
632.647
633.141
633.652
634.121
634.628
635.162
635.666
636.165
636.629
637.129
637.665
638.129
638.625
639.124
639.651
640.142
640.631
641.129
641.649
642.144
642.633
643.145
643.648
644.122
644.625
645.177
645.655
646.144
646.627
647.128
647.656
648.185
648.628
649.208
649.744
650.121
650.628
651.153
651.653
652.123
652.719
653.193
653.651
654.142
654.625
655.171
655.671
656.14
656.625
657.12
657.659
658.131
658.628
659.129
659.665
660.148
660.625
661.127
661.651
662.142
662.735
663.123
663.665
664.154
664.629
665.146
665.743
666.238
666.726
667.161
667.737
668.238
668.626
669.141
669.717
670.233
670.627
671.126
671.671
672.146
672.707
673.189
673.778
674.261
674.632
675.121
675.736
676.247
676.624
677.125
677.732
678.152
678.692
679.17
679.675
680.146
680.7
681.143
681.737
682.21
682.626
683.152
683.764
684.122
684.707
685.192
685.713
686.122
686.63
687.167
687.792
688.129
688.626
689.221
689.747
690.268
690.735
691.148
691.732
692.227
692.745
693.244
693.763
694.256
694.709
695.205
695.787
696.272
696.66
697.219
697.743
698.129
698.629
699.125
699.677
700.146
700.667
701.168
701.679
702.126
702.63
703.141
703.715
704.393
704.78
705.122
705.757
706.264
706.633
707.128
707.786
708.267
708.633
709.124
709.723
710.202
710.726
711.234
711.704
712.212
712.66
713.175
713.667
714.122
714.708
715.126
715.691
716.161
716.625
717.126
717.665
718.125
718.661
719.148
719.725
720.146
720.63
721.127
721.765
722.121
722.652
723.137
723.657
724.122
724.626
725.14
725.648
726.127
726.63
727.146
727.734
728.148
728.626
729.122
729.731
730.155
730.648
731.149
731.7
732.144
732.66
733.124
733.74
734.126
734.63
735.144
735.654
736.132
736.626
737.142
737.659
738.123
738.626
739.17
739.657
740.132
740.678
741.122
741.655
742.124
742.629
743.151
743.65
744.122
744.642
745.143
745.649
746.14
746.628
747.124
747.658
748.144
748.626
749.125
749.721
750.15
750.632
751.139
751.654
752.124
752.695
753.15
753.65
754.121
754.63
755.123
755.743
756.132
756.628
757.143
757.658
758.122
758.629
759.224
759.669
760.132
760.708
761.215
761.74
762.215
762.636
763.124
763.686
764.161
764.626
765.122
765.655
766.128
766.629
767.142
767.651
768.132
768.626
769.127
769.652
770.138
770.624
771.126
771.65
772.142
772.655
773.143
773.643
774.127
774.681
775.15
775.677
776.144
776.626
777.124
777.655
778.199
778.677
779.189
779.718
780.217
780.677
781.188
781.655
782.142
782.692
783.216
783.733
784.134
784.634
785.149
785.652
786.124
786.629
787.135
787.649
788.124
788.634
789.146
789.678
790.137
790.634
791.129
791.654
792.138
792.628
793.13
793.662
794.156
794.738
795.125
795.734
796.144
796.673
797.124
797.772
798.128
798.671
799.215
799.736
800.224
800.669
801.141
801.67
802.216
802.693
803.177
803.666
804.121
804.631
805.144
805.657
806.134
806.628
807.164
807.666
808.143
808.632
809.133
809.671
810.133
810.677
811.129
811.659
812.144
812.629
813.143
813.651
814.144
814.634
815.126
815.657
816.144
816.637
817.145
817.659
818.127
818.724
819.122
819.697
820.174
820.626
821.177
821.686
822.15
822.665
823.147
823.659
824.125
824.628
825.146
825.71
826.199
826.7
827.161
827.708
828.201
828.696
829.208
829.705
830.202
830.634
831.143
831.764
832.126
832.702
833.14
833.669
834.15
834.7
835.138
835.681
836.13
836.633
837.181
837.649
838.126
838.629
839.143
839.654
840.145
840.627
841.163
841.732
842.15
842.628
843.129
843.658
844.143
844.627
845.176
845.703
846.128
846.628
847.167
847.725
848.13
848.627
849.161
849.822
850.232
850.668
851.22
851.706
852.207
852.705
853.121
853.671
854.149
854.664
855.167
855.665
856.14
856.636
857.123
857.667
858.12
858.635
859.151
859.661
860.145
860.629
861.176
861.778
862.122
862.632
863.148
863.657
864.124
864.627
865.131
865.648
866.148
866.626
867.147
867.661
868.129
868.705
869.142
869.75
870.257
870.638
871.152
871.669
872.148
872.666
873.143
873.669
874.126
874.707
875.144
875.692
876.171
876.636
877.133
877.663
878.15
878.63
879.129
879.696
880.144
880.627
881.149
881.665
882.123
882.635
883.122
883.732
884.145
884.636
885.134
885.661
886.156
886.629
887.124
887.662
888.194
888.627
889.14
889.656
890.123
890.647
891.141
891.656
892.184
892.63
893.134
893.668
894.146
894.719
895.145
895.668
896.127
896.725
897.139
897.658
898.14
898.662
899.121
899.763
900.129
900.634
901.145
901.701
902.143
902.634
903.123
903.66
904.134
904.634
905.147
905.653
906.123
906.63
907.152
907.645
908.13
908.625
909.149
909.649
910.122
910.627
911.139
911.655
912.129
912.628
913.121
913.668
914.128
914.671
915.175
915.739
916.224
916.636
917.208
917.664
918.144
918.644
919.121
919.65
920.145
920.627
921.125
921.686
922.139
922.635
923.127
923.661
924.14
924.628
925.127
925.64
926.141
926.632
927.173
927.679
928.146
928.63
929.121
929.65
930.141
930.627
931.15
931.65
932.145
932.624
933.163
933.646
934.12
934.627
935.145
935.66
936.122
936.627
937.125
937.652
938.145
938.625
939.128
939.648
940.126
940.628
941.145
941.645
942.128
942.628
943.133
943.652
944.185
944.634
945.121
945.661
946.126
946.631
947.152
947.663
948.122
948.631
949.142
949.699
950.126
950.665
951.129
951.688
952.126
952.633
953.12
953.653
954.146
954.626
955.158
955.673
956.164
956.649
957.17
957.711
958.139
958.638
959.21
959.652
960.122
960.665
961.149
961.659
962.123
962.674
963.14
963.676
964.142
964.632
965.127
965.655
966.141
966.644
967.12
967.649
968.139
968.626
969.13
969.7
970.138
970.66
971.147
971.749
972.186
972.685
973.148
973.655
974.131
974.628
975.134
975.7
976.121
976.671
977.143
977.652
978.126
978.636
979.139
979.653
980.12
980.632
981.142
981.658
982.126
982.642
983.142
983.644
984.123
984.628
985.181
985.649
986.123
986.654
987.145
987.715
988.149
988.627
989.121
989.656
990.123
990.709
991.138
991.658
992.121
992.63
993.137
993.754
994.132
994.635
995.127
995.654
996.132
996.631
997.143
997.749
998.123
998.626
999.171
999.651
1000.14
1000.63
1001.14
1001.65
1002.12
1002.63
1003.14
1003.71
1004.15
1004.63
1005.13
1005.74
1006.13
1006.64
1007.14
1007.66
1008.12
1008.66
1009.16
1009.66
1010.14
1010.63
1011.12
1011.7
1012.15
1012.63
1013.12
1013.66
1014.14
1014.63
1015.14
1015.66
1016.15
1016.63
1017.13
1017.66
1018.12
1018.64
1019.14
1019.66
1020.19
1020.63
1021.14
1021.66
1022.13
1022.63
1023.14
1023.66
1024.17
1024.63
1025.13
1025.67
1026.14
1026.63
1027.13
1027.68
1028.17
1028.65
1029.14
1029.67
1030.13
1030.63
1031.13
1031.75
1032.13
1032.64
1033.14
1033.66
1034.13
1034.63
1035.13
1035.65
1036.14
1036.65
1037.12
1037.67
1038.27
1038.63
1039.13
1039.66
1040.14
1040.63
1041.13
1041.66
1042.15
1042.62
1043.14
1043.66
1044.13
1044.62
1045.14
1045.66
1046.13
1046.67
1047.13
1047.67
1048.23
1048.69
1049.12
1049.67
1050.21
1050.63
1051.14
1051.66
1052.15
1052.65
1053.15
1053.75
1054.13
1054.63
1055.15
1055.66
1056.13
1056.63
1057.17
1057.67
1058.15
1058.67
1059.18
1059.71
1060.15
1060.63
1061.12
1061.66
1062.13
1062.7
1063.13
1063.65
1064.15
1064.64
1065.15
1065.65
1066.13
1066.63
1067.13
1067.64
1068.13
1068.74
1069.13
1069.65
1070.15
1070.63
1071.13
1071.65
1072.13
1072.67
1073.12
1073.68
1074.13
1074.69
1075.13
1075.65
1076.15
1076.63
1077.13
1077.66
1078.2
1078.63
1079.12
1079.66
1080.12
1080.63
1081.13
1081.66
1082.15
1082.63
1083.12
1083.66
1084.12
1084.66
1085.18
1085.66
1086.2
1086.66
1087.15
1087.71
1088.14
1088.63
1089.13
1089.65
1090.13
1090.64
1091.14
1091.7
1092.15
1092.65
1093.14
1093.66
1094.16
1094.64
1095.14
1095.66
1096.12
1096.63
1097.17
1097.72
1098.25
1098.68
1099.2
1099.75
1100.2
1100.7
1101.15
1101.71
1102.19
1102.63
1103.21
1103.66
1104.14
1104.65
1105.12
1105.66
1106.14
1106.66
1107.13
1107.66
1108.13
1108.64
1109.15
1109.65
1110.2
1110.63
1111.2
1111.75
1112.13
1112.66
1113.13
1113.66
1114.15
1114.63
1115.13
1115.67
1116.14
1116.63
1117.13
1117.67
1118.28
1118.72
1119.23
1119.7
1120.24
1120.73
1121.18
1121.66
1122.12
1122.64
1123.15
1123.71
1124.24
1124.69
1125.12
1125.81
1126.27
1126.74
1127.2
1127.74
1128.28
1128.75
1129.21
1129.72
1130.29
1130.73
1131.19
1131.78
1132.24
1132.7
1133.25
1133.75
1134.3
1134.74
1135.19
1135.69
1136.14
1136.63
1137.3
1137.79
1138.22
1138.73
1139.13
1139.67
1140.19
1140.63
1141.12
1141.77
1142.28
1142.65
1143.23
1143.67
1144.14
1144.64
1145.13
1145.68
1146.14
1146.63
1147.12
1147.67
1148.12
1148.64
1149.14
1149.72
1150.14
1150.63
1151.12
1151.67
1152.14
1152.63
1153.14
1153.65
1154.14
1154.64
1155.12
1155.65
1156.14
1156.63
1157.12
1157.65
1158.17
1158.63
1159.12
1159.66
1160.17
1160.63
1161.13
1161.74
1162.22
1162.63
1163.12
1163.67
1164.14
1164.63
1165.12
1165.66
1166.14
1166.62
1167.12
1167.65
1168.13
1168.63
1169.14
1169.65
1170.14
1170.66
1171.12
1171.65
1172.14
1172.63
1173.12
1173.65
1174.14
1174.63
1175.16
1175.66
1176.13
1176.63
1177.2
1177.73
1178.14
1178.63
1179.13
1179.65
1180.14
1180.63
1181.12
1181.66
1182.14
1182.64
1183.14
1183.66
1184.14
1184.63
1185.12
1185.65
1186.14
1186.63
1187.13
1187.65
1188.15
1188.63
1189.13
1189.64
1190.21
1190.63
1191.13
1191.65
1192.13
1192.63
1193.14
1193.64
1194.13
1194.63
1195.13
1195.65
1196.14
1196.73
1197.15
1197.66
1198.13
1198.63
1199.15
1199.77
1200.13
1200.63
1201.14
1201.65
1202.19
1202.63
1203.15
1203.74
1204.14
1204.63
1205.13
1205.7
1206.14
1206.63
1207.15
1207.65
1208.13
1208.73
1209.14
1209.66
1210.22
1210.63
1211.14
1211.7
1212.19
1212.65
1213.13
1213.78
1214.28
1214.8
1215.16
1215.85
1216.28
1216.77
1217.22
1217.71
1218.26
1218.71
1219.16
1219.69
1220.15
1220.67
1221.14
1221.68
1222.14
1222.63
1223.13
1223.72
1224.12
1224.63
1225.13
1225.73
1226.14
1226.63
1227.13
1227.73
1228.18
1228.63
1229.15
1229.65
1230.13
1230.62
1231.15
1231.65
1232.2
1232.63
1233.15
1233.66
1234.13
1234.63
1235.15
1235.65
1236.14
1236.63
1237.12
1237.65
1238.13
1238.63
1239.14
1239.65
1240.15
1240.62
1241.13
1241.66
1242.12
1242.63
1243.16
1243.67
1244.19
1244.63
1245.21
1245.68
1246.21
1246.63
1247.13
1247.7
1248.14
1248.62
1249.14
1249.66
1250.12
1250.69
1251.15
1251.66
1252.13
1252.63
1253.13
1253.67
1254.14
1254.63
1255.13
1255.66
1256.13
1256.72
1257.14
1257.66
1258.12
1258.64
1259.16
1259.67
1260.15
1260.63
1261.16
1261.74
1262.21
1262.67
1263.23
1263.74
1264.22
1264.68
1265.17
1265.72
1266.18
1266.71
1267.19
1267.7
1268.2
1268.63
1269.23
1269.68
1270.14
1270.63
1271.13
1271.7
1272.13
1272.66
1273.14
1273.68
1274.15
1274.69
1275.12
1275.73
1276.13
1276.62
1277.14
1277.66
1278.18
1278.63
1279.14
1279.66
1280.13
1280.68
1281.15
1281.66
1282.13
1282.66
1283.13
1283.7
1284.13
1284.62
1285.23
1285.74
1286.23
1286.69
1287.17
1287.72
1288.22
1288.7
1289.19
1289.73
1290.25
1290.65
1291.19
1291.7
1292.17
1292.7
1293.2
1293.72
1294.24
1294.68
1295.21
1295.75
1296.18
1296.63
1297.12
1297.73
1298.19
1298.79
1299.13
1299.67
1300.12
1300.63
1301.15
1301.66
1302.13
1302.63
1303.13
1303.68
1304.15
1304.62
1305.14
1305.65
1306.15
1306.65
1307.13
1307.66
1308.15
1308.63
1309.12
1309.7
1310.15
1310.63
1311.13
1311.65
1312.14
1312.63
1313.13
1313.65
1314.15
1314.63
1315.13
1315.65
1316.14
1316.65
1317.17
1317.66
1318.14
1318.65
1319.12
1319.65
1320.14
1320.63
1321.13
1321.65
1322.16
1322.63
1323.13
1323.7
1324.15
1324.63
1325.13
1325.66
1326.14
1326.68
1327.14
1327.65
1328.12
1328.63
1329.12
1329.66
1330.2
1330.63
1331.15
1331.66
1332.13
1332.63
1333.13
1333.66
1334.13
1334.63
1335.14
1335.66
1336.15
1336.63
1337.12
1337.65
1338.14
1338.63
1339.13
1339.65
1340.15
1340.62
1341.13
1341.65
1342.15
1342.65
1343.13
1343.65
1344.13
1344.63
1345.14
1345.67
1346.14
1346.63
1347.12
1347.71
1348.14
1348.65
1349.12
1349.65
1350.15
1350.62
1351.17
1351.65
1352.14
1352.63
1353.13
1353.67
1354.14
1354.64
1355.12
1355.66
1356.17
1356.63
1357.13
1357.65
1358.14
1358.62
1359.13
1359.65
1360.14
1360.62
1361.2
1361.66
1362.17
1362.63
1363.15
1363.67
1364.14
1364.62
1365.13
1365.71
1366.16
1366.64
1367.19
1367.66
1368.15
1368.63
1369.13
1369.66
1370.14
1370.65
1371.13
1371.66
1372.14
1372.63
1373.14
1373.65
1374.16
1374.63
1375.15
1375.64
1376.13
1376.63
1377.14
1377.64
1378.19
1378.64
1379.14
1379.71
1380.14
1380.63
1381.13
1381.64
1382.14
1382.63
1383.12
1383.65
1384.16
1384.63
1385.13
1385.65
1386.15
1386.64
1387.15
1387.64
1388.12
1388.63
1389.16
1389.65
1390.15
1390.63
1391.13
1391.65
1392.14
1392.65
1393.13
1393.64
1394.15
1394.64
1395.13
1395.65
1396.15
1396.68
1397.14
1397.65
1398.17
1398.66
1399.13
1399.66
1400.14
1400.65
1401.13
1401.65
1402.14
1402.64
1403.13
1403.66
1404.14
1404.63
1405.14
1405.66
1406.14
1406.63
1407.13
1407.65
1408.15
1408.63
1409.13
1409.65
1410.18
1410.63
1411.14
1411.66
1412.13
1412.63
1413.12
1413.66
1414.14
1414.64
1415.14
1415.69
1416.14
1416.64
1417.14
1417.64
1418.12
1418.63
1419.12
1419.66
1420.14
1420.63
1421.13
1421.65
1422.14
1422.65
1423.14
1423.66
1424.18
1424.64
1425.16
1425.65
1426.14
1426.64
1427.13
1427.65
1428.18
1428.63
1429.13
1429.66
1430.14
1430.63
1431.13
1431.66
1432.15
1432.67
1433.12
1433.66
1434.14
1434.63
1435.13
1435.65
1436.15
1436.66
1437.15
1437.66
1438.17
1438.64
1439.13
1439.65
1440.13
1440.64
1441.14
1441.65
1442.14
1442.63
1443.13
1443.65
1444.13
1444.67
1445.13
1445.68
1446.14
1446.62
1447.12
1447.66
1448.15
1448.68
1449.13
1449.67
1450.15
1450.63
1451.13
1451.65
1452.15
1452.63
1453.13
1453.65
1454.13
1454.71
1455.14
1455.65
1456.19
1456.63
1457.13
1457.65
1458.14
1458.63
1459.14
1459.67
1460.14
1460.63
1461.13
1461.66
1462.14
1462.63
1463.13
1463.66
1464.17
1464.63
1465.13
1465.66
1466.14
1466.63
1467.13
1467.65
1468.14
1468.63
1469.12
1469.66
1470.15
1470.63
1471.13
1471.68
1472.14
1472.63
1473.18
1473.67
1474.12
1474.63
1475.14
1475.64
1476.13
1476.63
1477.14
1477.65
1478.15
1478.63
1479.13
1479.72
1480.14
1480.64
1481.13
1481.65
1482.14
1482.63
1483.12
1483.65
1484.14
1484.63
1485.12
1485.66
1486.14
1486.63
1487.12
1487.66
1488.15
1488.62
1489.13
1489.65
1490.2
1490.63
1491.14
1491.65
1492.13
1492.7
1493.13
1493.65
1494.13
1494.63
1495.13
1495.64
1496.14
1496.64
1497.13
1497.64
1498.14
1498.63
1499.13
1499.65
1500.14
1500.63
1501.12
1501.67
1502.15
1502.63
1503.12
1503.65
1504.2
1504.62
1505.12
1505.65
1506.17
1506.63
1507.13
1507.73
1508.14
1508.63
1509.16
