0.000000
0.000000
0.000000
0.000000
0.002000
68.509000
83.560000
99.063000
117.215000
152.692000
172.216000
202.131000
218.625000
221.796000
228.007000
237.749000
253.507000
273.423000
305.192000
354.953000
378.627000
390.549000
400.078000
411.388000
432.545000
470.135000
511.684000
549.941000
591.502000
665.993000
697.874000
742.295000
756.971000
764.931000
770.124000
787.743000
815.670000
839.233000
869.175000
894.851000
924.785000
933.295000
944.766000
978.604000
1030.151000
1103.318000
1151.495000
1168.924000
1191.697000
1203.600000
1205.913000
1211.396000
1231.766000
1240.389000
1264.520000
1276.768000
1286.290000
1298.895000
1313.099000
1323.764000
1354.841000
1388.098000
1426.654000
1444.388000
1462.110000
1488.667000
1516.902000
1546.382000
1573.428000
1586.531000
1603.932000
1614.916000
1629.308000
1658.925000
1698.859000
1706.683000
1709.136000
1710.962000
1713.472000
1717.155000
1730.640000
1740.624000
1750.023000
1754.791000
1766.638000
1785.656000
1802.919000
1814.829000
1823.458000
1829.689000
1837.760000
1848.292000
1863.853000
1879.861000
1905.950000
1933.886000
1961.222000
1988.524000
2023.100000
2055.174000
2084.293000
2121.061000
2173.966000
2205.307000
2220.899000
2230.061000
2273.023000
2303.094000
2344.053000
2386.815000
2421.728000
2464.179000
2505.171000
2527.423000
2553.978000
2579.966000
2608.416000
2665.383000
2712.757000
2747.063000
2767.859000
2778.037000
2787.488000
2794.329000
2804.014000
2814.518000
2826.014000
2838.160000
2863.817000
2903.376000
2942.155000
2963.879000
2995.549000
3015.699000
3036.391000
3056.241000
3081.988000
3103.615000
3139.741000
3162.429000
3209.229000
3233.980000
3267.200000
3292.419000
3327.518000
3354.165000
3392.598000
3437.994000
3469.937000
3495.242000
3515.738000
3536.939000
3551.367000
3557.314000
3566.479000
3571.546000
3584.694000
3589.592000
3592.753000
3604.893000
3605.098000
3609.755000
3611.771000
3615.061000
3617.521000
3618.968000
3624.163000
3646.195000
3684.862000
3702.404000
3716.847000
3723.474000
3733.644000
3739.862000
3742.651000
3751.056000
3760.322000
3764.611000
3765.148000
3765.411000
3765.664000
3765.664000
3765.747000
3766.225000
3768.466000
3771.624000
3777.877000
3781.918000
3786.937000
3792.160000
3835.490000
3856.372000
3887.155000
3919.283000
3950.437000
3964.661000
3978.780000
3983.350000
3990.213000
4001.263000
4013.228000
4022.927000
4039.594000
4057.027000
4077.275000
4095.503000
4113.405000
4118.756000
4120.278000
4121.714000
4126.032000
4127.801000
4140.904000
4142.181000
4148.159000
4150.919000
4153.663000
4156.314000
4157.457000
4158.496000
4160.892000
4163.499000
4169.007000
4177.658000
4203.363000
4230.328000
4248.167000
4263.556000
4285.899000
4308.766000
4328.569000
4350.398000
4372.139000
4385.394000
4398.869000
4407.640000
4450.916000
4506.368000
4548.979000
4584.550000
4602.472000
4610.193000
4620.270000
4629.398000
4639.049000
4644.035000
4652.305000
4656.933000
4659.366000
4660.823000
4671.869000
4675.592000
4682.708000
4683.456000
4683.966000
4684.516000
4685.193000
4692.284000
4701.521000
4703.845000
4707.818000
4713.681000
4719.241000
4724.498000
4737.991000
4764.043000
4773.575000
4780.657000
4783.814000
4789.971000
4797.881000
4808.515000
4822.057000
4829.836000
4837.386000
4839.058000
4853.953000
4868.329000
4880.577000
4888.799000
4893.364000
4899.347000
4906.089000
4911.685000
4922.838000
4929.378000
4933.069000
4948.215000
4971.245000
4982.567000
4994.778000
4999.205000
5006.508000
5017.336000
5042.977000
5078.979000
5103.130000
5117.820000
5123.309000
5124.737000
5128.816000
5134.338000
5143.892000
5157.313000
5165.058000
5168.318000
5174.882000
5186.871000
5200.038000
5217.549000
5231.510000
5235.936000
5240.086000
5246.948000
5255.296000
5263.012000
5268.045000
5269.374000
5271.881000
5276.396000
5284.250000
5292.240000
5307.897000
5316.307000
5322.771000
5334.118000
5339.700000
5350.587000
5373.953000
5389.252000
5406.227000
5432.088000
5473.529000
5496.531000
5511.466000
5516.963000
5523.834000
5529.232000
5540.884000
5553.207000
5575.743000
5591.615000
5595.876000
5605.905000
5609.783000
5612.819000
5618.005000
5624.583000
5627.375000
5629.217000
5635.300000
5647.813000
5665.322000
5674.230000
5680.161000
5704.442000
5742.923000
5769.221000
5792.136000
5803.140000
5808.430000
5820.559000
5846.542000
5866.806000
5897.342000
5916.866000
5919.686000
5921.613000
5930.806000
5932.011000
5933.691000
5934.815000
5935.228000
5937.733000
5938.177000
5938.873000
5939.442000
5944.313000
5959.712000
5964.116000
5970.928000
5975.953000
5985.542000
5999.208000
6020.374000
6044.649000
6064.317000
6085.121000
6104.432000
6120.672000
6131.123000
6144.826000
6157.990000
6174.886000
6200.634000
6221.070000
6249.890000
6280.794000
6304.633000
6313.495000
6323.659000
6333.131000
6360.320000
6369.018000
6385.381000
6403.974000
6417.816000
6434.497000
6449.382000
6453.205000
6453.589000
6453.740000
6454.180000
6454.729000
6455.616000
6455.794000
6457.487000
6457.584000
6459.307000
6461.280000
6463.627000
6470.644000
6475.847000
6477.106000
6477.831000
6479.086000
6480.324000
6480.617000
6480.721000
6480.782000
6484.045000
6484.901000
6485.224000
6485.690000
6485.811000
6486.637000
6506.626000
6524.800000
6547.073000
6554.111000
6568.895000
6587.372000
6590.446000
6591.489000
6593.538000
6593.869000
6593.989000
6594.333000
6594.519000
6597.171000
6601.367000
6623.068000
6625.775000
6635.754000
6643.007000
6646.208000
6651.286000
6653.879000
6662.855000
6673.050000
6680.586000
6692.555000
6699.664000
6704.863000
6719.873000
6731.039000
6748.262000
6750.643000
6754.817000
6768.873000
6798.529000
6822.487000
6843.714000
6863.513000
6880.575000
6901.665000
6920.112000
6935.140000
6955.538000
6984.002000
7019.362000
7033.876000
7047.441000
7050.234000
7057.916000
7077.700000
7106.518000
7125.184000
7160.908000
7193.526000
7228.686000
7251.873000
7289.107000
7310.908000
7349.959000
7365.532000
7388.757000
7420.499000
7448.817000
7482.016000
7517.566000
7538.707000
7547.759000
7551.795000
7557.928000
7567.438000
7570.810000
7573.055000
7584.708000
7589.957000
7607.993000
7627.309000
7631.884000
7632.022000
7632.080000
7632.129000
7632.751000
7634.752000
7640.331000
7643.623000
7644.519000
7644.959000
7650.012000
7662.905000
7678.956000
7686.709000
7689.845000
7692.615000
7697.547000
7708.123000
7709.468000
7712.256000
7721.414000
7726.679000
7733.228000
7754.874000
7782.253000
7805.581000
7828.421000
7843.624000
7867.278000
7891.855000
7911.134000
7920.973000
7927.737000
7933.027000
7950.437000
7959.586000
7970.682000
7976.382000
7984.261000
7986.484000
7987.331000
7988.130000
7991.387000
7992.650000
7994.707000
7996.238000
8000.937000
8002.214000
8002.867000
8005.348000
8012.685000
8018.917000
8028.212000
8043.495000
8056.830000
8068.129000
8076.757000
8083.124000
8095.248000
8102.007000
8108.533000
8114.584000
8123.328000
8128.959000
8137.176000
8152.924000
8172.436000
8181.112000
8197.694000
8201.707000
8203.039000
8205.524000
8208.391000
8208.684000
8208.736000
8208.777000
8208.844000
8208.862000
8208.867000
8209.056000
8209.576000
8212.241000
8213.942000
8214.011000
8214.437000
8214.557000
8214.631000
8214.914000
8216.159000
8217.403000
8217.933000
8218.422000
8218.775000
8219.660000
8221.238000
8222.522000
8225.520000
8228.585000
8232.957000
8234.915000
8238.212000
8239.074000
8239.550000
8239.550000
8239.550000
8239.550000
8239.580000
8239.952000
8250.725000
8270.253000
8298.328000
8312.201000
8335.364000
8349.388000
8368.371000
8379.116000
8382.890000
8395.812000
8423.776000
8438.078000
8460.490000
8482.578000
8518.794000
8538.472000
8557.759000
8590.551000
8620.966000
8637.977000
8661.372000
8677.304000
8697.894000
8712.275000
8745.636000
8759.596000
8774.594000
8787.316000
8804.283000
8816.742000
8834.117000
8854.044000
8875.531000
8892.931000
8913.652000
8928.771000
8946.532000
8959.507000
8976.535000
8989.089000
9013.938000
9040.172000
9057.462000
9068.620000
9073.863000
9075.137000
9075.228000
9075.758000
9076.785000
9081.065000
9083.255000
9083.302000
9083.522000
9083.688000
9083.751000
9083.776000
9083.951000
9084.833000
9086.288000
9087.747000
9090.477000
9094.123000
9096.485000
9097.141000
9097.422000
9097.509000
9099.429000
9100.852000
9101.860000
9102.178000
9104.556000
9104.733000
9105.900000
9107.149000
9108.940000
9108.989000
9112.886000
9114.277000
9117.438000
9119.615000
9124.944000
9134.507000
9148.759000
9154.485000
9154.632000
9154.708000
9161.707000
9169.220000
9178.306000
9190.955000
9197.303000
9210.830000
9223.990000
9247.073000
9283.052000
9298.815000
9311.974000
9316.846000
9317.833000
9326.794000
9333.368000
9334.178000
9335.838000
9337.188000
9356.488000
9391.893000
9410.219000
9422.043000
9423.581000
9434.075000
9447.566000
9451.803000
9464.928000
9475.541000
9490.842000
9506.615000
9520.151000
9529.563000
9538.537000
9542.501000
9545.259000
9546.498000
9550.230000
9554.248000
9561.854000
9569.293000
9583.782000
9592.747000
9608.178000
9609.480000
9613.343000
9620.909000
9622.160000
9623.006000
9623.108000
9623.200000
9623.640000
9623.812000
9623.874000
9623.931000
9623.993000
9624.028000
9624.095000
9624.140000
9624.220000
9624.274000
9624.740000
9624.757000
9624.781000
9624.945000
9625.124000
9625.127000
9625.137000
9625.153000
9625.298000
9625.345000
9625.409000
9625.497000
9625.610000
9625.922000
9626.731000
9626.738000
9626.738000
9626.738000
9626.849000
9627.721000
9628.571000
9628.935000
9633.535000
9639.116000
9641.838000
9642.408000
9645.327000
9649.698000
9657.437000
9665.576000
9671.489000
9675.598000
9680.354000
9682.915000
9684.453000
9686.162000
9686.690000
9686.725000
9686.776000
9686.814000
9686.906000
9687.027000
9687.072000
9687.099000
9687.164000
9687.193000
9687.226000
9689.307000
9689.902000
9693.333000
9696.001000
9698.061000
9709.093000
9714.584000
9726.119000
9726.938000
9727.658000
9740.234000
9741.766000
9741.810000
9741.900000
9741.918000
9741.976000
9742.182000
9745.591000
9747.126000
9749.004000
9749.477000
9749.824000
9749.950000
9750.143000
9750.238000
9750.313000
9750.366000
9750.413000
9750.444000
9750.561000
9750.563000
9750.623000
9750.836000
9750.876000
9750.953000
9751.050000
9752.010000
9755.511000
9758.485000
9765.824000
9768.732000
9773.486000
9778.039000
9784.399000
9791.392000
9798.968000
9805.578000
9813.510000
9821.294000
9829.249000
9835.390000
9844.264000
9848.264000
9854.625000
9860.754000
9864.181000
9866.122000
9866.910000
9867.252000
9867.452000
9867.915000
9868.055000
9868.168000
9868.309000
9868.329000
9868.354000
9868.408000
9868.546000
9869.387000
9870.331000
9870.868000
9871.125000
9871.600000
9871.650000
9871.740000
9871.813000
9871.890000
9871.890000
9871.890000
9871.890000
9871.890000
9871.890000
9871.890000
9871.904000
9871.961000
9877.148000
9887.299000
9903.789000
9910.839000
9921.118000
9923.850000
9926.104000
9928.594000
9931.557000
9931.557000
9931.557000
9931.557000
9931.557000
9931.557000
9931.606000
9931.632000
9935.807000
9943.975000
9953.649000
9959.524000
9967.739000
9971.706000
9979.016000
9985.725000
9997.154000
10016.599000
10035.378000
10045.337000
10054.600000
10074.504000
10089.418000
10097.286000
10108.280000
10115.200000
10138.546000
10154.557000
10168.947000
10177.470000
10190.976000
10204.776000
10229.752000
10239.802000
10249.957000
10257.305000
10259.164000
10259.448000
10259.520000
10259.827000
10262.483000
10267.787000
10269.573000
10269.573000
10269.573000
10269.573000
10269.573000
10269.573000
10269.625000
10269.751000
10269.897000
10269.940000
10270.009000
10270.212000
10270.395000
10275.095000
10286.934000
10290.532000
10298.975000
10311.574000
10315.513000
10316.114000
10316.428000
10316.608000
10317.083000
10317.205000
10317.228000
10317.234000
10317.312000
10317.481000
10317.556000
10317.660000
10317.706000
10317.786000
10317.831000
10317.868000
10317.921000
10318.043000
10318.058000
10318.073000
10318.172000
10318.182000
10318.221000
10318.350000
10318.370000
10318.396000
10318.410000
10318.410000
10318.410000
10318.410000
10318.410000
10318.410000
10318.410000
10318.410000
10318.410000
10318.410000
10318.410000
10318.410000
10318.410000
10318.410000
10318.410000
10318.410000
10318.410000
10318.410000
10318.417000
10318.465000
10318.519000
10318.585000
10318.718000
10318.796000
10318.862000
10318.862000
10318.862000
10318.862000
10318.862000
10318.862000
10318.862000
10318.898000
10319.001000
10319.094000
10319.150000
10320.555000
10325.552000
10335.075000
10340.528000
10342.122000
10342.212000
10342.262000
10342.275000
10342.358000
10342.447000
10342.466000
10342.533000
10342.548000
10342.680000
10342.730000
10342.747000
10342.747000
10342.747000
10342.747000
10342.747000
10342.747000
10342.747000
10342.747000
10342.747000
10342.747000
10342.747000
10342.747000
10342.747000
10342.747000
10342.747000
10342.747000
10342.747000
10342.747000
10342.747000
10342.747000
10342.747000
10342.747000
10342.767000
10342.784000
10342.800000
10343.079000
10344.307000
10345.275000
10345.444000
10345.481000
10345.697000
10345.805000
10347.126000
10351.379000
10354.786000
10356.399000
10356.839000
10357.422000
10357.719000
10357.819000
10357.844000
10357.861000
10357.892000
10357.947000
10357.983000
10357.993000
10358.102000
10358.131000
10358.399000
10358.511000
10358.538000
10358.716000
10358.745000
10358.919000
10358.941000
10358.953000
10358.965000
10358.973000
10358.973000
10358.997000
10359.023000
10359.195000
10359.876000
10359.903000
10359.935000
10359.963000
10359.979000
10359.985000
10360.098000
10360.178000
10360.271000
10361.020000
10365.296000
10367.223000
10368.259000
10368.843000
10369.397000
10369.783000
10370.507000
10370.691000
10371.027000
10371.093000
10371.123000
10371.130000
10371.151000
10371.163000
10371.172000
10371.188000
10371.201000
10371.219000
10371.251000
10371.387000
10371.466000
10371.514000
10371.566000
10371.608000
10371.674000
10371.779000
10371.900000
10371.918000
10371.979000
10372.010000
10372.014000
10372.035000
10372.050000
10372.050000
10372.051000
10372.063000
10372.083000
10372.097000
10372.097000
10372.100000
10372.112000
10372.112000
10372.112000
10372.118000
10372.137000
10372.142000
10372.150000
10372.150000
10372.150000
10372.150000
10372.153000
10372.153000
10372.163000
10372.598000
10380.560000
10382.130000
10382.358000
10382.405000
10382.455000
10382.466000
10382.467000
10382.467000
10382.468000
10382.469000
10382.473000
10382.497000
10382.514000
10382.514000
10382.514000
10382.514000
10382.514000
10382.514000
10382.514000
10382.517000
10382.519000
10382.537000
10382.545000
10382.569000
10382.585000
10382.589000
10382.598000
10382.609000
10382.614000
10382.625000
10382.633000
10382.641000
10382.652000
10382.661000
10382.673000
10382.673000
10382.674000
10382.679000
10382.730000
10382.759000
10382.779000
10382.804000
10382.827000
10382.859000
10382.894000
10382.896000
10382.898000
10382.903000
10382.917000
10382.931000
10382.933000
10382.949000
10382.978000
10383.014000
10383.073000
10383.101000
10383.119000
10383.137000
10383.137000
10383.139000
10383.152000
10383.152000
10383.152000
10383.152000
10383.156000
10383.156000
10383.231000
10385.102000
10386.602000
10386.808000
10386.982000
10387.001000
10387.029000
10387.031000
10387.157000
10387.186000
10387.210000
10387.211000
10387.211000
10387.220000
10387.233000
10387.248000
10387.249000
10387.280000
10387.424000
10387.477000
10387.659000
10387.674000
10387.746000
10387.805000
10387.822000
10387.824000
10387.824000
10387.824000
10387.827000
10387.831000
10387.833000
10387.834000
10387.847000
10387.884000
10387.925000
10387.951000
10387.967000
10387.986000
10388.009000
10388.034000
10388.045000
10388.079000
10388.083000
10388.089000
10388.092000
10388.099000
10388.131000
10388.174000
10388.178000
10388.180000
10388.182000
10388.182000
10388.184000
10388.193000
10388.201000
10388.204000
10388.206000
10388.207000
10388.208000
10388.230000
10388.242000
10388.242000
10388.258000
10388.274000
10388.281000
10388.308000
10388.360000
10388.370000
10388.398000
10388.438000
10388.489000
10388.592000
10388.621000
10388.627000
10388.649000
10389.136000
10389.487000
10389.512000
10389.533000
10389.559000
10389.594000
10389.634000
10389.799000
10392.228000
10392.484000
10392.486000
10392.491000
10392.504000
10392.512000
10392.517000
10392.525000
10392.549000
10392.592000
10392.611000
10392.622000
10392.689000
10392.743000
10392.797000
10392.797000
10392.797000
10392.797000
10392.804000
10392.851000
10392.905000
10393.054000
10393.150000
10393.283000
10393.378000
10397.773000
10399.565000
10402.041000
10402.041000
10402.041000
10404.024000
10404.572000
10406.928000
10408.592000
10409.187000
10410.297000
10412.111000
10413.504000
10413.851000
10414.475000
10414.675000
10414.826000
10416.552000
10419.450000
10420.094000
10420.915000
10421.252000
10422.439000
10422.686000
10422.772000
10422.857000
10422.907000
10422.910000
10422.918000
10422.963000
10423.050000
10423.105000
10423.265000
10423.879000
10424.072000
10424.384000
10424.988000
10425.498000
10427.465000
10429.609000
10431.411000
10432.562000
10432.562000
10432.562000
10432.562000
10432.562000
10432.562000
10432.562000
10432.562000
10432.562000
10432.562000
10432.562000
10433.091000
10433.320000
10433.363000
10433.586000
10434.460000
10434.794000
10434.963000
10435.110000
10435.396000
10436.065000
10436.307000
10436.568000
10436.801000
10437.008000
10438.327000
10441.408000
10441.832000
10441.995000
10442.391000
10442.527000
10442.621000
10442.651000
10442.784000
10443.015000
10443.202000
10443.308000
10443.347000
10443.372000
10443.372000
10443.372000
10443.372000
10443.403000
10443.430000
10443.441000
10443.446000
10443.465000
10443.487000
10443.497000
10443.507000
10443.509000
10443.514000
10443.514000
10443.514000
10443.523000
10443.848000
10443.857000
10443.891000
10443.903000
10443.903000
10443.915000
10443.936000
10443.954000
10443.969000
10444.001000
10444.023000
10444.023000
10444.024000
10444.039000
10444.071000
10444.079000
10444.080000
10444.080000
10444.117000
10444.137000
10444.151000
10444.161000
10444.167000
10444.168000
10444.168000
10444.168000
10444.168000
10444.170000
10444.171000
10444.179000
10444.260000
10444.298000
10444.393000
10444.408000
10444.417000
10444.420000
10444.423000
10444.425000
10444.425000
10444.426000
10444.429000
10444.467000
10444.510000
10444.528000
10444.556000
10444.563000
10444.563000
10444.563000
10444.563000
10444.563000
10444.564000
10444.580000
10444.617000
10444.636000
10444.718000
10444.838000
10444.852000
10444.852000
10444.854000
10444.862000
10444.894000
10444.905000
10444.914000
10444.919000
10444.970000
10444.975000
10445.023000
10445.060000
10445.061000
10445.063000
10445.068000
10445.073000
10445.086000
10445.088000
10445.088000
10445.088000
10445.112000
10445.196000
10445.460000
10445.543000
10445.608000
10445.645000
10445.690000
10445.717000
10445.717000
10445.735000
10445.788000
10445.842000
10445.874000
10445.880000
10445.880000
10445.909000
10445.909000
10445.912000
10445.912000
10445.915000
10445.931000
10445.958000
10445.995000
10446.006000
10446.006000
10446.007000
10446.007000
10446.009000
10446.017000
10446.019000
10446.019000
10446.019000
10446.023000
10446.027000
10446.028000
10446.028000
10446.030000
10446.030000
10446.030000
10446.036000
10446.066000
10446.136000
10446.208000
10446.224000
10446.250000
10446.250000
10446.250000
10446.298000
10446.353000
10446.434000
10446.465000
10446.493000
10446.516000
10446.547000
10446.575000
10446.578000
10446.587000
10446.603000
10446.655000
10446.666000
10446.673000
10446.675000
10446.700000
10446.777000
10446.798000
10446.807000
10446.825000
10446.825000
10446.831000
10446.838000
10446.846000
10446.850000
10446.853000
10446.853000
10446.856000
10446.879000
10447.079000
10447.215000
10447.309000
10447.359000
10447.364000
10447.476000
10447.530000
10447.556000
10447.564000
10447.564000
10447.583000
10447.610000
10447.619000
10447.622000
10447.637000
10447.648000
10447.665000
10447.729000
10447.733000
10447.733000
10447.734000
10447.737000
10447.753000
10447.790000
10447.857000
10447.933000
10447.966000
10448.050000
10448.095000
10448.103000
10448.103000
10448.107000
10448.117000
10448.119000
10448.123000
10448.124000
10448.181000
10448.210000
10448.234000
10448.279000
10448.364000
10448.540000
10448.879000
10449.159000
10449.486000
10449.617000
10449.717000
10449.744000
10449.779000
10449.939000
10449.956000
10449.967000
10449.982000
10449.992000
10449.997000
10450.022000
10450.067000
10450.082000
10450.099000
10450.130000
10450.183000
10450.210000
10450.210000
10450.210000
10450.210000
10450.210000
10450.210000
10450.210000
10450.210000
10450.230000
10450.270000
10450.300000
10450.314000
10450.317000
10450.410000
10450.521000
10450.747000
10451.482000
10452.217000
10452.251000
10452.338000
10452.383000
10452.383000
10452.383000
10452.383000
10452.383000
10452.385000
10452.394000
10452.417000
10452.441000
10452.442000
10452.442000
10452.442000
10452.442000
10452.450000
10452.460000
10452.602000
10452.680000
10453.087000
10454.118000
10454.918000
10455.289000
10455.640000
10455.965000
10456.299000
10456.557000
10456.777000
10456.925000
10456.982000
10457.023000
10457.059000
10457.059000
10457.059000
10457.059000
10457.059000
10457.099000
10457.150000
10457.203000
10457.250000
10457.281000
10457.295000
10457.298000
10457.300000
10457.300000
10457.306000
10457.339000
10457.379000
10457.397000
10457.415000
10457.417000
10457.417000
10457.417000
10457.417000
10457.423000
10457.433000
10457.481000
10457.583000
10457.619000
10457.654000
10457.654000
10457.656000
10457.663000
10457.667000
10457.672000
10457.696000
10457.704000
10457.706000
10457.773000
10457.892000
10457.972000
10458.200000
10458.467000
10458.474000
10458.494000
10458.533000
10458.592000
10458.814000
10458.905000
10458.977000
10458.981000
10459.047000
10459.182000
10459.213000
10459.214000
10459.219000
10459.220000
10459.241000
10459.253000
10459.320000
10459.416000
10459.579000
10459.739000
10459.897000
10460.138000
10460.440000
10460.495000
10460.501000
10460.516000
10460.529000
10460.549000
10460.562000
10460.569000
10460.570000
10460.579000
10460.592000
10460.597000
10460.613000
10460.624000
10460.635000
10460.684000
10460.735000
10464.298000
10468.301000
10468.768000
10469.070000
10469.218000
10469.480000
10469.547000
10469.791000
10469.808000
10469.841000
10469.860000
10469.877000
10469.881000
10469.896000
10469.932000
10469.962000
10469.985000
10470.005000
10470.022000
10470.057000
10470.073000
10470.088000
10470.099000
10470.135000
10470.147000
10470.149000
10470.157000
10470.187000
10470.197000
10470.205000
10470.250000
10470.324000
10470.561000
10470.587000
10470.614000
10470.651000
10470.666000
10470.668000
10470.673000
10470.673000
10470.676000
10470.686000
10470.713000
10470.739000
10470.749000
10470.754000
10470.761000
10470.803000
10470.809000
10470.809000
10470.809000
10470.809000
10470.875000
10470.979000
10471.029000
10471.111000
10471.154000
10471.167000
10471.169000
10471.178000
10471.190000
10471.205000
10471.212000
10471.238000
10471.285000
10471.306000
10471.313000
10471.337000
10471.360000
10471.365000
10471.365000
10471.370000
10471.376000
10471.412000
10471.418000
10471.418000
10471.430000
10471.591000
10471.714000
10471.725000
10471.726000
10471.728000
10471.733000
10471.754000
10471.760000
10471.874000
10471.911000
10471.933000
10471.950000
10471.956000
10471.960000
10471.966000
10471.981000
10471.991000
10472.005000
10472.006000
10472.008000
10472.014000
10472.014000
10472.015000
10472.039000
10472.060000
10472.079000
10472.093000
10472.100000
10472.113000
10472.122000
10472.133000
10472.182000
10472.191000
10472.218000
10472.239000
10472.267000
10472.320000
10472.350000
10472.377000
10472.385000
10472.389000
10472.425000
10472.435000
10472.471000
10472.490000
10472.497000
10472.503000
10472.511000
10472.556000
10472.592000
10472.603000
10472.633000
10472.651000
10472.651000
10472.651000
10472.651000
10472.659000
10472.684000
10472.740000
10473.141000
10473.176000
10473.313000
10473.495000
10473.823000
10474.465000
10476.036000
10476.377000
10476.822000
10477.118000
10477.192000
10477.210000
10477.217000
10477.221000
10477.221000
10477.223000
10477.226000
10477.235000
10477.247000
10477.300000
10477.334000
10477.397000
10477.442000
10477.501000
10477.569000
10477.687000
10477.753000
10477.836000
10477.896000
10477.925000
10477.925000
10477.926000
10477.928000
10477.930000
10477.930000
10477.957000
10477.971000
10477.990000
10478.011000
10478.058000
10478.097000
10478.114000
10478.114000
10478.116000
10478.133000
10478.134000
10478.141000
10478.144000
10478.150000
10478.151000
10478.155000
10478.166000
10478.167000
10478.167000
10478.167000
10478.168000
10478.176000
10478.205000
10478.214000
10478.255000
10478.305000
10478.476000
10478.534000
10478.549000
10478.553000
10480.080000
10481.878000
10482.380000
10482.641000
10482.730000
10482.902000
10483.046000
10483.079000
10483.154000
10483.335000
10483.391000
10483.425000
10483.453000
10483.458000
10483.464000
10483.465000
10483.476000
10483.477000
10483.478000
10483.479000
10483.480000
10483.481000
10483.481000
10483.483000
10483.483000
10483.483000
10483.484000
10483.486000
10483.487000
10483.499000
10483.513000
10483.514000
10483.518000
10483.615000
10483.658000
10483.911000
10484.011000
10484.053000
10484.427000
10484.507000
10484.644000
10484.758000
10484.838000
10484.869000
10484.920000
10484.928000
10485.010000
10485.094000
10485.118000
10485.126000
10485.136000
10485.148000
10485.148000
10485.159000
10485.159000
10485.176000
10485.208000
10485.300000
10485.339000
10485.365000
10485.385000
10485.389000
10485.411000
10485.417000
10485.421000
10485.421000
10485.424000
10485.442000
10485.465000
10485.534000
10485.735000
10485.800000
10485.825000
10485.833000
10485.838000
10485.854000
10485.865000
10485.907000
10485.927000
10485.949000
10486.014000
10486.023000
10486.157000
10486.169000
10486.227000
10486.228000
10486.228000
10486.247000
10486.264000
10486.284000
10486.305000
10486.312000
10486.342000
10486.353000
10486.411000
10486.455000
10486.464000
10486.470000
10486.481000
10486.483000
10486.494000
10486.508000
10486.514000
10486.524000
10486.596000
10486.802000
10486.912000
10487.016000
10487.143000
10487.295000
10487.497000
10487.598000
10487.991000
10488.113000
10488.219000
10488.296000
10488.324000
10488.340000
10488.340000
10488.508000
10492.129000
10493.686000
10494.108000
10494.447000
10494.661000
10494.665000
10494.665000
10494.697000
10494.753000
10495.313000
10495.892000
10495.942000
10496.743000
10498.117000
10498.289000
10498.289000
10498.289000
10498.506000
10505.142000
10519.294000
10526.397000
10533.022000
10540.539000
10551.985000
10566.062000
10576.171000
10591.275000
10592.938000
10593.504000
10594.288000
10596.878000
10598.684000
10601.356000
10601.701000
10601.707000
10601.714000
10601.964000
10602.000000
10602.556000
10602.737000
10602.793000
10605.132000
10605.166000
10605.721000
10605.970000
10606.087000
10606.138000
10607.228000
10607.954000
10607.992000
10608.265000
10608.332000
10608.921000
10608.939000
10608.963000
10608.987000
10609.083000
10609.110000
10609.186000
10609.314000
10609.401000
10609.472000
10609.532000
10609.614000
10609.815000
10610.018000
10610.059000
10610.200000
10610.276000
10610.340000
10610.783000
10610.784000
10611.247000
10611.385000
10611.587000
10611.772000
10612.105000
10612.449000
10612.902000
10613.289000
10615.158000
10615.447000
10615.451000
10615.458000
10615.485000
10615.490000
10615.506000
10615.512000
10615.587000
10615.624000
10615.718000
10615.776000
10615.785000
10615.785000
10615.785000
10615.785000
10615.785000
10615.785000
10615.785000
10615.785000
10615.789000
10615.806000
10615.967000
10616.033000
10616.045000
10616.076000
10616.137000
10616.310000
10617.252000
10617.442000
10617.794000
10617.833000
10617.835000
10617.854000
10617.855000
10617.856000
10617.858000
10617.858000
10617.859000
10617.859000
10617.864000
10617.881000
10617.910000
10618.000000
10618.027000
10618.042000
10618.116000
10618.137000
10618.188000
10618.339000
10618.781000
10619.618000
10620.853000
10621.198000
10621.198000
10621.198000
10621.198000
10621.198000
10621.198000
10621.290000
10621.688000
10621.885000
10624.208000
10627.052000
10630.728000
10631.134000
10631.576000
10633.094000
10635.654000
10637.177000
10637.177000
10637.177000
10637.177000
10637.177000
10637.177000
10637.177000
10637.177000
10637.177000
10637.177000
10637.177000
10637.177000
10637.177000
10637.177000
10637.177000
10637.177000
10637.177000
10637.177000
10637.177000
10637.177000
10637.178000
10637.242000
10637.313000
10637.379000
10638.019000
10638.275000
10638.411000
10638.466000
10638.485000
10638.583000
10638.793000
10639.328000
10639.789000
10640.059000
10640.066000
10640.136000
10640.194000
10640.253000
10640.328000
10641.544000
10643.182000
10646.508000
10649.464000
10650.928000
10659.421000
10659.595000
10659.616000
10659.727000
10659.872000
10659.973000
10660.641000
10660.707000
10660.897000
10661.801000
10661.863000
10662.417000
10662.797000
10662.930000
10664.059000
10664.080000
10664.210000
10664.210000
10664.284000
10664.318000
10664.339000
10664.410000
10664.443000
10664.450000
10664.452000
10664.741000
10666.446000
10666.946000
10666.985000
10667.024000
10667.078000
10667.101000
10667.130000
10667.145000
10667.184000
10667.207000
10667.220000
10667.294000
10667.458000
10667.482000
10667.503000
10667.509000
10667.515000
10667.516000
10667.516000
10667.526000
10667.530000
10667.710000
10667.927000
10668.223000
10668.447000
10668.463000
10668.464000
10668.468000
10668.528000
10668.574000
10668.592000
10668.609000
10668.616000
10668.620000
10670.137000
10673.935000
10673.951000
10675.133000
10675.293000
10675.305000
10675.314000
10675.318000
10675.325000
10675.416000
10675.478000
10675.510000
10675.532000
10675.545000
10675.567000
10675.633000
10675.642000
10675.643000
10675.651000
10675.678000
10675.685000
10675.865000
10676.435000
10676.483000
10676.483000
10676.514000
10676.515000
10676.524000
10676.527000
10676.982000
10684.228000
10688.104000
10688.917000
10689.484000
10691.457000
10691.940000
10691.955000
10691.998000
10692.008000
10692.019000
10692.050000
10692.058000
10692.098000
10692.126000
10692.146000
10692.448000
10692.573000
10692.649000
10692.664000
10692.715000
10692.822000
10692.982000
10692.996000
10693.018000
10693.062000
10693.204000
10693.309000
10693.557000
10693.685000
10693.877000
10693.934000
10693.984000
10694.242000
10694.362000
10694.474000
10694.678000
10694.858000
10694.881000
10694.881000
10694.971000
10695.146000
10695.429000
10695.643000
10695.750000
10695.858000
10695.908000
10695.930000
10695.963000
10695.972000
10695.972000
10695.972000
10695.972000
10695.989000
10696.102000
10696.236000
10696.366000
10696.722000
10697.134000
10697.359000
10698.320000
10698.716000
10700.674000
10706.582000
10716.241000
10726.812000
10733.835000
10735.950000
10737.148000
10741.613000
10745.299000
10749.194000
10762.109000
10778.998000
10803.780000
10822.749000
10842.552000
10853.362000
10894.972000
10928.045000
10945.579000
10949.249000
10950.729000
10953.820000
10956.431000
10957.184000
10957.427000
10957.532000
10957.625000
10958.077000
10958.972000
10959.281000
10961.761000
10963.552000
10964.985000
10968.125000
10970.069000
10970.585000
10971.069000
10971.202000
10971.221000
10971.236000
10971.271000
10971.304000
10971.466000
10971.514000
10971.550000
10971.595000
10972.683000
10977.228000
10985.031000
10999.837000
11016.442000
11028.110000
11034.710000
11034.851000
11035.034000
11036.962000
11037.352000
11040.481000
11042.688000
11043.505000
11050.969000
11055.334000
11055.781000
11058.583000
11059.233000
11059.308000
11059.335000
11059.387000
11059.640000
11059.665000
11059.725000
11059.777000
11059.803000
11059.806000
11059.812000
11059.815000
11059.816000
11059.816000
11059.816000
11059.816000
11059.816000
11059.816000
11059.816000
11059.816000
11059.816000
11059.816000
11059.816000
11059.816000
11059.816000
11059.817000
11059.878000
11059.953000
11060.027000
11060.050000
11060.074000
11060.109000
11060.146000
11060.654000
11060.721000
11060.796000
11060.890000
11060.922000
11060.972000
11061.051000
11061.100000
11061.198000
11061.325000
11061.352000
11061.407000
11061.521000
11061.562000
11061.622000
11061.655000
11061.726000
11061.739000
11061.745000
11061.812000
11061.820000
11061.846000
11061.867000
11061.909000
11061.997000
11062.045000
11062.078000
11062.081000
11062.081000
11062.081000
11062.081000
11062.081000
11062.081000
11062.081000
11062.081000
11062.081000
11062.081000
11062.081000
11062.081000
11062.081000
11062.081000
11062.081000
11062.081000
11062.081000
11062.081000
11062.081000
11062.081000
11062.081000
11062.083000
11062.086000
11062.122000
11062.142000
11062.179000
11062.235000
11062.276000
11062.365000
11062.491000
11063.088000
11063.661000
11063.866000
11064.022000
11064.242000
11067.440000
11068.927000
11069.195000
11069.533000
11069.650000
11069.757000
11069.856000
11069.911000
11069.974000
11070.021000
11070.383000
11070.520000
11070.536000
11071.556000
11071.585000
11071.619000
11071.627000
11071.677000
11071.677000
11071.686000
11071.748000
11071.796000
11072.075000
11073.430000
11073.835000
11077.225000
11078.472000
11080.522000
11083.743000
11084.581000
11084.586000
11084.588000
11084.644000
11084.763000
11084.822000
11084.968000
11085.027000
11085.060000
11085.074000
11085.100000
11085.140000
11085.158000
11085.163000
11085.200000
11085.241000
11085.272000
11085.300000
11085.329000
11085.364000
11085.393000
11085.435000
11085.444000
11085.502000
11085.508000
11085.510000
11085.520000
11085.666000
11085.809000
11085.900000
11085.956000
11085.996000
11086.058000
11086.125000
11086.154000
11086.164000
11086.215000
11086.223000
11086.226000
11086.230000
11086.252000
11086.275000
11086.292000
11086.308000
11086.362000
11086.648000
11086.706000
11086.719000
11086.731000
11086.731000
11088.215000
11088.349000
11088.359000
11089.431000
11090.387000
11094.763000
11097.296000
11097.758000
11101.597000
11101.984000
11102.326000
11102.387000
11102.425000
11102.494000
11102.823000
11102.828000
11102.841000
11102.852000
11102.858000
11102.891000
11102.932000
11102.974000
11102.991000
11103.011000
11103.039000
11103.070000
11103.095000
11103.099000
11103.104000
11103.105000
11103.112000
11103.115000
11103.119000
11103.128000
11103.165000
11103.411000
11104.353000
11104.387000
11104.406000
11104.421000
11104.438000
11104.443000
11104.454000
11105.538000
11105.553000
11105.558000
11105.560000
11105.566000
11105.596000
11105.669000
11106.324000
11108.550000
11113.214000
11118.710000
11127.396000
11132.035000
11135.707000
11137.776000
11143.929000
11144.966000
11145.093000
11145.238000
11152.217000
11159.726000
11164.808000
11166.624000
11170.977000
11174.730000
11176.138000
11177.034000
11184.601000
11184.719000
11184.767000
11184.818000
11184.840000
11184.855000
11184.856000
11184.858000
11184.859000
11184.860000
11184.885000
11184.899000
11184.908000
11184.913000
11184.932000
11184.946000
11184.958000
11184.960000
11184.961000
11184.970000
11184.971000
11184.991000
11185.096000
11185.326000
11185.333000
11185.337000
11185.347000
11185.347000
11185.354000
11185.354000
11185.354000
11185.354000
11185.354000
11185.355000
11185.355000
11185.358000
11185.361000
11185.520000
11185.607000
11185.609000
11185.610000
11185.620000
11185.621000
11185.627000
11185.640000
11185.653000
11185.670000
11185.690000
11185.697000
11185.697000
11185.702000
11185.708000
11185.714000
11185.720000
11185.722000
11185.730000
11185.756000
11185.775000
11185.785000
11185.796000
11185.818000
11185.870000
11185.920000
11185.981000
11186.016000
11186.065000
11186.074000
11186.077000
11186.086000
11186.093000
11186.103000
11186.149000
11186.172000
11186.194000
11186.208000
11186.210000
11186.222000
11186.234000
11186.243000
11186.245000
11186.256000
11186.258000
11186.270000
11186.289000
11186.295000
11186.301000
11186.310000
11186.312000
11186.323000
11186.328000
11186.333000
11186.338000
11186.347000
11186.362000
11186.406000
11186.446000
11186.468000
11186.479000
11186.480000
11186.486000
11186.487000
11186.491000
11186.494000
11186.499000
11186.502000
11186.507000
11186.517000
11186.533000
11186.544000
11186.581000
11186.623000
11186.662000
11186.677000
11186.712000
11186.775000
11186.803000
11186.821000
11186.822000
11186.825000
11186.826000
11186.827000
11186.830000
11186.840000
11186.858000
11186.870000
11186.886000
11186.914000
11187.010000
11187.015000
11187.016000
11187.021000
11187.025000
11187.038000
11187.051000
11187.053000
11187.056000
11187.058000
11187.058000
11187.058000
11187.058000
11187.059000
11187.062000
11187.067000
11187.069000
11187.094000
11187.172000
11187.225000
11187.230000
11187.283000
11187.351000
11187.366000
11187.382000
11187.399000
11187.425000
11187.436000
11187.449000
11187.471000
11187.480000
11187.508000
11187.516000
11187.518000
11187.523000
11187.531000
11187.532000
11187.532000
11187.532000
11187.532000
11187.532000
11187.532000
11187.532000
11187.540000
11187.555000
11187.579000
11187.582000
11187.582000
11187.582000
11187.586000
11187.588000
11187.593000
11187.596000
11187.599000
11187.607000
11187.617000
11187.627000
11187.643000
11187.651000
11187.662000
11187.775000
11187.934000
11187.997000
11188.384000
11188.428000
11188.440000
11188.519000
11188.601000
11188.612000
11188.649000
11188.649000
11188.649000
11188.651000
11188.651000
11188.651000
11188.654000
11188.657000
11188.668000
11188.683000
11188.704000
11188.714000
11188.716000
11188.728000
11188.740000
11188.802000
11189.079000
11189.186000
11189.365000
11189.423000
11189.427000
11189.430000
11189.437000
11189.445000
11189.446000
11189.449000
11189.460000
11189.475000
11189.489000
11189.492000
11189.498000
11189.506000
11189.563000
11189.670000
11189.755000
11189.768000
11189.770000
11189.782000
11189.819000
11189.840000
11189.855000
11189.868000
11189.869000
11189.904000
11189.907000
11189.934000
11189.947000
11189.964000
11189.964000
11189.967000
11189.972000
11189.976000
11189.978000
11189.984000
11190.002000
11190.002000
11190.008000
11190.011000
11190.029000
11190.055000
11190.064000
11190.065000
11190.089000
11190.100000
11190.106000
11190.114000
11190.137000
