0.002743
0.003948
0.004917
0.004964
0.007620
0.006265
0.004716
0.003254
0.005020
0.005033
0.006219
0.003186
0.003980
0.004260
0.007353
0.004602
0.004826
0.003710
0.003795
0.004805
0.004380
0.004277
0.004547
0.004643
0.004623
0.004467
0.004352
0.007817
0.003685
0.003370
0.003351
0.004710
0.004482
0.003951
0.003154
0.003571
0.003083
0.009341
0.004230
0.004278
0.005615
0.003594
0.003541
0.004029
0.005030
0.006594
0.006812
0.008601
0.006407
0.004776
0.005513
0.005693
0.005409
0.004101
0.003554
0.003599
0.006301
0.010557
0.005848
0.005571
0.006986
0.006155
0.005575
0.005483
0.005426
0.005509
0.005505
0.005262
0.005100
0.004274
0.006285
0.004461
0.004751
0.005161
0.004802
0.003252
0.003919
0.003693
0.003648
0.003909
0.002310
0.005005
0.005687
0.004786
0.003968
0.004095
0.005735
0.004384
0.006459
0.004192
0.006060
0.005486
0.004456
0.004685
0.003972
0.004087
0.007384
0.004196
0.004290
0.003170
0.004156
0.004694
0.004547
0.003725
0.005060
0.007923
0.009182
0.006321
0.007491
0.007311
0.007048
0.007349
0.006778
0.007192
0.007689
0.005945
0.003006
0.003030
0.004018
0.003932
0.003425
0.007241
0.005357
0.011459
0.007589
0.007710
0.009035
0.008746
0.006135
0.005848
