2.10132
2.60138
3.11435
3.60989
4.10146
4.60139
5.12285
5.6014
6.10145
6.60135
7.1122
7.60139
8.10134
8.60141
9.11392
9.60151
10.1014
10.6014
11.1148
11.6014
12.1014
12.6014
13.1163
13.6014
14.1015
14.6014
15.1129
15.6014
16.1014
16.6014
17.1113
17.6014
18.1014
18.6014
19.13
19.6014
20.1014
20.603
21.1053
21.6014
22.1014
22.6014
23.1141
23.6014
24.1016
24.6015
25.1079
25.6014
26.1014
26.6015
27.1177
27.6014
28.1013
28.6014
29.1082
29.6014
30.1015
30.6015
31.1208
31.6014
32.1014
32.6014
33.1116
33.6014
34.1014
34.6111
35.1145
35.6014
36.1014
36.6013
37.1077
37.6014
38.1014
38.6015
39.1184
39.6013
40.1014
40.6014
41.1163
41.6014
42.1014
42.6015
43.1096
43.6016
44.1014
44.6014
45.117
45.6013
46.1157
46.6015
47.1055
47.6014
48.1014
48.6014
49.1196
49.6014
50.1016
50.6027
51.1116
51.6014
52.1014
52.6013
53.1027
53.6015
54.1014
54.6014
55.1014
55.6014
56.1014
56.6014
57.1104
57.6014
58.1016
58.6014
59.1125
59.6015
60.1014
60.6014
61.112
61.6014
62.1014
62.6014
63.1114
63.6014
64.1015
64.6014
65.1019
65.6014
66.1013
66.6014
67.1112
67.6014
68.1014
68.6017
69.1082
69.6013
70.1015
70.6014
71.1021
71.6014
72.1014
72.6015
73.1056
73.6013
74.1014
74.6013
75.1035
75.602
76.1014
76.6013
77.1035
77.6014
78.1014
78.6013
79.1049
79.6014
80.1014
80.6013
81.1014
81.6013
82.1022
82.6016
83.1081
83.6013
84.1013
84.6014
85.1116
85.6017
