0.002016
0.001900
0.002335
0.001919
0.002012
0.002412
0.002442
0.002754
0.002836
0.002885
0.002859
0.002962
0.003757
0.003211
0.002634
0.003096
0.002801
0.003029
0.002998
0.002347
0.002025
0.002096
0.002480
0.002625
0.002554
0.002369
0.002426
0.004474
0.002100
0.002284
0.002271
0.002910
0.003226
0.003232
0.003363
0.002959
0.002969
0.004953
0.002974
0.004056
0.004071
0.002831
0.002714
0.002632
0.003011
0.003216
0.004123
0.004210
0.003316
0.003147
0.003158
0.003248
0.003304
0.003124
0.003286
0.002852
0.002585
0.005387
0.002534
0.002725
0.002447
0.003957
0.003668
0.003616
0.003900
0.004026
0.004071
0.003843
0.003979
0.003150
0.003826
0.003253
0.003271
0.003297
0.002525
0.002829
0.002537
0.002539
0.002900
0.002476
0.002480
0.002647
0.002507
0.002427
0.002788
0.003146
0.003822
0.003857
0.003642
0.003956
0.003811
0.004093
0.003896
0.003614
0.004471
0.004038
0.003335
0.003595
0.003507
0.003621
0.003371
0.003361
0.003000
0.003210
0.003634
0.003481
0.003429
0.003574
0.003546
0.003378
0.004053
0.003963
0.004266
0.003670
0.003628
0.003201
0.003274
0.003225
0.003620
0.004618
0.003378
0.005642
0.003133
0.003344
0.002983
0.003050
0.003312
0.003482
0.003818
0.004270
