4.86639
5.42163
5.55533
5.81219
6.47023
6.74432
7.67885
7.93752
8.07271
9.00911
9.56123
10.092
10.761
11.0089
11.6809
12.7481
13.8206
14.1909
14.5912
15.2567
16.2039
16.869
16.9041
16.9338
16.9634
17.0019
17.0358
17.0729
17.2675
17.2964
18.4643
19.2768
19.5467
20.6783
21.261
22.5868
22.7245
23.8196
24.0577
24.2018
25.5783
26.9542
27.2682
27.3856
27.5318
27.9328
29.3085
30.6878
31.4149
32.7897
33.4128
33.5439
34.4608
34.611
35.6589
36.3314
37.526
38.9122
40.278
41.3039
41.5422
42.8971
43.047
43.0745
43.1289
43.1683
43.1984
43.3447
44.6649
44.8681
45.0133
46.13
46.335
47.6635
48.9058
49.3577
49.4038
49.673
49.8035
50.598
51.9307
52.3279
53.7127
55.0827
55.947
56.8813
58.271
59.0134
59.278
60.2186
60.3514
61.4797
61.5348
61.6619
63.0369
63.2719
63.7937
65.1701
65.8057
66.4593
67.5359
67.9375
68.0599
68.3441
68.3704
68.4707
69.8512
71.2417
71.9301
72.1924
72.3343
72.4752
72.995
73.7984
74.8584
75.1309
76.0611
76.5933
77.3965
77.6575
77.6854
77.7216
77.7989
77.8381
77.8813
79.2623
80.6359
82.0111
83.3931
84.7632
