0.000000
0.000000
0.200000
0.733333
1.286667
1.886667
2.463563
3.402974
4.289183
5.261664
6.227148
7.263257
8.246587
9.236026
10.227427
11.210735
12.153500
12.975232
14.055328
15.044268
16.032327
17.026440
18.016465
18.977984
19.995355
20.781022
21.771449
22.628540
23.431698
24.378170
25.370212
26.379108
27.123312
27.928491
28.904699
29.905507
30.979733
32.035782
33.005801
33.882016
34.504158
35.295985
36.268062
37.215383
38.326113
39.290261
39.771335
40.059582
40.871478
41.856635
42.848325
43.897194
44.814053
45.583938
46.310957
47.337528
48.384574
49.428932
50.429084
51.416838
52.373744
53.366185
54.349368
55.335194
56.384284
57.210501
58.119005
59.111119
60.108537
61.120627
62.172214
63.056805
63.572235
64.056887
64.910483
65.909393
66.899385
67.955678
68.946015
69.934001
70.915339
71.904102
72.895443
73.699147
74.630810
75.618572
76.583173
77.509770
78.501746
79.473613
80.499941
81.514309
82.485985
83.471693
84.431296
85.377075
86.361999
87.415231
88.376186
89.377440
90.256430
91.160497
91.766555
92.073596
92.836621
93.820805
94.812857
95.801940
96.792523
97.775205
98.766742
99.536172
100.381094
101.287268
102.236331
103.200175
104.189433
105.228241
106.351215
107.367256
108.406816
109.394517
110.385284
111.427600
112.346623
112.933086
113.276712
114.080873
115.079850
116.068078
117.094006
118.092264
119.085759
120.065932
120.740400
121.027204
121.784643
122.733267
123.817473
124.738127
125.711539
126.697703
127.583116
128.545255
129.555792
130.541084
131.524286
132.498762
133.483669
134.474624
135.524555
136.515070
137.493359
138.118756
138.475826
139.276460
140.323216
141.287959
142.286711
143.279575
144.267844
145.258019
146.248091
147.309692
148.300094
149.279720
150.269736
151.254240
