2.10127
2.6013
3.11431
3.60985
4.10131
4.6013
5.12278
5.6013
6.10129
6.60128
7.11217
7.60126
8.10126
8.60128
9.11388
9.60138
10.1014
10.6013
11.1148
11.6013
12.1013
12.6013
13.1163
13.6013
14.1014
14.6014
15.1128
15.6013
16.1013
16.6013
17.1113
17.6013
18.1013
18.6013
19.13
19.6013
20.1014
20.6013
21.1052
21.6013
22.1012
22.6014
23.114
23.6013
24.1015
24.6013
25.1078
25.6013
26.1013
26.6014
27.1177
27.6013
28.1013
28.6013
29.1082
29.6013
30.1013
30.6013
31.1207
31.6013
32.1013
32.6013
33.1116
33.6013
34.1013
34.6111
35.1144
35.6012
36.1013
36.6012
37.1077
37.6014
38.1013
38.6014
39.1183
39.6013
40.1013
40.6013
41.1163
41.6013
42.1013
42.6014
43.1096
43.6015
44.1013
44.6013
45.117
45.6013
46.1157
46.6013
47.1054
47.6013
48.1013
48.6013
49.1195
49.6013
50.1015
50.6014
51.1115
51.6013
52.1013
52.6013
53.1027
53.6014
54.1013
54.6013
55.1014
55.6013
56.1013
56.6013
57.1104
57.6013
58.1014
58.6013
59.1125
59.6014
60.1013
60.6013
61.112
61.6013
62.1013
62.6013
63.1114
63.6013
64.1014
64.6013
65.1018
65.6013
66.1012
66.6014
67.1111
67.6013
68.1013
68.6016
69.1081
69.6012
70.1013
70.6014
71.102
71.6013
72.1013
72.6014
73.1055
73.6013
74.1013
74.6013
75.1034
75.6019
76.1013
76.6013
77.1035
77.6013
78.1013
78.6013
79.1049
79.6013
80.1013
80.6013
81.1013
81.6013
82.1021
82.6015
83.108
83.6013
84.1012
84.6013
85.1115
85.6016
