1.60245
1.60252
2.10255
2.60274
3.1147
3.61033
4.10431
4.60441
5.1235
5.62835
6.10551
6.60327
7.11268
7.62573
8.10369
8.60553
9.11432
9.62512
10.103
10.607
11.1153
11.6278
12.1044
12.6057
13.1168
13.6257
14.1043
14.6031
15.1131
15.6185
16.1045
16.6054
17.1117
17.6163
18.1122
18.6037
19.1306
19.6175
20.1039
20.6043
21.1056
21.6221
22.1043
22.6038
23.1146
23.6227
24.1046
24.605
25.1082
25.6146
26.106
26.605
27.1183
27.6102
28.1039
28.61
29.1087
29.6176
30.1051
30.6046
31.1216
31.6278
32.1054
32.6087
33.1121
33.6157
34.1045
34.6117
35.1149
35.6151
36.1036
36.6031
37.1083
37.6104
38.105
38.6055
39.1191
39.6166
40.1041
40.6045
41.1169
41.6192
42.1043
42.6037
43.11
43.6206
44.1042
44.6133
45.1176
45.6156
46.1161
46.605
47.1058
47.6209
48.1036
48.6105
49.12
49.6296
50.1046
50.6033
51.1147
51.6177
52.1036
52.6037
53.1032
53.6245
54.104
54.6044
55.1031
55.621
56.1042
56.6054
57.1107
57.6236
58.1043
58.6071
59.1129
59.6285
60.1039
60.6065
61.1125
61.6181
62.1039
62.6119
63.1118
63.6144
64.1047
64.605
65.1032
65.627
66.1049
66.6047
67.1117
67.6194
68.1048
68.6115
69.1086
69.6189
70.1046
70.6042
71.1031
71.6187
72.1047
72.6046
73.1062
73.6099
74.1049
74.6038
75.1039
75.6181
76.1052
76.6035
77.1045
77.6109
78.1044
78.6039
79.1053
79.6124
80.1047
80.6069
81.1033
81.6067
82.1052
82.6036
83.1088
83.6084
84.1042
84.6038
85.1121
85.6112
