0.000000
0.000000
0.000000
0.000000
30.637000
32.679000
35.329000
40.124000
45.413000
59.355000
81.478000
93.108000
111.196000
122.252000
133.030000
141.235000
152.717000
165.378000
174.084000
183.374000
207.570000
217.315000
227.586000
234.484000
240.140000
250.351000
261.755000
266.573000
273.725000
276.888000
282.256000
292.920000
304.128000
308.045000
310.019000
316.780000
325.427000
333.182000
343.535000
344.982000
349.542000
356.252000
358.163000
361.963000
368.187000
372.101000
377.810000
379.836000
380.374000
380.960000
381.433000
381.468000
382.777000
386.369000
389.237000
390.378000
390.783000
393.098000
393.166000
393.196000
394.376000
395.935000
397.837000
402.110000
416.214000
427.196000
437.674000
446.379000
450.735000
455.231000
463.750000
467.440000
469.206000
471.138000
472.069000
472.453000
472.942000
473.012000
473.176000
473.227000
476.355000
481.533000
486.793000
490.962000
494.136000
496.086000
500.432000
505.204000
509.626000
513.171000
518.099000
522.667000
527.098000
531.120000
537.228000
546.120000
559.349000
567.583000
575.571000
590.335000
597.274000
600.476000
603.013000
604.642000
604.689000
604.974000
605.300000
605.331000
605.602000
608.378000
616.893000
619.934000
628.200000
635.051000
642.835000
657.661000
675.937000
687.136000
694.064000
700.203000
711.536000
716.922000
721.548000
725.826000
733.874000
739.114000
745.611000
746.647000
746.841000
748.772000
754.364000
760.394000
769.148000
776.147000
784.014000
791.534000
792.122000
792.491000
793.029000
793.124000
793.245000
793.319000
797.529000
802.281000
803.861000
807.545000
812.009000
815.370000
819.920000
823.959000
828.835000
835.270000
842.658000
845.044000
848.790000
849.098000
849.476000
849.838000
850.102000
850.257000
850.329000
850.354000
850.370000
850.379000
850.379000
850.455000
850.747000
852.596000
853.283000
854.088000
