0.007208
0.006401
0.006859
0.006281
0.006767
0.006629
0.005614
0.003525
0.004207
0.004369
0.004890
0.005103
0.004347
0.005254
0.008273
0.006794
0.004390
0.004490
0.003779
0.006237
0.003361
0.006244
0.003213
0.003637
0.002669
0.002917
0.003464
0.004384
0.007672
0.004545
0.004510
0.004513
0.004862
0.005317
0.005975
0.006467
0.006065
0.007154
0.008376
0.008497
0.006467
0.007338
0.006544
0.008229
0.004562
0.004231
0.003398
0.002616
0.002790
0.002611
0.005352
0.005807
0.004412
0.003863
0.003734
0.005110
0.007600
0.003881
0.005414
0.003501
0.002354
0.002358
0.003040
0.003083
0.003210
0.005999
0.006534
0.005187
0.005082
0.005616
0.005136
0.006362
0.004990
0.005593
0.005825
0.004133
0.003851
0.005900
0.006152
0.005977
0.007456
0.004240
0.004848
0.004613
0.003702
0.003853
0.002926
0.002888
0.003563
0.004869
0.005229
0.005859
0.004232
0.004512
0.005497
0.006787
0.007044
0.006381
0.006202
0.005336
0.004823
0.002959
0.005004
0.003382
0.004450
0.005512
0.006276
0.009216
0.014157
0.012776
0.013243
0.012695
0.012323
0.013528
0.012489
0.013352
0.012962
0.013717
0.013965
0.010961
0.005148
0.003423
0.003819
0.003416
0.004050
0.005139
0.003829
0.003755
0.003700
0.004241
0.003735
0.003197
0.003858
0.003512
0.003409
0.004179
0.005742
0.005589
0.006931
0.007254
0.006474
0.005938
0.004788
0.005696
0.004744
0.003454
0.005347
0.006935
0.007327
0.006160
0.009043
0.007635
0.005222
0.006812
0.008619
0.006254
0.006270
0.005148
0.006668
0.006693
0.006422
0.003302
0.005394
0.005901
0.004370
0.003509
0.003838
0.004549
0.004067
0.004945
0.003698
0.004362
0.004958
0.003446
0.003982
0.004053
0.004330
0.003949
0.005086
0.004895
0.004388
0.004873
0.005023
0.003436
0.003689
0.002774
0.003589
0.003581
0.003684
0.004233
0.005271
0.003433
0.003673
0.003855
0.004622
0.003407
0.003911
0.003206
0.004681
0.005559
0.007918
0.005135
0.004515
0.002987
0.002953
0.003637
0.004487
0.005100
0.006811
0.006804
0.007427
0.006353
0.005809
0.004094
0.003441
0.003246
0.004290
0.003416
0.004305
0.003753
0.005440
0.004827
0.004332
0.004452
0.003784
0.004661
0.004065
0.004186
0.003623
0.005683
0.006793
0.004943
0.005514
0.006701
0.007312
0.009930
0.010153
0.007196
0.005205
0.008846
0.010053
0.006481
0.007017
0.006776
0.007657
0.008155
0.006953
0.006935
0.004631
0.004651
0.004420
0.003623
0.003554
0.004528
0.006546
0.006255
0.005436
0.005934
0.005232
0.007636
0.006297
0.007433
0.006304
0.005829
0.006032
0.004429
0.005983
0.003923
0.005180
0.004392
0.004814
0.005797
0.006996
0.005387
0.006532
0.005741
0.005599
0.005160
0.004519
0.005276
0.005833
0.004313
0.002685
0.002672
0.005908
0.006191
0.005682
0.005335
0.005556
0.004033
0.003262
0.003289
0.003466
0.003811
0.002697
0.003827
0.011563
0.010488
0.010471
0.011306
0.014079
0.007425
0.007154
0.012118
0.008351
0.005813
0.003896
0.003932
0.003455
0.004077
0.003514
0.002541
0.002555
0.002538
0.002747
0.002747
0.002872
0.003552
0.009745
0.009928
0.009966
0.009030
0.007185
0.005701
0.004904
0.004593
0.003434
0.004212
0.003483
0.004058
0.003510
0.005503
0.005960
0.005132
0.006558
0.007800
0.006884
0.005799
0.004841
0.003487
0.005149
0.003592
0.004416
0.003324
0.002510
0.002976
0.004015
0.004600
0.003641
0.003648
0.004525
0.003272
0.004066
0.003421
0.004608
0.004776
0.004735
0.003730
0.003695
0.003752
0.002628
0.002560
0.003587
0.002430
0.002998
0.003624
0.003628
0.003279
0.004209
0.004824
0.002430
0.006097
0.006266
0.005986
0.005853
0.004604
0.004055
0.003154
0.004240
0.004233
0.004294
0.004323
0.005471
0.005516
0.005435
0.005549
0.005090
0.005116
0.006484
0.006593
0.006518
0.004970
0.004989
0.005757
0.005811
0.005303
0.005307
0.005344
0.008424
0.005729
0.004342
0.005504
0.004673
0.004718
0.005450
0.007272
0.007571
0.003556
0.003556
0.004917
0.006757
0.004462
0.007774
0.007517
0.008137
0.005208
0.004902
0.005853
0.004910
0.005271
0.005495
0.005865
0.005640
0.004008
0.014554
0.012984
0.010807
0.008669
0.009399
0.008161
0.009212
0.009910
0.008022
0.008354
0.003092
0.003234
0.002738
0.003548
0.003559
0.002437
0.002630
0.004006
0.002902
0.003264
0.002682
0.002460
0.002268
0.003813
0.005266
0.004362
0.008170
0.011538
0.007167
0.006223
0.006534
0.006529
0.006521
0.006480
0.006463
0.006516
0.006449
0.004696
0.004708
0.004727
0.004693
0.006496
0.004541
0.004543
0.004551
0.004603
0.003492
0.003584
0.003492
0.002865
0.002896
0.002873
0.002899
0.002904
0.002863
0.002663
0.004719
0.006819
0.005895
0.005574
0.005866
0.006523
0.005521
0.005476
0.004397
0.004914
0.004054
0.005453
0.005424
0.004911
0.004162
0.005556
0.005216
0.005719
0.006226
0.005760
0.006754
0.006361
0.007891
0.006335
0.006664
0.006072
0.006050
0.006131
0.007437
0.005977
0.006576
0.006505
0.007470
0.006161
0.006550
0.004683
0.005770
0.005716
0.004778
0.003293
0.003345
0.003281
0.003315
0.003311
0.004313
0.003673
0.005264
0.005633
0.004852
0.004674
0.003510
0.002629
0.004966
0.003115
0.012982
0.012454
0.012496
0.012368
0.012334
0.012507
0.011611
0.012114
0.010808
0.009024
0.008407
0.008652
0.008047
0.006320
0.005809
0.006529
0.007854
0.007642
0.006835
0.006848
0.005497
0.005378
0.006531
0.006964
0.006088
0.007218
0.006604
0.011091
0.009247
0.007608
0.006293
0.005204
0.008020
0.006303
0.011732
0.011468
0.011458
0.011565
0.011518
0.009605
0.007874
0.007762
0.005619
0.004537
0.004630
0.005165
0.004342
0.005478
0.005025
0.005755
0.005460
0.005365
0.005413
0.005731
0.005468
0.006944
0.008800
0.005322
0.005429
0.004782
0.006315
0.006228
0.006519
0.005978
0.005605
0.006321
0.006087
0.004034
0.004159
0.004149
0.007171
0.007780
0.008447
0.008871
0.008488
0.007612
0.009074
0.007717
0.008096
0.010776
0.009937
0.011006
0.007316
0.013137
0.011025
0.009680
0.009669
0.009659
0.008404
0.006062
0.004836
0.006670
0.005703
0.005778
0.004809
0.005524
0.006440
0.005211
0.005990
0.005122
0.005078
0.005032
0.006725
0.004651
0.005516
0.003232
0.004084
0.003011
0.003160
0.002899
0.003701
0.003767
0.003057
0.004065
0.003639
0.002777
0.003958
0.006705
0.002963
0.003030
0.005952
0.006836
0.005520
0.006800
0.005338
0.007737
0.007296
0.006464
0.005230
0.004775
0.005156
0.003766
0.003476
0.003468
0.003011
0.005492
0.005505
0.004688
0.005064
0.006223
0.006124
0.005825
0.006089
0.006150
0.006201
0.005376
0.005242
0.005672
0.002309
0.003093
0.003556
0.003941
0.004525
0.004637
0.004398
0.003035
0.005915
0.005106
0.004403
0.005784
0.004652
0.003799
0.003961
0.003759
0.002554
0.001459
