4.87712
4.97209
5.10412
5.37206
5.4994
5.76875
6.84255
7.36974
8.27294
9.24581
10.6364
11.4987
12.695
13.3689
14.698
15.6561
15.8906
16.6937
17.8939
18.849
19.8791
19.9254
20.0168
20.419
20.6755
21.61
21.8809
21.9113
23.3071
23.3496
23.3866
23.416
24.2048
24.9928
25.3608
26.2963
26.3241
27.0884
27.3631
27.4902
27.5311
27.5701
27.615
28.8054
29.7664
30.0439
30.5134
30.8387
30.8751
30.9033
32.057
32.8421
34.0143
34.0471
34.073
35.0738
35.1365
35.1722
35.2101
35.7619
35.7867
35.8168
35.8497
35.8843
35.9082
35.9417
37.3167
38.4117
39.2108
39.3615
39.486
39.5219
40.8072
41.2525
42.298
42.3268
42.356
42.4031
43.6502
44.0229
45.0887
46.0202
46.7028
46.9776
48.0522
48.9772
49.3807
49.7733
50.863
51.6693
51.8618
52.6441
53.8227
54.2442
55.1758
55.4422
56.1017
57.4779
57.68
58.7631
59.9513
60.2144
60.2498
60.274
60.3091
60.3522
60.3887
60.4371
60.4854
60.5282
60.5723
60.6201
60.663
60.7103
60.7546
60.8014
60.8554
60.9133
60.9614
61.0136
62.3936
64.0691
64.7615
64.7979
65.5611
65.6839
65.711
66.4884
66.5247
66.6306
66.6657
67.415
68.3759
68.4113
68.8908
70.2672
71.0115
71.2952
71.3313
71.3845
71.4354
71.4658
71.4946
72.6317
73.4198
73.8276
75.1748
75.9596
76.6379
77.414
77.9675
78.7675
78.809
79.4141
80.2229
80.481
80.5095
80.5396
81.6715
82.2309
83.0217
83.967
85.0173
85.0545
85.1621
86.4783
86.5104
87.5827
87.9481
87.9791
88.7633
88.7936
89.4125
90.0849
90.1309
90.1652
90.207
90.2414
90.2747
90.3052
90.343
90.3857
91.7654
92.3843
92.4819
92.6923
92.7208
92.7651
92.8033
93.4207
93.9664
94.7679
94.8051
95.2913
95.3249
95.3533
95.4238
95.4527
96.4851
97.8524
97.9115
99.1648
99.5624
99.5908
99.6398
101.013
101.411
101.44
102.218
103.013
103.055
103.686
104.394
104.44
105.588
105.643
105.969
106.003
106.047
106.654
107.026
107.839
107.968
109.309
109.832
110.391
111.8
112.091
112.492
113.696
114.5
115.895
116.915
117.023
117.566
118.224
118.661
119.688
119.806
120.239
121.609
123.003
123.17
123.823
124.363
124.42
124.471
124.51
125.553
125.582
125.638
125.687
125.715
125.75
125.782
127.174
127.679
127.826
128.757
128.801
129.419
129.46
129.5
129.543
129.583
130.092
130.148
130.188
130.218
130.245
130.358
130.417
130.472
130.513
130.554
130.603
130.658
130.687
131.826
131.857
131.914
133.292
134.479
134.752
135.161
136.542
137.894
137.922
139.301
139.951
140.078
141.451
141.681
141.81
141.842
141.892
141.952
142.001
142.05
142.1
142.168
142.205
145.45
148.715
150.09
151.521
152.76
153.414
153.557
154.211
155.281
155.68
155.71
155.739
155.769
155.811
156.747
156.901
156.942
156.988
158.759
160.157
161.526
162.487
162.756
163.693
164.7
164.756
165.738
165.964
166.485
167.423
168.306
169.027
169.698
169.844
170.772
171.695
172.509
173.183
173.965
174.918
175.18
176.102
177.173
177.205
177.282
177.97
179.035
179.295
179.573
179.687
180.095
180.15
180.639
181.02
181.054
182.091
182.145
182.174
182.211
182.251
182.285
182.311
182.348
182.413
182.447
182.483
182.515
182.547
182.594
182.652
184.048
185.416
185.686
185.726
185.753
187.345
188.457
188.497
188.554
188.596
188.648
188.695
188.736
188.776
188.824
188.89
188.947
188.995
189.039
189.09
189.145
189.188
189.247
189.298
189.335
189.404
190.1
191.171
192.002
192.358
193.734
193.958
194.909
195.015
195.173
195.955
197.335
197.686
197.956
199.337
200.22
201.013
202.854
203.56
203.822
203.963
205.348
205.693
206.65
208.046
208.366
208.495
209.433
210.802
212.162
213.553
214.41
214.642
214.772
215.853
216.228
216.643
217.557
218.266
218.485
219.724
219.958
220.758
221.689
222.761
224.151
224.359
225.03
225.425
225.565
226.765
227.028
227.169
227.427
228.809
229.687
229.813
231.189
231.24
231.284
231.328
231.391
231.45
231.493
231.544
231.585
231.642
231.688
231.732
231.773
231.812
231.844
231.894
231.945
231.985
232.024
232.145
232.182
232.224
232.359
232.409
232.439
232.571
232.609
235.89
238.64
239.829
240.381
241.69
241.818
242.222
242.26
242.292
242.342
242.896
243.02
243.159
243.281
243.412
243.45
243.817
243.856
243.9
244.962
245.156
245.289
245.683
246.394
246.612
246.656
247.169
247.902
248.214
248.253
248.482
248.896
248.926
248.955
249.552
249.59
249.636
250.081
250.896
250.925
250.956
250.996
251.033
251.279
251.304
252.677
252.902
253.022
254.401
254.61
254.652
254.69
254.715
255.023
255.967
256.02
256.084
256.148
256.354
257.724
259.056
260.438
261.812
263.19
264.569
265.949
267.325
268.215
268.254
268.288
268.341
268.395
268.438
268.476
269.011
269.288
269.409
269.566
269.607
269.648
269.697
271.074
272.607
273.975
274.354
275.415
278.663
281.931
282.101
282.224
282.277
282.431
283.81
285.187
286.562
287.948
289.003
289.161
289.3
290.08
290.107
290.352
290.391
290.422
290.454
290.494
290.534
290.575
291.687
291.73
291.767
291.81
291.84
291.871
292.752
292.791
292.821
292.872
292.908
292.941
292.967
293.01
293.04
293.075
293.118
293.163
293.207
293.254
293.299
293.344
293.39
293.434
293.484
293.53
293.579
293.618
296.899
296.95
298.316
298.366
298.411
299.787
300.621
300.656
300.689
300.718
302.086
303.041
303.565
303.606
303.646
303.746
305.103
305.952
306.091
306.125
306.162
306.207
307.15
307.179
308.087
308.125
308.153
308.197
308.239
308.35
308.384
308.415
308.443
308.485
308.517
308.541
308.57
308.607
308.645
308.676
308.706
308.746
308.786
308.83
308.876
310.246
311.615
312.484
312.509
312.54
312.57
312.602
312.756
312.786
312.814
312.846
312.889
313.065
313.103
313.242
313.345
313.54
313.578
314.95
315.011
315.951
317.056
317.159
317.279
317.549
317.58
317.61
317.638
317.676
317.713
317.744
317.775
317.818
317.845
317.875
317.905
317.938
317.956
