2.10643
2.60628
3.1064
3.61438
4.1064
4.61057
5.10633
5.60632
6.10636
6.60634
7.10645
7.60642
8.10638
8.60632
9.10639
9.60635
10.1077
10.6231
11.1064
11.6063
12.1064
12.6063
13.1064
13.6064
14.1064
14.6064
15.1075
15.6201
16.1064
16.6063
17.1064
17.6064
18.1064
18.6064
19.1184
19.6064
20.1076
20.6063
21.1063
21.61
22.1064
22.6064
23.1068
23.6063
24.1063
24.6063
25.1064
25.6063
26.1063
26.6064
27.1062
27.6151
28.1063
28.6063
29.1063
29.6063
30.1063
30.6063
31.1063
31.6063
32.1064
32.6064
33.1064
33.6064
34.1063
34.6064
35.1065
35.6064
36.1066
36.6063
37.1079
37.6063
38.1082
38.607
39.1079
39.6068
40.1077
40.6079
41.1099
41.6063
42.1103
42.6076
43.1108
43.6219
44.1063
44.6121
45.1062
45.6063
46.1125
46.6112
47.1111
47.6063
48.1119
48.6139
49.1114
49.6063
50.1183
50.6141
51.116
51.6321
52.1219
52.6232
53.114
53.6136
54.1063
54.6105
55.1149
55.6189
56.1117
56.608
57.1178
57.6188
58.1155
58.6101
59.1185
59.6224
60.109
60.6295
61.1161
61.6148
62.1074
62.6103
63.1215
63.6111
64.107
64.6076
65.1154
65.6141
66.1202
66.6146
67.1157
67.6158
68.1191
68.6168
69.1125
69.6065
70.1194
70.6063
71.1197
71.6128
72.1213
72.6318
73.115
73.6188
74.1203
74.6127
75.1214
75.6195
76.1166
76.6204
77.1206
77.6223
78.1227
78.6106
79.1225
79.6224
80.1194
80.622
81.1219
81.6219
82.1221
82.6154
83.1233
83.6218
84.1211
84.6127
85.1217
85.6224
86.1228
86.6157
87.1221
87.615
88.1222
88.6155
89.1232
89.6177
90.131
90.6225
91.1209
91.6195
92.1222
92.62
93.1171
93.6228
94.1216
94.6216
95.1239
95.6224
96.1221
96.623
97.1214
97.6222
98.1219
98.6223
99.1331
99.6398
100.122
100.621
101.122
101.626
102.123
102.622
103.122
103.624
104.123
104.622
105.125
105.643
106.122
106.637
107.123
107.624
108.123
108.622
109.122
109.622
110.123
110.622
111.122
111.623
112.122
112.622
113.125
113.623
114.122
114.623
115.122
115.622
116.123
116.622
117.123
117.624
118.126
118.633
119.122
119.624
120.122
120.622
121.123
121.635
122.123
122.622
123.124
123.623
124.124
124.622
125.123
125.638
126.122
126.622
127.125
127.623
128.122
128.622
129.122
129.622
130.148
130.629
131.123
131.622
132.123
132.623
133.122
133.624
134.122
134.624
135.123
135.623
136.122
136.623
137.122
137.623
138.123
138.623
139.122
139.623
140.123
140.623
141.123
141.622
142.126
142.622
143.123
143.622
144.121
144.623
145.122
145.622
146.122
146.622
147.122
147.621
148.122
148.622
149.122
149.623
150.121
150.622
151.122
151.622
152.123
152.622
153.122
153.622
154.122
154.623
155.122
155.622
156.123
156.622
157.124
157.619
158.122
158.62
159.122
159.619
160.131
160.622
161.119
161.62
162.119
162.622
163.122
163.62
164.12
164.621
165.121
165.621
166.122
166.619
167.123
167.629
168.123
168.629
169.123
169.625
170.122
170.62
171.122
171.622
172.124
172.622
173.123
173.623
174.123
174.622
175.123
175.622
176.129
176.622
177.123
177.622
178.122
178.622
179.122
179.622
180.132
180.639
181.123
181.622
182.127
182.629
183.123
183.622
184.125
184.622
185.124
185.622
186.123
186.623
187.137
187.624
188.124
188.629
189.145
189.622
190.125
190.622
191.122
191.622
192.122
192.623
193.122
193.624
194.122
194.623
195.122
195.623
196.122
196.622
197.122
197.623
198.123
198.623
199.122
199.622
200.122
200.624
201.123
201.622
202.123
202.624
203.122
203.622
204.122
204.622
205.122
205.623
206.121
206.65
207.122
207.622
208.122
208.622
209.121
209.623
210.122
210.622
211.122
211.623
212.122
212.62
213.12
213.623
214.121
214.642
215.122
215.622
216.122
216.643
217.122
217.618
218.121
218.621
219.122
219.62
220.122
220.622
221.121
221.623
222.123
222.623
223.123
223.622
224.122
224.622
225.123
225.622
226.122
226.621
227.122
227.622
228.122
228.623
229.123
229.622
230.118
230.622
231.122
231.642
232.122
232.628
233.121
233.623
234.123
234.615
235.121
235.615
236.117
236.615
237.118
237.622
238.119
238.617
239.118
239.622
240.118
240.614
241.112
241.619
242.122
242.61
243.12
243.611
244.117
244.622
245.114
245.622
246.115
246.627
247.122
247.622
248.12
248.615
249.121
249.636
250.123
250.618
251.119
251.616
252.121
252.617
253.116
253.617
254.123
254.629
255.115
255.613
256.148
256.613
257.112
257.619
258.122
258.617
259.115
259.612
260.117
260.616
261.113
261.612
262.121
262.622
263.119
263.616
264.115
264.612
265.112
265.612
266.119
266.619
267.12
267.617
268.115
268.614
269.11
269.619
270.115
270.607
271.117
271.618
272.108
272.618
273.107
273.612
274.119
274.608
275.108
275.606
276.106
276.606
277.106
277.606
278.106
278.606
279.106
279.606
280.106
280.606
281.106
281.607
282.106
282.606
283.108
283.606
284.106
284.606
285.106
285.606
286.106
286.606
287.106
287.606
288.106
288.606
289.106
289.606
290.11
290.606
291.106
291.606
292.106
292.606
293.119
293.618
294.106
294.606
295.106
295.606
296.106
296.606
297.106
297.606
298.106
298.606
299.106
299.606
300.106
300.621
301.106
301.606
302.107
302.606
303.106
303.606
304.106
304.606
305.106
305.606
306.125
306.606
307.106
307.606
308.106
308.608
309.106
309.606
310.106
310.606
311.106
311.615
312.106
312.606
313.112
313.606
314.106
314.606
315.106
315.606
316.106
316.606
317.106
317.61
