0.002080
0.001962
0.001844
0.001925
0.001816
0.001989
0.002225
0.002230
0.002499
0.002296
0.002573
0.002707
0.002918
0.003195
0.003716
0.003369
0.003406
0.003843
0.004158
0.004402
0.002932
0.005517
0.002988
0.003029
0.002952
0.002760
0.002863
0.002733
0.005754
0.003524
0.003212
0.003000
0.002845
0.002792
0.003010
0.003165
0.003061
0.003209
0.003420
0.004754
0.003299
0.002899
0.003291
0.002888
0.003736
0.003511
0.003473
0.003525
0.003634
0.003408
0.002805
0.002896
0.003182
0.003174
0.003065
0.003498
0.007698
0.003448
0.003268
0.003368
0.003315
0.003996
0.003367
0.003196
0.002765
0.003474
0.003047
0.003242
0.003316
0.003251
0.003302
0.003118
0.003077
0.003008
0.002927
0.003006
0.003056
0.003130
0.003265
0.003366
0.003511
0.003634
0.004016
0.003632
0.004224
0.004071
0.004111
0.004216
0.005657
0.004745
0.004815
0.005286
0.004358
0.004754
0.006037
0.005720
0.005017
0.005307
0.004838
0.006335
0.004979
0.004183
0.004502
0.004045
0.003969
0.006211
0.003791
0.003665
0.003562
0.003877
0.003686
0.003609
0.003799
0.003361
0.003760
0.003521
0.003668
0.003737
0.003937
0.005004
0.005172
0.005098
0.005070
0.004712
0.004704
0.005100
0.004570
0.004420
0.004283
0.004410
0.004373
0.004128
0.004250
0.004298
0.004569
0.004022
0.004399
0.004979
0.004483
0.004789
0.004540
0.004572
0.004548
0.004702
0.004702
0.004475
0.005056
0.005564
0.004707
0.005059
0.005009
0.005347
0.007520
0.005246
0.007781
0.004963
0.004800
0.005263
0.004040
0.003887
0.004048
0.004204
0.005202
0.004497
0.004057
0.004659
0.004291
0.004412
0.004797
0.004625
0.004475
0.004434
0.004318
0.004476
0.004575
0.004497
0.004261
0.004744
0.004772
0.004382
0.004574
0.004351
0.004572
0.004359
0.004503
0.004703
0.004369
0.004623
0.005068
0.005052
0.004931
0.004934
0.005115
0.004991
0.005167
0.005013
0.004958
0.005113
0.004983
0.005442
0.005187
0.005029
0.005382
0.005679
0.004880
0.004760
0.005255
0.005029
0.005275
0.005340
0.005727
0.005893
0.005669
0.005483
0.005593
0.005500
0.006234
0.006319
0.005955
0.006187
0.006553
0.006765
0.006013
0.006959
0.006240
0.006372
0.006220
0.006151
0.006409
0.006094
0.005456
0.006227
0.006610
0.006647
0.006368
0.006448
0.006481
0.006586
0.006274
0.005805
0.006805
0.005728
0.005750
0.006080
0.005895
0.005523
0.005787
0.005352
0.005549
0.005429
0.005393
0.005510
0.005200
0.005652
0.005670
0.006093
0.005437
0.005323
0.005512
0.005913
0.005996
0.006113
0.005749
0.005792
0.005985
0.005654
0.005002
0.005406
0.005346
0.005677
0.005647
0.005820
0.005624
0.005704
0.005557
0.005611
0.005851
0.005617
0.005407
0.005788
0.005676
0.006598
0.005516
0.005291
0.004933
0.009678
0.005264
0.005223
0.005526
0.005532
0.005150
0.005316
0.004912
0.005084
0.005250
0.005149
0.004994
0.004969
0.004958
0.004939
0.004996
0.003700
0.003999
0.006975
0.006114
0.005835
0.006240
0.006108
0.005911
0.006184
0.006055
0.005995
0.005957
0.006327
0.006233
0.005973
0.006127
0.005843
0.006360
0.006190
0.006109
0.005942
0.006498
0.006274
0.006163
0.006207
0.005322
0.005573
0.005929
0.005725
0.006021
0.005896
0.005221
0.005415
0.005184
0.004883
0.004773
0.005196
0.005043
0.005400
0.005912
0.006387
0.006072
0.005415
0.006194
0.006097
0.006202
0.006507
0.006949
0.006580
0.005785
0.005713
0.005912
0.005945
0.005650
0.006008
0.006473
0.006720
0.006185
0.006522
0.006894
0.006278
0.006397
0.006217
0.006373
0.006377
0.006248
0.005985
0.006757
0.006354
0.006367
0.006587
0.006775
0.006782
0.006501
0.006018
0.006434
0.006438
0.006050
0.005917
0.006272
0.006372
0.006236
0.005984
0.005766
0.006082
0.005877
0.006503
0.006460
0.006704
0.006489
0.006094
0.006145
0.006716
0.006064
0.006212
0.006492
0.006579
0.006495
0.006746
0.006644
0.006447
0.008221
0.006532
0.005988
0.005619
0.006474
0.006317
0.006390
0.007630
0.006462
0.009212
0.006342
0.006475
0.006385
0.006534
0.006183
0.006443
0.006291
0.006060
0.006352
0.007307
0.007043
0.006933
0.007048
0.006769
0.006620
0.007237
0.006824
0.006962
0.006862
0.006879
0.006733
0.006903
0.007725
0.007504
0.006792
0.007364
0.007163
0.007262
0.007003
0.004747
0.006964
0.007205
0.008195
0.007720
0.007538
0.004740
0.004424
0.004590
0.004653
0.006739
0.006738
0.007023
0.007511
0.007132
0.007544
0.007323
0.007328
0.006941
0.006826
0.006973
0.006999
0.006742
0.006698
0.007783
0.006827
0.006562
0.006857
0.007125
0.006954
0.007258
0.006820
0.006850
0.006866
0.006688
0.007168
0.007185
0.006912
0.006907
0.004542
0.007528
0.006444
0.006173
0.006100
0.006510
0.006136
0.006740
0.006845
0.006625
0.006391
0.006008
0.005934
0.005821
0.006728
0.006739
0.006396
0.006332
0.006232
0.006142
0.005806
0.005560
0.005811
0.006087
0.005835
0.005567
0.005475
0.005625
0.005563
0.005018
0.005317
0.005156
0.004905
0.005239
0.005102
0.005165
0.004795
0.004626
0.004424
0.004646
0.004836
0.004562
0.004295
0.004546
0.004751
0.004514
0.004803
0.004263
0.004377
0.004358
0.005005
0.004690
0.004922
0.004788
0.004759
0.005295
0.005216
0.005129
0.005065
0.005772
0.005192
0.004897
0.005120
0.005399
0.006485
0.006442
0.006475
0.006434
0.006658
0.006463
0.006301
0.006723
0.006682
0.006525
0.005995
0.006394
0.005773
0.005879
0.007300
0.005759
0.005734
0.006288
0.006270
0.006366
0.006026
0.006166
0.004424
0.004064
0.009359
0.008970
0.008080
0.006677
0.007477
0.006729
0.006966
0.006806
0.006580
0.006185
0.006421
0.006230
0.005218
0.005152
0.005972
0.005997
0.006282
0.005747
0.005515
0.006172
0.005835
0.005572
0.005913
0.005155
0.005095
0.005326
0.005122
0.007200
0.005113
0.005061
0.004834
0.004961
0.005141
0.005270
0.005003
0.004914
0.004627
0.004813
0.004728
0.005407
0.005770
0.005035
0.006343
0.005168
0.005534
0.005182
0.005212
0.005211
0.003253
0.005802
0.005170
0.004529
0.004845
0.004627
0.004343
0.004896
0.004809
0.004864
0.004649
0.004926
0.005244
0.005487
0.005494
0.004866
0.004775
0.005744
0.005146
0.005145
0.006684
0.005157
0.004759
0.005105
0.005050
0.005752
0.005383
0.005629
0.005425
0.004949
0.004685
0.005009
0.005216
0.004796
0.004650
0.004739
0.004898
0.004902
0.004493
0.004902
0.005187
0.004677
0.004821
0.004823
0.005290
0.004929
0.004950
0.005385
0.004940
0.004904
0.005075
0.004557
0.004804
0.005132
0.004698
0.004704
0.004765
0.005001
0.004402
0.004537
0.004140
0.003957
0.004473
0.004376
0.004277
0.004405
0.004751
0.004663
0.004381
0.005308
0.003994
0.004219
0.004001
0.006424
0.005653
0.005320
0.004244
0.004112
0.003771
0.003646
0.003640
0.003950
0.003547
0.003522
