0.000000
0.000000
0.200000
0.700000
1.246667
1.886667
2.480538
3.366088
4.327521
5.311668
6.307351
7.256215
8.296767
9.198652
9.867447
10.511232
11.424476
12.448196
13.341710
14.270250
15.217480
16.190093
17.038110
17.982524
18.544413
19.069983
19.771223
20.744474
21.710538
22.695492
23.672976
24.548093
25.276337
26.165665
27.172301
28.159918
29.149313
30.105754
30.951826
31.551612
32.385265
33.358696
34.360674
35.354075
36.346880
37.405827
38.396676
39.377629
40.350743
41.370848
42.349300
43.411800
44.357999
45.346281
46.333115
47.281883
48.202914
49.188906
50.340140
51.337602
52.389534
53.379350
54.338155
55.309289
56.262034
56.775362
57.177687
57.837635
58.786937
59.510685
59.906703
60.692762
61.678521
62.624320
63.582385
64.500329
65.186193
66.040339
67.115790
68.071010
68.798676
69.497052
70.374229
71.402137
72.339042
73.011094
73.653977
74.416750
75.413607
76.372527
77.392374
78.444451
79.431628
80.415378
81.393796
82.381028
83.116109
83.934492
84.910182
85.857373
86.784616
87.691371
88.704369
89.695503
90.748662
91.723689
92.633116
93.563025
94.559484
95.556767
96.545226
97.602264
98.495434
99.475582
100.469128
101.448006
102.440043
103.487206
104.273954
104.694426
105.474523
106.452111
107.444103
108.431995
109.488475
110.468351
111.450129
112.433363
113.400943
114.290578
115.208280
116.115283
116.887109
117.878404
118.841495
119.760114
120.692607
121.788644
122.775901
123.763930
124.592646
125.219781
126.116108
127.102979
128.128818
129.003816
129.778188
130.686779
131.662563
132.566800
133.534499
134.476661
135.419026
136.413468
137.354920
138.162172
139.073830
140.128153
141.094879
142.092652
143.076386
143.983550
144.953446
145.860678
146.727576
147.737066
148.722591
149.665908
150.626093
151.660359
152.709410
153.703167
154.621983
155.567366
156.328073
157.200416
158.184187
159.231686
159.948358
160.566564
161.473508
162.463085
163.450177
164.504484
165.340720
166.232185
167.200940
168.182770
169.131629
169.936179
170.584411
171.383634
172.389616
173.377923
174.265063
175.095982
176.092292
176.958694
177.877608
178.855051
179.841190
180.826900
181.812607
182.817028
183.697335
184.698497
185.689717
186.689388
187.680059
188.655214
189.710744
190.693419
191.653837
192.619835
193.610624
194.599457
195.632526
196.621349
197.601508
198.598874
199.555117
200.163706
200.405153
201.124176
202.029038
202.752683
203.536829
204.495286
205.473383
206.467118
207.523290
208.502476
209.482916
210.428930
211.424025
212.427234
213.473221
214.455294
215.446491
216.436120
217.334923
218.188853
219.180012
220.231733
221.217532
222.205456
223.171128
224.166142
225.136645
226.144738
227.131673
228.114847
229.082765
230.070724
231.057427
232.003060
232.901329
233.850877
234.714200
235.059861
235.309927
235.927539
236.904479
237.705009
238.641477
239.541196
240.319416
241.201979
241.647698
242.520592
243.470305
244.460115
245.446865
246.165495
246.723509
247.309353
248.309998
249.154346
249.857727
250.667746
251.587079
252.459225
252.887739
253.404504
254.275177
255.263616
256.236308
257.210307
258.201275
259.253723
260.231915
261.219336
262.212909
263.190744
264.154469
265.147217
266.197326
267.189885
268.180038
269.170739
270.161975
271.152164
272.210210
273.204484
274.190501
275.181216
276.171693
277.160261
278.146181
279.194362
280.175108
280.899366
281.162365
281.838306
282.810112
283.867156
284.857981
285.849694
286.840843
287.825722
288.816913
289.820452
290.845133
291.612749
292.481297
293.474880
294.461523
295.452028
296.434464
297.482417
298.463552
299.446135
300.429557
301.389441
302.314250
303.344090
304.306210
305.286038
306.267145
307.151898
308.071152
309.059238
310.105114
310.926554
311.262034
311.957530
312.941013
313.920767
314.969458
315.892406
316.948048
317.907293
318.896535
319.885023
320.873692
321.908700
322.851944
323.833353
324.824725
325.776227
326.783476
327.655004
327.988778
328.487926
329.413442
330.418014
331.399136
332.410400
333.458365
334.429260
335.417312
336.332833
337.135103
338.092384
338.639406
338.869778
339.652726
340.667314
341.651176
342.647059
343.630430
344.515115
345.137228
345.696667
346.588979
347.526530
348.508120
349.487790
350.542713
351.531076
352.520748
353.500154
354.461642
355.410736
356.205988
357.245192
358.150120
359.093862
360.077290
360.932596
361.209540
361.870248
362.784090
363.757574
364.744158
365.735820
366.732390
367.725197
368.783814
369.774121
370.765354
371.756402
372.745026
373.742819
374.797026
375.720403
376.744252
377.734459
378.728151
379.717844
380.702550
381.740464
382.731224
383.724678
384.714812
385.705454
386.688771
387.669847
388.710552
389.696248
390.684560
391.596305
392.305129
393.267493
394.296383
395.287275
396.277851
397.267471
398.254467
399.243061
400.201624
401.199359
402.122181
402.793369
403.446990
404.371209
405.346661
406.327951
407.315112
408.317721
409.178748
410.076358
411.055024
412.032218
413.092198
414.070147
414.859011
415.344522
415.958068
417.010378
418.213401
419.192321
420.090396
421.035405
422.025976
422.999861
423.984455
425.044437
426.027445
427.014385
428.005158
428.995333
429.985057
430.976091
432.034857
433.027186
434.015245
435.008724
435.991185
436.982274
438.026277
439.005519
439.986862
440.924381
441.693344
442.551244
443.551729
444.612167
445.595529
446.584868
447.567583
448.543093
449.530118
450.511587
451.550985
452.529155
453.527025
454.512653
455.498518
456.497304
457.420397
458.243007
459.189882
460.077531
461.094661
462.022801
462.773963
463.392728
464.234243
465.213771
466.193809
467.202355
468.082993
468.492714
469.082733
469.360157
470.147890
471.137721
472.143260
473.126061
474.122309
475.183611
476.171535
477.120883
477.752636
478.441411
479.387686
480.442055
481.433645
482.422892
483.413891
484.401883
485.398343
486.445876
487.437847
488.401482
489.303460
490.409247
491.522491
492.572372
493.968497
495.279638
496.300012
497.289741
498.285379
499.278043
500.221033
501.043893
501.392772
501.868050
502.736487
503.719903
504.711611
505.768496
506.759432
507.743040
508.733178
509.718161
510.687531
511.666646
512.722590
513.716547
514.810742
515.815384
516.792704
517.768588
518.825863
519.874845
521.054216
522.083363
523.072014
524.064291
525.052018
526.110645
527.100425
528.089357
529.075523
530.064068
531.024700
532.079497
533.059714
534.009318
535.012797
535.992670
536.971835
537.958914
538.937364
539.990512
540.926719
541.886536
542.882155
543.862662
544.855040
545.908336
546.888289
547.852729
548.866497
549.856645
550.665023
551.002717
551.248303
551.732839
552.680037
553.692224
554.604037
554.906920
555.477371
555.857883
556.621279
557.583971
558.555556
559.551780
560.503094
561.348576
562.204468
562.478910
562.972368
563.889746
564.871715
565.932207
566.921592
567.913923
568.854365
569.637983
569.973300
570.591728
571.590980
572.661498
573.637585
574.570200
575.435695
576.158299
