0.000000
0.000000
0.152656
0.384994
0.539654
0.670356
0.749365
0.883446
1.004041
1.104271
1.187785
1.248868
1.314832
1.350733
1.349832
1.345840
1.374760
1.410249
1.433028
1.454642
1.475975
1.497682
1.506444
1.522626
1.506435
1.488665
1.485430
1.500620
1.517139
1.532431
1.546225
1.552678
1.549732
1.556540
1.568639
1.581115
1.591978
1.600510
1.602882
1.592398
1.594538
1.603002
1.612378
1.620991
1.629167
1.639880
1.647206
1.653820
1.659834
1.667493
1.673218
1.681391
1.685968
1.691387
1.696558
1.700166
1.702672
1.707349
1.717501
1.722150
1.728443
1.732523
1.735480
1.738726
1.741312
1.730419
1.716514
1.710655
1.713386
1.709579
1.696508
1.694848
1.698571
1.701248
1.704087
1.705879
1.701527
1.701554
1.707185
1.709892
1.706565
1.702884
1.703372
1.707134
1.709733
1.705233
1.700619
1.698619
1.701710
1.704173
1.707877
1.712382
1.715005
1.717628
1.720245
1.723088
1.720081
1.719337
1.721622
1.722799
1.724457
1.725288
1.728529
1.730992
1.734820
1.736719
1.737347
1.738356
1.740928
1.743360
1.745161
1.748436
1.748872
1.750902
1.752705
1.754360
1.756733
1.758988
1.757823
1.750198
1.748837
1.750449
1.752033
1.754140
1.757132
1.758729
1.760129
1.761784
1.762962
1.763242
1.763765
1.764143
1.762393
1.764102
1.765419
1.766104
1.766494
1.769923
1.771057
1.772699
1.771666
1.767751
1.768342
1.769679
1.771592
1.771627
1.769899
1.770264
1.771552
1.771709
1.772790
1.773487
1.774235
1.775883
1.776302
1.775265
1.775639
1.777692
1.778678
1.780035
1.781198
1.781550
1.782349
1.782579
1.782298
1.783907
1.784839
1.785430
1.786221
1.788036
1.789718
1.791018
1.791139
1.791852
1.790144
1.789997
1.790733
1.792618
1.790638
1.787581
1.787673
1.788770
1.789843
1.791468
1.790846
1.790804
1.791546
1.792491
1.793054
1.792068
1.789498
1.788487
1.789652
1.790610
1.790327
1.789548
1.790903
1.790623
1.790847
1.791603
1.792553
1.793457
1.794343
1.795381
1.795198
1.796229
1.797081
1.797739
1.798977
1.799448
1.801168
1.801928
1.802504
1.803128
1.803945
1.804753
1.805954
1.806747
1.807449
1.808298
1.808783
1.806118
1.800125
1.798533
1.798600
1.797030
1.796029
1.796566
1.797253
1.798086
1.799429
1.800100
1.800763
1.801042
1.802025
1.802868
1.804113
1.804781
1.805521
1.806063
1.806210
1.805808
1.806511
1.807747
1.808401
1.809116
1.809593
1.810101
1.810860
1.811681
1.812310
1.812931
1.813426
1.814070
1.814687
1.814998
1.814548
1.815145
1.814895
1.810579
1.805530
1.803357
1.803944
1.803151
1.803441
1.803392
1.802488
1.802338
1.798967
1.798760
1.799135
1.799799
1.800432
1.799102
1.796622
1.794347
1.795095
1.794715
1.793317
1.792715
1.792832
1.792700
1.789384
1.786735
1.786579
1.787228
1.787790
1.788342
1.789021
1.790110
1.790676
1.791317
1.791983
1.792532
1.792996
1.793636
1.794686
1.795323
1.795940
1.796554
1.797163
1.797784
1.798837
1.799462
1.800029
1.800605
1.801210
1.801779
1.802320
1.803282
1.803764
1.802694
1.798569
1.797164
1.797610
1.798644
1.799083
1.799768
1.800379
1.800891
1.801471
1.802071
1.802839
1.802033
1.801837
1.802395
1.802914
1.803464
1.803944
1.804867
1.805298
1.805714
1.806262
1.806531
1.806732
1.807459
1.807838
1.808315
1.808741
1.808632
1.808691
1.809203
1.810025
1.809534
1.806234
1.805037
1.805498
1.805953
1.806715
1.806900
1.807759
1.808077
1.808563
1.809042
1.809510
1.810242
1.810356
1.810715
1.811353
1.811620
1.812135
1.811918
1.808836
1.806610
1.806698
1.807281
1.807686
1.808290
1.809063
1.809424
1.809735
1.809919
1.809368
1.809601
1.807536
1.804169
1.803504
1.804138
1.804565
1.805060
1.805488
1.805378
1.803924
1.802121
1.802095
1.802271
1.802699
1.803094
1.803887
1.804333
1.804782
1.805166
1.805468
1.805701
1.805169
1.805858
1.805863
1.806050
1.806470
1.806238
1.803104
1.801897
1.801972
1.802333
1.802757
1.803199
1.803666
1.804105
1.804886
1.805063
1.805740
1.806165
1.806587
1.807037
1.807772
1.807854
1.808437
1.808850
1.809276
1.809669
1.810059
1.810709
1.811111
1.811501
1.811912
1.812136
1.812670
1.813015
1.813641
1.813833
1.814388
1.814442
1.813497
1.813758
1.814312
1.814715
1.815078
1.815451
1.815817
1.816174
1.816403
1.816808
1.816873
1.815812
1.814665
1.814742
1.815040
1.815373
1.815730
1.816158
1.815944
1.815893
1.816206
1.816512
1.817176
1.817486
1.816994
1.815113
1.813830
1.814304
1.815745
1.816005
1.816016
1.816176
1.816520
1.816864
1.817146
1.817835
1.818140
1.818482
1.818807
1.819122
1.819479
1.819840
1.820462
1.820775
1.821130
1.821505
1.821823
1.822106
1.822637
1.823006
1.823221
1.823399
1.822763
1.822506
1.822929
1.823485
1.823825
1.824056
1.824382
1.824638
1.824955
1.825272
1.825738
1.825894
1.826332
1.826656
1.826940
1.827307
1.827304
1.826975
1.827112
1.827006
1.827369
1.827381
1.826845
1.825699
1.825167
1.825682
1.825947
1.826272
1.826123
1.824197
1.822965
1.820524
1.820018
1.820328
1.820719
1.821007
1.821270
1.821843
1.822158
1.822327
1.821268
1.820441
1.820578
1.821125
1.821386
1.821679
1.821975
1.822285
1.822620
1.823135
1.823468
1.823597
1.823591
1.824365
1.825045
1.825548
1.827404
1.828800
1.829267
1.829509
1.829772
1.830118
1.830223
1.829896
1.827832
1.826236
1.826074
1.826329
1.826613
1.827132
1.827411
1.827662
1.827936
1.828191
1.828389
1.828618
1.829126
1.829409
1.830036
1.830365
1.830585
1.830799
1.831300
1.831770
1.832697
1.833093
1.833346
1.833610
1.833858
1.834352
1.834604
1.834853
1.835068
1.835338
1.835486
1.835959
1.836173
1.836282
1.836493
1.836714
1.836993
1.837228
1.837432
1.837890
1.837948
1.838087
1.838346
1.838553
1.838800
1.839251
1.839454
1.839604
1.839919
1.840064
1.839781
1.837838
1.835595
1.834155
1.834257
1.834571
1.834553
1.832524
1.831384
1.829622
1.829015
1.829283
1.829470
1.829736
1.829855
1.829620
1.829437
1.827357
1.825994
1.826008
1.826230
1.826656
1.826952
1.827205
1.827258
1.826874
1.825023
1.824083
1.824361
1.824866
1.825068
1.825133
1.824983
1.824358
