0.000000
0.000000
0.002000
0.002000
34.396000
46.020000
48.917000
59.293000
69.306000
79.966000
82.705000
90.729000
98.463000
105.360000
111.268000
119.758000
140.367000
150.139000
156.155000
164.997000
173.048000
190.241000
195.158000
202.805000
221.084000
241.997000
251.664000
256.733000
262.233000
272.297000
284.279000
294.734000
304.524000
314.542000
324.092000
327.968000
334.672000
337.497000
340.353000
350.554000
350.892000
352.346000
354.966000
359.338000
364.279000
370.350000
377.126000
390.390000
406.228000
416.674000
427.412000
431.692000
436.697000
443.497000
450.719000
461.427000
473.815000
478.911000
483.922000
490.224000
498.463000
506.444000
516.927000
526.118000
540.491000
552.598000
570.310000
578.909000
584.918000
588.074000
589.302000
589.659000
589.872000
590.044000
590.187000
605.235000
618.155000
625.420000
632.441000
639.004000
646.731000
660.618000
674.483000
682.003000
687.834000
692.003000
696.770000
702.113000
717.873000
728.456000
731.541000
739.105000
753.629000
759.848000
770.680000
785.317000
796.919000
815.387000
818.933000
824.096000
838.009000
852.793000
870.534000
881.369000
891.876000
893.653000
909.404000
932.361000
947.992000
958.254000
967.499000
973.184000
976.937000
978.828000
981.644000
985.604000
989.671000
992.990000
999.642000
1004.075000
1004.439000
1004.747000
1005.085000
1005.170000
1005.183000
1005.802000
1016.560000
1024.777000
1034.571000
1042.433000
1046.326000
1049.038000
1052.863000
1054.516000
1056.383000
1060.173000
1064.282000
1065.012000
1065.895000
1068.099000
1075.632000
1088.281000
1096.165000
1100.895000
1106.081000
1113.153000
1127.885000
1129.239000
1143.255000
1164.272000
1179.293000
1190.626000
1205.490000
1213.304000
1222.222000
1230.940000
1236.714000
1249.105000
1252.994000
1259.398000
1265.319000
1271.303000
1279.053000
1287.691000
1294.681000
1299.000000
1314.107000
1322.409000
1330.297000
1335.028000
1340.055000
1345.139000
1348.873000
1354.508000
1361.085000
1372.083000
1384.735000
1395.289000
1402.543000
1405.169000
1406.380000
1408.073000
1411.403000
1415.207000
1422.898000
1443.900000
1456.071000
1469.821000
1485.270000
1490.827000
1492.837000
1494.138000
1497.257000
1500.225000
1506.773000
1511.266000
1514.990000
1518.989000
1525.241000
1532.008000
1540.342000
1547.470000
1559.914000
1576.545000
1589.617000
1596.647000
1607.722000
1615.552000
1624.030000
1631.850000
1645.681000
1659.426000
1668.373000
1676.134000
1687.368000
1692.380000
1696.112000
1699.166000
1706.329000
1717.819000
1725.778000
1730.762000
1741.890000
1751.841000
1752.239000
1754.576000
1763.248000
1774.562000
1784.446000
1796.388000
1809.694000
1821.715000
1836.307000
1843.131000
1848.923000
1851.300000
1854.906000
1858.074000
1860.406000
1863.360000
1865.194000
1865.530000
1865.761000
1865.844000
1873.129000
1879.209000
1888.823000
1894.382000
1899.667000
1903.682000
1904.446000
1905.013000
1906.552000
1906.898000
1908.443000
1917.842000
1943.055000
1949.534000
1959.837000
1961.729000
1962.378000
1962.451000
1967.601000
1969.243000
1969.637000
1973.987000
1977.643000
1983.830000
1990.265000
1993.541000
1993.838000
1993.872000
1993.876000
1993.878000
1993.976000
1994.175000
1994.234000
1994.256000
1997.064000
1998.996000
2001.802000
2004.140000
2007.966000
2011.959000
2012.823000
2012.904000
2012.916000
2012.980000
2012.984000
2012.985000
2013.001000
2013.014000
2013.450000
2014.354000
2015.365000
2015.536000
2015.572000
2015.614000
2016.041000
2016.201000
2016.254000
2016.266000
2016.303000
2017.515000
2021.431000
2024.550000
2026.184000
2027.616000
2034.136000
2039.312000
2046.577000
2049.636000
2052.929000
2054.415000
2054.698000
2054.939000
2055.202000
2055.323000
2055.431000
2055.548000
2056.395000
2057.744000
2061.031000
2066.704000
2072.963000
2076.161000
2084.028000
2095.946000
2102.839000
2106.631000
2112.103000
2117.477000
2122.752000
2128.355000
2139.308000
2155.548000
2172.553000
2181.043000
2187.458000
2195.577000
2203.018000
2208.421000
2222.238000
2233.699000
2252.649000
2258.373000
2262.217000
2270.853000
2279.004000
2283.636000
2291.751000
2298.387000
2307.792000
2315.120000
2324.624000
2334.954000
2340.000000
2349.987000
2361.914000
2368.024000
2375.769000
2378.981000
2385.664000
2386.294000
2386.356000
2386.361000
2386.476000
2386.582000
2386.626000
2386.630000
2389.378000
2389.980000
2399.549000
2408.973000
2411.422000
2413.768000
2423.571000
2426.646000
2430.850000
2439.230000
2446.963000
2450.641000
2455.724000
2459.830000
2461.067000
2461.793000
2464.142000
2465.688000
2466.535000
2466.943000
2467.894000
2469.909000
2471.096000
2471.529000
2476.889000
2477.150000
2478.140000
2484.195000
2490.509000
2495.025000
2503.251000
2504.632000
2504.866000
2504.980000
2505.040000
2505.383000
2506.981000
2507.604000
2508.139000
2510.288000
2517.023000
2523.403000
2525.816000
2528.323000
2532.126000
2536.961000
2541.551000
2542.921000
2543.776000
2543.859000
2544.055000
2544.080000
2544.261000
2544.346000
2544.715000
2544.767000
2544.959000
2550.190000
2553.728000
2560.459000
2573.221000
2583.811000
2587.869000
2590.054000
2594.270000
2602.060000
2606.231000
2609.713000
2614.310000
2619.151000
2630.233000
2634.318000
2642.668000
2647.531000
2657.561000
2657.713000
2657.770000
2671.343000
2680.848000
2683.724000
2688.931000
2698.194000
2707.505000
2714.619000
2717.963000
2718.570000
2720.836000
2721.368000
2726.469000
2726.542000
2726.553000
2726.696000
2726.739000
2728.832000
2729.037000
2729.151000
2729.491000
2729.654000
2729.716000
2729.758000
2729.786000
2729.885000
2730.425000
2730.425000
2730.425000
2730.427000
2731.999000
2734.249000
2736.526000
2739.017000
2747.368000
2756.369000
2771.684000
2783.860000
2786.592000
2788.909000
2795.083000
2801.593000
2810.606000
2818.253000
2828.888000
2840.382000
2851.141000
2858.561000
2867.445000
2876.750000
2883.355000
2888.367000
2893.299000
2899.755000
2913.710000
2917.858000
2920.941000
2926.524000
2934.392000
2936.532000
2939.549000
2947.171000
2953.374000
2954.023000
2954.774000
2954.789000
2954.793000
2954.793000
2954.796000
2954.796000
2954.796000
2954.796000
2954.796000
2954.796000
2954.796000
2954.796000
2954.797000
2954.802000
2954.844000
2954.851000
2954.994000
2955.341000
2955.420000
2955.426000
2955.426000
2955.429000
2955.430000
2955.571000
2956.631000
2959.204000
2964.145000
2967.080000
2969.458000
2970.390000
2970.615000
2970.617000
2970.619000
2970.647000
2970.655000
2970.671000
2971.080000
2976.718000
2977.288000
2978.709000
2980.980000
2982.211000
2982.561000
2983.121000
2983.174000
2983.177000
2983.238000
2983.332000
2983.492000
2983.503000
2983.503000
2983.503000
2983.510000
2983.528000
2983.529000
2983.532000
2983.609000
2983.793000
2983.847000
2983.869000
2983.882000
2983.908000
2983.982000
2984.143000
2984.632000
2989.403000
2996.625000
3003.816000
3015.105000
3023.363000
3029.842000
3035.964000
3043.270000
3047.960000
3050.694000
3051.455000
3052.175000
3053.655000
3053.786000
3053.789000
3053.801000
3053.809000
3053.830000
3053.904000
3054.115000
3055.695000
3056.768000
3056.978000
3057.020000
3058.953000
3062.370000
3062.698000
3062.727000
3062.765000
3067.634000
3072.771000
3079.839000
3081.398000
3081.676000
3082.071000
3087.282000
3093.742000
3097.199000
3103.054000
3111.689000
3116.549000
3117.626000
3117.750000
3117.860000
3117.863000
3118.552000
3122.664000
3123.564000
3125.148000
3128.298000
3128.681000
3129.203000
3129.218000
3129.566000
3130.027000
3133.140000
3141.521000
3154.059000
3163.269000
