4.97993
5.02118
5.11935
5.27672
5.79192
6.86549
7.52028
8.87985
8.99901
10.0711
11.3735
11.513
12.7168
13.6621
14.448
14.4772
15.5032
16.0515
16.0828
16.1143
16.1421
17.3906
17.648
17.6864
17.7914
17.8292
17.8584
17.8964
18.9886
19.0323
19.916
20.0625
20.0938
20.3082
20.3343
20.3656
21.468
22.3116
22.4702
22.7069
22.7382
22.7667
22.8003
22.8526
22.8834
24.2689
24.5959
24.7227
25.3917
25.4246
25.4595
25.5045
25.5323
25.5638
25.5918
25.6389
25.6762
25.708
27.0929
27.7889
27.837
27.8785
27.9256
27.967
28.0084
28.1472
28.1891
28.8538
29.7011
30.1987
31.2751
32.3232
32.6593
33.047
33.8836
34.9058
35.1914
35.2275
35.2589
36.2366
36.268
36.2973
36.3286
36.3666
36.4017
36.4374
37.824
37.8571
37.8842
37.9179
37.9591
37.994
38.0243
38.0529
38.0953
38.1298
38.1605
38.1894
38.2243
38.2498
38.2798
38.3091
38.347
39.7128
39.744
39.7727
39.8017
39.8412
39.8777
39.9068
39.937
39.9742
40.0117
40.0542
41.4445
42.8213
42.8557
42.9058
42.9431
42.975
43.8459
43.8733
43.9033
44.6425
45.9799
46.2458
46.2768
46.4976
47.8721
49.249
50.3827
51.1855
51.974
52.0084
52.1037
52.2411
52.7775
53.437
53.6989
54.9006
55.1786
55.2121
56.3844
56.5049
56.5377
57.7136
57.7494
57.9882
59.0414
59.6921
59.9835
60.0188
61.0435
61.0801
61.1135
61.1384
61.8515
61.98
62.2437
62.2842
62.3212
62.3679
63.1869
64.0694
64.916
64.9521
65.4472
65.4786
65.5087
66.9155
68.1217
68.6504
68.6807
68.7812
69.1778
69.2032
69.2396
69.2754
69.317
69.3492
69.3782
69.4214
70.8091
71.302
72.5072
72.6475
72.6769
74.0561
74.7846
74.8199
74.8471
74.8846
74.9206
74.9454
74.9802
75.0191
75.0549
75.0794
75.1156
75.1461
75.1831
75.2289
75.2656
75.3046
75.3352
75.3659
75.3952
75.4317
75.4694
75.4985
76.8772
78.2367
78.9016
79.1783
80.3912
81.0393
81.0762
81.1098
81.1765
81.8469
81.8848
81.9228
83.3051
83.3441
83.3796
84.1081
84.3757
85.1721
85.4472
85.9839
86.0179
86.4006
86.7821
86.8158
86.91
87.6767
87.7285
87.9925
88.5094
89.3114
89.452
89.9916
90.0289
91.3831
91.6007
92.6635
93.1682
93.4456
94.7983
94.9144
95.1935
96.0951
96.794
97.7161
98.248
99.3154
99.7093
100.41
101.178
101.204
101.237
101.265
101.309
101.452
101.48
101.702
101.983
102.014
102.775
102.807
102.842
103.433
104.232
104.501
104.531
104.562
104.59
105.982
106.66
107.975
108.009
108.044
108.102
108.147
108.174
108.24
108.401
108.434
108.464
108.502
108.529
108.562
108.587
108.664
108.692
108.719
108.775
108.804
108.845
108.906
108.937
108.968
108.994
109.038
109.075
109.102
109.162
109.199
109.241
109.267
109.309
109.338
109.394
110.778
112.135
112.784
113.837
113.979
114.237
114.264
115.528
115.578
116.257
116.921
116.962
117.002
117.053
117.093
117.138
117.185
117.999
118.509
118.538
118.566
118.6
119.653
120.673
121.148
121.441
121.474
122.251
122.789
123.05
123.445
123.481
124.306
124.669
124.699
125.048
125.586
126.104
127.487
127.853
127.904
127.935
127.977
128.806
128.921
129.991
131.309
132.675
132.788
133.44
133.472
133.497
133.893
134.912
135.313
136.103
136.155
137.043
137.083
137.133
137.175
137.214
137.243
137.272
137.314
137.344
137.399
137.444
137.486
137.527
137.577
137.644
137.699
137.738
137.775
139.152
140.517
140.548
140.851
141.386
142.773
143.711
144.106
144.162
144.191
144.24
144.276
144.312
144.356
144.419
145.805
147.068
147.706
147.991
149.187
150.903
152.37
152.707
152.906
153.036
153.842
153.97
154.001
154.027
154.062
154.107
154.162
154.193
154.236
154.277
154.321
155.701
157.142
158.515
159.446
160.242
160.78
161.691
161.885
161.998
162.923
163.197
164.581
164.803
165.702
166.523
166.681
166.805
167.08
168.25
168.917
169.307
169.439
169.592
170.971
171.712
171.986
172.141
173.276
173.447
174.693
175.043
175.309
176.425
176.505
176.79
176.915
178.295
178.911
179.042
179.587
180.236
180.793
182.155
183.393
184.78
186.148
186.915
187.307
188.66
190.071
190.524
190.684
191.455
191.493
191.86
191.918
191.974
192.029
192.423
193.189
193.453
194.459
195.19
195.991
196.263
197.682
197.742
198.259
199.31
199.708
200.567
200.778
201.43
201.59
202.749
202.921
203.051
204.423
205.799
207.175
208.553
209.842
211.04
211.577
211.639
213.031
213.308
213.995
214.049
214.51
214.548
214.576
215.942
215.995
216.102
216.501
216.533
216.561
216.593
216.665
217.434
217.469
217.708
217.735
217.768
217.798
217.838
217.969
217.999
218.034
218.07
218.136
218.174
218.204
218.253
218.291
218.323
218.396
218.443
218.499
218.54
218.576
218.608
218.69
218.733
218.775
218.821
218.865
218.935
218.976
219.025
219.059
219.097
219.163
219.203
219.242
219.306
219.348
220.725
222.658
224.049
224.107
224.164
224.511
224.928
224.97
225.706
226.516
227.442
227.716
228.69
229.044
229.857
230.423
231.08
231.452
231.601
232
233.41
233.904
234.426
234.704
234.792
236.005
236.92
236.961
237
237.973
238.02
238.061
238.103
238.158
238.243
238.28
239.586
239.648
239.71
239.75
239.789
239.834
241.208
241.257
241.303
241.348
241.406
241.594
242.968
244.341
244.414
245.587
246.907
248.279
248.328
248.402
248.456
248.508
249.893
251.317
251.574
251.847
252.248
252.401
252.467
253.859
255.241
256.616
258.017
259.389
259.837
259.87
259.981
260.234
260.268
260.303
260.331
260.378
260.414
261.79
263.178
264.096
264.641
264.674
264.776
265.303
265.334
265.369
265.404
266.784
266.903
266.932
266.962
266.997
267.032
270.293
273.691
273.798
277.047
280.305
281.676
283.042
283.981
284.106
284.903
285.172
285.702
286.234
286.77
286.806
286.842
286.878
286.91
290.161
293.42
296.685
298.056
299.463
300.868
300.924
300.978
301.236
301.39
301.443
301.5
301.665
301.798
301.921
302.074
302.125
303.498
303.688
305.073
305.201
305.35
305.488
306.869
308.244
308.503
309.246
311.976
313.179
314.561
315.936
317.297
317.979
318.899
