0.005324
0.005661
0.005340
0.006969
0.006849
0.005199
0.003736
0.004615
0.003917
0.005446
0.007380
0.005561
0.005676
0.005642
0.005757
0.006427
0.008764
0.007691
0.007372
0.008253
0.007163
0.007269
0.006671
0.006566
0.006690
0.007120
0.007031
0.006937
0.005418
0.004657
0.002800
0.003230
0.003633
0.002496
0.002589
0.004178
0.004832
0.004272
0.005903
0.004096
0.004372
0.004269
0.005404
0.004524
0.006429
0.006838
0.005536
0.005100
0.005375
0.007131
0.004587
0.005243
0.005692
0.005686
0.004827
0.007353
0.005488
0.005319
0.007336
0.006721
0.006759
0.006748
0.007407
0.007499
0.007446
0.006291
0.004669
0.004978
0.006872
0.007666
0.006286
0.004179
0.004014
0.003610
0.002928
0.003141
0.002662
0.003483
0.002430
0.003118
0.003076
0.003546
0.003587
0.002733
0.004103
0.003722
0.003731
0.003686
0.002538
0.003620
0.003561
0.004414
0.003738
0.002458
0.003692
0.004519
0.003823
0.003636
0.003636
0.003678
0.003677
0.003677
0.009484
0.004957
0.004914
0.004958
0.004909
0.004959
0.005023
0.004954
0.004930
0.004968
0.005134
0.010421
0.009467
0.007114
0.007761
0.006629
0.006154
0.006419
0.005752
0.004817
0.004421
0.003862
0.003150
0.002713
0.002530
0.006228
0.006250
0.005625
0.004959
0.004622
0.004108
0.005033
0.003671
0.003501
0.004693
0.004875
0.005165
0.003735
0.004023
0.003942
0.003345
0.003715
0.004647
0.004787
0.004764
0.004929
0.005020
0.005446
0.006070
0.006061
0.006381
0.006332
0.006483
0.006009
0.007194
0.009591
0.008703
0.006881
0.007138
0.006256
0.006615
0.004531
0.005138
0.003157
0.002771
0.003061
0.002720
0.005411
0.004620
0.004343
0.003854
0.003632
0.004327
0.004349
0.004082
0.005171
0.004910
0.004019
0.003782
0.004499
0.006726
0.004875
0.003044
0.004192
0.003611
0.002663
0.002578
0.004084
0.002960
0.002186
0.003190
0.002138
0.003057
0.003896
0.003680
0.002652
0.003722
0.003865
0.002889
0.010799
0.004821
0.004429
0.004906
0.004245
0.004836
0.003802
0.006405
0.006322
0.007488
0.005936
0.004758
0.005380
0.005154
0.006724
0.006366
0.006535
0.006940
0.006451
0.007525
0.009205
0.005451
0.005679
0.006629
0.005200
0.004220
0.007644
0.006105
0.006268
0.007689
0.006642
0.004407
0.004287
0.004368
0.005368
0.006068
0.006167
0.004822
0.005706
0.004952
0.004505
0.005863
0.005273
0.005666
0.004479
0.005125
0.004940
0.006246
0.005394
0.005747
0.004765
0.004698
0.004222
0.004270
0.003771
0.005155
0.005885
0.005135
0.004805
0.004137
0.006000
0.006961
0.007754
0.006495
0.006179
0.007394
0.007920
0.004750
0.007921
0.005976
0.004326
0.003305
0.004218
0.003432
0.004822
0.003823
0.005278
0.005023
0.004781
0.003690
0.004689
0.004342
0.006369
0.003256
0.005513
0.004236
0.003352
0.002724
0.002896
0.004106
0.004988
0.004012
0.003644
0.003636
0.002861
0.005052
0.004261
0.003591
0.003789
0.005548
0.005912
0.004246
0.004521
0.004991
0.003514
0.005595
0.005514
0.005041
0.004061
0.005044
0.004987
0.009112
0.007430
0.006148
0.005082
0.007007
0.006781
0.006579
0.005305
0.007599
0.007681
0.007222
0.008495
0.007772
0.007978
0.008158
0.007404
0.007337
0.007450
0.008313
0.005564
0.004319
0.004031
0.004430
0.003742
0.003587
0.004516
0.003598
0.003516
0.004350
0.004705
0.006243
0.005478
0.004972
0.005427
0.003936
0.004556
0.005084
0.004201
0.003833
0.004490
0.006238
0.006152
0.005494
0.004086
0.004851
0.006935
0.004123
0.004225
0.003336
0.004109
0.004053
0.004224
0.004095
0.004060
0.004348
0.006106
0.005855
0.005364
0.007322
0.005658
0.004933
0.006378
0.006378
0.004158
0.006171
0.005828
0.006023
0.006190
0.006617
0.007453
0.007750
0.008159
0.007846
0.009053
0.006251
0.009309
0.008571
0.005860
0.005738
0.005271
0.003733
0.004057
0.003741
0.003891
0.003289
0.003946
0.005267
0.003381
0.007598
0.002561
0.004861
0.003933
0.004807
0.006042
0.006711
0.005528
0.006272
0.004325
0.004175
0.004080
0.003712
0.002517
0.003504
0.003472
0.002846
0.005345
0.007478
0.006937
0.006641
0.006516
0.006254
0.008291
0.008788
0.008546
0.006338
0.003583
0.003093
0.002884
0.003618
0.003866
0.004481
0.004234
0.004103
0.004031
0.005656
0.004974
0.006008
0.006837
0.008563
0.008039
0.004396
0.004962
0.004827
0.005368
0.006836
0.005810
0.008494
0.005309
0.006144
0.005631
0.005200
0.004350
0.004860
0.005808
0.005520
0.004172
0.006532
0.005351
0.005379
0.004167
0.004109
0.003145
0.003583
0.009977
0.010430
0.008729
0.008432
0.006833
0.006539
0.004020
0.002696
0.003978
0.003943
0.003741
0.007088
0.004883
0.005034
0.005021
0.004869
0.005984
0.007341
0.007065
0.003987
0.004300
0.005146
0.007896
0.011346
0.011035
0.011456
0.014654
0.009876
0.008532
0.005988
0.004625
0.002505
0.002752
0.003735
0.007703
0.008678
0.008438
0.010596
0.006107
0.005184
0.006750
0.005494
0.005036
0.004403
0.005072
0.005940
0.004967
0.004600
0.004634
0.004913
0.005117
0.005911
0.006810
0.004703
0.005416
0.006533
0.005064
0.006172
0.006540
0.004198
0.007024
0.004697
0.004090
0.006604
0.004733
0.005120
0.003609
0.003685
0.003655
0.004430
0.004731
0.006096
0.006958
0.008729
0.007760
0.008539
0.006176
0.010346
0.009676
0.008167
0.007329
0.007366
0.009737
0.008415
0.009275
0.013184
0.007202
0.007545
0.008387
0.006775
0.005744
0.007322
0.006986
0.007069
0.008541
0.015602
0.008077
0.011564
0.007063
0.006937
0.006447
0.004179
0.005914
0.009176
0.004668
0.004353
0.004078
0.006170
0.005054
0.004211
0.004763
0.008811
0.007506
0.006518
0.008830
0.008376
0.008533
0.008500
0.008410
0.007659
0.007849
0.007209
0.006200
0.007361
0.006216
0.004709
0.006166
0.007203
0.005271
0.005222
0.004887
0.005796
0.004536
0.005656
0.005542
0.007020
0.005450
0.005001
0.009447
0.009110
0.011953
0.009009
0.009140
0.010679
0.009162
0.006891
0.004797
0.004213
0.005576
0.009287
0.009249
0.011495
0.009226
0.009232
0.009398
0.007026
0.006359
0.004676
0.009128
0.009855
0.014209
0.017411
0.014014
0.013628
0.010880
0.007627
0.009742
0.004959
0.005441
0.004371
0.005662
0.004083
0.006923
0.004974
0.006412
0.005093
0.005406
0.002874
0.002473
0.001957
0.001931
0.002041
0.002816
0.003353
0.002601
0.002686
0.004678
0.004402
0.004826
0.003843
0.006050
0.005318
0.007317
0.007784
0.007955
0.006557
0.007930
0.008031
0.006373
0.002981
0.003802
0.003600
0.003368
0.004334
0.003722
0.003646
0.005060
0.003863
0.006812
0.003553
0.004187
0.005037
0.007962
0.006892
0.005826
0.010561
0.011347
0.011219
0.011126
0.015115
0.011120
0.011273
0.011112
0.011608
0.012129
0.011588
0.010334
0.008364
0.010244
0.009569
0.009474
0.009399
0.009312
0.007462
0.005786
0.005032
0.005956
0.005143
0.005264
0.006646
0.006596
0.003655
0.004167
0.003349
