0.001522
0.001912
0.002215
0.002122
0.002102
0.002406
0.002075
0.002349
0.002432
0.002753
0.003218
0.002908
0.003285
0.003240
0.003750
0.003518
0.003486
0.003764
0.003149
0.003281
0.003072
0.003528
0.003514
0.003910
0.003773
0.003819
0.003516
0.003715
0.004072
0.006858
0.003307
0.002743
0.002519
0.002582
0.002454
0.002548
0.003065
0.003466
0.003666
0.003544
0.003499
0.003388
0.003900
0.003765
0.003701
0.004233
0.003963
0.004236
0.004096
0.004416
0.004188
0.004508
0.004212
0.004584
0.004323
0.004163
0.004132
0.004098
0.004184
0.004120
0.004342
0.004281
0.004006
0.004433
0.004380
0.004129
0.004062
0.004236
0.004167
0.004592
0.004910
0.003699
0.003745
0.003821
0.003961
0.004632
0.004635
0.004550
0.004489
0.004711
0.004858
0.004581
0.004248
0.004371
0.004729
0.004830
0.003587
0.003438
0.003675
0.003290
0.003631
0.003323
0.003321
0.003521
0.003965
0.003572
0.003559
0.003334
0.003304
0.003351
0.003410
0.003783
0.003211
0.004588
0.004513
0.004492
0.004277
0.004669
0.004949
0.004354
0.003977
0.004164
0.004186
0.004050
0.004132
0.004056
0.004004
0.004410
0.003758
0.004049
0.003649
0.004118
0.003424
0.004043
0.004956
0.003834
0.003496
0.003080
0.002757
0.004045
0.003351
0.003253
0.003016
0.003082
0.003537
0.004130
0.002749
0.002859
0.003171
0.002862
0.003312
0.003102
0.003034
0.003030
0.002640
0.002871
0.002969
0.002980
0.003315
0.003097
0.003356
0.003018
0.003041
0.003066
0.003415
0.002944
0.003117
0.003326
0.002824
0.003092
0.003008
0.002878
0.002868
0.003392
0.003395
0.003306
0.003313
0.003257
0.003214
0.002951
0.003569
0.004035
0.003787
0.003786
0.003366
0.003936
0.003325
0.003480
0.002972
0.003102
0.003158
0.003186
0.003648
0.003540
0.003761
0.003539
0.003727
0.003620
0.003502
0.006637
0.003800
0.003587
0.003994
0.003799
0.003711
0.003580
0.003417
0.003297
0.003320
0.003776
0.003366
0.007301
0.005026
0.003906
0.003749
0.003687
0.003823
0.003786
0.003750
0.003545
0.003602
0.003556
0.004160
0.003694
0.004147
0.004480
0.004359
0.003980
0.003987
0.004093
0.004230
0.004315
0.004527
0.004544
0.004189
0.004307
0.004143
0.004784
0.004171
0.003220
0.003536
0.003418
0.003348
0.003108
0.003890
0.003875
0.003618
0.003709
0.003917
0.004029
0.003827
0.003860
0.003714
0.004113
0.004586
0.004155
0.004637
0.003945
0.003665
0.003335
0.003306
0.003501
0.003812
0.003886
0.003772
0.003931
0.003652
0.003712
0.003199
0.003513
0.003286
0.003149
0.003435
0.003052
0.003075
0.003442
0.003041
0.003137
0.003093
0.003940
0.003493
0.003581
0.003313
0.003274
0.003350
0.003636
0.002764
0.003231
0.003594
0.003161
0.003066
0.003179
0.003170
0.004150
0.003390
0.004948
0.003390
0.003457
0.003145
0.003698
0.003244
0.003328
0.003135
0.003276
0.003544
0.003182
0.003222
0.003036
0.003090
0.003215
0.002864
0.003352
0.003298
0.003116
0.003279
0.003433
0.003257
0.002973
0.002783
0.002790
0.003161
0.003127
0.002860
0.002873
0.003096
0.003188
0.003190
0.003021
0.003344
0.003303
0.003365
0.003328
0.003543
0.003883
0.003808
0.003279
0.004157
0.003935
0.003260
0.003721
0.004083
0.004232
0.003727
0.004144
0.003968
0.003779
0.002867
0.003119
0.003366
0.003379
0.003196
0.003330
0.003613
0.003564
0.003368
0.003622
0.003488
0.003050
0.003261
0.002666
0.003046
0.002906
0.003710
0.003037
0.002688
0.003154
0.003578
0.003623
0.003201
0.003834
0.003520
0.003327
0.003640
0.003689
0.003575
0.003772
0.003719
0.003298
0.003932
0.004072
0.005539
0.005800
0.004931
0.005154
0.004996
0.004884
0.004780
0.005359
0.005351
0.004839
0.005383
0.005301
0.004626
0.005159
0.004954
0.005454
0.004849
0.004863
0.005028
0.005151
0.005164
0.004889
0.004780
0.004778
0.004926
0.004903
0.004864
0.004267
0.005010
0.005049
0.004802
0.004785
0.004773
0.005470
0.005803
0.005190
0.005101
0.004709
0.005183
0.005223
0.005129
0.005224
0.005060
0.004746
0.005104
0.004881
0.004905
0.004241
0.004610
0.004281
0.004317
0.004387
0.004313
0.004378
0.004475
0.004776
0.005270
0.005668
0.005670
0.005171
0.005065
0.004991
0.004981
0.004351
0.004464
0.003969
0.004067
0.004393
0.004668
0.004360
0.004458
0.003972
0.006044
0.005666
0.005903
0.005657
0.006143
0.005870
0.005244
0.005159
0.005428
0.006570
0.006179
0.006778
0.006497
0.006454
0.006036
0.006198
0.006097
0.005822
0.006405
0.006114
0.005504
0.005607
0.005957
0.005149
0.005299
0.005425
0.006105
0.005579
0.006404
0.006091
0.006463
0.005328
0.005993
0.005925
0.005271
0.008610
0.005637
0.004841
0.004883
0.005696
0.005373
0.005254
0.004889
0.003268
0.004282
0.004930
0.004557
0.005458
0.005279
0.005354
0.006141
0.006366
0.010154
0.006194
0.006420
0.009362
0.006723
0.006173
0.006768
0.009601
0.006989
0.007274
0.007599
0.006996
0.006131
0.006500
0.006025
0.005633
0.006024
0.008645
0.004900
0.005264
0.005433
0.005221
0.005333
0.008334
0.005250
0.005123
0.005021
0.005223
0.005834
0.005293
0.004681
0.004718
0.004715
0.004612
0.004845
0.005280
0.004519
0.004323
0.004550
0.005096
0.004385
0.004395
0.005251
0.004790
0.004172
0.004787
0.004394
0.004791
0.004254
0.007742
0.004464
0.004338
0.004290
0.004591
0.004894
0.004373
0.004279
0.007592
0.004773
0.004580
0.005076
0.004419
0.007032
0.005607
0.004181
0.003933
0.004658
0.004576
0.004619
0.004801
0.007419
0.004448
0.007740
0.004720
0.005178
0.004766
0.005476
0.005761
0.005626
0.005283
0.006340
0.005890
0.007162
0.007054
0.007868
0.007090
0.010364
0.008716
0.007053
0.011014
0.007571
0.007256
0.007441
0.006818
0.005626
0.008471
0.006429
0.006468
0.009468
0.006597
0.006228
0.006727
0.005721
0.005518
0.009249
0.005474
0.005313
0.007394
0.005831
0.008108
0.005490
0.006433
0.005258
0.005495
0.005758
0.005791
0.008970
0.006216
0.006259
0.005379
0.005706
0.006470
0.006940
0.006552
0.006229
0.006206
0.006818
0.006170
0.006027
0.006312
0.006861
0.007586
0.006550
0.006114
0.008252
0.006187
0.005142
0.004646
0.006989
0.004871
0.004596
0.004535
0.005127
0.005220
0.004393
0.004236
0.004141
0.004519
0.004253
0.004434
0.004161
0.004776
0.004290
0.004310
0.005929
0.003875
0.005067
0.004204
0.003782
0.003503
0.003469
0.004957
0.002809
0.004143
0.003519
0.003855
0.004681
0.007534
0.006784
0.006837
0.007051
0.006781
0.005997
0.006218
0.006032
0.005358
0.005144
0.004992
0.005122
0.005724
0.003420
0.003786
0.004465
0.007251
0.007326
0.006976
0.007537
0.007033
0.007190
0.009509
0.007904
0.006811
0.010892
0.007172
0.007136
0.007283
0.008249
0.006984
0.007142
0.007300
0.006093
0.006197
0.006092
0.006194
0.004855
0.004228
0.004726
0.004337
0.005603
0.005072
0.005317
0.004931
0.004799
0.004385
0.004226
