0.000000
0.000000
0.133333
0.633333
1.166667
1.766667
2.306121
3.130831
4.102754
5.159962
6.148478
7.115150
7.995087
8.977971
9.959191
10.720084
11.009860
11.425560
12.372361
13.351883
14.336739
15.328736
16.383453
17.291555
18.346995
19.264813
20.241156
21.231578
22.219077
23.269591
24.244456
25.227777
26.188550
27.123771
28.107251
29.147580
30.130777
31.103856
32.056372
32.949714
33.961424
34.946132
35.982922
36.917157
37.814228
38.690794
39.520739
40.198061
41.085493
42.090508
43.071029
44.060345
45.052021
46.024406
46.965671
48.019889
48.999568
49.962913
50.952728
51.941091
52.931298
53.916323
54.953306
55.928394
56.874109
57.467749
58.260293
59.213587
60.079671
60.857156
61.804166
62.705774
63.674982
64.406770
64.880051
65.688654
66.589564
67.114000
68.032797
69.016198
69.945217
70.893548
71.901181
72.871427
73.868438
74.843407
75.823486
76.817243
77.863464
78.853150
79.558972
80.110202
80.839579
81.777246
82.771604
83.786464
84.514293
85.155668
86.048914
87.037834
88.034775
89.063924
90.060516
91.046954
92.039462
93.033171
94.041373
95.045649
96.064803
97.098207
98.118953
99.106438
100.115736
101.077072
102.051791
103.018666
103.998929
104.971005
105.965588
106.926779
107.922650
108.960504
109.947062
110.934768
111.926070
112.889187
113.872517
114.819139
115.792475
116.743517
117.740824
118.701759
119.693372
120.663928
121.712544
122.694039
123.379568
123.644333
124.366990
125.283907
126.235230
127.072963
127.597986
128.270050
129.175727
130.149351
130.919717
131.606328
131.895917
132.356420
133.100940
134.065710
135.059283
136.062091
137.116228
138.097972
139.077281
140.062020
141.041269
142.011444
142.997658
143.662256
144.142467
145.023698
145.983990
146.985619
147.845696
148.769375
149.748422
150.736636
151.720419
152.708396
153.689726
154.679461
155.718031
156.706586
157.686279
158.684358
159.668982
160.658501
161.552936
162.555309
163.283140
164.178984
165.142883
166.174285
167.094938
168.030023
169.019934
170.008853
171.000061
171.993527
172.976849
173.963885
175.020607
176.010658
176.998032
177.989220
178.974579
179.949876
180.991681
182.033087
183.030662
184.025724
184.994193
185.997221
186.890812
187.638124
188.529250
189.517673
190.507903
191.440477
192.281372
192.880191
193.490662
194.203981
195.015149
195.981970
196.976199
197.690403
198.701551
199.693013
200.683008
201.673165
202.662438
203.641243
204.633642
205.691291
206.680478
207.667435
208.655343
209.599301
210.604700
211.670372
212.627163
213.624726
214.600378
215.594846
216.577067
217.568960
218.615525
219.565537
220.178243
221.013285
222.000319
222.989848
223.983235
225.046773
226.035293
226.909408
227.529048
228.336130
229.320288
230.296714
231.274458
232.146811
232.951537
233.797857
234.779788
235.671485
236.447399
237.339306
238.330177
239.315114
240.298771
241.298615
242.357400
243.326592
244.285893
245.235065
246.226287
247.202763
248.153623
249.181783
250.176458
251.163581
252.155476
253.140101
254.034972
254.826941
255.812226
256.799960
257.785255
258.772632
259.701468
260.685633
261.537350
261.986764
262.832061
263.721391
264.686958
265.617282
266.602203
267.628612
268.633571
269.421050
269.829879
270.507819
271.449045
272.473299
273.461298
274.454471
275.403767
276.268439
277.487578
278.581478
279.107068
279.489321
280.313630
281.303876
282.295240
283.261262
284.232885
285.286637
286.262961
287.278447
288.248944
289.240190
290.226560
291.283477
292.269473
293.254997
294.246683
295.219813
296.207951
297.198080
298.250341
299.229147
300.023755
300.973113
301.891507
302.834038
303.880491
304.833152
305.778940
306.766909
307.732471
308.689927
309.644051
310.708771
311.660549
312.526649
313.519752
314.509710
315.485782
316.477884
317.533826
318.521463
319.504983
320.478664
321.328923
321.592722
322.150944
323.178255
324.433916
325.450554
326.442557
327.420755
328.320826
328.909183
329.194258
329.962503
331.172758
332.261953
333.171901
334.200065
335.219080
336.223119
337.209461
338.194586
339.187547
340.179744
341.221721
342.214176
343.305130
344.297141
345.300978
346.339187
347.173568
348.184115
349.199573
350.163156
351.157155
352.154333
353.143904
354.210106
355.200226
356.141574
357.128129
358.089632
358.966804
359.954171
360.993571
361.986461
362.975124
363.959748
364.937656
365.910291
366.781288
367.746774
368.735068
369.729078
370.713683
371.561536
372.490903
373.578631
374.564903
375.554089
376.520398
377.461832
378.412478
379.405102
380.457324
381.457011
382.444637
383.437309
384.429800
385.430176
386.492901
387.335141
388.112872
389.112577
390.102608
391.079861
392.028731
392.997997
393.935696
394.793978
395.733906
396.677769
397.636683
398.701502
399.613769
400.448844
400.905471
401.371239
401.734581
402.152476
402.923256
403.237547
403.518869
404.125063
405.034108
406.024642
407.011344
408.063570
409.049995
410.025420
411.002095
411.989411
412.971139
414.035124
415.024367
416.015173
417.003273
417.984515
418.971586
419.904136
420.932767
421.919723
422.915556
423.781599
424.366746
425.140173
426.187889
427.177052
428.149041
429.122773
430.107596
431.096771
432.086745
433.058641
434.027285
434.964696
435.773334
436.621059
437.598779
438.079859
438.415228
439.268586
440.264156
441.252863
442.243963
443.235660
444.292862
445.284406
446.272922
447.266530
448.233030
449.228910
450.203258
451.257966
452.243754
453.214099
453.646725
453.997360
454.266891
455.116428
456.116401
457.098760
458.067226
459.062879
459.801848
460.136860
460.890399
461.848803
462.836542
463.824244
464.814712
465.805274
466.795536
467.849873
468.841300
469.832760
470.823740
471.820939
472.897473
473.941838
474.688034
475.214684
475.932306
476.914539
477.900211
478.882380
479.940833
480.758021
481.506834
482.481991
483.460869
484.240605
484.524975
484.762096
485.511703
486.530035
487.475810
488.235979
488.959301
489.874736
490.840382
491.830675
492.819535
493.809268
494.800096
495.790095
496.843414
497.822935
498.811733
499.801277
500.788081
501.778510
502.834998
503.801932
504.884534
505.976306
507.063083
508.147576
509.160602
510.177614
511.133520
512.115944
513.123298
514.123706
515.101910
516.157380
517.145724
518.124519
519.116758
520.107750
521.097842
522.088872
523.084730
523.587902
523.929987
524.707356
525.681964
526.679512
527.660503
528.701144
529.685966
530.676214
531.666764
532.655919
533.646786
534.697608
535.655117
536.629033
537.628504
538.598101
539.544949
540.511550
541.585729
542.592639
543.583954
544.575101
545.567356
546.557374
547.616489
548.612572
549.612949
550.269228
551.128309
552.021875
552.917150
554.110350
555.368065
556.401271
557.385195
558.503808
559.677040
560.672149
561.731922
562.712749
563.689794
564.680143
565.492404
566.101248
567.106385
568.101568
569.087317
570.098973
571.011536
571.628436
572.421532
573.387439
573.695344
574.266552
575.052843
575.277282
575.886285
576.826578
577.817505
578.812254
579.791623
580.777618
581.748200
582.745508
583.824149
584.694413
585.267782
585.699991
585.699991
585.699991
585.699991
585.699991
585.699991
585.699991
585.699991
585.699991
585.699991
585.699991
585.699991
585.699991
585.699991
585.699991
585.699991
585.699991
585.699991
585.699991
585.699991
585.699991
585.699991
585.699991
585.699991
585.699991
585.699991
585.699991
585.699991
585.699991
585.699991
585.699991
585.699991
585.699991
585.699991
585.699991
585.699991
585.699991
585.699991
585.699991
585.699991
585.699991
585.699991
585.699991
585.699991
585.699991
585.699991
585.699991
585.699991
585.699991
585.699991
585.699991
585.699991
585.699991
585.699991
585.699991
585.699991
585.699991
585.699991
585.699991
585.699991
585.699991
585.699991
585.699991
