0.008141
0.007419
0.007104
0.006780
0.009274
0.009757
0.008182
0.009636
0.006049
0.006271
0.007188
0.005680
0.008630
0.007167
0.007608
0.006227
0.006093
0.005340
0.006393
0.007962
0.005912
0.006799
0.007576
0.007607
0.007257
0.006530
0.006130
0.006990
0.008775
0.011779
0.007705
0.008945
0.008322
0.007298
0.007673
0.008220
0.006461
0.006946
0.009251
0.005364
0.006475
0.005178
0.006944
0.007291
0.006042
0.008838
0.008320
0.008366
0.005486
0.008956
0.005769
0.008281
0.005933
0.007030
0.006092
0.008702
0.007336
0.008436
0.007796
0.009526
0.009397
0.009408
0.008725
0.009255
0.009251
0.007970
0.005780
0.006516
0.008513
0.009183
0.007286
0.007516
0.005751
0.006516
0.005305
0.007502
0.006888
0.007794
0.007293
0.005708
0.007451
0.006622
0.008326
0.004670
0.009050
0.008857
0.006801
0.005134
0.003717
0.006690
0.007504
0.006755
0.007866
0.004704
0.007670
0.006138
0.007615
0.006900
0.007209
0.007181
0.007107
0.005961
0.008690
0.006950
0.008320
0.006886
0.006259
0.008590
0.006269
0.005975
0.006537
0.008410
0.007838
0.010260
0.010641
0.007188
0.008988
0.008872
0.007122
0.008352
0.007342
0.005424
0.006610
0.005328
0.007210
0.006167
0.007763
0.007297
0.009560
0.006442
0.008369
0.007264
0.006461
0.010031
0.006187
0.007282
0.006485
0.007506
0.008813
0.007136
0.007206
0.006087
0.007758
0.007786
0.009489
0.006777
0.007763
0.008264
0.006177
0.005826
0.004658
0.005771
0.007389
0.006851
0.007205
0.005696
0.005832
0.006558
0.005934
0.007845
0.005340
0.006918
0.007973
0.007331
0.005770
0.009691
0.007554
0.005981
0.006696
0.005569
0.007680
0.006615
0.007674
0.005466
0.006243
0.006498
0.008044
0.006840
0.006419
0.007993
0.008329
0.008695
0.008889
0.008306
0.007478
0.007779
0.008683
0.009099
0.005706
0.006503
0.007693
0.004566
0.008551
0.004604
0.008633
0.006316
0.008542
0.004176
0.009091
0.009147
0.005455
0.009385
0.006606
0.006550
0.006809
0.006029
0.006758
0.006973
0.007270
0.006667
0.007442
0.004934
0.007557
0.005424
0.005564
0.007564
0.005829
0.007804
0.005615
0.006906
0.005764
0.008239
0.007498
0.005193
0.005750
0.007581
0.005816
0.007827
0.007498
0.006241
0.007875
0.008525
0.006431
0.007329
0.005812
0.008169
0.009133
0.009507
0.007335
0.007443
0.005922
0.007096
0.009770
0.005293
0.008828
0.008934
0.007702
0.005224
0.007993
0.005526
0.007401
0.007833
0.009311
0.007282
0.008803
0.008155
0.005730
0.007409
0.007551
0.005890
0.006491
0.006270
0.008154
0.008240
0.007662
0.007481
0.006741
0.007135
0.004970
0.007270
0.009353
0.005772
0.005177
0.005858
0.007296
0.007371
0.007151
0.006462
0.008554
0.005541
0.005400
0.007397
0.008406
0.005501
0.006680
0.008457
0.009341
0.006989
0.004237
0.004270
0.007065
0.009640
0.005234
0.008344
0.006409
0.004672
0.007918
0.007952
0.008892
0.007665
0.007847
0.007686
0.005643
0.008961
0.008611
0.007119
0.009508
0.007810
0.004966
0.007432
0.007300
0.005314
0.012307
0.010180
0.006078
0.007908
0.006176
0.007975
0.007884
0.006247
0.007645
0.006989
0.007226
0.007117
0.006183
0.005388
0.008634
0.007574
0.005486
0.007234
0.007674
0.006468
0.006057
0.005484
0.008187
0.008346
0.005921
0.010210
0.006946
0.006070
0.006902
0.006418
0.007577
0.007310
0.007559
0.008249
0.007252
0.007078
0.007909
0.007246
0.005373
0.007153
0.008717
0.006190
0.006665
0.005817
0.007037
0.009030
0.007607
0.009428
0.007097
0.007739
0.008563
0.008391
0.005646
0.007164
0.006143
0.006893
0.007536
0.005444
0.006527
0.008361
0.004100
0.007699
0.007985
0.003533
0.006155
0.007303
0.007313
0.007150
0.008584
0.008897
0.008686
0.008795
0.009010
0.009491
0.007730
0.011870
0.010357
0.005322
0.008339
0.008230
0.008791
0.007899
0.008052
0.008469
0.007286
0.008574
0.008723
0.007060
0.008322
0.004502
0.007612
0.007492
0.005717
0.007611
0.008267
0.007439
0.009672
0.008478
0.006214
0.007248
0.008652
0.007391
0.009586
0.010362
0.007385
0.010040
0.009367
0.007037
0.008779
0.009349
0.009680
0.011099
0.010971
0.008956
0.007165
0.006076
0.007556
0.005650
0.006524
0.006039
0.008639
0.007761
0.008834
0.006518
0.008660
0.007261
0.005998
0.005587
0.008399
0.008785
0.006519
0.007344
0.007485
0.008241
0.007114
0.006249
0.005125
0.005371
0.007963
0.007125
0.007216
0.006141
0.006991
0.006907
0.007026
0.006434
0.007479
0.007052
0.009775
0.006972
0.007782
0.008211
0.006359
0.012637
0.012137
0.010244
0.007448
0.008358
0.008226
0.007034
0.006998
0.007297
0.008257
0.005571
0.006181
0.006595
0.006738
0.007027
0.007564
0.008041
0.006209
0.007551
0.010798
0.006131
0.006161
0.006658
0.009076
0.010034
0.007823
0.008413
0.008028
0.009536
0.009916
0.010981
0.005250
0.005504
0.010520
0.012874
0.013130
0.014225
0.012063
0.008757
0.010258
0.008456
0.007278
0.007218
0.007709
0.007742
0.007030
0.007507
0.010225
0.006517
0.007437
0.006023
0.006970
0.007419
0.006478
0.005547
0.006890
0.005842
0.006574
0.007938
0.005788
0.007753
0.009157
0.007228
0.007342
0.008173
0.005766
0.008876
0.008359
0.008729
0.006639
0.007800
0.006055
0.005527
0.008218
0.005229
0.007122
0.005809
0.008452
0.007797
0.007695
0.004712
0.006464
0.009534
0.009053
0.008379
0.008020
0.008617
0.008168
0.008524
0.008941
0.003967
0.007732
0.007762
0.008276
0.009987
0.012950
0.009249
0.008322
0.008604
0.008450
0.005379
0.007504
0.010324
0.010730
0.009709
0.005829
0.006486
0.006684
0.007047
0.008429
0.006175
0.006762
0.007550
0.006571
0.005417
0.008842
0.006527
0.008308
0.007818
0.006199
0.008140
0.007427
0.008577
0.011720
0.005738
0.006914
0.008813
0.009331
0.008799
0.007972
0.007741
0.008616
0.006461
0.011612
0.008355
0.009380
0.007510
0.007139
0.007477
0.008120
0.010027
0.009283
0.010240
0.010113
0.012652
0.008742
0.009502
0.010684
0.012529
0.010151
0.009241
0.009823
0.009505
0.009686
0.009804
0.010160
0.007010
0.004634
0.012149
0.012542
0.011385
0.014578
0.015090
0.013448
0.013638
0.007646
0.009335
0.005769
0.006983
0.007250
0.006474
0.004829
0.006538
0.007413
0.006130
0.007084
0.009020
0.007709
0.006226
0.006184
0.008605
0.007033
0.006966
0.006025
0.007687
0.006958
0.006704
0.006282
0.005672
0.006966
0.007602
0.003464
0.006204
0.004428
0.005203
0.008107
0.010706
0.011423
0.010189
0.007780
0.007847
0.007019
0.006523
0.005642
0.007428
0.005173
0.010051
0.006362
0.009305
0.004243
0.003840
0.003619
0.011729
0.010761
0.008552
0.015415
0.015188
0.014997
0.010571
0.010862
0.014628
0.013942
0.014431
0.014136
0.014134
0.014010
0.013652
0.010879
0.013767
0.011770
0.012015
0.012885
0.012715
0.011300
0.009566
0.006457
0.009311
0.008148
0.007743
0.009782
0.009916
0.007382
0.007876
0.008615
