0.000000
0.000000
0.108935
0.362814
0.524576
0.648512
0.713326
0.840708
0.971302
1.092290
1.176977
1.242262
1.284534
1.335200
1.378611
1.386905
1.338735
1.309675
1.341317
1.372301
1.402255
1.429388
1.459683
1.474057
1.500884
1.514053
1.530630
1.547042
1.561663
1.580386
1.592519
1.603721
1.614187
1.621842
1.631851
1.643929
1.653351
1.661153
1.667520
1.669863
1.679258
1.686268
1.695388
1.699373
1.701501
1.702643
1.701713
1.694150
1.696061
1.702417
1.707539
1.712318
1.716780
1.722215
1.725157
1.731592
1.736098
1.739380
1.743525
1.747005
1.751297
1.754063
1.759964
1.762963
1.764961
1.755677
1.753556
1.755577
1.755483
1.752015
1.754605
1.755275
1.757616
1.753728
1.742961
1.741299
1.742086
1.732652
1.734470
1.737394
1.738894
1.740826
1.744155
1.746513
1.749444
1.751437
1.754196
1.756850
1.760628
1.762669
1.759221
1.752039
1.748866
1.750221
1.752748
1.755642
1.752533
1.747561
1.748110
1.750410
1.752844
1.755672
1.758169
1.760247
1.762395
1.764273
1.766896
1.769147
1.771622
1.774091
1.776744
1.778522
1.780659
1.781534
1.783370
1.784678
1.786184
1.787240
1.789142
1.790351
1.792023
1.794358
1.795818
1.797272
1.798762
1.799499
1.801098
1.801820
1.802948
1.803411
1.805178
1.806065
1.807095
1.808001
1.810552
1.811678
1.808449
1.798930
1.796588
1.796854
1.797609
1.796484
1.791504
1.788386
1.788544
1.789215
1.787808
1.785123
1.776999
1.771094
1.769395
1.770452
1.771874
1.773237
1.775565
1.776774
1.777938
1.778889
1.780187
1.781288
1.782480
1.779441
1.774627
1.774556
1.775373
1.776597
1.776454
1.776903
1.777980
1.778797
1.780256
1.781396
1.782448
1.783302
1.785266
1.786348
1.787341
1.788243
1.789398
1.790587
1.790575
1.791486
1.789914
1.789924
1.790672
1.791723
1.792239
1.792751
1.793809
1.794365
1.795765
1.796764
1.797631
1.798152
1.800088
1.801099
1.801983
1.802680
1.803586
1.804314
1.805865
1.806935
1.808034
1.809054
1.809692
1.810402
1.810492
1.808862
1.808789
1.809315
1.810355
1.810611
1.809978
1.806642
1.804351
1.802655
1.801823
1.802340
1.803372
1.801564
1.802666
1.803325
1.804272
1.804973
1.805830
1.806082
1.807216
1.808543
1.809321
1.809785
1.810692
1.811073
1.811837
1.813047
1.813487
1.814482
1.815105
1.815480
1.816405
1.817111
1.818275
1.818318
1.816166
1.815557
1.816207
1.816505
1.817571
1.818814
1.819296
1.818833
1.816847
1.816019
1.816653
1.816834
1.817719
1.817430
1.816625
1.815878
1.816733
1.816550
1.815589
1.815161
1.816080
1.816609
1.817224
1.817550
1.819064
1.819296
1.819723
1.819962
1.820579
1.820912
1.821541
1.822144
1.823019
1.823556
1.824117
1.824463
1.824532
1.823679
1.824181
1.824468
1.825253
1.825763
1.825718
1.826049
1.825947
1.822727
1.822265
1.821840
1.822491
1.822631
1.823132
1.823654
1.824549
1.823692
1.820302
1.818576
1.818801
1.819738
1.820241
1.820652
1.821053
1.820756
1.822625
1.823825
1.821460
1.818012
1.817483
1.817849
1.818524
1.818870
1.819298
1.820094
1.820630
1.821280
1.821676
1.821988
1.822647
1.823569
1.824035
1.824363
1.824989
1.825366
1.825810
1.826173
1.827136
1.827540
1.826817
1.826892
1.827068
1.827125
1.828053
1.827939
1.828467
1.828896
1.829202
1.829352
1.829689
1.830565
1.830555
1.830267
1.830960
1.831396
1.831748
1.832060
1.832971
1.833393
1.833771
1.833892
1.833718
1.830007
1.827992
1.828502
1.830550
1.831119
1.831552
1.831769
1.831818
1.829988
1.826493
1.825456
1.827344
1.828283
1.828261
1.828664
1.829467
1.829963
1.830351
1.830502
1.831137
1.831538
1.832236
1.832532
1.833576
1.833971
1.834430
1.834880
1.834647
1.835123
1.835644
1.835756
1.836291
1.836669
1.837074
1.837569
1.838195
1.838320
1.838656
1.838624
1.838639
1.838830
1.839628
1.839847
1.840340
1.840667
1.840954
1.841095
1.840944
1.841191
1.841521
1.841789
1.842210
1.841843
1.841888
1.842460
1.843031
1.843370
1.843586
1.843574
1.843824
1.844173
1.844792
1.845023
1.845485
1.845830
1.846155
1.846432
1.847188
1.846627
1.846117
1.846371
1.846796
1.847038
1.847167
1.847268
1.847450
1.847128
1.847137
1.847189
1.847457
1.848135
1.847925
1.847407
1.845477
1.843407
1.840861
1.838468
1.837883
1.835132
1.832236
1.830691
1.830803
1.831146
1.831352
1.831905
1.832396
1.832652
1.832915
1.833051
1.833529
1.834178
1.834510
1.834618
1.835143
1.835422
1.835720
1.835592
1.836266
1.836501
1.836901
1.836594
1.835241
1.834569
1.835178
1.835134
1.835711
1.835959
1.836242
1.836454
1.836834
1.837073
1.837216
1.837192
1.836907
1.836576
1.836898
1.834848
1.832581
1.832355
1.832696
1.832912
1.833282
1.833578
1.834191
1.834397
1.834774
1.835088
1.835301
1.835497
1.835828
1.836424
1.836690
1.836817
1.834943
1.832667
1.830069
1.829684
1.830114
1.830396
1.830628
1.830874
1.830247
1.827942
1.827306
1.827445
1.827775
1.828065
1.828367
1.828453
1.828965
1.829511
1.829810
1.830022
1.830375
1.830721
1.831346
1.831770
1.831151
1.829691
1.828933
1.829153
1.829406
1.829723
1.830271
1.829867
1.829244
1.829478
1.829727
1.829129
1.826851
1.824307
1.823696
1.824004
1.824222
1.823654
1.822951
1.822939
1.823165
1.823456
1.823744
1.823963
1.824323
1.824609
1.825127
1.825281
1.825651
1.825931
1.826201
1.826473
1.827002
1.827196
1.827808
1.828368
1.829073
1.829685
1.830039
1.830399
1.830550
1.830791
1.831118
1.831421
1.831642
1.832139
1.832388
1.832613
1.832884
1.833146
1.833405
1.833666
1.833943
1.832495
1.830489
1.830009
1.830216
1.830502
1.830730
1.831135
1.831404
1.831662
1.831919
1.832170
1.832427
1.832889
1.833029
1.833162
1.833508
1.833688
1.833790
1.833958
1.834491
1.834794
1.835043
1.835291
1.835542
1.835785
1.836259
1.836520
1.836794
1.835836
1.835635
1.835643
1.835568
1.836481
1.837604
1.837982
1.838196
1.838852
1.839687
1.839934
1.840393
1.840591
1.840776
1.840978
1.840652
1.839639
1.839916
1.840102
1.840372
1.840668
1.840643
1.839666
1.839259
1.839408
1.837448
1.836337
1.835916
1.833705
1.832725
1.832801
1.833038
1.833285
1.833484
1.833703
1.833872
1.834121
1.834631
1.834485
1.833401
1.831881
1.829013
1.826181
1.823327
1.820495
1.817678
1.814863
1.812046
1.809248
1.806467
1.803680
1.800903
1.798138
1.795380
1.792638
1.789895
1.787162
1.784448
1.781738
1.779014
1.776320
1.773625
1.770963
1.768279
1.765613
1.762960
1.760317
1.757655
1.755026
1.752401
1.749796
1.747169
1.744570
1.741974
1.739406
1.736807
1.734239
1.731684
1.729136
1.726587
1.724046
1.721512
1.718974
1.716463
1.713957
1.711452
1.708952
1.706465
1.703978
1.701492
1.699039
1.696564
1.694110
1.691663
1.689233
1.686807
1.684382
1.681963
1.679546
1.677136
1.674745
1.672345
1.669973
