0.000000
0.000000
0.002000
0.002000
0.002000
45.654000
47.516000
57.950000
67.374000
78.388000
82.623000
89.546000
95.280000
102.589000
106.002000
111.976000
136.920000
148.647000
159.970000
173.595000
184.203000
193.442000
201.576000
213.520000
229.270000
242.138000
256.035000
281.598000
294.599000
297.822000
299.648000
303.826000
312.329000
320.993000
325.198000
329.101000
334.689000
337.437000
342.103000
353.917000
358.190000
367.373000
379.704000
410.778000
416.610000
418.103000
420.024000
440.222000
453.007000
464.290000
467.828000
469.750000
470.715000
472.801000
474.119000
476.352000
482.084000
496.190000
511.175000
529.155000
543.234000
559.455000
568.746000
584.617000
596.725000
608.992000
615.554000
617.812000
626.755000
639.381000
642.533000
645.105000
647.197000
653.120000
657.851000
658.507000
658.538000
658.787000
658.856000
658.881000
658.932000
658.943000
659.666000
660.677000
662.592000
667.427000
674.931000
679.275000
684.825000
685.889000
691.517000
701.115000
702.195000
702.391000
702.576000
702.618000
702.690000
703.885000
705.103000
706.304000
708.819000
714.658000
719.453000
723.685000
727.093000
730.564000
733.354000
737.809000
741.135000
745.718000
750.198000
754.808000
758.370000
763.251000
768.426000
776.880000
787.779000
803.465000
814.500000
823.805000
830.247000
835.209000
841.521000
848.466000
854.673000
863.662000
868.248000
871.945000
878.898000
888.609000
893.758000
901.257000
908.501000
922.020000
943.011000
958.910000
967.529000
971.617000
972.195000
972.389000
972.477000
972.761000
984.381000
1001.683000
1006.600000
1008.831000
1012.026000
1025.313000
1029.718000
1031.497000
1032.002000
1033.888000
1033.959000
1034.018000
1034.227000
1036.111000
1039.665000
1049.801000
1063.081000
1078.269000
1084.717000
1088.609000
1090.214000
1090.443000
1090.450000
1092.089000
1102.268000
1111.378000
1112.415000
1114.238000
1124.224000
1136.283000
1142.596000
1151.561000
1164.106000
1179.406000
1185.221000
1194.531000
1203.457000
1208.823000
1213.610000
1219.969000
1227.541000
1240.142000
1247.831000
1260.621000
1268.589000
1291.288000
1303.277000
1311.795000
1320.937000
1333.317000
1347.476000
1367.614000
1379.200000
1393.472000
1402.121000
1419.177000
1432.193000
1444.341000
1457.070000
1471.690000
1476.320000
1481.107000
1485.223000
1490.656000
1496.725000
1513.163000
1514.196000
1516.908000
1523.109000
1530.074000
1531.326000
1532.311000
1541.473000
1546.030000
1549.085000
1550.153000
1550.276000
1550.437000
1550.493000
1550.501000
1550.536000
1550.919000
1554.803000
1562.918000
1571.482000
1580.097000
1586.550000
1595.597000
1606.195000
1620.889000
1633.066000
1644.980000
1654.992000
1662.016000
1665.260000
1668.683000
1671.765000
1677.771000
1687.130000
1700.399000
1709.680000
1721.773000
1727.758000
1736.684000
1742.930000
1749.901000
1756.986000
1762.324000
1770.531000
1781.883000
1786.853000
1798.046000
1807.413000
1817.740000
1826.683000
1834.705000
1842.205000
1845.296000
1846.168000
1853.296000
1854.963000
1858.764000
1864.818000
1877.297000
1887.353000
1896.991000
1906.475000
1920.583000
1937.323000
1946.375000
1951.278000
1954.747000
1955.876000
1956.211000
1956.231000
1956.268000
1956.383000
1956.568000
1960.320000
1964.261000
1964.847000
1965.439000
1965.915000
1971.175000
1977.061000
1984.162000
1987.827000
1995.818000
2007.499000
2017.279000
2034.426000
2046.224000
2052.565000
2054.304000
2054.646000
2059.650000
2063.699000
2073.199000
2078.427000
2080.110000
2080.272000
2081.217000
2091.422000
2094.103000
2097.894000
2100.264000
2100.600000
2100.937000
2101.125000
2101.613000
2102.439000
2102.763000
2102.908000
2103.684000
2105.431000
2109.516000
2115.684000
2126.818000
2134.306000
2145.732000
2153.742000
2159.000000
2163.309000
2166.940000
2172.165000
2179.942000
2187.388000
2202.862000
2220.774000
2239.082000
2247.339000
2251.241000
2254.083000
2262.136000
2266.112000
2271.452000
2277.214000
2280.380000
2282.174000
2284.022000
2290.475000
2294.917000
2300.380000
2311.271000
2321.573000
2327.669000
2331.494000
2335.653000
2344.950000
2360.262000
2369.215000
2370.718000
2370.830000
2374.437000
2381.161000
2390.746000
2398.270000
2405.457000
2409.574000
2410.837000
2411.080000
2411.226000
2411.227000
2411.274000
2411.364000
2411.366000
2411.366000
2411.979000
2413.788000
2415.776000
2417.305000
2420.536000
2423.925000
2427.311000
2430.648000
2436.117000
2443.869000
2460.971000
2468.847000
2476.692000
2484.340000
2489.662000
2493.728000
2498.750000
2505.812000
2514.958000
2527.006000
2549.068000
2552.766000
2555.518000
2555.971000
2556.359000
2562.609000
2568.012000
2570.063000
2574.931000
2577.796000
2580.493000
2583.777000
2592.040000
2596.272000
2600.826000
2603.750000
2605.197000
2605.625000
2605.990000
2606.236000
2606.310000
2606.363000
2606.419000
2606.486000
2606.509000
2606.528000
2606.559000
2606.577000
2606.594000
2608.621000
2609.401000
2614.205000
2622.694000
2626.941000
2632.906000
2637.587000
2643.951000
2655.527000
2665.871000
2670.125000
2675.151000
2685.613000
2694.413000
2700.500000
2703.516000
2708.670000
2710.362000
2710.551000
2710.740000
2710.820000
2710.820000
2710.842000
2710.904000
2711.194000
2711.220000
2711.225000
2712.197000
2716.039000
2721.199000
2726.237000
2736.675000
2744.922000
2760.776000
2775.729000
2788.214000
2798.695000
2808.864000
2816.871000
2828.261000
2842.447000
2856.336000
2865.804000
2874.521000
2877.104000
2878.096000
2881.027000
2885.620000
2893.686000
2902.369000
2910.643000
2916.111000
2922.778000
2928.901000
2932.453000
2934.709000
2939.030000
2942.840000
2943.579000
2948.406000
2953.091000
2953.448000
2953.497000
2953.947000
2955.497000
2955.950000
2956.059000
2956.135000
2956.238000
2957.393000
2960.817000
2966.187000
2968.476000
2971.156000
2973.708000
2975.159000
2977.101000
2977.908000
2979.100000
2979.117000
2979.123000
2980.237000
2982.568000
2985.997000
2989.577000
2992.830000
2993.976000
2994.287000
2994.445000
2994.599000
2994.634000
2994.683000
2994.714000
2994.758000
2994.784000
2994.785000
2994.785000
2994.786000
2994.809000
2994.919000
3001.139000
3002.902000
3003.373000
3003.734000
3003.817000
3003.852000
3003.861000
3003.883000
3008.257000
3022.108000
3030.360000
3040.041000
3041.683000
3042.314000
3048.421000
3049.120000
3050.003000
3050.343000
3050.468000
3050.469000
3050.469000
3050.469000
3050.469000
3050.469000
3050.488000
3050.488000
3050.488000
3050.488000
3050.533000
3050.533000
3050.546000
3050.547000
3050.547000
3050.576000
3050.591000
3050.598000
3050.883000
3051.157000
3051.325000
3051.473000
3052.240000
3052.622000
3052.637000
3052.672000
3052.747000
3052.761000
3052.762000
3053.055000
3056.061000
3062.750000
3069.000000
3074.275000
3079.957000
3085.280000
3090.446000
3093.634000
3094.172000
3094.203000
3094.235000
3094.280000
3094.839000
3095.472000
3095.473000
3095.476000
3095.485000
3095.526000
3095.572000
3095.664000
3095.667000
3095.676000
3095.722000
3095.794000
3095.893000
3095.893000
3095.893000
3095.893000
3095.899000
3095.900000
3095.902000
3095.915000
3095.918000
3096.749000
3099.381000
3099.868000
3100.625000
3101.004000
3101.017000
3101.018000
3101.119000
3101.217000
3101.240000
3101.316000
3101.650000
3101.712000
3101.712000
3102.169000
3104.317000
3108.788000
3111.883000
3119.564000
3123.037000
3123.313000
3123.389000
3127.091000
3131.848000
3134.617000
3138.069000
3141.692000
3141.883000
3142.111000
3142.122000
3142.127000
3142.128000
3142.249000
3142.370000
3142.721000
3147.648000
3153.501000
3163.384000
3167.045000
3167.908000
3168.171000
3168.212000
3168.318000
3168.318000
3168.318000
3168.318000
3168.318000
3168.318000
3168.318000
3168.318000
3168.318000
3168.318000
3168.318000
3168.318000
3168.318000
3168.318000
3168.318000
3168.318000
3168.318000
3168.318000
3168.318000
3168.318000
3168.318000
3168.318000
3168.318000
3168.318000
3168.318000
3168.318000
3168.318000
3168.318000
3168.318000
3168.318000
3168.318000
3168.318000
3168.318000
3168.318000
3168.318000
3168.318000
3168.318000
3168.318000
3168.318000
3168.318000
3168.318000
3168.318000
3168.318000
3168.318000
3168.318000
3168.318000
3168.318000
3168.318000
3168.318000
3168.318000
3168.318000
3168.318000
3168.318000
3168.318000
3168.318000
3168.318000
3168.318000
3168.318000
3168.318000
3168.318000
3168.318000
3168.318000
3168.318000
