0.003078
0.003546
0.003989
0.004096
0.004172
0.004200
0.005513
0.005791
0.006653
0.006882
0.007295
0.008248
0.007780
0.007670
0.007713
0.008442
0.009553
0.009808
0.009938
0.011070
0.010857
0.009994
0.009880
0.009363
0.009248
0.009631
0.010253
0.009697
0.007396
0.007555
0.008304
0.008286
0.008108
0.009995
0.010975
0.011437
0.012059
0.012326
0.012613
0.012980
0.012490
0.013350
0.014924
0.014629
0.014407
0.015354
0.015329
0.016073
0.015293
0.013438
0.011524
0.010525
0.010103
0.010651
0.009908
0.009131
0.007809
0.010391
0.007447
0.008583
0.008512
0.008671
0.007363
0.009839
0.009845
0.011429
0.011907
0.012860
0.014601
0.016650
0.019031
0.019066
0.017544
0.016460
0.016025
0.016433
0.013047
0.013154
0.014312
0.014277
0.014679
0.017496
0.018539
0.016055
0.016110
0.013786
0.014793
0.015442
0.015374
0.014976
0.015219
0.014425
0.015047
0.014163
0.016166
0.014708
0.013399
0.016218
0.016160
0.017353
0.014045
0.014327
0.014715
0.015164
0.014679
0.013072
0.013615
0.012289
0.011624
0.011967
0.011348
0.013381
0.014258
0.014084
0.015866
0.017006
0.018276
0.018439
0.020325
0.020658
0.020559
0.019865
0.020138
0.017998
0.016806
0.015979
0.014099
0.013760
0.014458
0.014912
0.014076
0.013745
0.010407
0.010844
0.011275
0.011692
0.012738
0.013825
0.016978
0.018013
0.021454
0.022685
0.025804
0.025223
0.026029
0.024917
0.023695
0.019872
0.018094
0.015382
0.015916
0.015545
0.013695
0.013377
0.013517
0.009438
0.011195
0.009974
0.011612
0.013924
0.016935
0.016670
0.018740
0.018193
0.020543
0.020647
0.024675
0.024694
0.025104
0.025605
0.026076
0.024956
0.024676
0.024473
0.025406
0.026140
0.021884
0.020221
0.019805
0.021159
0.021296
0.016752
0.016361
0.013925
0.014375
0.017071
0.016684
0.020368
0.020810
0.023782
0.023151
0.023274
0.023199
0.028483
0.028652
0.032358
0.030696
0.033777
0.033694
0.031554
0.034817
0.035223
0.038070
0.037746
0.034121
0.034569
0.032846
0.032840
0.030784
0.029251
0.027185
0.027579
0.025434
0.025287
0.018287
0.018537
0.018557
0.014460
0.019944
0.020697
0.020061
0.020280
0.023737
0.023421
0.024096
0.023324
0.019612
0.018578
0.019335
0.016594
0.016782
0.014423
0.015913
0.013743
0.015937
0.019578
0.021635
0.021852
0.024739
0.025044
0.024423
0.024672
0.025959
0.026464
0.027288
0.025469
0.028638
0.029005
0.028918
0.025412
0.026727
0.023684
0.023626
0.019936
0.020107
0.016865
0.016567
0.019702
0.019648
0.019294
0.022560
0.022474
0.027358
0.026898
0.019972
0.020101
0.016017
0.017576
0.021345
0.022432
0.021809
0.019108
0.021127
0.020772
0.021195
0.026731
0.023701
0.022914
0.023085
0.026890
0.024929
0.024440
0.026984
0.030775
0.030990
0.031471
0.028598
0.028409
0.025545
0.024563
0.020922
0.018763
0.018452
0.026788
0.023418
0.024831
0.021783
0.021216
0.018934
0.022130
0.021734
0.022645
0.025388
0.025762
0.026161
0.025096
0.026621
0.027169
0.024213
0.025468
0.026558
0.032877
0.025986
0.022129
0.021575
0.021555
0.024155
0.027258
0.030158
0.025375
0.024090
0.024684
0.025180
0.024693
0.024868
0.022176
0.021545
0.024822
0.024713
0.024973
0.024739
0.025141
0.022174
0.025893
0.022069
0.021547
0.017231
0.021313
0.024252
0.025473
0.024621
0.021129
0.022080
0.018496
0.022114
0.022199
0.025619
0.026706
0.026494
0.026388
0.026538
0.026919
0.027165
0.025661
0.026622
0.023024
0.020972
0.024857
0.021471
0.018255
0.021995
0.020711
0.019372
0.019700
0.024675
0.019356
0.025050
0.024967
0.021379
0.021500
0.022723
0.023166
0.024833
0.025167
0.025033
0.024709
0.027373
0.027497
0.026725
0.027288
0.027930
0.027413
0.027539
0.027485
0.027239
0.025141
0.024748
0.021545
0.018804
0.021775
0.017551
0.022193
0.021855
0.019350
0.019184
0.020621
0.025358
0.025216
0.024805
0.017546
0.023737
0.020197
0.024945
0.024590
0.024424
0.029612
0.028695
0.027399
0.025614
0.024269
0.024356
0.024521
0.023986
0.025523
0.023557
0.025478
0.026705
0.024717
0.022359
0.022346
0.019293
0.021653
0.022364
0.019770
0.023147
0.026093
0.024356
0.027856
0.027293
0.031233
0.032391
0.036502
0.036501
0.033585
0.027692
0.026849
0.026280
0.026407
0.026928
0.027223
0.027345
0.030493
0.031036
0.037219
0.037508
0.036809
0.041536
0.041794
0.043045
0.047142
0.043948
0.044073
0.041686
0.040212
0.037221
0.038727
0.036138
0.038682
0.038906
0.037812
0.032643
0.028020
0.029647
0.025084
0.024215
0.024104
0.025077
0.020048
0.019789
0.021232
0.021343
0.021459
0.018549
0.023196
0.023536
0.023817
0.023318
0.018927
0.023449
0.023503
0.024133
0.030260
0.030242
0.038584
0.030926
0.032226
0.025824
0.025770
0.020982
0.021669
0.020296
0.019071
0.019127
0.019268
0.017699
0.020105
0.019786
0.020912
0.017356
0.016907
0.014823
0.015447
0.012127
0.013846
0.018593
0.019462
0.020138
0.024767
0.029869
0.029033
0.034273
0.030362
0.039182
0.032695
0.033305
0.032673
0.027958
0.030164
0.030387
0.032611
0.031856
0.031908
0.032300
0.029741
0.025330
0.025999
0.028886
0.028670
0.029600
0.025825
0.031344
0.036776
0.041440
0.041189
0.041059
0.047696
0.049160
0.046829
0.046535
0.046893
0.047242
0.048089
0.048398
0.050362
0.051215
0.047352
0.046199
0.041335
0.040798
0.034965
0.035631
0.033951
0.027664
0.027699
0.028261
0.028988
0.028493
0.026538
0.027094
0.026752
0.029261
0.034220
0.033791
0.033414
0.028778
0.032083
0.026731
0.019499
0.019908
0.020787
0.021035
0.024482
0.025730
0.023565
0.025999
0.026880
0.029195
0.035007
0.029190
0.036220
0.034854
0.036004
0.036223
0.043228
0.043116
0.042640
0.035234
0.038839
0.031198
0.029474
0.024704
0.029197
0.025588
0.026027
0.025950
0.028243
0.028349
0.021198
0.025328
0.024146
0.020267
0.020317
0.024005
0.024445
0.027441
0.028771
0.029595
0.028544
0.028268
0.027396
0.035261
0.034935
0.036128
0.045165
0.050769
0.051113
0.051127
0.054366
0.052817
0.055431
0.047279
0.044998
0.051457
0.050368
0.045634
0.048238
0.040876
0.033442
0.033194
0.035156
0.036744
0.035303
0.026983
0.027628
0.033072
0.022834
0.027498
0.023183
0.025007
0.025477
0.023573
0.024608
0.023405
0.027562
0.027452
0.026207
0.026300
0.022552
0.024547
0.029024
0.029245
0.028309
0.027527
0.026806
0.020292
0.023685
0.024693
0.022781
0.024620
0.020355
0.023635
0.024189
0.023809
0.022852
0.027548
0.023305
0.023279
0.028285
0.023637
0.024525
0.020631
0.022753
0.023853
0.023097
0.026678
0.026669
0.025625
0.026396
0.026578
0.028262
0.028004
0.028361
0.027558
0.025838
0.026968
0.024056
0.026683
0.027467
0.028025
0.028878
0.028488
0.026131
0.027787
0.022974
0.023438
0.022401
0.023123
0.024276
0.027280
0.021856
0.021272
0.026234
0.027918
0.033540
0.033929
0.027844
0.026156
0.025718
0.030611
0.031302
0.030669
0.029310
0.026727
0.026252
0.024611
0.022296
0.021390
0.019141
0.018151
0.017025
0.020471
0.021199
0.021693
0.031105
0.030725
0.020341
0.017158
0.017003
0.017761
0.021049
0.021652
0.021852
0.029023
0.024133
0.024882
0.033975
0.028527
0.029132
0.029093
0.029351
0.035199
0.037935
0.044158
0.036780
0.037025
0.034698
0.035737
0.034423
0.033252
0.028993
0.030348
0.030705
0.032543
0.034288
0.034561
0.036403
0.030122
0.030020
0.027118
0.024746
0.025556
0.024777
0.026101
0.025558
0.030686
0.029526
0.030644
0.034572
0.037913
0.038420
0.035878
0.037516
0.036561
0.037806
0.036263
0.035341
0.036794
0.033088
0.033860
0.032784
0.024749
0.025280
0.024699
0.020464
0.017290
0.020656
0.016789
0.016863
0.018093
0.014435
0.017038
0.017591
0.020420
0.025180
0.024433
0.033017
0.033168
0.035851
0.030063
0.029424
0.028160
0.027388
0.027965
0.028144
0.034087
0.033312
0.033196
0.039037
0.040951
0.039869
0.047869
0.043010
0.048805
0.041850
0.034264
0.036554
0.037302
0.036274
0.029429
0.030273
0.022481
0.028078
0.028440
0.028540
0.029932
0.025789
0.025625
0.022670
0.021613
0.018362
0.018328
0.018661
0.017556
0.017575
0.020239
0.025439
0.024829
0.030277
0.031590
0.034778
0.035852
0.039138
0.034382
0.039082
0.030053
0.029628
0.029677
0.030277
0.036890
0.038347
0.037482
0.029815
0.026999
0.026168
0.026130
0.027626
0.024046
0.024705
0.020723
0.021570
0.017935
0.018112
0.017374
0.015040
0.017226
0.021947
0.025110
0.026079
0.025904
0.025556
0.024923
0.024654
0.026231
0.025655
0.025342
0.028271
0.028328
0.022517
0.027818
0.024323
0.029308
0.030733
0.037426
0.036983
0.042171
0.044473
0.041269
0.030162
0.026286
0.022199
0.020615
0.021061
0.014133
0.017596
0.018301
0.017601
0.020712
0.024960
0.024451
0.028151
0.028265
0.026940
0.023706
0.022657
0.016533
0.015916
0.014596
0.015392
0.021586
0.020512
0.023312
0.024233
0.024759
0.025209
0.023419
0.020816
0.021358
0.018108
0.018152
0.017519
0.022239
0.022268
0.020565
0.025008
0.028145
0.028465
0.030375
0.030267
0.030396
0.029685
0.030180
0.036973
0.035080
0.029542
0.029519
0.029889
0.023049
0.021900
0.023175
0.028974
0.029425
0.037010
0.030143
0.029745
0.024334
0.022280
0.022918
0.020794
0.025020
0.026016
0.026155
0.021738
0.022008
0.021677
0.019278
0.013946
0.017804
0.017584
0.016657
0.019525
0.023197
0.025312
0.024497
0.029362
0.021164
0.021517
0.020200
0.020648
0.016895
0.018589
0.014126
0.017211
0.016949
0.020016
0.024517
0.025968
0.026265
0.019801
0.022193
0.022007
0.021046
0.021003
0.023558
0.024042
0.023989
0.024865
0.028080
0.033379
0.035281
0.042387
0.036478
0.029522
0.030426
0.021243
0.020454
0.020208
0.021313
0.021966
0.022847
0.018352
0.020230
0.019808
0.027921
0.030155
0.029732
0.029878
0.031812
0.030619
0.023011
0.024586
0.025481
0.024576
0.021907
0.017859
0.020371
0.021290
0.021426
0.021458
0.020746
0.014643
0.014081
0.017586
0.017711
0.021853
0.022082
0.022396
0.025033
0.025294
0.029908
0.028151
0.030007
0.029474
0.030068
0.029891
0.031191
0.030076
0.031700
0.022331
0.025840
0.026403
0.021889
0.021603
0.022043
0.017183
0.016857
0.016817
0.018099
0.016649
0.016677
0.016511
0.024125
0.023307
0.028043
0.026635
0.027426
0.028953
0.029431
0.031849
0.031619
0.032786
0.031867
0.025380
0.032829
0.032022
0.039673
0.040019
0.048078
0.048085
0.054288
0.053250
0.057192
0.054213
0.053323
0.048058
0.048824
0.044024
0.044891
0.042731
0.041560
0.035878
0.035445
0.040010
0.041074
0.040984
0.050612
0.048386
0.049489
0.058164
0.054785
0.047932
0.041341
0.040376
0.038448
0.031695
0.031404
0.026051
0.029519
0.030490
0.031767
0.038718
0.037775
0.039079
0.038939
0.039311
0.039871
0.031509
0.031726
0.025177
0.031146
0.037483
0.038558
0.038480
0.038967
0.039643
0.039324
0.037906
0.030233
0.031279
0.026094
0.031876
0.031690
0.038851
0.038883
0.038335
0.038432
0.038028
0.037304
0.040153
0.038725
0.037920
0.030495
0.030800
0.029910
0.030751
0.030184
0.030632
0.030296
0.030365
0.038333
0.037997
0.038202
0.031991
0.031544
0.030757
0.030745
0.031664
0.030343
0.032022
0.030857
0.030831
0.031241
0.032326
0.038810
0.035009
0.029179
0.030488
0.026830
0.025373
0.025671
0.026463
0.030347
0.030789
0.031350
0.025390
0.026405
0.021351
0.026509
0.026707
0.030816
0.029301
0.029713
0.030504
0.031508
0.025270
0.026492
0.025688
0.025853
0.026689
0.026885
0.026108
0.031302
0.030801
0.033421
0.041553
0.043959
0.043516
0.037387
0.036641
0.028627
0.033495
0.035823
0.034610
0.034457
0.034024
0.035491
0.039839
0.041098
0.039832
0.038652
0.046624
0.043997
0.052306
0.051771
0.051895
0.053605
0.047212
0.046290
0.047292
0.046950
0.048340
0.052466
0.052928
0.053853
0.053071
0.052840
0.048039
0.040456
0.033089
0.034184
0.034124
0.028321
0.037990
0.035340
0.031605
0.028041
0.027905
0.027423
0.029128
0.027225
0.028420
0.028212
0.021240
0.023714
0.027489
0.027497
0.035044
0.034276
0.028039
0.026181
0.018588
0.022688
0.023502
0.027916
0.035281
0.033509
0.035905
0.032612
0.038532
0.031265
0.031837
0.030835
0.029082
0.029518
0.033274
0.030785
0.029163
0.028131
0.031341
0.031564
0.030526
0.039218
0.030471
0.030747
0.023228
0.024674
0.031452
0.029724
0.024544
0.031168
0.030442
0.038806
0.029976
0.030044
0.032166
0.030093
0.025434
0.028800
0.027303
0.030970
0.031519
0.038961
