4.972
5.87637
7.28321
7.99359
8.05533
9.06587
10.5008
11.5606
12.9549
14.3546
15.0763
16.3994
17.7514
19.1497
20.1879
21.1386
22.2833
23.2738
24.4016
25.7882
26.3048
27.6808
28.3843
29.7707
30.808
31.9147
32.4244
33.5406
34.7062
36.0104
37.4416
38.6452
39.1483
39.4084
40.6498
41.8171
42.433
43.6278
44.4035
45.2344
46.6552
46.8828
47.8973
49.55
51.0349
52.4247
53.2231
54.3239
54.9626
56.1589
56.6865
57.9443
58.1477
59.4201
59.8918
60.667
61.7328
62.4095
63.798
65.2016
66.0778
66.9969
68.41
69.7242
70.5432
71.934
73.3287
73.9873
74.9628
75.8686
77.2858
78.322
79.3909
80.8219
82.2757
83.2325
84.2913
85.0207
86.1538
86.9914
87.9323
90.0372
91.335
92.4894
93.9026
94.8289
95.91
97.2262
98.3781
99.412
100.11
101.332
102.031
102.884
104.259
105.684
106.558
108.603
109.706
110.684
111.069
111.824
112.94
114.23
115.19
116.35
117.787
119.181
120.585
121.209
122.122
123.431
124.503
124.999
126.221
126.773
128.019
128.559
129.809
130.347
130.987
132.217
132.987
133.816
134.97
136.229
136.763
136.879
137.733
137.961
139.105
140.3
140.71
141.884
143.074
143.594
144.73
145.619
146.733
147.813
148.741
150.221
150.797
151.213
152.235
152.738
153.784
155.184
155.822
156.804
158.053
158.527
159.163
159.973
160.349
161.723
162.687
164.092
165.339
166.619
167.822
169.059
170.268
171.725
172.824
174.147
175.186
176.53
176.767
177.978
178.242
179.342
179.975
180.207
181.182
182.266
182.634
183.965
185.038
186.36
187.746
188.943
189.73
191.13
191.971
192.624
193.746
194.769
195.63
196.978
198.201
199.341
199.824
200.725
201.746
202.203
205.808
207.106
207.824
209.533
211.003
211.891
213.124
213.648
214.918
215.489
216.699
217.25
218.487
219.022
220.214
220.751
221.973
222.531
223.051
223.964
224.765
225.742
226.801
228.025
229.202
230.622
232.835
234.125
234.639
235.823
236.713
237.616
238.966
240.204
241.095
242.481
243.799
244.595
245.864
246.965
247.764
248.304
249.562
250.352
251.476
252.11
253.506
254.719
256.055
256.991
259.012
260.336
261.067
261.789
262.982
263.484
264.511
265.886
266.612
267.773
269.194
269.972
271.105
271.484
272.565
273.612
277.079
278.381
279.767
280.221
281.346
282.745
283.915
285.077
286.317
287.428
288.046
288.725
289.95
291.156
292.178
292.792
294.132
295.459
296.302
297.49
298.905
300.042
301.49
302.325
303.523
304.353
305.568
306.229
307.625
308.83
309.666
311.101
312.519
313.756
314.713
316.106
317.495
318.515
319.561
320.578
321.446
322.765
323.83
325.203
326.022
327.091
328.407
329.782
330.591
336.033
338.211
339.594
340.307
342.18
343.217
344.631
347.029
349
349.748
350.343
351.521
351.764
353.101
353.773
354.396
355.27
356.694
357.554
358.779
359.643
360.548
361.972
363.203
363.645
364.991
366.377
367.199
368.598
369.982
371.021
371.579
372.808
374.189
374.968
376.15
377.137
378.28
379.026
380.47
381.001
381.601
382.981
384.341
385.129
386.033
387.197
388.259
389.564
390.942
391.756
392.714
393.919
395.359
396.368
397.641
399.087
399.346
400.727
401.664
403.113
404.529
405.537
406.769
408.194
409.447
410.763
411.345
412.801
414.228
415.273
416.144
417.386
418.098
418.982
419.505
420.707
421.959
422.781
423.744
425.231
426.634
427.854
429.221
430.307
431.796
433.229
434.201
435.922
437.319
438.418
439.644
440.232
441.623
443.068
444.409
445.802
446.588
447.218
448.609
449.742
450.463
451.612
453.038
454.113
455.495
456.534
457.78
458.333
459.468
460.447
461.116
462.701
463.964
464.697
465.764
467.275
468.718
469.825
471.037
475.021
476.319
477.771
479.148
480.418
481.074
482.297
483.221
483.896
485.266
486.538
487.367
488.45
490.712
492.133
492.863
494.23
495.435
496.64
497.862
499.116
500.039
501.052
501.826
503.124
503.557
505.023
505.912
507.044
508.492
509.611
510.262
511.498
511.683
512.639
512.977
513.184
514.184
515.569
516.193
516.724
517.531
518.298
519.485
520.782
521.323
522.235
523.617
525.016
525.763
526.986
528.001
530.728
532.014
533.16
534.339
535.366
536.758
538.017
538.97
539.949
540.78
541.824
542.914
544.282
545.551
546.946
547.545
548.714
549.821
550.733
552.114
553.122
554.003
554.565
555.778
556.757
557.611
558.014
559.048
559.846
560.823
561.861
563.055
563.349
564.139
565.026
566.216
567.551
568.325
569.213
570.641
571.787
572.597
573.462
574.142
575.385
576.815
577.788
582.22
584.036
585.088
585.605
586.01
587.962
589.502
590.619
591.823
592.35
593.617
595.034
596.343
597.561
598.76
599.902
600.774
601.797
602.063
603.485
604.528
605.574
606.954
607.04
608.463
609.219
610.226
611.623
611.774
612.239
613.637
614.584
616.011
617.231
618.539
619.977
620.394
621.765
622.771
624.184
625.083
626.217
627.472
628.854
630.236
630.739
632.429
633.579
635.027
636.468
637.012
638.211
638.607
639.41
641.382
642.739
644.157
647.218
648.597
649.973
651.934
652.978
654.362
654.715
655.186
656.617
658.005
659.295
660.546
661.07
662.455
663.743
665.129
666.014
667.398
668.553
669.472
670.232
671.096
672.514
673.615
674.741
675.781
677.082
678.039
679.181
680.681
682.289
683.353
687.155
693.034
698.601
699.976
700.981
704.616
706.354
707.934
709.115
710.546
711.374
712.705
714.16
715.253
716.542
717.499
718.461
719.755
721.128
722.371
723.62
725.015
725.856
726.643
728.039
729.348
730.737
731.956
733.216
734.212
734.97
736.372
737.416
737.983
739.333
740.7
741.942
742.504
743.738
744.705
745.72
746.472
747.866
748.99
750.456
751.485
752.98
754.349
755.579
756.963
757.824
759.193
760.007
760.966
762.019
762.728
764.056
765.243
765.938
766.55
767.975
769.334
770.728
772.137
773.009
774.424
775.751
777.027
777.962
779.364
780.724
781.646
782.488
782.968
784.352
785.747
787.149
788.522
789.913
791.329
792.714
793.485
794.938
796.2
797.403
798.311
799.334
800.19
801.415
802.735
803.538
804.057
805.316
805.809
807.059
807.486
808.921
809.45
810.42
811.506
812.49
814.606
816.003
816.777
821.428
824.176
825.548
826.839
827.472
827.946
829.343
829.95
830.753
832.249
832.954
833.301
834.715
836.162
838.091
838.829
839.755
840.344
841.123
844.738
846.174
847.096
848.501
849.954
851.354
852.212
853.335
854.745
855.249
856.526
857.951
859.351
860.456
861.348
862.748
864.115
865.493
866.101
867.486
868.247
869.636
870.736
871.757
872.524
873.946
875.243
875.907
877.336
877.854
879.079
880.235
880.981
881.995
882.572
883.655
884.573
884.992
886.173
886.976
887.931
888.724
889.472
890.257
891.344
892.126
892.957
893.873
895.096
895.829
897.037
897.843
898.642
899.88
901.348
904.284
905.467
906.923
908.018
909.139
909.765
911.18
912.588
913.617
914.312
915.784
917.34
918.559
920.02
924.224
928.782
933.569
934.859
935.944
936.569
937.947
938.534
939.986
941.359
942.371
942.833
943.525
944.978
945.633
946.551
947.507
948.497
949.828
951.103
951.878
952.769
953.759
954.801
956.218
957.134
958.054
958.975
964.142
965.887
968.543
969.954
971.103
971.88
973.243
974.034
974.839
975.639
976.782
978.213
979.318
980.708
980.856
981.008
981.576
982.959
983.976
984.625
985.82
986.703
987.337
988.282
989.076
989.958
991.03
991.977
992.101
992.217
992.296
992.383
992.53
992.623
992.765
992.877
994.235
995.328
996.695
997.484
998.908
999.759
1000.84
1001.5
1003
1008.59
1010.39
1011.89
1015.38
1016.72
1017.95
1018.74
1019.88
1020.81
1021.54
1022.31
1023.43
1024.55
1025.51
1026.09
1027.57
1029
1029.61
1030.96
1031.52
1032.93
1033.72
1035.1
1036.41
1037.76
1038.81
1040.22
1041.21
1042.62
1044.04
1044.55
1045.47
1046.51
1047.23
1048.51
1049.29
1050.03
1051.46
1052.4
1053.21
1054.23
1054.82
1056.23
1057.25
1058.21
1059.62
1060.53
1061.46
1062.85
1063.63
1064.47
1065.32
1066.56
1067.94
1069.34
1070.74
1071.51
1073.06
1074.51
1075.26
1076.55
1077.95
1078.58
1079.46
1080.12
1081.51
1082.23
1083.46
1084.11
1085.5
1086.97
1088.34
1089.73
1091
1091.94
1092.87
1093.75
1095.16
1095.34
1096.74
1098.2
1099.63
1100.35
1101.24
1102.6
1103.86
1105.24
1106.63
1107.29
1108.72
1109.73
1111.1
1112.37
1113.22
1114.6
1115.49
1116.94
1118.33
1119.73
1120.28
1121.74
1122.96
1124.36
1125.41
1126.44
1129.51
1132.02
1133.4
1134.81
1135.83
1136.29
1137.74
1138.51
1139.56
1140.97
1141.82
1142.82
1143.73
1145.15
1146.53
1147.24
1147.9
1148.71
1150.04
1151.47
1152.99
1154.37
1155.75
1157.15
1158.14
1159.33
1160.67
1161.95
1162.8
1163.44
1166.21
1168.02
1169.44
1170.75
1171.76
1172.94
1173.95
1175.35
1176.54
1177.98
1178.62
1180.02
1181.03
1182.13
1183.52
1184.23
1185.64
1186.22
1187.53
1188.75
1190.14
1190.73
1191.73
1192.5
1193.87
1195.21
1196.54
1197.34
1198.48
1199.87
1201.26
1202.78
1203.76
1205.19
1206.12
1206.69
1207.62
1208.34
1209.21
1210.6
1211.64
1212.78
1213.46
1214.85
1215.54
1216.81
1217.86
1218.93
1220.02
1220.88
1222.32
1223.84
1225.86
1230.28
1231.87
1236.09
1238.48
1240.81
1243.58
1245
1245.85
1247.24
1248.65
1249.34
1250.73
1253.26
1254.59
1256.08
1262.29
1264.89
1266.61
1268.41
1269.78
1270.6
1271.36
1272.21
1273.11
1274.01
1275.21
1276.12
1277.03
1278.22
1279.38
1280.77
1281.9
1282.98
1283.79
1284.95
1285.82
1287.22
1288.54
1290.02
1290.85
1291.51
1292.47
1293.56
1294.99
1296.31
1297.18
1298.34
1299.74
1300.64
1302.03
1303.06
1304.5
1305.89
1307.32
1308.15
1309.56
1310.64
1311.62
1312.46
1313.86
1315.23
1316.62
1318.01
1319.04
1320.47
1321.76
1323.2
1323.87
1325.26
1326.64
1327.33
1328.8
1329.63
1331.02
1332.39
1333.34
1334.3
1335.75
1337.22
1337.91
1339.01
1340.39
1341.76
1342.65
1343.55
1344.22
1345.6
1346.5
1347.89
1348.94
1350.36
1351.74
1352.11
1353.49
1354.9
1355.96
1357.46
1358.13
1359.53
1359.63
1359.84
1361.23
1362.52
1363.88
1364.48
1365.88
1366.41
1367.8
1369.24
1370.63
1372.01
1373.55
1375.03
1376.61
1378.04
1379.46
1380.85
1381.54
1383.19
1384.39
1385.78
1387.22
1387.85
1389.63
1391.16
1392.64
1394.08
1395.48
1396.96
1398.38
1399.84
1401.28
1402.8
1404.24
1404.41
1404.7
1404.84
1405.13
1405.45
1406.86
1408.54
1410.77
1412.8
1414.74
1421.11
1422.41
1423.5
1424.93
1426.24
1427.57
1428.76
1430.15
1431.56
1432.96
1434.13
1434.64
1436.03
1437.47
1438.9
1440.31
1441.37
1442.76
1443.37
1447.26
1448.75
1450.13
1451.58
1452.96
1453.7
1454.75
1457.73
1458.73
1460.14
1461.36
1462.38
1466.57
1468.13
1469.54
1470.88
1471.98
1472.24
1473.64
1475.05
1476.43
1477.78
1478.92
1480.31
1481.02
1483.47
1485.36
1486.74
1487.96
1489.06
1490.28
1491.41
1491.97
1493.38
1494.63
1497.26
1498.95
1500.34
1501.24
1502.53
1503.95
1505.11
1506.12
1507.52
1509.04
1509.72
