0.000000
0.000000
0.100000
0.600000
1.166667
1.766667
2.345151
3.270451
4.235856
5.226063
6.213881
7.276907
8.263078
9.251957
10.165116
10.979214
11.908352
12.878392
13.886557
14.753531
15.441506
16.426211
17.414824
18.328755
19.061232
19.927831
20.877639
21.817099
22.809209
23.798238
24.747226
25.519532
26.287349
27.231163
28.216270
29.124342
30.100995
31.085655
32.129857
33.097084
34.087736
35.069827
36.056297
36.999568
38.020187
38.960967
39.477391
40.216894
41.142183
42.086912
42.926959
43.952260
44.754208
45.678054
46.620130
47.584130
48.576393
49.542799
50.593726
51.580791
52.568888
53.533153
54.299595
55.113809
56.094192
57.081160
58.005490
58.679415
59.583719
60.446501
61.442805
62.343579
63.158401
64.142267
65.127322
66.065404
66.698461
67.192709
67.893526
68.875605
69.859117
70.847262
71.837720
72.823180
73.876550
74.888032
75.878405
76.830535
77.416233
78.083070
78.942507
79.982003
80.744554
81.164321
81.878248
82.832529
83.781662
84.827667
85.801785
86.744202
87.735252
88.721971
89.712014
90.708422
91.761190
92.743650
93.729220
94.701840
95.696174
96.669320
97.728389
98.716775
99.705237
100.695321
101.685516
102.671757
103.653317
104.674314
105.607716
106.403024
107.143453
108.062722
109.055472
110.043992
110.940442
111.271372
111.974831
112.856242
113.824468
114.717528
115.709199
116.324026
117.184572
118.168266
119.137367
120.126774
121.111085
122.149838
123.017323
123.967367
124.678465
125.506991
126.502613
127.556480
128.544215
129.521707
130.513959
131.495096
132.477437
133.458635
134.525652
135.506360
136.483537
137.465120
138.449166
139.414964
140.261547
141.273540
142.014471
142.949388
143.906444
144.894003
145.889799
146.810460
147.503886
148.358208
149.338377
150.247680
151.212753
152.052898
153.084287
154.035998
155.016587
155.986735
156.973969
157.780689
157.920273
158.261637
159.171372
160.150046
161.113107
162.099868
163.075875
164.112634
164.934855
165.861933
166.635907
167.513162
168.415847
168.862776
169.627744
170.543926
171.254155
172.129226
173.094429
174.002162
174.959014
175.972461
176.958639
177.952824
178.959837
179.950355
180.872131
181.503316
182.336724
183.264080
183.933340
184.658984
185.575868
186.611170
187.512390
188.504900
189.332280
189.682142
189.910322
190.755510
191.785669
192.767210
193.740785
194.698423
195.630417
196.597549
197.581797
198.636147
199.624364
200.598783
201.577582
202.548896
203.536948
204.499277
205.362316
206.300561
206.871653
207.374705
208.269675
209.267695
210.319454
211.307112
212.282176
213.206657
214.182041
215.071105
215.772916
216.398289
217.137312
218.098958
219.079373
220.067312
221.058136
222.100223
223.088130
224.078058
225.065713
226.050474
227.016560
228.017704
229.054876
230.025632
230.858875
231.768727
232.715835
233.694191
234.742019
235.724902
236.695199
237.679031
238.398677
239.163564
240.161435
241.180750
242.172469
243.125443
243.911536
244.863211
245.845970
246.801424
247.767123
248.755251
249.744131
250.670725
251.354679
252.083571
253.126217
254.108712
254.998708
255.797074
256.754086
257.743613
258.732483
259.789596
260.787964
261.777487
262.767089
263.751089
264.585249
265.595930
266.577163
267.553065
268.534043
269.457209
270.389449
271.382881
272.424781
273.395096
274.228402
275.192342
276.178477
277.243151
278.523170
279.765063
280.604598
281.329452
282.271506
283.261061
284.245092
285.296649
286.258254
287.157298
288.103344
289.081094
290.032396
290.891023
291.516549
291.937385
292.726988
293.628210
294.590601
295.316150
296.289053
297.279796
298.257425
299.101273
299.452116
300.050295
301.015140
302.072429
303.066539
303.934692
304.578361
305.367798
306.214996
307.199194
308.141712
309.093125
309.871282
310.323398
311.218415
312.200089
313.254297
314.178135
314.992941
315.834058
316.561910
317.380345
318.357634
319.401892
320.382760
321.349521
322.339716
323.309002
324.297277
325.344040
326.310816
327.145123
327.749073
328.507991
329.493695
330.461246
331.502082
332.463396
333.427920
334.416747
335.346572
336.254885
337.307196
338.258132
339.150335
339.574934
340.102793
341.021473
341.987255
342.843966
343.667898
344.571327
345.396738
346.320160
346.929748
347.809943
348.864042
349.833825
350.481900
351.038181
351.993021
352.878497
353.923436
354.902320
355.888380
356.794789
357.613532
358.564624
359.520605
360.532158
361.128189
361.788582
362.510073
362.813112
362.813112
362.813112
362.892910
363.551278
364.535740
365.516972
366.508064
367.470224
368.120165
368.246406
368.620815
369.500475
370.492731
371.470030
372.466410
373.519147
374.509851
375.496303
376.433583
377.421597
378.399082
379.444220
380.420940
381.410981
382.391273
383.337220
384.324424
385.306956
386.351435
387.341093
388.353811
389.339787
390.300215
391.287037
392.328090
393.297920
394.282694
395.253465
396.138557
396.822700
397.720477
398.598721
399.503259
400.487960
401.454062
402.260425
403.028067
403.916619
404.976427
405.898953
406.589794
407.458683
408.409628
409.386684
410.226834
410.226834
410.290855
410.917504
411.908700
412.880670
413.854108
414.898590
415.869476
416.838083
417.823894
418.797183
419.641834
420.597082
421.573382
422.510916
423.490041
424.453474
425.269324
426.054594
426.979243
427.916260
428.686068
429.358873
430.294160
431.283486
432.266937
433.321931
434.310518
435.301427
436.290376
437.256625
438.232782
439.193682
440.124238
441.130956
442.048888
443.006197
443.924513
444.907409
445.909689
446.815860
447.754078
448.748501
449.730164
450.627553
451.359953
452.234959
453.260135
454.164533
455.148933
456.123257
457.101241
457.547280
457.552594
457.943058
458.776847
459.764824
460.756055
461.732116
462.780344
463.768687
464.755394
465.734098
466.726388
467.716352
468.774965
469.762142
470.749823
471.733592
472.666397
473.549570
474.518222
475.574401
476.567635
477.541889
478.531050
479.515784
480.506623
481.553195
482.506532
483.478188
484.415522
485.345611
486.292748
487.269295
487.546527
487.546527
487.546527
487.546527
487.546527
487.827019
488.697589
489.739910
490.704725
491.700079
492.552314
493.540348
494.432186
495.462620
496.367885
497.114023
497.752880
498.663803
499.639434
500.547791
501.527382
502.204724
503.192664
504.163111
505.132616
506.116223
507.136267
508.076939
509.022407
509.971083
510.977686
511.954044
512.821380
513.371339
514.302038
515.242136
516.223170
517.192877
518.186840
519.137956
520.155816
521.125964
522.077519
522.994383
523.435709
524.068154
525.106757
526.096472
527.035524
527.848437
528.767293
529.445074
530.228176
531.266721
532.236691
533.175621
534.108502
535.063825
535.949775
536.997517
537.985568
538.972512
539.958323
540.832067
541.761587
542.699306
543.472386
544.449443
545.418218
546.389452
547.160941
547.849631
548.767983
549.788690
550.666420
551.458751
552.139468
553.044262
553.991814
555.030045
555.836319
556.761191
557.400039
557.761674
558.634287
559.624557
560.682812
561.673646
562.641365
563.623433
564.537497
565.524757
566.564907
567.516899
568.376020
569.363942
570.212495
571.172267
571.826845
572.634657
573.638305
574.579953
575.561484
576.550026
577.539674
578.511132
579.563489
580.551133
581.539591
582.528699
583.493673
584.246764
585.145347
586.121792
586.992653
587.614941
587.643227
587.643227
587.643227
587.643227
587.643227
587.643227
587.646787
588.003342
588.903447
589.966617
591.013981
591.941409
592.928704
593.927722
594.892535
595.867029
596.788357
597.795965
598.763838
599.710488
600.689275
601.626497
602.456453
603.466447
604.435214
605.466881
606.360140
606.360140
606.362834
606.770924
607.666462
608.656089
609.640825
610.627544
611.468786
612.424384
613.232312
614.066485
614.976773
615.939195
616.911027
617.794242
618.806916
619.795765
620.772528
621.732660
622.347759
622.909390
623.758132
624.802605
625.753754
626.741260
627.723980
628.663345
629.563442
630.531610
631.279279
631.787815
632.653322
633.622010
634.616117
635.439545
636.445458
637.347560
638.383060
639.343110
640.329453
641.318782
642.304256
643.276962
644.202130
645.198219
646.172366
647.139119
648.034287
648.871551
649.880272
650.798937
651.765165
652.751520
653.693293
654.667118
655.721588
656.713655
657.683289
658.600203
659.586432
660.429173
661.410865
662.185489
663.169864
663.999571
664.963077
665.590016
666.255990
667.265804
668.236108
669.182470
669.921785
670.799209
671.780862
672.765240
673.813588
674.795658
675.756401
676.684256
677.654670
678.525910
679.602144
680.455482
681.409960
682.154107
683.108405
684.079675
685.075282
686.137287
687.066489
688.011441
688.881416
689.852538
690.684899
691.632026
692.671773
693.405730
693.840998
694.572886
695.499238
696.470311
697.468016
698.435743
699.167365
699.865285
700.539973
701.294573
702.179706
703.221533
704.199811
705.186115
706.101576
707.091076
708.077044
709.135066
710.113165
711.095196
712.007973
712.998912
713.869348
714.851569
715.847757
716.693994
717.581849
718.441112
719.410033
720.362819
721.271600
722.330203
723.249051
724.205884
725.057396
725.966324
726.895477
727.746197
728.599834
729.567327
730.558806
731.475500
732.507867
733.389694
734.432871
735.404370
736.372868
737.332696
738.319024
739.284493
740.325063
741.313750
742.150181
742.988113
743.785774
744.619392
745.624284
746.679467
747.602906
748.218340
748.992017
749.844533
750.714838
751.720378
752.721461
753.714997
754.643952
755.418611
756.328805
757.303061
758.278094
759.126778
759.930866
760.911068
761.812001
762.546279
763.353333
764.391535
765.332281
765.991475
766.849068
767.908734
768.868663
769.673432
770.175138
771.012334
771.986437
772.838577
773.731553
774.729492
775.763840
776.714308
777.622901
778.562198
779.537882
780.316901
780.913882
781.539712
782.243089
782.859215
783.725757
784.714080
785.702904
786.758172
787.740917
788.696121
789.678036
790.660943
791.569753
792.417819
793.268390
794.240879
795.196794
796.161729
797.014031
797.946732
798.462007
799.047304
800.015434
800.867053
801.345354
802.039440
803.010056
803.903991
804.590626
805.559628
806.362034
807.316918
808.296452
809.284070
810.312484
811.253501
812.185902
813.096857
813.911577
814.727543
815.573594
816.549404
817.528490
818.423490
819.336025
820.288363
820.989471
821.992312
822.979132
823.833125
824.737559
825.734274
826.704393
827.754245
828.554997
829.525679
830.507597
831.435185
832.312512
832.706392
832.753039
832.753039
832.753039
832.753039
832.758030
833.139808
834.045478
835.123190
836.169094
837.181207
838.085540
838.690028
839.527174
840.477939
841.169199
841.924277
842.881473
843.850213
844.839718
845.721084
846.714280
847.596729
848.543492
849.501124
850.493719
851.402582
852.366568
853.383317
854.364213
855.293262
856.237760
857.110336
857.973446
859.035944
860.016255
861.006277
861.980407
862.954033
863.941330
864.903595
865.896908
866.876247
867.869562
868.822686
869.800711
870.717010
871.745550
872.742715
873.730372
874.722205
875.710563
876.679898
877.629869
878.587559
879.292358
880.025329
881.002255
882.045698
882.833991
883.432358
884.242699
885.122439
886.045422
886.962573
887.943780
888.926414
889.972717
890.971704
891.973352
892.983282
893.864275
894.828095
895.809018
896.865656
897.845001
898.744625
899.700731
900.684060
901.651806
902.706667
903.691209
904.654445
905.640639
906.595342
907.445547
908.404517
909.346502
910.336130
911.287990
912.278055
913.259837
914.166952
915.165124
916.139182
916.738294
917.088873
917.797999
918.770434
919.716880
920.553812
921.065282
921.739606
922.709137
923.695481
924.683917
925.541596
926.360753
927.348865
928.342386
929.319341
930.192833
930.910783
931.914913
932.858798
932.988173
932.988173
933.130132
933.867734
934.853926
935.651233
936.426493
937.382757
938.373585
939.334147
940.297286
941.053604
941.747640
942.797010
943.735352
944.714474
945.691305
946.501934
947.454981
948.308833
949.306194
950.281086
951.232831
952.149136
953.110228
954.145628
954.838750
955.419718
956.239308
956.827266
957.359018
958.177506
958.676630
959.206137
959.989838
960.971291
961.905196
962.893822
963.938296
964.924922
965.911284
966.843810
967.765862
968.619024
969.605604
970.604343
971.580340
972.448754
973.366764
974.099871
975.063165
976.117953
977.092239
978.076214
979.059554
980.046574
981.103154
981.906190
982.951157
983.919385
984.689815
985.575350
986.532300
987.182847
987.913659
988.823648
989.815032
990.771751
991.760553
992.739110
993.713514
994.707515
995.683323
996.592080
997.274732
998.104887
998.992621
1000.007986
1000.963563
1001.699287
1002.275923
1003.223195
1004.216312
1005.206390
1006.241146
1007.227267
1008.201579
1009.185865
1010.147914
1011.054941
1011.860231
1012.880680
1013.473787
1013.860240
1014.257885
1015.033719
1016.067038
1017.019576
1017.728030
1018.215859
1018.215859
1018.215859
1018.215859
1018.215859
1018.215859
1018.436752
1019.283881
1020.461220
1021.532810
1022.513994
1023.563896
1024.533183
1025.526415
1026.505288
1027.497046
1028.486842
1029.473891
1030.523762
1031.512959
1032.498697
1033.456420
1034.452456
1035.430188
1036.393964
1037.321501
1038.194624
1038.959217
1039.677894
1040.610580
1041.593749
1042.632399
1043.540192
1044.517424
1045.473629
1046.444292
1047.432915
1048.421205
1049.477334
1050.446967
1051.275919
1052.096989
1052.991900
1053.986173
1055.044564
1056.031809
1057.019904
1058.010233
1058.978756
1059.656645
1060.424709
1061.214127
1062.181076
1063.092189
1064.077359
1065.067860
1065.931043
1066.833342
1067.892197
1068.865962
1069.798790
1070.771079
1071.691183
1072.346040
1073.327742
1074.185958
1075.151015
1076.140179
1077.126278
1078.086002
1079.074614
1080.131329
1081.122815
1082.072488
1082.981798
1083.949798
1084.693335
1085.591751
1086.626070
1087.556739
1088.536438
1089.525162
1090.351561
1091.213982
1092.278971
1093.243533
1094.231158
1095.182892
1096.107360
1097.078335
1098.069657
1099.126754
1100.110598
1101.093677
1102.062151
1103.046266
1104.008743
1105.064257
1106.053571
1107.044227
1108.034684
1109.024353
1110.016505
1111.001701
1112.043131
1113.034387
1114.014707
1114.855015
1115.657483
1116.552146
1117.317717
1117.955094
1118.789958
1119.641892
1120.569310
1121.519154
1122.495532
1123.522570
1124.474356
1125.445399
1126.373950
1127.354111
1128.343345
1128.794883
1128.854777
1129.459614
1130.409535
1131.395871
1132.384906
1133.223734
1133.732895
1134.502410
1135.487940
1136.465608
1137.451420
1138.488550
1139.515274
1140.601663
1141.584861
1142.550846
1143.526498
1144.522518
1145.389757
1146.239030
1147.179870
1148.111918
1149.076972
1150.039003
1150.767698
1151.453113
1152.401448
1153.318900
1154.083544
1154.847174
1155.854792
1156.812419
1157.604454
1158.524096
1159.506508
1160.482934
1161.306775
1162.189414
1163.213281
1164.210828
1165.141842
1165.863678
1166.679824
1167.447703
1168.217524
1168.856756
1169.780771
1170.804719
1171.777282
1172.767929
1173.750379
1174.741098
1175.791567
1176.758541
1177.743265
1178.700510
1179.603702
1180.444520
1181.301098
1182.328913
1183.178011
1184.172107
1185.154199
1186.142339
1187.061656
1187.776026
1188.675306
1189.641136
1190.613978
1191.598490
1192.585957
1193.575296
1194.626299
1195.375990
1195.980576
1197.044872
1197.692437
1198.334873
1199.252491
1200.146074
1201.118376
1202.148579
1203.038682
1204.026978
1205.014990
1206.069357
1207.010325
1207.115070
1207.115070
1207.115070
1207.115070
1207.115070
1207.356007
1208.198349
1209.183609
1210.163011
1210.552738
1210.552738
1210.552738
1210.552738
1210.552738
1210.552738
1210.552738
1210.556523
1210.919161
1211.896676
1212.880585
1213.872104
1214.926733
1214.943795
1214.943795
1214.943795
1214.943795
1214.943795
1214.943795
1215.224686
1216.087667
1217.076206
1218.132127
1219.121295
1220.051201
1220.932636
1221.738092
1221.738092
1221.738092
1221.738092
1221.738092
1222.010601
1222.863507
1223.852555
1224.829828
1225.559060
1226.504258
1227.491060
1228.476751
1229.410213
1230.163221
1230.633371
1231.465653
1232.444340
1233.329362
1234.264804
1235.254944
1236.234145
1237.106279
1237.995961
1238.903974
1239.816101
1240.625887
1241.584890
1242.562741
1243.521670
1244.425164
1245.383611
1246.364537
1247.312678
1248.302472
1249.203983
1250.189937
1251.179116
1252.147624
1253.135016
1254.112381
1255.095586
1256.067728
1257.046725
1258.011979
1258.990474
1259.939922
1260.899414
1261.840093
1262.893244
1263.865775
1264.847969
1265.809728
1266.671585
1267.380760
1268.072323
1269.006249
1269.659722
1270.609990
1271.620738
1272.366074
1273.197932
1274.139360
1275.123869
1276.093765
1277.075262
1277.981405
1278.920089
1279.910772
1280.955826
1281.945862
1282.930633
1283.876200
1284.859075
1285.796957
1286.736150
1287.793463
1288.764646
1289.752769
1290.720283
1291.678149
1292.648610
1293.714700
1294.587994
1295.365481
1296.294609
1297.282837
1298.226465
1299.571992
1300.790805
1301.633923
1302.556289
1303.545364
1304.502135
1305.435197
1306.492364
1307.461647
1308.419061
1309.338476
1309.906581
1310.594065
1311.559247
1312.531092
1313.460711
1314.424708
1315.239298
1316.147655
1317.114237
1318.022306
1319.066551
1320.056536
1320.970548
1321.880128
1322.877526
1323.849997
1324.905649
1325.859031
1326.820175
1327.714770
1328.693748
1329.656210
1330.565249
1331.512588
1332.372688
1333.095440
1333.755323
1334.577911
1335.545550
1336.586064
1337.519205
1338.419571
1339.417343
1340.362215
1341.351024
1342.198337
1343.138446
1344.117496
1344.921191
1345.759413
1346.727837
1347.716193
1348.704007
1349.662892
1350.423258
1351.343944
1352.331492
1353.314875
1354.119018
1354.968157
1355.880128
1356.802422
1357.761670
1358.489931
1359.302569
1360.277843
1361.210763
1362.136394
1363.075569
1363.984890
1364.788855
1365.754914
1366.771871
1367.720282
1368.714680
1369.675152
1370.563361
1371.502767
1372.428781
1373.465780
1374.452960
1375.431462
1376.416655
1377.406057
1378.392549
1379.385204
1380.435634
1381.411144
1382.357624
1383.321082
1384.045766
1384.829955
1385.789342
1387.012881
1387.999446
1388.992620
1389.975193
1390.956137
1391.953246
1392.980483
1393.952861
1394.869934
1395.816062
1396.641950
1397.576216
1398.623172
1399.597833
1400.353781
1401.264349
1402.217037
1403.027670
1403.709771
1404.606541
1405.595064
1406.577256
1407.563920
1408.554895
1409.534867
1410.523285
1411.572329
1412.561978
1413.553546
1414.538670
1415.524867
1416.494178
1417.310668
1418.123762
1418.994447
1419.783714
1420.736245
1421.661877
1422.633316
1423.385719
1424.212520
1425.188809
1425.896351
1426.520315
1427.469487
1428.533326
1429.495397
1430.487042
1431.478669
1432.458024
1433.458612
1434.192016
1434.311746
1434.311746
1434.311746
1434.311746
1434.328149
1434.736012
1435.658560
1436.738993
1437.694861
1438.686305
1439.675702
1440.665903
1441.654657
1442.714682
1443.703198
1444.682693
1445.649275
1446.387696
1447.136004
1448.137082
1449.182205
1450.185146
1451.183983
1452.170531
1453.161938
1454.216641
1455.206359
1456.196888
1457.080044
1457.571431
1457.867703
1458.305261
1458.772227
1459.456853
1460.219460
1461.202213
1462.185433
1463.166472
1464.146271
1465.002662
1466.011587
1466.946416
1467.938656
1468.921076
1469.829113
1470.884045
1471.578065
1471.578065
1471.578065
1471.578065
1471.578065
1471.705045
1472.428621
1473.555633
1474.424467
1475.271609
1476.022525
1476.891531
1477.755489
1478.486834
1479.091739
1479.754957
1480.577768
1481.574357
1482.561343
1483.544376
1484.558130
1485.474270
1486.364556
1486.900800
1487.404194
1488.144602
1488.622963
1489.391699
1490.371286
1491.345161
1492.334855
1493.321519
1494.309705
1495.365414
1496.344333
1497.335193
1498.305633
1499.298871
1500.144396
1500.891541
1501.834680
1502.818638
1503.805830
1504.795241
1505.784405
1506.775751
1507.825740
1508.814997
1509.748679
1510.717288
1511.702786
1512.681677
1513.905982
1514.945887
1515.933456
1516.920700
1517.877340
1518.692716
1519.659052
1520.544450
1521.573842
1522.446557
1523.398627
1524.385908
1525.382501
1526.363048
1527.364034
1528.336729
1529.280034
1530.268252
1531.069802
1532.012852
1532.975854
1534.025381
1534.978241
1535.972318
1536.931539
1537.920927
1538.891133
1539.947371
1540.933909
1541.816178
1542.670816
1543.590207
1544.578783
1545.479652
1546.417595
1547.399736
1548.279153
1549.252099
1550.141396
1551.043057
1551.924759
1552.948309
1553.913804
1554.847774
1555.789249
1556.733674
1557.676301
1558.686036
1559.614598
1560.619860
1561.581828
1562.521876
1563.474025
1564.460591
1565.514530
1566.433210
1567.300664
1568.224355
1569.123110
1570.112192
1571.153854
1572.037594
1572.997908
1573.987900
1574.973257
1575.891532
1576.667709
1577.547146
1578.579070
1579.547914
1580.474294
1580.516588
1580.592624
1581.237045
1582.241972
1582.766492
1583.598174
1584.525693
1585.472751
1586.279894
1586.969558
1587.878992
1588.812688
1589.787479
1590.748055
1591.740631
1592.631249
1593.359323
1594.153253
1595.103092
1596.080597
1596.982675
1597.951379
1598.900360
1599.821894
1600.677870
1601.246595
1601.797132
1602.509274
1603.399771
1604.392838
1605.246962
1606.238885
1607.175498
1607.975137
1608.708287
1609.515785
1609.979375
1610.082365
1610.082365
1610.082365
1610.082365
1610.189304
1610.883494
1611.716589
1612.205742
1612.407351
1612.407351
1612.407351
1612.407351
1612.407351
1612.536035
1613.269161
1614.321245
1615.246277
1616.234254
1617.285827
1618.219320
1618.262102
1618.262102
1618.263376
1618.575324
1619.460332
1620.513829
1621.498814
1622.484448
1623.468861
1624.247061
1624.951197
1625.897943
1626.944846
1627.887442
1628.872884
1629.859365
1630.644646
1631.350483
1632.369705
1633.426391
1634.340066
1635.195728
1636.139321
1636.901168
1637.814348
1638.878011
1639.883798
1640.856166
1641.828684
1642.738078
1643.545098
1644.170775
1645.122378
1646.073607
1646.979055
1647.455095
1648.090954
1649.062720
1650.000725
1650.996274
1651.977630
1652.880307
1653.823065
1654.771895
1655.755424
1656.480976
1657.213311
1658.225039
1659.151412
1660.134370
1661.066025
1662.088135
1662.925033
1663.898921
1664.888034
1665.936034
1666.471438
1666.471438
1666.471438
1666.471438
1666.471438
1666.471438
1666.471438
1666.471438
1666.706600
1667.541484
1668.527441
1669.481043
1670.208371
1671.132790
1672.084255
1673.141559
1674.112617
1675.082879
1676.080601
1677.057037
1678.004587
1678.988703
1679.919002
1680.889549
1681.799244
1682.748530
1683.610916
1684.558662
1685.577897
1686.520810
1687.486509
1688.385947
1689.344910
1690.292891
1691.158422
1692.190097
1693.135745
1694.099710
1695.056797
1696.019171
1696.938049
1697.957662
1698.941026
1699.838355
1700.631391
1701.347176
1702.184244
1703.167359
1704.186827
1705.087411
1706.080715
1707.032359
1707.997216
1708.754279
1709.707221
1710.742936
1711.722369
1712.709613
1713.664257
1714.647621
1715.581666
1716.628279
1717.610281
1718.569741
1719.127427
1719.774678
1720.730371
1721.430659
1722.306760
1723.290918
1724.214377
1724.516369
1725.225622
1726.194261
1727.235829
1728.170927
1729.173735
1729.995933
1730.885307
1731.874126
1732.862982
1733.893199
1734.880917
1735.848825
1736.801689
1737.358744
1737.963435
1738.950234
1740.007963
1740.900899
1740.907404
1740.907404
1740.907404
1740.907404
1740.907404
1740.907404
1740.907404
1741.236955
1742.101399
1743.155700
1744.076175
1745.093448
1746.080406
1747.070193
1748.059383
1749.048761
1750.040016
1751.094962
1752.067760
1752.777319
1753.143235
1753.888593
1754.897855
1755.883813
1756.951515
1757.865960
1758.765318
1759.701075
1760.686343
1761.614275
1762.533244
1763.502784
1764.468711
1765.449149
1766.386445
1767.340538
1768.275605
1769.238769
1770.236514
1771.120085
1771.932592
1772.861024
1773.787233
1774.613909
1775.579034
1776.500644
1777.486874
1778.458390
1779.440526
1780.302732
1781.209115
1782.194307
1783.170790
1784.087504
1785.081958
1786.096612
1787.028692
1787.980230
1788.533659
1789.228446
1790.120050
1791.113892
1792.002687
1792.782086
1793.802654
1794.792943
1795.770601
1796.491585
1797.227990
1798.276885
1799.252983
1800.229367
1801.113207
1801.818174
1802.716267
1803.637870
1804.500742
1805.479078
1806.436237
1807.406516
1808.402180
1809.360774
1810.318573
1811.281190
1812.201983
1813.177123
1814.168285
1815.145723
1816.110464
1817.065779
1818.004623
1818.992029
1819.883835
1820.748490
1821.694119
1822.603556
1823.561829
1824.591503
1825.553494
1826.536776
1827.502525
1828.483811
1829.345613
1830.273279
1831.037973
1832.025761
1832.947329
1833.832701
1834.818244
1835.782674
1836.838124
1837.783113
1838.656816
1839.190507
1839.835719
1840.785289
1841.842543
1842.822812
1843.813015
1844.803251
1845.781104
1846.587360
1847.484709
1848.383562
1848.874525
1849.612105
1850.501798
1851.337296
1851.930500
1852.684572
1853.698708
1854.520937
1855.468926
1856.238205
1857.072476
1857.966377
1858.996043
1859.981847
1860.965977
1861.917461
1862.873904
1863.678972
1864.429243
1865.440895
1866.425964
1867.309118
1868.217520
1869.184975
1870.172995
1871.208152
1872.116687
1872.473460
1873.038437
1873.938274
1874.760615
1875.252988
1875.960696
1876.912749
1877.784902
1878.522839
1879.434951
1880.393913
1881.381508
1882.426451
1883.240017
1883.480242
1884.104293
1885.071147
1886.041962
1887.119020
1888.108462
1889.039538
1889.893819
1890.888001
1891.838317
1892.810192
1893.847228
1894.814196
1895.650759
1896.586180
1897.548103
1898.220780
1898.735159
1899.493952
1900.462338
1901.433110
1902.241605
1903.172512
1904.160037
1904.961438
1905.477223
1906.350896
1907.203398
1907.771112
1908.578603
1909.591297
1910.561515
1911.141830
1911.564355
1912.405846
1913.231981
1914.175383
1915.233335
1916.222156
1917.152492
1918.100527
1919.091451
1920.055747
1921.042277
1922.010693
1922.599685
1923.489988
1924.273930
1925.218496
1926.182465
1927.211522
1928.161605
1929.134148
1930.114908
1931.096037
1932.057021
1932.945026
1934.003923
1934.990913
1935.977224
1936.848830
1937.256116
1937.679580
1938.590842
1939.520967
1940.386323
1941.055411
1941.956161
1942.864660
1943.814607
1944.464222
1944.824532
1945.415368
1946.179087
1947.137860
1947.904542
1948.670362
1949.768415
1950.740819
1951.696897
1952.335597
1952.540808
1952.540808
1952.548785
1952.957254
1953.874268
1954.859567
1955.852520
1956.829443
1957.701764
1958.649220
1959.626711
1960.631761
1961.616747
1962.599965
1963.591111
1964.524039
1965.359706
1965.943451
1966.772641
1967.753950
1968.744375
1969.699780
1970.730853
1971.522072
1972.504463
1973.411944
1974.304472
1975.217014
1976.156400
1977.225894
1978.209264
1979.108675
1980.045637
1981.035117
1982.024130
1983.057792
1984.049407
1985.026918
1985.999230
1986.977320
1987.777850
1988.483517
1989.459968
1990.433298
1991.383116
1992.308888
1993.292622
1994.254214
1995.250041
1996.238754
1997.019687
1997.894874
1998.883921
1999.866650
2000.855475
2001.902474
2002.878542
2003.850590
2004.781466
2005.772475
2006.679764
2007.662889
2008.692592
2009.651828
2010.593257
2011.292049
2011.811561
2012.305540
2013.030369
2014.051352
2014.977427
2015.857179
2016.845773
2017.833594
2018.829588
2019.851346
2020.799872
2021.506439
2022.249083
2023.103320
2023.778658
2024.726714
2025.757982
2026.723621
2027.712432
2028.663040
2029.305009
2029.952924
2030.492357
2031.344309
2032.242439
2033.236531
2033.841264
2034.335882
2035.273446
2036.330892
2037.306823
2038.201904
2039.167586
2040.163019
2041.149829
2042.158867
2043.141041
2044.110023
2044.957143
2045.849728
2046.832177
2047.814813
2048.613043
2049.075145
2049.705448
2050.663888
2051.609245
2052.369023
2053.288957
2054.299406
2055.006825
2055.939937
2056.933725
2057.909583
2058.900195
2059.953176
2060.943326
2061.933285
2062.916071
2063.900123
2064.873022
2065.686270
2066.649138
2067.494695
2068.481718
2069.450767
2070.436262
2071.426169
2072.407521
2073.212842
2074.085657
2075.001484
2075.986582
2076.920309
2077.879926
2078.600103
2079.030788
2079.605329
2080.173586
2080.563830
2081.148761
2081.704194
2082.067405
2082.530700
2083.259582
2084.124814
2084.976078
2085.955258
2087.004205
2087.997192
2088.982862
2089.888043
2090.835138
2091.904854
2092.871958
2093.890040
2094.725141
2095.593593
2096.592736
2097.565969
2098.553654
2099.541998
2100.461689
2101.402267
2102.349944
2103.050535
2103.514777
2104.370828
2105.428245
2106.415316
2107.402410
2108.372619
2109.337715
2110.308850
2111.295151
2112.338404
2113.314385
2114.297939
2115.369062
2116.213570
2117.068785
2118.115970
2119.098936
2120.057855
2121.039754
2121.998344
2122.987567
2123.913897
2123.913897
2123.980032
2124.605034
2125.630816
2126.611268
2127.856009
2128.625873
2129.605986
2130.647397
2131.462819
2131.921146
2132.678033
2133.653939
2134.591960
2135.383311
2136.518127
2137.011694
2137.149320
2137.149320
2137.149320
2137.149320
2137.154387
2137.483210
2138.382187
2139.373609
2140.417797
2141.411158
2142.400856
2143.357461
2144.394204
2145.379488
2146.475780
2147.815579
2149.555424
2151.281880
2152.710475
2153.747816
2154.853023
2155.613435
2156.643549
2157.631420
2158.622112
2159.594127
2160.583770
2161.568500
2162.625915
2163.622107
2164.602525
2165.541449
2166.227150
2167.132067
2168.068625
2169.049529
2169.990741
2170.470561
2170.470561
2170.593856
2171.305777
2172.274312
2173.277144
2174.228585
2175.209388
2176.126918
2177.120429
2178.107967
2179.228131
2180.144256
2180.652881
2180.652881
2180.652881
2180.652881
2180.652881
2180.652881
2180.652881
2180.771117
2181.472388
2182.514769
2183.510177
2184.512619
2185.500111
2186.467149
2187.513966
2188.519389
2189.452305
2190.375532
2191.322000
2192.427298
2193.491501
2194.467487
2195.435137
2196.387282
2197.186609
2198.210426
2199.191634
2200.174139
2201.155787
2202.052808
2203.007356
2203.881354
2204.906197
2205.947828
2206.903670
2207.788667
2208.776415
2209.629879
2210.653596
2211.496263
2212.280946
2213.053458
2213.760489
2214.682129
2215.613586
2216.435006
2217.272607
2218.179066
2219.092052
2220.057710
2220.930765
2221.870019
2222.907489
2223.837446
2224.780344
2225.745326
2226.735351
2227.713148
2228.754630
2229.753184
2230.698787
2231.683867
2232.675700
2233.646025
2234.615517
2235.656503
2236.642263
2237.596456
2238.497788
2239.494826
2240.440565
2241.429554
2242.445242
2243.421643
2244.411539
2245.392598
2246.345313
2247.227734
2248.259418
2248.960336
2249.853589
2250.837644
2251.797748
2252.717552
2253.584743
2254.593712
2255.571418
2256.504571
2257.469961
2258.341995
2259.318241
2260.374060
2261.360743
2262.348703
2263.294557
2263.776784
2264.196561
2265.046452
2266.101421
2267.013429
2267.687421
2268.473109
2269.382100
2270.364038
2271.334924
2272.313895
2273.298344
2274.255660
2275.082327
2276.012068
2276.996508
2278.053484
2279.025008
2279.741486
2280.452489
2281.500347
2282.517877
2283.335537
2284.258968
2285.085990
2286.045415
2286.988184
2287.973015
2288.962270
2290.017619
2291.004897
2291.958705
2292.915012
2293.901539
2294.887442
2295.849990
2296.862474
2297.854560
2298.840485
2299.830376
2300.821324
2301.797309
2302.825630
2303.973238
2305.213612
2306.266098
2307.187337
2307.899557
2308.190372
2309.009502
2309.986817
2310.975755
2311.964055
2312.928573
2313.900302
2314.707654
2315.591327
2316.177874
2316.919237
2317.878306
2318.936920
2319.937966
2320.941060
2321.997177
2322.920997
2323.910761
2324.903114
2325.892908
2326.875081
2327.922672
2328.914499
2329.876782
2330.858031
2331.791024
2332.747066
2333.681150
2334.650954
2335.620216
2336.617997
2337.571813
2338.563356
2339.455663
2340.458578
2341.458807
2342.402182
2343.375861
2344.243750
2345.151451
2346.135749
2347.183113
2348.131425
2349.118677
2350.060753
2350.873148
2351.767124
2352.754797
2353.715742
2354.739358
2355.720038
2356.626863
2357.165635
2357.793858
2358.742736
2359.743125
2360.528351
2360.939620
2361.532237
2362.464040
2363.532651
2364.519774
2365.454815
2366.407373
2367.383679
2368.255734
2369.136550
2370.179035
2371.162314
2372.016311
2372.895354
2373.844108
2374.634078
2374.955054
2375.481090
2376.368485
2377.360378
2378.349285
2379.334882
2380.324471
2381.381588
2382.335934
2383.281493
2384.360753
2385.401015
2386.384491
2387.377895
2388.265899
2388.745802
2389.477084
2390.435731
2391.426634
2392.417034
2393.433510
2394.408455
2395.400857
2396.392700
2397.378894
2398.368900
2399.078427
2399.544651
2400.313044
2401.282344
2402.129018
2403.046268
2403.995582
2404.697351
2405.616572
2406.574065
2407.535165
2408.526949
2409.516851
2410.507125
2411.560481
2412.552967
2413.522388
2414.494466
2415.486908
2416.475769
2417.377824
2417.950830
2418.810710
2419.672417
2420.134992
2420.550747
2421.383663
2422.416093
2423.397041
2424.230025
2424.571003
2425.165733
2426.047979
2427.021457
2428.075019
2428.859812
2429.445401
2430.304860
2431.093396
2431.609527
2432.453687
2433.159151
2433.518047
2434.270218
2435.236112
2436.293182
2437.196662
2437.818210
2438.186894
2438.985844
2439.960936
2440.931648
2441.908643
2442.873283
2443.812439
2444.476168
2444.946176
2445.446055
2446.329605
2447.323333
2448.357113
2449.128308
2449.527855
2450.203530
2451.109587
2452.170733
2453.080560
2454.008406
2454.981376
2455.970355
2456.920362
2457.906576
2458.886507
2459.940905
2460.907592
2461.631037
2462.210100
2462.210100
2462.210100
2462.210100
2462.210100
2462.210100
2462.210100
2462.506051
2463.364197
2464.352839
2465.343248
2466.390378
2467.284774
2468.269430
2469.242361
2470.230024
2471.220368
2472.262605
2473.245686
2474.228491
2475.100214
2475.952081
2476.932518
2477.852701
2478.635319
2478.943612
2479.766856
2480.761944
2481.750194
2482.740830
2483.725999
2484.754796
2485.739880
2486.709380
2487.630204
2488.515864
2489.505217
2490.403389
2491.137445
2492.006127
2492.948347
2493.923821
2494.918374
2495.906383
2496.951298
2497.947758
2498.932171
2499.911970
2500.826645
2501.794689
2502.864086
2503.740654
2504.598222
2505.586453
2506.572628
2507.571329
2508.355100
2508.622166
2508.622166
2508.749066
2509.473005
2510.456772
2511.396443
2512.372667
2513.427009
2514.418007
2515.403097
2516.267588
2516.939975
2517.780494
2518.805880
2519.795320
2520.640076
2521.578961
2522.538608
2523.498299
2524.491641
2525.533665
2526.535685
2527.500035
2528.544382
2529.388481
2530.266681
2531.256120
2532.126666
2532.740132
2533.545819
2534.530658
2535.648688
2536.752348
2537.843244
2538.647750
2539.094268
2539.094268
2539.094268
2539.094268
2539.094268
2539.096108
2539.428857
2540.308145
2541.365781
2542.280409
2543.265785
2544.317149
2545.288955
2546.276936
2547.236805
2548.135195
2549.106590
2549.822134
2550.486289
2551.372858
2552.294400
2553.131979
2554.065159
2555.045592
2556.071184
2556.819821
2557.145637
2557.631416
2558.554383
2559.538101
2560.498878
2561.454627
2562.278788
2563.185820
2564.168149
2565.098728
2565.970088
2566.746970
2566.746970
2566.758094
2567.136541
2568.046467
2569.063006
2570.012144
2571.396372
2572.708160
2573.676312
2574.625876
2575.631499
2576.556198
2577.528561
2578.623624
2579.661377
2580.419369
2581.365266
2582.286335
2583.080074
2583.750836
2584.566059
2585.479923
2586.547419
2587.541201
2588.322799
2589.246256
2590.179039
2590.649917
2590.649917
2590.746860
2591.406069
2592.408933
2593.359606
2594.381667
2595.363059
2596.351502
2597.340645
2598.329286
2599.384713
2600.371078
2601.327542
2602.304876
2603.295162
2604.004341
2604.603179
2605.470487
2606.485392
2607.336168
2608.330026
2609.308177
2610.298336
2611.288088
2612.316472
2612.909200
2613.488050
