0.007540
0.008485
0.007034
0.006527
0.007005
0.005294
0.006887
0.007262
0.008750
0.006613
0.006330
0.009007
0.007249
0.007678
0.007409
0.006432
0.008863
0.008172
0.011062
0.007562
0.006818
0.006961
0.008170
0.007481
0.006090
0.007734
0.007381
0.007585
0.010478
0.010830
0.007522
0.008730
0.008862
0.007555
0.008749
0.007159
0.007878
0.009339
0.007451
0.007434
0.005031
0.008357
0.007033
0.008698
0.009007
0.008786
0.008882
0.007120
0.008850
0.007460
0.006119
0.008694
0.006761
0.007618
0.007121
0.005341
0.008245
0.007295
0.009351
0.006382
0.005474
0.007906
0.007869
0.007190
0.007691
0.007805
0.006735
0.006522
0.006814
0.010177
0.006778
0.008322
0.008721
0.008825
0.009099
0.007492
0.007180
0.008151
0.007823
0.009834
0.008946
0.009955
0.008679
0.008598
0.006831
0.008607
0.007672
0.006684
0.008770
0.007366
0.008604
0.008929
0.008682
0.007895
0.009541
0.007735
0.008200
0.009928
0.007035
0.006618
0.007798
0.007048
0.008758
0.009469
0.008671
0.007835
0.009035
0.006116
0.006784
0.008742
0.008603
0.005798
0.007740
0.007336
0.007609
0.007627
0.006282
0.006261
0.007760
0.007662
0.008021
0.009077
0.007949
0.008662
0.008816
0.007695
0.007913
0.006084
0.006270
0.006595
0.010001
0.007886
0.006092
0.010145
0.006539
0.008159
0.008243
0.007581
0.008854
0.007706
0.008501
0.005768
0.005556
0.007311
0.008074
0.008909
0.009815
0.009375
0.008465
0.006738
0.007707
0.008075
0.005674
0.007582
0.009152
0.008251
0.006277
0.007532
0.008671
0.007462
0.009652
0.006930
0.008815
0.006109
0.005209
0.009257
0.008125
0.005825
0.009094
0.007393
0.008818
0.007344
0.007765
0.011607
0.008275
0.006624
0.009787
0.006071
0.009226
0.009528
0.007888
0.008251
0.007768
0.009797
0.007152
0.009482
0.005536
0.007737
0.007703
0.007764
0.008866
0.007122
0.007547
0.007134
0.007477
0.006505
0.008131
0.006624
0.006827
0.005897
0.007713
0.007794
0.006939
0.006438
0.006958
0.006420
0.006181
0.007090
0.007659
0.007108
0.006639
0.006447
0.007111
0.007843
0.006001
0.008217
0.006485
0.007492
0.007195
0.011844
0.008726
0.007796
0.009327
0.006437
0.008197
0.006928
0.008910
0.007810
0.011624
0.009005
0.007963
0.008530
0.005535
0.008589
0.009684
0.008747
0.008773
0.006002
0.008713
0.007921
0.009432
0.007541
0.006983
0.008472
0.007457
0.009239
0.006787
0.009339
0.008951
0.006194
0.006956
0.005956
0.010179
0.009009
0.009071
0.009917
0.007479
0.006607
0.006735
0.008267
0.007860
0.009062
0.009823
0.006735
0.008397
0.008654
0.006554
0.006775
0.008651
0.007742
0.008811
0.008833
0.008544
0.005555
0.009681
0.005853
0.007346
0.005553
0.008401
0.005591
0.006658
0.008709
0.007793
0.008006
0.008855
0.008689
0.008573
0.009942
0.007405
0.005764
0.008789
0.007454
0.007159
0.009500
0.006803
0.007328
0.005553
0.008439
0.010121
0.007712
0.008648
0.009058
0.006341
0.007587
0.009320
0.006333
0.009893
0.008950
0.008356
0.008647
0.008171
0.010637
0.009731
0.007705
0.008246
0.007063
0.006503
0.006621
0.011158
0.010306
0.007736
0.007378
0.006409
0.007874
0.008319
0.009262
0.007022
0.006001
0.008266
0.008955
0.006733
0.008833
0.006420
0.008063
0.008449
0.006593
0.008907
0.006297
0.010203
0.007354
0.006086
0.007667
0.007225
0.009295
0.009126
0.008904
0.008186
0.009322
0.007140
0.006037
0.008470
0.005544
0.010412
0.008369
0.008655
0.008822
0.008577
0.005373
0.009013
0.010042
0.006002
0.008416
0.007437
0.006950
0.009400
0.008195
0.005549
0.006951
0.008859
0.008575
0.005699
0.009657
0.009708
0.007535
0.005467
0.008589
0.007436
0.007318
0.008057
0.010064
0.008763
0.008069
0.011064
0.007460
0.006036
0.009037
0.008981
0.008868
0.009097
0.007427
0.008517
0.008605
0.009623
0.008349
0.007396
0.006427
0.006198
0.005250
0.005902
0.008691
0.008059
0.008192
0.008512
0.008634
0.009565
0.007014
0.007918
0.007606
0.008640
0.007946
0.007879
0.007790
0.009282
0.006042
0.009505
0.007790
0.007357
0.005690
0.008532
0.008313
0.009069
0.006938
0.005578
0.009660
0.005294
0.005668
0.009722
0.007967
0.007402
0.010266
0.006932
0.010831
0.011183
0.010819
0.010061
0.007931
0.009839
0.008740
0.007052
0.006653
0.007725
0.008558
0.007337
0.010837
0.012954
0.009857
0.009663
0.007385
0.009010
0.008760
0.008705
0.010791
0.007247
0.007296
0.006807
0.007431
0.010046
0.007818
0.008929
0.007745
0.006860
0.007862
0.006065
0.008586
0.008938
0.007411
0.007809
0.008953
0.008769
0.007165
0.007873
0.008968
0.010255
0.005577
0.009110
0.008800
0.007303
0.009718
0.007804
0.008610
0.008699
0.006918
0.008879
0.008839
0.009388
0.005956
0.006076
0.006951
0.009001
0.006812
0.008165
0.008793
0.008964
0.007512
0.008915
0.008007
0.008281
0.008040
0.006910
0.007568
0.007756
0.007124
0.006636
0.005883
0.007618
0.009161
0.008801
0.007539
0.007585
0.006974
0.005672
0.007593
0.008741
0.008450
0.007475
0.007686
0.005977
0.008914
0.007622
0.007627
0.008852
0.008900
0.006379
0.009757
0.006751
0.009001
0.009218
0.006020
0.007440
0.006590
0.011066
0.008752
0.010432
0.009165
0.009176
0.007141
0.008652
0.009871
0.007399
0.007886
0.008642
0.006668
0.006792
0.010036
0.005620
0.007599
0.007160
0.009190
0.010911
0.009750
0.008476
0.008009
0.009479
0.008441
0.005624
0.009019
0.007734
0.009360
0.005791
0.009113
0.008773
0.007871
0.008507
0.007910
0.005796
0.005761
0.008589
0.009328
0.009819
0.009204
0.008868
0.008842
0.007413
0.009694
0.009373
0.006495
0.006202
0.008459
0.007528
0.006828
0.008914
0.007583
0.007337
0.009625
0.008450
0.006822
0.010831
0.010400
0.008119
0.006154
0.008283
0.007219
0.004702
0.007847
0.006583
0.009441
0.008725
0.007594
0.007759
0.007277
0.008328
0.007476
0.008242
0.010133
0.009187
0.006681
0.009975
0.011901
0.009238
0.008894
0.007790
0.008951
0.009362
0.004850
0.006461
0.006519
0.007028
0.009403
0.009078
0.008977
0.009401
0.007864
0.008755
0.009041
0.010933
0.010768
0.008516
0.007728
0.006480
0.008987
0.006296
0.011091
0.006500
0.010102
0.006377
0.008794
0.009996
0.010726
0.008927
0.007303
0.007291
0.008090
0.008604
0.005582
0.007753
0.009624
0.009113
0.008401
0.008331
0.010309
0.007711
0.006942
0.010013
0.010024
0.008430
0.007648
0.008032
0.010037
0.005548
0.008008
0.009976
0.009667
0.007686
0.007695
0.009185
0.007793
0.006034
0.009370
0.008802
0.008671
0.006578
0.007751
0.007600
0.009039
0.009455
0.005768
0.007338
0.008926
0.005531
0.010187
0.007400
0.009995
0.009363
0.008051
0.007190
0.010515
0.008660
0.008383
0.007792
0.009055
0.008709
0.008438
0.008605
0.008921
0.008969
0.008967
0.006725
0.008668
0.006757
0.004164
0.006320
0.005442
0.008633
0.008955
0.008848
0.007069
0.006539
0.008724
0.006297
0.007640
0.008290
0.006767
0.008540
0.005396
0.006604
0.007360
0.005990
0.011582
0.007894
0.006880
0.008033
0.008426
0.009356
0.010226
0.011609
0.010594
0.007221
0.007270
0.005663
0.006287
0.005758
0.009792
0.007958
0.008454
0.004065
0.004056
0.009773
0.005395
0.008772
0.007619
0.008280
0.010257
0.009117
0.006946
0.008987
0.003066
0.009798
0.009547
0.009558
0.007869
0.007972
0.006912
0.006305
0.008040
0.008986
0.006938
0.010492
0.011212
0.009719
0.009242
0.009089
0.007048
0.007925
0.007772
0.008178
0.005032
0.008551
0.010758
0.006773
0.007011
0.007015
0.009320
0.005657
0.006928
0.006812
0.006268
0.007062
0.007777
0.009667
0.009438
0.006410
0.010154
0.006108
0.009037
0.006899
0.007375
0.009248
0.008623
0.006987
0.008402
0.006158
0.007241
0.007105
0.005260
0.008929
0.009772
0.008641
0.007664
0.006797
0.006373
0.007046
0.009660
0.007026
0.008636
0.009855
0.008847
0.009453
0.010356
0.009950
0.009803
0.010584
0.003209
0.011790
0.010229
0.009065
0.007667
0.007115
0.006703
0.009249
0.007467
0.010607
0.008187
0.009480
0.010795
0.008151
0.007598
0.007891
0.005054
0.008124
0.007097
0.008423
0.008329
0.009188
0.008665
0.007602
0.007672
0.008599
0.010292
0.007517
0.009547
0.011955
0.007042
0.007245
0.007687
0.006606
0.007607
0.007486
0.008006
0.007963
0.008821
0.007560
0.010622
0.009612
0.009939
0.010263
0.010810
0.009461
0.008728
0.008449
0.008640
0.009475
0.008852
0.008737
0.009061
0.007184
0.007935
0.005873
0.005942
0.006073
0.005405
0.006429
0.006676
0.005855
0.006988
0.009420
0.006608
0.005766
0.005610
0.006306
0.007773
0.006743
0.006583
0.005101
0.009431
0.012408
0.012014
0.011298
0.008374
0.008302
0.008161
0.007828
0.008058
0.007724
0.007889
0.009218
0.010025
0.006387
0.008999
0.006176
0.007093
0.007674
0.007407
0.007385
0.010694
0.010824
0.007657
0.005226
0.009708
0.007768
0.009120
0.008271
0.010827
0.008116
0.008435
0.008251
0.008435
0.008948
0.008834
0.007867
0.007409
0.007271
0.008622
0.008794
0.008207
0.008857
0.011038
0.007283
0.007501
0.009010
0.008502
0.007665
0.005873
0.006243
0.008734
0.007689
0.005799
0.006197
0.007429
0.009099
0.006567
0.006407
0.008504
0.006288
0.009094
0.009752
0.008157
0.009494
0.009137
0.005548
0.008849
0.009495
0.007628
0.005732
0.009623
0.008729
0.008062
0.011839
0.010347
0.005538
0.007453
0.010235
0.009648
0.007485
0.009603
0.009743
0.003749
0.007971
0.006377
0.005657
0.005332
0.006404
0.007533
0.009665
0.006121
0.005553
0.009791
0.008657
0.008733
0.007348
0.008986
0.008173
0.008739
0.006838
0.004508
0.006852
0.007144
0.007534
0.006131
0.006649
0.009815
0.012001
0.008619
0.009423
0.007008
0.007375
0.007427
0.007179
0.009840
0.008579
0.005887
0.005365
0.009833
0.011030
0.008771
0.007393
0.005126
0.006429
0.009439
0.007477
0.009845
0.009528
0.009938
0.006179
0.009703
0.008064
0.003267
0.004033
0.006569
0.007053
0.005411
0.009000
0.010091
0.009322
0.005545
0.007138
0.006486
0.008513
0.010047
0.008626
0.011365
0.009199
0.007410
0.008260
0.007046
0.007817
0.008761
0.009851
0.006320
0.009466
0.008564
0.007288
0.007683
0.009482
0.007613
0.007609
0.007711
0.006436
0.002794
0.002781
0.004063
0.007511
0.009228
0.007921
0.008194
0.007223
0.008009
0.006660
0.011325
0.011244
0.010980
0.010338
0.009519
0.008341
0.007368
0.006248
0.008362
0.008577
0.008358
0.007305
0.009369
0.009010
0.012882
0.009609
0.008508
0.011151
0.011871
0.011302
0.009174
0.009019
0.011855
0.006743
0.005912
0.009329
0.008637
0.007338
0.006882
0.010082
0.011188
0.012552
0.010939
0.008794
0.005962
0.007722
0.007937
0.007938
0.006627
0.008479
0.006833
0.008820
0.008770
0.006243
0.008617
0.007426
0.007640
0.007130
0.009074
0.007709
0.008629
0.006257
0.008530
0.007437
0.008423
0.007595
0.009168
0.009137
0.008342
0.006955
0.005575
0.008776
0.007096
0.008090
0.007136
0.007663
0.007325
0.007321
0.008898
0.008413
0.008931
0.008334
0.006315
0.009008
0.008986
0.007204
0.005376
0.006442
0.012632
0.011780
0.011318
0.010592
0.008857
0.007859
0.007738
0.010576
0.010871
0.007262
0.009596
0.007826
0.013189
0.009758
0.009321
0.008338
0.011892
0.008827
0.007997
0.007644
0.007503
0.008090
0.006516
0.009277
0.007855
0.005877
0.009125
0.008790
0.006829
0.007198
0.008018
0.007436
0.009719
0.011394
0.008175
0.008609
0.008776
0.008916
0.008387
0.008254
0.006012
0.011871
0.009028
0.015449
0.016366
0.015155
0.013324
0.012776
0.013705
0.014829
0.010467
0.008340
0.008306
0.007166
0.008934
0.010093
0.012289
0.008799
0.009025
0.013486
0.012648
0.020828
0.010530
0.019400
0.008212
0.016407
0.012598
0.013306
0.016463
0.009024
0.010026
0.011375
0.008947
0.011105
0.012149
0.011885
0.007600
0.007933
0.010497
0.010107
0.011539
0.009995
0.008727
0.009681
0.006528
0.008105
0.008722
0.007488
0.008682
0.009049
0.007977
0.004867
0.008695
0.009169
0.008975
0.009490
0.008156
0.008008
0.007411
0.008603
0.010990
0.012056
0.010103
0.008980
0.008572
0.003806
0.007076
0.008339
0.006683
0.005753
0.007327
0.008700
0.011668
0.011883
0.009105
0.007998
0.007104
0.007872
0.009795
0.009980
0.008985
0.008167
0.008620
0.006484
0.007687
0.011286
0.010127
0.008962
0.008261
0.004650
0.006017
0.007000
0.008219
0.008836
0.007608
0.009889
0.010423
0.009315
0.007894
0.008078
0.003503
0.008453
0.009106
0.008494
0.009415
0.009652
