0.000000
0.000000
0.082467
0.350328
0.527245
0.648921
0.729958
0.880861
1.005488
1.106709
1.192086
1.273805
1.330010
1.376712
1.409332
1.423521
1.449988
1.476617
1.507342
1.519003
1.512003
1.532007
1.553113
1.564872
1.560780
1.566247
1.580107
1.591016
1.604836
1.616692
1.626755
1.624132
1.621405
1.628523
1.637837
1.644263
1.652754
1.660357
1.671870
1.678974
1.686452
1.692454
1.697979
1.704061
1.711643
1.714793
1.700675
1.696014
1.699194
1.702626
1.702591
1.709366
1.707341
1.709524
1.713180
1.717056
1.721785
1.725076
1.731913
1.735990
1.739960
1.742627
1.739666
1.737909
1.741363
1.744517
1.746490
1.740574
1.741568
1.740858
1.744900
1.745702
1.744099
1.745443
1.749427
1.751809
1.745454
1.733871
1.731418
1.734348
1.737243
1.739840
1.743095
1.744922
1.750097
1.752796
1.755928
1.757628
1.750996
1.745532
1.746025
1.749670
1.747238
1.737178
1.734241
1.736070
1.737754
1.741044
1.743488
1.744910
1.747229
1.749098
1.751525
1.754083
1.757448
1.759073
1.761405
1.763117
1.764570
1.766444
1.770039
1.771890
1.773354
1.775174
1.777324
1.779011
1.780595
1.782506
1.783503
1.781915
1.779416
1.779489
1.781582
1.783167
1.783244
1.773893
1.771397
1.771288
1.772615
1.772345
1.774335
1.770185
1.769820
1.770685
1.772544
1.774037
1.775492
1.777358
1.777381
1.778261
1.775725
1.774518
1.776407
1.778714
1.780078
1.780828
1.782634
1.783142
1.785107
1.785917
1.788605
1.789744
1.790824
1.791622
1.793088
1.793709
1.793336
1.793444
1.792824
1.793309
1.794060
1.794855
1.796393
1.796354
1.794172
1.793611
1.794451
1.794704
1.794428
1.794506
1.796478
1.797074
1.798051
1.798542
1.798660
1.798325
1.790206
1.783625
1.784155
1.785117
1.785902
1.786629
1.787844
1.789326
1.788561
1.788539
1.787604
1.787420
1.787525
1.782453
1.781496
1.781731
1.779873
1.779702
1.780496
1.780347
1.780839
1.782585
1.783547
1.784149
1.785676
1.786357
1.786978
1.784383
1.783818
1.783879
1.782018
1.780181
1.780683
1.781772
1.782092
1.783108
1.782139
1.777132
1.771282
1.770339
1.772233
1.773100
1.773840
1.774227
1.774918
1.775604
1.776503
1.777721
1.778797
1.779522
1.780289
1.780798
1.781908
1.782531
1.782280
1.782466
1.779844
1.776608
1.776273
1.777290
1.778936
1.779754
1.780472
1.780499
1.781130
1.781438
1.779893
1.777442
1.776492
1.777079
1.777830
1.778365
1.779456
1.780650
1.781462
1.782243
1.782999
1.783472
1.784323
1.785158
1.786293
1.786633
1.786454
1.786557
1.786460
1.787372
1.788817
1.789476
1.790052
1.790377
1.789392
1.788101
1.788565
1.789870
1.790852
1.790801
1.790461
1.790652
1.791208
1.791929
1.792459
1.792875
1.793769
1.793978
1.792476
1.791042
1.792299
1.792931
1.792874
1.791931
1.792599
1.793004
1.793912
1.794268
1.795703
1.796082
1.796972
1.796795
1.797099
1.797634
1.797897
1.798914
1.799011
1.799429
1.799313
1.800242
1.801389
1.801860
1.801423
1.801657
1.802194
1.803276
1.805901
1.808067
1.807699
1.806334
1.806788
1.807291
1.807409
1.808602
1.809133
1.809080
1.809366
1.809621
1.810129
1.809810
1.808108
1.804902
1.804420
1.804391
1.804761
1.803509
1.804100
1.804241
1.805121
1.804563
1.801402
1.799627
1.800011
1.800806
1.801487
1.801299
1.799780
1.798801
1.798853
1.799159
1.799598
1.799871
1.798665
1.796443
1.796416
1.796893
1.797953
1.798044
1.797597
1.797082
1.796318
1.795866
1.796314
1.796918
1.797318
1.797771
1.797913
1.798703
1.799344
1.799676
1.800540
1.800018
1.798507
1.797784
1.798256
1.798462
1.799398
1.799722
1.800063
1.800380
1.800731
1.800727
1.801564
1.801661
1.801794
1.799252
1.797032
1.797249
1.797747
1.797152
1.797161
1.796998
1.796805
1.796940
1.795445
1.794884
1.796142
1.796330
1.795230
1.793482
1.793801
1.793573
1.794432
1.794868
1.795351
1.795141
1.794985
1.794844
1.795292
1.795952
1.794600
1.793083
1.792237
1.789233
1.784905
1.780506
1.776895
1.775751
1.776047
1.776698
1.777177
1.777395
1.776044
1.772577
1.770260
1.770227
1.770745
1.771175
1.771705
1.772341
1.772781
1.772919
1.773705
1.774023
1.774587
1.775184
1.775770
1.776125
1.776283
1.776771
1.777329
1.777672
1.778538
1.778982
1.779517
1.779853
1.780342
1.780752
1.781450
1.781797
1.782245
1.782450
1.782542
1.781625
1.781657
1.781466
1.781667
1.781943
1.782417
1.782037
1.781506
1.781334
1.782002
1.782266
1.781504
1.781234
1.781642
1.781928
1.781479
1.777759
1.774377
1.773072
1.773529
1.773642
1.774427
1.774763
1.775465
1.775602
1.776210
1.776364
1.776378
1.776572
1.777048
1.777264
1.777653
1.777855
1.777675
1.777238
1.777359
1.777445
1.777100
1.776200
1.776395
1.776671
1.777211
1.777884
1.778294
1.778603
1.779118
1.779424
1.779740
1.779935
1.780239
1.780683
1.780776
1.780962
1.781165
1.781533
1.781813
1.782064
1.782262
1.782516
1.782998
1.783045
1.782412
1.782355
1.782810
1.782783
1.783292
1.783611
1.783689
1.781821
1.778768
1.776705
1.776638
1.777010
1.777406
1.777746
1.778363
1.778629
1.779114
1.779333
1.779851
1.780108
1.780849
1.781230
1.781563
1.781736
1.782104
1.782026
1.782364
1.782870
1.783223
1.783557
1.784037
1.784270
1.784568
1.785310
1.785528
1.785821
1.786011
1.785949
1.786117
1.786310
1.784033
1.780899
1.777497
1.774394
1.771429
1.769116
1.769163
1.769732
1.770044
1.770291
1.770094
1.770656
1.770702
1.771107
1.771089
1.770798
1.769890
1.769868
1.770325
1.770315
1.770750
1.770013
1.770343
1.770537
1.770979
1.771296
1.771763
1.771823
1.772166
1.772308
1.772816
1.773030
1.772684
1.771784
1.771735
1.772137
1.772555
1.772825
1.772977
1.773315
1.773845
1.774160
1.774396
1.774388
1.772950
1.772106
1.772631
1.772891
1.773172
1.772791
1.773030
1.772224
1.771979
1.772385
1.772769
1.772837
1.773102
1.773333
1.773298
1.773757
1.774170
1.774508
1.774802
1.774675
1.774911
1.774802
1.774682
1.774907
1.775276
1.775227
1.775173
1.774428
1.774593
1.775051
1.775025
1.774623
1.774048
1.774118
1.774282
1.774674
1.774524
1.774644
1.773677
1.772180
1.772148
1.772383
1.773030
1.773343
1.773594
1.773783
1.773995
1.774302
1.774793
1.774854
1.774907
1.775208
1.775088
1.775190
1.774595
1.774341
1.774708
1.774750
1.775170
1.775468
1.775738
1.775936
1.776548
1.776755
1.777149
1.777450
1.777695
1.777240
1.777306
1.777583
1.777118
1.776455
1.773748
1.770980
1.768397
1.765797
1.763201
1.760563
1.758190
1.756526
1.756707
1.757245
1.757170
1.757913
1.758233
1.758460
1.758837
1.759035
1.759253
1.759630
1.759866
1.760000
1.760213
1.760540
1.760378
1.760509
1.761033
1.761370
1.761323
1.758843
1.756381
1.754948
1.755095
1.755128
1.755713
1.755801
1.755936
1.756050
1.755956
1.755820
1.755921
1.756067
1.756336
1.756443
1.756835
1.757147
1.757412
1.757571
1.756903
1.755675
1.755905
1.756297
1.756600
1.756903
1.757202
1.757073
1.757412
1.757558
1.757303
1.756182
1.756221
1.756501
1.756703
1.756341
1.757009
1.756985
1.757519
1.757731
1.758016
1.758269
1.758540
1.758812
1.759017
1.759299
1.759570
1.759733
1.759843
1.759740
1.760108
1.760120
1.760418
1.760704
1.760892
1.761038
1.761519
1.761804
1.762139
1.762243
1.762283
1.762336
1.762406
1.762395
1.762676
1.762444
1.762745
1.762069
1.761477
1.761778
1.762092
1.762155
1.761885
1.761870
1.762123
1.762408
1.762845
1.762991
1.763191
1.763432
1.763499
1.763633
1.764055
1.764002
1.764238
1.763896
1.764076
1.764207
1.764601
1.764987
1.765203
1.765280
1.765327
1.765444
1.765416
1.765592
1.765991
1.765523
1.764454
1.764089
1.764188
1.764341
1.764708
1.764653
1.764545
1.763984
1.763553
1.763220
1.763259
1.763571
1.763906
1.763916
1.764240
1.764441
1.764711
1.765194
1.765435
1.765672
1.765757
1.765932
1.765985
1.766246
1.766514
1.766357
1.766375
1.766312
1.766581
1.766655
1.766816
1.767254
1.767350
1.767446
1.767434
1.767490
1.767621
1.767456
1.767448
1.767649
1.767903
1.767934
1.768099
1.768359
1.768729
1.768951
1.769069
1.769262
1.769580
1.769685
1.770109
1.770390
1.770279
1.770139
1.769935
1.769746
1.770122
1.770423
1.770606
1.769958
1.769520
1.769555
1.769604
1.769633
1.770137
1.770324
1.770490
1.770245
1.770304
1.770520
1.770734
1.770546
1.770442
1.770659
1.770706
1.770286
1.770067
1.770534
1.770598
1.770060
1.770064
1.770481
1.770637
1.770389
1.769574
1.769397
1.769657
1.769602
1.769565
1.769618
1.770200
1.770292
1.770434
1.770367
1.770751
1.770421
1.769828
1.769269
1.768859
1.768191
1.768219
1.768438
1.768675
1.769052
1.769282
1.769443
1.769657
1.769781
1.769947
1.769861
1.769764
1.769919
1.770139
1.770161
1.770245
1.770256
1.769518
1.768849
1.768921
1.768981
1.768070
1.767602
1.767855
1.767845
1.767441
1.767544
1.767453
1.767525
1.767819
1.768045
1.768299
1.768379
1.768452
1.768647
1.768480
1.768268
1.768249
1.768464
1.768649
1.768415
1.768735
1.768801
1.768482
1.768749
1.768896
1.768840
1.768946
1.769064
1.769370
1.769579
1.769539
1.769661
1.769945
1.769886
1.769707
1.768681
1.766895
1.765004
1.763201
1.761344
1.759727
1.758608
1.758746
1.759091
1.759487
1.759783
1.759823
1.759172
1.758983
1.759309
1.758897
1.758603
1.758806
1.759016
1.759222
1.759167
1.759489
1.759477
1.759622
1.759698
1.760026
1.760021
1.760116
1.760539
1.760741
1.760791
1.760815
1.760896
1.760898
1.761231
1.761336
1.761670
1.761892
1.762096
1.762131
1.762403
1.762707
1.762915
1.763001
1.763224
1.763329
1.763479
1.763835
1.763831
1.764289
1.764412
1.764719
1.764887
1.764962
1.765099
1.764780
1.764446
1.764697
1.764731
1.764858
1.764210
1.764046
1.764122
1.764230
1.764216
1.764476
1.764531
1.765008
1.765177
1.765475
1.765656
1.765715
1.765825
1.766076
1.766304
1.766419
1.766572
1.766777
1.766787
1.767133
1.767267
1.767644
1.767775
1.767838
1.768092
1.768101
1.768239
1.768290
1.768487
1.768686
1.768910
1.769093
1.769058
1.769342
1.769465
1.768983
1.767938
1.767599
1.767710
1.767886
1.767801
1.767108
1.766571
1.766847
1.766982
1.767270
1.767205
1.767066
1.767217
1.767500
1.767601
1.767643
1.767320
1.767575
1.767516
1.766092
1.764458
1.763178
1.762856
1.763105
1.762937
1.762531
1.762834
1.763096
1.763228
1.763379
1.763105
1.762802
1.763118
1.763224
1.763331
1.763573
1.763395
1.763581
1.763544
1.763742
1.763855
1.764063
1.764045
1.764267
1.764547
1.764188
1.763573
1.763521
1.762991
1.762349
1.762155
1.761515
1.760883
1.760687
1.760839
1.760980
1.761118
1.761454
1.761614
1.761878
1.761967
1.762028
1.761918
1.762120
1.762388
1.762492
1.762492
1.762594
1.762283
1.762481
1.762800
1.762851
1.763153
1.763334
1.763436
1.763619
1.763703
1.763994
1.764097
1.763866
1.763952
1.764085
1.763609
1.763396
1.763391
1.763631
1.763696
1.763856
1.764142
1.764292
1.764453
1.764675
1.764648
1.764366
1.764207
1.764272
1.764458
1.764555
1.764315
1.763854
1.763774
1.764152
1.764287
1.764618
1.764751
1.764944
1.765139
1.765090
1.765314
1.765196
1.765424
1.764905
1.764012
1.763225
1.762972
1.763167
1.763356
1.763003
1.762237
1.760676
1.759197
1.757777
1.756162
1.754747
1.753668
1.753646
1.754068
1.754472
1.754629
1.754926
1.755057
1.755332
1.755459
1.755632
1.755612
1.756076
1.756374
1.756573
1.756677
1.756890
1.756975
1.757262
1.757408
1.757484
1.757424
1.757264
1.756910
1.757097
1.757230
1.757542
1.757531
1.757750
1.757818
1.758038
1.758162
1.758415
1.758524
1.758848
1.758709
1.758680
1.758642
1.758892
1.759203
1.759297
1.759537
1.759749
1.759824
1.759555
1.759315
1.759208
1.759346
1.759397
1.759582
1.759757
1.759685
1.759783
1.760082
1.760213
1.760251
1.760471
1.760541
1.760170
1.760202
1.760304
1.760426
1.760584
1.760608
1.760900
1.761071
1.761378
1.761497
1.761659
1.761697
1.761830
1.761575
1.761666
1.761914
1.761983
1.762089
1.762311
1.762233
1.762218
1.762454
1.762633
1.762815
1.762907
1.762934
1.762979
1.763272
1.763580
1.763752
1.763930
1.764050
1.764207
1.764287
1.764615
1.764752
1.764971
1.765093
1.765299
1.765468
1.765651
1.765836
1.766072
1.766227
1.766153
1.765960
1.766039
1.765863
1.765487
1.765351
1.765344
1.765382
1.765521
1.765684
1.765673
1.765928
1.766150
1.766179
1.766369
1.766329
1.765726
1.764585
1.764130
1.764164
1.764413
1.764418
1.764290
1.763913
1.763760
1.763729
1.763952
1.764133
1.764219
1.764633
1.764995
1.765122
1.765278
1.765418
1.765611
1.765575
1.765521
1.765561
1.765697
1.765779
1.765947
1.765692
1.765401
1.765415
1.765403
1.765335
1.765199
1.765288
1.765497
1.765328
1.765406
1.765568
1.765719
1.765580
1.765618
1.765782
1.766007
1.766038
1.765830
1.765701
1.765566
1.765301
1.765022
1.765051
1.765214
1.765437
1.765579
1.765688
1.765908
1.766158
1.766290
1.766382
1.766554
1.766540
1.766456
1.766471
1.766652
1.766608
1.766800
1.766913
1.767116
1.767061
1.766913
1.766882
1.767063
1.767184
1.767343
1.767446
1.767656
1.767893
1.767607
1.767297
1.767322
1.767152
1.766853
1.766629
1.766925
1.767004
1.767045
1.767279
1.767349
1.767512
1.767832
1.767671
1.766578
1.765398
1.763954
1.762792
1.761464
1.760647
1.760626
1.760601
1.760731
1.759992
1.758782
1.757522
1.756286
1.754996
1.753646
1.752359
1.751301
1.750571
1.750714
1.750659
1.750977
1.751125
1.749941
1.748681
1.747466
1.746154
1.744805
1.743710
1.742916
1.742917
1.743090
1.743337
1.743512
1.743533
1.743618
1.743420
1.742089
1.740840
1.739700
1.738462
1.737705
1.737613
1.737829
1.737997
1.737813
1.737871
1.738091
1.738207
1.738241
1.738172
1.737600
1.737509
1.737708
1.737745
1.737833
1.737816
1.738165
1.738161
1.738036
1.738195
1.738304
1.738227
1.738350
1.738431
1.738554
1.738661
1.738800
1.738901
1.738995
1.739235
1.739274
1.739381
1.739537
1.739725
1.739907
1.740011
1.740208
1.740301
1.740486
1.740585
1.740793
1.740887
1.741022
1.740960
1.741355
1.741452
1.741664
1.741738
1.741767
1.741550
1.741311
1.741338
1.741083
1.741196
1.741390
1.741175
1.741163
1.741266
1.741411
1.741512
1.741706
1.741711
1.741850
1.741997
1.742249
1.742370
1.742574
1.742663
1.742797
1.742858
1.742988
1.743248
1.743376
1.743501
1.743664
1.743746
1.743917
1.744127
1.744178
1.744056
1.744142
1.744210
1.744386
1.744965
1.745485
1.745393
1.745513
1.745660
1.745786
1.745861
1.746104
1.746188
1.746352
1.746395
1.746000
1.745702
1.745884
1.745972
1.746068
1.746202
1.746116
1.746121
1.746285
1.746344
1.746567
1.746675
1.746784
1.746821
1.746979
1.747082
1.747368
1.747423
1.747586
1.747547
1.747757
1.747853
1.747912
1.748007
1.747984
1.747740
1.747506
1.747438
1.747551
1.747745
1.747859
1.747886
1.748049
1.748139
1.748280
1.748206
1.748344
1.748476
1.748389
1.748311
1.748391
1.748602
1.748764
1.748826
1.748732
1.748733
1.748943
1.749078
1.748981
1.748910
1.749001
1.749049
1.749171
1.748944
1.748892
1.749024
1.749081
1.749087
1.749247
1.749156
1.749214
1.749290
1.749516
1.749607
1.749756
1.749816
1.749880
1.749957
1.750022
1.750200
1.750273
1.750466
1.750651
1.750750
1.750937
1.751034
1.751312
1.751393
1.751522
1.751592
1.751443
1.751271
1.751436
1.751870
1.751971
1.752116
1.752291
1.752369
1.752570
1.752760
1.752888
1.752893
1.752935
1.752905
1.753033
1.753193
1.753333
1.753171
1.753268
1.753364
1.753020
1.752989
1.753057
1.753185
1.753235
1.753467
1.753617
1.753679
1.753882
1.754056
1.754225
1.754364
1.754504
1.754605
1.754762
1.754622
1.754596
1.754590
1.754474
1.754521
1.754627
1.754705
1.754472
1.754479
1.754665
1.754432
1.754091
1.754178
1.754451
1.754554
1.754678
1.754796
1.754912
1.755014
1.754824
1.753871
1.752822
1.751753
1.750698
1.749723
1.749178
1.749239
1.749391
1.749491
1.749562
1.749829
1.750005
1.750148
1.750379
1.750460
1.750631
1.750745
1.750572
1.750399
1.750584
1.750780
1.750848
1.751085
1.751218
1.751323
1.751486
1.751706
1.751841
1.751829
1.751384
1.750697
1.750185
1.749694
1.749322
1.749278
1.749455
1.749591
1.749685
1.749800
1.749804
1.749881
1.750044
1.750133
1.750227
1.750350
1.750396
1.750160
1.749226
1.748097
1.747134
1.746125
1.745318
1.745121
1.745246
1.745403
1.745413
1.745241
1.745257
1.745197
1.745071
1.744766
1.744495
1.744428
1.744544
1.744726
1.744871
1.744990
1.745074
1.745078
1.744696
1.744283
1.744082
1.743622
1.743437
1.743634
1.743789
1.743880
1.744059
1.744163
1.744395
1.744541
1.744677
1.744754
1.744937
1.744881
1.744751
1.744829
1.744968
1.745044
1.745164
1.745371
1.745499
1.745675
1.745845
1.745917
1.746030
1.746117
1.746278
1.746687
1.746866
1.746893
1.747132
1.747200
1.747167
1.747179
1.747282
1.747427
1.747461
1.747544
1.747678
1.747784
1.747943
1.748075
1.748209
1.748228
1.748406
1.748299
1.748405
1.748504
1.748712
1.748764
1.748946
1.749021
1.749166
1.749219
1.749471
1.749598
1.749614
1.749481
1.749629
1.749775
1.749806
1.749832
1.749906
1.749950
1.750100
1.750080
1.750154
1.750061
1.750334
1.750403
1.750496
1.750574
1.750649
1.750697
1.750831
1.750923
1.751079
1.751135
1.751235
1.751314
1.751435
1.751622
1.751662
1.751702
1.751750
1.751723
1.751902
1.751959
1.752076
1.752196
1.752316
1.752405
1.752495
1.752326
1.752375
1.752516
1.752517
1.752631
1.751698
1.750896
1.750645
1.750756
1.750397
1.750331
1.750404
1.750439
1.750393
1.750181
1.750169
1.750310
1.750419
1.750473
1.750544
1.750619
1.750484
1.750375
1.750499
1.750516
1.750632
1.750700
1.750804
1.750849
1.750843
1.750516
1.750081
1.749929
1.749999
1.750114
1.750090
1.750080
1.750293
1.750174
1.750064
1.749896
1.749320
1.748573
1.747582
1.746655
1.745775
1.744987
1.744829
1.744714
1.744269
1.743490
1.742583
1.741586
1.740719
1.739766
1.739085
1.738905
1.738927
1.739074
1.739251
1.739448
1.739447
1.738537
1.737669
1.736799
1.736241
1.736246
1.736440
1.736573
1.736709
1.736786
1.736726
1.736559
1.736629
1.736833
1.736912
1.736995
1.737157
1.737043
1.736892
1.737022
1.737147
1.737303
1.737295
1.737379
1.737256
1.737278
1.737519
1.737563
1.737769
1.737851
1.737908
1.737850
1.737593
1.737656
1.737764
1.737806
1.737401
1.737111
1.737217
1.737327
1.737467
1.737556
1.737613
1.737690
1.737781
1.737862
1.737746
1.737568
1.737754
1.737819
1.737861
1.737963
1.738136
1.738104
1.738238
1.738334
1.738385
1.738100
1.737246
1.736268
1.735363
1.734479
1.733646
1.732662
1.731781
1.731208
1.731183
1.731213
1.731406
1.731222
1.731308
1.731330
1.731495
1.731726
1.731819
1.731924
1.732083
1.732139
1.732277
1.732348
1.732449
1.732463
1.732585
1.732581
1.732672
1.732783
1.732822
1.732890
1.733043
1.733101
1.733222
1.733178
1.733337
1.733426
1.733564
1.733622
1.733760
1.733815
1.733961
1.734081
1.734116
1.734040
1.733889
1.733832
1.733973
1.734056
1.734170
1.734257
1.734378
1.734476
1.734367
1.734451
1.734616
1.734706
1.734861
1.734951
1.735015
1.735127
1.735309
1.735403
1.735523
1.735161
1.734979
1.735042
1.734909
1.734905
1.735029
1.735056
1.734511
1.734354
1.734465
1.734604
1.734657
1.734847
1.734758
1.734736
1.734943
1.735027
1.735164
1.735309
1.735451
1.735478
1.735220
1.734957
1.735060
1.735146
1.735149
1.734273
1.733491
1.732627
1.731668
1.730924
1.729961
1.729255
1.728734
1.728729
1.728745
1.728946
1.729117
1.729204
1.729379
1.729465
1.729620
1.729684
1.729756
1.729932
1.729781
1.729357
1.729262
1.729368
1.729539
1.729693
1.729791
1.729782
1.729880
1.729974
1.730061
1.730080
1.730230
1.730290
1.730438
1.730485
1.730600
1.730664
1.730766
1.730859
1.730896
1.730820
1.730906
1.730943
1.730935
1.731010
1.731098
1.731212
1.731297
1.731370
1.731404
1.731436
1.731567
1.731677
1.731737
1.731824
1.731990
1.732005
1.732137
1.731802
1.731657
1.731664
1.731827
1.731826
1.731759
1.731872
1.732035
1.732105
1.731986
1.731853
1.732044
1.732158
1.732271
1.732252
1.732131
1.732121
1.732216
1.732177
1.732320
1.732406
1.732493
1.732601
1.732724
1.732769
1.732884
1.732914
1.733043
1.733125
1.733286
1.733332
1.733454
1.733501
1.733634
1.733622
1.733658
1.733744
1.733778
1.733834
1.734018
1.734082
1.734215
1.734308
1.734426
1.734403
1.734467
1.734381
1.734463
1.734507
1.734561
1.734598
1.734757
1.734905
1.734959
1.734987
1.734707
1.734455
1.734572
1.734673
1.734850
1.734939
1.735085
1.735152
1.735136
1.735140
1.735185
1.734835
1.734717
1.734703
1.734701
1.734419
1.734339
1.734434
1.734438
1.734491
1.734431
1.734392
1.734419
1.734536
1.734678
1.734754
1.734857
1.734952
1.734897
1.734750
1.734916
1.735025
1.735034
1.735073
1.735174
1.735272
1.735411
1.735477
1.734995
1.734687
1.734755
1.734703
1.734360
1.734183
1.734277
1.734300
1.734175
1.734189
1.734305
1.734393
1.734575
1.734506
1.733962
1.733719
1.733811
1.733900
1.734103
1.734230
1.734282
1.734237
1.734374
1.734427
1.734568
1.734683
1.734796
1.734776
1.734752
1.734907
1.734751
1.734395
1.734335
1.734421
1.734477
1.734425
1.734517
1.734556
1.734571
1.734226
1.734254
1.734213
1.733964
1.733907
1.734044
1.734106
1.733870
1.733457
1.733447
1.733422
1.733489
1.733574
1.733754
1.733790
1.733881
1.733977
1.734085
1.734153
1.734295
1.734027
1.734042
1.733956
1.734068
1.734115
1.734301
1.734371
1.734468
1.734536
1.734667
1.734752
1.734776
1.734922
1.735053
1.735136
1.735159
1.734756
1.734361
1.734352
1.734449
1.734440
1.734270
1.734240
1.734338
1.734407
1.734218
1.733746
1.733523
1.733400
1.733507
1.733390
1.733334
1.733513
1.733635
1.733647
1.733426
1.732819
1.732116
1.731395
1.730980
1.731008
1.731019
1.731188
1.731349
1.731332
1.731437
1.731527
1.731648
1.731727
1.731854
1.731970
1.732031
1.731974
1.731756
1.731689
1.731823
1.731929
1.731990
1.732129
1.732087
1.732192
1.732228
1.732224
1.732291
1.732359
1.732532
1.732617
1.732665
1.732704
1.732761
1.732918
1.733093
1.733170
1.733297
1.733389
1.733482
1.733305
1.733285
1.733357
1.733428
1.733548
1.733602
1.733676
1.733782
1.733896
1.733992
1.733906
1.733940
1.734038
1.734133
1.734217
1.734406
1.734495
1.734512
1.734616
1.734678
1.734743
1.734888
1.734984
1.735103
1.735080
1.735004
1.734690
1.734396
1.734255
1.734400
1.734456
1.734466
1.734540
1.734680
1.734760
1.734908
1.734983
1.734842
1.734740
1.734729
1.734530
1.734638
1.734743
1.734869
1.734965
1.735022
1.734821
1.734650
1.734374
1.734361
1.734363
1.734488
1.734244
1.733958
1.733995
1.734185
1.734269
1.734300
1.734353
1.734486
1.734527
1.734713
1.734777
1.734895
1.734850
1.734902
1.734994
1.735017
1.735004
1.734540
1.734450
1.734565
1.734612
1.734543
1.734504
1.734663
1.734537
1.734618
1.734730
1.734822
1.734851
1.735087
1.735191
1.735233
1.735359
1.735489
1.735521
1.735530
1.735590
1.735582
1.735692
1.735782
1.735850
1.735971
1.736069
1.736026
1.736007
1.736065
1.736163
1.736209
1.736258
1.736176
1.735768
1.735562
1.735285
1.734915
1.734669
1.734416
1.733944
1.733660
1.733543
1.733543
1.733504
1.733602
1.733748
1.733843
1.733964
1.734005
1.734010
1.734250
1.734298
1.734432
1.734395
1.734423
1.734505
1.734627
1.734638
1.734812
1.734841
1.734922
1.734962
1.734858
1.734484
1.734512
1.734663
1.734770
1.734829
1.734953
1.735006
1.735122
1.735182
1.735358
1.735423
1.735509
1.735473
1.735691
1.735684
1.735824
1.735889
1.736003
1.736017
1.736167
1.736250
1.736175
1.735473
1.734946
1.734756
1.734769
1.734921
1.735036
1.735122
1.735222
1.735330
1.735288
1.735058
1.734965
1.735003
1.735106
1.735031
1.735045
1.734880
1.734278
1.733558
1.732897
1.732192
1.731484
1.731106
1.731161
1.731098
1.731288
1.731473
1.731605
1.731666
1.731678
1.731798
1.732105
1.732455
1.733139
1.733784
1.734289
1.734452
1.734669
1.734581
1.734704
1.734779
1.734898
1.734988
1.735087
1.735144
1.735260
1.735332
1.735529
1.735551
1.735436
1.735412
1.735514
1.735604
1.735617
1.735214
1.734596
1.734038
1.733940
1.734004
1.734132
1.734203
1.734235
1.734311
1.734440
1.734532
1.734625
1.734762
1.734373
1.733635
1.733000
1.732267
1.731679
1.730911
1.730134
1.729771
1.729639
1.729639
1.729724
1.729866
1.730085
1.730160
1.730313
1.730378
1.730481
1.730496
1.730452
1.730755
1.730929
1.730992
1.731096
1.731126
1.731113
1.731239
1.731301
1.731400
1.731489
1.731535
1.731607
1.731611
1.731743
1.731850
1.731895
1.731932
1.732064
1.732046
1.732170
1.732129
1.732052
1.732022
1.731895
1.731912
1.731971
1.731942
1.731928
1.731938
1.731986
1.732051
1.732084
1.732117
1.732275
1.732294
1.732374
1.732438
1.732553
1.732642
1.732682
1.732886
1.732942
1.733011
1.733135
1.733216
1.733287
1.733410
1.733521
1.733568
1.733609
1.733720
1.733774
1.733846
1.733978
1.734066
1.734168
1.734232
1.734256
1.734306
1.734456
1.734330
1.734347
1.734442
1.734502
1.734476
1.734550
1.734641
1.734750
1.734796
1.734869
1.734851
1.734947
1.735082
1.735198
1.735283
1.735333
1.735028
1.734696
1.734676
1.734767
1.734849
1.734723
1.734630
1.734680
1.734698
1.734848
1.734896
1.735032
1.735075
1.735071
1.735105
1.735213
1.735354
1.735422
1.735281
1.735194
1.735280
1.735454
1.735388
1.735456
1.735418
1.735483
1.735529
1.735641
1.735697
1.735862
1.735928
1.736033
1.736072
1.736093
1.736239
1.736344
1.736425
1.736544
1.736632
1.736731
1.736739
1.736898
1.737003
1.737227
1.737510
1.737655
1.737624
1.737574
1.737120
1.737088
1.737179
1.737272
1.737364
1.737437
1.737488
1.737467
1.737447
1.737261
1.737134
1.737240
1.737371
1.737477
1.737560
1.737636
1.737764
1.737855
1.737944
1.738038
1.738108
1.738255
1.738325
1.738410
1.738416
1.738547
1.738584
1.738650
1.738735
1.738810
1.738865
1.738969
1.739030
1.739072
1.739166
1.739269
1.739296
1.739401
1.739376
1.739419
1.739514
1.739644
1.739677
1.739751
1.739835
1.739799
1.739787
1.739858
1.739974
1.740085
1.740142
1.740194
1.739925
1.739768
1.739801
1.739870
1.739837
1.739528
1.739266
1.739362
1.739488
1.739599
1.739652
1.739698
1.739760
1.739790
1.739797
1.739914
1.739989
1.739985
1.740005
1.740054
1.739973
1.739595
1.739346
1.739354
1.739431
1.739513
1.739619
1.739703
1.739789
1.739902
1.739965
1.740107
1.740240
1.740312
1.740412
1.740421
1.740115
1.740041
1.740108
1.740182
1.740237
1.740383
1.740462
1.740549
1.740612
1.740719
1.740790
1.740613
1.740394
1.740286
1.740395
1.740379
1.740388
1.740477
1.740323
1.740386
1.740438
1.740510
1.740580
1.740693
1.740750
1.740878
1.740972
1.741065
1.741120
1.741219
1.741250
1.741333
1.741095
1.741016
1.741112
1.740811
1.740413
1.740454
1.740560
1.740617
1.740608
1.740251
1.740035
1.740059
1.740130
1.740262
1.740181
1.740002
1.739996
1.739863
1.739683
1.739664
1.739523
1.739128
1.739098
1.739165
1.739184
1.739316
1.739121
1.738743
1.738649
1.738751
1.738864
1.738966
1.739029
1.739074
1.738907
1.738655
1.738374
1.738391
1.738490
1.738604
1.738448
1.738191
1.738047
1.738063
1.738110
1.738254
1.738266
1.738297
1.738414
1.738510
1.738583
1.738581
1.738693
1.738819
1.738672
1.738513
1.737856
1.737295
1.736615
1.736015
1.735432
1.734856
1.734479
1.734484
1.734542
1.734653
1.734755
1.734801
1.734880
1.734952
1.735011
1.735078
1.735245
1.735330
1.735401
1.735410
1.735381
1.735403
1.735463
1.735378
1.735063
1.735035
1.735102
1.735210
1.735294
1.735374
1.735467
1.735526
1.735560
1.735679
1.735670
1.735779
1.735800
1.735702
1.735684
1.735755
1.735825
1.735924
1.736001
1.736120
1.736188
1.736295
1.736370
1.736408
1.736470
1.736610
1.736617
1.736609
1.736671
1.736736
1.736786
1.736712
1.736348
1.735728
1.735279
1.735178
1.735211
1.735313
1.735385
1.735450
1.735601
1.735680
1.735650
1.735538
1.735520
1.735637
1.735693
1.735699
1.735752
1.735812
1.735852
1.735963
1.736083
1.736174
1.736219
1.736270
1.736346
1.736352
1.736413
1.736385
1.736238
1.736222
1.736297
1.736425
1.736607
1.736783
1.736678
1.736360
1.735755
1.735171
1.734573
1.734005
1.733489
1.733120
1.733113
1.733198
1.733289
1.733372
1.733483
1.733574
1.733658
1.733719
1.733718
1.733812
1.733684
1.733576
1.733515
1.733620
1.733586
1.733649
1.733698
1.733834
1.733753
1.733385
1.733107
1.733163
1.733227
1.733307
1.733352
1.733340
1.733347
1.733449
1.733470
1.733438
1.733414
1.732758
1.732250
1.731933
1.731972
1.732006
1.732102
1.732474
1.732772
1.732841
1.732881
1.732993
1.733028
1.733108
1.733236
1.733251
1.733282
1.733354
1.733388
1.733341
1.733203
1.733175
1.733180
1.733344
1.733361
1.733368
1.733332
1.733413
1.733108
1.732545
1.732069
1.731960
1.731955
1.732097
1.732204
1.732287
1.732348
1.732447
1.732527
1.732572
1.732732
1.732795
1.732851
1.732953
1.732833
1.732635
1.732670
1.732732
1.732760
1.732837
1.732900
1.733004
1.733080
1.733092
1.732905
1.732812
