1.61127
1.61133
2.11138
2.61168
3.1117
3.61269
4.11258
4.62085
5.11137
5.63605
6.11356
6.62042
7.11132
7.63235
8.1126
8.61855
9.11138
9.63838
10.1128
10.6208
11.1114
11.6354
12.1126
12.6212
13.1115
13.6419
14.1142
14.6219
15.1114
15.6356
16.1124
16.6221
17.1115
17.6384
18.1276
18.6196
19.1247
19.6426
20.1129
20.621
21.1148
21.6363
22.1128
22.6204
23.1318
23.6345
24.1132
24.619
25.1114
25.6341
26.1122
26.6168
27.1114
27.6347
28.1136
28.6181
29.1114
29.6444
30.1144
30.6176
31.1114
31.6371
32.1125
32.6182
33.1113
33.6396
34.1128
34.6464
35.1114
35.635
36.1138
36.6209
37.1113
37.6415
38.1124
38.6472
39.1247
39.6439
40.1126
40.652
41.1114
41.6353
42.1133
42.6198
43.1114
43.6567
44.1133
44.6236
45.1115
45.6429
46.1128
46.6572
47.1114
47.6449
48.1129
48.6213
49.1114
49.6333
50.1134
50.6214
51.1303
51.6362
52.1128
52.6239
53.1163
53.6368
54.1128
54.6354
55.1114
55.6357
56.1299
56.6248
57.1114
57.6325
58.122
58.6234
59.1115
59.6308
60.1129
60.6225
61.1115
61.6303
62.1125
62.6255
63.1114
63.6355
64.1128
64.6477
65.1114
65.6359
66.1128
66.6255
67.1114
67.6514
68.1129
68.6351
69.1114
69.629
70.1127
70.6247
71.1114
71.642
72.1127
72.6263
73.1114
73.6781
74.1131
74.6305
75.1114
75.6638
76.1134
76.6273
77.1116
77.6423
78.1129
78.6257
79.1116
79.6548
80.1129
80.6713
81.1114
81.6404
82.1127
82.6267
83.1114
83.6521
84.1232
84.6142
85.1194
85.642
86.1664
86.6318
87.1114
87.6399
88.1131
88.6291
89.1712
89.6624
90.1128
90.6293
91.1115
91.6333
92.1124
92.6288
93.1113
93.6431
94.1146
94.6349
95.1144
95.6384
96.1153
96.6356
97.1134
97.6431
98.116
98.6179
99.1153
99.657
100.144
100.621
101.115
101.662
102.117
102.645
103.114
103.67
104.116
104.633
105.113
105.652
106.115
106.633
107.117
107.642
108.137
108.634
109.113
109.671
110.114
110.617
111.119
111.661
112.116
112.621
113.117
113.658
114.121
114.626
115.125
115.663
116.121
116.624
117.128
117.66
118.127
118.625
119.149
119.675
120.125
120.628
121.126
121.663
122.148
122.629
123.127
123.678
124.125
124.629
125.127
125.679
126.125
126.63
127.125
127.66
128.127
128.663
129.125
129.654
130.127
130.648
131.124
131.657
132.164
132.647
133.124
133.685
134.126
134.653
135.128
135.683
136.173
136.668
137.126
137.697
138.126
138.659
139.15
139.651
140.126
140.66
141.126
141.646
142.126
142.647
143.127
143.669
144.127
144.65
145.127
145.686
146.126
146.688
147.127
147.678
148.125
148.689
149.127
149.68
150.175
150.63
151.166
151.682
152.171
152.647
153.127
153.667
154.127
154.644
155.143
155.685
156.126
156.632
157.125
157.662
158.125
158.648
159.165
159.664
160.126
160.631
161.128
161.668
162.124
162.63
163.125
163.668
164.125
164.629
165.128
165.67
166.128
166.672
167.127
167.676
168.13
168.629
169.128
169.671
170.128
170.631
171.129
171.691
172.126
172.646
173.125
173.657
174.177
174.692
175.141
175.669
176.125
176.633
177.128
177.676
178.125
178.628
179.126
179.682
180.154
180.649
181.182
181.697
182.128
182.679
183.136
183.672
184.131
184.629
185.128
185.689
186.126
186.63
187.13
187.672
188.125
188.632
189.129
189.667
190.126
190.632
191.157
191.673
192.128
192.671
193.127
193.674
194.125
194.667
195.126
195.703
196.128
196.68
197.126
197.655
198.126
198.646
199.131
199.667
200.126
200.656
201.126
201.699
202.156
202.647
203.127
203.697
204.165
204.675
205.165
205.696
206.126
206.63
207.149
207.659
208.128
208.697
209.167
209.727
210.127
210.63
211.127
211.677
212.128
212.648
213.153
213.772
214.128
214.649
215.13
215.689
216.138
216.643
217.174
217.686
218.134
218.648
219.127
219.663
220.133
220.648
221.125
221.654
222.127
222.652
223.126
223.671
224.129
224.63
225.129
225.674
226.128
226.648
227.127
227.656
228.127
228.649
229.156
229.675
230.125
230.65
231.13
231.678
232.171
232.668
233.129
233.68
234.151
234.686
235.131
235.708
236.129
236.675
237.13
237.68
238.133
238.646
239.129
239.648
240.129
240.645
241.125
241.645
242.131
242.648
243.125
243.651
244.128
244.648
245.125
245.65
246.127
246.643
247.125
247.659
248.131
248.647
249.129
249.665
250.133
250.645
251.13
251.663
252.155
252.629
253.126
253.68
254.13
254.629
255.127
255.658
256.138
256.65
257.127
257.663
258.164
258.686
259.128
259.681
260.124
260.629
261.126
261.684
262.126
262.645
263.127
263.665
264.125
264.646
265.128
265.65
266.132
266.66
267.126
267.689
268.128
268.646
269.148
269.666
270.127
270.646
271.154
271.706
272.129
272.631
273.126
273.69
274.159
274.68
275.182
275.7
276.187
276.668
277.126
277.68
278.128
278.649
279.126
279.677
280.16
280.633
281.128
281.67
282.164
282.628
283.132
283.717
284.129
284.645
285.126
285.653
286.133
286.651
287.125
287.655
288.13
288.654
289.13
289.665
290.128
290.644
291.189
291.67
292.178
292.646
293.128
293.656
294.168
294.707
295.133
295.656
296.126
296.646
297.131
297.656
298.128
298.644
299.126
299.679
300.125
300.646
301.126
301.68
302.126
302.647
303.125
303.659
304.132
304.646
305.129
305.661
306.134
306.649
307.13
307.708
308.135
308.669
309.127
309.709
310.128
310.648
311.133
311.662
312.129
312.648
313.128
313.66
314.133
314.652
315.131
315.657
316.161
316.633
317.128
317.669
318.126
318.633
319.131
319.693
320.126
320.678
321.127
321.679
322.126
322.632
323.129
323.679
324.126
324.633
325.128
325.679
326.126
326.632
327.137
327.682
328.127
328.649
329.129
329.662
330.129
330.64
331.128
331.779
332.204
332.679
333.199
333.758
334.201
334.691
335.18
335.721
336.132
336.655
337.128
337.666
338.241
338.631
339.128
339.681
340.129
340.648
341.125
341.65
342.131
342.721
343.156
343.66
344.13
344.68
345.126
345.682
346.161
346.649
347.133
347.682
348.129
348.687
349.13
349.706
350.128
350.652
351.127
351.656
352.129
352.65
353.147
353.651
354.125
354.63
355.129
355.669
356.127
356.698
357.133
357.679
358.127
358.632
359.126
359.718
360.131
360.655
361.13
361.68
362.133
362.631
363.153
363.722
364.131
364.671
365.127
365.719
366.131
366.645
367.146
367.668
368.125
368.637
369.132
369.676
370.131
370.633
371.125
371.67
372.13
372.634
373.127
373.674
374.145
374.652
375.127
375.653
376.178
376.647
377.187
377.657
378.128
378.651
379.129
379.658
380.136
380.647
381.126
381.679
382.127
382.695
383.131
383.657
384.129
384.657
385.155
385.654
386.164
386.633
387.149
387.668
388.132
388.633
389.131
389.676
390.13
390.651
391.127
391.669
392.126
392.675
393.128
393.652
394.127
394.733
395.13
395.654
396.13
396.727
397.128
397.713
398.129
398.654
399.129
399.658
400.127
400.649
401.124
401.706
402.128
402.646
403.139
403.706
404.128
404.634
405.13
405.679
406.13
406.631
407.13
407.672
408.142
408.647
409.13
409.682
410.129
410.632
411.126
411.674
412.129
412.634
413.126
413.739
414.134
414.634
415.134
415.673
416.19
416.63
417.131
417.659
418.147
418.647
419.125
419.675
420.134
420.63
421.125
421.655
422.132
422.65
423.126
423.672
424.127
424.633
425.172
425.67
426.125
426.69
427.131
427.71
428.131
428.71
429.128
429.653
430.126
430.656
431.129
431.658
432.129
432.649
433.154
433.655
434.143
434.671
435.129
435.648
436.131
436.649
437.129
437.692
438.132
438.631
439.142
439.722
440.134
440.65
441.124
441.703
442.128
442.653
443.134
443.659
444.128
444.646
445.126
445.657
446.131
446.635
447.13
447.653
448.131
448.658
449.125
449.65
450.132
450.645
451.125
451.695
452.127
452.654
453.128
453.654
454.16
454.629
455.131
455.672
456.126
456.638
457.128
457.673
458.127
458.652
459.125
459.649
460.143
460.657
461.162
461.668
462.131
462.65
463.129
463.65
464.132
464.701
465.131
465.679
466.131
466.681
467.149
467.674
468.128
468.665
469.129
469.762
470.131
470.649
471.125
471.704
472.209
472.707
473.207
473.752
474.194
474.694
475.13
475.684
476.124
476.648
477.132
477.66
478.132
478.654
479.177
479.657
480.137
480.648
481.132
481.653
482.133
482.652
483.124
483.658
484.129
484.656
485.126
485.729
486.164
486.628
487.128
487.677
488.17
488.647
489.133
489.685
490.174
490.645
491.133
491.665
492.18
492.653
493.128
493.671
494.167
494.647
495.17
495.696
496.131
496.706
497.13
497.704
498.129
498.635
499.148
499.705
500.143
500.714
501.134
501.762
502.128
502.654
503.155
503.683
504.126
504.653
505.133
505.771
506.13
506.65
507.13
507.695
508.131
508.649
509.13
509.706
510.184
510.652
511.13
511.713
512.131
512.694
513.139
513.667
514.184
514.655
515.129
515.659
516.15
516.655
517.131
517.721
518.128
518.655
519.133
519.685
520.126
520.635
521.133
521.673
522.132
522.711
523.125
523.698
524.133
524.654
525.124
525.66
526.135
526.652
527.128
527.686
528.13
528.637
529.126
529.725
530.176
530.667
531.13
531.691
532.128
532.635
533.195
533.678
534.127
534.637
535.135
535.674
536.13
536.656
537.131
537.677
538.134
538.662
539.131
539.649
540.132
540.661
541.127
541.676
542.127
542.632
543.132
543.683
544.13
544.63
545.128
545.683
546.135
546.631
547.134
547.662
548.13
548.652
549.138
549.669
550.125
550.63
551.132
551.677
552.146
552.634
553.152
553.675
554.133
554.65
555.13
555.664
556.167
556.632
557.131
557.703
558.198
558.632
559.127
559.711
560.153
560.633
561.13
561.72
562.131
562.664
563.134
563.713
564.165
564.633
565.135
565.681
566.129
566.655
567.13
567.688
568.132
568.718
569.158
569.691
570.127
570.695
571.133
571.686
572.13
572.649
573.136
573.663
574.191
574.635
575.126
575.672
576.135
576.647
577.126
577.688
578.171
578.653
579.167
579.739
580.208
580.697
581.162
581.737
582.222
582.648
583.134
583.698
584.143
584.653
585.151
585.693
586.132
586.651
587.156
587.764
588.134
588.633
589.129
589.702
590.127
590.67
591.128
591.674
592.129
592.649
593.134
593.714
594.132
594.648
595.13
595.796
596.134
596.657
597.133
597.706
598.128
598.695
599.135
599.702
600.129
600.654
601.13
601.67
602.156
602.639
603.127
603.683
604.128
604.649
605.131
605.665
606.133
606.634
607.134
607.676
608.127
608.628
609.135
609.679
610.127
610.629
611.127
611.7
612.128
612.635
613.139
613.718
614.134
614.637
615.128
615.688
616.132
616.639
617.169
617.682
618.127
618.63
619.132
619.675
620.134
620.67
621.126
621.662
622.13
622.687
623.135
623.671
624.184
624.647
625.133
625.716
626.124
626.635
627.135
627.674
628.134
628.649
629.129
629.715
630.133
630.639
631.13
631.684
632.129
632.632
633.132
633.693
634.132
634.633
635.125
635.685
636.131
636.648
637.131
637.669
638.212
638.746
639.13
639.692
640.13
640.708
641.179
641.664
642.134
642.663
643.129
643.722
644.208
644.639
645.13
645.732
646.169
646.665
647.22
647.701
648.132
648.647
649.132
649.661
650.127
650.673
651.134
651.673
652.128
652.648
653.128
653.661
654.131
654.666
655.187
655.683
656.128
656.669
657.132
657.67
658.133
658.634
659.128
659.665
660.132
660.653
661.131
661.67
662.132
662.647
663.128
663.685
664.132
664.647
665.162
665.653
666.138
666.657
667.13
667.657
668.13
668.656
669.13
669.673
670.153
670.636
671.148
671.669
672.132
672.649
673.128
673.706
674.131
674.655
675.128
675.666
676.13
676.652
677.128
677.758
678.167
678.63
679.22
679.698
680.129
680.737
681.125
681.697
682.214
682.63
683.16
683.708
684.128
684.725
685.204
685.712
686.222
686.675
687.188
687.694
688.129
688.701
689.204
689.763
690.187
690.683
691.166
691.719
692.203
692.713
693.13
693.674
694.127
694.716
695.151
695.741
696.174
696.677
697.157
697.725
698.217
698.657
699.133
699.675
700.126
700.636
701.13
701.707
702.126
702.671
703.203
703.756
704.166
704.669
705.13
705.705
706.139
706.659
707.128
707.691
708.126
708.673
709.17
709.662
710.135
710.731
711.136
711.663
712.129
712.776
713.126
713.666
714.193
714.653
715.13
715.658
716.129
716.661
717.159
717.669
718.129
718.654
719.158
719.653
720.13
720.655
721.157
721.66
722.128
722.649
723.13
723.675
724.136
724.652
725.125
725.655
726.126
726.695
727.133
727.675
728.126
728.651
729.131
729.656
730.125
730.653
731.133
731.658
732.13
732.651
733.131
733.652
734.133
734.65
735.129
735.676
736.128
736.637
737.128
737.674
738.124
738.632
739.137
739.676
740.133
740.632
741.132
741.67
742.131
742.649
743.13
743.676
744.131
744.632
745.125
745.684
746.128
746.655
747.129
747.676
748.128
748.635
749.126
749.699
750.13
750.651
751.127
751.665
752.13
752.654
753.126
753.758
754.136
754.633
755.134
755.681
756.135
756.632
757.131
757.676
758.127
758.635
759.134
759.666
760.126
760.65
761.127
761.68
762.125
762.636
763.128
763.655
764.131
764.654
765.13
765.657
766.135
766.649
767.13
767.66
768.133
768.636
769.137
769.683
770.132
770.636
771.131
771.673
772.164
772.639
773.13
773.679
774.127
774.678
775.125
775.65
776.13
776.65
777.128
777.66
778.128
778.648
779.133
779.659
780.14
780.67
781.133
781.759
782.127
782.648
783.126
783.653
784.129
784.654
785.13
785.655
786.132
786.647
787.176
787.686
788.128
788.652
789.128
789.676
790.127
790.65
791.129
791.678
792.129
792.657
793.127
793.656
794.147
794.651
795.13
795.683
796.132
796.731
797.129
797.686
798.171
798.683
799.13
799.684
800.147
800.655
801.127
801.656
802.246
802.652
803.13
803.668
804.172
804.632
805.125
805.685
806.126
806.647
807.131
807.672
808.13
808.648
809.126
809.674
810.131
810.633
811.133
811.677
812.133
812.653
813.187
813.679
814.126
814.639
815.15
815.696
816.131
816.634
817.139
817.683
818.153
818.679
819.182
819.729
820.184
820.687
821.177
821.675
822.131
822.633
823.176
823.707
824.209
824.652
825.132
825.651
826.127
826.675
827.132
827.662
828.134
828.646
829.128
829.712
830.173
830.634
831.131
831.668
832.173
832.637
833.135
833.739
834.137
834.635
835.126
835.66
836.196
836.655
837.13
837.654
838.142
838.65
839.135
839.703
840.131
840.658
841.172
841.665
842.212
842.724
843.172
843.754
844.178
844.668
845.127
845.676
846.222
846.647
847.125
847.672
848.128
848.655
849.133
849.742
850.139
850.647
851.159
851.667
852.129
852.733
853.135
853.673
854.138
854.63
855.15
855.7
856.181
856.65
857.13
857.769
858.13
858.648
859.137
859.743
860.128
860.649
861.125
861.735
862.129
862.634
863.127
863.681
864.163
864.63
865.132
865.67
866.129
866.631
867.127
867.672
868.129
868.63
869.133
869.708
870.132
870.648
871.128
871.702
872.131
872.65
873.13
873.665
874.132
874.652
875.131
875.672
876.128
876.66
877.133
877.677
878.131
878.635
879.129
879.688
880.124
880.638
881.128
881.702
882.133
882.663
883.129
883.718
884.135
884.629
885.126
885.679
886.173
886.656
887.133
887.679
888.129
888.683
889.127
889.734
890.13
890.631
891.129
891.672
892.152
892.642
893.13
893.675
894.137
894.643
895.142
895.678
896.152
896.63
897.13
897.693
898.13
898.698
899.14
899.666
900.13
900.649
901.124
901.79
902.131
902.65
903.2
903.715
904.174
904.633
905.128
905.681
906.13
906.642
907.131
907.689
908.139
908.646
909.169
909.663
910.129
910.653
911.18
911.682
912.136
912.649
913.125
913.71
914.129
914.715
915.135
915.672
916.13
916.628
917.167
917.698
918.126
918.636
919.134
919.751
920.129
920.651
921.125
921.714
922.243
922.698
923.217
923.742
924.171
924.651
925.13
925.711
926.184
926.716
927.194
927.764
928.185
928.695
929.129
929.691
930.24
930.696
931.167
931.71
932.204
932.718
933.18
933.706
934.127
934.636
935.136
935.668
936.126
936.654
937.132
937.66
938.135
938.63
939.128
939.681
940.13
940.669
941.133
941.677
942.192
942.634
943.128
943.662
944.131
944.647
945.126
945.714
946.128
946.646
947.136
947.66
948.132
948.647
949.133
949.657
950.126
950.654
951.152
951.657
952.129
952.686
953.133
953.656
954.13
954.654
955.132
955.68
956.132
956.632
957.171
957.685
958.145
958.648
959.13
959.684
960.221
960.689
961.158
961.736
962.198
962.691
963.197
963.733
964.184
964.641
965.135
965.725
966.131
966.657
967.14
967.711
968.196
968.63
969.136
969.682
970.128
970.713
971.135
971.657
972.136
972.656
973.133
973.657
974.129
974.657
975.178
975.727
976.129
976.652
977.128
977.684
978.158
978.681
979.132
979.682
980.129
980.631
981.133
981.664
982.131
982.633
983.129
983.671
984.131
984.675
985.127
985.677
986.13
986.634
987.129
987.656
988.134
988.666
989.129
989.65
990.158
990.635
991.132
991.684
992.129
992.659
993.134
993.675
994.128
994.638
995.132
995.677
996.135
996.636
997.128
997.677
998.158
998.63
999.152
999.705
1000.13
1000.65
1001.16
1001.69
1002.13
1002.66
1003.13
1003.67
1004.14
1004.7
1005.21
1005.76
1006.18
1006.68
1007.23
1007.7
1008.23
1008.64
1009.13
1009.68
1010.23
1010.65
1011.14
1011.7
1012.13
1012.65
1013.13
1013.7
1014.23
1014.7
1015.19
1015.69
1016.14
1016.66
1017.13
1017.69
1018.13
1018.66
1019.14
1019.68
1020.13
1020.66
1021.13
1021.67
1022.13
1022.65
1023.13
1023.65
1024.13
1024.65
1025.14
1025.68
1026.14
1026.65
1027.13
1027.67
1028.12
1028.63
1029.14
1029.69
1030.14
1030.65
1031.13
1031.66
1032.13
1032.65
1033.14
1033.69
1034.14
1034.66
1035.14
1035.67
1036.13
1036.65
1037.13
1037.68
1038.13
1038.66
1039.14
1039.67
1040.14
1040.63
1041.13
1041.74
1042.13
1042.66
1043.13
1043.68
1044.13
1044.63
1045.14
1045.67
1046.13
1046.65
1047.14
1047.67
1048.14
1048.66
1049.13
1049.68
1050.13
1050.65
1051.13
1051.73
1052.13
1052.63
1053.13
1053.68
1054.13
1054.65
1055.13
1055.72
1056.13
1056.64
1057.13
1057.66
1058.15
1058.65
1059.13
1059.7
1060.13
1060.65
1061.16
1061.68
1062.13
1062.66
1063.13
1063.71
1064.13
1064.65
1065.13
1065.7
1066.13
1066.65
1067.13
1067.65
1068.13
1068.65
1069.13
1069.67
1070.13
1070.66
1071.13
1071.67
1072.13
1072.63
1073.13
1073.68
1074.13
1074.65
1075.14
1075.66
1076.13
1076.68
1077.13
1077.66
1078.13
1078.64
1079.13
1079.74
1080.15
1080.63
1081.14
1081.68
1082.13
1082.64
1083.13
1083.68
1084.14
1084.63
1085.13
1085.69
1086.13
1086.65
1087.13
1087.68
1088.13
1088.69
1089.14
1089.66
1090.14
1090.67
1091.13
1091.67
1092.14
1092.7
1093.13
1093.68
1094.14
1094.64
1095.19
1095.67
1096.13
1096.65
1097.13
1097.66
1098.15
1098.66
1099.13
1099.7
1100.13
1100.65
1101.13
1101.67
1102.13
1102.64
1103.13
1103.67
1104.14
1104.65
1105.14
1105.64
1106.13
1106.69
1107.14
1107.68
1108.14
1108.66
1109.14
1109.69
1110.13
1110.65
1111.15
1111.69
1112.13
1112.66
1113.13
1113.65
1114.13
1114.66
1115.13
1115.66
1116.13
1116.65
1117.13
1117.67
1118.13
1118.63
1119.13
1119.68
1120.13
1120.64
1121.13
1121.7
1122.13
1122.64
1123.13
1123.67
1124.13
1124.65
1125.13
1125.69
1126.13
1126.65
1127.13
1127.71
1128.18
1128.7
1129.15
1129.69
1130.13
1130.65
1131.21
1131.71
1132.13
1132.65
1133.12
1133.66
1134.13
1134.65
1135.13
1135.65
1136.13
1136.65
1137.13
1137.68
1138.13
1138.63
1139.14
1139.67
1140.13
1140.63
1141.13
1141.67
1142.13
1142.63
1143.13
1143.67
1144.13
1144.72
1145.18
1145.67
1146.13
1146.65
1147.13
1147.66
1148.13
1148.71
1149.13
1149.67
1150.16
1150.63
1151.13
1151.67
1152.13
1152.63
1153.14
1153.75
1154.12
1154.63
1155.13
1155.68
1156.13
1156.63
1157.18
1157.67
1158.18
1158.66
1159.13
1159.68
1160.13
1160.69
1161.14
1161.67
1162.13
1162.65
1163.14
1163.65
1164.13
1164.67
1165.13
1165.66
1166.14
1166.69
1167.14
1167.65
1168.13
1168.76
1169.13
1169.68
1170.13
1170.63
1171.14
1171.67
1172.13
1172.63
1173.13
1173.67
1174.14
1174.65
1175.13
1175.67
1176.13
1176.63
1177.13
1177.68
1178.13
1178.68
1179.13
1179.68
1180.13
1180.65
1181.13
1181.66
1182.18
1182.71
1183.23
1183.69
1184.13
1184.65
1185.13
1185.72
1186.16
1186.66
1187.14
1187.66
1188.13
1188.7
1189.13
1189.66
1190.17
1190.67
1191.13
1191.69
1192.13
1192.66
1193.14
1193.65
1194.13
1194.65
1195.13
1195.65
1196.13
1196.64
1197.13
1197.65
1198.14
1198.66
1199.13
1199.67
1200.13
1200.65
1201.13
1201.66
1202.13
1202.67
1203.13
1203.66
1204.13
1204.65
1205.19
1205.67
1206.16
1206.75
1207.13
1207.7
1208.13
1208.65
1209.21
1209.68
1210.13
1210.66
1211.13
1211.72
1212.14
1212.65
1213.13
1213.68
1214.13
1214.66
1215.13
1215.67
1216.13
1216.75
1217.13
1217.69
1218.13
1218.75
1219.13
1219.69
1220.15
1220.8
1221.13
1221.67
1222.13
1222.74
1223.13
1223.73
1224.13
1224.64
1225.23
1225.77
1226.13
1226.63
1227.21
1227.82
1228.3
1228.69
1229.18
1229.75
1230.2
1230.63
1231.13
1231.78
1232.13
1232.75
1233.29
1233.73
1234.2
1234.71
1235.18
1235.72
1236.19
1236.65
1237.13
1237.79
1238.21
1238.66
1239.13
1239.68
1240.23
1240.72
1241.13
1241.69
1242.16
1242.72
1243.16
1243.68
1244.12
1244.63
1245.13
1245.68
1246.13
1246.63
1247.13
1247.69
1248.18
1248.71
1249.13
1249.69
1250.13
1250.67
1251.13
1251.78
1252.17
1252.74
1253.18
1253.7
1254.14
1254.65
1255.13
1255.68
1256.17
1256.65
1257.13
1257.68
1258.21
1258.64
1259.21
1259.8
1260.21
1260.74
1261.17
1261.78
1262.29
1262.63
1263.13
1263.78
1264.24
1264.72
1265.13
1265.68
1266.13
1266.66
1267.12
1267.69
1268.23
1268.65
1269.13
1269.68
1270.13
1270.69
1271.13
1271.66
1272.15
1272.65
1273.15
1273.75
1274.13
1274.63
1275.13
1275.68
1276.17
1276.65
1277.12
1277.66
1278.13
1278.65
1279.16
1279.66
1280.13
1280.65
1281.14
1281.67
1282.13
1282.65
1283.14
1283.67
1284.13
1284.65
1285.13
1285.73
1286.13
1286.65
1287.13
1287.65
1288.2
1288.63
1289.13
1289.68
1290.13
1290.63
1291.13
1291.67
1292.13
1292.65
1293.13
1293.66
1294.13
1294.65
1295.13
1295.66
1296.13
1296.65
1297.18
1297.67
1298.13
1298.63
1299.13
1299.65
1300.14
1300.69
1301.13
1301.77
1302.13
1302.63
1303.13
1303.68
1304.14
1304.65
1305.13
1305.66
1306.14
1306.65
1307.14
1307.68
1308.18
1308.65
1309.13
1309.69
1310.14
1310.69
1311.14
1311.7
1312.13
1312.65
1313.13
1313.67
1314.13
1314.63
1315.14
1315.68
1316.13
1316.67
1317.12
1317.67
1318.13
1318.63
1319.14
1319.67
1320.13
1320.66
1321.14
1321.68
1322.12
1322.65
1323.2
1323.76
1324.13
1324.65
1325.13
1325.66
1326.13
1326.69
1327.13
1327.67
1328.13
1328.69
1329.13
1329.71
1330.13
1330.65
1331.14
1331.66
1332.13
1332.63
1333.13
1333.67
1334.13
1334.65
1335.13
1335.68
1336.13
1336.64
1337.13
1337.67
1338.19
1338.63
1339.13
1339.66
1340.13
1340.64
1341.13
1341.67
1342.13
1342.69
1343.13
1343.67
1344.13
1344.63
1345.13
1345.68
1346.13
1346.65
1347.13
1347.73
1348.13
1348.65
1349.13
1349.67
1350.14
1350.63
1351.13
1351.67
1352.16
1352.64
1353.13
1353.67
1354.17
1354.63
1355.13
1355.67
1356.13
1356.65
1357.13
1357.68
1358.17
1358.65
1359.13
1359.7
1360.13
1360.65
1361.13
1361.65
1362.14
1362.65
1363.13
1363.65
1364.14
1364.72
1365.14
1365.65
1366.13
1366.65
1367.13
1367.65
1368.13
1368.65
1369.24
1369.66
1370.13
1370.73
1371.13
1371.66
1372.13
1372.71
1373.14
1373.66
1374.13
1374.65
1375.13
1375.66
1376.14
1376.69
1377.13
1377.66
1378.13
1378.65
1379.13
1379.68
1380.19
1380.64
1381.16
1381.66
1382.13
1382.65
1383.12
1383.68
1384.13
1384.64
1385.13
1385.68
1386.13
1386.65
1387.15
1387.68
1388.13
1388.65
1389.14
1389.72
1390.13
1390.65
1391.21
1391.66
1392.13
1392.69
1393.13
1393.68
1394.16
1394.65
1395.13
1395.69
1396.13
1396.64
1397.13
1397.69
1398.13
1398.63
1399.19
1399.68
1400.13
1400.65
1401.17
1401.67
1402.13
1402.72
1403.14
1403.69
1404.17
1404.7
1405.18
1405.7
1406.13
1406.63
1407.13
1407.7
1408.13
1408.64
1409.13
1409.68
1410.13
1410.7
1411.14
1411.69
1412.15
1412.73
1413.13
1413.7
1414.19
1414.66
1415.13
1415.68
1416.2
1416.72
1417.17
1417.75
1418.17
1418.71
1419.16
1419.76
1420.21
1420.69
1421.16
1421.67
1422.13
1422.65
1423.13
1423.68
1424.13
1424.63
1425.13
1425.68
1426.17
1426.73
1427.13
1427.68
1428.13
1428.65
1429.19
1429.72
1430.19
1430.66
1431.13
1431.68
1432.13
1432.63
1433.13
1433.67
1434.17
1434.72
1435.13
1435.67
1436.13
1436.63
1437.13
1437.67
1438.13
1438.64
1439.12
1439.65
1440.13
1440.65
1441.13
1441.74
1442.13
1442.64
1443.13
1443.66
1444.13
1444.73
1445.16
1445.73
1446.21
1446.67
1447.18
1447.66
1448.13
1448.67
1449.13
1449.66
1450.18
1450.63
1451.13
1451.68
1452.13
1452.64
1453.13
1453.67
1454.13
1454.63
1455.13
1455.68
1456.13
1456.63
1457.13
1457.68
1458.2
1458.63
1459.13
1459.68
1460.17
1460.65
1461.13
1461.66
1462.17
1462.74
1463.13
1463.72
1464.21
1464.72
1465.21
1465.75
1466.19
1466.63
1467.13
1467.69
1468.18
1468.64
1469.13
1469.68
1470.13
1470.63
1471.13
1471.73
1472.13
1472.65
1473.13
1473.72
1474.13
1474.65
1475.13
1475.69
1476.13
1476.63
1477.13
1477.68
1478.13
1478.65
1479.13
1479.68
1480.13
1480.65
1481.13
1481.78
1482.18
1482.65
1483.2
1483.68
1484.14
1484.63
1485.18
1485.68
1486.13
1486.64
1487.13
1487.67
1488.13
1488.7
1489.13
1489.67
1490.23
1490.65
1491.13
1491.66
1492.13
1492.64
1493.13
1493.68
1494.13
1494.69
1495.13
1495.73
1496.23
1496.7
1497.18
1497.69
1498.12
1498.71
1499.13
1499.66
1500.13
1500.65
1501.13
1501.66
1502.2
1502.63
1503.13
1503.67
1504.13
1504.64
1505.16
1505.76
1506.16
1506.63
1507.13
1507.68
1508.12
1508.63
1509.21
1509.75
1510.13
