0.000000
0.000000
0.000000
0.000000
0.002000
67.695000
81.851000
102.468000
116.845000
149.482000
175.000000
205.069000
220.325000
225.392000
231.321000
242.431000
254.841000
275.792000
305.248000
349.454000
364.482000
377.199000
392.356000
429.857000
458.097000
496.642000
526.123000
554.393000
567.518000
579.230000
614.481000
659.871000
680.980000
703.252000
731.444000
745.552000
753.738000
775.337000
794.093000
807.217000
840.697000
888.003000
928.515000
956.984000
966.849000
973.468000
989.833000
998.127000
999.756000
1000.760000
1001.474000
1003.022000
1003.271000
1003.846000
1018.019000
1018.661000
1018.852000
1019.018000
1023.873000
1027.212000
1037.374000
1056.790000
1081.707000
1108.824000
1135.469000
1162.780000
1197.318000
1213.301000
1223.100000
1227.071000
1243.942000
1254.656000
1268.697000
1288.638000
1299.000000
1343.352000
1366.671000
1394.300000
1412.431000
1433.657000
1444.824000
1460.986000
1486.183000
1507.719000
1519.666000
1554.369000
1592.977000
1613.326000
1622.054000
1632.516000
1638.038000
1669.207000
1689.914000
1703.178000
1706.559000
1711.695000
1724.636000
1735.989000
1738.477000
1738.778000
1748.477000
1750.233000
1755.149000
1774.619000
1786.100000
1799.944000
1817.746000
1844.642000
1862.197000
1882.243000
1902.439000
1923.011000
1934.954000
1959.099000
2008.022000
2039.505000
2060.508000
2099.823000
2126.102000
2137.746000
2154.511000
2160.536000
2166.929000
2174.882000
2176.423000
2193.990000
2201.242000
2204.734000
2207.488000
2207.753000
2210.830000
2222.162000
2235.127000
2237.210000
2237.896000
2243.354000
2261.630000
2295.487000
2316.239000
2327.278000
2330.116000
2331.678000
2332.435000
2340.602000
2352.068000
2363.288000
2376.328000
2390.829000
2397.743000
2407.559000
2411.076000
2413.822000
2414.027000
2423.003000
2440.679000
2452.517000
2456.084000
2464.533000
2473.997000
2482.336000
2484.789000
2496.504000
2506.197000
2517.697000
2525.225000
2537.625000
2543.531000
2553.017000
2556.244000
2566.740000
2577.819000
2581.978000
2591.812000
2599.541000
2605.107000
2607.972000
2616.466000
2618.430000
2618.430000
2619.116000
2627.540000
2650.756000
2674.375000
2699.894000
2709.573000
2720.596000
2732.550000
2743.759000
2752.339000
2758.200000
2777.981000
2790.799000
2799.032000
2805.141000
2806.028000
2811.180000
2821.554000
2837.936000
2839.935000
2841.396000
2841.583000
2842.665000
2842.760000
2843.833000
2845.870000
2851.673000
2852.182000
2852.241000
2852.435000
2852.695000
2853.223000
2855.794000
2857.839000
2864.546000
2865.868000
2865.931000
2865.939000
2865.984000
2873.397000
2894.648000
2920.767000
2944.868000
2969.951000
2993.324000
3023.931000
3060.619000
3091.043000
3129.393000
3164.268000
3190.512000
3199.378000
3209.397000
3210.952000
3215.907000
3232.486000
3271.675000
3289.094000
3299.027000
3311.947000
3343.147000
3359.487000
3367.653000
3373.621000
3380.424000
3393.833000
3425.620000
3437.723000
3450.991000
3468.498000
3488.318000
3503.770000
3526.552000
3550.194000
3581.452000
3617.341000
3653.536000
3680.517000
3716.278000
3750.656000
3782.961000
3810.190000
3841.783000
3882.212000
3928.145000
3951.503000
3979.408000
4000.579000
4013.193000
4021.316000
4043.915000
4080.285000
4126.491000
4156.247000
4176.517000
4189.674000
4199.452000
4231.579000
4269.280000
4312.498000
4348.314000
4359.059000
4369.529000
4400.532000
4418.830000
4434.764000
4459.186000
4482.363000
4537.224000
4574.388000
4617.936000
4652.845000
4700.556000
4737.281000
4771.924000
4789.389000
4802.028000
4806.252000
4810.056000
4812.150000
4819.531000
4831.770000
4843.409000
4855.080000
4875.950000
4884.161000
4903.187000
4932.132000
4958.468000
4974.282000
4991.190000
4998.966000
5012.430000
5034.655000
5079.928000
5102.746000
5128.579000
5138.858000
5153.287000
5158.853000
5166.606000
5170.013000
5177.767000
5181.881000
5190.518000
5195.281000
5195.469000
5195.495000
5195.520000
5195.587000
5196.101000
5196.582000
5199.592000
5201.244000
5201.429000
5201.796000
5201.882000
5202.478000
5202.688000
5204.348000
5210.600000
5212.901000
5213.622000
5216.945000
5238.030000
5257.893000
5258.970000
5264.024000
5264.045000
5266.198000
5272.956000
5283.862000
5328.443000
5340.555000
5373.788000
5378.730000
5388.608000
5407.509000
5438.750000
5460.387000
5474.501000
5483.568000
5505.296000
5531.077000
5556.733000
5565.098000
5567.694000
5569.539000
5578.099000
5589.804000
5600.492000
5614.072000
5635.190000
5662.036000
5714.268000
5740.789000
5755.709000
5761.436000
5765.046000
5767.545000
5768.287000
5777.165000
5790.574000
5800.610000
5811.222000
5817.140000
5821.129000
5825.953000
5828.563000
5829.363000
5829.746000
5830.026000
5830.300000
5830.556000
5831.024000
5832.577000
5834.285000
5838.805000
5849.358000
5862.428000
5884.158000
5898.417000
5905.540000
5915.027000
5921.565000
5923.191000
5927.502000
5930.626000
5930.813000
5930.813000
5930.813000
5930.845000
5930.897000
5931.169000
5937.101000
5943.859000
5947.462000
5948.094000
5948.670000
5949.888000
5958.679000
5965.522000
5980.402000
5997.497000
6021.622000
6041.643000
6075.657000
6103.215000
6137.124000
6167.781000
6201.954000
6228.430000
6264.988000
6301.838000
6338.157000
6365.026000
6406.550000
6433.913000
6468.990000
6502.647000
6536.786000
6563.549000
6597.818000
6623.261000
6651.639000
6661.722000
6676.472000
6683.232000
6684.517000
6691.561000
6695.329000
6702.915000
6707.128000
6707.456000
6707.873000
6708.261000
6708.891000
6715.859000
6722.192000
6722.361000
6723.131000
6723.908000
6725.303000
6727.720000
6728.034000
6728.103000
6728.319000
6728.353000
6732.371000
6738.451000
6745.903000
6748.839000
6758.418000
6766.576000
6794.082000
6800.768000
6808.846000
6816.067000
6822.071000
6825.951000
6827.724000
6827.824000
6828.308000
6833.157000
6839.063000
6841.754000
6844.180000
6851.154000
6854.429000
6854.585000
6860.127000
6861.476000
6861.593000
6862.044000
6862.425000
6862.608000
6862.747000
6862.926000
6863.464000
6863.539000
6863.620000
6863.724000
6863.866000
6863.875000
6863.884000
6863.919000
6863.940000
6863.963000
6864.012000
6864.090000
6864.119000
6864.218000
6864.320000
6864.336000
6864.366000
6864.413000
6864.437000
6864.438000
6864.476000
6865.609000
6885.970000
6898.867000
6919.894000
6937.246000
6955.956000
6969.114000
6983.731000
6993.462000
7004.366000
7009.934000
7018.110000
7022.708000
7027.595000
7032.514000
7037.477000
7044.635000
7049.401000
7052.514000
7057.039000
7060.631000
7066.239000
7076.455000
7088.019000
7094.441000
7098.443000
7098.753000
7098.991000
7099.269000
7099.297000
7099.332000
7099.332000
7099.332000
7099.332000
7099.332000
7099.395000
7099.424000
7102.105000
7108.344000
7118.937000
7123.451000
7130.976000
7147.179000
7155.161000
7167.646000
7176.464000
7181.522000
7190.304000
7195.128000
7197.684000
7198.031000
7198.265000
7198.475000
7200.718000
7201.165000
7202.090000
7202.124000
7202.162000
7202.166000
7202.166000
7202.166000
7202.166000
7202.166000
7202.166000
7202.169000
7202.174000
7202.174000
7202.176000
7202.245000
7202.283000
7202.331000
7202.350000
7202.381000
7202.407000
7202.416000
7206.558000
7208.986000
7208.995000
7209.149000
7209.221000
7209.264000
7209.316000
7209.351000
7209.703000
7209.894000
7209.927000
7209.977000
7210.071000
7210.109000
7210.185000
7210.214000
7210.219000
7210.239000
7210.273000
7210.286000
7210.376000
7210.393000
7210.428000
7210.689000
7210.829000
7210.843000
7210.896000
7211.016000
7211.548000
7217.659000
7229.440000
7233.088000
7250.051000
7263.046000
7280.226000
7284.244000
7284.422000
7286.004000
7286.023000
7286.031000
7286.187000
7286.220000
7286.251000
7286.257000
7286.278000
7286.284000
7286.289000
7286.305000
7286.362000
7286.382000
7286.533000
7286.594000
7286.599000
7286.599000
7286.599000
7286.599000
7286.599000
7286.599000
7286.601000
7286.637000
7286.698000
7286.722000
7286.769000
7286.823000
7286.837000
7286.856000
7286.856000
7286.856000
7286.884000
7286.969000
7287.060000
7287.070000
7287.070000
7287.070000
7287.070000
7287.070000
7287.070000
7287.091000
7287.160000
7287.278000
7287.338000
7287.352000
7287.360000
7287.400000
7287.450000
7287.468000
7287.468000
7287.468000
7287.468000
7287.504000
7287.509000
7287.521000
7287.547000
7287.563000
7287.592000
7287.672000
7287.701000
7287.721000
7287.721000
7287.722000
7287.760000
7287.782000
7287.847000
7287.862000
7288.151000
7288.898000
7291.629000
7292.572000
7294.218000
7297.461000
7297.978000
7298.025000
7298.034000
7298.034000
7298.034000
7298.034000
7298.047000
7298.300000
7299.546000
7299.875000
7300.064000
7300.288000
7300.390000
7301.217000
7301.331000
7301.430000
7301.471000
7301.484000
7301.525000
7301.563000
7301.592000
7301.809000
7301.849000
7301.853000
7301.853000
7301.853000
7301.853000
7301.859000
7301.861000
7301.864000
7301.889000
7301.914000
7301.932000
7301.956000
7301.986000
7302.017000
7302.071000
7302.099000
7302.138000
7302.191000
7302.247000
7302.282000
7302.296000
7302.299000
7302.306000
7302.306000
7302.314000
7302.320000
7302.321000
7302.324000
7302.327000
7302.351000
7302.362000
7302.387000
7302.391000
7302.391000
7302.392000
7302.400000
7302.410000
7302.418000
7302.462000
7302.463000
7302.463000
7302.463000
7302.463000
7302.463000
7302.463000
7302.469000
7302.481000
7302.489000
7302.494000
7302.504000
7302.517000
7302.520000
7302.523000
7302.531000
7302.538000
7302.547000
7302.551000
7302.551000
7302.551000
7302.551000
7302.557000
7302.567000
7302.582000
7302.585000
7302.592000
7303.032000
7303.046000
7303.047000
7303.269000
7303.277000
7315.319000
7318.228000
7320.705000
7322.581000
7323.727000
7324.090000
7324.348000
7324.533000
7324.653000
7324.711000
7324.994000
7325.078000
7325.124000
7325.193000
7325.226000
7325.256000
7325.256000
7325.257000
7325.279000
7325.297000
7325.316000
7325.345000
7325.350000
7325.350000
7325.350000
7325.353000
7325.358000
7325.378000
7325.467000
7325.544000
7325.632000
7325.720000
7325.814000
7325.852000
7325.866000
7325.868000
7325.868000
7325.873000
7325.889000
7325.935000
7325.943000
7325.953000
7325.976000
7326.002000
7326.034000
7326.034000
7326.034000
7326.034000
7326.037000
7326.038000
7326.048000
7326.057000
7326.061000
7326.066000
7326.067000
7326.068000
7326.068000
7326.068000
7326.068000
7326.068000
7326.075000
7326.077000
7326.088000
7327.337000
7333.178000
7333.865000
7333.967000
7334.000000
7334.036000
7334.120000
7334.144000
7334.160000
7334.168000
7334.175000
7334.194000
7334.200000
7334.204000
7334.221000
7334.245000
7334.699000
7335.313000
7335.346000
7335.473000
7335.492000
7335.597000
7340.936000
7348.991000
7360.117000
7370.447000
7376.151000
7377.435000
7379.563000
7380.484000
7380.903000
7381.541000
7382.957000
7383.095000
7383.111000
7383.130000
7383.204000
7383.221000
7383.263000
7383.274000
7383.279000
7383.280000
7383.280000
7383.293000
7383.298000
7383.322000
7383.334000
7383.345000
7383.351000
7383.386000
7383.451000
7383.451000
7383.453000
7383.455000
7383.464000
7383.490000
7383.511000
7383.527000
7383.532000
7383.545000
7383.548000
7383.564000
7383.567000
7383.567000
7383.568000
7383.568000
7383.568000
7383.572000
7383.982000
7384.045000
7384.058000
7384.071000
7384.073000
7384.073000
7384.073000
7384.073000
7384.073000
7384.255000
7384.260000
7384.265000
7384.277000
7384.298000
7384.529000
7384.580000
7384.630000
7384.670000
7384.677000
7384.677000
7384.677000
7384.677000
7384.686000
7384.722000
7384.752000
7384.773000
7384.783000
7384.790000
7384.804000
7384.822000
7384.837000
7384.845000
7384.852000
7384.857000
7384.903000
7384.917000
7384.922000
7384.940000
7384.945000
7384.947000
7384.947000
7384.957000
7384.963000
7384.971000
7385.036000
7386.365000
7386.607000
7386.705000
7386.769000
7386.901000
7387.094000
7387.466000
7387.695000
7387.989000
7388.039000
7388.112000
7389.402000
7393.425000
7394.828000
7397.050000
7401.463000
7404.590000
7405.594000
7407.926000
7413.765000
7418.250000
7423.907000
7427.198000
7428.950000
7433.333000
7464.278000
7505.972000
7533.158000
7553.270000
7567.025000
7592.493000
7603.247000
7610.163000
7620.239000
7631.168000
7638.556000
7658.357000
7682.202000
7707.904000
7725.699000
7735.461000
7742.128000
7745.769000
7771.994000
7806.646000
7822.028000
7839.999000
7864.641000
7888.453000
7907.080000
7936.112000
7961.493000
7992.903000
8017.285000
8024.168000
8028.283000
8032.829000
8035.028000
8058.824000
8075.434000
8095.419000
8112.771000
8123.100000
8126.972000
8132.929000
8133.628000
8149.409000
8154.048000
8171.717000
8200.384000
8216.825000
8232.173000
8242.005000
8242.075000
8243.712000
8245.463000
8245.517000
8245.857000
8247.100000
8249.363000
8254.093000
8281.219000
8297.492000
8308.650000
8310.129000
8311.021000
8311.446000
8311.674000
8311.674000
8311.970000
8312.873000
8334.164000
8350.670000
8354.150000
8366.561000
8380.840000
8392.429000
8396.975000
8399.254000
8399.261000
8405.392000
8410.832000
8410.936000
8411.249000
8411.621000
8412.583000
8412.706000
8412.904000
8412.987000
8413.342000
8413.786000
8420.271000
8427.083000
8431.257000
8434.308000
8451.041000
8478.146000
8513.669000
8533.148000
8536.193000
8539.657000
8552.819000
8570.712000
8583.672000
8606.937000
8622.840000
8640.493000
8657.396000
8676.391000
8678.020000
8681.299000
8695.561000
8725.566000
8735.034000
8749.815000
8755.835000
8760.012000
8768.333000
8796.143000
8824.460000
8842.294000
8859.539000
8867.787000
8877.945000
8894.836000
8928.091000
8969.002000
8974.110000
8993.822000
9016.841000
9029.454000
9042.080000
9073.463000
9104.095000
9137.800000
9149.122000
9169.432000
9173.082000
9177.353000
9188.132000
9190.087000
9196.789000
9200.284000
9201.302000
9207.142000
9210.444000
9227.333000
9229.485000
9230.577000
9230.683000
9230.795000
9230.986000
9231.113000
9232.691000
9238.315000
9240.443000
9240.470000
9240.771000
9241.061000
9241.100000
9241.133000
9241.169000
9241.363000
9241.429000
9241.480000
9241.506000
9241.556000
9241.558000
9241.558000
9241.558000
9241.558000
9241.558000
9241.567000
9241.886000
9251.713000
9259.323000
9265.668000
9273.985000
9279.332000
9281.059000
9283.711000
9286.024000
9287.289000
9287.923000
9288.255000
9288.719000
9289.545000
9290.294000
9292.092000
9294.208000
9294.569000
9295.869000
9297.492000
9297.983000
9304.003000
9315.212000
9326.813000
9348.513000
9376.564000
9392.272000
9407.807000
9422.834000
9447.482000
9465.194000
9489.738000
9503.239000
9518.868000
9534.096000
9544.958000
9548.719000
9561.618000
9578.861000
9586.438000
9589.278000
9591.108000
9593.535000
9596.973000
9598.024000
9598.751000
9599.875000
9607.279000
9611.201000
9613.120000
9613.539000
9615.806000
9624.769000
9629.276000
9637.212000
9640.227000
9640.560000
9641.332000
9646.380000
9653.174000
9658.870000
9672.778000
9678.807000
9684.203000
9688.821000
9693.346000
9696.560000
9705.909000
9714.663000
9721.863000
9733.608000
9744.047000
9748.163000
9750.052000
9751.824000
9756.193000
9761.757000
9769.978000
9777.100000
9783.815000
9787.576000
9788.538000
9788.576000
9789.239000
9792.899000
9801.774000
9812.608000
9817.233000
9819.354000
9820.105000
9821.459000
9824.263000
9827.505000
9831.641000
9835.123000
9839.493000
9844.137000
9850.275000
9856.584000
9863.327000
9870.525000
9882.088000
9885.783000
9889.551000
9893.365000
9899.393000
9908.910000
9918.050000
9918.694000
9920.042000
9927.445000
9940.937000
9951.965000
9962.366000
9965.047000
9966.428000
9966.922000
9967.354000
9969.115000
9970.091000
9980.144000
9982.208000
9983.185000
9985.571000
9986.166000
9986.441000
9986.539000
9986.597000
9986.677000
9986.785000
9986.844000
9986.900000
9986.929000
9986.954000
9986.963000
9987.003000
9987.206000
9987.553000
9987.599000
9987.671000
9987.785000
9988.018000
9988.048000
9988.066000
9988.122000
9988.168000
9988.210000
9988.213000
9988.234000
9988.254000
9988.254000
9988.288000
9988.345000
9988.392000
9988.401000
9988.462000
9988.481000
9988.540000
9988.598000
9988.728000
9988.739000
9988.764000
9988.817000
9988.878000
9988.912000
9989.008000
9989.320000
9989.352000
9989.403000
9989.920000
9990.027000
9990.102000
9990.139000
9990.175000
9990.181000
9990.186000
9990.193000
9990.215000
9990.247000
9990.484000
9991.629000
10003.596000
10011.366000
10030.899000
10040.939000
10063.732000
10082.321000
10104.935000
10123.939000
10141.634000
10146.005000
10150.077000
10158.135000
10160.356000
10163.358000
10164.422000
10164.780000
10168.052000
10170.992000
10178.215000
10196.610000
10215.369000
10229.603000
10235.013000
10235.216000
10235.216000
10235.216000
10235.216000
10235.216000
10235.501000
10237.592000
10243.959000
10244.272000
10244.504000
10244.504000
10244.504000
10244.504000
10244.504000
10244.504000
10244.504000
10244.504000
10244.720000
10245.647000
10246.824000
10247.372000
10248.642000
10249.166000
10249.166000
10249.166000
10249.166000
10249.166000
10249.166000
10249.301000
10249.907000
10250.070000
10251.288000
10252.089000
10252.872000
10256.825000
10262.509000
10262.509000
10262.509000
10262.509000
10262.509000
10263.765000
10271.015000
10275.520000
10277.570000
10282.287000
10289.801000
10292.669000
10294.441000
10312.904000
10316.273000
10317.355000
10320.110000
10326.580000
10338.202000
10341.094000
10341.818000
10342.009000
10342.052000
10342.526000
10347.856000
10349.970000
10352.666000
10353.310000
10353.356000
10353.409000
10353.452000
10353.549000
10353.558000
10353.568000
10353.587000
10353.587000
10353.591000
10353.594000
10353.627000
10353.627000
10353.628000
10353.628000
10353.648000
10353.690000
10353.701000
10353.704000
10353.704000
10353.704000
10353.704000
10353.706000
10353.706000
10353.707000
10353.711000
10353.716000
10353.725000
10353.728000
10353.745000
10353.750000
10353.752000
10353.759000
10353.770000
10353.778000
10353.792000
10353.817000
10353.817000
10353.817000
10353.822000
10353.891000
10353.947000
10353.985000
10354.029000
10354.029000
10354.040000
10354.047000
10354.047000
10354.047000
10354.047000
10354.047000
10354.048000
10354.048000
10354.048000
10354.048000
10354.054000
10354.075000
10354.083000
10354.223000
10354.273000
10354.277000
10354.290000
10354.300000
10354.332000
10354.431000
10354.581000
10354.601000
10354.608000
10354.612000
10354.614000
10354.615000
10354.618000
10354.622000
10354.637000
10354.639000
10354.648000
10354.656000
10354.679000
10354.690000
10354.700000
10354.715000
10354.722000
10354.728000
10354.764000
10354.767000
10354.769000
10354.769000
10354.776000
10354.779000
10354.789000
10354.790000
10354.790000
10354.790000
10354.790000
10354.791000
10354.791000
10354.791000
10354.793000
10354.798000
10354.803000
10354.814000
10354.835000
10354.846000
10354.855000
10354.908000
10354.934000
10354.934000
10354.934000
10354.934000
10354.934000
10354.934000
10354.934000
10354.935000
10354.938000
10354.940000
10354.943000
10354.944000
10354.944000
10354.944000
10354.983000
10355.025000
10355.059000
10355.064000
10355.091000
10355.097000
10355.099000
10355.106000
10355.144000
10355.144000
10355.144000
10355.144000
10355.144000
10355.147000
10355.209000
10355.260000
10355.308000
10355.361000
10355.386000
10355.386000
10355.386000
10355.388000
10355.390000
10355.404000
10355.413000
10355.415000
10355.434000
10355.434000
10355.434000
10355.434000
10355.435000
10355.437000
10355.443000
10355.445000
10355.453000
10355.457000
10355.481000
10355.489000
10355.522000
10355.567000
10355.672000
10355.679000
10356.016000
10356.377000
10364.144000
10367.286000
10369.190000
10375.424000
10379.644000
10380.572000
10380.937000
10381.115000
10382.671000
10393.165000
10406.924000
10413.119000
10421.956000
10431.217000
10438.168000
10445.093000
10451.384000
10456.708000
10462.581000
10467.359000
10472.333000
10474.155000
10481.678000
10486.899000
10488.691000
10488.841000
10488.900000
10488.914000
10489.076000
10489.143000
10489.391000
10489.488000
10489.540000
10489.583000
10489.587000
10489.617000
10489.716000
10489.774000
10489.873000
10489.907000
10489.940000
10489.948000
10489.971000
10489.993000
10490.001000
10490.001000
10490.001000
10490.001000
10490.006000
10490.010000
10490.025000
10490.143000
10490.181000
10490.209000
10490.253000
10490.300000
10490.426000
10490.478000
10490.486000
10490.486000
10490.615000
10490.688000
10491.238000
10497.365000
10502.310000
10505.995000
10508.112000
10508.710000
10509.822000
10512.297000
10517.773000
10521.634000
10523.695000
10524.601000
10524.996000
10525.508000
10526.048000
10526.639000
10527.475000
10527.674000
10527.846000
10527.925000
10528.001000
10528.027000
10528.077000
10528.101000
10528.121000
10528.462000
10528.733000
10529.149000
10529.649000
10529.649000
10529.649000
10529.649000
10529.649000
10529.712000
10529.795000
10529.929000
10529.996000
10530.306000
10530.418000
10530.491000
10530.614000
10530.673000
10530.722000
10530.808000
10530.928000
10531.041000
10531.066000
10531.512000
10531.741000
10531.773000
10531.825000
10531.879000
10531.954000
10531.988000
10532.008000
10532.121000
10532.260000
10532.450000
10532.817000
10532.992000
10533.186000
10533.218000
10533.283000
10533.322000
10533.349000
10533.363000
10533.420000
10533.431000
10533.658000
10533.689000
10533.705000
10533.717000
10533.737000
10533.745000
10533.759000
10533.771000
10533.782000
10533.805000
10533.828000
10533.860000
10533.906000
10533.962000
10533.970000
10533.989000
10534.028000
10534.060000
10534.106000
10534.153000
10534.220000
10534.258000
10534.338000
10534.588000
10534.793000
10534.893000
10535.448000
10536.395000
10537.302000
10537.458000
10537.585000
10537.613000
10537.634000
10537.760000
10537.803000
10538.089000
10538.798000
10539.733000
10557.540000
10578.349000
10604.042000
10621.741000
10653.818000
10670.432000
10694.347000
10710.296000
10723.261000
10738.310000
10764.763000
10771.334000
10777.985000
10787.076000
10796.491000
10800.109000
10801.874000
10802.795000
10803.789000
10803.836000
10803.874000
10803.900000
10803.955000
10804.579000
10804.602000
10805.619000
10805.841000
10808.780000
10811.400000
10811.690000
10811.863000
10812.062000
10812.236000
10812.269000
10812.295000
10812.311000
10812.338000
10812.363000
10812.440000
10812.482000
10812.549000
10812.591000
10812.711000
10812.869000
10813.072000
10813.085000
10813.107000
10813.601000
10821.344000
10821.888000
10822.733000
10823.500000
10823.604000
10823.689000
10823.732000
10823.781000
10823.974000
10824.320000
10825.971000
10829.589000
10831.257000
10831.785000
10832.404000
10832.691000
10832.940000
10832.972000
10833.089000
10833.127000
10841.279000
10847.631000
10854.078000
10860.397000
10871.130000
10878.779000
10883.492000
10886.484000
10890.881000
10893.229000
10897.547000
10915.325000
10921.148000
10921.663000
10921.671000
10921.671000
10921.671000
10921.671000
10921.701000
10921.759000
10921.817000
10921.848000
10921.850000
10921.850000
10921.850000
10921.850000
10921.850000
10921.855000
10921.877000
10922.042000
10922.100000
10922.117000
10922.162000
10922.189000
10922.228000
10922.228000
10922.249000
10922.268000
10922.297000
10922.579000
10924.501000
10928.278000
10932.491000
10934.904000
10938.055000
10947.905000
10953.146000
10960.224000
10969.812000
10975.790000
10983.510000
10985.248000
10987.415000
10989.501000
10990.230000
10990.321000
10990.402000
10990.430000
10990.459000
10990.468000
10990.489000
10990.521000
10990.544000
10990.598000
10990.669000
10990.743000
10990.769000
10990.793000
10990.808000
10990.826000
10990.833000
10990.854000
10990.889000
10992.330000
10995.489000
10999.796000
10999.809000
10999.853000
10999.882000
11000.603000
11000.791000
11000.810000
11000.844000
11000.877000
11000.896000
11000.910000
11000.928000
11000.973000
11001.010000
11001.077000
11001.109000
11001.109000
11001.109000
11001.109000
11001.109000
11001.109000
11001.109000
11001.109000
11001.127000
11001.154000
11001.216000
11001.684000
11002.118000
11002.274000
11002.369000
11002.455000
11002.828000
11003.033000
11003.122000
11004.602000
11005.452000
11006.380000
11007.615000
11008.267000
11008.563000
11008.589000
11008.592000
11008.613000
11008.656000
11008.694000
11008.712000
11008.719000
11008.832000
11008.949000
11008.967000
11009.004000
11009.031000
11009.063000
11009.183000
11009.607000
11010.761000
11011.556000
11012.891000
11016.004000
11017.777000
11018.480000
11018.633000
11018.649000
11018.664000
11018.698000
11018.772000
11018.808000
11018.821000
11018.841000
11022.393000
11026.338000
11029.298000
11029.328000
11031.774000
11038.397000
11038.408000
11038.467000
11038.592000
11038.901000
11039.101000
11039.114000
11040.359000
11045.912000
11051.304000
11056.028000
11059.876000
11060.616000
11060.810000
11061.149000
11061.232000
11061.257000
11061.283000
11061.304000
11061.306000
11061.315000
11061.442000
11061.620000
11061.874000
11062.314000
11062.381000
11062.383000
11062.442000
11062.817000
11062.870000
11062.911000
11063.025000
11063.025000
11063.025000
11063.025000
11063.025000
11063.025000
11063.025000
11063.115000
11063.286000
11063.352000
11063.390000
11063.452000
11063.457000
11063.469000
11063.495000
11063.521000
11063.552000
11063.613000
11063.629000
11063.667000
11063.694000
11063.715000
11063.742000
11063.786000
11063.835000
11063.861000
11063.896000
11063.920000
11063.930000
11063.933000
11063.938000
11063.938000
11063.940000
11063.950000
11063.977000
11063.993000
11064.424000
11064.432000
11064.464000
11064.507000
11064.516000
11064.522000
11064.524000
11064.525000
11064.527000
11064.529000
11064.547000
11066.537000
11069.294000
11071.813000
11075.684000
11078.548000
11079.397000
11079.402000
11079.455000
11080.311000
11080.527000
11082.048000
11082.061000
11082.086000
11082.364000
11082.426000
11082.585000
11082.591000
11082.600000
11082.621000
11082.674000
11082.677000
11082.692000
11082.693000
11082.696000
11082.696000
11082.698000
11082.703000
11083.100000
11083.136000
11083.180000
11083.180000
11083.190000
11083.235000
11083.237000
11083.245000
11083.272000
11083.285000
11083.289000
11083.289000
11083.294000
11083.298000
11083.310000
11083.320000
11083.337000
11083.345000
11083.378000
11083.394000
11083.411000
11083.418000
11083.431000
11083.438000
11083.451000
11083.558000
11083.999000
11084.011000
11084.109000
11084.113000
11084.175000
11084.210000
11084.259000
11084.301000
11084.303000
11084.310000
11084.315000
11084.315000
11084.316000
11084.318000
11084.318000
11084.318000
11084.318000
11084.318000
11084.318000
11084.320000
11084.375000
11084.382000
11084.392000
11084.430000
11084.465000
11084.480000
11084.532000
11084.532000
11084.533000
11084.543000
11084.589000
11084.589000
11084.590000
11084.590000
11084.590000
11084.590000
11084.590000
11084.590000
11084.734000
11084.756000
11084.907000
11084.911000
11084.914000
11084.940000
11084.973000
11084.986000
11085.016000
11085.018000
11085.185000
11085.215000
11085.265000
11085.276000
11085.312000
11085.344000
11085.379000
11085.463000
11085.556000
11085.566000
11085.588000
11085.592000
11085.594000
11085.595000
11085.897000
11093.890000
11095.872000
11096.304000
11096.315000
11096.315000
11096.315000
11096.318000
11096.713000
11098.665000
11098.666000
11098.666000
11098.667000
11098.672000
11098.675000
11098.677000
11098.680000
11098.734000
11098.753000
11098.772000
11098.774000
11098.777000
11098.783000
11098.787000
11098.793000
11098.799000
11098.804000
11098.804000
11098.804000
11098.804000
11098.804000
11098.819000
11098.962000
11102.556000
11105.711000
11109.399000
11109.629000
11112.898000
11119.195000
11121.403000
11124.448000
11125.961000
11126.735000
11127.601000
11131.175000
11131.224000
11131.233000
11131.238000
11131.245000
11131.266000
11131.279000
11131.292000
11131.307000
11131.316000
11131.335000
11131.342000
11131.375000
11131.395000
11131.419000
11131.426000
11131.441000
11131.452000
11131.458000
11131.470000
11131.479000
11131.489000
11131.495000
11131.495000
11131.497000
11131.498000
11131.504000
11131.508000
11131.514000
11131.529000
11131.545000
11131.553000
11131.652000
11131.719000
11131.724000
11131.743000
11132.464000
11132.626000
11132.681000
11135.530000
11135.659000
11135.659000
11135.659000
11135.784000
11136.043000
11136.084000
11136.106000
11136.118000
11136.146000
11136.149000
11136.149000
11136.150000
11136.164000
11136.169000
11136.187000
11136.200000
11136.204000
11136.210000
11136.230000
11136.231000
11136.240000
11136.252000
11136.281000
11136.296000
11136.302000
11136.307000
11136.318000
11136.327000
11136.333000
11136.378000
11136.419000
11136.429000
11136.433000
11136.490000
11136.601000
11136.612000
11136.612000
11136.612000
11136.720000
11136.725000
11136.725000
11136.739000
11136.739000
11136.739000
11136.788000
11136.836000
11136.858000
11136.859000
11136.864000
11136.865000
11136.871000
11136.878000
11136.878000
11136.887000
11136.891000
11136.893000
11136.904000
11136.908000
11136.928000
11136.938000
11136.940000
11136.943000
11136.952000
11136.958000
11136.960000
11136.961000
11136.962000
11136.962000
11136.963000
11136.969000
11137.094000
11137.102000
11137.116000
11137.118000
11137.132000
11137.157000
11137.475000
11137.765000
11137.927000
11137.941000
11137.942000
11137.942000
11137.943000
11137.947000
11137.948000
11137.990000
11137.996000
11138.030000
11138.044000
11138.059000
11138.083000
11138.140000
11138.191000
11138.218000
11138.220000
11138.229000
11138.245000
11138.249000
11138.260000
11138.264000
11138.272000
11138.281000
11138.292000
11138.292000
11138.292000
11138.292000
11138.292000
11138.292000
11138.292000
11138.292000
11138.327000
11138.359000
11138.895000
11138.899000
11138.934000
11138.947000
11138.947000
11138.947000
11138.947000
11138.950000
11138.951000
11138.953000
11139.263000
11139.318000
11139.350000
11139.444000
11139.459000
11139.463000
11139.464000
11139.465000
11139.467000
11139.471000
11139.486000
11139.490000
11139.516000
11139.870000
11139.910000
11139.910000
11139.914000
11139.914000
11139.917000
11139.924000
11139.926000
11139.926000
11139.926000
11139.926000
11139.926000
11139.927000
11139.927000
11139.936000
11139.942000
11139.943000
11139.971000
11140.442000
11140.790000
11141.079000
11141.162000
11141.164000
11141.185000
11141.186000
11141.197000
11141.217000
11141.356000
11141.470000
11141.678000
11141.692000
11141.693000
11141.700000
11141.704000
11141.705000
11141.741000
11141.827000
11142.305000
11142.530000
11143.104000
11143.425000
11143.672000
11143.972000
11144.114000
11144.354000
11145.794000
11146.936000
11148.565000
11152.534000
11156.953000
11157.509000
11157.875000
11158.095000
11158.554000
11158.593000
11158.751000
11159.950000
11160.565000
11160.962000
11160.977000
11161.000000
11161.423000
11162.139000
11162.228000
11162.254000
11162.254000
11162.277000
11162.703000
11162.795000
11162.817000
11162.884000
11163.310000
11163.360000
11163.764000
11164.407000
11165.057000
11165.213000
11165.213000
11165.213000
11165.213000
11165.213000
11165.435000
11165.832000
11166.334000
11166.521000
11166.728000
11166.898000
11166.974000
11167.030000
11167.159000
11167.251000
11167.371000
11167.547000
11167.689000
11167.735000
11167.843000
11167.960000
11168.126000
11168.488000
11169.768000
11170.643000
11172.155000
11172.187000
11172.269000
11172.394000
11172.492000
11172.500000
11172.524000
11172.539000
11172.564000
11172.577000
11172.599000
11172.619000
11172.648000
11172.648000
11172.666000
11172.738000
11174.536000
11175.223000
11175.910000
11176.307000
11176.630000
11176.894000
11177.098000
11177.407000
11177.692000
11177.741000
11177.741000
11177.741000
11177.741000
11177.741000
11177.741000
11177.741000
11177.774000
11177.838000
11178.133000
11178.270000
11178.734000
11178.850000
11179.183000
11179.371000
11179.528000
11179.664000
11179.848000
11180.143000
11180.412000
11180.425000
11180.425000
11180.432000
11180.449000
11180.454000
11180.461000
11180.462000
11180.466000
11180.467000
11180.471000
11180.476000
11180.481000
11180.481000
11180.485000
11180.513000
11180.603000
11180.650000
11180.730000
11181.039000
11181.092000
11181.124000
11181.131000
11181.138000
11181.209000
11181.212000
11181.217000
11181.222000
11181.232000
11181.240000
11181.248000
11181.248000
11181.249000
11181.251000
11181.260000
11181.261000
11181.268000
11181.282000
11181.466000
11181.495000
11181.499000
11181.511000
11181.533000
11181.536000
11181.539000
11181.539000
11181.546000
11181.546000
11181.555000
11181.567000
11181.567000
11181.567000
11181.573000
11181.585000
11181.596000
11181.612000
11181.665000
11181.801000
11182.011000
11182.143000
11182.338000
11182.360000
11182.749000
11182.764000
11182.765000
11182.773000
11182.783000
11182.786000
11182.790000
11182.797000
11182.804000
11182.809000
11182.819000
11182.827000
11182.829000
11182.832000
11182.838000
11182.888000
11182.957000
11183.061000
11183.061000
11183.069000
11183.078000
11183.078000
11183.081000
11183.085000
11183.088000
11183.091000
11183.092000
11183.092000
11183.191000
11183.411000
11183.423000
11183.423000
11183.425000
11183.426000
11183.427000
11183.428000
11183.428000
11183.428000
11183.428000
11183.429000
11183.433000
11183.463000
11183.502000
11183.579000
11183.619000
11183.619000
11183.622000
11183.627000
11183.637000
11183.637000
11183.638000
11183.638000
11183.647000
11183.655000
11183.657000
11183.657000
11183.658000
11183.661000
11183.674000
11183.701000
11183.710000
11183.711000
11183.725000
11183.761000
11183.886000
11183.930000
11183.947000
11183.947000
11183.961000
11183.968000
11183.970000
11183.974000
11184.066000
11184.083000
11184.091000
11184.122000
11184.234000
11184.339000
11184.361000
11184.372000
11184.393000
11184.439000
11184.481000
11184.534000
11184.587000
11184.642000
11184.699000
11184.772000
11184.780000
11184.809000
11184.826000
11184.840000
11184.888000
11184.924000
11184.963000
11184.988000
11185.004000
11185.049000
11185.238000
11185.304000
11185.685000
11185.722000
11185.754000
11185.772000
11185.783000
11185.788000
11185.826000
11185.860000
11185.909000
11185.951000
11185.971000
11186.007000
11186.073000
11186.097000
11186.108000
11186.112000
11186.129000
11186.164000
11186.281000
11186.305000
11186.719000
11186.760000
11186.993000
11186.995000
11187.002000
11187.002000
11187.019000
11187.031000
11187.049000
11187.119000
11187.170000
11187.179000
11187.190000
11187.202000
11187.207000
11187.210000
11187.230000
11187.230000
11187.230000
11187.231000
11187.235000
11187.257000
11187.285000
11187.298000
11187.324000
11187.372000
11187.431000
11187.479000
11187.549000
11187.622000
11187.860000
11187.990000
11188.050000
11188.074000
11188.128000
11188.179000
11188.211000
11188.211000
11188.218000
11188.227000
11188.309000
11188.319000
11188.330000
11188.342000
11188.355000
11188.364000
11188.479000
11188.536000
11188.621000
11188.650000
11188.652000
11188.679000
11188.718000
11188.743000
11188.877000
11188.953000
11189.077000
11189.156000
11189.217000
11189.267000
11189.310000
11189.333000
11189.386000
11189.474000
11189.489000
11189.514000
11189.546000
11189.573000
11189.582000
11189.595000
11189.617000
11189.633000
11189.722000
11189.759000
11189.785000
11189.789000
11189.867000
11189.900000
11190.065000
11190.137000
11190.167000
11190.221000
11190.235000
11190.243000
11190.259000
11190.304000
11190.342000
11190.385000
11190.413000
11190.439000
11190.529000
11190.548000
11190.555000
11190.600000
11190.657000
11191.031000
11191.635000
11191.829000
11191.986000
11193.148000
11194.700000
11196.388000
11196.990000
11197.090000
11197.222000
11197.735000
11198.282000
11198.943000
11199.143000
11199.228000
11199.287000
11199.340000
11199.415000
11199.437000
11199.440000
11199.442000
11199.443000
11199.447000
11199.449000
11199.449000
11199.449000
11199.449000
11199.449000
11199.449000
11199.451000
11199.465000
11200.143000
11200.553000
11201.260000
11201.775000
11202.181000
11202.204000
11202.211000
11202.212000
11202.220000
11202.234000
11202.337000
11202.449000
11202.561000
11202.721000
11202.792000
11202.826000
11202.860000
11202.909000
11202.956000
11202.967000
11202.968000
11202.968000
11202.968000
11202.972000
11202.976000
11202.976000
11202.984000
11202.998000
11203.008000
11203.024000
11203.047000
11203.064000
11203.066000
11203.094000
11203.099000
11203.170000
11203.178000
11203.178000
11203.181000
11203.487000
11203.531000
11203.553000
11203.575000
11203.584000
11203.610000
11203.656000
11203.729000
11203.762000
11203.777000
11203.777000
11203.788000
11203.835000
11203.861000
11203.900000
11203.915000
11203.956000
11203.969000
11203.973000
11203.980000
11203.980000
11203.981000
11204.165000
11204.190000
11204.191000
11204.191000
11204.192000
11204.193000
11204.194000
11204.221000
11204.236000
11204.238000
11204.240000
11204.256000
11204.291000
11204.312000
11204.344000
11204.448000
11204.516000
11204.606000
11204.714000
11204.815000
11204.974000
11205.200000
11205.292000
11205.292000
11205.292000
11205.292000
11205.292000
11205.292000
11205.318000
11205.479000
11205.574000
11205.653000
11205.727000
11205.746000
11205.764000
11205.788000
11205.844000
11205.895000
11205.927000
11205.969000
11206.000000
11206.373000
11206.398000
11206.435000
11206.452000
11206.583000
11206.627000
11206.681000
11206.702000
11206.734000
11206.754000
11206.775000
11206.790000
11206.810000
11206.822000
11208.420000
11209.489000
11209.494000
11209.505000
11209.514000
11209.515000
11209.520000
11209.530000
11209.546000
11209.557000
11209.587000
11209.612000
11209.629000
11209.712000
11209.872000
11210.034000
11210.173000
11210.340000
11210.433000
11210.452000
11210.460000
11210.461000
11210.472000
11210.488000
11210.503000
11210.522000
11210.531000
11210.533000
11210.546000
11210.552000
11210.575000
11210.583000
11210.594000
11210.594000
11210.600000
11210.601000
11210.601000
11210.601000
11210.618000
11210.630000
11210.634000
11210.636000
11210.638000
11210.657000
11210.696000
11210.886000
11210.950000
11210.967000
11210.997000
11211.038000
11211.082000
11211.102000
11211.136000
11211.166000
11211.413000
11211.733000
11211.768000
11211.768000
11211.776000
11211.779000
