4.86673
4.89984
6.13258
6.42495
6.81426
7.48594
7.60537
8.54644
8.68161
9.59668
9.88517
10.678
10.7959
11.349
11.9961
12.1332
13.1983
13.2262
13.2595
13.282
13.323
13.3514
13.384
13.4169
13.4559
13.4839
13.5219
13.5451
13.5852
13.6182
13.6468
13.6761
13.7222
13.7542
13.7841
13.8107
13.8537
13.884
13.9233
13.9424
13.9822
14.012
14.0398
15.428
16.795
18.169
19.558
19.9988
20.2844
21.6617
21.7443
22.7635
22.9498
23.0735
24.4497
24.9513
26.108
26.4044
27.6251
27.8685
29.1402
29.3524
30.5396
31.3394
31.373
31.4024
32.2558
32.3961
32.538
33.7245
33.7553
33.7861
33.8197
33.9932
34.0259
34.0542
34.0893
34.1194
34.1438
34.1764
34.2056
34.2331
34.2639
34.2945
34.3274
34.354
34.7439
34.9092
34.9931
35.0274
35.0611
35.0859
35.1177
35.1459
35.1835
35.2047
35.234
35.264
35.2989
35.3287
35.359
35.385
35.4185
35.4517
35.476
35.5105
35.5426
35.5663
35.5984
35.6274
35.6533
35.6865
35.7252
35.7584
35.7905
35.8179
35.8569
35.8921
35.9196
35.95
35.987
36.0195
36.0518
37.3491
37.3746
38.4153
38.4444
38.4677
38.4986
38.5327
38.5619
38.5916
38.6165
38.6615
38.6988
38.7241
38.7643
38.7947
38.8277
38.8523
38.9471
38.9773
39.0037
39.0725
39.0959
39.4659
39.8781
39.9111
39.9353
39.9807
40.0112
40.042
40.0705
40.1053
40.1377
40.1815
40.2204
40.3007
40.3294
40.3657
40.4005
40.4181
40.4539
40.4848
40.5245
40.5568
40.5828
40.6167
40.6533
40.6742
40.7139
40.7384
40.777
40.81
40.8412
40.8735
40.9
40.9296
40.9549
40.9875
41.024
41.0547
41.088
41.1143
41.1447
41.1847
41.212
41.2412
41.2811
41.3378
41.375
41.4045
41.4309
41.4679
41.4969
44.7446
47.9931
49.3749
50.7482
51.5284
51.5913
52.864
53.071
54.3483
54.5411
55.8722
56.142
56.1642
56.3979
56.4292
56.4602
56.4883
56.5356
56.5654
56.5974
56.6284
56.6538
56.6968
56.7298
56.7577
56.7857
56.8173
56.8461
56.8803
56.9221
56.9512
56.9841
57.0173
57.0485
57.0748
57.1152
57.1405
57.1815
57.2017
57.2305
57.2561
