0.002697
0.002867
0.000939
0.002544
0.001229
0.001033
0.001186
0.000606
0.000991
0.000732
0.001507
0.001275
0.002162
0.000417
0.001073
0.002613
0.003361
0.003247
0.003861
0.001811
0.002689
0.001595
0.002353
0.003015
0.002140
0.001412
0.002813
0.001997
0.001619
0.001654
0.001535
0.001735
0.002259
0.002075
0.002414
0.001734
0.001303
0.001234
0.003964
0.001644
0.001424
0.002676
0.001706
0.001776
0.001426
0.001014
0.001522
0.000982
0.001862
0.001283
0.002140
0.001833
0.001549
0.001262
0.001378
0.001919
0.003372
0.002266
0.002543
0.001663
0.002645
0.001818
0.001095
0.001053
0.001587
0.001614
0.001266
0.001235
0.001055
0.001743
0.002667
0.002276
0.002732
0.001730
0.002349
0.001747
0.003002
0.001831
0.001881
0.002205
0.002514
0.001540
0.002153
0.002046
0.002462
0.002464
0.001424
0.002157
0.001539
0.002192
0.002132
0.001967
0.002143
0.001796
0.001702
0.002170
0.001704
0.001910
0.002564
0.002085
0.003056
0.002106
0.002871
0.002250
0.002161
0.002442
0.004739
0.002397
0.002358
0.002348
0.001522
0.002746
0.002720
0.002072
0.002483
0.002272
0.003331
0.002333
0.002070
0.002156
0.001836
0.002304
0.003261
0.001405
0.001141
0.001622
0.001142
0.001164
0.000927
0.001718
0.001073
0.001670
0.000819
0.000766
0.002437
0.001075
0.003578
0.001083
0.001551
0.000639
0.000931
0.001922
0.000622
0.000931
0.000938
0.000923
0.001715
0.001643
0.001083
0.001354
0.001556
0.002354
0.001066
0.001456
0.000793
0.001433
0.004181
0.001021
0.000633
0.001656
0.001258
0.000921
0.001526
0.001788
0.000705
0.000946
0.000580
0.001503
0.001503
0.001567
0.001847
0.002842
0.004134
0.001564
0.001625
0.003077
0.001173
0.000823
0.000783
0.000778
0.000755
0.000752
0.001064
0.000692
0.000587
0.000947
0.001422
0.002487
0.004453
0.003106
0.004011
0.003840
0.002241
0.004744
0.002605
0.003952
0.002327
0.003342
0.002267
0.002995
0.002204
0.002212
0.001567
0.002103
0.001803
0.001239
0.000892
0.000912
0.001039
0.001270
0.001501
0.001096
0.000775
0.000798
0.001109
0.000868
0.000790
0.002976
0.001395
0.000724
0.000793
0.000589
0.001242
0.001615
0.000936
0.001248
0.000842
0.001412
0.000732
0.001185
0.002324
0.001099
0.001346
0.001046
0.001339
0.000465
