163.238281
164.527344
164.527344
164.527344
164.527344
164.527344
165.007812
165.007812
165.007812
165.007812
165.007812
165.007812
165.007812
165.007812
165.007812
165.007812
165.007812
165.007812
165.007812
165.007812
165.007812
165.007812
165.007812
165.007812
165.007812
165.007812
165.007812
165.007812
165.007812
165.007812
165.007812
165.007812
165.007812
165.007812
165.007812
165.007812
165.007812
165.007812
165.007812
165.007812
165.007812
165.007812
165.007812
165.007812
165.007812
165.007812
165.007812
165.007812
165.007812
165.007812
165.007812
165.007812
165.007812
165.007812
165.007812
165.007812
165.007812
165.007812
165.007812
165.007812
165.007812
165.007812
165.007812
165.007812
165.007812
165.007812
165.007812
165.007812
165.007812
165.007812
165.007812
165.007812
165.007812
165.007812
165.007812
165.007812
165.007812
165.007812
165.007812
165.007812
165.007812
165.007812
165.007812
165.007812
165.007812
165.007812
165.007812
165.007812
165.007812
165.007812
165.007812
165.007812
165.007812
165.007812
165.007812
165.007812
165.007812
165.007812
165.007812
165.007812
165.007812
165.007812
165.007812
165.007812
165.007812
165.007812
165.007812
165.007812
165.007812
165.007812
165.007812
