2.119
2.6158
3.11583
3.61571
4.12269
4.61588
5.1158
5.61579
6.13264
6.61583
7.11592
7.61578
8.12081
8.61578
9.11582
9.61577
10.1261
10.6158
11.1159
11.6158
12.1206
12.6158
13.1158
13.6182
14.1219
14.6157
15.1158
15.6157
16.1158
16.6158
17.1158
17.6158
18.1158
18.6159
19.1158
19.6158
20.127
20.6158
21.116
21.6159
22.1212
22.6159
23.1158
23.6158
24.1206
24.6163
25.1158
25.6158
26.1222
26.6159
27.1158
27.6252
28.1157
28.6159
29.1284
29.6158
30.1234
30.6159
31.1159
31.6158
32.1213
32.6158
33.1158
33.6158
34.1197
34.6218
35.1181
35.6274
36.1246
36.6158
37.1158
37.6158
38.1158
38.6165
39.1158
39.6158
40.119
40.6171
41.1158
41.6158
42.1258
42.6158
43.1158
43.6158
44.1183
44.6159
45.1158
45.6164
46.1204
46.6164
47.1163
47.6158
48.1283
48.6158
49.1158
49.6159
50.1222
50.6158
51.1159
51.6158
52.13
52.6157
53.1159
53.6158
54.1197
54.6159
55.1157
55.6158
56.1217
56.6187
57.1158
