2.11899
2.61576
3.1158
3.61569
4.12268
4.61587
5.11577
5.61578
6.13263
6.6158
7.11588
7.61577
8.1208
8.61577
9.11578
9.61575
10.1261
10.6158
11.1158
11.6157
12.1206
12.6158
13.1158
13.6182
14.1218
14.6157
15.1158
15.6157
16.1158
16.6158
17.1158
17.6158
18.1158
18.6158
19.1158
19.6157
20.127
20.6158
21.1159
21.6158
22.1212
22.6158
23.1158
23.6157
24.1206
24.6162
25.1158
25.6157
26.1222
26.6158
27.1158
27.6252
28.1157
28.6158
29.1284
29.6158
30.1233
30.6159
31.1159
31.6158
32.1212
32.6158
33.1158
33.6158
34.1197
34.6217
35.1181
35.6274
36.1246
36.6158
37.1157
37.6158
38.1158
38.6165
39.1158
39.6157
40.119
40.6171
41.1158
41.6158
42.1258
42.6158
43.1158
43.6158
44.1183
44.6158
45.1158
45.6164
46.1204
46.6164
47.1162
47.6158
48.1282
48.6158
49.1158
49.6159
50.1222
50.6158
51.1158
51.6158
52.13
52.6157
53.1158
53.6158
54.1197
54.6159
55.1157
55.6157
56.1217
56.6187
57.1158
