0.000000
0.000000
0.200000
0.700000
1.246667
1.846667
2.474755
3.291767
4.256100
5.092211
6.073497
7.058581
7.985329
8.970147
9.938395
10.929029
11.920852
12.910421
13.888915
14.877890
15.804578
16.460110
17.354461
18.336997
19.230604
19.820310
20.110653
20.874331
21.858594
22.849577
23.838830
24.827309
25.886631
26.873356
27.863588
28.853832
29.843884
30.729749
31.711425
32.777861
33.767885
34.758713
35.741905
36.710924
37.711868
38.826009
39.849912
40.839232
41.829811
42.817068
43.806222
44.797008
45.846870
46.837784
47.827974
48.818091
49.799662
50.792222
51.734681
52.696837
53.679177
54.665674
55.649630
56.640855
57.627819
58.699672
59.419622
59.800446
60.357401
61.277104
62.267569
63.259431
64.309458
65.317820
66.273293
67.243463
67.907228
68.238476
68.528750
68.990429
69.424578
69.826673
70.658083
71.646206
72.629781
73.670085
74.653691
75.635173
76.621615
77.612802
78.601687
79.587756
80.642675
81.634109
82.624268
83.615044
84.601888
85.591849
86.648523
87.638861
88.628626
89.621445
90.615843
91.628979
92.618595
93.673953
94.644790
95.644214
96.639575
97.629331
98.618317
