0.000000
0.000000
35.157000
35.157000
36.654000
40.000000
42.927000
47.554000
52.942000
58.903000
71.686000
77.664000
85.491000
94.219000
102.287000
108.865000
117.531000
125.621000
133.365000
139.179000
147.693000
154.501000
161.422000
165.283000
170.536000
174.112000
174.888000
175.318000
175.672000
176.166000
176.348000
176.461000
176.584000
176.940000
177.126000
177.301000
177.528000
178.677000
182.166000
184.932000
188.987000
194.003000
200.600000
207.149000
214.172000
217.998000
222.003000
225.125000
230.762000
239.224000
247.432000
252.626000
257.992000
263.670000
269.643000
274.711000
282.999000
293.869000
304.263000
312.806000
323.433000
334.868000
339.694000
343.386000
348.174000
353.151000
357.103000
357.904000
358.701000
359.319000
359.868000
360.084000
360.176000
360.378000
361.461000
365.091000
365.762000
366.523000
367.213000
367.520000
368.014000
368.152000
368.307000
368.443000
368.532000
368.623000
368.799000
368.942000
369.311000
370.735000
370.979000
371.247000
371.528000
371.822000
372.056000
372.151000
372.195000
372.274000
372.322000
372.423000
379.028000
386.050000
392.820000
397.831000
404.984000
411.236000
417.527000
421.901000
427.578000
433.671000
440.377000
445.286000
447.208000
