1.61705
1.61713
2.11952
2.61724
3.11913
3.61832
4.12324
4.61718
5.11857
5.63954
6.13313
6.6184
7.12025
7.62421
8.12129
8.61722
9.11885
9.62642
10.1266
10.6211
11.1195
11.6343
12.1211
12.6172
13.1193
13.6216
14.1223
14.6171
15.1185
15.6291
16.1183
16.6177
17.1187
17.6367
18.1205
18.6173
19.1181
19.6444
20.1277
20.6208
21.1195
21.6381
22.1218
22.6245
23.1197
23.6322
24.1213
24.6175
25.1177
25.636
26.1226
26.6191
27.1196
27.631
28.1174
28.6188
29.1289
29.6392
30.1239
30.6175
31.119
31.6346
32.1218
32.6171
33.1184
33.6258
34.1201
34.6257
35.1186
35.6306
36.1251
36.624
37.1183
37.6325
38.1175
38.6172
39.1179
39.6297
40.1194
40.6175
41.1177
41.6207
42.1262
42.6173
43.1195
43.62
44.1189
44.6323
45.1195
45.6199
46.1211
46.6172
47.1196
47.6384
48.1294
48.6172
49.1193
49.6312
50.1232
50.6275
51.1252
51.6271
52.1307
52.6182
53.1185
53.6381
54.1202
54.6173
55.1179
55.6279
56.1225
56.6219
57.1174
