0.002734
0.003849
0.004282
0.003865
0.004659
0.007291
0.006487
0.004874
0.005376
0.003932
0.005044
0.004711
0.006032
0.003859
0.005736
0.005148
0.005533
0.003773
0.005973
0.003239
0.004059
0.004645
0.004085
0.004278
0.004639
0.004337
0.007607
0.003623
0.004554
0.003737
0.005262
0.004109
0.008248
0.006784
0.006916
0.004791
0.006109
0.006763
0.005595
0.006310
0.006277
0.009552
0.006258
0.004508
0.004194
0.004673
0.004353
0.006154
0.005220
0.005359
0.004787
0.004629
0.003878
0.004006
0.002719
0.003411
0.005700
0.005877
0.005788
0.006639
0.005990
0.004579
0.004974
0.003675
0.005577
0.006515
0.008644
0.005646
0.006979
0.003679
0.004660
0.003352
0.005789
0.004285
0.007427
0.003036
0.004480
0.004166
0.004411
0.004008
0.005208
0.009178
0.009470
0.009420
0.009417
0.009349
0.009354
0.008568
0.009268
0.007482
0.006833
0.003262
0.005533
0.006951
0.012337
0.010075
0.006900
0.012501
0.007586
0.006932
0.005311
0.003982
0.005899
0.003333
0.003236
0.007983
0.003350
0.004392
0.004953
0.004700
0.003900
0.004400
0.009418
0.010277
0.008466
0.008234
0.006659
0.007099
0.007120
0.011069
0.004911
0.003278
0.003617
0.003336
0.003470
0.003554
0.007705
0.005974
0.004604
0.008989
0.003653
