162.773438
162.773438
164.832031
171.449219
171.449219
171.707031
171.707031
171.707031
171.707031
171.707031
171.707031
171.707031
171.707031
171.707031
171.707031
171.707031
171.707031
171.707031
171.707031
171.707031
171.707031
171.707031
171.707031
171.707031
171.707031
171.707031
171.707031
171.707031
171.707031
171.707031
171.707031
171.707031
171.707031
171.707031
171.707031
171.707031
171.707031
171.707031
171.707031
171.707031
171.707031
171.707031
171.707031
171.707031
171.707031
171.707031
171.707031
171.707031
171.707031
171.707031
171.707031
171.707031
171.707031
171.707031
171.707031
171.707031
171.707031
171.707031
171.707031
171.707031
171.707031
171.707031
171.707031
171.707031
171.707031
171.707031
171.707031
171.707031
171.707031
171.707031
171.707031
172.445312
172.445312
172.445312
172.445312
172.445312
172.445312
172.445312
172.445312
172.445312
172.445312
172.445312
172.445312
172.445312
172.445312
172.445312
172.445312
172.445312
172.445312
172.445312
172.445312
172.445312
173.218750
173.218750
173.218750
173.218750
173.218750
173.218750
173.218750
173.218750
173.218750
173.218750
173.218750
173.218750
173.218750
173.218750
173.218750
173.218750
173.218750
173.218750
173.218750
173.218750
173.218750
173.218750
173.218750
173.218750
173.218750
173.218750
173.218750
173.218750
173.218750
173.218750
173.218750
173.218750
173.218750
173.218750
173.218750
173.218750
173.218750
173.218750
173.218750
173.218750
173.218750
173.218750
173.218750
173.218750
173.218750
173.218750
173.218750
173.218750
173.218750
173.218750
173.218750
173.218750
173.218750
173.218750
173.218750
173.218750
173.218750
173.218750
173.734375
173.734375
173.734375
173.734375
173.734375
173.734375
173.734375
173.734375
173.734375
173.734375
173.734375
173.734375
173.734375
173.734375
173.734375
173.734375
173.734375
173.734375
173.734375
173.734375
173.734375
173.734375
173.734375
173.734375
173.734375
173.734375
173.734375
173.734375
173.734375
173.734375
173.734375
173.734375
173.734375
173.734375
173.734375
173.734375
173.734375
