4.91643
5.47354
5.52538
5.61291
5.74168
6.44355
6.82025
7.73515
7.86417
8.01202
8.13499
9.1169
9.6054
10.1912
11.0757
11.877
12.0187
13.3283
14.2612
15.1964
15.3241
15.9966
16.807
17.458
17.4932
17.7228
17.7596
17.8522
17.8845
17.9115
17.9471
19.3149
19.8644
21.246
22.128
22.408
23.5312
23.7324
24.001
24.9352
25.0664
26.4583
26.5287
27.8974
28.3914
29.5973
29.7146
31.009
31.326
32.6571
32.9288
33.2086
33.3273
34.2561
35.6005
35.8616
36.0001
37.3789
37.4076
37.5379
37.6825
39.0544
39.3276
40.413
41.8069
42.4213
43.0721
43.8604
44.0041
44.9087
45.208
46.5758
47.4516
47.6025
48.986
50.3559
51.464
51.8509
51.9913
52.1171
52.3976
52.5299
53.9041
54.0867
54.1294
54.2536
54.4784
55.8538
56.2587
57.2069
58.1276
59.2671
60.0018
60.3897
63.6591
65.0261
66.4088
67.0663
68.4511
69.0633
70.2698
70.6591
71.6073
71.8636
73.4497
73.5727
73.6079
73.7173
73.9929
75.3633
76.7356
76.7876
76.9224
78.3021
79.6899
81.0616
82.129
82.5297
82.6615
84.043
84.921
85.32
86.3936
86.6654
87.0515
88.3882
88.4403
88.4787
88.5061
91.7597
95.0016
