0.001765
0.001922
0.001903
0.002074
0.002129
0.002334
0.002338
0.002790
0.002715
0.002492
0.002459
0.002663
0.002930
0.003020
0.003302
0.002868
0.003103
0.003041
0.003133
0.003042
0.003016
0.002043
0.002298
0.002568
0.002501
0.002816
0.003602
0.002254
0.002047
0.002156
0.003458
0.002299
0.003026
0.002973
0.003436
0.003308
0.006807
0.003488
0.003389
0.004630
0.004340
0.004308
0.003244
0.003165
0.002918
0.003237
0.003439
0.005284
0.002821
0.002445
0.002734
0.003286
0.002706
0.003056
0.002752
0.001994
0.002216
0.002595
0.002382
0.002442
0.002681
0.002685
0.003004
0.002941
0.004211
0.003435
0.003183
0.003768
0.003635
0.004098
0.003534
0.004366
0.003207
0.003000
0.006066
0.003548
0.003381
0.003562
0.003376
0.003015
0.003441
0.003565
0.003458
0.003530
0.003680
0.003660
0.003656
0.003853
0.003966
0.003410
0.003633
0.003744
0.004008
0.002306
0.008933
0.003524
0.003931
0.004832
0.004291
0.004271
0.004095
0.003820
0.007024
0.004080
0.003943
0.012091
0.003739
0.003563
0.003333
0.004889
0.003587
0.003589
0.003635
0.004340
0.003522
0.003481
0.003631
0.003567
0.003438
0.004617
0.003195
0.003229
0.002925
0.002566
0.002614
0.002668
0.008632
0.002876
0.001721
0.003791
0.005083
