4.91646
5.47356
5.5254
5.61294
5.7417
6.44357
6.82027
7.73517
7.8642
8.01205
8.13501
9.11692
9.60543
10.1912
11.0758
11.877
12.0187
13.3283
14.2613
15.1964
15.3242
15.9966
16.807
17.458
17.4933
17.7228
17.7596
17.8523
17.8845
17.9115
17.9472
19.3149
19.8644
21.246
22.1281
22.408
23.5313
23.7324
24.0011
24.9352
25.0665
26.4583
26.5288
27.8974
28.3914
29.5973
29.7147
31.009
31.326
32.6571
32.9288
33.2087
33.3274
34.2561
35.6005
35.8616
36.0001
37.3789
37.4076
37.5379
37.6825
39.0544
39.3276
40.413
41.8069
42.4213
43.0722
43.8604
44.0041
44.9087
45.208
46.5758
47.4516
47.6026
48.986
50.356
51.464
51.851
51.9914
52.1172
52.3976
52.53
53.9041
54.0867
54.1294
54.2536
54.4784
55.8538
56.2587
57.2069
58.1276
59.2671
60.0018
60.3897
63.6591
65.0261
66.4089
67.0663
68.4511
69.0634
70.2698
70.6591
71.6073
71.8636
73.4497
73.5727
73.6079
73.7173
73.9929
75.3633
76.7356
76.7876
76.9224
78.3021
79.69
81.0616
82.129
82.5297
82.6615
84.043
84.921
85.32
86.3936
86.6654
87.0515
88.3883
88.4403
88.4787
88.5062
91.7597
95.0016
