0.006333
0.006553
0.007928
0.008241
0.006467
0.008363
0.008322
0.008363
0.007998
0.006189
0.008669
0.006896
0.008387
0.006199
0.008227
0.007421
0.009021
0.006575
0.008389
0.006406
0.005584
0.007571
0.007820
0.006868
0.007778
0.007333
0.010162
0.006507
0.008001
0.005700
0.008457
0.006836
0.009605
0.005437
0.007504
0.005621
0.008017
0.005536
0.006932
0.007844
0.006207
0.008680
0.009540
0.006725
0.005935
0.007126
0.005654
0.007257
0.008294
0.008586
0.007172
0.007462
0.006403
0.008516
0.007559
0.008730
0.007639
0.008775
0.007702
0.007082
0.008668
0.006739
0.009924
0.006081
0.007329
0.007840
0.008458
0.007316
0.009254
0.006419
0.010192
0.005661
0.007571
0.006867
0.009068
0.006319
0.007643
0.007793
0.008376
0.005111
0.006255
0.009434
0.009855
0.009348
0.009289
0.009249
0.009244
0.008396
0.009287
0.008017
0.008916
0.006248
0.008989
0.007227
0.012709
0.013100
0.008947
0.008948
0.010215
0.009732
0.009042
0.007437
0.007565
0.007844
0.007439
0.007454
0.007061
0.006369
0.008561
0.007399
0.006913
0.008292
0.008056
0.010436
0.008580
0.008865
0.008645
0.008827
0.006227
0.006411
0.006356
0.005386
0.008048
0.007293
0.006402
0.005570
0.015272
0.009232
0.003657
0.005531
0.003755
