0.000000
0.000000
0.200000
0.700000
1.286667
1.886667
2.448344
3.383956
4.320137
5.310883
6.292593
7.335403
8.221550
9.197784
10.186752
11.174219
12.126373
12.912462
13.967387
14.938755
15.852697
16.726055
17.705363
18.665781
19.238949
19.803508
20.774012
21.757034
22.712070
23.553513
24.509916
25.567901
26.534379
27.484321
28.466775
29.461361
30.420780
31.125309
32.050522
33.021282
34.014398
34.970580
35.925239
36.922447
37.965368
38.950763
39.939162
40.870727
41.847312
42.821094
43.474489
44.443098
45.447264
46.435203
47.405138
48.414351
49.371327
50.408990
51.435003
52.371786
53.290596
54.228607
55.025449
55.964939
57.017407
57.989148
58.941496
59.925625
60.909326
61.705767
62.070229
62.790723
63.774892
64.764630
65.755639
66.742163
67.711311
68.685849
69.508159
70.379925
71.223631
72.162570
73.146857
74.129051
75.080529
76.285055
77.439560
78.445987
79.439039
80.424145
81.443530
82.422435
83.313036
83.573570
84.188348
85.122074
86.117320
87.169459
88.137253
89.142887
90.122381
91.034492
91.549290
91.884256
92.763973
93.739551
94.727819
95.741094
96.785001
97.775545
98.833877
99.818144
100.808613
101.794813
102.786077
103.749928
104.712945
105.779586
106.418689
106.604986
107.194421
108.038826
109.009554
110.075816
111.063178
112.052259
113.043481
114.152411
115.333623
116.577743
118.022158
119.162947
120.161905
121.150596
122.141296
123.091285
124.104506
125.253702
126.244824
127.233889
128.220795
128.979182
129.620691
130.652209
131.495501
132.068900
132.295820
133.033960
134.016719
135.003691
136.050533
136.708430
137.081244
137.932193
138.930423
139.905317
140.968549
141.959302
142.950088
143.943914
144.935086
145.929712
146.937117
147.992198
148.983505
149.804923
150.303726
151.184911
152.168548
153.162456
154.211007
155.210220
156.152580
156.789193
157.291186
157.960148
158.963288
159.970296
160.946621
161.898188
162.863940
163.849977
164.840450
165.894771
166.884852
167.874454
168.861181
