2.13705
2.63705
3.13715
3.64462
4.13709
4.64776
5.13709
5.63724
6.13708
6.63704
7.13721
7.63718
8.13707
8.63717
9.13718
9.63709
10.1372
10.6371
11.1372
11.6371
12.1371
12.6372
13.1371
13.6371
14.1372
14.6372
15.1371
15.6372
16.1376
16.6371
17.1373
17.6371
18.1372
18.641
19.1371
19.6372
20.1372
20.6371
21.1372
21.6372
22.1371
22.6372
23.1372
23.6372
24.1372
24.6439
25.1372
25.6371
26.1371
26.6395
27.1371
27.6371
28.1372
28.6373
29.1371
29.6372
30.1372
30.6372
31.1371
31.6371
32.1372
32.6582
33.1371
33.6371
34.1371
34.6372
35.1371
35.6371
36.137
36.6372
37.1372
37.6371
38.1372
38.6372
39.1372
39.6371
40.137
40.6521
41.1371
41.6372
42.1371
42.6372
43.1371
43.6373
44.1372
44.6372
45.1372
45.6371
46.1371
46.6404
47.1371
47.6372
48.1371
48.6463
49.1371
49.6371
50.1372
50.6429
51.1371
51.6372
52.1371
52.6371
53.1371
53.6371
54.1371
54.6372
55.1371
55.6371
56.137
56.6371
57.1371
57.6373
58.1372
58.6376
59.1371
59.6374
60.1371
60.6371
61.1372
61.6371
62.1371
62.6408
63.1371
63.6598
64.1371
64.6439
65.1371
65.6371
66.1371
66.6371
67.1371
67.6372
68.1378
68.6412
69.1371
69.6371
70.1378
70.6433
71.1372
71.6372
72.1371
72.6371
73.1371
73.6372
74.1371
74.6372
75.1371
75.6371
76.1371
76.6372
77.1378
77.6374
78.1375
78.6371
79.1371
79.6372
80.1371
80.6371
81.1373
81.6372
82.1372
82.6437
83.1371
83.6372
84.1372
84.637
85.1371
85.6372
86.1371
86.6464
87.1371
87.6373
88.1371
88.6371
89.1373
89.6371
90.1373
90.6373
91.1371
91.6373
92.1371
92.6382
93.1373
93.6371
94.1371
94.649
95.1371
