2.137
2.637
3.13704
3.64459
4.13702
4.64773
5.13702
5.63714
6.13701
6.637
7.13713
7.63704
8.13701
8.63715
9.13713
9.63702
10.1371
10.6371
11.1372
11.637
12.137
12.6372
13.137
13.637
14.1371
14.6371
15.137
15.6371
16.1375
16.6371
17.1372
17.637
18.1371
18.6409
19.137
19.6371
20.1372
20.6371
21.137
21.6371
22.1371
22.6372
23.1371
23.637
24.1371
24.6439
25.1371
25.637
26.137
26.6395
27.137
27.637
28.137
28.6372
29.1371
29.6371
30.1371
30.6372
31.137
31.637
32.137
32.6582
33.137
33.6371
34.137
34.6371
35.137
35.637
36.137
36.6371
37.1371
37.6371
38.1371
38.6371
39.1371
39.637
40.137
40.652
41.137
41.6371
42.137
42.6372
43.137
43.6372
44.1372
44.6371
45.1371
45.6371
46.137
46.6403
47.137
47.6371
48.1371
48.6463
49.137
49.637
50.1372
50.6429
51.137
51.6371
52.1371
52.6371
53.1371
53.637
54.1371
54.6372
55.137
55.637
56.137
56.637
57.137
57.6372
58.1372
58.6375
59.137
59.6372
60.137
60.6371
61.1371
61.637
62.137
62.6407
63.137
63.6598
64.137
64.6426
65.137
65.637
66.137
66.637
67.137
67.6371
68.1377
68.6412
69.137
69.637
70.1377
70.6433
71.1371
71.6371
72.137
72.6371
73.137
73.6371
74.137
74.6372
75.137
75.637
76.137
76.6371
77.1377
77.6373
78.1374
78.637
79.137
79.637
80.137
80.637
81.1371
81.6371
82.1371
82.6437
83.137
83.637
84.1372
84.637
85.137
85.6372
86.1371
86.6464
87.1371
87.6372
88.137
88.6371
89.1372
89.637
90.1371
90.6372
91.137
91.6371
92.137
92.6381
93.1373
93.6371
94.1371
94.649
95.137
