1.6384
1.63852
2.13851
2.63851
3.13852
3.64543
4.13958
4.64858
5.13854
5.6644
6.13979
6.63994
7.13851
7.65882
8.13901
8.641
9.13862
9.66359
10.1398
10.6404
11.1386
11.6603
12.14
12.6396
13.1385
13.6633
14.1398
14.6393
15.1385
15.6603
16.1394
16.6393
17.1385
17.6487
18.1458
18.6415
19.1385
19.6694
20.1398
20.6391
21.1385
21.6598
22.1392
22.6398
23.1386
23.6682
24.1413
24.6449
25.1386
25.655
26.1402
26.6401
27.1385
27.6578
28.1408
28.6392
29.1386
29.651
30.1395
30.6411
31.1385
31.6616
32.1402
32.6592
33.1385
33.6638
34.1396
34.6424
35.1385
35.6542
36.1391
36.6392
37.1386
37.657
38.1402
38.6398
39.1386
39.6609
40.1391
40.654
41.1385
41.6673
42.1408
42.6442
43.1385
43.6564
44.1403
44.6399
45.1386
45.6541
46.1395
46.6419
47.1385
47.6617
48.1402
48.647
49.1385
49.6659
50.1394
50.6445
51.144
51.6562
52.1389
52.6398
53.1385
53.6547
54.139
54.6395
55.1385
55.6555
56.1391
56.6479
57.1385
57.6518
58.1392
58.6398
59.1385
59.6508
60.1397
60.6391
61.1386
61.6442
62.1391
62.6415
63.1385
63.6699
64.1391
64.6454
65.1385
65.6498
66.1406
66.6396
67.1386
67.6579
68.1417
68.642
69.1385
69.6548
70.1401
70.6438
71.1385
71.6497
72.1408
72.64
73.1386
73.6464
74.1392
74.6391
75.1385
75.6486
76.1394
76.6481
77.1386
77.6551
78.1403
78.6393
79.1385
79.6587
80.1401
80.6399
81.1386
81.6547
82.1392
82.6446
83.1385
83.6559
84.1421
84.639
85.1388
85.653
86.1403
86.6475
87.1385
87.6522
88.1401
88.6393
89.1386
89.6436
90.141
90.6394
91.1386
91.6612
92.142
92.639
93.1386
93.6445
94.1405
94.6498
95.1385
