0.000000
0.000000
0.000000
0.000000
0.000000
32.824000
35.320000
40.489000
43.957000
60.976000
82.702000
94.715000
107.833000
124.383000
135.671000
143.294000
151.193000
165.262000
174.764000
185.455000
202.996000
216.836000
230.993000
240.956000
246.382000
259.642000
262.628000
274.210000
278.792000
285.066000
290.402000
295.260000
301.076000
310.247000
313.173000
313.598000
313.629000
317.035000
326.141000
330.751000
331.250000
332.378000
336.791000
344.388000
351.145000
363.624000
381.289000
387.068000
392.357000
397.287000
401.667000
404.678000
405.831000
412.112000
416.605000
421.380000
424.886000
429.751000
434.316000
439.306000
443.440000
449.656000
457.753000
470.837000
480.323000
487.877000
498.009000
508.208000
512.268000
515.255000
517.128000
517.684000
517.894000
518.018000
518.039000
519.072000
521.955000
529.768000
531.641000
541.443000
547.784000
558.818000
573.243000
589.238000
605.224000
615.103000
622.658000
636.062000
641.877000
646.616000
650.995000
658.275000
663.576000
670.640000
671.599000
671.842000
672.021000
672.996000
681.431000
688.397000
695.470000
704.912000
712.761000
717.863000
719.061000
719.306000
719.349000
719.413000
719.413000
719.460000
719.760000
721.627000
724.447000
729.141000
733.006000
737.763000
741.929000
746.258000
754.995000
759.994000
761.222000
761.520000
761.692000
761.832000
761.858000
761.859000
761.865000
761.891000
762.318000
762.823000
763.116000
763.490000
764.257000
765.309000
766.075000
766.167000
766.236000
766.267000
767.610000
773.419000
778.363000
786.244000
795.914000
797.486000
797.555000
803.378000
807.667000
808.868000
808.994000
809.398000
809.417000
809.997000
813.699000
816.455000
817.020000
817.090000
817.177000
817.215000
817.247000
817.247000
817.247000
817.258000
817.281000
818.857000
820.151000
823.445000
824.973000
826.820000
828.298000
831.488000
836.287000
845.111000
848.865000
850.758000
852.000000
853.060000
853.381000
853.596000
853.741000
853.772000
853.789000
853.986000
853.992000
854.000000
854.003000
854.062000
854.110000
854.192000
854.292000
