4.96451
5.8748
7.27447
7.3411
7.39031
8.04472
9.08155
10.508
11.4598
12.8923
13.9944
15.0159
15.9429
17.1238
18.1834
19.5955
20.9168
21.8903
22.7441
23.7817
24.9701
25.7259
26.4165
27.2803
28.1803
28.5575
29.4967
29.874
31.0769
32.1466
32.6682
33.8313
34.8908
36.2824
36.5041
36.7361
37.8697
37.9507
39.2259
40.2281
40.7349
40.9329
41.0124
42.1613
43.1883
43.9169
44.1685
45.502
46.577
47.1005
48.143
49.1873
49.7745
50.9328
51.5528
52.7823
53.5472
54.3484
55.425
56.4154
57.106
58.3706
59.3284
59.4327
60.5218
61.0261
62.4091
63.8268
65.2309
65.8853
66.683
67.6097
67.9029
68.8156
69.5876
70.5878
71.7466
72.6869
73.1999
74.473
75.0191
75.0924
75.9441
77.0002
78.1166
79.2155
80.7748
81.7569
83.012
83.5157
84.7088
85.2833
85.6129
86.8256
88.0093
88.5812
89.3673
90.0887
90.9943
92.4193
93.451
94.7297
95.747
96.3595
98.3055
99.6254
100.016
101.102
102.149
102.7
103.875
104.797
105.347
106.749
107.51
108.621
109.434
110.826
111.175
111.43
112.702
113.746
114.353
115.498
115.818
117.205
118.544
119.882
120.619
121.476
122.913
123.821
124.958
125.519
126.786
127.357
128.593
129.104
130.384
130.942
132.426
134.207
135.606
136.985
137.91
139.286
139.799
141.198
142.482
142.964
143.126
143.361
143.475
144.382
145.315
146.61
147.758
148.337
149.473
150.238
151.271
151.98
152.769
154.645
155.835
157.242
157.582
159.042
159.751
160.964
161.456
162.577
163.497
164.903
165.96
167.016
168.431
168.958
170.188
170.719
171.612
172.621
173.321
174.377
175.021
175.829
176.358
177.87
179.238
180.271
181.123
181.714
182.951
183.971
185.219
186.235
186.766
187.872
189.295
189.378
190.496
191.592
192.805
193.405
193.483
194.386
195.201
196.093
197.474
198.088
199.184
200.166
201.201
202.501
203.468
205.757
207.041
208.18
209.31
209.428
210.803
211.285
212.682
213.2
213.946
215.329
216.208
216.608
217.996
218.803
219.465
220.294
221.493
222.035
223.059
224.434
225.806
227.073
227.329
228.709
229.409
230.689
231.874
233.285
234.262
235.482
236.616
238.155
239.16
240.533
240.921
242.328
244.146
245.005
246.262
247.455
248.753
248.988
250.388
251.446
252.044
253.457
254.573
255.195
255.965
257.364
258.372
259.583
261.016
261.778
262.54
263.826
264.757
265.416
266.641
267.123
268.552
269.078
269.842
271.055
272.371
272.817
273.864
274.278
275.618
276.046
277.036
277.6
278.948
279.651
281.006
281.735
282.795
283.498
284.597
285.215
286.326
287.791
289.231
290.427
291.734
292.708
293.795
294.994
296.312
296.964
297.947
299.385
299.797
300.858
302.054
303.392
304.017
304.784
305.605
307.003
307.772
309.002
309.863
310.617
311.811
312.586
313.982
315.018
315.803
317.134
318.578
320.113
321.501
322.963
324.27
324.967
325.542
326.755
328.06
328.437
329.749
330.254
331.648
332.598
332.973
334.211
334.716
335.481
336.807
337.8
339.105
340.505
341.509
342.335
345.033
346.346
347.149
347.976
349.292
349.964
350.996
351.737
353.024
354.39
355.016
356.198
357.377
358.734
360.238
361.234
362.62
363.794
365.021
366.44
366.815
367.354
368.491
369.344
370.222
371.479
372.57
373.492
374.555
375.56
376.472
377.525
378.731
379.773
380.447
381.524
382.358
388.832
390.22
393.015
394.422
395.652
396.762
398.651
399.987
400.995
402.423
403.824
404.122
404.627
405.701
406.442
407.216
408.611
409.506
410.588
411.752
412.832
413.723
414.536
415.197
415.998
417.036
418.008
418.948
420.121
421.403
422.799
428.645
430.838
432.424
433.494
434.585
435.755
437.185
438.583
439.539
440.931
441.179
442.589
443.326
444.689
445.465
446.517
447.495
448.974
450.038
451.221
452.193
453.3
454.338
455.231
456.413
459.627
460.989
461.73
462.144
463.386
464.571
465.361
466.484
467.547
468.761
469.801
471.101
472.143
473.313
474.525
475.325
476.665
478.115
479.709
481.113
481.909
483.16
484.372
485.035
485.877
486.977
488.438
489.571
490.245
491.515
492.909
494.3
495.592
496.73
497.805
498.761
499.973
500.953
502.149
505.875
507.356
508.756
510.127
510.965
511.992
513.292
514.223
516.096
517.493
518.968
520.141
521.063
522.097
523.48
524.265
525.429
525.797
527.206
527.475
529.533
530.529
531.351
531.787
532.983
534.377
535.116
536.507
537.75
538.991
540.375
540.784
542.197
543.725
544.766
545.742
546.571
547.58
548.972
550.931
552.205
552.776
554.201
554.789
555.827
556.794
560.474
561.762
563.184
563.492
564.767
566.182
567.104
568.305
568.958
570.34
571.182
577.099
578.733
580.685
582.473
584.118
586.243
588.39
589.802
590.371
590.618
591.971
592.974
594.219
595.612
596.801
598.105
598.906
599.827
600.716
601.608
603.636
604.985
605.984
607.126
607.371
608.881
610.281
611.557
612.446
613.217
614.198
615.042
616.313
616.977
618.377
619.459
620.234
621.781
623.077
624.096
624.973
627.775
629.103
630.389
631.025
632.067
632.784
633.979
634.742
635.339
635.622
636.619
637.96
639.35
640.753
641.817
642.514
643.438
644.216
645.48
646.588
647.126
648.263
649.312
650.687
651.186
652.562
653.836
654.445
655.121
656.086
656.96
657.754
658.639
659.567
659.97
660.548
661.109
662.16
663.552
665.013
667.062
668.376
669.158
670.374
671.74
673.157
674.347
675.716
677.008
678.336
679.144
680.396
681.618
685.057
686.576
689.841
691.153
699.231
701.395
704.19
705.577
706.235
707.635
708.954
710.351
711.941
713.388
714.804
715.803
716.974
718.353
719.757
720.527
721.328
721.887
723.774
725.189
726.526
727.156
728.563
729.573
730.804
732.172
732.979
734.363
735.552
736.729
737.935
739.385
740.807
742.687
743.935
744.955
745.774
747.221
748.215
749.512
749.828
751.017
752.127
752.764
753.594
755.017
755.812
756.637
757.481
758.501
759.326
760.598
761.516
762.77
764.193
765.479
766.024
766.706
767.873
768.625
768.747
769.818
770.748
772.176
773
773.932
774.584
775.215
776.614
777.623
778.198
778.791
779.378
780.776
781.831
782.711
783.593
784.973
785.883
787.094
788.197
788.84
790.22
790.991
792.214
793.107
794.341
797.046
798.349
799.105
799.22
800.537
801.967
802.982
803.611
804.412
805.128
806.217
807.282
808.45
809.374
810.59
811.765
812.515
813.551
814.356
815.736
817.146
818.519
819.566
820.707
821.537
822.969
824.306
825.26
826.196
826.976
828.14
828.726
830.017
831.35
832.094
833.224
834.513
835.932
836.567
837.76
839.031
840.225
840.907
842.228
843.339
844.377
845.489
846.447
847.499
848.119
849.521
850.428
851.738
852.762
853.345
854.673
855.866
857.206
858.145
859.545
860.957
861.836
863.184
863.979
864.616
866.197
867.454
868.723
869.459
870.223
871.569
872.976
873.77
874.714
875.733
876.397
877.361
878.241
879.536
880.744
881.364
882.187
883.02
884.314
885.754
886.937
888.288
889.515
890.618
892.014
893.061
893.99
895.388
896.715
897.26
900.501
901.962
903.851
905.323
907.224
910.276
911.704
913.145
913.891
914.576
915.91
916.457
917.663
918.227
919.463
920.046
922.575
923.906
924.758
926.203
927.221
928.144
929.505
930.312
931.415
932.385
933.086
934.635
939.489
940.8
941.409
942.811
944.225
945.231
946.574
947.951
948.541
949.501
950.4
951.816
952.439
953.227
954.63
954.848
956.237
957.034
957.744
958.282
959.765
961.29
962.5
964.012
964.308
964.763
965.903
967.376
968.321
969.218
970.625
971.559
972.532
974.527
975.95
976.988
977.746
978.851
980.246
981.643
982.219
982.981
984
985.396
986.74
988.173
989.492
990.756
991.837
993.117
994.707
1000.32
1007.18
1009.66
1011.16
1012.56
1013.11
1014.17
1015.18
1016.22
1017.3
1018.28
1019.08
1020.23
1021.62
1022.58
1023.97
1025.3
1026.42
1027.58
1028.37
1029.03
1029.94
1031.18
1031.79
1033.18
1034.57
1035.56
1036.22
1037.02
1037.81
1039.2
1040.69
1042.13
1043.32
1044.77
1046.2
1047.36
1048.4
1049.52
1050.38
1054.2
1056.61
1058.03
1059.44
1060.24
1061.21
1062.03
1063.02
1064.08
1065.3
1066.47
1067.52
1068.93
1069.96
1070.97
1071.84
1072.7
1073.47
1074.61
1075.46
1076.38
1077.01
1077.89
1079.23
1080.57
1081.94
1083.35
1084.48
1085.24
1086.64
1087.75
1089.15
1089.74
1090.61
1091.85
1093.24
1093.73
1095.14
1096.28
1097.45
1098.38
1099.8
1100.79
1102.08
1103.45
1104.98
1105.21
1107.47
1108.57
1109.34
1110.75
1111.58
1112.96
1113.94
1114.97
1115.8
1117.11
1118.49
1119.23
1120.4
1121.75
1122.7
1123.74
1124.72
1125.5
1126.59
1134.13
1135.57
1136.96
1138.36
1139.58
1140.7
1141.82
1143.2
1144.18
1145.2
1146.28
1147.74
1148.95
1150.19
1151.58
1152.63
1153.45
1154.81
1155.82
1157.08
1158.52
1159.63
1160.57
1161.22
1162.6
1164.01
1165.33
1166.74
1167.39
1168.78
1169.97
1171.35
1172.73
1174.03
1175.47
1176.4
1177.43
1178.82
1180.2
1180.79
1182.12
1183.93
1185.32
1186.61
1187.98
1189.35
1189.61
1190.99
1192.16
1193.06
1194.43
1195.61
1196.96
1198.35
1199.73
1201.13
1202.52
1203.87
1204.97
1206.33
1207.6
1208.99
1210.15
1211.6
1213.58
1214.97
1216.37
1217.32
1218.69
1220.12
1221.49
1222.29
1223.72
1225.1
1225.46
1226.55
1227.94
1229.32
1230.71
1231.23
1232.61
1233.99
1234.7
1235.94
1237.19
1238.57
1239.2
1240.51
1241.54
1242.55
1243.56
1244.7
1246.1
1246.6
1247.98
1249.39
1250.63
1252.02
1253.44
1254.56
1255.96
1257.05
1258.13
1258.94
1260.21
1262.83
1264.13
1264.97
1266.36
1267.73
1268.71
1269.72
1272.03
1273.43
1274.69
1275.97
1277.2
1278.59
1280.12
1280.59
1281.46
1281.96
1283.1
1284.49
1285.87
1286.29
1287.69
1288.44
1289.07
1290.49
1291.87
1292.2
1293.33
1294.69
1295.87
1296.86
1298.26
1298.9
1300.3
1301.73
1303.11
1305.09
1306.5
1306.9
1308.29
1309.73
1310.89
1312.3
1313.74
1314.84
1315.69
1316.37
1317.74
1319.12
1320.02
1321.35
1322.74
1324.24
1324.8
1325.77
1326.59
1327.21
1327.88
1329.28
1329.81
1330.72
1332.18
1333.57
1333.74
1333.81
1333.91
1333.98
1334.09
1334.2
1334.99
1336.53
1337.82
1339.21
1339.88
1341.2
1342.35
1343.63
1344.76
1345.85
1347.22
1348.64
1350.01
1351.06
1352.1
1353.31
1355.53
1356.91
1358.35
1359.74
1361.16
1362.49
1363.55
1364.36
1365.76
1367.02
1369.21
1370.64
1372.38
1374.61
1376.01
1377.08
1378.47
1380.42
