0.003917
0.003431
0.004080
0.004124
0.003985
0.004125
0.004681
0.005374
0.005939
0.006671
0.006882
0.008060
0.009485
0.009854
0.009111
0.010219
0.010814
0.011606
0.010794
0.010284
0.011513
0.010569
0.010750
0.010985
0.010222
0.010474
0.010691
0.010916
0.009469
0.009861
0.010237
0.010097
0.010142
0.010187
0.010010
0.010098
0.009702
0.010016
0.009657
0.010405
0.011304
0.010604
0.010469
0.011898
0.012128
0.013683
0.013845
0.014669
0.015241
0.016129
0.017265
0.018185
0.022196
0.023996
0.024022
0.024031
0.022352
0.023049
0.019789
0.020103
0.018601
0.019248
0.018352
0.020288
0.015136
0.015478
0.015920
0.016129
0.014227
0.013026
0.010950
0.011346
0.011012
0.011299
0.011461
0.011157
0.011142
0.011079
0.010989
0.012096
0.012191
0.011953
0.012463
0.012295
0.011533
0.013256
0.008972
0.011186
0.011834
0.012568
0.013023
0.014796
0.013235
0.013173
0.015137
0.015233
0.018320
0.019170
0.021786
0.022143
0.025521
0.025308
0.024584
0.025330
0.028554
0.025748
0.024790
0.021955
0.022194
0.020919
0.019454
0.015838
0.016091
0.015891
0.015881
0.016150
0.016114
0.016402
0.016062
0.016006
0.016498
0.016130
0.018953
0.019435
0.019877
0.022018
0.023794
0.026485
0.026831
0.026098
0.019997
0.023875
0.023932
0.025557
0.026560
0.027377
0.026582
0.027166
0.026597
0.024301
0.023322
0.023873
0.020701
0.017267
0.015398
0.014773
0.015089
0.013470
0.017511
0.019234
0.019548
0.019564
0.019860
0.020065
0.021733
0.021656
0.024579
0.025596
0.028230
0.029553
0.029230
0.029917
0.029883
0.033936
0.033700
0.034286
0.030142
0.032687
0.031797
0.030627
0.029942
0.027632
0.025198
0.021722
0.022089
0.021400
0.022973
0.022337
0.023812
0.024055
0.023761
0.024416
0.023028
0.022343
0.021230
0.021271
0.021504
0.019981
0.025893
0.026016
0.022808
0.023190
0.024710
0.024015
0.028197
0.027068
0.022923
0.022684
0.021339
0.020838
0.021459
0.019590
0.020527
0.017502
0.016917
0.017405
0.017308
0.014194
0.014961
0.014169
0.016502
0.017119
0.024856
0.025412
0.028468
0.032562
0.033345
0.028433
0.028634
0.028134
0.023061
0.022170
0.024867
0.024967
0.022453
0.025182
0.023102
0.027465
0.027331
0.023016
0.022795
0.020643
0.020011
0.019909
0.016767
0.016834
0.012217
0.012894
0.010605
0.010954
0.012055
0.014376
0.016856
0.017742
0.017087
0.016989
0.017249
0.015162
0.018959
0.011016
0.011036
0.011408
0.011918
0.016789
0.014967
0.021991
0.021751
0.021549
0.021255
0.023491
0.023717
0.023338
0.024550
0.028872
0.028613
0.028161
0.029151
0.033380
0.032093
0.034741
0.034380
0.037647
0.037624
0.037046
0.038042
0.036145
0.036735
0.036066
0.035773
0.037096
0.037059
0.036263
0.036059
0.035946
0.040693
0.041463
0.040862
0.041680
0.041603
0.037681
0.037199
0.032943
0.032867
0.028930
0.028917
0.026522
0.025213
0.021106
0.022497
0.016035
0.016035
0.021301
0.021818
0.029359
0.030404
0.033923
0.035105
0.041199
0.041250
0.042091
0.040711
0.039956
0.036625
0.036687
0.039432
0.034689
0.034672
0.029198
0.029203
0.020501
0.020770
0.020986
0.019701
0.020286
0.021258
0.027051
0.028561
0.033718
0.038630
0.036096
0.039765
0.041696
0.040248
0.037837
0.038983
0.040071
0.036275
0.036027
0.032444
0.026070
0.026685
0.021279
0.021343
0.029655
0.029540
0.031699
0.032052
0.025015
0.030648
0.027492
0.036119
0.035288
0.030520
0.031626
0.026501
0.026150
0.024083
0.029366
0.031932
0.033638
0.027614
0.028271
0.026319
0.027016
0.031559
0.030639
0.029529
0.028525
0.021837
0.022199
0.022330
0.020970
0.021259
0.017948
0.018290
0.014900
0.017517
0.018126
0.016870
0.017286
0.017704
0.022404
0.023916
0.024394
0.030921
0.031268
0.039727
0.044405
0.044264
0.046158
0.048463
0.049585
0.044404
0.045636
0.038962
0.038268
0.034300
0.026371
0.024936
0.032794
0.032033
0.032038
0.032343
0.030033
0.027068
0.027244
0.024665
0.023694
0.018999
0.019150
0.018897
0.019070
0.022668
0.017549
0.019162
0.018003
0.025565
0.026129
0.033107
0.034681
0.033536
0.026341
0.026549
0.020228
0.020232
0.025657
0.024479
0.022631
0.023669
0.020306
0.019259
0.020415
0.020016
0.020128
0.024078
0.025031
0.027574
0.031335
0.030715
0.030913
0.026508
0.032043
0.032580
0.038861
0.038276
0.030783
0.030224
0.030220
0.028748
0.029514
0.024601
0.020762
0.023824
0.023063
0.026354
0.026367
0.020085
0.020202
0.020316
0.019904
0.018798
0.018822
0.020933
0.020456
0.025444
0.025024
0.028314
0.027919
0.028854
0.033424
0.031201
0.025007
0.026515
0.025473
0.023255
0.023955
0.028186
0.024016
0.023723
0.024744
0.024937
0.023533
0.032058
0.022896
0.021260
0.023501
0.024534
0.023970
0.023335
0.024336
0.025161
0.032738
0.031684
0.025999
0.026268
0.023789
0.024639
0.023962
0.019829
0.017191
0.020499
0.020316
0.021333
0.024448
0.027680
0.028080
0.030262
0.030934
0.030935
0.030353
0.024062
0.024267
0.024286
0.024723
0.020529
0.021232
0.028742
0.027891
0.028284
0.031917
0.030780
0.026191
0.028554
0.023216
0.023493
0.027552
0.028470
0.027994
0.033222
0.028489
0.028168
0.028026
0.027801
0.027581
0.023922
0.025018
0.020903
0.023794
0.025507
0.032310
0.033686
0.036127
0.032086
0.033298
0.041828
0.034513
0.028094
0.028053
0.026528
0.026529
0.025298
0.025356
0.017350
0.017536
0.017638
0.019099
0.027143
0.028349
0.027256
0.035363
0.034344
0.034200
0.032169
0.032708
0.026100
0.017823
0.017479
0.017764
0.019853
0.027290
0.027182
0.028963
0.029010
0.027485
0.026255
0.026726
0.017891
0.026670
0.026028
0.026524
0.033219
0.033134
0.040164
0.036986
0.037224
0.032165
0.032000
0.025747
0.027380
0.026710
0.020200
0.021092
0.016876
0.017655
0.020717
0.020716
0.021700
0.022367
0.022653
0.023488
0.023504
0.026952
0.026902
0.021407
0.022075
0.025812
0.017292
0.017736
0.014876
0.019682
0.020668
0.020599
0.025002
0.024495
0.024301
0.029819
0.029766
0.033051
0.032547
0.033159
0.041009
0.040611
0.034338
0.033202
0.033247
0.028156
0.027401
0.020606
0.022594
0.027809
0.028485
0.033618
0.035054
0.040724
0.039484
0.036399
0.036181
0.043527
0.039397
0.032882
0.033109
0.032984
0.033108
0.026377
0.031179
0.039802
0.029985
0.030429
0.025833
0.031810
0.033418
0.032048
0.031787
0.023748
0.024750
0.027306
0.032458
0.031434
0.033498
0.032218
0.026190
0.025048
0.025450
0.032725
0.031797
0.031412
0.031380
0.032990
0.033065
0.032895
0.026022
0.023823
0.024996
0.021668
0.022334
0.019129
0.019395
0.019127
0.018593
0.023088
0.026757
0.027684
0.030821
0.028092
0.027158
0.023477
0.023756
0.023193
0.023870
0.027534
0.026341
0.026232
0.023473
0.022459
0.023093
0.024966
0.023730
0.023542
0.020399
0.020137
0.025527
0.024045
0.028154
0.026589
0.026920
0.027376
0.027361
0.026833
0.028150
0.027716
0.027986
0.024490
0.022447
0.024071
0.023823
0.024121
0.022973
0.023869
0.020091
0.022669
0.023708
0.024641
0.029289
0.027973
0.034558
0.033535
0.028695
0.028428
0.023125
0.024603
0.028908
0.030811
0.032284
0.034574
0.033835
0.029143
0.034948
0.034981
0.028689
0.027261
0.026392
0.026844
0.024525
0.019772
0.021601
0.022788
0.024102
0.027859
0.022470
0.025601
0.027876
0.028593
0.027467
0.024909
0.023177
0.022830
0.019472
0.024133
0.023098
0.026633
0.028965
0.029816
0.029266
0.030499
0.030229
0.029218
0.029144
0.030176
0.027945
0.022937
0.026413
0.022585
0.023443
0.022768
0.023940
0.020062
0.023045
0.023961
0.024713
0.027811
0.027262
0.026302
0.026537
0.027898
0.024043
0.022555
0.028033
0.023138
0.021909
0.025386
0.029692
0.029548
0.028147
0.029511
0.029293
0.026005
0.026601
0.022842
0.019986
0.023640
0.023612
0.028312
0.024071
0.023377
0.019651
0.022891
0.024098
0.024259
0.024179
0.027346
0.026885
0.023075
0.023678
0.028047
0.031594
0.031509
0.034249
0.035337
0.034825
0.041675
0.042600
0.041910
0.041354
0.048044
0.050068
0.049839
0.049332
0.057693
0.056593
0.053147
0.052012
0.053037
0.054188
0.054006
0.057019
0.052913
0.048240
0.047669
0.040342
0.040986
0.032917
0.033061
0.033879
0.041626
0.040844
0.040156
0.047537
0.049887
0.048115
0.047164
0.039851
0.033732
0.032387
0.032045
0.031990
0.026542
0.025026
0.028698
0.029502
0.030358
0.029471
0.032421
0.032241
0.032829
0.033274
0.025879
0.025982
0.025966
0.023275
0.028630
0.031315
0.030814
0.029651
0.026463
0.026209
0.032203
0.032380
0.039411
0.040416
0.039136
0.039007
0.035352
0.035688
0.027203
0.029155
0.028542
0.032592
0.031756
0.031826
0.032464
0.036619
0.039900
0.046934
0.047826
0.048041
0.048669
0.038816
0.043697
0.043952
0.042824
0.043204
0.036566
0.031957
0.032257
0.030963
0.025843
0.026850
0.021937
0.022275
0.022416
0.026254
0.029378
0.027865
0.028988
0.025965
0.023027
0.021877
0.021257
0.018013
0.016979
0.013662
0.014709
0.016307
0.017219
0.018356
0.017561
0.018275
0.021658
0.018049
0.021464
0.026958
0.027589
0.030830
0.029914
0.030356
0.029482
0.035116
0.035639
0.042227
0.035116
0.037030
0.031479
0.028641
0.028886
0.024730
0.022437
0.018752
0.023770
0.023001
0.021679
0.021867
0.021974
0.018836
0.017783
0.018451
0.015124
0.018215
0.017564
0.025592
0.026448
0.025808
0.031047
0.025355
0.021866
0.021387
0.025382
0.025208
0.034781
0.027491
0.028692
0.027119
0.028770
0.028287
0.025111
0.021020
0.022833
0.022028
0.021776
0.021510
0.025985
0.025467
0.028880
0.027104
0.030728
0.027187
0.026685
0.031335
0.028615
0.028220
0.027547
0.027755
0.021919
0.028234
0.024973
0.021336
0.021551
0.021501
0.021752
0.021629
0.019529
0.023503
0.023862
0.027874
0.033906
0.039856
0.035550
0.029156
0.023592
0.020229
0.016021
0.013871
0.016490
0.013908
0.022063
0.021745
0.025014
0.028398
0.027624
0.032798
0.027687
0.028274
0.020122
0.026383
0.025335
0.025005
0.025367
0.021280
0.021646
0.020903
0.024631
0.025266
0.028575
0.032952
0.030282
0.030799
0.021457
0.021174
0.017069
0.025394
0.025638
0.025409
0.021755
0.020619
0.016732
0.016912
0.016447
0.016396
0.016939
0.014150
0.014227
0.013828
0.016500
0.014035
0.017887
0.020552
0.020130
0.018644
0.020067
0.019647
0.017689
0.021303
0.020815
0.021312
0.025019
0.024968
0.024508
0.034470
0.033748
0.041307
0.030257
0.030281
0.021501
0.024333
0.024794
0.020720
0.020522
0.016398
0.014522
0.013663
0.013560
0.016968
0.017191
0.021128
0.021988
0.016140
0.016806
0.017622
0.017816
0.021594
0.020727
0.025195
0.024695
0.025178
0.025125
0.019636
0.024449
0.024572
0.025236
0.024355
0.021744
0.021607
0.021351
0.020900
0.021817
0.025667
0.024904
0.025015
0.025238
0.025668
0.040675
0.029109
0.031241
0.021042
0.020550
0.018243
0.013536
0.017851
0.020430
0.016827
0.018377
0.019560
0.020416
0.020106
0.020594
0.022954
0.023555
0.019765
0.020084
0.017094
0.020975
0.020642
0.020778
0.020988
0.020689
0.019698
0.019783
0.017100
0.021688
0.016995
0.013452
0.021328
0.021471
0.024689
0.023703
0.026457
0.027817
0.029217
0.028736
0.028975
0.028663
0.027010
0.027152
0.025727
0.021582
0.020631
0.020870
0.016421
0.016761
0.020166
0.020275
0.022768
0.027803
0.027511
0.026694
0.026664
0.033585
0.033910
0.027216
0.027322
0.024233
0.024056
0.023379
0.020321
0.019364
0.020131
0.019058
0.019449
0.019983
0.020158
0.017030
0.016729
0.019487
0.020342
0.016857
0.020231
0.025949
0.024945
0.025427
0.030643
0.029874
0.024866
0.024588
0.020446
0.020722
0.020633
0.016274
0.020551
0.018804
0.024397
0.023707
0.028256
0.029536
0.030265
0.037185
0.046769
0.046370
0.035431
0.028587
0.025686
0.020067
0.016959
0.021701
