0.000000
0.000000
0.100000
0.600000
1.166667
1.766667
2.347885
3.273985
4.239179
5.223975
6.213490
7.204513
8.260091
9.250173
10.215514
10.980835
11.895486
12.877096
13.901603
14.739184
15.435623
16.436175
17.394743
18.337435
19.289690
20.085530
20.939551
21.929419
22.918434
23.859401
24.829124
25.722392
26.309931
27.103517
28.061503
28.836010
29.417570
30.190845
31.238062
32.158295
33.212150
34.169325
35.136770
36.111836
37.013823
37.973688
38.952536
39.931191
40.829536
41.807923
42.789180
43.692927
44.676098
45.547888
46.389732
47.379044
48.338591
49.285235
50.327221
51.232191
52.216832
53.202272
54.162433
54.780818
55.546772
56.496889
57.470348
58.459036
59.447606
60.434247
61.382817
62.428339
63.400238
64.390147
65.377863
66.346067
67.323880
68.363743
69.350381
70.302034
71.286200
72.257874
73.248742
74.223976
75.273036
76.223713
77.211194
78.092172
78.809244
79.683507
80.667516
81.718667
82.618384
83.556649
84.370779
85.191751
86.175307
87.227317
88.211420
89.199047
90.184817
91.177625
92.183414
93.178093
94.233574
95.205003
96.188290
97.175832
98.143290
99.133572
100.181619
101.005951
101.726099
102.706342
103.673461
104.637018
105.595356
106.572741
107.470667
108.152963
108.620092
109.307557
109.825703
110.530977
111.502877
112.485955
113.463908
114.348766
115.298412
116.249323
117.227269
118.215500
119.188134
120.025248
120.915171
121.895514
122.821160
123.856316
124.440919
124.677022
125.280742
126.243064
127.222021
128.279395
129.268497
130.253150
131.246984
132.218119
133.207922
134.188696
135.217173
136.121674
137.027810
137.428403
138.016321
138.808608
139.355542
140.069543
140.967572
141.949569
142.939124
143.956224
144.951379
146.020226
147.010067
148.000218
148.978144
149.957489
150.902122
151.884635
152.938650
153.932167
154.922388
155.843575
156.724354
157.580170
158.595438
159.432856
160.356451
160.901681
161.467707
162.384753
163.369562
164.298265
165.079353
166.070873
167.058158
168.046527
169.004947
169.758324
170.416842
171.378006
172.348768
173.014568
173.880063
174.856434
175.775827
176.682951
177.494357
178.446840
179.433988
180.418153
181.409617
182.465092
183.387359
184.444484
185.407302
186.373024
187.189966
188.009525
188.972749
189.961677
190.953582
191.939421
192.921230
193.798411
194.686792
195.529620
196.489994
197.472519
198.453411
199.443267
200.419474
201.471627
202.454619
203.442683
204.430603
205.413839
206.378876
207.385454
208.108034
208.700406
209.683913
210.648512
211.676974
212.666144
213.705706
214.647115
215.525300
216.507132
217.121645
217.685983
218.705027
219.692500
220.663914
221.634674
222.596944
223.570757
224.564213
225.611690
226.637344
227.629649
228.607816
229.593607
230.550680
231.536690
232.592951
233.575340
234.553073
235.532348
236.511548
237.446039
238.359316
239.364292
240.344927
241.335122
242.305447
243.294850
244.222609
245.220440
246.150875
247.069139
247.923760
248.532274
249.465623
250.488150
251.087032
251.771053
252.773039
253.545476
254.259974
255.041666
255.920286
256.969560
257.946406
258.906962
259.868611
260.805876
261.748867
262.747884
263.649594
264.630328
265.573350
266.546295
267.529864
268.575049
269.557554
270.531467
271.527218
272.500751
273.490008
274.474583
275.479230
276.472455
277.291123
277.439898
277.654678
278.474556
279.451667
280.036540
280.900709
281.888424
282.876453
283.860244
284.846999
285.899800
286.889718
287.879766
288.867283
289.852834
290.751101
291.513186
292.353627
293.291904
294.278822
295.262832
296.253743
297.243255
298.295222
299.251065
300.204532
300.954205
301.728967
302.696529
303.684811
304.731945
305.721744
306.705931
307.697907
308.525440
309.264110
310.341926
311.303722
312.298679
313.285386
314.262975
315.232047
316.185966
317.219531
318.198172
318.800471
319.329268
320.266628
321.254038
322.078590
322.634546
323.536523
324.516272
325.496999
326.453588
327.371749
327.870792
328.614815
329.525253
330.405009
331.288397
332.207768
332.893716
333.932872
334.893404
335.879395
336.861665
337.750688
338.656807
339.620872
340.118048
340.909255
341.882284
342.662589
343.524399
344.512146
345.567712
346.556205
347.534871
348.506970
349.341455
350.239606
351.040536
352.066246
352.918349
353.605786
354.532788
355.523363
356.453933
357.272571
358.242750
359.232238
360.189176
361.175582
362.057284
363.001171
364.025521
364.952710
365.927217
366.865104
367.850752
368.622149
368.622149
368.746880
369.477887
370.465064
371.450057
372.439682
373.425706
374.482692
375.463644
376.453284
377.438884
378.407392
379.382098
380.180304
380.908086
381.905162
382.886415
383.841893
384.694776
385.685143
386.609641
387.558396
388.532334
389.481138
390.317222
391.215631
392.203073
393.193105
394.169757
395.115381
396.103248
397.071237
398.062705
399.115269
400.006406
400.940740
401.759141
402.737339
403.664568
404.614843
405.627338
406.627306
407.611379
408.530556
409.171618
409.987805
410.976482
412.035163
413.033935
414.013422
415.005369
415.986792
416.979343
418.017030
418.918126
419.805173
420.723213
421.699368
422.561183
423.356281
424.310333
425.272820
426.197684
426.915432
427.902487
428.882197
429.832224
430.804323
431.798549
432.785620
433.775613
434.598216
435.424822
436.471121
437.458459
438.446208
439.432462
440.418984
441.396913
442.386343
443.416980
444.405992
445.318734
445.992916
446.834080
447.823914
448.880916
449.863780
450.933571
451.904365
452.889779
453.858332
454.839532
455.861842
456.832550
457.817924
458.735340
459.633928
460.630363
461.693029
462.699432
463.646604
464.501741
465.452380
466.405773
467.372710
468.383262
469.331830
470.196589
470.835498
471.785912
472.781456
473.765826
474.761168
475.808650
476.721539
477.496778
478.031104
478.934309
479.985889
480.972466
481.961667
482.948397
483.934430
484.858480
485.848655
486.889955
487.871432
488.860377
489.777076
490.393464
491.083816
491.930492
492.646084
493.576386
494.543126
495.519227
496.501215
497.286066
498.111100
498.766742
499.337181
500.100281
500.787614
501.711859
502.700779
503.721258
504.011150
504.464902
505.402329
506.379539
507.357400
508.407353
509.362626
510.350243
511.341737
512.314001
513.268281
514.257753
515.307424
516.283038
517.273054
518.258688
519.205592
519.810892
520.183801
520.813906
521.691477
522.387397
523.285172
524.253506
524.973452
525.753497
526.562641
527.513902
528.200788
529.115818
530.173919
530.951926
531.930249
532.687755
533.676217
534.538625
535.498498
536.435409
537.432815
538.491622
539.479680
540.463537
541.411446
542.307366
543.092178
544.094157
545.078034
546.056926
547.049930
548.008058
548.997136
550.052823
551.039652
552.028281
553.017335
554.003012
554.999771
555.937821
556.993686
557.982709
558.967637
559.953097
560.875307
561.760765
562.735780
563.694558
564.642520
565.584236
566.418560
567.272450
568.027875
568.878168
569.797234
570.651703
571.448543
571.989863
572.428244
572.866460
573.853216
574.829410
575.658159
576.630282
577.617060
578.486988
579.303450
580.260654
581.087835
581.936112
582.795679
583.691955
584.680571
585.531179
586.553971
587.501165
588.462841
589.331811
590.322439
591.299872
592.348489
593.325499
594.315794
595.305779
596.290115
597.271599
598.327190
599.303260
600.264488
601.249677
602.209448
603.148388
604.043080
605.008825
605.818708
606.743442
607.609140
608.606610
609.546980
610.529792
611.548177
612.320311
613.064312
613.913670
614.901073
615.832294
616.736207
617.703321
618.732606
619.713199
620.757915
621.729988
622.354258
622.354258
622.357513
622.710981
623.608820
624.602978
625.592650
626.628098
627.600525
628.525702
629.514685
630.453818
631.401767
632.274977
633.308842
634.248665
635.190810
636.166023
637.023252
637.664848
638.484106
639.480734
640.460105
641.323560
642.241872
643.227702
644.214230
645.269592
646.163515
646.891166
647.598833
648.591645
649.641472
650.562291
651.621939
652.602036
653.591363
654.513707
655.322625
656.311741
657.341446
658.256067
659.244874
660.068748
660.896235
661.916826
662.928529
663.907891
664.813499
665.799208
666.781523
667.771350
668.756167
669.595992
670.417436
671.386138
672.229151
673.151485
674.132338
675.084014
676.008375
676.996636
677.957487
678.951636
679.913076
680.903547
681.953265
682.946966
683.901003
684.830021
685.531537
686.526263
687.506329
688.548256
689.511118
690.499286
691.611988
692.466012
693.457836
694.448668
695.417541
695.649646
695.649646
695.649646
695.649646
695.649646
695.649646
695.649646
695.649646
695.649646
695.713695
696.338937
697.323363
698.366374
699.343803
700.088404
700.373580
700.373580
700.377687
700.754194
701.717019
702.707992
703.760646
704.676371
705.622754
706.617052
707.674121
708.342398
709.191879
709.834615
710.047198
710.850615
711.845588
712.898355
713.889111
714.875796
715.866382
716.844766
717.498270
718.210425
719.180294
720.156807
721.133726
722.112441
723.057204
724.035013
725.067745
725.919866
726.954628
727.925118
728.909440
729.900291
730.881313
731.763446
732.312267
733.285657
734.189964
735.170894
736.008113
736.979513
737.755278
738.697320
739.564258
740.544491
741.524453
742.434146
743.490856
744.302654
745.374651
746.334499
747.316917
748.226051
749.178387
750.077857
751.015575
751.649935
752.412174
753.413088
754.341535
755.386829
756.262063
756.826529
756.884440
756.884440
756.884440
756.884440
756.884440
756.884440
756.884440
756.884440
757.071532
757.868666
758.909834
759.889431
760.861762
761.604644
762.400748
763.387922
764.377823
765.422880
766.401910
767.356641
768.421697
769.296595
770.169003
771.129955
772.178659
773.158046
774.205580
775.119992
776.091860
777.081446
777.842000
778.545318
779.475570
780.496274
781.497858
782.473631
783.338436
784.096843
785.019607
786.015594
786.966563
787.750429
788.621945
789.641443
790.595406
791.399373
792.188083
793.179056
794.110824
794.947092
796.024259
796.991179
797.853619
798.430476
799.300473
800.170702
801.191693
802.131654
803.102031
803.981878
804.890248
805.872479
806.852396
807.832379
808.869754
809.848127
810.700454
810.879870
810.879870
810.879870
811.146945
811.996518
812.988158
813.977228
814.963081
815.920454
816.758388
817.712111
818.705135
819.695439
820.684725
821.544598
822.428186
823.473865
824.411015
825.225529
825.897102
826.886857
827.850184
828.899656
829.846072
830.693073
831.431943
832.075238
832.886236
833.815101
834.825448
835.468191
836.118206
837.063457
837.945705
838.812007
839.743690
840.794540
841.704759
842.692885
843.680640
844.639085
845.625413
846.628792
847.413811
848.373521
849.348957
850.326859
851.306562
852.230535
853.248726
854.241614
855.231779
856.222107
857.210185
858.201257
859.128539
860.065676
861.018880
861.915860
862.911207
863.846209
864.730351
865.717490
866.637921
867.512417
868.193652
868.933896
869.797866
870.741687
871.487270
872.074256
872.885777
873.869048
874.859102
875.839381
876.799129
877.654024
878.432735
879.186175
880.160284
881.144282
882.006979
883.030585
884.000550
884.977794
885.903969
886.810686
887.687347
888.260573
888.674285
889.282934
889.875184
890.263064
890.269053
890.269053
890.320293
890.908054
891.878715
892.851683
893.803467
894.843948
895.705641
896.659014
897.642119
898.631606
899.550296
900.385099
901.365225
902.303624
903.302877
904.261710
905.208238
905.821689
906.615873
907.508311
908.043490
908.733625
909.713245
910.668046
911.336740
911.742743
912.651103
913.621926
914.607674
915.557616
916.535518
917.388243
918.387883
919.348393
920.275888
921.280603
922.275931
923.220930
924.106224
925.082458
925.892555
926.367991
927.006791
927.881348
928.756215
929.751678
930.742007
931.767038
932.672463
933.661006
934.648887
935.595052
936.562962
937.592972
938.613895
939.517694
940.494650
941.405119
942.242383
943.120887
943.931432
944.917881
945.843279
946.809868
947.658702
948.470059
949.824604
951.100635
952.083808
953.062291
953.999861
954.740537
955.585786
956.607118
957.595442
958.576604
959.524086
960.511029
961.499793
962.549412
963.527276
964.488608
965.331090
966.250405
966.779633
967.450898
968.490532
969.391673
970.308694
971.289991
972.262805
973.203005
974.249154
975.133067
976.117751
976.551792
977.106692
977.998715
978.892234
979.909494
980.870182
981.853745
982.809427
983.650304
984.604832
985.203403
985.350520
985.350520
985.350520
985.361159
985.794400
986.699785
987.749656
988.726877
989.720917
990.673874
991.622597
992.394817
993.229466
994.283561
995.208104
996.113153
996.659396
997.273269
997.728599
998.602487
999.573694
1000.494931
1001.484471
1002.471556
1003.460822
1004.441806
1005.481381
1006.462814
1007.308429
1007.720499
1007.720499
1007.720499
1007.720499
1007.720499
1007.720499
1007.720499
1007.720499
1007.979059
1008.621878
1008.893161
1009.286594
1009.989140
1010.931338
1011.940230
1012.922273
1013.895754
1014.952905
1015.943530
1016.904068
1017.894854
1018.819503
1019.681456
1020.728803
1021.698232
1022.680191
1023.627771
1024.531263
1025.487100
1026.477493
1027.467545
1028.177935
1029.103787
1030.121453
1031.104428
1032.039789
1033.030610
1034.087435
1035.051000
1036.022344
1036.971639
1037.962661
1038.812760
1039.205182
1039.961801
1040.939723
1041.934150
1042.800991
1043.722600
1044.693550
1045.590871
1046.491995
1047.368287
1048.339109
1049.329818
1050.291355
1051.221796
1052.149093
1053.152922
1054.156800
1054.286686
1054.571474
1055.351330
1056.394019
1057.386627
1058.371648
1059.359238
1060.353652
1061.333526
1062.307481
1063.347038
1064.255478
1065.037612
1065.580201
1066.381282
1067.368775
1068.421362
1069.378954
1070.345550
1071.270762
1072.144565
1073.115973
1074.070506
1075.131393
1075.973354
1076.784465
1077.685167
1078.666459
1079.575368
1080.577658
1081.563966
1082.547028
1083.468138
1084.376970
1085.303439
1086.257845
1087.303164
1087.999183
1088.260845
1088.668170
1089.384102
1090.383191
1091.321764
1092.367905
1093.340685
1094.250071
1094.754123
1094.754123
1094.754123
1094.854717
1095.539888
1096.518742
1097.469880
1098.453290
1099.252423
1100.163257
1101.212857
1102.204639
1103.176852
1104.163172
1105.114197
1106.102245
1107.159348
1108.139448
1109.120467
1110.098440
1111.059576
1111.671226
1112.195126
1113.023796
1113.864066
1114.480980
1114.907116
1115.314598
1116.119134
1117.008978
1118.034558
1119.018337
1119.917810
1120.831600
1121.806456
1122.699429
1123.469297
1124.162629
1124.945541
1125.692949
1126.645824
1127.630751
1128.551999
1129.278952
1130.120087
1131.106643
1131.958614
1132.569992
1133.380720
1134.132792
1134.561390
1135.410012
1136.297007
1136.992195
1137.963546
1138.892816
1139.947157
1140.913835
1141.803569
1142.789111
1143.746665
1144.636574
1145.562817
1146.586794
1147.570378
1148.494830
1149.421772
1150.137475
1151.104046
1152.096711
1153.086686
1153.874889
1154.468713
1155.436230
1156.408472
1157.425907
1158.266103
1159.086241
1160.012534
1160.952776
1161.388474
1161.388474
1161.762730
1162.615277
1163.628023
1164.599560
1165.542985
1166.506921
1167.479055
1168.500965
1169.490733
1170.422301
1171.342395
1172.338502
1173.289771
1174.244756
1175.243259
1175.971678
1176.760039
1177.570841
1178.482950
1179.293736
1180.015462
1181.007104
1181.983794
1182.954842
1183.876384
1184.926042
1185.791239
1186.748624
1187.782622
1188.677206
1189.615259
1190.079456
1190.079456
1190.079456
1190.079456
1190.080925
1190.396246
1191.280105
1192.281076
1193.259915
1194.194147
1194.822921
1194.839305
1194.839305
1194.839305
1194.887338
1195.467693
1196.511679
1197.480470
1198.455821
1198.799472
1198.799472
1198.799472
1198.799472
1198.799472
1198.799472
1198.799472
1198.799472
1198.799472
1198.799472
1198.799472
1198.799472
1198.799472
1198.799472
1198.926044
1199.661021
1200.748580
1201.697219
1202.687313
1203.672904
1204.659847
1205.715775
1206.638554
1207.719880
1208.422342
1209.395680
1210.340324
1211.230793
1212.179998
1212.991828
1214.008214
1215.000601
1215.986306
1216.936369
1217.854298
1218.844418
1219.893910
1220.781575
1221.598342
1222.212490
1223.041199
1223.991987
1224.951981
1225.724323
1226.493355
1227.291064
1228.252631
1229.223432
1230.126281
1231.157439
1232.080502
1232.897008
1233.796943
1234.762194
1235.716362
1236.562992
1237.604281
1238.517015
1239.500199
1240.480549
1241.284082
1242.060206
1242.952029
1243.945622
1244.767164
1245.759955
1246.737057
1247.735783
1248.745713
1249.816724
1250.686665
1251.545151
1252.558568
1253.517561
1254.447598
1255.318781
1256.384592
1257.309251
1258.264060
1259.188935
1259.904461
1260.884377
1261.847236
1262.717336
1263.693756
1264.536995
1265.199431
1265.819815
1266.496305
1267.439811
1268.353327
1269.318776
1270.296905
1271.247180
1271.959847
1272.687126
1273.699347
1274.653420
1275.333701
1276.108881
1276.836474
1277.585952
1278.621451
1279.601858
1280.554654
1281.522830
1282.486680
1283.433126
1284.203979
1285.176270
1286.067707
1287.046784
1287.790149
1288.196520
1288.884430
1289.564326
1290.452749
1291.283924
1292.077342
1293.103395
1294.058548
1295.043925
1296.087005
1296.884490
1297.626070
1298.551099
1299.330373
1300.173990
1301.136041
1302.143104
1303.112882
1304.050456
1305.034532
1306.003700
1306.966223
1308.009018
1308.973408
1309.963421
1310.954110
1311.898334
1312.869062
1313.742774
1314.703381
1315.652362
1316.192368
1316.811030
1317.762710
1318.727886
1319.770504
1320.533756
1321.315299
1322.297226
1323.276665
1324.250503
1325.221681
1326.248325
1327.232208
1328.219869
1329.209136
1330.200733
1331.186901
1332.178603
1333.074441
1333.811754
1334.750810
1335.735728
1336.554466
1337.258302
1338.258235
1339.243785
1340.225727
1341.154577
1342.147749
1343.138421
1344.102534
1345.055837
1346.030362
1346.864431
1347.825611
1348.683154
1349.603815
1350.651176
1351.637713
1352.617327
1353.597244
1354.588762
1355.538180
1356.351727
1356.797733
1357.565255
1358.461720
1359.445589
1360.357180
1361.327336
1362.166376
1363.005958
1363.876038
1364.865347
1365.758314
1366.682931
1367.664514
1368.674627
1369.374842
1370.361578
1371.331254
1372.259424
1372.952719
1372.952719
1372.952719
1372.956597
1373.338705
1374.217457
1375.204038
1376.193862
1377.224648
1378.148470
1379.130924
1379.997544
1380.939551
1381.932928
1382.931400
1383.985746
1384.963425
1385.950632
1386.884501
1387.816293
1388.742282
1389.711300
1390.433904
1391.328235
1392.311238
1393.291347
1394.282086
1395.266512
1396.246918
1397.277219
1398.275772
1399.243595
1400.232192
1401.208328
1402.164741
1403.121864
1404.138432
1405.079696
1406.066208
1407.011189
1407.805536
1408.542271
1409.108686
1409.731388
1410.528447
1411.505746
1412.427049
1413.326266
1414.229534
1414.920795
1415.938365
1416.788907
1417.753385
1418.678778
1419.666414
1420.722707
1421.639253
1422.558408
1423.537465
1424.518437
1425.493551
1426.542665
1427.472629
1428.449824
1429.365124
1430.332491
1431.203814
1432.170902
1433.207119
1434.182966
1435.143383
1436.125294
1437.101896
1438.081013
1439.092832
1440.082672
1440.966713
1441.921463
1442.510859
1443.016483
1443.950073
1444.848227
1445.743507
1446.713222
1447.710826
1448.654787
1449.592794
1450.564752
1451.508598
1452.411815
1453.400476
1454.343425
1455.248066
1456.265297
1457.112307
1457.882484
1458.760073
1459.577731
1460.536432
1461.467840
1462.450151
1463.435009
1464.288713
1465.088265
1466.068964
1467.023560
1467.975985
1469.013049
1469.994821
1470.956106
1471.921019
1472.850600
1473.685155
1474.310092
1475.345789
1476.316779
1477.308181
1478.125095
1478.639806
1479.356467
1480.181430
1481.116840
1481.987694
1483.001937
1483.786461
1484.728667
1485.672505
1486.722786
1487.713334
1488.679042
1489.666280
1490.651399
1491.632571
1492.619437
1493.662816
1494.645305
1495.552154
1496.547267
1497.521419
1498.455753
1499.510431
1500.495073
1501.477585
1502.465189
1503.428810
1504.264801
1505.200355
1506.189643
1507.119013
1507.957542
1508.835148
1509.680829
1510.655243
1511.508452
1512.547927
1513.518292
1514.320417
1515.118106
1516.085625
1516.964157
1518.005980
1518.897749
1519.883464
1520.850048
1521.676294
1522.572244
1523.368281
1524.263010
1525.196013
1526.083119
1527.077004
1527.996799
1528.976484
1529.981948
1530.815316
1531.803751
1532.755154
1533.741825
1534.639264
1535.272131
1536.102270
1536.841928
1537.839270
1538.810071
1539.788395
1540.769450
1541.647789
1542.613097
1543.437333
1544.301437
1545.290416
1546.260616
1547.250523
1548.300150
1549.285233
1550.224427
1551.238780
1552.225889
1553.182252
1554.156168
1555.170511
1556.094379
1557.097974
1558.030912
1559.013082
1559.893039
1560.896002
1561.255112
1561.255112
1561.255112
1561.262308
1561.662498
1562.585407
1563.636787
1564.607615
1565.598562
1566.554032
1567.242669
1567.771099
1568.345904
1568.801211
1569.628585
1570.747313
1571.442639
1571.917767
1572.917380
1573.771351
1574.753826
1575.688716
1576.752504
1577.629551
1578.424137
1579.426367
1580.465268
1581.424557
1582.415697
1583.376418
1584.358232
1585.321294
1586.325029
1587.274662
1588.257245
1589.248735
1590.236962
1591.326462
1592.219340
1593.272731
1594.194779
1595.246347
1596.367866
1597.075567
1597.503155
1598.281230
1599.079730
1599.754337
1600.190362
1600.994529
1601.959361
1602.885929
1603.930719
1604.905811
1605.894716
1606.865999
1607.844158
1608.673067
1609.650857
1610.425807
1611.334176
1612.239961
1613.135583
1614.075874
1615.055112
1616.041104
1616.953993
1617.915314
1618.868152
1619.854694
1620.840580
1621.893069
1622.867925
1623.854733
1624.413711
1624.413711
1624.413711
1624.413711
1624.413711
1624.413711
1624.413711
1624.422774
1624.808486
1625.732143
1626.733013
1627.791704
1628.727438
1629.709462
1630.668596
1631.615676
1632.603752
1633.591354
1634.646628
1635.616743
1636.582175
1637.567642
1638.405371
1639.376238
1640.426616
1641.326475
1642.307104
1643.234500
1644.110122
1645.102214
1645.985164
1646.904597
1647.744699
1648.711449
1649.670748
1650.604935
1651.403182
1652.234857
1653.022565
1653.718889
1654.607275
1655.588124
1656.557145
1657.504282
1658.558893
1659.459910
1660.226283
1661.185969
1662.236707
1663.202533
1664.189661
1665.058077
1666.016993
1666.992307
1667.760205
1668.174583
1668.917180
1669.892630
1670.713206
1671.617806
1672.608375
1673.579348
1674.572128
1675.556932
1676.608885
1677.577094
1678.546500
1679.488450
1680.470789
1681.461139
1682.434053
1683.478752
1684.452958
1685.413369
1686.332092
1687.331069
1688.315757
1689.312494
1690.045867
1691.021167
1692.011564
1692.987394
1693.964420
1694.937358
1695.864777
1696.789920
1697.779708
1698.971912
1700.122293
1701.088001
1702.141450
1703.125387
1704.110847
1705.035053
1706.037099
1707.018182
1707.994401
1708.922074
1709.977724
1710.956569
1711.943022
1712.929274
1713.912448
1714.901769
1715.853716
1716.840707
1717.821752
1718.808997
1719.864881
1720.789898
1721.753019
1722.579197
1723.505889
1724.434706
1725.403249
1726.357888
1727.342062
1728.396005
1729.232174
1729.596617
1730.046427
1730.643801
1730.858435
1730.858435
1730.858435
1730.858435
1730.858435
1730.858435
1730.858435
1730.927349
1731.623116
1732.601508
1733.591504
1734.582472
1735.572467
1736.197882
1736.197882
1736.197882
1736.197882
1736.197882
1736.197882
1736.197882
1736.197882
1736.425729
1737.223653
1738.218485
1739.204867
1740.195357
1741.127541
1741.924756
1742.944268
1743.933839
1744.906965
1745.892590
1746.896963
1747.744211
1748.761175
1749.739911
1750.729688
1751.680950
1752.652189
1753.499866
1754.479112
1755.266272
1756.179480
1757.136850
1758.117638
1759.036754
1760.028116
1760.944258
1761.967513
1762.520260
1762.885818
1763.753593
1764.465703
1764.846976
1765.761036
1766.728143
1767.634935
1768.333896
1769.226994
1770.205689
1770.963231
1771.732200
1772.421479
1773.355755
1774.268094
1775.157506
1776.032507
1777.017307
1778.005500
1778.922434
1779.541279
1779.844069
1780.370642
1781.286855
1782.267612
1783.313450
1784.299943
1785.282653
1786.172173
1787.129268
1788.107484
1789.088777
1790.038387
1790.990336
1791.872697
1792.550012
1793.454084
1794.506794
1795.437246
1796.426339
1797.414616
1798.360704
1799.343354
1800.250684
1801.268354
1802.235908
1803.032926
1803.449145
1804.034073
1804.958240
1805.953891
1806.952089
1807.913866
1808.903379
1809.879115
1810.861361
1811.819939
1812.773423
1813.676404
1814.379227
1814.434918
1814.434918
1814.434918
1814.434918
1814.434918
1814.622918
1815.418720
1816.411741
1817.462086
1818.454894
1819.366964
1820.361519
1821.405151
1822.387777
1823.334334
1824.148113
1825.067009
1826.107648
1827.093182
1828.054039
1829.043265
1830.003528
1830.995699
1832.035999
1832.954872
1833.703338
1834.706066
1835.642676
1836.621394
1837.585438
1838.616509
1839.511484
1840.022400
1840.452423
1840.834543
1841.518985
1842.518390
1843.536073
1844.497498
1845.405868
1846.377878
1847.342720
1848.326704
1849.377333
1850.330306
1851.326713
1852.261691
1853.131458
1853.988406
1854.935186
1855.958397
1856.935998
1857.845688
1858.701881
1859.652580
1860.615271
1861.457645
1862.284021
1863.186349
1864.149131
1865.108961
1865.736922
1866.381163
1867.316783
1868.286074
1869.163688
1870.055776
1870.984477
1871.816364
1872.752048
1873.806036
1874.795312
1875.731499
1876.700078
1877.667572
1878.657882
1879.648285
1880.646003
1881.602220
1882.589928
1883.576644
1884.568205
1885.556064
1886.546622
1887.580066
1888.378586
1889.281674
1890.069928
1891.041883
1892.073233
1893.029227
1893.950381
1894.855395
1895.806441
1896.730109
1897.703403
1898.752433
1899.736868
1900.613742
1901.577157
1902.360361
1902.953307
1903.912557
1904.933426
1905.814513
1906.671285
1907.621363
1908.451705
1909.244403
1910.287589
1911.277303
1912.255964
1913.245115
1914.228669
1915.219439
1916.131747
1916.836293
1917.615506
1918.588687
1919.575401
1920.429125
1921.120217
1922.060435
1923.039819
1924.027358
1925.007005
1925.997746
1926.961643
1927.904149
1928.880087
1929.832172
1930.509781
1931.446921
1932.366913
1933.228448
1934.165192
1935.211800
1936.164980
1937.089032
1938.083406
1938.998151
1939.971615
1940.903281
1941.884953
1942.830245
1943.808473
1944.713517
1945.700337
1946.615796
1947.623953
1948.613512
1949.585473
1950.649057
1950.894840
1950.894840
1950.894840
1950.894840
1950.894840
1950.894840
1950.894840
1950.894840
1950.894840
1950.894840
1950.894840
1950.894840
1951.137322
1951.975995
1952.976025
1953.934345
1954.983217
1955.977608
1956.959638
1957.951136
1958.941612
1959.929790
1960.984646
1961.888083
1962.860433
1963.752535
1964.717877
1965.655497
1966.609774
1967.662039
1968.641812
1969.625074
1970.578239
1971.568367
1972.433556
1973.434067
1974.337063
1975.229325
1976.217192
1977.185789
1978.134824
1979.111754
1980.130536
1981.054291
1981.985616
1982.531306
1983.171420
1984.080333
1985.068432
1986.012086
1986.904356
1987.690544
1988.640187
1989.661667
1990.613666
1991.664936
1992.605858
1993.534898
1994.343849
1995.281111
1996.056174
1996.765495
1997.728609
1998.422084
1999.417045
2000.181337
2000.880914
2001.636479
2002.662927
2003.583700
2004.640102
2005.626044
2006.401846
2007.102302
2008.063134
2009.111624
2009.985448
2010.645626
2011.584628
2012.331936
2013.183425
2014.164000
2015.217324
2016.205937
2017.171681
2018.169145
2019.093594
2020.056856
2021.043808
2021.881467
2022.647336
2023.615439
2024.481883
2025.025265
2025.786562
2026.777054
2027.748926
2028.603564
2029.452416
2030.254724
2031.124530
2032.181041
2033.161044
2034.151137
2035.139565
2036.089297
2037.049318
2038.028649
2038.900498
2039.735968
2040.610533
2041.405290
2042.191049
2043.094454
2044.059948
2045.107383
2046.095006
2046.984798
2047.504327
2048.300186
2049.224706
2050.284510
2051.266634
2052.174721
2052.691454
2053.370348
2054.270711
2055.167947
2056.192838
2057.159259
2058.031402
2059.052270
2060.026995
2061.023098
2062.059205
2062.894088
2063.813255
2064.764587
2065.619213
2066.614268
2067.579001
2068.601954
2069.596772
2070.582546
2071.519460
2072.413024
2073.317303
2074.085629
2075.023414
2075.860290
2076.859786
2077.811241
2078.784693
2079.750110
2080.565208
2081.388451
2082.319351
2082.934690
2083.376391
2083.722268
2084.580614
2085.613600
2086.457666
2087.293823
2088.080943
2089.016261
2090.019108
2090.904553
2091.858890
2092.845178
2093.817593
2094.701287
2095.732090
2096.727494
2097.786786
2098.775393
2099.766484
2100.701003
2101.546025
2102.457492
2103.382248
2104.080869
2104.891202
2105.867880
2106.663657
2107.617734
2108.432838
2109.247666
2110.193321
2111.168357
2112.157640
2113.149701
2114.139755
2115.126568
2116.154900
2116.887041
2117.538177
2118.354627
2119.326668
2120.298374
2121.351905
2122.274182
2123.323767
2124.160402
2125.036169
2125.947938
2126.914169
2127.952040
2128.944303
2129.904918
2130.811496
2131.794701
2132.772669
2133.739192
2134.795722
2135.784459
2136.684393
2137.521341
2138.316660
2139.277118
2140.325701
2141.309808
2142.247668
2143.037484
2143.877443
2144.728862
2145.690866
2146.571899
2147.587566
2148.336140
2148.893644
2149.817672
2150.766752
2151.543390
2152.430377
2153.429755
2154.419738
2155.373942
2156.245442
2157.069697
2157.899848
2158.890376
2159.792897
2160.437095
2161.340178
2162.150694
2162.776260
2163.634931
2164.494821
2165.065132
2165.867184
2166.836824
2167.768063
2168.505011
2169.445988
2170.435901
2171.431934
2172.410755
2173.400457
2174.326046
2175.129226
2176.035069
2176.944801
2177.930769
2178.816897
2179.798595
2180.850474
2181.837714
2182.559230
2182.626842
2183.253463
2184.263305
2185.194660
2186.431118
2187.570661
2188.525765
2189.527715
2190.528000
2191.518602
2192.507158
2193.548390
2194.355121
2195.329583
2196.246640
2196.784879
2197.217517
2197.792866
2198.585481
2199.330855
2200.324512
2201.299184
2202.275936
2203.268675
2204.230112
2205.142689
2206.083413
2206.976707
2207.954494
2208.922368
2209.712799
2210.526465
2211.284845
2211.519707
2212.119927
2212.765103
2213.354303
2214.376206
2215.291589
2216.022310
2217.016305
2217.850417
2218.690298
2219.697996
2220.767974
2221.750606
2222.741179
2223.729604
2224.712395
2225.662944
2226.729138
2227.706371
2228.639828
2229.477310
2230.159973
2231.035549
2231.946827
2232.865343
2233.784741
2234.729266
2235.527430
2236.198568
2236.654091
2237.161245
2237.863066
2238.797230
2239.752418
2240.723610
2241.598691
2242.427368
2243.472870
2244.448856
2245.434833
2246.076465
2246.583968
2247.304655
2247.767380
2248.490966
2249.190430
2249.976358
2251.048050
2251.981656
2252.571299
2253.405266
2254.261564
2254.966381
2255.872271
2256.878010
2257.861602
2258.609600
2259.311550
2260.296494
2261.212592
2262.177089
2262.993651
2263.792362
2264.864261
2265.507036
2265.786106
2266.396387
2267.282711
2268.285726
2269.242941
2270.293946
2271.263291
2272.160898
2272.984271
2273.940128
2274.825394
2275.808735
2276.864608
2277.853699
2278.843112
2279.839535
2280.829387
2281.810997
2282.863430
2283.811057
2284.691766
2285.682650
2286.670546
2287.660303
2288.533869
2289.049577
2289.786627
2290.622171
2291.554605
2292.534889
2293.366252
2294.404170
2295.319204
2296.198386
2297.206913
2298.190300
2299.156025
2300.032670
2301.072596
2302.051364
2302.861944
2303.176222
2303.869183
2304.897640
2305.760058
2306.730456
2307.716806
2308.691297
2309.605612
2310.015236
2310.281342
2311.027173
2311.793736
2312.391791
2312.956475
2313.682426
2314.565853
2315.492150
2316.550061
2317.572072
2318.654628
2319.614038
2320.642698
2321.495392
2322.012972
2322.914840
2323.781706
2324.702291
2325.558763
2326.341510
2327.334946
2328.224277
2328.721363
2329.671600
2330.670671
2331.871652
2333.010122
2333.935407
2334.998460
2335.910623
2336.766141
2337.491447
2338.436168
2339.045978
2339.548473
2340.242373
2340.956169
2341.514173
2342.053190
2343.006783
2343.887544
2344.814321
2345.823063
2346.614025
2347.122864
2347.538632
2348.199449
2348.896216
2349.630273
2350.376317
2351.131484
2352.102372
2353.039143
2354.037114
2355.056401
2355.983378
2356.840536
2357.824800
2358.715750
2359.448960
2360.201755
2360.864942
2361.954851
2363.282039
2364.263698
2364.854381
2365.344693
2366.519044
2367.609987
2368.604896
2369.619459
2370.544691
2371.384508
2372.291971
2373.333026
2374.311803
2375.307279
2376.596726
2377.879078
2378.897430
2379.960176
2380.790656
2381.720880
2382.551571
2383.139700
2383.650630
2384.261665
2384.907535
2385.569273
2386.565342
2387.441286
2387.916224
2387.916224
2387.916224
2387.916224
2387.916224
2387.916224
2387.916224
2387.916224
2387.916224
2387.916224
2387.916224
2387.916224
2387.916224
2387.916224
2387.916224
2387.916224
2387.916224
2387.916224
2387.916224
2387.916224
2387.916224
2387.916224
2387.916224
2387.916224
2387.916224
2387.916224
2387.916224
2387.916224
2387.916224
2387.916224
2387.916224
2387.916224
2387.916224
2387.916224
2387.916224
2387.916224
2387.916224
2387.916224
2387.916224
2387.916224
2387.916224
2387.916224
2387.916224
2387.916224
2387.916224
2387.916224
2387.916224
2387.916224
2387.916224
2387.916224
2387.916224
2387.916224
2387.916224
2387.916224
2387.916224
2387.916224
2387.916224
2387.916224
2387.916224
2387.916224
2387.916224
2387.916224
2387.916224
2387.916224
2387.916224
2387.916224
2387.916224
2387.916224
2387.916224
2387.916224
2387.916224
2387.916224
2387.916224
2387.916224
2387.916224
2387.916224
2387.916224
2387.916224
2387.916224
2387.916224
2387.916224
2387.916224
2387.916224
2387.916224
2387.916224
2387.916224
2387.916224
2387.916224
2387.916224
2387.916224
2387.916224
2387.916224
2387.916224
2387.916224
2387.916224
2387.916224
2387.916224
2387.916224
2387.916224
2387.916224
2387.916224
2387.916224
2387.916224
2387.916224
2387.916224
2387.916224
2387.916224
2387.916224
2387.916224
2387.916224
2387.916224
2387.916224
2387.916224
2387.916224
2387.916224
2387.916224
2387.916224
2387.916224
2387.916224
2387.916224
2387.916224
2387.916224
2387.916224
