0.000000
0.000000
0.000000
0.000000
0.002000
67.695000
81.851000
102.468000
116.845000
149.691000
174.987000
203.564000
215.989000
220.991000
227.220000
238.641000
253.734000
275.302000
308.918000
353.070000
372.884000
384.116000
398.584000
442.293000
470.513000
504.465000
538.625000
579.902000
627.498000
682.440000
714.181000
747.186000
783.775000
826.548000
849.756000
858.996000
884.890000
928.217000
960.969000
987.707000
1011.076000
1045.795000
1083.832000
1109.061000
1123.855000
1136.889000
1144.035000
1173.357000
1225.999000
1292.389000
1332.681000
1358.613000
1372.814000
1389.652000
1407.895000
1428.151000
1443.263000
1488.846000
1524.564000
1543.127000
1566.958000
1595.638000
1622.778000
1654.048000
1675.928000
1714.679000
1755.253000
1787.790000
1834.166000
1889.274000
1926.337000
1968.448000
1999.031000
2022.425000
2046.148000
2076.927000
2099.538000
2123.774000
2154.180000
2203.781000
2242.723000
2266.776000
2311.388000
2364.169000
2404.839000
2443.104000
2474.354000
2489.012000
2504.383000
2542.395000
2573.726000
2608.781000
2646.504000
2688.753000
2739.520000
2777.887000
2798.022000
2831.346000
2860.225000
2887.750000
2917.288000
2938.312000
2944.621000
2988.239000
3035.518000
3074.010000
3088.334000
3100.202000
3113.366000
3124.841000
3132.724000
3143.624000
3158.623000
3179.864000
3207.743000
3253.422000
3290.505000
3323.555000
3345.737000
3370.567000
3386.049000
3402.024000
3409.202000
3424.352000
3438.179000
3471.112000
3497.263000
3523.131000
3546.282000
3564.538000
3579.135000
3588.741000
3595.692000
3602.962000
3609.974000
3620.614000
3626.341000
3635.732000
3641.838000
3647.321000
3648.071000
3657.847000
3671.638000
3677.702000
3683.587000
3695.048000
3712.720000
3739.190000
3756.336000
3774.935000
3781.017000
3786.136000
3787.371000
3790.373000
3799.099000
3799.814000
3809.500000
3816.971000
3817.031000
3817.166000
3818.998000
3826.804000
3835.808000
3839.867000
3845.530000
3859.667000
3877.978000
3907.297000
3931.450000
3962.929000
3980.044000
4035.944000
4096.990000
4139.061000
4153.227000
4163.565000
4170.864000
4179.715000
4189.226000
4193.864000
4195.728000
4196.070000
4206.590000
4226.511000
4236.845000
4238.701000
4239.659000
4244.810000
4259.185000
4273.075000
4280.799000
4287.098000
4290.376000
4295.186000
4295.832000
4298.692000
4305.271000
4311.925000
4316.163000
4320.981000
4329.633000
4337.276000
4346.673000
4357.379000
4365.227000
4377.336000
4387.505000
4393.476000
4398.562000
4404.780000
4405.417000
4407.275000
4410.288000
4414.180000
4415.990000
4430.318000
4432.616000
4433.351000
4433.744000
4434.327000
4435.858000
4440.230000
4443.033000
4473.023000
4496.839000
4514.959000
4527.940000
4541.301000
4550.252000
4557.415000
4563.422000
4566.156000
4567.387000
4571.677000
4584.466000
4614.381000
4657.380000
4682.725000
4700.597000
4715.610000
4724.650000
4740.423000
4756.351000
4776.378000
4809.756000
4842.821000
4870.000000
4906.676000
4929.704000
4948.735000
4957.826000
4966.624000
4982.489000
5001.049000
5013.774000
5040.253000
5063.220000
5084.299000
5097.842000
5114.349000
5125.171000
5135.816000
5145.115000
5150.915000
5152.772000
5153.139000
5153.225000
5153.877000
5153.919000
5159.862000
5161.860000
5165.778000
5175.685000
5176.422000
5185.363000
5185.479000
5187.041000
5212.605000
5216.902000
5221.191000
5225.761000
5231.756000
5235.184000
5238.767000
5242.206000
5244.554000
5244.679000
5244.756000
5244.835000
5244.975000
5245.038000
5246.888000
5254.563000
5265.116000
5278.271000
5289.521000
5293.240000
5295.192000
5297.072000
5297.869000
5298.028000
5298.153000
5298.228000
5298.314000
5298.346000
5298.383000
5298.421000
5298.509000
5298.748000
5303.625000
5305.875000
5311.824000
5326.883000
5333.240000
5335.460000
5335.488000
5339.570000
5343.079000
5347.654000
5353.223000
5359.283000
5364.240000
5365.780000
5368.876000
5370.918000
5373.990000
5374.869000
5375.001000
5375.001000
5375.014000
5377.569000
5380.569000
5390.953000
5393.199000
5395.705000
5401.570000
5406.363000
5413.548000
5426.721000
5449.914000
5468.018000
5492.134000
5500.097000
5510.373000
5529.437000
5548.356000
5562.345000
5590.879000
5619.516000
5639.008000
5646.879000
5655.225000
5660.603000
5703.480000
5733.248000
5755.098000
5766.491000
5773.937000
5782.590000
5795.751000
5809.222000
5837.511000
5850.904000
5855.814000
5857.650000
5858.633000
5858.889000
5859.553000
5862.298000
5864.124000
5867.430000
5876.652000
5894.959000
5912.979000
5927.461000
5932.962000
5932.990000
5934.584000
5939.592000
5946.045000
5954.024000
5969.732000
5984.919000
6002.897000
6015.825000
6033.738000
6050.612000
6060.348000
6067.100000
6073.685000
6082.536000
6090.177000
6094.892000
6102.466000
6109.519000
6115.527000
6118.045000
6119.868000
6120.499000
6120.628000
6120.705000
6120.767000
6120.793000
6121.015000
6121.385000
6122.036000
6122.130000
6122.422000
6122.538000
6122.538000
6122.561000
6122.598000
6123.967000
6128.337000
6132.875000
6143.252000
6153.164000
6171.379000
6182.760000
6190.719000
6198.541000
6207.110000
6209.419000
6209.730000
6211.428000
6217.317000
6220.801000
6222.871000
6226.232000
6237.912000
6240.947000
6244.815000
6246.299000
6247.295000
6247.789000
6248.597000
6249.938000
6250.081000
6250.137000
6250.207000
6250.248000
6250.307000
6250.350000
6250.643000
6253.336000
6262.428000
6269.611000
6284.294000
6290.078000
6294.611000
6302.382000
6313.357000
6318.384000
6322.579000
6329.027000
6337.127000
6343.383000
6351.436000
6360.743000
6370.283000
6375.149000
6378.143000
6380.134000
6380.888000
6380.925000
6381.082000
6381.207000
6381.328000
6381.423000
6381.479000
6381.494000
6381.532000
6381.565000
6381.707000
6381.929000
6381.958000
6382.800000
6386.393000
6388.901000
6395.253000
6399.844000
6403.585000
6408.391000
6409.105000
6409.145000
6409.218000
6409.237000
6409.294000
6409.347000
6409.465000
6409.483000
6409.517000
6409.552000
6409.581000
6409.597000
6409.618000
6409.649000
6409.702000
6409.757000
6409.841000
6409.865000
6409.901000
6409.920000
6409.957000
6409.996000
6410.003000
6410.004000
6410.082000
6410.193000
6410.566000
6410.939000
6412.306000
6412.680000
6412.741000
6412.761000
6412.801000
6412.826000
6412.854000
6412.861000
6412.895000
6416.915000
6425.388000
6435.061000
6440.323000
6444.584000
6459.126000
6469.627000
6483.527000
6505.022000
6529.393000
6562.682000
6601.148000
6628.354000
6650.361000
6671.908000
6687.886000
6702.619000
6709.455000
6715.352000
6722.927000
6730.422000
6738.825000
6743.632000
6756.734000
6773.738000
6789.948000
6810.312000
6823.185000
6838.522000
6847.743000
6850.669000
6852.971000
6855.401000
6861.223000
6863.933000
6870.221000
6874.449000
6879.718000
6887.112000
6904.328000
6932.384000
6966.077000
6992.356000
7021.096000
7053.730000
7082.881000
7103.451000
7133.425000
7163.384000
7189.151000
7210.817000
7239.286000
7276.492000
7312.441000
7328.720000
7348.884000
7395.294000
7411.418000
7418.490000
7440.563000
7454.537000
7497.268000
7520.230000
7530.818000
7534.185000
7552.322000
7576.746000
7581.705000
7589.164000
7590.962000
7607.491000
7636.553000
7640.789000
7646.671000
7652.803000
7652.929000
7653.025000
7667.354000
7673.755000
7676.497000
7681.858000
7693.599000
7701.459000
7712.937000
7720.975000
7733.747000
7753.427000
7767.176000
7773.819000
7791.012000
7805.018000
7815.904000
7821.849000
7830.459000
7833.507000
7840.505000
7847.082000
7857.333000
7865.266000
7879.200000
7885.019000
7891.441000
7899.876000
7909.482000
7922.543000
7958.277000
7983.847000
7991.673000
7995.698000
7999.420000
8004.184000
8009.015000
8020.536000
8027.703000
8037.907000
8051.265000
8067.832000
8083.870000
8086.314000
8086.748000
8092.954000
8120.049000
8130.888000
8144.954000
8151.418000
8160.939000
8169.825000
8174.789000
8179.418000
8188.206000
8191.792000
8194.958000
8201.125000
8216.887000
8233.350000
8251.283000
8268.685000
8303.306000
8330.801000
8364.672000
8401.323000
8437.578000
8459.797000
8475.626000
8480.001000
8482.212000
8490.651000
8500.706000
8513.788000
8527.567000
8539.717000
8556.706000
8572.367000
8579.250000
8581.609000
8581.697000
8583.419000
8584.096000
8584.199000
8584.282000
8584.287000
8584.369000
8584.491000
8584.547000
8584.603000
8584.671000
8584.751000
8584.751000
8584.751000
8584.814000
8584.880000
8585.098000
8588.013000
8591.351000
8592.668000
8595.271000
8601.855000
8606.921000
8609.260000
8613.111000
8616.608000
8621.979000
8625.429000
8634.563000
8645.387000
8646.774000
8649.263000
8656.779000
8665.251000
8670.988000
8684.155000
8697.800000
8717.109000
8755.978000
8784.121000
8800.486000
8810.358000
8834.757000
8860.864000
8872.316000
8883.827000
8894.027000
8900.195000
8907.588000
8918.965000
8938.912000
8952.814000
8957.124000
8959.604000
8964.148000
8972.499000
8989.852000
9006.608000
9029.899000
9052.775000
9072.664000
9078.537000
9090.454000
9096.072000
9097.444000
9100.050000
9107.329000
9113.306000
9118.407000
9118.760000
9118.924000
9118.995000
9122.689000
9122.741000
9123.476000
9123.921000
9127.104000
9127.232000
9127.821000
9128.232000
9128.408000
9128.786000
9128.866000
9128.975000
9129.155000
9130.707000
9137.431000
9145.076000
9149.707000
9154.509000
9158.194000
9158.976000
9159.074000
9159.074000
9159.074000
9159.074000
9159.074000
9159.074000
9159.074000
9159.074000
9159.074000
9159.102000
9159.174000
9159.399000
9160.228000
9160.732000
9161.133000
9161.291000
9161.291000
9161.291000
9161.346000
9161.509000
9161.601000
9163.058000
9164.882000
9165.972000
9169.087000
9171.283000
9172.385000
9173.834000
9175.158000
9176.043000
9181.439000
9186.865000
9197.457000
9203.917000
9210.718000
9216.941000
9223.845000
9230.429000
9231.746000
9234.376000
9237.907000
9238.943000
9243.298000
9246.186000
9246.819000
9246.904000
9246.964000
9247.033000
9248.392000
9257.830000
9266.372000
9266.714000
9267.213000
9267.514000
9267.646000
9267.726000
9268.138000
9268.354000
9268.432000
9268.831000
9269.687000
9271.555000
9271.734000
9271.836000
9271.938000
9271.975000
9271.989000
9271.993000
9272.004000
9272.007000
9272.051000
9272.092000
9272.165000
9272.274000
9272.316000
9272.352000
9273.324000
9273.438000
9274.066000
9274.360000
9274.384000
9274.392000
9274.392000
9274.392000
9274.392000
9274.392000
9274.392000
9274.392000
9274.392000
9274.414000
9274.594000
9274.679000
9274.732000
9274.760000
9274.816000
9276.021000
9278.214000
9294.374000
9306.128000
9312.605000
9320.418000
9328.025000
9338.186000
9340.362000
9342.104000
9344.406000
9353.459000
9358.081000
9365.404000
9372.389000
9379.598000
9382.283000
9386.621000
9393.789000
9396.796000
9398.752000
9406.508000
9409.390000
9409.565000
9410.129000
9410.582000
9410.836000
9410.992000
9411.013000
9411.029000
9411.043000
9415.246000
9418.159000
9418.412000
9418.531000
9418.587000
9418.746000
9418.828000
9419.170000
9419.793000
9422.241000
9427.848000
9429.934000
9431.667000
9432.870000
9435.036000
9436.252000
9436.285000
9436.308000
9436.350000
9436.375000
9436.404000
9436.414000
9436.438000
9436.438000
9436.438000
9436.452000
9436.511000
9436.743000
9439.221000
9443.082000
9450.555000
9455.173000
9459.213000
9459.253000
9459.317000
9459.415000
9459.520000
9459.597000
9459.645000
9459.673000
9459.701000
9459.745000
9459.794000
9459.815000
9459.823000
9459.848000
9459.905000
9459.907000
9459.941000
9459.989000
9460.087000
9460.159000
9460.189000
9460.198000
9460.229000
9460.259000
9460.321000
9460.351000
9460.461000
9460.472000
9460.486000
9460.501000
9460.508000
9460.574000
9460.606000
9460.626000
9460.644000
9460.695000
9460.715000
9463.398000
9465.529000
9466.253000
9466.333000
9466.406000
9466.491000
9466.588000
9466.670000
9466.688000
9466.690000
9466.750000
9466.767000
9466.790000
9466.804000
9466.805000
9466.813000
9466.903000
9467.375000
9485.507000
9496.361000
9504.493000
9514.820000
9520.342000
9521.064000
9521.637000
9522.265000
9522.401000
9522.508000
9522.557000
9522.594000
9522.630000
9522.667000
9522.681000
9522.700000
9522.714000
9522.725000
9522.732000
9522.738000
9522.764000
9522.782000
9522.810000
9522.825000
9522.836000
9522.855000
9522.866000
9522.870000
9522.878000
9522.878000
9522.878000
9522.882000
9522.902000
9522.940000
9522.976000
9523.040000
9523.067000
9523.101000
9523.134000
9523.156000
9523.169000
9523.194000
9523.223000
9523.246000
9523.293000
9523.370000
9523.384000
9523.419000
9523.447000
9523.473000
9523.489000
9523.501000
9523.514000
9523.545000
9523.568000
9523.581000
9523.583000
9523.592000
9523.676000
9523.945000
9524.033000
9524.065000
9524.859000
9525.295000
9525.366000
9525.516000
9525.586000
9529.244000
9532.193000
9532.393000
9532.482000
9532.597000
9532.657000
9532.671000
9532.685000
9532.776000
9532.813000
9532.826000
9532.830000
9532.840000
9532.854000
9532.874000
9532.903000
9532.940000
9532.983000
9533.019000
9533.053000
9533.062000
9533.073000
9533.077000
9533.103000
9533.155000
9533.170000
9533.243000
9533.284000
9533.350000
9533.577000
9533.615000
9533.649000
9533.708000
9533.712000
9533.741000
9533.784000
9533.803000
9533.803000
9533.850000
9533.851000
9533.856000
9533.862000
9533.877000
9533.900000
9533.923000
9533.943000
9533.953000
9533.974000
9534.036000
9534.062000
9534.075000
9534.082000
9534.106000
9534.113000
9534.129000
9534.132000
9534.186000
9534.347000
9534.963000
9535.147000
9535.255000
9535.303000
9535.333000
9535.345000
9535.371000
9535.387000
9535.417000
9535.426000
9535.447000
9535.462000
9535.462000
9535.462000
9535.466000
9535.479000
9535.490000
9535.504000
9535.521000
9535.530000
9535.551000
9535.567000
9535.620000
9535.662000
9535.712000
9535.755000
9535.766000
9535.785000
9535.799000
9535.802000
9535.805000
9535.805000
9535.806000
9535.814000
9535.828000
9535.837000
9535.858000
9535.870000
9535.876000
9535.891000
9535.915000
9535.915000
9535.915000
9535.915000
9535.915000
9535.915000
9535.915000
9535.915000
9535.927000
9535.939000
9535.965000
9535.985000
9536.056000
9536.094000
9536.187000
9536.224000
9536.320000
9536.476000
9536.528000
9536.541000
9536.561000
9536.590000
9536.606000
9536.637000
9536.821000
9538.248000
9540.071000
9540.805000
9541.041000
9544.837000
9549.595000
9553.043000
9559.574000
9567.771000
9583.553000
9600.184000
9618.869000
9632.710000
9642.796000
9647.815000
9648.479000
9648.896000
9654.801000
9661.329000
9678.530000
9681.449000
9689.167000
9690.236000
9690.789000
9690.863000
9691.747000
9695.484000
9699.361000
9699.598000
9699.687000
9699.749000
9699.911000
9699.927000
9699.964000
9699.992000
9700.016000
9700.032000
9700.084000
9700.218000
9704.628000
9713.307000
9719.430000
9724.004000
9731.921000
9735.503000
9736.405000
9743.593000
9754.526000
9755.956000
9756.354000
9756.371000
9756.384000
9756.399000
9756.430000
9756.446000
9756.477000
9756.535000
9756.610000
9756.686000
9756.734000
9756.753000
9756.768000
9756.777000
9756.784000
9756.794000
9756.824000
9756.834000
9756.867000
9756.884000
9756.889000
9756.900000
9756.987000
9757.040000
9757.055000
9757.074000
9757.234000
9757.359000
9757.392000
9757.408000
9757.412000
9757.427000
9757.459000
9757.462000
9757.462000
9757.462000
9757.483000
9770.241000
9796.023000
9806.281000
9814.108000
9828.246000
9845.740000
9863.946000
9879.007000
9893.522000
9915.702000
9938.907000
9953.273000
9958.201000
9962.959000
9965.312000
9967.548000
9970.001000
9971.260000
9975.618000
9975.778000
9975.865000
9981.392000
9986.704000
9988.681000
9989.818000
9990.015000
9991.041000
9991.204000
9991.352000
9993.175000
9995.243000
9995.995000
9996.086000
9998.494000
10008.923000
10020.727000
10027.518000
10031.546000
10034.146000
10039.155000
10041.513000
10045.231000
10046.644000
10047.238000
10063.348000
10080.177000
10097.791000
10110.965000
10122.403000
10145.766000
10164.780000
10182.713000
10189.036000
10197.072000
10203.388000
10207.525000
10208.681000
10209.036000
10209.643000
10211.411000
10214.086000
10243.529000
10261.219000
10277.010000
10278.810000
10279.529000
10279.550000
10279.609000
10284.662000
10288.257000
10290.880000
10291.591000
10316.333000
10329.526000
10333.076000
10334.026000
10334.026000
10334.167000
10334.869000
10343.378000
10362.370000
10368.536000
10371.276000
10381.106000
10382.966000
10383.488000
10384.704000
10385.898000
10386.848000
10388.896000
10392.991000
10397.956000
10404.712000
10409.832000
10415.126000
10418.459000
10418.481000
10418.483000
10418.484000
10418.570000
10419.360000
10419.448000
10419.495000
10419.574000
10419.671000
10419.828000
10419.902000
10419.953000
10419.961000
10419.971000
10419.971000
10419.971000
10419.971000
10420.009000
10420.037000
10420.067000
10420.642000
10421.293000
10421.385000
10421.448000
10421.448000
10421.448000
10421.477000
10421.563000
10424.183000
10426.360000
10426.671000
10426.874000
10426.874000
10426.874000
10426.874000
10426.874000
10426.874000
10426.874000
10426.874000
10426.874000
10426.874000
10426.874000
10426.874000
10426.874000
10426.874000
10426.929000
10427.097000
10427.197000
10427.241000
10427.272000
10427.294000
10427.318000
10427.329000
10427.370000
10427.415000
10427.426000
10427.444000
10427.454000
10427.476000
10427.508000
10427.551000
10428.108000
10428.255000
10429.022000
10429.062000
10429.075000
10429.382000
10429.453000
10429.482000
10429.745000
10433.503000
10443.319000
10454.668000
10463.969000
10474.085000
10476.386000
10476.547000
10476.575000
10476.832000
10477.135000
10477.183000
10477.227000
10477.299000
10477.453000
10477.510000
10477.571000
10477.690000
10477.860000
10477.889000
10477.898000
10477.898000
10477.904000
10477.921000
10477.945000
10477.957000
10477.988000
10478.031000
10478.063000
10478.100000
10478.121000
10478.152000
10478.284000
10478.420000
10478.535000
10478.568000
10478.568000
10478.575000
10478.582000
10478.586000
10478.595000
10478.597000
10478.597000
10478.600000
10478.606000
10478.655000
10478.670000
10478.711000
10478.765000
10478.807000
10478.849000
10478.876000
10478.894000
10478.895000
10478.903000
10478.916000
10478.962000
10479.008000
10479.048000
10479.050000
10479.051000
10479.051000
10479.058000
10479.063000
10479.063000
10479.071000
10479.086000
10481.849000
10488.166000
10491.773000
10499.035000
10507.481000
10523.663000
10528.753000
10531.582000
10534.880000
10557.664000
10569.060000
10570.497000
10570.581000
10570.581000
10570.632000
10570.883000
10571.000000
10571.100000
10571.127000
10571.148000
10571.169000
10571.228000
10571.274000
10571.338000
10571.362000
10571.391000
10571.395000
10572.214000
10573.147000
10573.968000
10575.206000
10577.059000
10577.404000
10577.556000
10577.755000
10577.820000
10577.886000
10577.928000
10578.154000
10579.010000
10581.729000
10589.167000
10595.283000
10600.920000
10603.811000
10618.471000
10640.094000
10643.613000
10647.980000
10660.908000
10670.807000
10680.176000
10684.462000
10685.515000
10685.643000
10685.671000
10685.700000
10686.041000
10686.128000
10686.145000
10686.150000
10686.155000
10686.166000
10686.218000
10686.249000
10686.281000
10686.304000
10686.354000
10686.429000
10686.637000
10686.764000
10687.652000
10689.527000
10689.598000
10689.624000
10689.698000
10689.712000
10689.762000
10689.900000
10690.805000
10693.713000
10694.830000
10697.031000
10697.118000
10697.160000
10697.198000
10697.198000
10697.200000
10697.201000
10697.205000
10697.278000
10697.309000
10697.828000
10698.284000
10699.143000
10699.190000
10699.777000
10701.029000
10701.660000
10701.664000
10701.684000
10701.714000
10701.714000
10701.714000
10701.714000
10701.718000
10701.719000
10701.719000
10703.561000
10709.716000
10717.679000
10729.212000
10730.061000
10730.333000
10730.361000
10730.377000
10730.393000
10730.419000
10730.454000
10730.474000
10730.502000
10730.514000
10730.529000
10730.553000
10730.565000
10730.568000
10730.569000
10730.573000
10730.604000
10730.628000
10730.688000
10730.974000
10731.275000
10731.336000
10731.338000
10732.003000
10735.411000
10741.378000
10744.760000
10748.925000
10750.718000
10750.743000
10750.747000
10750.758000
10750.766000
10750.773000
10750.785000
10750.792000
10750.802000
10750.802000
10750.818000
10750.864000
10750.934000
10750.972000
10750.982000
10750.998000
10751.063000
10751.095000
10751.119000
10751.196000
10751.253000
10751.286000
10751.294000
10751.301000
10751.314000
10751.325000
10751.347000
10751.362000
10751.383000
10751.408000
10751.409000
10751.423000
10751.427000
10751.435000
10751.443000
10751.456000
10751.463000
10751.468000
10751.475000
10751.476000
10751.483000
10751.490000
10751.492000
10751.492000
10751.492000
10751.493000
10751.498000
10751.499000
10751.511000
10751.545000
10751.556000
10751.566000
10751.566000
10751.566000
10751.566000
10751.577000
10751.596000
10751.606000
10751.606000
10751.606000
10751.613000
10751.613000
10751.626000
10751.631000
10751.633000
10751.633000
10751.633000
10751.633000
10751.649000
10752.019000
10752.021000
10752.067000
10752.097000
10752.225000
10752.329000
10752.444000
10752.492000
10752.529000
10752.563000
10752.608000
10752.623000
10752.632000
10752.671000
10752.682000
10752.700000
10752.725000
10752.746000
10752.751000
10752.751000
10752.756000
10752.780000
10752.807000
10752.813000
10752.877000
10752.976000
10752.983000
10752.991000
10752.991000
10752.993000
10752.993000
10752.994000
10753.034000
10753.053000
10753.081000
10753.090000
10753.092000
10753.094000
10753.100000
10753.107000
10753.111000
10753.111000
10753.113000
10753.117000
10753.117000
10753.117000
10753.117000
10753.119000
10753.124000
10753.130000
10753.130000
10753.130000
10753.130000
10753.130000
10753.131000
10753.136000
10753.151000
10753.158000
10753.163000
10753.172000
10753.180000
10753.182000
10753.188000
10753.192000
10753.203000
10753.217000
10753.219000
10753.220000
10753.233000
10753.279000
10753.351000
10753.376000
10753.457000
10753.509000
10753.520000
10753.531000
10753.538000
10753.542000
10753.544000
10753.546000
10753.557000
10753.557000
10753.584000
10753.586000
10753.595000
10753.608000
10753.651000
10753.673000
10753.743000
10753.790000
10753.883000
10753.896000
10753.904000
10753.913000
10753.920000
10753.946000
10754.049000
10754.178000
10754.386000
10754.477000
10754.477000
10754.477000
10754.491000
10754.526000
10754.601000
10754.658000
10755.269000
10756.557000
10758.773000
10759.166000
10759.492000
10760.146000
10760.979000
10762.155000
10762.483000
10763.077000
10763.597000
10763.964000
10764.218000
10764.301000
10764.442000
10764.473000
10764.497000
10764.502000
10764.546000
10764.570000
10764.731000
10764.858000
10775.810000
10786.131000
10795.703000
10805.528000
10815.506000
10825.944000
10829.728000
10835.480000
10846.299000
10861.125000
10874.365000
10884.029000
10897.874000
10905.275000
10908.079000
10909.754000
10914.208000
10916.586000
10917.715000
10918.363000
10918.950000
10919.557000
10924.952000
10930.766000
10932.408000
10932.695000
10934.169000
10935.199000
10936.077000
10936.373000
10936.872000
10937.107000
10937.348000
10937.384000
10937.454000
10937.458000
10937.475000
10937.538000
10937.767000
10937.776000
10937.788000
10937.810000
10937.836000
10939.879000
10941.798000
10942.928000
10942.928000
10942.928000
10942.928000
10942.928000
10942.928000
10942.928000
10943.034000
10943.146000
10943.800000
10946.005000
10948.743000
10949.430000
10952.382000
10954.079000
10956.240000
10956.397000
10956.422000
10956.460000
10956.490000
10957.425000
10957.948000
10958.526000
10959.837000
10960.481000
10960.619000
10960.692000
10960.750000
10960.809000
10960.930000
10961.096000
10961.158000
10961.168000
10961.198000
10961.201000
10961.232000
10961.318000
10961.358000
10961.439000
10961.603000
10961.772000
10962.287000
10962.529000
10962.573000
10962.577000
10962.581000
10962.605000
10962.621000
10962.636000
10962.657000
10962.663000
10962.665000
10962.677000
10962.691000
10962.735000
10962.737000
10962.771000
10962.821000
10962.864000
10962.873000
10962.876000
10962.888000
10962.897000
10962.904000
10962.909000
10962.931000
10962.936000
10962.950000
10962.958000
10962.962000
10962.976000
10963.005000
10963.008000
10963.056000
10963.171000
10963.281000
10963.446000
10963.515000
10963.586000
10963.638000
10963.685000
10963.733000
10963.781000
10963.817000
10963.819000
10963.821000
10963.835000
10963.848000
10963.883000
10963.887000
10963.889000
10963.904000
10963.926000
10963.938000
10963.953000
10963.966000
10963.974000
10963.982000
10963.986000
10963.988000
10963.992000
10964.272000
10964.445000
10964.514000
10964.593000
10964.617000
10965.632000
10971.480000
10975.471000
10979.642000
10981.539000
10984.116000
10989.282000
10995.487000
11001.889000
11005.225000
11016.200000
11024.354000
11030.055000
11032.257000
11033.184000
11033.697000
11033.960000
11033.960000
11033.960000
11033.960000
11033.960000
11033.960000
11033.960000
11034.012000
11034.091000
11034.318000
11034.516000
11034.582000
11034.617000
11034.693000
11034.693000
11034.693000
11034.693000
11034.693000
11034.693000
11034.693000
11034.693000
11034.704000
11034.711000
11034.816000
11034.895000
11035.679000
11036.142000
11036.504000
11036.583000
11036.682000
11036.731000
11036.773000
11036.786000
11036.844000
11036.864000
11036.896000
11036.907000
11036.936000
11036.976000
11036.985000
11037.016000
11037.053000
11037.070000
11037.114000
11037.192000
11037.222000
11037.266000
11037.288000
11037.314000
11037.325000
11037.333000
11037.337000
11037.350000
11037.364000
11037.387000
11037.493000
11037.667000
11037.855000
11037.895000
11037.944000
11037.955000
11037.964000
11037.982000
11038.004000
11038.024000
11038.088000
11038.446000
11038.730000
11038.744000
11038.825000
11038.832000
11038.851000
11038.859000
11038.859000
11038.859000
11038.859000
11038.908000
11038.921000
11038.935000
11038.958000
11038.975000
11038.992000
11039.009000
11039.024000
11039.034000
11039.045000
11039.069000
11039.085000
11039.100000
11039.116000
11039.133000
11039.149000
11039.158000
11039.161000
11039.179000
11039.268000
11039.325000
11039.354000
11039.360000
11039.362000
11039.567000
11040.685000
11041.282000
11041.757000
11041.757000
11041.859000
11041.859000
11041.888000
11041.898000
11041.956000
11041.957000
11041.957000
11041.957000
11041.957000
11041.957000
11041.957000
11041.970000
11041.976000
11041.988000
11042.002000
11042.035000
11042.048000
11042.086000
11042.097000
11042.097000
11042.097000
11042.100000
11042.104000
11042.104000
11042.119000
11042.146000
11042.166000
11042.285000
11042.413000
11042.461000
11042.504000
11042.516000
11042.567000
11042.640000
11042.648000
11042.698000
11042.749000
11042.771000
11042.771000
11042.780000
11042.782000
11042.812000
11042.890000
11042.919000
11042.984000
11042.990000
11043.000000
11043.011000
11043.031000
11043.039000
11043.057000
11043.071000
11043.106000
11043.112000
11043.122000
11043.137000
11043.156000
11043.171000
11043.185000
11043.192000
11043.228000
11043.235000
11043.255000
11043.286000
11043.709000
11043.797000
11043.821000
11043.829000
11043.837000
11043.847000
11043.880000
11043.899000
11043.903000
11043.907000
11043.912000
11043.925000
11043.933000
11043.940000
11043.956000
11043.976000
11043.982000
11043.995000
11044.018000
11044.078000
11044.362000
11044.488000
11044.748000
11045.838000
11046.185000
11046.431000
11046.514000
11046.568000
11046.597000
11046.619000
11046.664000
11046.670000
11046.678000
11046.697000
11046.763000
11046.771000
11046.781000
11046.790000
11046.800000
11046.814000
11046.832000
11046.835000
11046.848000
11046.861000
11046.863000
11046.866000
11046.866000
11046.871000
11046.903000
11046.973000
11046.995000
11046.997000
11046.999000
11047.007000
11047.014000
11047.024000
11047.029000
11047.032000
11047.037000
11047.044000
11047.057000
11047.062000
11047.066000
11047.072000
11047.078000
11047.078000
11047.085000
11047.093000
11047.097000
11047.107000
11047.119000
11047.137000
11047.159000
11047.164000
11047.180000
11047.185000
11047.190000
11047.192000
11047.207000
11047.217000
11047.252000
11047.315000
11047.394000
11047.520000
11048.087000
11048.637000
11048.656000
11048.670000
11048.685000
11048.702000
11048.710000
11048.717000
11048.754000
11049.122000
11049.505000
11049.505000
11049.505000
11049.505000
11049.505000
11049.505000
11049.505000
11049.505000
11049.505000
11049.505000
11049.505000
11049.505000
11049.508000
11049.521000
11049.567000
11049.594000
11049.625000
11049.654000
11049.658000
11049.662000
11049.670000
11049.699000
11049.731000
11049.789000
11049.804000
11049.833000
11049.846000
11049.850000
11049.852000
11049.855000
11049.861000
11049.869000
11049.869000
11049.872000
11049.884000
11049.889000
11049.906000
11049.921000
11049.926000
11049.952000
11049.965000
11049.979000
11049.998000
11050.024000
11050.042000
11050.048000
11050.058000
11050.068000
11050.073000
11050.076000
11050.089000
11050.092000
11050.097000
11050.099000
11050.103000
11050.117000
11050.128000
11050.133000
11050.138000
11050.156000
11050.211000
11050.256000
11050.280000
11050.297000
11050.314000
11050.316000
11050.317000
11050.324000
11050.347000
11050.365000
11050.375000
11050.378000
11050.379000
11050.388000
11050.418000
11050.444000
11050.447000
11050.448000
11050.463000
11050.487000
11050.491000
11050.501000
11050.504000
11050.510000
11050.515000
11050.520000
11050.527000
11050.548000
11050.556000
11050.565000
11050.571000
11050.611000
11050.630000
11050.631000
11050.680000
11050.705000
11050.720000
11050.727000
11050.744000
11050.749000
11050.750000
11050.774000
11050.776000
11050.787000
11050.798000
11050.799000
11050.804000
11050.810000
11050.827000
11050.847000
11050.878000
11050.882000
11050.883000
11050.888000
11050.888000
11050.888000
11050.888000
11050.890000
11050.890000
11050.890000
11050.894000
11050.897000
11050.902000
11050.916000
11050.921000
11050.921000
11050.921000
11050.921000
11050.926000
11050.927000
11050.929000
11050.930000
11050.982000
11050.987000
11051.193000
11051.352000
11051.354000
11051.367000
11051.379000
11051.391000
11051.398000
11051.403000
11051.411000
11051.417000
11051.421000
11051.428000
11051.429000
11051.429000
11051.429000
11051.437000
11051.445000
11051.450000
11051.473000
11051.485000
11051.530000
11051.563000
11051.611000
11051.725000
11051.728000
11051.730000
11051.730000
11051.731000
11051.738000
11051.739000
11051.750000
11051.760000
11051.785000
11051.817000
11051.829000
11051.844000
11051.899000
11051.924000
11051.960000
11051.981000
11052.002000
11052.007000
11052.013000
11052.018000
11052.025000
11052.029000
11052.034000
11052.035000
11052.036000
11052.038000
11052.043000
11052.055000
11052.068000
11052.099000
11052.119000
11052.140000
11052.143000
11052.143000
11052.143000
11052.146000
11052.161000
11052.170000
11052.172000
11052.177000
11052.177000
11052.177000
11052.177000
11052.185000
11052.188000
11052.188000
11052.188000
11052.190000
11052.190000
11052.192000
11052.193000
11052.197000
11052.197000
11052.197000
11052.197000
11052.197000
11052.206000
11052.210000
11052.210000
11052.211000
11052.212000
11052.216000
11052.218000
11052.220000
11052.220000
11052.221000
11052.221000
11052.221000
11052.233000
11052.239000
11052.254000
11052.286000
11052.315000
11052.355000
11052.404000
11052.425000
11052.426000
11052.496000
11052.498000
11052.498000
11052.508000
11052.509000
11052.525000
11052.530000
11052.548000
11052.554000
11052.581000
11052.634000
11052.693000
11052.835000
11052.950000
11052.958000
11052.976000
11052.982000
11053.004000
11053.013000
11053.057000
11053.067000
11053.078000
11053.084000
11053.088000
11053.090000
11053.092000
11053.094000
11053.112000
11053.153000
11053.192000
11053.224000
11053.243000
11053.281000
11053.310000
11053.316000
11053.326000
11053.346000
11053.384000
11053.392000
11053.396000
11053.399000
11053.403000
11053.406000
11053.407000
11053.408000
11053.412000
11053.413000
11053.413000
11053.413000
11053.413000
11053.413000
11053.419000
11053.799000
11053.888000
11053.888000
11053.888000
11053.888000
11054.427000
11054.440000
11054.462000
11054.473000
11054.495000
11054.501000
11054.505000
11054.509000
11054.515000
11054.526000
11054.533000
11054.539000
11054.543000
11054.543000
11054.548000
11054.551000
11054.562000
11054.569000
11054.570000
11054.572000
11054.579000
11054.579000
11054.579000
11054.644000
11054.658000
11054.658000
11054.670000
11054.675000
11054.713000
11054.719000
11054.738000
11054.762000
11054.773000
11054.773000
11054.784000
11054.822000
11054.838000
11054.850000
11054.865000
11054.870000
11054.873000
11054.873000
11054.874000
11054.877000
11054.882000
11054.882000
11054.884000
11054.905000
11054.931000
11054.934000
11054.936000
11054.955000
11055.003000
11055.004000
11055.005000
11055.008000
11055.014000
11055.014000
11055.014000
11055.014000
11055.014000
11055.014000
11055.149000
11055.200000
11055.201000
11055.201000
11055.223000
11055.461000
11055.748000
11055.790000
11056.050000
11056.178000
11056.178000
11056.180000
11056.180000
11056.180000
11056.183000
11056.186000
11056.188000
11056.196000
11056.201000
11056.221000
11056.228000
11056.232000
11056.234000
11056.234000
11056.260000
11056.270000
11056.270000
11056.270000
11056.270000
11056.280000
11056.281000
11056.284000
11056.295000
11056.303000
11056.317000
11058.174000
11061.513000
11066.242000
11067.048000
11067.416000
11068.014000
11068.414000
11068.430000
11068.439000
11068.446000
11068.451000
11068.490000
11068.507000
11068.539000
11068.542000
11068.555000
11068.819000
11069.016000
11069.326000
11069.399000
11069.411000
11069.416000
11069.420000
11069.424000
11069.424000
11069.428000
11069.434000
11069.448000
11069.460000
11069.462000
11069.463000
11069.463000
11069.463000
11069.463000
11069.463000
11069.464000
11069.466000
11069.470000
11069.534000
11069.575000
11069.577000
11069.595000
11069.595000
11069.618000
11069.632000
11069.639000
11069.653000
11069.660000
11069.661000
11069.667000
11069.675000
11069.682000
11069.700000
11069.714000
11069.718000
11069.720000
11069.725000
11069.735000
11069.736000
11069.751000
11069.755000
11069.756000
11069.757000
11069.759000
11069.761000
11069.761000
11069.765000
11069.778000
11069.847000
11069.854000
11069.854000
11069.854000
11069.854000
11069.854000
11069.855000
11069.860000
11069.862000
11069.863000
11069.866000
11069.876000
11069.891000
11069.987000
11069.987000
11070.001000
11070.012000
11070.035000
11070.056000
11070.080000
11070.118000
11070.164000
11070.451000
11071.046000
11071.834000
11072.273000
11072.491000
11072.708000
11072.827000
11072.933000
11072.958000
11073.004000
11073.029000
11073.058000
11073.059000
11073.060000
11073.066000
11073.078000
11073.081000
11073.087000
11073.087000
11073.107000
11073.115000
11073.119000
11073.119000
11073.137000
11073.137000
11073.137000
11073.137000
11073.172000
11073.181000
11073.182000
11073.182000
11073.182000
11073.182000
11073.182000
11073.182000
11073.182000
11073.182000
11073.182000
11073.182000
11073.182000
11073.182000
11073.182000
11073.182000
11073.182000
11073.182000
11073.182000
11073.182000
11073.182000
11073.182000
11073.182000
11073.182000
11073.182000
11073.182000
11073.182000
11073.182000
11073.182000
11073.182000
11073.182000
11073.182000
11073.182000
11073.182000
11073.182000
11073.182000
11073.182000
11073.182000
11073.182000
11073.182000
11073.182000
11073.182000
11073.182000
11073.182000
11073.182000
11073.182000
11073.182000
11073.182000
11073.182000
11073.182000
11073.182000
11073.182000
11073.182000
11073.182000
11073.182000
11073.182000
11073.182000
11073.182000
11073.182000
11073.182000
11073.182000
11073.182000
11073.182000
11073.182000
11073.182000
11073.182000
11073.182000
11073.182000
11073.182000
11073.182000
11073.182000
11073.182000
11073.182000
11073.182000
11073.182000
11073.182000
11073.182000
11073.182000
11073.182000
11073.182000
11073.182000
11073.182000
11073.182000
11073.182000
11073.182000
11073.182000
11073.182000
11073.182000
11073.182000
11073.182000
11073.182000
11073.182000
11073.182000
11073.182000
11073.182000
11073.182000
11073.182000
11073.182000
11073.182000
11073.182000
11073.182000
11073.182000
11073.182000
11073.182000
11073.182000
11073.182000
11073.182000
11073.182000
11073.182000
11073.182000
11073.182000
11073.182000
11073.182000
11073.182000
11073.182000
11073.182000
11073.182000
11073.182000
11073.182000
11073.182000
11073.182000
11073.182000
11073.182000
11073.182000
11073.182000
