1.60081
1.60087
2.10091
2.60125
3.10125
3.60228
4.10199
4.61638
5.10096
5.63102
6.10213
6.61765
7.10095
7.62202
8.10242
8.61558
9.1009
9.62604
10.1026
10.6182
11.101
11.6238
12.102
12.6195
13.101
13.6263
14.1037
14.6199
15.101
15.6326
16.1022
16.6193
17.1239
17.6326
18.1252
18.6147
19.1057
19.6328
20.102
20.6144
21.1009
21.6301
22.1019
22.6141
23.101
23.6316
24.1021
24.6154
25.1009
25.6303
26.1024
26.6138
27.101
27.6309
28.1025
28.6154
29.101
29.6232
30.1021
30.6129
31.101
31.6239
32.1132
32.6135
33.101
33.6304
34.101
34.6229
35.1022
35.6473
36.1009
36.6017
37.1021
37.6335
38.101
38.6027
39.1024
39.6586
40.101
40.6032
41.1025
41.6455
42.1627
42.6238
43.1548
43.6627
44.1341
44.6228
45.1038
45.6418
46.106
46.624
47.1307
47.6442
48.1605
48.6271
49.1509
49.6508
50.1083
50.6076
51.1222
51.6675
52.1222
52.6109
53.1123
53.6635
54.1065
54.6084
55.1154
55.6622
56.1068
56.622
57.1213
57.6585
58.1048
58.6089
59.1072
59.6566
60.1087
60.6111
61.1104
61.6538
62.1078
62.611
63.1101
63.6544
64.1084
64.6106
65.1089
65.6347
66.1107
66.615
67.112
67.678
68.1134
68.6398
69.1102
69.6453
70.1131
70.6305
71.1113
71.6313
72.1112
72.6284
73.1112
73.6301
74.1118
74.63
75.1121
75.6323
76.1118
76.6293
77.1106
77.6312
78.1373
78.6343
79.1157
79.635
80.1142
80.6328
81.1142
81.6368
82.1185
82.634
83.1142
83.6394
84.1246
84.6347
85.1237
85.6871
86.1161
86.6382
87.1176
87.6542
88.1201
88.6707
89.1168
89.6436
90.1363
90.6715
91.1184
91.6866
92.1166
92.62
93.1185
93.6681
94.1167
94.6797
95.1192
95.6615
96.1172
96.6192
97.1181
97.6557
98.1421
98.6365
99.1175
99.6747
100.118
100.637
101.147
101.645
102.175
102.658
103.117
103.636
104.119
104.633
105.118
105.642
106.119
106.635
107.117
107.639
108.119
108.667
109.118
109.657
110.117
110.619
111.137
111.666
112.117
112.666
113.118
113.654
114.119
114.62
115.119
115.657
116.117
116.62
117.125
117.672
118.124
118.619
119.125
119.671
120.119
120.663
121.119
121.695
122.117
122.62
123.118
123.708
124.118
124.622
125.119
125.673
126.117
126.62
127.12
127.671
128.117
128.622
129.131
129.673
130.117
130.62
131.118
131.653
132.118
132.62
133.118
133.662
134.159
134.652
135.118
135.669
136.118
136.635
137.118
137.636
138.119
138.635
139.117
139.632
140.118
140.635
141.117
141.632
142.118
142.636
143.151
143.639
144.12
144.651
145.121
145.663
146.118
146.638
147.118
147.668
148.119
148.619
149.118
149.671
150.123
150.619
151.126
151.666
152.117
152.662
153.12
153.687
154.183
154.688
155.12
155.668
156.118
156.621
157.118
157.65
158.118
158.621
159.119
159.663
160.117
160.62
161.118
161.656
162.119
162.65
163.117
163.658
164.117
164.64
165.121
165.653
166.117
166.624
167.118
167.658
168.117
168.637
169.119
169.645
170.119
170.638
171.117
171.687
172.119
172.668
173.119
173.674
174.117
174.651
175.119
175.665
176.119
176.621
177.118
177.667
178.118
178.62
179.12
179.658
180.119
180.638
181.15
181.676
182.119
182.637
183.128
183.671
184.127
184.621
185.169
185.667
186.118
186.622
187.119
187.659
188.118
188.634
189.118
189.647
190.119
190.638
191.117
191.655
192.119
192.638
193.119
193.651
194.121
194.638
195.117
195.64
196.138
196.636
197.118
197.642
198.133
198.636
199.146
199.67
200.135
200.664
201.156
201.671
202.119
202.623
203.118
203.73
204.118
204.684
205.181
205.689
206.117
206.623
207.118
207.665
208.18
208.637
209.117
209.66
210.119
210.62
211.118
211.656
212.119
212.62
213.119
213.678
214.119
214.673
215.12
215.659
216.121
216.652
217.13
217.668
218.119
218.621
219.121
219.666
220.118
220.622
221.118
221.664
222.12
222.637
223.119
223.638
224.118
224.639
225.118
225.635
226.119
226.636
227.119
227.689
228.118
228.639
229.117
229.638
230.121
230.637
231.117
231.634
232.118
232.64
233.117
233.715
234.119
234.621
235.118
235.663
236.119
236.675
237.118
237.656
238.118
238.622
239.162
239.665
240.12
240.621
241.12
241.654
242.117
242.619
243.118
243.651
244.117
244.656
245.119
245.657
246.117
246.62
247.118
247.661
248.12
248.685
249.121
249.648
250.121
250.637
251.119
251.662
252.119
252.639
253.118
253.659
254.119
254.622
255.142
255.665
256.117
256.621
257.12
257.663
258.118
258.622
259.118
259.662
260.12
260.622
261.117
261.652
262.121
262.619
263.12
263.678
264.118
264.622
265.122
265.679
266.12
266.703
267.169
267.663
268.12
268.62
269.125
269.676
270.118
270.62
271.12
271.683
272.119
272.622
273.119
273.678
274.118
274.622
275.119
275.7
276.13
276.639
277.118
277.763
278.12
278.621
279.118
279.743
280.119
280.64
281.118
281.679
282.131
282.623
283.132
283.684
284.125
284.626
285.173
285.675
286.118
286.624
287.119
287.675
288.118
288.622
289.118
289.647
290.121
290.638
291.12
291.644
292.121
292.675
293.122
293.678
294.221
294.641
295.122
295.682
296.118
296.645
297.117
297.661
298.122
298.63
299.118
299.666
300.12
300.662
301.119
301.679
302.151
302.64
303.117
303.663
304.119
304.684
305.121
305.714
306.121
306.639
307.118
307.717
308.12
308.624
309.122
309.678
310.118
310.667
311.12
311.665
312.119
312.625
313.12
313.671
314.117
314.625
315.128
315.666
316.135
316.642
317.164
317.659
318.13
318.641
319.126
319.672
320.163
320.623
321.126
321.682
322.124
322.622
323.119
323.661
324.16
324.622
325.119
325.665
326.122
326.641
327.121
327.668
328.15
328.644
329.117
329.693
330.179
330.623
331.119
331.735
332.121
332.648
333.12
333.655
334.12
334.641
335.12
335.667
336.121
336.625
337.12
337.652
338.123
338.64
339.152
339.694
340.119
340.709
341.12
341.65
342.12
342.638
343.177
343.739
344.196
344.695
345.12
345.668
346.117
346.623
347.179
347.666
348.12
348.647
349.122
349.667
350.119
350.622
351.129
351.669
352.12
352.626
353.123
353.682
354.161
354.622
355.117
355.655
356.153
356.642
357.12
357.656
358.119
358.64
359.119
359.685
360.182
360.625
361.123
361.658
362.193
362.671
363.123
363.702
364.118
364.648
365.117
365.652
366.12
366.64
367.117
367.643
368.118
368.641
369.118
369.648
370.119
370.641
371.119
371.65
372.129
372.638
373.122
373.649
374.125
374.64
375.118
375.651
376.12
376.639
377.153
377.655
378.123
378.643
379.119
379.66
380.123
380.639
381.13
381.664
382.219
382.623
383.124
383.685
384.226
384.65
385.139
385.748
386.239
386.657
387.195
387.767
388.181
388.685
389.122
389.668
390.153
390.638
391.157
391.732
392.223
392.708
393.121
393.668
394.117
394.637
395.174
395.746
396.118
396.637
397.146
397.665
398.187
398.7
399.119
399.674
400.118
400.621
401.119
401.672
402.12
402.624
403.117
403.666
404.147
404.673
405.121
405.738
406.121
406.639
407.158
407.675
408.118
408.641
409.119
409.674
410.122
410.641
411.118
411.653
412.122
412.636
413.121
413.682
414.12
414.621
415.121
415.664
416.12
416.622
417.12
417.664
418.117
418.643
419.12
419.66
420.147
420.646
421.118
421.669
422.118
422.629
423.119
423.671
424.185
424.701
425.162
425.703
426.182
426.664
427.147
427.708
428.158
428.679
429.122
429.674
430.159
430.64
431.119
431.655
432.119
432.644
433.122
433.646
434.121
434.641
435.118
435.714
436.12
436.639
437.146
437.66
438.175
438.622
439.117
439.656
440.118
440.626
441.139
441.678
442.117
442.624
443.12
443.663
444.143
444.622
445.119
445.662
446.119
446.678
447.12
447.678
448.132
448.622
449.117
449.673
450.123
450.639
451.117
451.662
452.193
452.639
453.119
453.666
454.122
454.622
455.119
455.654
456.118
456.64
457.118
457.676
458.184
458.696
459.141
459.708
460.118
460.639
461.123
461.68
462.172
462.639
463.117
463.704
464.119
464.638
465.118
465.656
466.119
466.637
467.119
467.649
468.127
468.637
469.119
469.649
470.119
470.638
471.145
471.65
472.17
472.641
473.119
473.662
474.119
474.627
475.117
475.666
476.122
476.623
477.118
477.669
478.158
478.626
479.124
479.662
480.173
480.621
481.158
481.648
482.12
482.664
483.186
483.674
484.118
484.622
485.117
485.672
486.118
486.64
487.117
487.664
488.124
488.64
489.148
489.651
490.12
490.622
491.119
491.745
492.118
492.622
493.12
493.674
494.119
494.637
495.123
495.647
496.15
496.679
497.12
497.671
498.122
498.628
499.12
499.67
500.119
500.639
501.119
501.76
502.195
502.625
503.125
503.708
504.194
504.682
505.154
505.681
506.12
506.643
507.132
507.663
508.123
508.643
509.118
509.668
510.156
510.623
511.125
511.665
512.12
512.621
513.144
513.667
514.126
514.628
515.119
515.666
516.125
516.694
517.119
517.674
518.122
518.623
519.118
519.656
520.17
520.638
521.118
521.649
522.144
522.642
523.117
523.661
524.121
524.626
525.119
525.657
526.119
526.624
527.12
527.728
528.118
528.623
529.124
529.664
530.156
530.677
531.119
531.67
532.12
532.703
533.12
533.654
534.117
534.622
535.162
535.657
536.119
536.641
537.118
537.683
538.118
538.623
539.12
539.659
540.121
540.62
541.117
541.698
542.146
542.636
543.123
543.647
544.121
544.715
545.12
545.694
546.124
546.682
547.122
547.673
548.118
548.624
549.117
549.657
550.121
550.638
551.123
551.674
552.119
552.622
553.117
553.662
554.12
554.687
555.123
555.667
556.119
556.628
557.12
557.674
558.154
558.664
559.151
559.741
560.194
560.643
561.123
561.649
562.118
562.638
563.139
563.67
564.118
564.624
565.123
565.665
566.147
566.64
567.149
567.649
568.123
568.637
569.119
569.651
570.118
570.641
571.182
571.72
572.12
572.702
573.161
573.716
574.186
574.677
575.145
575.732
576.177
576.644
577.14
577.661
578.12
578.658
579.122
579.671
580.17
580.735
581.122
581.663
582.154
582.682
583.122
583.654
584.17
584.623
585.12
585.695
586.183
586.623
587.121
587.724
588.143
588.625
589.124
589.674
590.123
590.666
591.121
591.679
592.125
592.642
593.12
593.653
594.125
594.666
595.12
595.69
596.121
596.653
597.125
597.668
598.137
598.668
599.118
599.673
600.117
600.672
601.121
601.69
602.119
602.669
603.153
603.722
604.117
604.639
605.117
605.675
606.138
606.64
607.155
607.672
608.117
608.636
609.121
609.732
610.117
610.625
611.118
611.666
612.121
612.644
613.129
613.645
614.148
614.639
615.118
615.669
616.121
616.64
617.122
617.674
618.125
618.624
619.119
619.673
620.15
620.62
621.12
621.667
622.122
622.645
623.124
623.65
624.142
624.638
625.143
625.657
626.195
626.658
627.175
627.703
628.119
628.637
629.13
629.705
630.122
630.622
631.124
631.693
632.17
632.621
633.124
633.671
634.117
634.639
635.123
635.699
636.117
636.67
637.118
637.654
638.118
638.625
639.118
639.664
640.118
640.627
641.117
641.664
642.122
642.623
643.123
643.668
644.151
644.622
645.123
645.675
646.129
646.621
647.158
647.675
648.12
648.626
649.117
649.665
650.117
650.626
651.143
651.731
652.118
652.627
653.119
653.692
654.119
654.647
655.147
655.649
656.133
656.646
657.124
657.668
658.169
658.688
659.123
659.656
660.158
660.624
661.157
661.662
662.189
662.646
663.118
663.679
664.178
664.626
665.117
665.771
666.151
666.661
667.118
667.661
668.118
668.627
669.184
669.672
670.119
670.624
671.124
671.686
672.17
672.624
673.188
673.666
674.122
674.671
675.122
675.673
676.117
676.641
677.123
677.743
678.122
678.62
679.175
679.671
680.158
680.627
681.12
681.71
682.125
682.66
683.158
683.743
684.219
684.701
685.123
685.679
686.12
686.628
687.123
687.715
688.157
688.675
689.181
689.704
690.121
690.626
691.179
691.685
692.167
692.716
693.174
693.748
694.216
694.688
695.154
695.737
696.217
696.683
697.187
697.717
698.197
698.677
699.157
699.663
700.119
700.758
701.189
701.662
702.125
702.638
703.199
703.736
704.235
704.642
705.119
705.662
706.118
706.621
707.12
707.72
708.118
708.685
709.12
709.653
710.12
710.643
711.124
711.757
712.122
712.649
713.119
713.66
714.119
714.643
715.123
715.669
716.196
716.62
717.122
717.679
718.118
718.677
719.123
719.673
720.124
720.622
721.125
721.669
722.118
722.64
723.117
723.644
724.228
724.644
725.134
725.676
726.153
726.626
727.19
727.677
728.124
728.622
729.119
729.649
730.123
730.621
731.122
731.666
732.123
732.737
733.124
733.657
734.119
734.645
735.119
735.657
736.118
736.637
737.119
737.653
738.12
738.644
739.117
739.659
740.12
740.645
741.124
741.653
742.121
742.646
743.123
743.647
744.123
744.638
745.129
745.665
746.128
746.649
747.15
747.653
748.123
748.642
749.12
749.67
750.122
750.624
751.118
751.672
752.155
752.62
753.118
753.676
754.122
754.626
755.125
755.674
756.119
756.685
757.119
757.671
758.123
758.622
759.122
759.67
760.124
760.655
761.123
761.668
762.124
762.621
763.117
763.669
764.141
764.662
765.125
765.654
766.12
766.661
767.117
767.677
768.121
768.679
769.125
769.68
770.123
770.623
771.119
771.661
772.176
772.641
773.118
773.644
774.12
774.639
775.123
775.648
776.123
776.661
777.125
777.703
778.124
778.644
779.119
779.654
780.12
780.641
781.117
781.669
782.118
782.645
783.121
783.653
784.119
784.702
785.121
785.654
786.121
786.639
787.12
787.652
788.152
788.627
789.119
789.704
790.118
790.628
791.122
791.67
792.146
792.687
793.15
793.658
794.122
794.641
795.121
795.73
796.148
796.709
797.121
797.662
798.121
798.627
799.148
799.666
800.12
800.629
801.121
801.664
802.117
802.684
803.124
803.697
804.12
804.708
805.153
805.658
806.121
806.718
807.117
807.729
808.123
808.645
809.118
809.678
810.12
810.636
811.124
811.666
812.119
812.627
813.121
813.675
814.122
814.628
815.121
815.665
816.119
816.626
817.172
817.666
818.122
818.627
819.121
819.665
820.149
820.661
821.121
821.663
822.121
822.627
823.117
823.67
824.122
824.644
825.117
825.648
826.14
826.647
827.122
827.668
828.17
828.637
829.117
829.647
830.121
830.644
831.12
831.645
832.137
832.641
833.121
833.653
834.122
834.641
835.124
835.653
836.12
836.642
837.117
837.646
838.118
838.643
839.122
839.674
840.121
840.626
841.117
841.668
842.15
842.627
843.122
843.702
844.121
844.627
845.121
845.684
846.122
846.638
847.124
847.665
848.147
848.622
849.121
849.678
850.117
850.644
851.122
851.693
852.122
852.643
853.122
853.652
854.12
854.692
855.12
855.664
856.121
856.623
857.121
857.673
858.173
858.658
859.121
859.651
860.119
860.661
861.117
861.641
862.117
862.644
863.184
863.67
864.117
864.67
865.117
865.72
866.122
866.697
867.121
867.666
868.119
868.668
869.122
869.671
870.12
870.626
871.117
871.674
872.124
872.654
873.12
873.646
874.122
874.66
875.118
875.662
876.119
876.638
877.124
877.645
878.149
878.623
879.12
879.643
880.117
880.642
881.12
881.643
882.133
882.66
883.125
883.664
884.119
884.693
885.125
885.648
886.117
886.637
887.119
887.66
888.118
888.621
889.12
889.667
890.118
890.664
891.122
891.668
892.123
892.629
893.118
893.674
894.119
894.621
895.12
895.655
896.125
896.657
897.12
897.663
898.122
898.767
899.168
899.747
900.206
900.639
901.119
901.663
902.118
902.638
903.117
903.729
904.118
904.628
905.118
905.678
906.121
906.686
907.224
907.68
908.219
908.639
909.12
909.742
910.182
910.62
911.119
911.77
912.121
912.622
913.174
913.69
914.118
914.626
915.119
915.67
916.121
916.666
917.125
917.759
918.16
918.643
919.122
919.689
920.238
920.64
921.121
921.754
922.196
922.633
923.119
923.662
924.119
924.642
925.117
925.664
926.203
926.648
927.16
927.671
928.169
928.637
929.126
929.67
930.12
930.638
931.121
931.655
932.149
932.621
933.137
933.673
934.121
934.689
935.117
935.745
936.192
936.684
937.153
937.701
938.223
938.7
939.158
939.677
940.12
940.624
941.119
941.693
942.12
942.627
943.12
943.69
944.118
944.627
945.125
945.65
946.121
946.629
947.122
947.655
948.125
948.643
949.12
949.666
950.118
950.629
951.125
951.668
952.119
952.641
953.121
953.646
954.148
954.677
955.122
955.646
956.12
956.621
957.12
957.688
958.12
958.642
959.134
959.709
960.117
960.62
961.128
961.661
962.12
962.643
963.119
963.646
964.126
964.64
965.12
965.645
966.158
966.627
967.126
967.73
968.121
968.639
969.119
969.644
970.125
970.673
971.12
971.67
972.121
972.621
973.121
973.677
974.123
974.628
975.12
975.665
976.125
976.639
977.123
977.682
978.12
978.623
979.125
979.645
980.119
980.624
981.12
981.716
982.131
982.642
983.122
983.648
984.12
984.636
985.149
985.668
986.125
986.629
987.124
987.739
988.223
988.637
989.118
989.665
990.175
990.688
991.127
991.682
992.122
992.652
993.164
993.665
994.118
994.656
995.117
995.689
996.207
996.672
997.165
997.708
998.213
998.678
999.163
999.721
1000.16
1000.64
1001.12
1001.71
1002.2
1002.68
1003.2
1003.75
1004.16
1004.71
1005.16
1005.7
1006.17
1006.66
1007.21
1007.67
1008.12
1008.72
1009.17
1009.75
1010.12
1010.64
1011.21
1011.66
1012.12
1012.65
1013.15
1013.66
1014.2
1014.64
1015.14
1015.67
1016.16
1016.63
1017.12
1017.67
1018.12
1018.62
1019.13
1019.67
1020.12
1020.63
1021.12
1021.7
1022.12
1022.64
1023.12
1023.65
1024.13
1024.63
1025.12
1025.67
1026.12
1026.62
1027.12
1027.66
1028.12
1028.62
1029.12
1029.65
1030.12
1030.62
1031.12
1031.65
1032.13
1032.64
1033.12
1033.66
1034.15
1034.63
1035.12
1035.65
1036.12
1036.64
1037.12
1037.64
1038.12
1038.64
1039.12
1039.64
1040.12
1040.64
1041.12
1041.73
1042.16
1042.62
1043.12
1043.72
1044.12
1044.62
1045.12
1045.65
1046.14
1046.64
1047.12
1047.65
1048.14
1048.64
1049.13
1049.67
1050.12
1050.63
1051.16
1051.75
1052.16
1052.66
1053.16
1053.74
1054.25
1054.63
1055.12
1055.75
1056.19
1056.66
1057.12
1057.66
1058.12
1058.66
1059.12
1059.67
1060.12
1060.62
1061.12
1061.66
1062.12
1062.64
1063.12
1063.65
1064.12
1064.7
1065.12
1065.65
1066.12
1066.64
1067.12
1067.65
1068.12
1068.64
1069.12
1069.66
1070.12
1070.63
1071.12
1071.66
1072.12
1072.66
1073.12
1073.72
1074.12
1074.66
1075.13
1075.72
1076.12
1076.62
1077.13
1077.67
1078.12
1078.64
1079.12
1079.65
1080.12
1080.64
1081.12
1081.65
1082.12
1082.64
1083.12
1083.65
1084.13
1084.64
1085.12
1085.65
1086.16
1086.69
1087.12
1087.67
1088.12
1088.62
1089.18
1089.66
1090.12
1090.65
1091.12
1091.67
1092.12
1092.63
1093.12
1093.66
1094.14
1094.62
1095.17
1095.66
1096.12
1096.62
1097.12
1097.66
1098.12
1098.62
1099.12
1099.67
1100.12
1100.62
1101.12
1101.66
1102.16
1102.62
1103.12
1103.67
1104.12
1104.62
1105.12
1105.67
1106.12
1106.62
1107.13
1107.67
1108.12
1108.62
1109.12
1109.65
1110.16
1110.65
1111.13
1111.67
1112.13
1112.67
1113.13
1113.67
1114.12
1114.72
1115.12
1115.65
1116.12
1116.64
1117.14
1117.65
1118.12
1118.64
1119.12
1119.66
1120.12
1120.64
1121.12
1121.65
1122.12
1122.64
1123.13
1123.7
1124.13
1124.64
1125.12
1125.67
1126.12
1126.64
1127.13
1127.74
1128.25
1128.73
1129.19
1129.7
1130.18
1130.66
1131.15
1131.71
1132.17
1132.73
1133.18
1133.7
1134.18
1134.62
1135.12
1135.66
1136.12
1136.62
1137.12
1137.66
1138.12
1138.62
1139.13
1139.67
1140.12
1140.65
1141.12
1141.64
1142.13
1142.64
1143.12
1143.64
1144.12
1144.64
1145.14
1145.65
1146.13
1146.64
1147.12
1147.69
1148.12
1148.64
1149.12
1149.66
1150.19
1150.64
1151.14
1151.66
1152.12
1152.68
1153.12
1153.67
1154.12
1154.64
1155.12
1155.66
1156.12
1156.63
1157.13
1157.67
1158.12
1158.64
1159.12
1159.72
1160.12
1160.63
1161.12
1161.64
1162.12
1162.65
1163.12
1163.66
1164.12
1164.62
1165.12
1165.67
1166.12
1166.63
1167.12
1167.66
1168.12
1168.66
1169.12
1169.67
1170.12
1170.66
1171.12
1171.64
1172.13
1172.64
1173.13
1173.64
1174.15
1174.64
1175.12
1175.65
1176.12
1176.64
1177.12
1177.66
1178.12
1178.63
1179.12
1179.66
1180.12
1180.63
1181.12
1181.66
1182.15
1182.62
1183.12
1183.66
1184.12
1184.62
1185.12
1185.66
1186.12
1186.67
1187.12
1187.66
1188.12
1188.62
1189.12
1189.67
1190.13
1190.64
1191.12
1191.64
1192.13
1192.64
1193.12
1193.7
1194.12
1194.64
1195.12
1195.65
1196.12
1196.64
1197.12
1197.72
1198.12
1198.63
1199.13
1199.66
1200.12
1200.62
1201.16
1201.66
1202.12
1202.63
1203.13
1203.66
1204.12
1204.62
1205.12
1205.67
1206.13
1206.62
1207.12
1207.67
1208.12
1208.64
1209.13
1209.65
1210.18
1210.64
1211.12
1211.68
1212.12
1212.62
1213.18
1213.68
1214.12
1214.62
1215.12
1215.66
1216.12
1216.63
1217.12
1217.66
1218.14
1218.63
1219.12
1219.67
1220.15
1220.62
1221.12
1221.67
1222.12
1222.62
1223.12
1223.66
1224.12
1224.62
1225.14
1225.66
1226.12
1226.62
1227.12
1227.66
1228.12
1228.62
1229.12
1229.66
1230.12
1230.64
1231.12
1231.65
1232.12
1232.66
1233.12
1233.65
1234.13
1234.66
1235.12
1235.66
1236.12
1236.68
1237.14
1237.66
1238.13
1238.63
1239.16
1239.65
1240.12
1240.64
1241.12
1241.64
1242.12
1242.66
1243.12
1243.72
1244.12
1244.62
1245.12
1245.65
1246.15
1246.65
1247.12
1247.66
1248.12
1248.63
1249.12
1249.65
1250.12
1250.68
1251.12
1251.66
1252.13
1252.63
1253.12
1253.66
1254.12
1254.63
1255.12
1255.66
1256.12
1256.63
1257.13
1257.72
1258.15
1258.62
1259.12
1259.66
1260.12
1260.62
1261.12
1261.7
1262.19
1262.68
1263.12
1263.67
1264.16
1264.62
1265.12
1265.67
1266.12
1266.63
1267.13
1267.66
1268.12
1268.66
1269.12
1269.64
1270.12
1270.64
1271.12
1271.64
1272.12
1272.64
1273.12
1273.66
1274.12
1274.65
1275.12
1275.66
1276.12
1276.69
1277.12
1277.66
1278.13
1278.62
1279.12
1279.66
1280.15
1280.62
1281.13
1281.66
1282.12
1282.63
1283.15
1283.64
1284.12
1284.64
1285.13
1285.64
1286.14
1286.64
1287.13
1287.64
1288.12
1288.64
1289.12
1289.65
1290.12
1290.66
1291.12
1291.64
1292.12
1292.64
1293.12
1293.64
1294.12
1294.69
1295.12
1295.64
1296.13
1296.65
1297.12
1297.64
1298.12
1298.64
1299.12
1299.67
1300.13
1300.62
1301.13
1301.66
1302.12
1302.67
1303.15
1303.64
1304.12
1304.65
1305.12
1305.64
1306.13
1306.64
1307.12
1307.66
1308.12
1308.62
1309.12
1309.67
1310.12
1310.63
1311.13
1311.66
1312.12
1312.65
1313.12
1313.65
1314.12
1314.65
1315.13
1315.64
1316.12
1316.66
1317.12
1317.64
1318.12
1318.64
1319.16
1319.65
1320.12
1320.64
1321.12
1321.65
1322.12
1322.64
1323.12
1323.64
1324.15
1324.64
1325.12
1325.65
1326.12
1326.64
1327.12
1327.67
1328.12
1328.64
1329.12
1329.65
1330.12
1330.67
1331.12
1331.67
1332.14
1332.64
1333.12
1333.66
1334.12
1334.62
1335.12
1335.67
1336.15
1336.64
1337.12
1337.64
1338.12
1338.64
1339.12
1339.64
1340.12
1340.64
1341.12
1341.64
1342.12
1342.64
1343.12
1343.7
1344.12
1344.64
1345.12
1345.65
1346.12
1346.64
1347.15
1347.65
1348.13
1348.69
1349.12
1349.66
1350.12
1350.62
1351.12
1351.66
1352.14
1352.62
1353.13
1353.67
1354.12
1354.69
1355.17
1355.66
1356.12
1356.63
1357.12
1357.73
1358.14
1358.62
1359.12
1359.66
1360.12
1360.64
1361.16
1361.65
1362.12
1362.64
1363.12
1363.76
1364.12
1364.62
1365.12
1365.67
1366.12
1366.67
1367.12
1367.66
1368.16
1368.69
1369.21
1369.69
1370.12
1370.69
1371.12
1371.67
1372.14
1372.63
1373.12
1373.67
1374.21
1374.65
1375.12
1375.64
1376.12
1376.65
1377.12
1377.65
1378.12
1378.64
1379.12
1379.65
1380.12
1380.64
1381.13
1381.63
1382.14
1382.65
1383.15
1383.65
1384.14
1384.65
1385.14
1385.67
1386.14
1386.65
1387.15
1387.65
1388.16
1388.66
1389.15
1389.67
1390.16
1390.67
1391.14
1391.69
1392.15
1392.66
1393.16
1393.65
1394.13
1394.66
1395.15
1395.67
1396.14
1396.65
1397.15
1397.64
1398.14
1398.66
1399.13
1399.67
1400.14
1400.66
1401.15
1401.65
1402.15
1402.65
1403.15
1403.65
1404.15
1404.66
1405.15
1405.66
1406.15
1406.67
1407.14
1407.66
1408.13
1408.66
1409.15
1409.68
1410.15
1410.66
1411.14
1411.67
1412.14
1412.65
1413.15
1413.65
1414.15
1414.66
1415.13
1415.65
1416.14
1416.65
1417.15
1417.66
1418.14
1418.65
1419.14
1419.66
1420.13
1420.66
1421.15
1421.64
1422.14
1422.66
1423.15
1423.67
1424.14
1424.65
1425.14
1425.68
1426.16
1426.67
1427.14
1427.69
1428.15
1428.66
1429.14
1429.66
1430.14
1430.64
1431.13
1431.67
1432.13
1432.67
1433.14
1433.68
1434.14
1434.63
1435.14
1435.68
1436.15
1436.66
1437.13
1437.65
1438.15
1438.66
1439.13
1439.67
1440.14
1440.65
1441.14
1441.67
1442.14
1442.66
1443.15
1443.65
