0.002815
0.004279
0.004177
0.003886
0.004650
0.007225
0.006263
0.004597
0.004180
0.005315
0.005147
0.005930
0.003534
0.004715
0.004881
0.007649
0.006345
0.004833
0.004905
0.004403
0.004902
0.005022
0.003901
0.005125
0.004456
0.004189
0.004364
0.003372
0.004023
0.004231
0.003925
0.004117
0.004723
0.004829
0.004517
0.003978
0.003383
0.004291
0.003052
0.004275
0.003714
0.004580
0.006339
0.004659
0.003096
0.005618
0.009081
0.008860
0.008108
0.007267
0.006397
0.004805
0.004944
0.005118
0.006573
0.004419
0.003951
0.003638
0.003329
0.001334
0.006937
0.002395
0.004554
0.004817
0.005352
0.005210
0.007652
0.005423
0.005150
0.005114
0.007162
0.005102
0.005096
0.005082
0.005141
0.005131
0.005193
0.005183
0.005202
0.005203
0.005171
0.008551
0.005011
0.006884
0.006572
0.006208
0.005124
0.005431
0.005540
0.005927
0.006174
0.004943
0.005371
0.004500
0.004142
0.004942
0.004528
0.004204
0.005209
0.003901
0.004840
0.004615
0.003944
0.004820
0.002419
0.003049
0.006080
0.005583
0.004977
0.003527
0.004443
0.004408
0.005840
0.005873
0.004928
0.006102
0.007250
0.007143
0.005348
0.004246
0.003760
0.005668
0.005925
0.006831
0.004287
0.005376
0.003469
0.003297
0.003224
0.003976
0.003815
0.004006
0.003722
0.009921
0.010601
0.016683
0.010477
0.010375
0.010352
0.009603
0.009371
0.019432
0.005116
0.006088
0.006541
0.004519
0.002926
0.003309
0.011811
0.011891
0.012010
0.012043
0.012046
0.011985
0.012006
0.011961
0.012018
0.013084
0.013093
0.012470
0.012629
0.012541
0.011642
0.012292
0.009286
0.007061
0.002659
