162.949219
162.949219
165.015625
171.625000
171.625000
171.625000
171.625000
171.625000
171.625000
171.625000
172.109375
172.109375
172.109375
172.109375
172.109375
172.109375
172.109375
172.109375
172.109375
172.109375
172.109375
172.109375
172.109375
172.109375
172.109375
172.109375
172.109375
172.109375
172.109375
172.109375
172.109375
172.109375
172.109375
172.109375
172.109375
173.140625
173.140625
173.140625
173.140625
173.140625
173.140625
173.140625
173.140625
173.140625
173.140625
173.140625
173.140625
173.140625
173.140625
173.140625
173.140625
173.140625
173.140625
173.140625
173.140625
173.140625
173.398438
173.398438
173.398438
173.398438
173.398438
173.398438
173.398438
173.398438
173.398438
173.398438
173.398438
173.398438
173.398438
173.398438
173.398438
173.398438
173.398438
173.398438
173.398438
173.398438
173.398438
173.398438
173.398438
173.398438
173.398438
173.398438
173.914062
173.914062
173.914062
173.914062
173.914062
173.914062
173.914062
173.914062
173.914062
173.914062
173.914062
173.914062
173.914062
173.914062
173.914062
173.914062
173.914062
173.914062
173.914062
173.914062
173.914062
173.914062
173.914062
173.914062
173.914062
173.914062
173.914062
173.914062
173.914062
173.914062
173.914062
173.914062
173.914062
173.914062
173.914062
173.914062
173.914062
173.914062
173.914062
173.914062
173.914062
173.914062
173.914062
173.914062
173.914062
173.914062
173.914062
173.914062
173.914062
173.914062
173.914062
173.914062
173.914062
173.914062
173.914062
173.914062
173.914062
173.914062
173.914062
173.914062
173.914062
173.914062
173.914062
173.914062
173.914062
173.914062
173.914062
173.914062
173.914062
173.914062
173.914062
173.914062
173.914062
173.914062
173.914062
173.914062
173.914062
173.914062
173.914062
173.914062
173.914062
173.914062
173.914062
173.914062
173.914062
173.914062
173.914062
173.914062
173.914062
173.914062
173.914062
173.914062
174.171875
