2.09888
2.59898
3.09893
3.6088
4.09902
4.59891
5.09888
5.59894
6.09893
6.59883
7.09908
7.59886
8.09883
8.59892
9.09884
9.59882
10.099
10.5988
11.099
11.5995
12.0989
12.5989
13.099
13.599
14.0989
14.599
15.1205
15.599
16.099
16.6083
17.0989
17.5995
18.0988
18.599
19.1212
19.5989
20.0988
20.5989
21.0989
21.5991
22.0988
22.5988
23.099
23.5989
24.099
24.6048
25.0988
25.599
26.0988
26.5988
27.0989
27.6036
28.0988
28.599
29.0989
29.5989
30.0988
30.5988
31.0988
31.5993
32.0988
32.5989
33.0989
33.5989
34.099
34.5988
35.0989
35.5989
36.099
36.6093
37.0989
37.599
38.0989
38.599
39.099
39.6163
40.0989
40.599
41.0989
41.5989
42.099
42.5989
43.1172
43.6
44.0988
44.5988
45.1163
45.5989
46.0989
46.599
47.0989
47.599
48.1003
48.599
49.0989
49.6142
50.0988
50.5988
51.0992
51.5988
52.1028
52.5989
53.0989
53.5988
54.0989
54.5989
55.0989
55.599
56.0989
56.5989
57.0989
57.5989
58.099
58.5991
59.0989
59.5989
60.0988
60.5988
61.0989
61.5989
62.099
62.5989
63.1138
63.5988
64.099
64.5988
65.0989
65.5991
66.099
66.599
67.1219
67.5988
68.099
68.5988
69.0988
69.5991
70.0988
70.5989
71.099
71.5988
72.0989
72.5989
73.099
73.5989
74.099
74.5989
75.1101
75.6016
76.099
76.5989
77.1193
77.5989
78.0989
78.599
79.1254
79.5988
80.0989
80.5989
81.0989
81.5988
82.0991
82.5989
83.1074
83.6222
84.0989
84.5989
85.0994
85.5991
86.0992
86.5988
87.0989
87.5989
88.0989
88.5993
89.0998
