4.86705
5.42512
5.47355
5.5567
5.68824
6.36734
6.76352
7.56524
7.95264
8.08715
8.93284
9.43332
10.0711
11.0299
11.6792
11.965
12.7561
13.6792
14.2056
14.352
15.4172
15.5488
16.6082
17.1444
17.4123
17.4425
17.4718
17.5009
17.6726
17.7017
19.0147
19.2754
19.3027
19.3338
19.8206
20.8039
21.4081
22.7824
22.9962
24.2128
24.4719
24.6183
25.9962
27.3734
27.9336
27.9656
28.2186
29.5902
30.9712
31.9615
32.0868
32.2076
33.3475
33.5608
33.6771
34.7577
34.8724
35.8006
36.6092
37.8036
37.9246
37.9581
37.9896
38.0199
39.4126
39.442
39.4766
39.5131
39.5537
39.5819
39.6162
39.6428
39.6751
39.7031
39.7333
39.7637
39.799
39.8356
39.8668
39.8959
39.9296
41.3147
41.8061
42.073
43.3766
43.4169
43.4529
43.5998
43.6369
43.6781
43.7173
43.8459
45.1444
45.28
45.3979
46.5953
46.7487
48.0399
48.354
49.6401
49.8203
50.2113
50.3432
51.4072
52.7358
52.8748
53.013
54.4004
55.7719
56.3405
56.3797
57.2801
58.6687
59.5641
59.6855
60.8771
61.1575
61.2798
62.3476
63.7321
64.7541
64.7974
66.1732
66.879
67.8341
68.2211
69.5953
70.7441
71.3974
72.3472
72.8762
73.0159
73.2638
73.4047
74.7826
74.9472
75.0822
75.2302
75.3956
75.601
75.7545
76.0563
77.4121
77.9408
78.2002
80.3413
81.3969
81.5412
81.6857
83.0578
83.1071
83.1573
83.2096
83.2592
83.3115
83.3628
83.4169
83.4706
83.5219
83.572
83.6221
83.6742
85.0485
86.4209
87.7994
88.0814
89.4004
