2.09885
2.59895
3.09887
3.60879
4.09899
4.5989
5.09886
5.59892
6.0989
6.59882
7.09906
7.59884
8.09882
8.59891
9.09882
9.5988
10.099
10.5987
11.0989
11.5994
12.0989
12.5989
13.099
13.599
14.0989
14.599
15.1205
15.5989
16.099
16.6083
17.0989
17.5995
18.0988
18.599
19.1212
19.5989
20.0988
20.5989
21.0988
21.599
22.0988
22.5988
23.099
23.5989
24.099
24.6048
25.0988
25.599
26.0988
26.5988
27.0988
27.6036
28.0988
28.599
29.0989
29.5989
30.0988
30.5988
31.0988
31.5993
32.0988
32.5989
33.0989
33.5989
34.099
34.5988
35.0989
35.5989
36.099
36.6093
37.0988
37.599
38.0989
38.599
39.099
39.6163
40.0988
40.599
41.0989
41.5988
42.099
42.5989
43.1172
43.6
44.0988
44.5988
45.1163
45.5988
46.0989
46.599
47.0989
47.5989
48.1002
48.599
49.0989
49.6142
50.0988
50.5988
51.0992
51.5988
52.1028
52.5988
53.0989
53.5988
54.0989
54.5988
55.0988
55.599
56.0988
56.5989
57.0988
57.5989
58.099
58.599
59.0989
59.5988
60.0988
60.5988
61.0989
61.5989
62.099
62.5988
63.1138
63.5988
64.099
64.5988
65.0989
65.599
66.099
66.599
67.1219
67.5988
68.0989
68.5988
69.0988
69.599
70.0988
70.5989
71.0989
71.5988
72.0989
72.5988
73.099
73.5989
74.099
74.5989
75.1101
75.6015
76.099
76.5988
77.1193
77.5988
78.0989
78.599
79.1254
79.5988
80.0989
80.5989
81.0989
81.5988
82.0991
82.5989
83.1074
83.6222
84.0989
84.5989
85.0994
85.5991
86.0992
86.5988
87.0988
87.5988
88.0988
88.5992
89.0997
