0.000000
0.000000
0.200000
0.700000
1.286667
1.886667
2.460302
3.399191
4.333119
5.323221
6.309165
7.343664
8.317610
9.308170
10.300098
11.283801
12.171539
12.973825
14.030996
15.025902
16.002426
16.952173
17.945526
18.930473
19.833265
20.722074
21.698309
22.689217
23.629593
24.526202
25.449162
26.466151
27.272422
27.883955
28.803696
29.764719
31.052046
32.177013
33.239733
34.220146
34.889097
35.472513
36.414307
37.366460
38.419041
39.501575
40.404656
40.821989
41.310438
42.193681
43.186198
44.247415
45.532160
46.660513
47.400842
48.209260
49.217930
50.207409
51.264762
52.252788
53.235740
54.192147
55.177425
56.167250
57.169459
58.063221
58.926526
59.911226
60.903325
61.909901
62.901656
63.923092
64.676334
65.348371
65.986918
66.882814
67.882988
68.950154
69.988396
71.020106
72.012331
72.990219
73.981070
74.968444
75.799003
76.728335
77.718138
78.693900
79.647610
80.643782
81.602574
82.653056
83.642966
84.626701
85.573031
86.511757
87.169141
88.123428
89.108010
90.093350
90.988014
91.966605
92.929005
93.717557
94.067239
94.701728
95.688554
96.681781
97.671437
98.661568
99.712198
100.632660
101.368778
102.189278
103.082568
104.068546
105.025222
105.781378
106.599482
107.187365
107.671514
108.590874
109.534547
110.521998
111.579473
112.569187
113.554023
114.543400
115.533813
116.507860
117.562147
118.528758
119.520416
120.503942
121.494928
122.480541
123.450015
124.447188
125.496022
126.487587
127.462506
128.476685
129.457126
130.435294
130.860169
131.211322
132.051134
132.997750
133.820921
134.780778
135.839192
136.837467
137.657524
138.581662
139.502298
140.366984
141.329216
142.419820
143.284377
144.127699
145.035862
145.554585
146.063193
147.014518
148.006891
148.997400
149.988557
150.979209
151.969513
152.960212
154.013325
155.006354
156.005008
156.897372
157.357166
