0.006385
0.007450
0.007441
0.008204
0.005964
0.008513
0.008268
0.007544
0.008710
0.007498
0.008687
0.009251
0.005974
0.004820
0.007237
0.007913
0.008129
0.007403
0.007381
0.007637
0.008164
0.009269
0.005766
0.007907
0.006845
0.006646
0.006320
0.006511
0.007484
0.006665
0.009463
0.009418
0.008458
0.009288
0.009466
0.006314
0.008403
0.006728
0.005122
0.007429
0.006394
0.005692
0.008148
0.008061
0.005111
0.009152
0.008291
0.007249
0.009548
0.006893
0.006757
0.005854
0.007588
0.007485
0.008388
0.009039
0.008645
0.007041
0.004994
0.007495
0.012252
0.007710
0.007164
0.007337
0.007346
0.007932
0.008993
0.007015
0.009024
0.007176
0.009628
0.008118
0.008544
0.008724
0.008447
0.009064
0.008412
0.008332
0.009311
0.008857
0.007039
0.007606
0.005815
0.008810
0.008512
0.008533
0.007064
0.008060
0.007495
0.009660
0.008851
0.007546
0.006063
0.007486
0.006148
0.007240
0.007564
0.007691
0.008518
0.006673
0.006697
0.007883
0.006894
0.008560
0.007642
0.006928
0.006401
0.007547
0.006692
0.006784
0.008564
0.006309
0.007044
0.005971
0.008573
0.008681
0.006063
0.007246
0.008073
0.007417
0.007629
0.010650
0.007207
0.008964
0.006793
0.010175
0.005051
0.007123
0.007162
0.007609
0.006451
0.007297
0.005364
0.009309
0.010675
0.010019
0.010880
0.011356
0.010875
0.009392
0.008987
0.011558
0.006311
0.008911
0.008121
0.007627
0.006738
0.008806
0.016185
0.014051
0.013488
0.014605
0.016712
0.014045
0.016810
0.016036
0.014882
0.014495
0.014761
0.014087
0.014016
0.014121
0.016824
0.012006
0.010614
0.009512
0.003458
