0.000000
0.000000
0.000000
0.000000
0.000000
32.679000
35.329000
40.124000
45.353000
61.532000
83.278000
95.243000
111.904000
122.879000
132.681000
141.397000
153.858000
165.613000
174.014000
183.987000
206.485000
215.615000
230.782000
236.233000
242.187000
250.673000
257.133000
262.848000
268.203000
273.528000
280.662000
287.165000
295.534000
299.931000
303.410000
303.772000
314.095000
320.798000
332.516000
334.114000
337.288000
344.589000
346.849000
348.391000
353.819000
357.995000
363.331000
368.682000
369.369000
369.805000
370.316000
370.823000
370.881000
373.746000
378.692000
381.232000
381.752000
382.346000
382.400000
382.444000
382.628000
383.644000
388.592000
396.438000
406.577000
417.510000
431.270000
441.713000
447.396000
451.237000
459.440000
464.609000
466.254000
468.768000
470.026000
470.576000
470.965000
471.199000
471.415000
471.534000
471.611000
472.917000
479.294000
484.306000
488.374000
490.672000
493.185000
498.398000
503.125000
506.432000
511.276000
516.007000
520.486000
524.070000
529.216000
535.986000
544.396000
554.984000
565.718000
572.853000
584.627000
590.515000
596.071000
599.401000
601.390000
601.782000
602.176000
602.299000
602.354000
602.803000
607.361000
615.366000
618.047000
625.884000
634.606000
645.468000
661.193000
670.142000
679.164000
688.443000
693.555000
696.074000
711.464000
716.052000
716.516000
716.580000
718.333000
719.941000
722.989000
723.176000
724.459000
728.040000
736.120000
743.763000
752.065000
756.784000
761.243000
766.176000
775.264000
783.918000
789.766000
795.018000
803.985000
812.615000
821.284000
826.780000
827.643000
827.940000
828.028000
828.099000
828.161000
828.219000
828.746000
832.123000
834.396000
836.946000
837.343000
837.419000
837.434000
837.620000
840.614000
846.572000
849.756000
849.834000
850.435000
850.505000
850.604000
850.680000
850.839000
850.959000
851.786000
852.121000
852.336000
852.499000
852.971000
854.153000
855.734000
