1.60054
1.6006
2.10063
2.60064
3.10068
3.60934
4.1021
4.60155
5.12748
5.62433
6.10249
6.60355
7.12207
7.61994
8.1011
8.60204
9.1258
9.62467
10.1013
10.6047
11.1218
11.6244
12.102
12.6014
13.1253
13.6224
14.1012
14.6031
15.1208
15.6203
16.102
16.6091
17.1179
17.6107
18.1081
18.6024
19.1218
19.626
20.1022
20.6015
21.1226
21.6194
22.1027
22.6027
23.1286
23.6183
24.1027
24.6054
25.1259
25.6113
26.1017
26.6014
27.1236
27.6073
28.1024
28.6072
29.1216
29.6126
30.1018
30.6021
31.1256
31.6226
32.1017
32.6026
33.1244
33.6185
34.1028
34.6071
35.1214
35.6172
36.102
36.6098
37.1215
37.6058
38.1021
38.6184
39.1162
39.6193
40.1025
40.6019
41.1247
41.6158
42.1012
42.6011
43.1176
43.6077
44.1016
44.6058
45.1299
45.6181
46.102
46.6013
47.1266
47.626
48.1019
48.6021
49.1239
49.6267
50.1014
50.6072
51.1288
51.6206
52.1036
52.6013
53.1222
53.6099
54.1022
54.6023
55.1226
55.6092
56.1022
56.6025
57.1229
57.6251
58.1023
58.605
59.1205
59.6231
60.1017
60.6049
61.128
61.6158
62.1022
62.6028
63.1159
63.6209
64.1021
64.6025
65.1263
65.614
66.1025
66.6172
67.1227
67.6272
68.1025
68.6018
69.1243
69.611
70.1017
70.6073
71.1224
71.6071
72.102
72.6045
73.1214
73.6093
74.1022
74.6016
75.1106
75.6058
76.1024
76.6019
77.1198
77.6121
78.1021
78.6016
79.1258
79.6064
80.1013
80.6015
81.1233
81.6064
82.1031
82.6025
83.1212
83.6248
84.106
84.6027
85.1243
85.6038
86.1025
86.6019
87.1212
87.6137
88.1015
88.6155
89.1295
