2.1287
2.64185
3.12846
3.63445
4.12844
4.64123
5.12847
5.62828
6.12884
6.62961
7.1285
7.62838
8.1284
8.62839
9.12852
9.62833
10.1284
10.6398
11.1285
11.6284
12.1284
12.6284
13.1284
13.6283
14.1286
14.6283
15.1286
15.6283
16.1283
16.6284
17.1284
17.6284
18.1283
18.6284
19.1284
19.6285
20.1285
20.6283
21.1285
21.6283
22.1284
22.6284
23.1284
23.6284
24.1283
24.6306
25.1283
25.6283
26.1284
26.6283
27.1284
27.6285
28.1283
28.6284
29.1285
29.6284
30.1357
30.6285
31.1284
31.6285
32.1284
32.6283
33.1283
33.6287
34.1283
34.6283
35.1284
35.6408
36.1286
36.6293
37.1291
37.6284
38.1283
38.6283
39.1293
39.6284
40.1284
40.6283
41.1284
41.6296
42.1283
42.6283
43.1284
43.6295
44.1283
44.6296
45.1296
45.6324
46.1283
46.6284
47.1356
47.6339
48.1285
48.6367
49.1343
49.6346
50.1283
50.6524
51.1353
51.639
52.1283
52.6315
53.1383
53.6399
54.153
54.6283
55.1298
55.6398
56.1285
56.6283
57.1427
57.6431
58.1283
58.6425
59.1406
59.6366
60.1334
60.6311
61.133
61.6423
62.1421
62.6545
63.1424
63.644
64.1313
64.6311
65.1314
65.6427
66.1434
66.6375
67.1399
67.6544
68.1426
68.6464
69.1431
69.6444
70.1428
70.6421
71.1592
71.6437
72.1379
72.6487
73.1435
73.6435
74.1425
74.6469
75.1429
75.6436
76.1432
76.641
77.1425
77.6453
78.1479
78.643
79.1437
79.6426
80.1474
80.6503
81.1457
81.647
82.1429
82.6736
83.143
83.645
84.1642
84.6514
85.1512
85.6425
86.1425
86.6432
87.1433
87.6735
88.1422
88.6607
89.1439
89.6432
90.1425
90.6424
91.1425
91.6634
92.1437
92.6434
93.1437
93.6442
94.1441
94.6431
95.1432
95.6425
96.1436
96.6443
97.1429
97.6438
98.1429
98.6733
99.1444
99.6442
100.143
100.649
101.145
101.649
102.144
102.648
103.143
103.643
104.144
104.642
105.143
105.644
106.142
106.643
107.144
107.645
108.144
108.645
109.144
109.648
110.166
110.668
111.169
111.652
112.144
112.644
113.155
113.643
114.144
114.644
115.143
115.674
116.144
116.643
117.142
117.644
118.144
118.644
119.142
119.644
120.144
120.644
121.144
121.643
122.143
122.643
123.143
123.662
124.143
124.643
125.144
125.642
126.144
126.643
127.143
127.644
128.143
128.644
129.142
129.653
130.144
130.656
131.142
131.646
132.143
132.644
133.143
133.648
134.143
134.654
135.144
135.657
136.145
136.646
137.142
137.643
138.144
138.648
139.143
139.643
140.143
140.643
141.144
141.643
142.143
142.643
143.143
143.644
144.143
144.643
145.143
145.643
146.143
146.644
147.142
147.647
148.145
148.643
149.143
149.643
150.143
150.643
151.147
151.642
152.156
152.643
153.143
153.644
154.143
154.644
155.144
155.644
156.143
156.643
157.144
157.643
158.143
158.661
159.143
159.643
160.144
160.642
161.143
161.643
162.143
162.644
163.142
163.644
164.143
164.662
165.144
165.643
166.147
166.642
167.142
167.645
168.146
168.664
169.143
169.643
170.143
170.643
171.177
171.643
172.143
172.643
173.142
173.671
174.142
174.643
175.142
175.643
176.142
176.644
177.143
177.642
178.144
178.643
179.144
179.644
180.143
180.644
181.142
181.649
182.143
182.644
183.143
183.643
184.148
184.643
185.152
185.682
186.142
186.643
187.143
187.648
188.142
188.643
189.143
189.644
190.143
190.649
191.144
191.643
192.142
192.643
193.143
193.643
194.143
194.644
195.142
195.661
196.142
196.643
197.143
197.643
198.143
198.643
199.144
199.643
200.143
200.646
201.149
201.66
202.142
202.643
203.143
203.644
204.161
204.644
205.148
205.643
206.143
206.643
207.143
207.643
208.143
208.643
209.143
209.643
210.143
210.644
211.143
211.644
212.144
212.643
213.143
213.644
214.143
214.646
215.154
215.644
216.143
216.643
217.143
217.644
218.143
218.644
219.143
219.644
220.155
220.642
221.143
221.643
222.144
222.643
223.142
223.643
224.142
224.645
225.153
225.643
226.144
226.643
227.143
227.643
228.143
228.642
229.143
229.642
230.141
230.655
231.166
231.638
232.139
232.661
233.138
233.643
234.138
234.638
235.141
235.642
236.141
236.638
237.139
237.642
238.136
238.638
239.143
239.665
240.137
240.637
241.143
241.643
242.143
242.636
243.136
243.643
244.138
244.654
245.137
245.644
246.161
246.657
247.151
247.639
248.135
248.635
249.134
249.643
250.134
250.634
251.135
251.637
252.135
252.633
253.144
253.638
254.131
254.633
255.136
255.636
256.138
256.662
257.139
257.638
258.152
258.649
259.142
259.641
260.13
260.632
261.134
261.643
262.132
262.631
263.138
263.634
264.132
264.637
265.134
265.636
266.132
266.648
267.142
267.638
268.131
268.633
269.13
269.639
270.136
270.637
271.139
271.649
272.128
272.628
273.128
273.633
274.128
274.628
275.129
275.628
276.128
276.628
277.129
277.628
278.128
278.628
279.128
279.628
280.128
280.628
281.128
281.628
282.128
282.628
283.128
283.628
284.129
284.628
285.128
285.628
286.128
286.628
287.131
287.629
288.128
288.628
289.128
289.635
290.128
290.628
291.136
291.629
292.128
292.628
293.128
293.629
294.128
294.628
295.128
295.628
296.128
296.628
297.133
297.628
298.128
298.628
299.129
299.628
300.128
300.643
301.128
301.631
302.128
302.628
303.128
303.628
304.128
304.628
305.128
305.628
306.128
306.628
307.128
307.628
308.128
308.628
309.128
309.628
310.128
310.628
311.128
311.628
312.128
312.628
313.128
313.628
314.128
314.628
315.128
315.628
316.128
316.628
317.128
317.628
318.128
318.628
319.128
319.628
320.128
320.628
321.131
321.628
322.128
322.628
323.128
323.628
324.128
324.628
325.128
325.628
326.128
326.628
327.128
327.628
328.128
328.628
329.128
329.628
