0.001364
0.001914
0.001928
0.001797
0.002087
0.002124
0.002345
0.002178
0.002500
0.002267
0.002238
0.002612
0.002866
0.002715
0.002854
0.003474
0.002687
0.002676
0.002646
0.003124
0.003241
0.003713
0.003527
0.003550
0.003614
0.003462
0.003268
0.002925
0.002876
0.002855
0.002921
0.003927
0.003077
0.003082
0.002978
0.002904
0.002585
0.002567
0.002428
0.002944
0.003071
0.003217
0.003183
0.002878
0.003246
0.003438
0.002237
0.002526
0.002418
0.003030
0.002898
0.003217
0.003073
0.002705
0.002638
0.003129
0.002935
0.002932
0.002838
0.002611
0.002692
0.002993
0.002990
0.003083
0.003200
0.003226
0.003113
0.003405
0.003791
0.003966
0.004053
0.004101
0.003725
0.003633
0.006474
0.003508
0.004036
0.004068
0.003907
0.003976
0.003722
0.003759
0.003918
0.004141
0.003544
0.004052
0.003250
0.003766
0.003232
0.003500
0.003392
0.003673
0.003272
0.003480
0.003665
0.003580
0.003781
0.003758
0.003575
0.003783
0.003786
0.003853
0.004012
0.003886
0.003852
0.003886
0.004313
0.004143
0.003543
0.003695
0.004139
0.004108
0.004691
0.004784
0.004484
0.004883
0.005634
0.004156
0.004574
0.005147
0.005338
0.004910
0.004884
0.005222
0.004466
0.004966
0.005111
0.004597
0.004866
0.004891
0.004933
0.005110
0.004610
0.004952
0.004898
0.005588
0.005297
0.005099
0.005410
0.004369
0.005358
0.004863
0.004804
0.005544
0.005125
0.004813
0.005649
0.005635
0.005965
0.005302
0.004969
0.005348
0.007066
0.005109
0.005070
0.005924
0.005882
0.005001
0.006527
0.005344
0.005648
0.005717
0.005664
0.005804
0.005215
0.005991
0.005831
0.006280
0.006183
0.005971
0.006089
0.006025
0.005638
0.006214
0.006668
0.006305
0.005884
0.006720
0.007117
0.007709
0.007882
0.007743
0.007529
0.005227
0.005695
0.005647
0.006484
0.006239
0.005793
0.005762
0.005884
0.005719
0.005707
0.006222
0.005900
0.005615
0.005969
0.005815
0.005602
0.006022
0.005387
0.005571
0.005435
0.005744
0.005721
0.005540
0.005508
0.005484
0.005262
0.005403
0.005930
0.005865
0.005980
0.005689
0.005810
0.005875
0.005738
0.005784
0.006008
0.006346
0.005893
0.007465
0.006786
0.005859
0.005699
0.006119
0.006242
0.006530
0.006145
0.006418
0.006315
0.005587
0.005810
0.008840
0.006056
0.006314
0.005663
0.005758
0.005672
0.006237
0.006133
0.005139
0.005031
0.005364
0.005110
0.004920
0.005022
0.005056
0.005089
0.004985
0.005187
0.005036
0.004875
0.005147
0.004967
0.006179
0.006095
0.006581
0.006347
0.006074
0.006357
0.006033
0.008988
0.005943
0.005961
0.006274
0.006110
0.006233
0.006122
0.006172
0.006017
0.006202
0.006099
0.005734
0.006167
0.006163
0.006194
0.006129
0.006271
0.006057
0.006087
0.006207
0.005703
0.006565
0.006811
0.006298
0.006029
0.006208
0.006384
0.006601
0.006325
0.006278
0.006426
0.006880
0.006443
0.006310
0.006423
0.006234
0.006478
0.006764
0.006091
0.006419
0.006202
0.005757
0.006006
0.006157
0.005818
0.005921
0.006084
0.005973
0.006066
0.005754
0.005891
0.005189
0.005408
0.005603
0.005505
0.005354
0.005355
0.005804
0.005933
0.005674
0.005804
0.006316
0.006436
0.006427
0.006587
0.006449
0.006589
0.006654
0.006484
0.006483
0.006674
0.006413
0.006332
0.006646
0.006318
0.006614
0.006648
0.006038
0.006032
0.006271
0.006298
0.006392
0.006831
0.006755
0.006660
0.006568
0.005958
0.006251
0.005896
0.005687
0.008350
0.005937
0.005685
0.005819
0.005763
0.005481
0.005772
0.005609
0.004845
0.004806
0.005138
0.005132
0.004963
0.005064
0.005428
0.005670
0.005543
0.006562
0.006608
0.006494
0.006416
0.007120
0.012684
0.006604
0.006233
0.006330
0.006652
0.008111
0.006874
0.006802
0.006020
0.006084
0.007023
0.006542
0.006917
0.007083
0.006944
0.006754
0.006730
0.006714
0.007047
0.007079
0.006762
0.006778
0.007117
0.007648
0.007129
0.006902
0.006598
0.006668
0.005821
0.005572
0.011495
0.005531
0.005455
0.005290
0.005597
0.005470
0.006033
0.005678
0.006359
0.005950
0.005759
0.005951
0.005958
0.006046
0.006425
0.006599
0.007317
0.006533
0.006524
0.006517
0.007009
0.006747
0.006480
0.006468
0.006485
0.006332
0.006413
0.006429
0.006654
0.006082
0.006045
0.006138
0.006087
0.006188
0.006075
0.006414
0.006775
0.006085
0.005873
0.006470
0.005789
0.005406
0.005808
0.006227
0.005856
0.005628
0.005493
0.005682
0.005066
0.005430
0.005350
0.005146
0.005006
0.004749
0.005733
0.010060
0.004888
0.004868
0.005750
0.006709
0.005485
0.004755
0.005362
0.005031
0.005113
0.006385
0.004845
0.004753
0.004384
0.004616
0.004430
0.004624
0.004603
0.004417
0.004121
0.004860
0.005011
0.004990
0.011371
0.006004
0.009531
0.011544
0.005636
0.005983
0.005936
0.005992
0.008835
0.006223
0.005870
0.005991
0.006047
0.005925
0.005562
0.005733
0.005347
0.005269
0.009109
0.005473
0.005460
0.005820
0.006058
0.006403
0.005703
0.007900
0.006077
0.006270
0.005989
0.006083
0.005627
0.005537
0.004124
0.005897
0.005824
0.005569
0.005998
0.005806
0.006064
0.006797
0.007268
0.006927
0.007254
0.007437
0.007169
0.008091
0.006713
0.006236
0.006335
0.006285
0.006191
0.006418
0.006724
0.006327
0.008360
0.006504
0.006538
0.005879
0.006090
0.006186
0.006119
0.006025
0.006074
0.006062
0.005934
0.005926
0.006073
0.005457
0.006062
0.005766
0.005934
0.006867
0.006583
0.006268
0.006742
0.006171
0.006211
0.006333
0.006162
0.006237
0.006182
0.005948
0.008043
0.006064
0.006191
0.005871
0.005991
0.005916
0.005546
0.006102
0.005949
0.005595
0.005455
0.005832
0.005577
0.005680
0.005823
0.005510
0.006363
0.005950
0.005537
0.005906
0.005571
0.005349
0.005509
0.005348
0.005571
0.005440
0.005684
0.005918
0.005849
0.005592
0.006106
0.013379
0.008597
0.007132
0.006870
0.006608
0.007064
0.006085
0.005973
0.005749
0.005875
0.006018
0.005762
0.005486
0.005291
0.004773
0.004839
0.005121
0.005044
0.005745
0.004944
0.005217
0.004806
0.005220
0.005271
0.005270
0.005719
0.006313
0.005772
0.006083
0.006085
0.005696
0.005439
0.005774
0.005659
0.005743
0.005281
0.006107
0.005533
0.005522
0.005722
0.005471
0.005378
0.005622
0.005471
0.005797
0.005585
0.005831
0.008562
0.005867
0.006161
0.005676
0.006225
0.006135
0.005969
0.005925
0.005599
0.005814
0.005283
0.006232
0.005576
0.005668
0.005481
0.006505
0.004285
0.004663
0.004468
0.004408
0.004587
0.004399
0.004741
0.004599
0.004755
0.004587
0.007754
0.007796
0.007812
0.007750
0.008377
0.008123
0.008039
0.007743
0.007576
0.007594
0.007079
0.006790
0.007084
0.006791
0.007413
0.005771
0.005835
0.005866
0.006587
0.004619
0.006148
0.007870
0.006215
0.005756
0.005620
0.005594
0.005411
0.005309
0.005407
0.006272
0.006278
0.005568
0.005563
0.005479
0.005268
0.009396
0.005644
0.005507
0.005753
0.005633
0.006010
0.005545
0.007238
0.004613
0.004923
0.005292
0.005941
0.004282
0.004145
0.003977
0.004456
0.004176
0.003239
0.003424
0.004854
0.003760
0.003591
0.003549
0.005803
0.005869
0.006317
0.006063
0.006034
0.006407
