0.000000
0.000000
0.200000
0.700000
1.286667
1.886667
2.408522
3.196028
4.187475
5.180598
6.151586
7.205952
8.197331
9.186829
10.041938
10.945922
11.950377
13.006370
13.998546
14.981191
15.975228
16.904731
17.895219
18.883213
19.973859
20.955851
21.929276
22.918604
23.754564
24.537151
25.359016
26.304024
27.277296
28.267596
29.216581
30.201479
31.193066
32.188265
33.235287
34.268406
35.261928
36.254323
37.235446
38.241492
39.264565
40.241624
41.077525
42.057398
43.044802
44.002635
44.966042
46.007450
46.992182
47.976665
48.966620
49.930804
50.930784
51.970692
52.963070
53.951482
54.940130
55.905883
56.857919
57.671028
58.663047
59.660233
60.643977
61.632815
62.592611
63.550864
64.512388
65.247791
65.600958
66.341324
67.282906
68.098677
68.361835
69.149284
70.120798
71.088342
71.895641
72.505327
73.471917
74.377817
75.416062
76.385743
77.374319
78.488259
79.498708
80.481288
81.527317
82.444427
83.424435
84.418356
85.403086
86.451140
87.341085
88.391878
89.336867
89.813175
90.284375
91.158844
92.153028
93.117508
94.192260
95.158005
95.940686
96.548705
97.316798
98.187312
99.107757
100.033351
100.734713
101.633754
102.543638
103.540314
104.528004
105.465613
106.409747
107.350515
108.324392
109.300988
110.203402
111.213469
112.225269
113.219086
114.200027
115.190407
116.174409
117.150472
118.202374
119.182988
120.159584
121.150041
122.140210
123.132037
124.188239
125.182116
126.170640
127.165273
128.142390
129.192924
130.107981
131.152666
132.143883
133.129397
134.107560
135.090450
136.069830
137.060596
138.111515
139.086689
140.075250
141.021769
141.935480
142.994631
144.118574
145.321126
146.314166
147.303444
148.268523
149.146787
150.093392
151.140479
152.129889
153.130755
154.118618
155.094353
156.060039
157.057034
158.113590
159.273359
160.580099
161.701672
162.657951
163.627330
164.682940
165.649873
166.639316
167.629670
168.579989
169.237707
169.868345
170.896177
171.990314
172.947213
173.920976
174.905901
175.885999
176.653735
177.385760
178.409990
179.386071
180.378793
181.362482
182.327784
183.390994
184.327751
185.094122
185.921712
186.951331
187.921254
188.953446
189.991528
190.898523
191.854843
192.900225
193.888887
194.885399
195.886702
196.776537
197.688337
198.405830
199.308109
200.104517
200.437086
200.981363
201.843208
202.734206
203.518415
204.403334
205.382097
206.439662
207.432833
208.424995
209.416758
210.407425
211.400639
212.362669
213.321323
213.969591
214.330670
214.481355
214.666111
215.165247
216.141839
217.203358
218.189736
219.181326
220.174185
221.143980
222.085366
222.811537
223.722744
224.676159
225.649027
226.646716
227.638049
228.623226
229.663934
230.662342
231.642812
232.621062
233.664241
234.582004
235.639772
236.620875
237.599061
238.570524
239.549145
240.534735
241.226651
241.903345
242.856223
243.534673
244.146098
244.944491
245.904800
246.895476
247.865975
248.669240
249.587548
250.578893
251.549747
252.462672
253.508812
254.169753
254.728617
255.611571
256.598484
257.377995
257.807342
258.196913
259.079589
260.073012
261.073224
262.057583
263.118290
264.108468
265.101561
266.093926
267.252476
268.274667
269.229719
270.208315
270.919061
271.244171
272.004595
273.018232
274.043997
275.032511
275.997758
277.013514
278.007757
279.006851
280.004178
280.989637
281.982224
283.039616
283.995705
284.748993
285.768000
286.747002
287.800671
288.716009
289.769981
290.751249
291.722202
292.709510
293.695515
294.682224
295.751610
296.757355
297.680294
298.635607
299.621826
300.595456
301.427305
302.427175
303.361897
304.362266
305.355024
306.345377
307.256290
308.088383
309.173710
310.111052
310.434916
311.197763
312.162217
313.076989
314.131590
315.361190
316.532001
317.281969
317.634173
318.360083
319.334741
320.405996
321.392256
322.404768
323.419497
324.411355
325.400978
326.461089
327.437402
328.430446
329.375309
330.362159
331.410359
332.313513
333.376210
334.343762
335.330273
336.305942
337.241881
338.142789
339.125911
340.154738
341.029028
341.851766
342.582652
343.542010
344.521801
345.561308
346.521192
347.515469
348.495739
349.442140
350.361218
351.404431
352.389927
353.315012
354.185521
355.115366
355.994303
356.961700
358.008449
358.876560
359.852973
360.709966
361.636688
362.638063
363.496838
363.814551
364.397617
365.301340
366.303950
367.298314
368.277914
369.225930
370.279926
371.267678
371.975744
372.881630
373.840277
374.815016
375.869827
376.860707
377.845094
378.820093
379.810518
380.801228
381.791222
382.832249
383.837321
384.829543
385.816856
386.800407
387.835306
388.763544
389.744832
390.731545
391.721569
392.683613
393.677066
394.663895
395.511722
395.959719
396.591548
397.551269
398.543903
399.534986
400.521977
401.562080
402.514345
403.460081
404.329745
404.715095
405.081538
406.027609
407.036028
408.019243
408.979632
409.956858
410.877887
411.708155
412.671780
412.989357
413.764002
414.736514
415.727137
416.709710
417.767845
418.758717
419.720812
420.538398
421.624705
423.073630
424.415489
425.292159
426.125237
427.098774
428.080196
429.087683
430.071412
431.061109
432.121200
433.124036
434.023744
434.931757
435.920088
436.911451
437.967731
438.958797
439.977299
440.963846
441.804886
442.830477
443.748033
444.717560
445.579238
446.458186
447.310997
448.253589
449.202372
450.216637
450.910276
451.786534
452.673940
453.176035
453.477225
454.349693
455.456034
456.440304
457.429153
458.419296
459.410941
460.406134
461.394150
462.449706
463.443089
464.431090
465.422527
466.395308
467.358490
468.399936
469.361484
470.318847
471.305335
472.266689
473.239247
473.784519
474.048576
474.867594
475.872984
476.854151
477.837283
478.855980
479.903693
480.899485
481.892870
482.887178
483.855389
484.842710
485.845965
486.888335
487.869198
488.844307
489.834374
490.798805
491.493787
492.273710
493.339662
494.319942
495.307204
496.293859
497.135606
498.171504
499.162104
499.974818
500.255429
500.759255
501.664812
502.713146
503.623090
504.681353
505.643302
506.587077
507.560471
508.414411
509.373797
510.416917
511.323403
512.005100
512.409103
512.636255
513.327641
514.270461
515.325216
516.315060
517.302276
518.487472
519.898288
521.240566
522.390677
523.498416
524.648361
525.793522
526.785872
527.845255
528.771187
529.987003
530.991891
531.986766
532.978337
533.971806
534.964151
535.955542
537.119562
538.475317
539.484076
540.478364
541.449533
542.405583
543.484268
544.476077
545.464745
546.460663
547.452613
548.445057
549.430426
550.482647
551.372960
552.349243
553.297843
553.652756
554.220822
555.059375
556.127306
557.105148
557.976091
558.942202
559.886043
560.801167
561.441936
562.148439
562.997740
563.856312
564.113336
564.695459
565.546302
566.038870
566.296330
567.083285
568.046529
568.922861
569.857285
570.902212
571.892274
572.883671
573.873756
574.864570
575.855062
576.817386
577.834550
578.554020
578.754077
579.228845
580.038787
581.013718
582.010706
583.028593
584.015291
584.974958
585.942672
586.933184
587.923172
588.979706
589.967483
590.958184
591.946103
592.928402
593.918358
594.910919
595.947831
596.372906
596.976863
597.940102
598.992153
600.182357
601.353369
602.586833
603.622360
604.788796
606.133240
