0.000000
0.000000
0.150374
0.381240
0.552217
0.663643
0.723274
0.834491
0.966991
1.072305
1.154131
1.236016
1.294992
1.345060
1.369960
1.397959
1.434611
1.471065
1.500385
1.524033
1.546487
1.560908
1.579465
1.596221
1.619927
1.633353
1.645085
1.657163
1.657686
1.654548
1.654214
1.661653
1.670388
1.679588
1.685893
1.693850
1.701735
1.709415
1.719354
1.728115
1.734478
1.740484
1.745687
1.751791
1.758381
1.762489
1.760721
1.764895
1.769211
1.772161
1.775210
1.781159
1.784743
1.788169
1.791677
1.794134
1.797302
1.802650
1.805766
1.808629
1.811411
1.813359
1.814811
1.811825
1.814512
1.817249
1.819499
1.821168
1.823248
1.824548
1.825954
1.821034
1.805699
1.801284
1.802336
1.800124
1.783506
1.780823
1.782884
1.784736
1.782683
1.775788
1.777688
1.778046
1.781625
1.783408
1.785647
1.790579
1.793339
1.795253
1.798241
1.798702
1.800650
1.802335
1.804192
1.807231
1.807181
1.809305
1.810747
1.802006
1.793850
1.793296
1.794957
1.796193
1.799118
1.801212
1.798952
1.793206
1.791210
1.790761
1.790748
1.791275
1.788297
1.787936
1.788275
1.790168
1.791854
1.792634
1.793382
1.793840
1.795122
1.796054
1.796479
1.798244
1.800416
1.801911
1.803165
1.804238
1.805491
1.806784
1.808992
1.809749
1.811152
1.812320
1.813656
1.814874
1.817092
1.818351
1.819045
1.820668
1.821768
1.823462
1.823642
1.825492
1.826601
1.827511
1.828459
1.829372
1.830251
1.831317
1.833074
1.833781
1.834657
1.835154
1.835087
1.836932
1.839442
1.842961
1.843971
1.844784
1.845408
1.844159
1.845154
1.846629
1.847000
1.848221
1.848990
1.849794
1.850277
1.851109
1.852641
1.854708
1.859773
1.861586
1.862235
1.862685
1.864107
1.864501
1.865140
1.865347
1.865951
1.862928
1.859627
1.860684
1.862460
1.862757
1.863210
1.863791
1.864280
1.862533
1.860471
1.861434
1.861922
1.861974
1.863069
1.863418
1.864780
1.864705
1.863118
1.861991
1.863080
1.863382
1.864455
1.865500
1.865238
1.865494
1.866566
1.867085
1.867722
1.868354
1.867906
1.867687
1.865664
1.865370
1.864114
1.858490
1.854628
1.853997
1.853649
1.852627
1.852385
1.852861
1.853856
1.854645
1.855216
1.855773
1.856344
1.856423
1.857197
1.857481
1.855057
1.850147
1.843490
1.837172
1.833629
1.834113
1.835331
1.835911
1.836528
1.837165
1.837585
1.837772
1.836183
1.835843
1.836422
1.836870
1.837487
1.838101
1.838609
1.839598
1.840229
1.840695
1.841166
1.842108
1.842111
1.843022
1.843622
1.843885
1.844464
1.844843
1.845379
1.843599
1.841746
1.841913
1.840150
1.837684
1.836917
1.837055
1.837743
1.838121
1.837312
1.837303
1.837820
1.838153
1.838174
1.839088
1.837219
1.834631
1.834375
1.834878
1.833900
1.830438
1.826716
1.826494
1.827066
1.827671
1.828166
1.829181
1.829713
1.830236
1.830787
1.832401
1.833146
1.833430
1.833858
1.832454
1.828476
1.827441
1.828057
1.828861
1.829191
1.829677
1.830351
1.830858
1.831419
1.831943
1.832396
1.832894
1.833816
1.834071
1.833022
1.833673
1.834074
1.834732
1.834930
1.835794
1.836180
1.836533
1.836954
1.837379
1.837800
1.838734
1.839283
1.839284
1.839515
1.839707
1.840246
1.839712
1.840154
1.840296
1.840783
1.841185
1.841594
1.841339
1.841042
1.842026
1.842120
1.838580
1.837285
1.837923
1.837906
1.838695
1.840518
1.841669
1.840982
1.837681
1.836583
1.836898
1.837786
1.838153
1.838696
1.839240
1.839637
1.840040
1.840815
1.841136
1.841550
1.841671
1.842057
1.842700
1.842654
1.843427
1.843691
1.844053
1.844292
1.844415
1.844215
1.844242
1.845218
1.844952
1.844415
1.843336
1.843589
1.843894
1.844517
1.844715
1.845104
1.845346
1.845527
1.845516
1.846154
1.846474
1.846489
1.846206
1.846248
1.846008
1.846251
1.846716
1.846606
1.846874
1.846534
1.846551
1.846949
1.846614
1.843536
1.841841
1.841751
1.842130
1.842469
1.842666
1.842961
1.843614
1.843940
1.842877
1.842643
1.842977
1.843202
1.843905
1.844236
1.844541
1.844801
1.845133
1.845460
1.845791
1.846357
1.846747
1.847080
1.847380
1.847676
1.848194
1.848216
1.848491
1.848793
1.849092
1.849276
1.849568
1.849792
1.849517
1.847300
1.845947
1.846120
1.846434
1.846748
1.847038
1.847582
1.847714
1.847709
1.847571
1.845113
1.842579
1.842689
1.843085
1.843372
1.843539
1.843794
1.843778
1.843290
1.843565
1.840865
1.840221
1.840454
1.840766
1.841042
1.841652
1.841959
1.842142
1.841696
1.842312
1.844521
1.846575
1.846364
1.845797
1.846199
1.846411
1.846813
1.847075
1.847333
1.847904
1.848250
1.848173
1.848095
1.848341
1.848675
1.849219
1.849455
1.849678
1.850153
1.849807
1.850179
1.850151
1.850334
1.850120
1.849928
1.849580
1.849691
1.849669
1.850162
1.849165
1.848837
1.848713
1.847041
1.844595
1.844426
1.845174
1.845431
1.845627
1.845968
1.846246
1.846527
1.846765
1.847309
1.847601
1.847776
1.848088
1.848334
1.848475
1.848914
1.849058
1.849177
1.849243
1.849554
1.849748
1.848167
1.845617
1.845270
1.845595
1.845901
1.846118
1.846472
1.846890
1.847241
1.847515
1.847735
1.847933
1.848192
1.848459
1.848927
1.849125
1.849345
1.849479
1.849670
1.848837
1.848338
1.848859
1.849090
1.849262
1.849514
1.849200
1.849594
1.849771
1.849498
1.847119
1.845573
1.845479
1.845970
1.845922
1.846417
1.846560
1.846633
1.846816
1.846563
1.846695
1.847128
1.847066
1.846194
1.844325
1.841828
1.841005
1.841085
1.841565
1.841811
1.842047
1.842987
1.844723
1.846208
1.847013
1.847663
1.848460
1.849237
1.849475
1.849931
1.849948
1.850966
1.851242
1.851484
1.851667
1.851947
1.852177
1.852350
1.853218
1.854701
1.854980
1.855211
1.855358
1.855457
1.855972
1.856189
1.856396
1.856625
1.856841
1.857030
1.857251
1.857667
1.857538
1.857691
1.857764
1.855840
1.854547
1.854340
1.854795
1.854976
1.854789
1.854917
1.854971
1.854930
1.853984
1.853257
1.853002
1.852780
1.850583
1.849459
1.849218
1.847808
1.845635
1.845194
1.845326
1.845175
1.845213
1.845609
1.845826
1.846047
1.846262
1.846479
1.846696
1.846821
1.847120
1.846469
1.844164
1.842742
1.842388
1.842558
1.842797
1.843102
1.843308
1.843428
1.843573
1.843789
1.844002
1.844405
1.844629
1.844842
1.845047
1.845233
1.845442
1.845658
1.846011
1.844472
1.843488
1.843617
1.844017
1.844842
1.845605
1.846557
1.846900
1.847643
1.848925
