0.000000
0.000000
0.002000
0.002000
0.004000
45.660000
50.729000
61.201000
67.818000
77.010000
83.443000
90.336000
94.815000
103.970000
113.381000
126.391000
133.420000
143.638000
160.320000
175.509000
182.548000
188.814000
197.016000
210.731000
223.282000
241.728000
257.471000
271.583000
280.634000
292.074000
297.860000
315.759000
319.188000
324.693000
333.786000
337.714000
340.058000
344.337000
348.797000
353.552000
356.781000
361.358000
366.512000
373.310000
379.778000
389.572000
390.171000
402.448000
406.903000
410.578000
415.472000
424.519000
436.364000
451.939000
461.828000
472.305000
477.220000
481.908000
489.678000
497.231000
504.078000
511.475000
515.377000
520.668000
528.682000
535.514000
542.438000
550.974000
559.612000
578.027000
599.826000
607.531000
613.461000
615.253000
615.593000
618.254000
635.321000
641.623000
646.594000
656.893000
662.159000
666.400000
676.397000
685.520000
692.882000
702.160000
712.318000
721.630000
730.636000
746.167000
761.252000
764.138000
770.601000
779.359000
788.975000
794.422000
801.089000
823.547000
834.125000
845.022000
853.244000
856.287000
856.534000
856.557000
862.381000
870.997000
886.215000
898.728000
904.381000
921.572000
926.280000
927.059000
942.387000
966.522000
973.405000
990.607000
993.781000
1000.429000
1010.682000
1019.851000
1028.036000
1040.356000
1058.876000
1063.575000
1066.307000
1071.618000
1080.468000
1087.406000
1091.849000
1101.749000
1110.465000
1119.639000
1127.917000
1138.814000
1147.492000
1156.110000
1160.411000
1164.784000
1170.183000
1177.770000
1186.168000
1194.819000
1204.816000
1215.429000
1225.061000
1233.031000
1239.614000
1247.798000
1252.175000
1258.930000
1271.468000
1289.266000
1299.889000
1310.685000
1319.761000
1330.271000
1335.212000
1343.376000
1352.495000
1365.206000
1375.981000
1386.506000
1401.663000
1414.914000
1427.873000
1441.300000
1455.468000
1468.869000
1478.214000
1489.781000
1497.875000
1504.456000
1508.215000
1515.412000
1533.355000
1555.981000
1565.865000
1573.274000
1576.181000
1580.090000
1585.673000
1593.985000
1597.686000
1598.665000
1598.753000
1599.882000
1600.380000
1604.123000
1607.251000
1615.033000
1625.867000
1633.911000
1638.444000
1649.189000
1653.759000
1659.639000
1664.918000
1671.089000
1678.758000
1686.433000
1690.923000
1698.354000
1710.069000
1718.903000
1725.465000
1733.503000
1739.620000
1744.560000
1748.515000
1753.539000
1759.292000
1766.542000
1774.439000
1784.782000
1795.313000
1799.179000
1799.808000
1800.008000
1803.330000
1803.691000
1803.752000
1803.760000
1803.762000
1803.762000
1803.762000
1803.781000
1803.836000
1804.358000
1805.499000
1807.937000
1813.364000
1820.205000
1823.538000
1829.575000
1830.231000
1830.681000
1831.514000
1832.060000
1832.207000
1833.167000
1836.424000
1841.570000
1846.247000
1856.625000
1875.691000
1887.598000
1894.683000
1899.190000
1900.339000
1900.733000
1900.775000
1900.805000
1904.025000
1907.599000
1911.641000
1916.643000
1922.832000
1931.812000
1940.492000
1955.302000
1962.596000
1967.962000
1974.281000
1976.859000
1977.320000
1985.412000
1993.920000
2001.828000
2018.842000
2032.729000
2044.581000
2054.734000
2061.027000
2068.884000
2073.869000
2075.877000
2076.970000
2086.237000
2086.692000
2086.911000
2090.159000
2105.832000
2110.254000
2112.752000
2112.964000
2113.561000
2115.902000
2120.500000
2125.436000
2128.710000
2132.687000
2138.303000
2145.279000
2162.782000
2168.626000
2170.130000
2171.238000
2173.641000
2173.856000
2174.658000
2175.029000
2175.208000
2175.208000
2175.209000
2175.211000
2175.240000
2175.457000
2175.599000
2175.628000
2175.644000
2176.164000
2179.315000
2181.124000
2186.077000
2193.698000
2206.939000
2214.211000
2222.929000
2230.625000
2235.825000
2239.743000
2244.213000
2251.259000
2259.457000
2271.615000
2295.102000
2300.757000
2304.404000
2305.211000
2306.309000
2311.434000
2316.086000
2318.236000
2321.724000
2324.199000
2326.399000
2328.095000
2332.099000
2340.677000
2341.629000
2342.753000
2342.991000
2343.011000
2346.588000
2349.079000
2353.333000
2355.416000
2355.672000
2355.711000
2355.912000
2356.439000
2356.487000
2356.543000
2356.571000
2356.577000
2356.600000
2356.732000
2356.809000
2357.157000
2357.192000
2357.264000
2357.280000
2357.301000
2368.391000
2387.244000
2395.732000
2398.853000
2403.911000
2413.772000
2435.086000
2447.734000
2453.945000
2462.079000
2471.088000
2481.437000
2486.313000
2490.452000
2492.032000
2494.081000
2509.119000
2516.127000
2518.721000
2522.926000
2530.799000
2540.868000
2547.400000
2554.976000
2565.273000
2584.160000
2601.182000
2606.221000
2609.367000
2611.564000
2612.217000
2613.781000
2617.090000
2618.488000
2618.488000
2618.494000
2618.800000
2624.542000
2631.863000
2637.182000
2643.967000
2649.080000
2652.590000
2662.242000
2672.040000
2687.259000
2703.005000
2707.422000
2711.919000
2714.450000
2716.905000
2717.398000
2717.460000
2717.518000
2718.636000
2722.040000
2738.842000
2745.967000
2752.138000
2757.087000
2765.539000
2775.736000
2783.060000
2787.797000
2794.815000
2797.000000
2797.579000
2797.764000
2797.801000
2797.810000
2798.002000
2798.009000
2798.082000
2802.488000
2805.579000
2809.017000
2811.158000
2811.471000
2811.743000
2811.770000
2811.998000
2813.230000
2816.092000
2819.999000
2825.765000
2832.559000
2836.297000
2836.497000
2836.697000
2836.705000
2836.715000
2836.715000
2836.727000
2836.752000
2836.838000
2837.056000
2837.261000
2838.825000
2841.204000
2841.995000
2842.117000
2842.156000
2842.258000
2843.000000
2843.055000
2843.581000
2844.473000
2845.560000
2847.802000
2851.137000
2858.251000
2864.150000
2865.279000
2865.528000
2865.910000
2867.051000
2872.135000
2877.170000
2885.099000
2898.359000
2906.679000
2910.485000
2914.854000
2922.941000
2929.491000
2931.701000
2932.787000
2936.756000
2938.565000
2938.822000
2938.851000
2938.853000
2938.962000
2939.073000
2939.229000
2939.351000
2939.491000
2939.567000
2939.975000
2940.448000
2940.808000
2945.147000
2954.292000
2958.796000
2965.705000
2969.596000
2973.560000
2985.258000
2990.517000
2992.653000
2993.297000
2995.094000
2995.664000
2995.664000
2995.688000
2995.929000
2996.137000
2996.293000
2996.413000
2996.425000
2996.431000
2996.440000
2996.533000
2996.583000
3000.599000
3007.572000
3009.164000
3010.398000
3017.917000
3021.989000
3026.182000
3032.729000
3040.112000
3045.315000
3050.930000
3057.706000
3064.620000
3070.458000
3080.361000
3081.665000
3082.454000
3083.334000
3084.570000
3084.710000
3084.715000
3084.736000
3084.775000
3084.815000
3084.819000
3084.879000
3084.900000
3084.921000
3085.454000
3086.510000
3086.794000
3086.818000
3086.828000
3086.875000
3086.996000
3087.948000
3088.687000
3088.709000
3088.850000
3088.866000
3088.867000
3088.870000
3088.871000
3088.871000
3088.874000
3088.896000
3088.941000
3089.104000
3089.236000
3089.258000
3089.264000
3089.264000
3089.266000
3089.273000
3089.443000
3089.718000
3091.026000
3093.392000
3095.686000
3096.070000
3096.177000
3096.186000
3096.192000
3096.287000
3096.407000
3096.578000
3097.198000
3099.008000
3100.286000
3100.326000
3100.421000
3100.497000
3100.501000
3100.522000
3102.174000
3109.375000
3111.486000
3116.004000
3126.081000
3130.975000
3132.647000
3135.026000
3141.277000
3143.838000
3143.991000
3144.194000
3144.225000
3144.232000
3144.236000
3144.236000
3144.238000
3144.238000
3144.307000
3144.341000
3144.395000
3144.419000
3144.506000
3144.796000
3145.739000
3151.260000
3158.202000
3159.487000
3160.101000
3160.155000
3160.155000
3160.155000
3160.159000
3160.162000
3160.171000
3160.171000
3160.172000
3160.172000
3160.324000
3161.887000
3161.910000
3161.914000
3161.920000
3161.946000
3162.057000
3162.065000
3162.071000
3162.071000
3162.129000
3162.187000
3162.321000
3162.473000
3162.567000
3162.667000
3163.317000
3164.107000
3166.985000
