1.62938
1.62972
2.12958
2.64198
3.12946
3.63501
4.13168
4.64166
5.12986
5.65425
6.1317
6.63029
7.12959
7.65276
8.13061
8.63006
9.12954
9.65283
10.1299
10.6403
11.1296
11.6555
12.1309
12.6305
13.1295
13.6434
14.1314
14.6303
15.1296
15.6358
16.1304
16.632
17.1295
17.6408
18.1384
18.6302
19.1295
19.6429
20.1303
20.6302
21.1299
21.6493
22.1311
22.6301
23.1295
23.6447
24.1304
24.631
25.1295
25.6428
26.1306
26.6309
27.1295
27.6472
28.1306
28.6304
29.1296
29.6438
30.136
30.6303
31.1295
31.6493
32.1306
32.63
33.1295
33.6465
34.1309
34.6406
35.1295
35.6543
36.1305
36.63
37.1295
37.6424
38.1304
38.6301
39.1295
39.6428
40.1307
40.63
41.1295
41.6421
42.13
42.6306
43.1295
43.6455
44.1302
44.6304
45.1296
45.6447
46.1301
46.6299
47.1356
47.6465
48.13
48.6373
49.1343
49.6498
50.1299
50.657
51.1472
51.6531
52.1299
52.6319
53.1383
53.6619
54.1534
54.6317
55.1298
55.6661
56.13
56.6298
57.1427
57.6584
58.13
58.6429
59.1406
59.6491
60.1337
60.6316
61.133
61.6496
62.1425
62.6551
63.1425
63.6545
64.132
64.6319
65.1315
65.6497
66.1441
66.6381
67.1399
67.661
68.1431
68.6468
69.1431
69.6521
70.1432
70.645
71.1593
71.6542
72.1383
72.6691
73.1435
73.6507
74.1429
74.6474
75.1429
75.6594
76.144
76.6416
77.1426
77.6607
78.1483
78.6438
79.1437
79.6551
80.1478
80.6531
81.1457
81.6622
82.1434
82.6741
83.143
83.6609
84.1646
84.6592
85.1512
85.6562
86.1431
86.6441
87.1433
87.6953
88.1427
88.6613
89.1439
89.6538
90.1429
90.6431
91.1425
91.6665
92.1442
92.6442
93.1437
93.6519
94.1447
94.6438
95.1432
95.6551
96.1441
96.6449
97.1429
97.6549
98.1434
98.674
99.1445
99.661
100.143
100.654
101.145
101.658
102.144
102.657
103.144
103.651
104.144
104.643
105.143
105.654
106.143
106.643
107.144
107.651
108.145
108.645
109.144
109.653
110.166
110.668
111.169
111.658
112.144
112.645
113.156
113.664
114.144
114.645
115.144
115.682
116.144
116.659
117.145
117.653
118.144
118.645
119.143
119.653
120.144
120.645
121.144
121.657
122.143
122.644
123.144
123.673
124.143
124.644
125.145
125.655
126.144
126.645
127.143
127.651
128.143
128.646
129.143
129.678
130.144
130.666
131.143
131.657
132.143
132.645
133.144
133.673
134.143
134.666
135.145
135.673
136.146
136.647
137.143
137.66
138.144
138.649
139.143
139.654
140.143
140.644
141.144
141.652
142.143
142.644
143.144
143.656
144.143
144.644
145.143
145.679
146.143
146.644
147.143
147.664
148.145
148.644
149.143
149.652
150.145
150.644
151.148
151.652
152.18
152.644
153.143
153.654
154.144
154.645
155.144
155.653
156.144
156.643
157.144
157.656
158.143
158.662
159.143
159.66
160.145
160.643
161.143
161.671
162.145
162.645
163.142
163.658
164.144
164.663
165.144
165.656
166.148
166.665
167.142
167.653
168.147
168.665
169.143
169.651
170.144
170.644
171.177
171.662
172.143
172.644
173.143
173.68
174.142
174.645
175.143
175.652
176.142
176.645
177.143
177.669
178.144
178.644
179.146
179.654
180.143
180.646
181.143
181.666
182.143
182.656
183.153
183.659
184.148
184.657
185.152
185.698
186.142
186.644
187.143
187.657
188.142
188.644
189.144
189.658
190.143
190.651
191.144
191.655
192.142
192.644
193.143
193.654
194.143
194.66
195.143
195.673
196.142
196.644
197.143
197.65
198.143
198.645
199.145
199.656
200.143
200.648
201.15
201.675
202.142
202.645
203.143
203.66
204.161
204.646
205.149
205.653
206.143
206.645
207.144
207.657
208.143
208.647
209.144
209.652
210.143
210.645
211.143
211.653
212.144
212.644
213.143
213.65
214.143
214.648
215.154
215.649
216.145
216.644
217.143
217.648
218.143
218.645
219.143
219.648
220.156
220.643
221.143
221.649
222.144
222.644
223.143
223.65
224.143
224.646
225.154
225.646
226.144
226.644
227.144
227.647
228.143
228.644
229.143
229.649
230.141
230.675
231.167
231.646
232.139
232.662
233.138
233.654
234.139
234.654
235.141
235.655
236.142
236.639
237.139
237.66
238.137
238.639
239.143
239.68
240.138
240.638
241.143
241.656
242.143
242.638
243.136
243.651
244.139
244.655
245.137
245.649
246.161
246.658
247.151
247.65
248.135
248.636
249.136
249.655
250.134
250.635
251.135
251.649
252.136
252.634
253.144
253.649
254.132
254.634
255.136
255.647
256.138
256.663
257.139
257.648
258.152
258.65
259.142
259.651
260.13
260.647
261.134
261.654
262.133
262.632
263.138
263.644
264.132
264.638
265.134
265.645
266.133
266.649
267.142
267.645
268.132
268.634
269.13
269.645
270.136
270.638
271.139
271.653
272.13
272.631
273.129
273.636
274.13
274.631
275.13
275.633
276.13
276.631
277.13
277.633
278.13
278.645
279.13
279.634
280.13
280.631
281.129
281.635
282.13
282.646
283.129
283.635
284.13
284.631
285.129
285.637
286.13
286.631
287.131
287.638
288.13
288.631
289.129
289.643
290.13
290.631
291.137
291.638
292.13
292.631
293.129
293.641
294.13
294.631
295.13
295.66
296.13
296.631
297.133
297.639
298.131
298.634
299.13
299.64
300.13
300.655
301.129
301.64
302.131
302.63
303.129
303.642
304.131
304.631
305.129
305.642
306.131
306.63
307.135
307.638
308.131
308.632
309.129
309.64
310.131
310.631
311.13
311.646
312.151
312.631
313.13
313.638
314.13
314.63
315.13
315.633
316.13
316.631
317.129
317.637
318.13
318.643
319.13
319.635
320.131
320.631
321.131
321.637
322.131
322.631
323.129
323.635
324.131
324.631
325.129
325.638
326.131
326.631
327.129
327.641
328.13
328.631
329.129
329.636
