0.011140
0.009182
0.006464
0.005241
0.004714
0.005264
0.008465
0.008081
0.009781
0.011786
0.012400
0.013371
0.011918
0.011163
0.013430
0.013077
0.016788
0.013513
0.012945
0.012669
0.012616
0.011307
0.013012
0.012271
0.018679
0.012040
0.009634
0.006789
0.005877
0.005599
0.004170
0.008602
0.010118
0.011852
0.015280
0.013057
0.016759
0.013412
0.015893
0.012779
0.017641
0.011070
0.008575
0.011492
0.011496
0.014324
0.007236
0.010179
0.006856
0.012544
0.010040
0.008518
0.008636
0.008353
0.008726
0.011949
0.009634
0.008176
0.014652
0.011392
0.010536
0.012492
0.011795
0.008996
0.007358
0.006624
0.013265
0.008023
0.011728
0.011669
0.011411
0.010405
0.014003
0.010991
0.015632
0.009872
0.011682
0.009361
0.010819
0.010345
0.011928
0.012881
0.011019
0.010834
0.005552
0.012482
0.012971
0.009225
0.006099
0.008324
0.005491
0.008097
0.007128
0.007942
0.009627
0.008001
0.013071
0.005021
0.006848
0.017847
0.015538
0.011611
0.013113
0.007552
0.005294
0.007481
0.004136
0.003815
0.005487
0.007209
0.002928
0.003187
0.005864
0.006169
0.007292
0.013095
0.014856
0.013255
0.012214
0.012422
0.012219
0.010277
0.005654
0.011094
0.009130
0.007920
0.006231
0.011534
0.010618
0.009019
0.010905
0.007175
0.007105
0.007363
0.011462
0.010895
0.011850
0.011147
0.014289
0.015177
0.011318
0.012638
0.004380
0.002653
0.005800
0.007906
0.005116
0.004048
0.010745
0.005695
0.006060
0.007548
0.007863
0.006949
0.015052
0.014501
0.009374
0.006789
0.004761
0.004329
0.007394
0.010229
0.004058
0.005819
0.004263
0.006821
0.004781
0.007142
0.010870
0.012345
0.007905
0.005123
0.004606
0.004591
0.006359
0.019974
0.011906
0.009353
0.005653
0.005441
0.007832
0.007351
0.007312
0.009394
0.008035
0.011009
0.011660
0.015639
0.021281
0.014567
0.013201
0.014101
0.018854
0.017178
0.015898
0.010687
0.008486
0.011189
0.009100
0.008696
0.008589
0.010852
0.015048
0.013062
0.012055
0.015482
0.012936
0.014752
0.013092
0.012127
0.013463
0.012292
0.012898
0.012954
0.013587
0.008445
0.020812
0.008588
0.012533
0.006264
0.007026
0.006114
0.007303
0.006130
0.014040
0.011194
0.011579
0.012841
0.009377
0.010773
0.006964
0.006672
0.009192
0.010039
0.009885
0.011575
0.008124
0.011782
0.013708
0.007879
0.004972
0.005134
0.005574
0.021622
0.028083
0.017617
0.016913
0.017868
0.012451
0.012660
0.011802
0.014945
0.012363
0.013173
0.012244
0.019248
0.016381
0.013739
0.007683
0.009975
0.007642
0.011830
0.021740
0.017401
0.010607
0.010314
0.008740
0.014450
0.010308
0.009810
0.007520
0.013889
0.012207
0.013817
0.017650
0.014768
0.015973
0.015867
0.017372
0.014038
0.020713
0.017050
0.017953
0.013507
0.015785
0.013316
0.009651
0.009291
0.015080
0.015975
0.011101
0.013131
0.012699
0.011558
0.009184
0.015455
0.014801
0.013563
0.012922
0.015854
0.018141
0.012259
0.004884
0.005144
0.005310
0.005482
0.006189
0.003863
0.005996
0.006552
0.008241
0.006203
0.010153
0.015711
0.014986
0.016614
0.019818
0.012482
0.013511
0.014896
0.013357
0.017012
0.016303
0.016171
0.014445
0.020806
0.018777
0.017604
0.018184
0.022470
0.022366
0.016141
0.015104
0.024586
0.018489
0.023418
0.020627
0.014826
0.017642
0.019503
0.017029
0.008242
0.007109
0.007153
0.008230
0.010442
0.013037
0.011314
0.010839
0.012687
0.010967
0.011264
0.013774
0.013234
0.015341
0.017490
0.018245
0.019685
0.011389
0.030310
0.024365
0.012414
0.013062
0.012551
0.011983
0.014072
0.018822
0.018350
0.021704
0.027359
0.019679
0.029625
0.023017
0.021994
0.019573
0.019189
0.015200
0.023716
0.015535
0.022517
0.018554
0.019776
0.022827
0.024847
0.028460
0.026225
0.020448
0.025672
0.024932
0.014414
0.013884
0.014663
0.014635
0.015646
0.012240
0.017874
0.022616
0.016737
0.017520
0.016597
0.014884
0.015749
0.022798
0.029896
0.026719
0.025935
0.024992
0.019087
0.015567
0.012723
0.016741
0.013068
0.007884
0.004818
0.005317
0.005016
0.006229
0.005861
0.008079
0.007554
0.010439
0.013268
0.010023
0.011190
0.002864
0.010575
0.006617
0.012094
0.012036
0.011802
0.010623
0.007458
0.008608
0.010046
0.004709
0.009184
0.008883
0.012043
0.007551
0.014926
0.015345
0.017260
0.014009
0.008522
0.009069
0.007825
0.012200
0.015106
0.022472
0.021907
0.011941
0.005363
0.006345
0.006420
0.016503
0.009766
0.016240
0.021180
0.016186
0.008932
0.005988
0.003065
0.003620
0.007114
0.007812
0.013338
0.008744
0.003734
0.006241
0.004406
0.008830
0.015399
0.019397
0.012403
0.009949
0.007042
0.004883
0.002806
0.004931
0.017690
0.022463
0.021266
0.017031
0.015568
0.015387
0.016218
0.010095
0.020573
0.015485
0.016123
0.009367
0.007854
0.007204
0.013167
0.015834
0.015934
0.024862
0.019957
0.017547
0.019696
0.019115
0.019820
0.027901
0.014764
0.011051
0.012179
0.010139
0.010693
0.011371
0.008142
0.014127
0.016209
0.015977
0.024063
0.021993
0.025299
0.017524
0.019285
0.016898
0.016479
0.018910
0.016009
0.016609
0.013756
0.013348
0.010092
0.010876
0.013647
0.012872
0.012189
0.007584
0.010237
0.008582
0.011431
0.013005
0.017204
0.013488
0.011583
0.009308
0.006126
0.015398
0.015054
0.010309
0.018824
0.018647
0.019343
0.014376
0.017068
0.012299
0.009417
0.008343
0.008173
0.014197
0.012673
0.013567
0.009635
0.008672
0.009424
0.013620
0.021951
0.012902
0.009348
0.011012
0.005638
0.011712
0.006104
0.011782
0.013821
0.008258
0.010907
0.010473
0.009658
0.008962
0.007571
0.007191
0.010650
0.011265
0.008277
0.008631
0.011455
0.012393
0.009330
0.009105
0.010406
0.007326
0.008132
0.009904
0.009389
0.008616
0.010303
0.013812
0.014132
0.019257
0.015289
0.012488
0.011735
0.014018
0.011104
0.008528
0.011744
0.015159
0.012645
0.018109
0.010398
0.017375
0.011862
0.013891
0.016591
0.013757
0.013812
0.011617
0.011889
0.017703
0.025021
0.022444
0.017976
0.011291
0.015649
0.013384
0.010052
0.011629
0.015275
0.012856
0.011676
0.013336
0.010755
0.008934
0.010101
0.012939
0.014940
0.013430
0.014055
0.010403
0.009488
0.010763
0.020215
0.013354
0.018317
0.015047
0.016199
0.011192
0.011888
0.010297
0.005882
0.014340
0.014238
0.015730
0.012428
0.015583
0.013597
0.018831
0.014979
0.025641
0.024916
0.019267
0.012310
0.012303
0.010054
0.010141
0.015005
0.009789
0.016375
0.017000
0.012284
0.011343
0.009656
0.009648
0.014472
0.015656
0.013530
0.012537
0.014018
0.015197
0.012825
0.013151
0.013663
0.008591
0.010816
0.010297
0.015957
0.012095
0.014531
0.010455
0.013226
0.017992
0.010619
0.008826
0.015751
0.009688
0.011805
0.017285
0.012766
0.013526
0.010640
0.009634
0.005615
0.007991
0.020912
0.015235
0.018465
0.014485
0.009951
0.011406
0.008510
0.011924
0.011670
0.014267
0.014649
0.013721
0.017244
0.014311
0.011442
0.009959
0.009147
0.018314
0.017240
0.016081
0.010571
0.016219
0.010017
0.008743
0.013355
0.008790
0.005744
0.006855
0.007861
0.013685
0.013787
0.008272
0.011026
0.011450
0.015862
0.011764
0.011238
0.007302
0.005100
0.005899
0.011086
0.010048
0.011201
0.010329
