4.91876
5.72334
6.88267
8.27622
9.2946
10.7176
11.828
12.963
13.7109
13.9589
15.2914
16.2525
16.749
18.1501
19.1789
20.0803
21.4862
22.4045
23.6297
24.5127
25.929
26.5295
27.4899
28.38
29.562
30.5717
31.7485
33.1541
34.0794
34.9713
35.7495
36.9478
38.0437
39.3498
39.9082
41.1448
41.746
42.9395
43.5799
44.6396
45.3271
46.4281
46.6195
47.4163
48.8637
50.2795
51.1835
52.4856
53.7677
54.9842
56.2791
57.7167
59.2006
60.6463
61.795
63.2393
64.6504
65.947
67.3706
68.2266
68.8952
70.306
71.3101
72.0146
73.3206
74.2357
75.0829
76.1098
76.3634
77.3056
78.6991
79.331
80.5164
81.1165
82.2295
82.8424
84.0173
84.5985
86.0015
86.6397
87.729
88.7999
89.958
91.3161
92.502
93.9224
95.3038
95.9997
97.4328
98.7331
99.7549
100.367
101.626
102.702
104.479
105.973
107.253
107.751
108.728
109.947
111.343
111.924
113.34
114.394
115.607
116.185
118.095
119.496
120.299
121.521
122.691
123.876
124.584
125.8
127.13
128.004
129.351
130.585
130.862
132.248
133.645
134.538
135.767
137.111
138.035
139.467
140.507
141.494
142.563
144.169
145.464
146.57
147.443
147.951
148.943
150.352
151.326
152.127
152.875
154.146
155.027
156.974
158.355
159.744
160.286
161.997
163.646
165.051
166.053
167.321
168.244
169.683
170.247
171.514
172.034
173.402
174.836
175.453
176.674
177.316
178.737
179.838
180.973
182.269
183.374
184.247
184.665
186.138
186.806
187.566
188.816
190.215
190.558
191.595
192.189
193.109
194.238
194.978
196.191
197.135
197.939
198.971
199.574
200.737
201.333
202.499
202.636
203.464
204.523
205.943
206.642
206.839
208.062
209.333
210.509
211.574
212.998
213.311
214.585
215.146
216.553
217.599
218.513
219.637
221.031
221.578
222.917
224.038
224.753
225.827
226.444
227.682
228.538
229.12
230.15
231.349
232.755
233.843
235.089
236.529
237.366
238.224
239.633
240.204
241.25
242.636
244.491
245.725
246.588
247.5
248.768
249.478
250.915
252.353
253.071
254.24
254.843
256.028
259.769
261.206
262.46
263.498
265.01
266.042
267.505
268.593
269.049
270.268
271.265
272.386
273.909
274.6
276.002
277.349
278.797
280.076
281.35
282.397
283.785
284.585
285.782
287.211
288.015
289.473
290.724
291.829
292.751
294.086
296.574
298.25
299.719
301.13
302.569
303.816
304.204
305.115
306.524
307.654
308.576
310.036
310.33
311.785
312.65
313.776
314.748
316.11
316.683
317.951
318.77
319.838
320.674
321.969
323.325
324.733
325.564
326.8
328.019
328.779
329.352
329.978
331.389
334.679
336.286
337.823
339.237
340.295
340.818
342.067
342.629
343.897
344.426
345.91
347.373
348.588
349.785
351.203
352.561
353.879
354.21
355.385
356.504
357.049
358.22
359.213
360.221
360.757
361.95
362.04
363.367
364.21
364.988
365.937
367.345
368.394
369.874
371.797
373.134
374.069
376.177
378.503
380.825
382.142
383.391
384.292
385.553
387.929
390.64
394.73
396.093
397.29
398.347
399.395
401.253
402.606
403.051
404.4
404.667
405.622
406.505
407.29
414.053
415.546
418.088
419.412
420.256
422.364
426.957
428.281
428.688
429.405
430.895
431.452
432.27
433.077
434.597
435.398
437.018
438.419
438.797
439.467
440.857
441.56
441.78
443.001
444.394
445.071
445.333
445.855
447.256
448.124
449.514
450.327
451.25
451.89
452.573
453.509
455.091
457.071
458.221
458.992
460.069
461.515
462.322
467.034
471.045
473.912
475.895
477.372
478.045
479.42
481.101
482.246
482.889
484.194
485.234
485.84
487.179
488.588
490.313
491.806
493.226
494.143
495.568
496.254
497.486
498.331
499.591
500.383
501.289
502.711
503.799
505.037
505.524
506.997
507.99
509.018
510.892
512.011
512.958
513.271
513.965
515.382
516.254
517.489
518.299
519.513
520.337
521.789
522.652
523.483
524.609
525.596
525.815
526.957
529.154
530.474
531.137
532.438
533.564
534.823
536.313
537.888
539.269
540.589
542.016
543.256
543.892
544.994
546.315
547.816
548.584
549.256
550.725
551.637
552.215
553.615
554.325
554.899
556.048
557.484
558.931
560.155
561.556
562.755
563.38
564.014
565.335
565.942
567.061
567.895
569.004
570.368
571.775
572.381
573.803
575.025
576.17
577.253
578.21
579.263
580.571
581.456
582.004
583.121
584.25
585.483
586.949
588.357
589.49
591.057
594.036
596.167
601.422
602.746
603.984
605.408
606.546
607.629
608.65
609.347
610.724
610.99
612.393
613.376
614.545
615.551
616.839
617.493
618.943
620.126
620.759
622.07
623.024
624.444
625.779
626.539
627.237
628.575
629.977
631.365
632.778
638.766
640.986
643.579
645.085
648.03
650.675
652.072
652.857
654.25
655.098
656.353
657.774
658.983
659.846
660.688
661.839
662.466
663.625
664.661
665.783
667.022
667.981
668.64
669.727
671.206
671.765
673.158
674.522
675.487
676.516
677.481
678.908
679.737
681.146
681.881
683.324
684.65
685.201
686.312
687.358
688.62
689.144
690.548
691.46
692.317
693.775
695.198
696.223
697.56
698.968
700.034
701.482
702.888
703.719
704.345
705.711
706.98
707.769
708.515
709.353
709.986
710.987
711.991
713.383
714.232
714.751
716.161
716.83
717.395
718.329
719.002
721.581
724.973
726.266
727.654
728.99
729.778
731.033
731.765
732.381
733.788
734.987
736.099
737.135
738.5
739.45
740.112
740.973
742.044
743.479
744.598
745.904
747.222
748.619
750.045
751.389
752.274
753.388
754.915
756.312
757.631
758.914
760.202
761.615
763.028
765.734
766.999
767.787
769.132
769.922
771.335
772.402
773.825
775.249
776.636
777.769
778.523
779.789
781.111
782.031
783.455
784.628
785.531
786.894
788.287
788.643
790.106
791.941
793.347
794.755
796.213
797.631
798.21
799.624
800.654
802.022
803.211
805.199
806.617
807.94
809.242
810.292
810.849
812.254
813.038
814.452
814.767
815.867
817.294
818.664
820.038
821.051
821.784
823.214
824.043
825.773
827.226
828.636
830.049
831.341
832.719
833.159
834.542
835.967
837.355
838.649
839.782
841.207
841.517
842.794
844.205
844.973
846.357
847.305
848.734
850.13
851.388
852.535
853.95
854.981
856.38
857.753
858.337
859.737
860.555
861.77
863.054
863.502
865.098
865.582
866.969
868.407
869.797
870.972
872.309
872.392
872.537
873.96
874.562
875.946
