2.11758
2.61763
3.11756
3.64625
4.11757
4.61757
5.11751
5.62699
6.11753
6.61752
7.11762
7.63477
8.11759
8.61788
9.11774
9.63533
10.1176
10.6175
11.1177
11.6333
12.1175
12.6176
13.1175
13.64
14.1176
14.6176
15.1176
15.6269
16.1175
16.6176
17.1176
17.6332
18.1502
18.6175
19.1204
19.6375
20.1176
20.6176
21.1175
21.6375
22.1176
22.6175
23.1176
23.6476
24.1175
24.6176
25.1175
25.6372
26.1176
26.6176
27.1176
27.6437
28.1175
28.6175
29.1176
29.6175
30.1175
30.6277
31.1175
31.6175
32.1176
32.6354
33.1284
33.6175
34.1177
34.6361
35.1175
35.6211
36.1176
36.6424
37.1175
37.6176
38.1176
38.6353
39.1175
39.6177
40.1175
40.6176
41.1465
41.636
42.1176
42.6175
43.1175
43.6175
44.1221
44.643
45.1176
45.644
46.1198
46.6232
47.1175
47.6316
48.1203
48.6269
49.1175
49.6425
50.1254
50.6293
51.1456
51.6241
52.1274
52.6396
53.1398
53.6261
54.123
54.6239
55.1322
55.6449
56.1175
56.6245
57.1175
57.6439
58.1205
58.6343
59.1647
59.6268
60.1175
60.654
61.1283
61.6524
62.1202
62.6326
63.1347
63.6362
64.123
64.6615
65.121
65.6458
66.1263
66.6351
67.1343
67.6505
68.1336
68.6745
69.1254
69.6544
70.1346
70.6376
71.1343
71.6539
72.135
72.6324
73.1349
73.6455
74.1305
74.6346
75.1311
75.6592
76.1333
76.635
77.1338
77.6669
78.1347
78.635
79.1326
79.6643
80.1369
80.6349
81.1582
81.6376
82.1346
82.662
83.1349
83.6608
84.1356
84.6343
85.1523
85.6605
86.1436
86.6655
87.136
87.6558
88.1368
88.637
89.1347
89.6587
90.1369
90.6366
91.1363
91.6541
92.1378
92.6352
93.1377
93.6493
94.1359
94.6581
95.1345
95.6383
96.1377
96.6496
97.1355
97.6356
98.1361
98.651
99.1381
99.6376
100.136
100.653
101.136
101.652
102.135
102.672
103.136
103.636
104.149
104.651
105.137
105.638
106.135
106.651
107.194
107.647
108.138
108.692
109.135
109.654
110.135
110.65
111.135
111.637
112.135
112.66
113.134
113.637
114.137
114.662
115.135
115.634
116.15
116.658
117.139
117.635
118.143
118.654
119.149
119.635
120.136
120.659
121.136
121.636
122.135
122.691
123.137
123.638
124.144
124.635
125.137
125.639
126.136
126.655
127.158
127.636
128.135
128.658
129.19
129.663
130.135
130.636
131.135
131.667
132.135
132.635
133.135
133.688
134.136
134.663
135.136
135.639
136.137
136.653
137.153
137.639
138.135
138.655
139.135
139.659
140.136
140.637
141.134
141.65
142.136
142.637
143.135
143.662
144.138
144.637
145.136
145.652
146.139
146.636
147.137
147.651
148.135
148.636
149.137
149.649
150.135
150.638
151.141
151.653
152.154
152.636
153.138
153.653
154.172
154.643
155.136
155.662
156.18
156.661
157.136
157.652
158.135
158.638
159.136
159.652
160.135
160.637
161.134
161.673
162.135
162.653
163.134
163.674
164.136
164.637
165.139
165.657
166.144
166.658
167.139
167.668
168.181
168.657
169.136
169.683
170.184
170.637
171.139
171.638
172.136
172.656
173.137
173.637
174.134
174.654
175.138
175.653
176.136
176.674
177.136
177.653
178.136
178.695
179.135
179.663
180.136
180.636
181.137
181.636
182.213
182.655
183.136
183.665
184.153
184.665
185.154
185.655
186.177
186.639
187.152
187.657
188.134
188.638
189.142
189.653
190.138
190.657
191.135
191.637
192.162
192.653
193.136
193.637
194.137
194.658
195.135
195.641
196.161
196.665
197.16
197.64
198.139
198.659
199.135
199.651
200.135
200.661
201.135
201.659
202.137
202.663
203.141
203.662
204.135
204.638
205.135
205.654
206.134
206.687
207.137
207.636
208.144
208.65
209.137
209.655
210.134
210.637
211.134
211.67
212.135
212.637
213.137
213.651
214.136
214.639
215.172
215.636
216.134
216.657
217.17
217.653
218.142
218.636
219.137
219.682
220.138
220.642
221.134
221.655
222.137
222.661
223.14
223.664
224.144
224.698
225.144
225.644
226.167
226.64
227.136
227.713
228.141
228.636
229.167
229.637
230.175
230.652
231.136
231.636
232.138
232.661
233.137
233.672
234.137
234.662
235.136
235.643
236.137
236.642
237.141
237.653
238.185
238.64
239.136
239.68
240.165
240.655
241.142
241.637
242.142
242.683
243.139
243.641
244.138
244.663
245.136
245.649
246.143
246.635
247.137
247.654
248.135
248.639
249.138
249.668
250.154
250.659
251.157
251.652
252.139
252.639
253.169
253.639
254.137
254.654
255.138
255.663
256.142
256.636
257.192
257.68
258.175
258.671
259.157
259.674
260.138
260.637
261.206
261.638
262.14
262.657
263.136
263.639
264.135
264.653
265.139
265.657
266.143
266.679
267.139
267.676
268.135
268.656
269.142
269.656
270.204
270.639
271.188
271.66
272.137
272.643
273.134
273.653
274.135
274.648
275.136
275.664
276.135
276.642
277.173
277.653
278.141
278.659
279.141
279.68
280.165
280.636
281.137
281.664
282.135
282.661
283.153
283.636
284.149
284.64
285.136
285.7
286.135
286.66
287.165
287.662
288.137
288.644
289.136
289.657
290.138
290.67
291.143
291.67
292.134
292.701
293.142
293.641
294.177
294.643
295.138
295.654
296.215
296.636
297.139
297.637
298.194
298.654
299.139
299.719
300.136
300.646
301.173
301.637
302.141
302.654
303.137
303.638
304.148
304.66
305.161
305.642
306.137
306.655
307.14
307.704
308.139
308.661
309.147
309.638
310.139
310.655
311.139
311.656
312.137
312.682
313.136
313.643
314.14
314.653
315.14
315.638
316.164
316.683
317.134
317.657
318.137
318.644
319.141
319.657
320.135
320.674
321.136
321.658
322.135
322.642
323.138
323.653
324.135
324.665
325.138
325.659
326.136
326.638
327.141
327.657
328.139
328.637
329.141
329.64
330.135
330.656
331.136
331.636
332.135
332.683
333.182
333.677
334.166
334.708
335.136
335.635
336.192
336.635
337.14
337.676
338.135
338.642
339.138
339.653
340.136
340.642
341.137
341.644
342.169
342.656
343.14
343.667
344.136
344.644
345.143
345.66
346.14
346.669
347.139
347.665
348.139
348.64
349.147
349.638
350.137
350.638
351.155
351.658
352.134
352.641
353.136
353.661
354.21
354.641
355.14
355.639
356.173
356.686
357.14
357.66
358.16
358.66
359.162
359.64
360.172
360.662
361.135
361.641
362.134
362.66
363.138
363.636
364.156
364.662
365.135
365.642
366.16
366.644
367.135
367.666
368.183
368.642
369.136
369.707
370.182
370.643
371.171
371.699
372.138
372.663
373.163
373.635
374.168
374.67
375.138
375.71
376.217
376.639
377.146
377.728
378.177
378.65
379.137
379.656
380.218
380.673
381.136
381.659
382.197
382.657
383.143
383.638
384.221
384.638
385.142
385.638
386.137
386.656
387.198
387.674
388.137
388.661
389.137
389.66
390.193
390.695
391.137
391.642
392.199
392.684
393.187
393.664
394.274
394.73
395.14
395.636
396.209
396.636
397.197
397.654
398.182
398.667
399.184
399.667
400.136
400.661
401.282
401.643
402.141
402.661
403.152
403.655
404.139
404.717
405.135
405.682
406.137
406.659
407.196
407.637
408.135
408.745
409.207
409.711
410.248
410.712
411.197
411.698
412.216
412.711
413.186
413.693
414.15
414.652
415.145
415.687
416.138
416.641
417.207
417.699
418.183
418.638
419.136
419.638
420.185
420.637
421.136
421.724
422.201
422.64
423.136
423.724
424.222
424.72
425.207
425.716
426.22
426.723
427.141
427.641
428.134
428.74
429.179
429.638
430.138
430.662
431.197
431.665
432.185
432.645
433.139
433.654
434.137
434.661
435.164
435.643
436.139
436.66
437.14
437.637
438.138
438.64
439.142
439.667
440.142
440.638
441.143
441.639
442.16
442.643
443.146
443.66
444.146
444.641
445.137
445.658
446.14
446.643
447.137
447.641
448.173
448.641
449.145
449.639
450.14
450.652
451.14
451.643
452.14
452.651
453.139
453.636
454.138
454.657
455.138
455.652
456.136
456.644
457.141
457.642
458.164
458.657
459.134
459.655
460.158
460.663
461.135
461.642
462.135
462.639
463.138
463.653
464.199
464.71
465.148
465.683
466.24
466.704
467.145
467.642
468.208
468.726
469.196
469.654
470.233
470.701
471.144
471.645
472.14
472.671
473.187
473.688
474.145
474.662
475.173
475.667
476.142
476.641
477.144
477.655
478.148
478.637
479.145
479.645
480.201
480.678
481.153
481.659
482.169
482.664
483.138
483.672
484.245
484.639
485.172
485.66
486.174
486.636
487.206
487.646
488.143
488.635
489.144
489.659
490.231
490.663
491.14
491.698
492.135
492.667
493.173
493.66
494.173
494.638
495.142
495.657
496.144
496.64
497.146
497.674
498.138
498.653
499.14
499.639
500.145
500.642
501.139
501.662
502.146
502.659
503.14
503.648
504.14
504.672
505.137
505.655
506.139
506.641
507.141
507.668
508.137
508.668
509.142
509.644
510.139
510.655
511.142
511.67
512.141
512.636
513.14
513.666
514.148
514.642
515.136
515.639
516.183
516.672
517.146
517.655
518.195
518.647
519.146
519.66
520.145
520.645
521.141
521.662
522.142
522.701
523.139
523.671
524.142
524.663
525.142
525.649
526.14
526.655
527.141
527.643
528.174
528.682
529.183
529.656
530.144
530.674
531.164
531.64
532.143
532.661
533.15
533.637
534.142
534.657
535.142
535.647
536.144
536.654
537.143
537.698
538.142
538.656
539.155
539.663
540.144
540.639
541.147
541.64
542.138
542.66
543.14
543.639
544.145
544.652
545.141
545.647
546.144
546.658
547.151
547.655
548.15
548.647
549.146
549.646
550.139
550.725
551.137
551.67
552.168
552.665
553.142
553.647
554.135
554.666
555.138
555.664
556.141
556.665
557.138
557.641
558.138
558.659
559.139
559.664
560.185
560.645
561.146
561.663
562.207
562.694
563.145
563.646
564.194
564.646
565.138
565.655
566.14
566.654
567.139
567.652
568.148
568.657
569.142
569.653
570.135
570.649
571.144
571.667
572.14
572.64
573.138
573.661
574.135
574.64
575.141
575.661
576.197
576.659
577.147
577.646
578.155
578.659
579.146
579.638
580.142
580.654
581.146
581.656
582.139
582.646
583.171
583.639
584.141
584.658
585.143
585.66
586.14
586.645
587.135
587.65
588.141
588.635
589.148
589.654
590.138
590.644
591.136
591.641
592.144
592.698
593.22
593.677
594.138
594.658
595.142
595.673
596.22
596.645
597.138
597.709
598.18
598.689
599.207
599.719
600.23
600.698
601.215
601.641
602.144
602.663
603.141
603.654
604.143
604.642
605.147
605.641
606.141
606.636
607.155
607.681
608.136
608.701
609.146
609.666
610.138
610.663
611.144
611.636
612.14
612.64
613.143
613.656
614.148
614.644
615.138
615.653
616.138
616.644
617.138
617.654
618.144
618.654
619.136
619.662
620.161
620.65
621.137
621.664
622.136
622.643
623.137
623.658
624.151
624.647
625.139
625.659
626.148
626.638
627.142
627.651
628.136
628.661
629.135
629.646
630.143
630.648
631.14
631.642
632.146
632.704
633.141
633.637
634.209
634.702
635.219
635.721
636.226
636.682
637.222
637.711
638.241
638.695
639.14
639.641
640.299
640.717
641.183
641.644
642.15
642.689
643.201
643.661
644.14
644.646
645.135
645.642
646.14
646.698
647.177
647.671
648.14
648.669
649.17
649.683
650.202
650.705
651.137
651.643
652.166
652.661
653.137
653.658
654.139
654.641
655.145
655.663
656.134
656.644
657.161
657.663
658.142
658.639
659.141
659.658
660.145
660.688
661.147
661.652
662.139
662.635
663.142
663.676
664.141
664.698
665.144
665.659
666.138
666.638
667.149
667.655
668.168
668.673
669.141
669.655
670.144
670.636
671.161
671.653
672.142
672.647
673.186
673.661
674.135
674.638
675.142
675.659
676.137
676.636
677.137
677.656
678.136
678.637
679.141
679.661
680.135
680.637
681.182
681.664
682.143
682.648
683.139
683.656
684.138
684.696
685.157
685.659
686.14
686.66
687.145
687.637
688.137
688.665
689.172
689.644
690.141
690.663
691.144
691.662
692.147
692.661
693.149
693.641
694.141
694.648
695.153
695.665
696.135
696.64
697.14
697.656
698.135
698.644
699.141
699.66
700.144
700.648
701.144
701.666
702.14
702.639
703.149
703.667
704.144
704.637
705.136
705.662
706.137
706.657
707.136
707.641
708.144
708.642
709.137
709.659
710.14
710.639
711.14
711.638
712.139
712.657
713.143
713.638
714.147
714.653
715.136
715.641
716.193
716.653
717.143
717.637
718.135
718.655
719.158
719.654
720.14
720.736
721.205
721.653
722.141
722.637
723.16
723.67
724.192
724.696
725.142
725.67
726.139
726.645
727.147
727.71
728.141
728.664
729.142
729.662
730.147
730.648
731.136
731.638
732.142
732.641
733.139
733.639
734.144
734.661
735.134
735.638
736.144
736.656
737.165
737.636
738.142
738.664
739.141
739.657
740.165
740.64
741.14
741.657
742.143
742.644
743.144
743.663
744.14
744.655
745.145
745.644
746.143
746.656
747.162
747.637
748.144
748.668
749.139
749.642
750.141
750.653
751.136
751.639
752.188
752.648
753.15
753.637
754.137
754.66
755.138
755.659
756.139
756.653
757.136
757.67
758.137
758.658
759.145
759.655
760.167
760.639
761.135
761.664
762.14
762.64
763.137
763.656
764.136
764.643
765.14
765.654
766.143
766.649
767.141
767.638
768.141
768.654
769.179
769.655
770.136
770.66
771.14
771.638
772.234
772.64
773.136
773.642
774.14
774.666
775.181
775.647
776.136
776.68
777.141
777.638
778.139
778.646
779.136
779.661
780.144
780.657
781.159
781.644
782.139
782.659
783.148
783.655
784.144
784.668
785.136
785.641
786.142
786.655
787.141
787.662
788.137
788.674
789.148
789.64
790.153
790.661
791.137
791.637
792.138
792.659
793.134
793.641
794.137
794.647
795.138
795.657
796.156
796.654
797.144
797.663
798.161
798.664
799.144
799.655
800.138
800.7
801.148
801.663
802.135
802.644
803.146
803.655
804.139
804.638
805.158
805.666
806.141
806.649
807.147
807.659
808.141
808.657
809.135
809.643
810.143
810.664
811.143
811.663
812.141
812.643
813.138
813.659
814.138
814.655
815.138
815.648
816.136
816.657
817.141
817.638
818.141
818.711
819.147
819.644
820.144
820.662
821.136
821.656
822.204
822.639
823.154
823.658
824.136
824.663
825.135
825.672
826.138
826.643
827.16
827.657
828.144
828.677
829.141
829.671
830.154
830.642
831.139
831.659
832.139
832.637
833.187
833.664
834.136
834.637
835.146
835.655
836.144
836.641
837.142
837.662
838.139
838.701
839.141
839.659
840.136
840.637
841.154
841.635
842.141
842.665
843.138
843.653
844.16
844.656
845.137
845.66
846.135
846.642
847.169
847.638
848.136
848.68
849.137
849.655
850.177
850.65
851.143
851.659
852.135
852.643
853.141
853.654
854.137
854.658
855.134
855.645
856.143
856.637
857.136
857.657
858.143
858.646
859.14
859.658
860.146
860.652
861.14
861.662
862.143
862.641
863.141
863.659
864.139
864.645
865.147
865.637
866.136
866.641
867.139
867.66
868.14
868.646
869.142
869.657
870.146
870.656
871.143
871.642
872.145
872.64
873.141
873.661
874.148
874.652
875.135
875.641
876.14
876.654
877.141
877.644
878.142
878.655
879.144
879.641
880.142
880.655
881.142
881.645
882.14
882.653
883.135
883.638
884.137
884.656
885.139
885.642
886.141
886.656
887.135
887.641
888.136
888.652
889.135
889.642
890.143
890.659
891.143
891.644
892.142
892.654
893.145
893.638
894.143
894.65
895.14
895.638
896.139
896.656
897.134
897.645
898.147
898.653
899.136
899.638
900.14
900.662
901.138
901.639
902.144
902.66
903.14
903.64
904.138
904.653
905.137
905.646
906.137
906.659
907.146
907.642
908.138
908.651
909.137
909.642
910.138
910.658
911.146
911.638
912.145
912.656
913.138
913.643
914.14
914.65
915.146
915.64
916.149
916.651
917.138
917.637
918.138
918.652
919.134
919.637
920.145
920.655
921.135
921.643
922.142
922.655
923.137
923.643
924.144
924.667
925.148
925.64
926.137
926.651
927.14
927.647
928.143
928.656
929.141
929.639
930.139
930.654
931.143
931.642
932.147
932.653
933.145
933.639
934.14
934.658
935.135
935.641
936.137
936.654
937.136
937.641
938.141
938.659
939.145
939.64
940.143
940.655
941.138
941.639
942.14
942.662
943.135
943.645
944.147
944.658
945.14
945.648
946.141
946.656
947.138
947.643
948.139
948.663
949.14
949.641
950.145
950.65
951.139
951.641
952.145
952.656
953.135
953.641
954.141
954.654
955.137
955.641
956.145
956.66
957.148
957.641
958.137
958.653
959.14
959.64
960.142
960.656
961.14
961.64
962.146
962.65
963.145
963.642
964.146
964.655
965.144
965.645
966.14
966.658
967.136
967.643
968.137
968.653
969.136
969.639
970.139
970.661
971.143
971.64
972.142
972.653
973.136
973.639
974.137
974.653
975.135
975.646
976.148
976.656
977.139
977.646
978.141
978.655
979.141
979.643
980.144
980.651
981.14
981.642
982.148
982.652
983.14
983.649
984.148
984.653
985.14
985.641
986.141
986.663
987.14
987.643
988.147
988.667
989.139
989.646
990.143
990.651
991.136
991.639
992.136
992.654
993.14
993.637
994.137
994.655
995.138
995.645
996.139
996.654
997.14
997.641
998.144
998.658
999.141
999.645
1000.14
1000.65
1001.14
1001.64
1002.14
1002.66
1003.15
1003.64
1004.14
1004.65
1005.14
1005.64
1006.14
1006.66
1007.14
1007.64
1008.14
1008.65
1009.14
1009.65
1010.14
1010.66
1011.15
1011.65
1012.14
1012.66
1013.14
1013.64
1014.14
1014.66
1015.13
1015.64
1016.15
1016.65
1017.13
1017.64
1018.14
1018.66
1019.14
1019.64
1020.15
1020.66
1021.14
1021.64
1022.14
1022.65
1023.13
1023.64
1024.14
1024.66
1025.14
1025.64
1026.14
1026.65
1027.14
1027.64
1028.14
1028.65
1029.14
1029.64
1030.15
1030.66
1031.14
1031.65
1032.14
1032.65
1033.14
1033.64
1034.15
1034.66
1035.14
1035.64
1036.14
1036.66
1037.14
1037.64
1038.14
1038.66
1039.14
1039.64
1040.14
1040.65
1041.14
1041.64
1042.14
1042.65
1043.14
1043.65
1044.14
1044.66
1045.14
1045.64
1046.14
1046.65
1047.14
1047.64
1048.14
1048.66
1049.13
1049.64
1050.14
1050.65
1051.14
1051.64
1052.14
1052.65
1053.13
1053.64
1054.14
1054.66
1055.14
1055.64
1056.14
1056.65
1057.13
1057.64
1058.15
1058.66
1059.14
1059.64
1060.14
1060.66
1061.14
1061.64
1062.15
1062.66
1063.13
1063.64
1064.14
1064.65
1065.14
1065.64
1066.14
1066.66
1067.15
1067.64
1068.14
1068.65
1069.14
1069.64
1070.14
1070.65
1071.13
1071.64
1072.15
1072.65
1073.14
1073.64
1074.14
1074.66
1075.14
1075.65
1076.15
1076.65
1077.14
1077.64
1078.14
1078.65
1079.14
1079.64
1080.15
1080.65
1081.13
1081.65
1082.15
1082.65
1083.14
1083.64
1084.14
1084.65
1085.15
1085.64
1086.14
1086.65
1087.14
1087.64
1088.14
1088.66
1089.14
1089.64
1090.14
1090.65
1091.14
1091.64
1092.15
1092.65
1093.14
1093.64
1094.14
1094.66
1095.14
1095.65
1096.14
1096.65
1097.14
1097.64
1098.15
1098.66
1099.14
1099.65
1100.14
1100.65
1101.14
1101.64
1102.15
1102.65
1103.14
1103.64
1104.14
1104.66
1105.14
1105.64
1106.14
1106.65
1107.13
1107.65
1108.14
1108.65
1109.14
1109.64
1110.14
1110.65
1111.14
1111.64
1112.14
1112.66
1113.14
1113.64
1114.14
1114.66
1115.14
1115.64
1116.14
1116.66
1117.14
1117.64
1118.14
1118.65
1119.14
1119.64
1120.14
1120.66
1121.14
1121.64
1122.15
1122.65
1123.14
1123.64
1124.15
1124.66
1125.14
1125.64
1126.14
1126.66
1127.14
1127.64
1128.14
1128.65
1129.13
1129.64
1130.14
1130.66
1131.14
1131.64
1132.14
1132.66
1133.14
1133.64
1134.14
1134.66
1135.14
1135.64
1136.14
1136.67
1137.14
1137.64
1138.14
1138.65
1139.14
1139.64
1140.14
1140.66
1141.13
1141.64
1142.14
1142.66
1143.15
1143.64
1144.14
1144.66
1145.15
1145.64
1146.14
1146.65
1147.14
1147.64
1148.14
1148.66
1149.14
1149.64
1150.14
1150.65
1151.14
1151.64
1152.14
1152.65
1153.14
1153.64
1154.14
1154.66
1155.14
1155.64
1156.14
1156.65
1157.14
1157.65
1158.14
1158.65
1159.14
1159.64
1160.14
1160.66
1161.14
1161.65
1162.14
1162.66
1163.15
1163.65
1164.14
1164.66
1165.14
1165.64
1166.14
1166.65
1167.13
1167.65
1168.14
1168.65
1169.14
1169.64
1170.14
1170.65
1171.14
1171.65
1172.15
1172.66
1173.13
1173.64
1174.14
1174.65
1175.15
1175.64
1176.14
1176.66
1177.15
1177.64
1178.14
1178.65
1179.14
1179.65
1180.14
1180.66
1181.14
1181.64
1182.14
1182.65
1183.14
1183.64
1184.14
1184.65
1185.14
1185.64
1186.14
1186.65
1187.14
1187.64
1188.14
1188.65
1189.14
1189.64
1190.14
1190.65
1191.14
1191.64
1192.14
1192.66
1193.14
1193.64
1194.14
1194.65
1195.14
1195.65
1196.14
1196.66
1197.14
1197.64
1198.14
1198.66
1199.13
1199.64
1200.15
1200.66
1201.15
1201.64
1202.14
1202.65
1203.14
1203.64
1204.15
1204.67
1205.14
1205.65
1206.14
1206.66
1207.14
1207.64
1208.14
1208.66
1209.14
1209.64
1210.15
1210.65
1211.14
1211.64
1212.15
1212.65
1213.14
1213.64
1214.14
1214.66
1215.14
1215.64
1216.14
1216.65
1217.14
1217.64
1218.15
1218.66
1219.14
1219.64
1220.14
1220.65
1221.14
1221.64
1222.14
1222.65
1223.14
1223.65
1224.15
1224.66
1225.13
1225.64
1226.14
1226.66
1227.14
1227.64
1228.15
1228.65
1229.14
1229.64
1230.14
1230.65
1231.14
1231.65
1232.14
1232.66
1233.14
1233.64
1234.14
1234.65
1235.14
1235.64
1236.14
1236.66
1237.14
1237.65
1238.14
1238.65
1239.14
1239.64
1240.14
1240.67
1241.15
1241.64
1242.15
1242.65
1243.14
1243.64
1244.14
1244.66
1245.14
1245.65
1246.15
1246.66
1247.14
1247.64
1248.14
1248.66
1249.14
1249.64
1250.14
1250.65
1251.14
1251.64
1252.14
1252.66
1253.14
1253.64
1254.14
1254.66
1255.15
1255.64
1256.14
1256.67
1257.14
1257.64
1258.14
1258.65
1259.14
1259.64
1260.15
1260.66
1261.14
1261.64
1262.14
1262.65
1263.14
1263.64
1264.14
1264.66
1265.15
1265.65
1266.14
1266.65
1267.14
1267.64
1268.14
1268.66
1269.14
1269.64
1270.14
1270.65
1271.14
1271.65
1272.14
1272.66
1273.15
1273.65
1274.14
1274.66
1275.14
1275.64
1276.14
1276.65
1277.13
1277.65
1278.15
1278.66
1279.14
1279.64
1280.14
1280.65
1281.14
1281.64
1282.14
1282.66
1283.14
1283.64
1284.14
1284.65
1285.13
1285.64
1286.14
1286.66
1287.13
1287.64
1288.14
1288.66
1289.14
1289.65
1290.14
1290.66
1291.14
1291.64
1292.15
1292.65
1293.14
1293.64
1294.14
1294.65
1295.14
1295.65
1296.14
1296.66
1297.14
1297.64
1298.14
1298.65
1299.13
1299.64
1300.14
1300.67
1301.15
1301.64
1302.14
1302.65
1303.14
1303.64
1304.14
1304.66
1305.14
1305.64
1306.15
1306.65
1307.14
1307.64
1308.14
1308.66
1309.14
1309.64
1310.14
1310.66
1311.15
1311.64
1312.14
1312.65
1313.14
1313.64
1314.14
1314.65
1315.14
1315.64
1316.14
1316.66
1317.14
1317.64
1318.14
1318.65
1319.14
1319.64
1320.14
1320.66
1321.14
1321.64
1322.14
1322.65
1323.14
1323.65
1324.14
1324.66
1325.13
1325.65
1326.14
1326.65
1327.14
1327.64
1328.14
1328.65
1329.14
1329.64
1330.14
1330.65
1331.14
1331.64
1332.14
1332.65
1333.15
1333.64
1334.14
1334.66
1335.14
1335.64
1336.14
1336.66
1337.14
1337.64
1338.15
1338.66
1339.14
1339.64
1340.15
1340.65
1341.14
1341.64
1342.14
1342.66
1343.14
1343.64
1344.14
1344.65
1345.14
1345.64
1346.14
1346.65
1347.14
1347.65
1348.14
1348.66
1349.14
1349.64
1350.14
1350.65
1351.14
1351.64
1352.14
1352.66
1353.14
1353.64
1354.14
1354.65
1355.13
1355.64
1356.14
1356.66
1357.14
1357.64
1358.14
1358.65
1359.14
1359.64
1360.14
1360.66
1361.14
1361.64
1362.14
1362.65
1363.14
1363.64
1364.14
1364.66
1365.13
1365.65
1366.15
1366.65
1367.14
1367.64
1368.14
1368.65
1369.14
1369.65
1370.14
1370.65
1371.14
1371.64
1372.14
1372.65
1373.13
1373.64
1374.15
1374.65
1375.14
1375.65
1376.14
1376.65
1377.14
1377.64
1378.14
1378.66
1379.13
1379.64
1380.15
1380.66
1381.14
1381.65
1382.14
1382.66
1383.14
1383.64
1384.14
1384.65
1385.14
1385.64
1386.15
1386.65
1387.14
1387.65
1388.14
1388.65
1389.13
1389.64
1390.14
1390.66
1391.14
1391.64
1392.14
1392.66
1393.14
1393.64
1394.14
1394.65
1395.14
1395.64
1396.14
1396.66
1397.15
1397.64
1398.15
1398.65
1399.14
1399.64
1400.14
1400.66
1401.14
1401.65
1402.15
1402.65
1403.14
1403.64
1404.15
1404.65
1405.15
1405.65
1406.14
1406.65
1407.14
1407.64
1408.14
1408.65
1409.14
1409.64
1410.14
1410.66
1411.14
1411.64
1412.14
1412.66
1413.14
1413.64
1414.14
1414.66
1415.14
1415.64
1416.15
1416.65
1417.14
1417.64
1418.15
1418.66
1419.14
1419.65
1420.14
1420.66
1421.14
1421.65
1422.14
1422.65
1423.13
1423.65
1424.14
1424.65
1425.14
1425.65
1426.14
1426.65
1427.14
1427.64
1428.14
1428.66
1429.15
1429.64
1430.15
1430.65
1431.14
1431.65
1432.14
1432.66
1433.14
1433.65
1434.15
1434.65
1435.14
1435.64
1436.14
1436.66
1437.14
1437.64
1438.14
1438.65
1439.15
1439.64
1440.14
1440.65
1441.14
1441.64
1442.14
1442.66
1443.13
1443.65
1444.14
1444.65
1445.14
1445.64
1446.14
1446.65
1447.14
1447.65
1448.14
1448.66
1449.14
1449.64
1450.14
1450.65
1451.13
1451.65
1452.14
1452.65
1453.14
1453.65
1454.14
1454.66
1455.14
1455.65
1456.15
1456.66
1457.13
1457.64
1458.14
1458.66
1459.14
1459.64
1460.14
1460.67
1461.15
1461.64
1462.14
1462.65
1463.14
1463.64
1464.14
1464.66
1465.15
1465.65
1466.14
1466.66
1467.14
1467.64
1468.14
1468.65
1469.14
1469.65
1470.14
1470.65
1471.14
1471.64
1472.14
1472.66
1473.14
1473.65
1474.14
1474.66
1475.14
1475.64
1476.14
1476.65
1477.14
1477.64
1478.14
1478.66
1479.14
1479.64
1480.14
1480.65
1481.14
1481.64
1482.14
1482.66
1483.14
1483.64
1484.14
1484.66
1485.14
1485.64
1486.14
1486.65
1487.15
1487.64
1488.14
1488.66
1489.13
1489.64
1490.14
1490.66
1491.14
1491.65
1492.14
1492.66
1493.14
1493.64
1494.14
1494.66
1495.14
1495.64
1496.14
1496.65
1497.14
1497.64
1498.14
1498.66
1499.13
1499.64
1500.14
1500.66
1501.13
1501.64
1502.15
1502.66
1503.14
1503.65
1504.14
1504.65
1505.14
1505.65
1506.14
1506.66
1507.14
1507.64
1508.14
1508.66
1509.14
1509.64
1510.14
1510.65
1511.14
1511.64
1512.14
1512.66
1513.14
1513.64
1514.14
1514.65
1515.14
1515.64
1516.14
1516.66
1517.14
1517.64
1518.14
1518.65
1519.14
1519.65
1520.14
1520.67
1521.15
1521.65
1522.14
1522.65
1523.15
1523.64
1524.14
1524.67
1525.14
1525.64
1526.14
1526.66
1527.14
1527.64
1528.14
1528.66
1529.14
1529.64
1530.14
1530.65
1531.14
1531.64
1532.14
1532.65
1533.14
1533.64
1534.14
1534.66
1535.15
1535.64
1536.15
1536.67
1537.14
1537.64
1538.15
1538.65
1539.14
1539.65
1540.14
1540.66
1541.14
1541.64
1542.14
1542.65
1543.14
1543.64
1544.14
1544.66
1545.14
1545.65
1546.14
1546.65
1547.14
1547.64
1548.14
1548.66
1549.13
1549.65
1550.14
1550.65
1551.14
1551.64
1552.14
1552.65
1553.14
1553.65
1554.14
1554.65
1555.14
1555.64
1556.14
1556.65
1557.14
1557.64
1558.14
1558.66
1559.14
1559.64
1560.14
1560.65
1561.14
1561.64
1562.14
1562.66
1563.13
1563.65
1564.15
1564.65
1565.14
1565.64
1566.14
1566.65
1567.14
1567.64
1568.14
1568.66
1569.14
1569.64
1570.14
1570.65
1571.14
1571.64
1572.14
1572.66
1573.14
1573.64
1574.14
1574.65
1575.14
1575.64
1576.14
1576.66
1577.14
1577.64
1578.14
1578.65
1579.14
1579.64
1580.15
1580.66
1581.14
1581.64
1582.14
1582.66
1583.13
1583.65
1584.14
1584.65
1585.14
1585.64
1586.14
1586.65
1587.14
1587.65
1588.14
1588.65
1589.14
1589.64
1590.14
1590.65
1591.14
1591.64
1592.14
1592.65
1593.14
1593.64
1594.14
1594.65
1595.14
1595.64
1596.14
1596.65
1597.14
1597.64
1598.14
1598.65
1599.14
1599.64
1600.14
1600.65
1601.14
1601.64
1602.14
1602.65
1603.14
1603.64
1604.15
1604.65
1605.14
1605.65
1606.15
1606.65
1607.14
1607.64
1608.14
1608.66
1609.14
1609.64
1610.14
1610.66
1611.14
1611.64
1612.14
1612.65
1613.14
1613.64
1614.15
1614.66
1615.13
1615.64
1616.14
1616.65
1617.14
1617.64
1618.14
1618.67
1619.14
1619.65
1620.14
1620.65
1621.14
1621.64
1622.14
1622.65
1623.14
1623.67
1624.14
1624.66
1625.13
1625.64
1626.14
1626.66
1627.14
1627.65
1628.14
1628.65
1629.14
1629.65
1630.14
1630.66
1631.14
1631.64
1632.14
1632.65
1633.14
1633.65
1634.14
1634.66
1635.14
1635.64
1636.14
1636.66
1637.14
1637.64
1638.15
1638.65
1639.14
1639.64
1640.14
1640.66
1641.13
1641.64
1642.14
1642.66
1643.14
1643.65
1644.14
1644.66
1645.14
1645.64
1646.14
1646.66
1647.14
1647.64
1648.14
1648.66
1649.14
1649.64
1650.14
1650.65
1651.14
1651.65
1652.14
1652.66
1653.14
1653.65
1654.14
1654.65
1655.14
1655.65
1656.14
1656.66
1657.14
1657.65
1658.14
1658.66
1659.14
1659.64
1660.14
1660.65
1661.14
1661.64
1662.14
1662.66
1663.13
1663.64
1664.14
1664.65
1665.14
1665.64
1666.14
1666.66
1667.14
1667.65
1668.14
1668.66
1669.14
1669.64
1670.14
1670.66
1671.14
1671.65
1672.14
1672.66
1673.14
1673.64
1674.14
1674.65
1675.14
1675.64
1676.15
1676.65
1677.14
1677.64
1678.14
1678.66
1679.14
1679.64
1680.14
1680.65
1681.14
1681.65
1682.14
1682.65
1683.14
1683.65
1684.14
1684.65
1685.14
1685.64
1686.15
1686.66
1687.14
1687.64
1688.14
1688.65
1689.14
1689.64
1690.15
1690.65
1691.14
1691.65
1692.14
1692.66
1693.14
1693.64
1694.14
1694.66
1695.14
1695.64
1696.14
1696.66
1697.14
1697.65
1698.15
1698.67
1699.14
1699.64
1700.14
1700.66
1701.14
