0.002721
0.003150
0.003590
0.003915
0.004178
0.004177
0.004807
0.005505
0.004568
0.004387
0.004964
0.005131
0.005069
0.004703
0.004837
0.005103
0.005454
0.005590
0.006388
0.006796
0.006890
0.007007
0.007610
0.008022
0.008590
0.009806
0.009666
0.010763
0.010899
0.010751
0.009768
0.009489
0.010693
0.011425
0.011535
0.012664
0.012554
0.013528
0.010453
0.011235
0.007938
0.008363
0.008519
0.007028
0.007204
0.007396
0.008421
0.008924
0.010897
0.011777
0.012867
0.015862
0.018430
0.018625
0.017760
0.015210
0.014006
0.013573
0.012441
0.010475
0.011044
0.011026
0.010365
0.010211
0.011377
0.013076
0.010618
0.010966
0.011163
0.011178
0.011805
0.012052
0.011952
0.014809
0.015078
0.015793
0.017112
0.017322
0.017308
0.016179
0.016419
0.015857
0.016029
0.012559
0.013184
0.013015
0.011709
0.011418
0.013673
0.012402
0.012943
0.013187
0.012960
0.012605
0.010277
0.016315
0.020050
0.018772
0.020228
0.020445
0.018455
0.017331
0.017135
0.016445
0.015978
0.016991
0.016289
0.017282
0.017510
0.022763
0.022929
0.025895
0.025673
0.027278
0.028179
0.029338
0.026783
0.026116
0.024540
0.023718
0.020580
0.022850
0.023653
0.022830
0.023100
0.017512
0.020984
0.021206
0.021011
0.015666
0.015720
0.014997
0.012460
0.012841
0.014218
0.017842
0.017931
0.018156
0.020844
0.023948
0.024316
0.026891
0.026709
0.021778
0.023714
0.027627
0.027572
0.028785
0.028667
0.023895
0.030088
0.025241
0.028037
0.031980
0.033123
0.032933
0.029792
0.029418
0.026010
0.027179
0.022863
0.022414
0.023622
0.021186
0.019251
0.016248
0.016137
0.017331
0.017348
0.016377
0.014681
0.014640
0.014107
0.015014
0.015024
0.018039
0.019358
0.016331
0.016251
0.016447
0.015756
0.016581
0.016885
0.012027
0.014521
0.013953
0.014405
0.012917
0.013526
0.017087
0.017432
0.015107
0.015011
0.016131
0.016793
0.015181
0.015175
0.015602
0.024737
0.023919
0.024349
0.028713
0.029160
0.035814
0.033237
0.034600
0.035401
0.036407
0.032478
0.033405
0.032610
0.034391
0.026435
0.025792
0.023993
0.023421
0.019657
0.021277
0.019942
0.020832
0.021192
0.022655
0.023216
0.022126
0.022117
0.020096
0.021561
0.022026
0.022600
0.019742
0.020481
0.019702
0.023919
0.023028
0.023886
0.026619
0.028994
0.031846
0.032380
0.033675
0.033126
0.035199
0.037195
0.038751
0.039289
0.038168
0.041185
0.035465
0.036319
0.033588
0.034804
0.033964
0.034961
0.035460
0.037669
0.033741
0.032780
0.033216
0.030168
0.029725
0.026898
0.026774
0.027644
0.028586
0.030562
0.030642
0.030653
0.035522
0.034801
0.036487
0.035959
0.032662
0.027420
0.026858
0.028659
0.027177
0.027225
0.025996
0.027395
0.032559
0.031936
0.030403
0.030574
0.030237
0.029926
0.024252
0.023048
0.022995
0.021538
0.019608
0.019733
0.018305
0.020879
0.020188
0.021329
0.021576
0.022934
0.023754
0.023013
0.025519
0.030448
0.032172
0.034998
0.034624
0.036412
0.038038
0.037805
0.038422
0.038932
0.039363
0.039711
0.032314
0.030617
0.026402
0.027227
0.023561
0.026412
0.027184
0.027762
0.028973
0.029673
0.032913
0.033559
0.026219
0.026589
0.022388
0.024581
0.023186
0.021066
0.022363
0.023133
0.023956
0.028178
0.034631
0.035460
0.035633
0.037741
0.038374
0.034861
0.042050
0.043096
0.044149
0.052501
0.053715
0.049305
0.046519
0.046301
0.052654
0.053910
0.053699
0.051431
0.050466
0.051564
0.049823
0.052823
0.054875
0.054021
0.053546
0.053641
0.053270
0.056903
0.055305
0.047384
0.048146
0.048491
0.052761
0.052809
0.051921
0.051353
0.051214
0.053110
0.054521
0.054408
0.055827
0.051040
0.046712
0.047582
0.042460
0.039066
0.040605
0.032781
0.031644
0.031403
0.034229
0.029809
0.030416
0.029015
0.027213
0.027775
0.027758
0.026584
0.028007
0.030318
0.031044
0.029627
0.028644
0.029373
0.028117
0.032607
0.036540
0.040079
0.042380
0.041044
0.048568
0.052405
0.051444
0.052976
0.053735
0.055041
0.057128
0.057257
0.055555
0.052844
0.053762
0.050258
0.050512
0.044273
0.049047
0.045200
0.036342
0.036516
0.030152
0.030778
0.031086
0.029654
0.030679
0.030697
0.030959
0.030815
0.030987
0.027613
0.028236
0.027000
0.027771
0.029788
0.031166
0.035282
0.037263
0.032773
0.032693
0.034542
0.033353
0.033774
0.035005
0.035844
0.035090
0.035953
0.030085
0.028825
0.028667
0.032803
0.033219
0.032702
0.034683
0.041009
0.040104
0.033944
0.035819
0.033685
0.036742
0.037894
0.040566
0.039422
0.033966
0.029503
0.030273
0.037143
0.037027
0.045843
0.037651
0.038321
0.030660
0.032287
0.029506
0.029274
0.027354
0.027199
0.028765
0.031657
0.027344
0.030440
0.028571
0.028969
0.032278
0.030154
0.033083
0.037688
0.039598
0.037160
0.038313
0.038612
0.036401
0.030956
0.030922
0.026280
0.032742
0.029836
0.031334
0.031875
0.029613
0.027389
0.029237
0.029073
0.028511
0.033769
0.033153
0.036744
0.033547
0.037799
0.039712
0.045699
0.043166
0.044082
0.047055
0.042505
0.044447
0.037493
0.037234
0.032845
0.032168
0.034091
0.033563
0.036016
0.034317
0.032172
0.034335
0.026278
0.026369
0.025891
0.024174
0.023443
0.025545
0.027233
0.028532
0.029269
0.028843
0.028323
0.038254
0.037430
0.036951
0.046380
0.042153
0.044883
0.045470
0.045924
0.042204
0.040469
0.038270
0.035199
0.033309
0.029179
0.024492
0.026785
0.029278
0.024719
0.024625
0.025700
0.023868
0.024822
0.026368
0.028027
0.023647
0.028107
0.033498
0.027534
0.031963
0.030291
0.029751
0.024317
0.026143
0.020821
0.022327
0.020737
0.019934
0.025364
0.024383
0.026069
0.030533
0.028514
0.031697
0.031422
0.033323
0.035418
0.034118
0.032997
0.030737
0.031715
0.029121
0.026976
0.028346
0.027149
0.027635
0.028789
0.030226
0.031760
0.028033
0.027969
0.028773
0.028316
0.028464
0.030555
0.031615
0.033896
0.035107
0.034186
0.032392
0.026546
0.034443
0.032620
0.032184
0.037134
0.037485
0.045188
0.043406
0.035340
0.034030
0.035378
0.032887
0.032629
0.032985
0.032880
0.036193
0.028662
0.028655
0.025482
0.024711
0.026505
0.028339
0.026606
0.031241
0.029918
0.033412
0.033298
0.028465
0.029127
0.026538
0.025584
0.028717
0.027094
0.031555
0.032206
0.030223
0.027811
0.024299
0.028806
0.031863
0.028128
0.034169
0.031991
0.034653
0.038597
0.037344
0.043426
0.044688
0.038260
0.037628
0.030956
0.030981
0.027434
0.028344
0.027876
0.024877
0.026661
0.031409
0.022829
0.027795
0.030170
0.025688
0.028570
0.029782
0.033738
0.032094
0.030873
0.028924
0.027606
0.025563
0.018810
0.021930
0.021294
0.024026
0.024263
0.028463
0.029946
0.028222
0.032234
0.028745
0.025550
0.025523
0.025171
0.026934
0.029126
0.027439
0.029575
0.034774
0.039742
0.036533
0.043535
0.034410
0.037143
0.037670
0.028141
0.028104
0.030410
0.027463
0.025118
0.026869
0.030422
0.027359
0.032663
0.031745
0.028597
0.027683
0.026487
0.024024
0.025015
0.025877
0.028091
0.028018
0.030903
0.028142
0.028569
0.028624
0.030616
0.030087
0.026122
0.026767
0.029034
0.030814
0.028645
0.031805
0.031829
0.030850
0.031968
0.031747
0.030677
0.026606
0.026042
0.026673
0.029944
0.031198
0.023054
