0.007468
0.008367
0.006956
0.007777
0.005487
0.007130
0.006969
0.007852
0.007924
0.006958
0.008456
0.006763
0.007158
0.007585
0.006278
0.006104
0.006999
0.008842
0.006693
0.007524
0.007594
0.007671
0.008751
0.009047
0.008756
0.007171
0.005892
0.007841
0.007891
0.007672
0.009650
0.008689
0.008568
0.006795
0.008873
0.006523
0.009248
0.007179
0.008602
0.006798
0.009016
0.007559
0.009478
0.007536
0.008658
0.007156
0.007407
0.009340
0.006709
0.010343
0.008972
0.008509
0.007101
0.007718
0.007096
0.009041
0.007190
0.005464
0.008815
0.007729
0.007700
0.008749
0.008624
0.009701
0.007987
0.007993
0.009832
0.006601
0.007501
0.006069
0.007261
0.007802
0.007951
0.006973
0.006342
0.007210
0.006145
0.007002
0.005646
0.006116
0.008176
0.007796
0.008829
0.006782
0.007600
0.008098
0.007066
0.007246
0.006507
0.008590
0.006890
0.007894
0.006152
0.006795
0.007847
0.008313
0.009654
0.008460
0.006804
0.009927
0.008730
0.005566
0.008624
0.006020
0.007053
0.008343
0.007214
0.008410
0.009502
0.009900
0.008003
0.007968
0.009066
0.006211
0.006137
0.007642
0.007807
0.007551
0.009723
0.006976
0.006620
0.009746
0.008490
0.005668
0.005871
0.005728
0.007766
0.007646
0.005723
0.006900
0.009257
0.006974
0.007461
0.006720
0.007606
0.005707
0.007019
0.006666
0.006841
0.005719
0.007226
0.010228
0.009682
0.005284
0.006210
0.009558
0.008723
0.008515
0.009630
0.007128
0.007340
0.006865
0.008853
0.007174
0.009074
0.008427
0.008715
0.008462
0.007140
0.008044
0.009319
0.009300
0.005811
0.010507
0.008457
0.006030
0.005924
0.005787
0.009155
0.007140
0.008414
0.007514
0.008923
0.008272
0.004360
0.009581
0.007246
0.007986
0.007024
0.007811
0.006686
0.006735
0.007410
0.005974
0.006378
0.007176
0.007587
0.008732
0.008941
0.006790
0.006407
0.008398
0.010396
0.008805
0.007010
0.007886
0.005897
0.008576
0.007372
0.009883
0.007706
0.006844
0.010471
0.008419
0.005476
0.006507
0.006622
0.007571
0.006785
0.007154
0.006932
0.009287
0.007293
0.009420
0.009896
0.007343
0.010048
0.006683
0.007334
0.008067
0.005249
0.008360
0.006676
0.010456
0.010969
0.008090
0.006938
0.005815
0.007681
0.007639
0.005856
0.006962
0.009883
0.007631
0.006667
0.007774
0.007545
0.006642
0.012323
0.009709
0.009689
0.009233
0.005753
0.010414
0.009947
0.007060
0.006810
0.009374
0.008491
0.006811
0.007806
0.008641
0.008821
0.009082
0.006481
0.009947
0.009121
0.008251
0.007080
0.007898
0.006717
0.007125
0.009189
0.008754
0.008663
0.007336
0.005954
0.009992
0.009740
0.007737
0.007159
0.008567
0.008736
0.008657
0.008529
0.007323
0.009260
0.008792
0.007486
0.005477
0.009857
0.006538
0.008608
0.009883
0.009207
0.008037
0.008769
0.008415
0.008893
0.008442
0.008002
0.009522
0.006633
0.007174
0.006568
0.008679
0.006727
0.005687
0.005517
0.005834
0.008678
0.009160
0.009015
0.008808
0.006071
0.007867
0.007031
0.007760
0.007037
0.007536
0.009124
0.005470
0.006962
0.006952
0.008144
0.006315
0.010116
0.007771
0.007539
0.010453
0.007063
0.006896
0.009208
0.007762
0.007207
0.008184
0.009187
0.008519
0.007939
0.009408
0.007813
0.007597
0.007570
0.008298
0.008748
0.008647
0.008624
0.008715
0.009855
0.008744
0.009924
0.008890
0.009814
0.009302
0.009492
0.008768
0.009051
0.009177
0.007871
0.005966
0.006025
0.007123
0.007619
0.008335
0.005980
0.006536
0.007939
0.010618
0.006724
0.010666
0.010721
0.010169
0.010428
0.006527
0.010602
0.009588
0.010011
0.008940
0.007483
0.008644
0.007820
0.009374
0.007181
0.009005
0.006581
0.009001
0.007252
0.009215
0.007388
0.008816
0.006307
0.007334
0.006823
0.007639
0.007623
0.008454
0.007201
0.008799
0.009359
0.006693
0.008151
0.006824
0.006663
0.009024
0.006538
0.008024
0.008094
0.008641
0.006710
0.008504
0.007935
0.007395
0.009155
0.009338
0.009673
0.009657
0.009516
0.007457
0.009469
0.006268
0.006405
0.007838
0.007715
0.008096
0.006633
0.007434
0.007047
0.005303
0.011303
0.008609
0.006170
0.009733
0.007502
0.008842
0.008207
0.010645
0.005960
0.007587
0.008673
0.006713
0.008933
0.006872
0.007806
0.006939
0.008806
0.007837
0.008873
0.010026
0.007272
0.008178
0.008419
0.007613
0.006240
0.007638
0.006519
0.009775
0.005768
0.007654
0.008896
0.009650
0.005798
0.007288
0.010109
0.009116
0.010042
0.007238
0.008402
0.008975
0.007507
0.007113
0.006267
0.006687
0.004710
0.009440
0.005099
0.007421
0.008083
0.005782
0.008206
0.007543
0.007550
0.010148
0.009021
0.006862
0.008113
0.008273
0.008388
0.006617
0.007758
0.006721
0.008732
0.007592
0.008840
0.005717
0.007843
0.007048
0.006624
0.010580
0.008935
0.007370
0.009028
0.005711
0.007439
0.007753
0.007653
0.005705
0.008593
0.007555
0.005497
0.009534
0.008430
0.008168
0.009524
0.007913
0.008568
0.010645
0.010266
0.008507
0.007952
0.009156
0.007747
0.010446
0.008914
0.009770
0.011425
0.010910
0.007905
0.008821
0.007576
0.008896
0.005757
0.008986
0.008701
0.008420
0.008691
0.007786
0.007682
0.008184
0.008865
0.008808
0.006179
0.006689
0.006962
0.006158
0.005896
0.009080
0.006312
0.008689
0.010044
0.006459
0.009959
0.010961
0.009858
0.010222
0.010273
0.008695
0.008398
0.009104
0.007017
0.006682
0.007820
0.007894
0.007674
0.006615
0.009282
0.007655
0.006614
0.006317
0.009638
0.010242
0.007373
0.006818
0.011147
0.005407
0.008204
0.006980
0.007920
0.009614
0.006969
0.008961
0.005436
0.009183
0.006296
0.010563
0.008148
0.006984
0.009664
0.007821
0.006980
0.006195
0.006514
0.007118
0.007138
0.007979
0.006804
0.007296
0.007273
0.006343
0.007373
0.007553
0.007336
0.008381
0.009954
0.006985
0.006928
0.006837
0.007176
0.007807
0.007399
0.005185
0.006581
0.007604
0.007249
0.008325
0.008891
0.005711
0.008593
0.007686
0.008007
0.007815
0.008096
0.008065
0.009133
0.010809
0.009035
0.009232
0.006258
0.008847
0.005785
0.008133
0.006941
0.007968
0.006147
0.005979
0.009889
0.009044
0.007300
0.005437
0.006829
0.007091
0.008402
0.009719
0.008548
0.007425
0.007975
0.009891
0.008680
0.011045
0.009138
0.006674
0.007665
0.009378
0.009026
0.005155
0.008692
0.008244
0.010015
0.007330
0.008785
0.007684
0.008856
0.006958
0.010283
0.011990
0.009897
0.006883
0.009116
0.006767
0.008330
0.008593
0.007127
0.008788
0.006603
0.008471
0.005403
0.007579
0.006990
0.007673
0.007022
0.008583
0.009964
0.010710
0.009724
0.007038
0.008776
0.010826
0.006164
0.007275
0.009534
0.009245
0.006773
0.009098
0.006837
0.006097
0.008349
0.006893
0.005780
0.010033
0.005679
0.007645
0.010874
0.009031
0.008915
0.011598
0.010148
0.005813
0.006583
0.010629
0.008798
0.010801
0.009866
0.008862
0.009000
0.005047
0.008857
0.008369
0.010913
0.008929
0.006304
0.009658
0.006978
0.005755
0.006449
0.006189
0.010473
0.008013
0.008671
0.006250
0.008681
0.007504
0.008856
0.008871
0.007500
0.006079
0.005909
0.008965
0.007940
0.007512
0.003407
0.007423
0.008666
0.008590
0.008547
0.008908
0.008446
0.005923
0.008233
0.008806
0.007522
0.010126
0.005999
