0.000000
0.000000
0.200000
0.700000
1.246667
1.846667
2.407321
3.366943
4.400591
5.389570
6.363850
7.322522
8.050497
8.725993
9.660120
10.686619
11.644967
12.637248
13.625067
14.617407
15.596895
16.589028
17.642302
18.630781
19.608424
20.600814
21.590458
22.578979
23.633432
24.609359
25.598022
26.582458
27.454609
28.180827
29.163977
30.090515
31.022118
31.489752
31.937995
32.847691
33.833787
34.636421
35.351198
36.323614
37.183117
38.146501
38.738376
38.953361
39.581263
40.315923
41.205603
42.200316
43.038785
43.683773
44.575576
45.630557
46.608187
47.475797
48.446647
49.432730
50.412118
51.347443
51.968043
52.525998
53.289058
54.119149
54.981666
55.831097
56.779938
57.669501
58.487926
59.374614
60.358145
61.325125
62.381111
63.351173
64.354806
65.336221
66.325554
67.311380
68.305792
69.358262
70.340981
71.330429
72.315238
73.305838
74.287298
75.277363
76.319067
77.303059
78.290075
79.273070
80.240162
81.229146
82.091450
82.981675
83.969635
84.961757
85.951561
86.823267
87.556845
88.569783
89.555749
90.545744
91.489370
92.051700
92.586756
93.481159
94.255130
94.888202
95.848482
96.838474
97.831311
98.819355
99.875711
100.688165
101.102170
101.737609
102.594354
103.292409
104.064876
105.073210
106.056346
107.045242
107.974821
108.860379
109.655786
110.498330
111.302749
112.121415
113.081037
113.950470
114.899437
115.860389
116.899546
117.830081
118.785315
119.609557
120.576482
121.473864
122.126991
122.941886
123.929725
124.919468
125.904843
126.885308
127.857757
128.866384
129.835779
130.738047
131.682347
132.627266
133.506833
134.395027
135.412099
136.401779
137.390810
138.380263
139.369056
140.360372
141.416518
142.407528
143.398101
144.387395
145.375703
146.361755
147.353035
148.409580
149.400931
150.377798
151.352867
152.335344
153.306944
154.242813
155.149839
155.907905
156.853779
157.763959
158.724825
159.520186
160.457783
161.403029
162.360840
163.351799
164.341367
165.148727
165.524137
166.290370
167.265095
168.183390
169.164071
169.990748
170.618073
171.371956
172.098248
173.064640
174.007770
174.987177
175.957448
176.904392
177.723607
178.712526
179.654950
180.615742
181.608553
182.562458
183.548861
184.541160
185.528810
186.471951
187.437347
188.337020
189.248617
190.000085
191.111627
192.093679
193.085458
194.077407
195.064750
196.052027
197.108376
198.119545
199.052503
199.580401
200.257140
201.214016
202.202280
203.115346
203.816850
204.777309
205.763916
206.747057
207.738119
208.795027
209.772722
210.771696
211.678521
212.527420
213.482536
214.487745
215.295336
216.280851
217.264532
218.234699
219.189896
220.119580
221.170785
222.155329
223.140347
224.084521
225.071262
226.037504
227.008196
228.033271
229.024110
229.994608
230.969591
231.957372
232.940369
234.004372
234.990208
235.949730
236.596630
237.326600
238.168046
239.130068
240.165733
240.989671
241.696001
242.518763
243.250086
243.870123
244.857511
245.852282
246.689150
247.176037
247.901870
248.917235
249.688931
250.397118
251.285000
252.271728
253.177068
254.167255
255.154530
255.831781
256.825313
257.814543
258.702816
259.662035
260.540648
261.540619
262.585676
263.547240
264.152529
264.859882
265.864477
266.777824
267.755682
268.623553
269.576132
270.500314
271.482526
272.419526
273.423291
274.403766
275.297373
276.044017
277.020797
277.819579
277.996510
278.431004
279.406927
280.339806
281.268590
282.214219
283.049502
284.003572
284.747829
285.639182
286.514163
287.193748
288.185328
289.182456
289.750965
290.349910
291.288323
292.275622
293.251743
294.190628
295.205939
296.102850
296.604288
297.185243
298.085756
299.088082
300.051909
301.041883
302.097709
303.072065
304.058206
305.047209
306.037462
307.014503
308.015777
309.069665
310.043061
311.008068
311.947860
312.924879
313.828539
314.786701
315.336552
316.031608
317.015780
317.929685
318.534302
319.442016
320.488514
321.394345
322.348663
323.271877
323.914769
324.551605
325.474387
326.462203
327.109637
328.039194
328.965221
329.578051
330.495172
331.544263
332.471977
333.430548
334.264597
334.808377
335.659188
336.535883
337.183692
338.142487
339.090496
339.977546
340.657631
341.571264
342.559451
343.548683
344.506148
345.357464
346.205860
346.798114
347.731313
348.760038
349.745249
350.730597
351.716915
352.687962
353.667649
354.658526
355.703802
356.670718
357.644725
358.634095
359.565282
360.520048
361.552251
362.524807
363.309922
364.143507
365.122623
366.100791
367.072469
367.945384
368.881477
369.766142
370.753303
371.433828
372.225497
373.228461
374.185606
375.068117
375.601805
376.331771
377.215436
377.672369
378.337993
379.314216
380.214898
380.876948
381.484131
382.362147
383.360041
384.406069
385.398912
386.386344
387.378820
388.372240
389.356169
390.409832
391.390853
392.332663
393.180471
393.907886
394.823560
395.784690
396.840900
397.817495
398.796778
399.781647
400.761640
401.744851
402.730018
403.784998
404.777746
405.767522
406.762179
407.746498
408.737897
409.794558
410.781003
411.773284
412.757289
413.608598
414.253433
415.212810
416.266000
417.248306
418.176177
418.935255
419.702270
420.676141
421.698837
422.514332
423.379414
424.362100
425.117650
425.794215
426.634628
427.640716
428.628820
429.448581
429.843215
430.267244
430.980705
431.974469
433.023957
434.005965
434.975624
435.968150
436.944457
437.924103
438.895340
439.840834
440.665437
441.653301
442.604248
443.571064
444.246230
445.103755
445.851756
446.221796
446.661906
447.381049
448.368087
449.378697
450.370934
451.344865
452.330979
453.317469
454.307519
455.285264
456.300491
456.612123
456.612123
456.612123
456.612123
456.612123
456.706945
457.448935
458.432926
459.377097
460.255838
461.156744
461.951928
462.982782
463.908863
464.894993
465.871804
466.867198
467.769844
468.459887
469.443859
470.435297
471.453480
472.404538
473.256353
474.235647
475.119387
475.669943
476.562127
477.488444
478.167021
478.895481
479.660935
480.691083
481.436010
482.203438
483.184373
484.021242
484.477177
485.013328
486.030651
487.016842
488.000572
488.990052
489.977721
490.950272
491.856729
492.560098
493.552677
494.526637
495.488031
496.463101
497.102739
497.643920
498.244841
499.220334
500.187596
501.175445
502.068899
502.533606
503.342001
504.298729
505.279588
506.194807
507.182786
508.161420
509.201886
510.082604
510.727062
511.695816
512.683232
513.636579
514.629840
515.680066
516.402895
516.741884
517.563752
518.551038
519.595573
520.047880
520.381601
521.240483
522.152037
522.755217
523.429435
524.373774
525.403591
526.381994
527.250671
527.918351
528.855496
529.843309
530.884785
531.870437
532.841348
533.825507
534.803814
535.566222
536.296358
537.330307
538.280131
539.264815
540.234996
541.228360
542.172669
543.156035
543.997662
544.651453
545.539923
546.539124
547.516419
548.505201
549.527916
550.505442
551.411066
552.392837
553.367738
554.355644
555.344096
556.379068
557.320280
558.324191
559.285110
560.263411
561.045975
562.047777
562.976585
563.934543
564.740520
565.635880
566.589085
567.481665
568.527469
569.495212
570.254764
571.105488
571.989670
572.950535
573.849077
574.907381
575.814342
576.744807
577.726064
578.559736
579.512559
580.562853
581.528523
582.443932
583.431507
584.385331
585.322159
586.303291
587.180727
587.489040
587.489040
587.489040
587.682764
588.463305
589.520671
590.423268
591.401649
592.370360
593.002494
593.772905
594.793377
595.831828
596.812991
597.794012
598.777754
599.765658
600.754127
601.734210
602.774131
603.762919
604.742281
605.719204
606.676022
607.667173
608.603437
609.493590
610.472292
611.207451
611.974697
612.980243
613.764227
614.817991
615.693782
616.658571
617.601139
618.424987
619.307095
620.332978
621.250262
622.227136
623.168231
624.042146
625.030388
626.018009
627.071138
628.062409
629.035738
630.014875
630.963093
631.717377
632.586632
633.602960
634.318919
635.131566
635.901808
636.874483
637.842591
638.825320
639.807400
640.791341
641.783445
642.754040
643.743788
644.647561
645.562087
646.409743
647.377875
648.301482
649.310441
650.211856
651.259317
652.246571
653.168033
654.135011
655.113794
656.008951
656.086933
656.800436
657.804587
658.736894
659.790659
660.692492
661.661841
662.331316
662.331316
662.559506
663.363796
664.263998
664.902340
664.997039
665.467910
666.383245
667.352262
667.851858
667.944451
668.602102
669.597910
670.459262
671.442618
672.217341
673.163133
674.118473
675.102124
676.075176
676.990503
677.982302
678.967775
679.788527
679.813352
680.321039
681.334191
682.263655
682.862133
682.937899
683.189174
684.039877
685.025641
685.754453
685.761649
685.761649
685.761649
685.761649
685.912963
686.724213
687.773558
688.679054
689.667747
690.654757
691.706405
692.617948
693.641723
694.277993
694.913477
695.946468
697.177797
697.811699
698.874888
699.786162
700.820848
701.786207
702.691851
703.643250
704.506642
705.490585
706.281927
707.122696
707.831983
708.715907
709.528814
710.446814
711.507012
711.874033
711.874033
711.874033
711.874033
711.874033
711.874033
711.874033
711.874033
711.874033
711.877909
712.232076
713.162671
714.224578
715.190056
716.181095
717.158709
717.966529
717.968224
718.288352
719.178851
720.179582
721.156690
722.120550
722.999156
723.961347
724.858557
725.002086
725.653574
726.701017
727.478684
727.689829
727.689829
727.689829
727.689829
727.689829
727.710466
728.198051
729.159162
730.188823
731.135613
731.849873
732.344389
733.145224
734.134662
735.120885
736.183736
737.178034
738.162944
739.147142
740.137411
741.124433
742.177832
743.167683
744.134372
745.139008
745.959446
746.749651
747.751164
748.805973
749.782133
750.667515
751.614450
752.606341
753.589494
754.576434
755.621411
756.601872
757.598112
758.591787
759.581816
760.572583
761.631782
762.618088
763.555676
764.458095
765.429783
766.418835
767.407403
768.216924
769.168358
770.064680
770.907170
771.887760
772.876605
773.921772
774.882841
775.850840
776.818784
777.588179
778.197355
779.141168
780.185473
780.946170
781.800418
782.644263
783.346676
784.197553
785.181713
786.230595
787.217272
788.085246
788.786397
789.456654
790.230267
791.242643
792.231100
793.205894
794.191510
795.158342
795.496054
795.496054
795.496054
795.496054
795.496054
795.496054
795.501773
795.887592
796.934066
797.858034
798.766600
799.291571
799.302086
799.302086
799.305800
799.714795
800.647900
801.522386
802.215837
802.758647
802.800002
803.379304
804.430240
805.379607
806.146318
806.994461
807.987951
808.976389
810.031681
811.020401
812.005063
812.995838
813.977997
814.741982
814.932400
815.255583
816.150127
817.145135
818.133747
819.050030
819.845380
820.317117
821.106921
822.108446
823.044525
824.020803
824.719475
825.128274
825.686103
826.163060
826.869941
827.778484
828.837181
829.601709
830.443333
831.523620
832.476263
833.435788
834.418916
835.285816
835.817541
836.505016
837.365734
838.355569
839.345195
840.321977
841.290714
842.241333
843.203024
844.100564
844.553973
845.233918
846.205110
847.184144
848.229636
849.180762
849.730879
850.379320
851.338811
852.325702
853.310789
854.351006
855.330135
856.307471
857.295296
858.288750
859.270557
860.260046
861.298916
862.263241
863.250254
864.201710
865.196233
866.074007
866.623495
867.450354
868.432176
869.353416
870.402004
871.450223
872.447281
873.514289
874.503840
875.491168
876.476958
877.435378
878.419093
879.473208
880.527186
881.433212
882.390171
883.283058
884.149368
885.039595
885.655410
886.492594
887.435914
888.396402
889.384308
890.310025
891.166650
892.216760
893.204491
894.106460
894.861034
895.840004
896.815829
897.823902
898.790320
899.637602
899.637602
899.866433
900.689739
901.676306
902.718837
903.702589
904.690853
905.679040
906.663594
907.586468
908.472101
909.400737
910.078466
910.981244
911.815829
912.466106
913.406238
914.449507
915.400335
916.187735
917.071900
917.797443
918.659417
919.712375
920.611593
921.452118
922.290668
923.057168
924.052427
924.993000
926.043591
927.032823
928.016552
928.977063
929.971167
930.958016
931.966092
933.014617
934.001413
934.985822
935.966400
936.953813
937.937850
938.979758
939.846281
940.788744
941.764195
942.716346
943.239285
943.817284
944.752821
945.677429
946.644889
947.597837
948.620492
949.288748
949.750267
950.506470
951.360881
952.351519
953.330204
954.306569
955.294687
956.117318
957.067650
958.023203
958.985039
959.906451
960.893522
961.741530
962.814203
963.573158
964.262995
965.076766
965.984134
966.943242
967.983159
968.934667
969.897851
970.845295
971.834403
972.808037
973.800099
974.853392
975.740754
976.425023
976.932920
977.846283
978.713999
979.551861
980.531225
981.523463
982.404384
983.201966
984.211618
985.044609
985.978934
986.904715
987.881579
988.713278
989.669884
990.314962
991.196099
992.244271
993.219787
994.123438
995.048816
996.032077
997.022456
998.054804
999.035511
999.974540
1000.957024
1001.787825
1002.255503
1003.040025
1004.053112
1005.022268
1005.995155
1006.977037
1007.962586
1008.928322
1009.827312
1010.891667
1011.677618
1012.369828
1013.319423
1014.309520
1014.661883
1014.661883
1014.668946
1015.117530
1016.038121
1016.838336
1017.212132
1017.822931
1018.847950
1019.837465
1020.828031
1021.840432
1021.991275
1021.991275
1021.991275
1021.991275
1021.991275
1022.019404
1022.535550
1023.509841
1024.490260
1025.538799
1026.530437
1027.518400
1028.509042
1029.498045
1030.492717
1031.483924
1032.556815
1033.542401
1034.535562
1035.513537
1036.482265
1037.437254
1038.491621
1039.476452
1040.420838
1041.366704
1042.355799
1043.345386
1044.332297
1045.325260
1046.259595
1047.204603
1048.129592
1049.109749
1049.998294
1051.051688
1052.005792
1052.973664
1053.917238
1054.901121
1055.722200
1056.578141
1057.648029
1058.505105
1059.456784
1060.361104
1061.362377
1062.286328
1063.268358
1064.300125
1065.241710
1065.751453
1066.263792
1067.220396
1068.116785
1069.155598
1070.134949
1071.059061
1072.018158
1072.968591
1073.777537
1074.717318
1075.711955
1076.461896
1077.230863
1078.142333
1079.131578
1080.088507
1080.847300
1081.636407
1082.620480
1083.590869
1083.919745
1083.919745
1083.919745
1083.919745
1083.919745
1083.919745
1083.919745
1083.919745
1084.027321
1084.726574
1085.906863
1086.762030
1087.737961
1088.692365
1089.682989
1090.634002
1091.059299
1091.062092
1091.431024
1092.298731
1093.293312
1094.284551
1095.253531
1096.317254
1097.245777
1097.564746
1097.569415
1097.942380
1098.849551
1099.903587
1100.891789
1101.874705
1102.819870
1103.803552
1104.859845
1105.775791
1106.723861
1107.637874
1108.639943
1109.589797
1110.573474
1111.493447
1112.484982
1113.492886
1114.455341
1115.380199
1116.069285
1116.801529
1117.737936
1118.693218
1119.618396
1120.590595
1121.437957
1122.374878
1123.296064
1124.264063
1125.314465
1126.304429
1127.236609
1128.186799
1128.919999
1129.796276
1130.774143
1131.724614
1132.504466
1133.201499
1134.151267
1134.943837
1135.578065
1135.935040
1136.463372
1136.992374
1137.859928
1138.621324
1139.332694
1140.286864
1141.339881
1142.311942
1143.303278
1144.289544
1145.263399
1146.253807
1147.285103
1148.081734
1148.804171
1149.809601
1150.636514
1151.459148
1152.427036
1153.483222
1154.471772
1155.462868
1156.452665
1157.439688
1158.428632
1159.360889
1160.149481
1161.014932
1161.953851
1162.822259
1163.707080
1164.632446
1165.592296
1166.589835
1167.574800
1168.555499
1169.506285
1170.442514
1171.111681
1171.964161
1172.375773
1173.011809
1173.942985
1174.876045
1175.799176
1176.834432
1177.818194
1178.690054
1179.194967
1179.916100
1180.902274
1181.670299
1182.695816
1183.623543
1184.562511
1185.474491
1186.217312
1187.211355
1188.145279
1189.027380
1189.878433
1190.543620
1191.529217
1192.517927
1193.302169
1194.077396
1195.051814
1196.043289
1197.029701
1197.994341
1198.975827
1199.964120
1200.986893
1201.952502
1202.905092
1203.830641
1204.820931
1205.769824
1206.738453
1207.662386
1208.577695
1209.503503
1210.494101
1211.445461
1212.401272
1213.223675
1214.155213
1215.144347
1216.133053
1217.108884
1218.049471
1218.956447
1219.890363
1220.785907
1221.758917
1223.011881
1224.181045
1225.099284
1226.458331
1227.617534
1228.573565
1229.552439
1230.265385
1230.265385
1230.620760
1231.558762
1232.551799
1233.540222
1233.840141
1233.840141
1233.853697
1234.351335
1235.303853
1236.298618
1237.284885
1238.275741
1239.263598
1240.253312
1241.282971
1242.223422
1243.096765
1243.939816
1244.899662
1245.882817
1246.824200
1247.799265
1248.709406
1249.600276
1250.574893
1251.560543
1252.499124
1253.488731
1254.314750
1254.903930
1255.884738
1256.776493
1257.763402
1258.739884
1259.738037
1260.725568
1261.708305
1262.671330
1263.555428
1264.317905
1265.384772
1266.293862
1267.279159
1268.197257
1269.047212
1270.011865
1270.954913
1272.007735
1272.987910
1273.974552
1274.940678
1275.793112
1276.771926
1277.828921
1278.756540
1279.611442
1280.524420
1281.245260
1281.877955
1282.621512
1283.516516
1284.393848
1285.385222
1286.369585
1287.314619
1288.294279
1289.271279
1290.210126
1291.270395
1292.041363
1292.853366
1293.820820
1294.603878
1295.657117
1296.559070
1297.434031
1298.302048
1299.195114
1299.994180
1301.068959
1301.803055
1302.693587
1303.485784
1304.074786
1305.011720
1306.004999
1307.056330
1308.034550
1308.889193
1309.779134
1310.757427
1311.672709
1312.539954
1313.456683
1314.340540
1315.234871
1316.166717
1317.014117
1317.948482
1318.942281
1319.826620
1320.532215
1321.149871
1321.912696
1322.862264
1323.852068
1324.905806
1325.898185
1326.889839
1327.864978
1328.837634
1329.833994
1330.702641
1331.731680
1332.694376
1333.687035
1334.565150
1334.958922
1335.622096
1336.648947
1337.644733
1338.549453
1339.498530
1340.498052
1341.420754
1342.404993
1343.292817
1344.065316
1345.063146
1346.229585
1347.171652
1347.977654
1348.958522
1349.996928
1350.725018
1351.190777
1351.938909
1352.858963
1353.838305
1354.894790
1355.876523
1356.834711
1357.838318
1358.735496
1359.480218
1360.346046
1361.409000
1362.397163
1363.386367
1364.292670
1365.072265
1366.046798
1367.055829
1368.078517
1369.004212
1369.808870
1370.608985
1371.592566
1372.514051
1373.457760
1374.426339
1375.358356
1376.348281
1377.315025
1378.053440
1378.798923
1379.744565
1380.394640
1381.352076
1382.361968
1383.331592
1384.309605
1385.358661
1386.336563
1387.328230
1388.291181
1389.263829
1390.258551
1391.145902
1392.038885
1392.905037
1393.868209
1394.845757
1395.667175
1396.584792
1397.708471
1398.534943
1399.425040
1400.412755
1401.314408
1402.187750
1402.819930
1403.528807
1404.609780
1405.616412
1406.605714
1407.590290
1408.535107
1409.518940
1410.542591
1411.562947
1412.480329
1413.462715
1414.454214
1415.440367
1416.406645
1417.197555
1418.041553
1418.650455
1419.445728
1420.424579
1421.189378
1422.107580
1423.101975
1424.066347
1425.046960
1425.906429
1426.613746
1427.671997
1428.651077
1429.388394
1430.098851
1431.045935
1431.939496
1432.853690
1433.904374
1434.780939
1435.157528
1435.791844
1436.514604
1437.090594
1437.896146
1438.354437
1438.673315
1439.165181
1440.067415
1440.998302
1441.934156
1443.003728
1443.985348
1444.943541
1445.914057
1446.886370
1447.866299
1448.823212
1449.891670
1450.882780
1451.715966
1452.605976
1453.596638
1454.588243
1455.609775
1456.596326
1457.585720
1458.576169
1459.557567
1460.406734
1461.063375
1462.071613
1463.038445
1463.781399
1464.557450
1465.435112
1466.409925
1467.398922
1468.442172
1469.405764
1470.281187
1471.262617
1472.238910
1472.959028
1473.783124
1474.731288
1475.704885
1476.416552
1476.864912
1477.650532
1478.490600
1479.410557
1480.390360
1481.246536
1482.192662
1483.165223
1484.014047
1484.657645
1485.060231
1485.790000
1486.381873
1486.923283
1487.350644
1487.823806
1488.345580
1489.259169
1490.190127
1491.143854
1492.122810
1493.117264
1494.078579
1495.133466
1496.119773
1496.972161
1497.674166
1498.456629
1499.327024
1500.345155
1501.326871
1502.282441
1503.184673
1504.066553
1504.974115
1505.927837
1506.635193
1506.690765
1506.690765
1506.690765
1506.690765
1506.690765
1506.690765
1506.690765
1506.690765
1506.690765
1506.690765
1506.690765
1506.690765
1506.690765
1506.690765
1506.690765
1506.690765
1506.690765
1506.690765
1506.690765
1506.690765
1506.690765
1506.690765
1506.690765
1506.690765
1506.690765
1506.690765
1506.690765
1506.690765
1506.690765
1506.690765
1506.690765
1506.690765
1506.690765
1506.690765
1506.690765
1506.690765
1506.690765
1506.690765
1506.690765
1506.690765
1506.690765
1506.690765
1506.690765
1506.690765
1506.690765
1506.690765
1506.690765
1506.690765
1506.690765
1506.690765
1506.690765
1506.690765
1506.690765
1506.690765
1506.690765
1506.690765
1506.690765
1506.690765
1506.690765
1506.690765
1506.690765
1506.690765
1506.690765
1506.690765
1506.690765
1506.690765
1506.690765
1506.690765
1506.690765
1506.690765
1506.690765
1506.690765
1506.690765
1506.690765
1506.690765
1506.690765
1506.690765
1506.690765
1506.690765
1506.690765
1506.690765
1506.690765
1506.690765
1506.690765
1506.690765
1506.690765
1506.690765
1506.690765
1506.690765
1506.690765
1506.690765
1506.690765
1506.690765
1506.690765
1506.690765
1506.690765
1506.690765
1506.690765
1506.690765
1506.690765
1506.690765
1506.690765
1506.690765
1506.690765
1506.690765
1506.690765
1506.690765
1506.690765
1506.690765
1506.690765
1506.690765
1506.690765
1506.690765
1506.690765
1506.690765
1506.690765
1506.690765
1506.690765
1506.690765
1506.690765
1506.690765
1506.690765
1506.690765
1506.690765
1506.690765
1506.690765
1506.690765
1506.690765
1506.690765
1506.690765
1506.690765
1506.690765
1506.690765
1506.690765
1506.690765
1506.690765
1506.690765
1506.690765
1506.690765
1506.690765
1506.690765
1506.690765
1506.690765
1506.690765
1506.690765
1506.690765
1506.690765
1506.690765
1506.690765
1506.690765
1506.690765
1506.690765
1506.690765
1506.690765
1506.690765
1506.690765
1506.690765
1506.690765
1506.690765
1506.690765
1506.690765
1506.690765
1506.690765
1506.690765
1506.690765
1506.690765
1506.690765
1506.690765
1506.690765
1506.690765
1506.690765
1506.690765
1506.690765
1506.690765
1506.690765
1506.690765
1506.690765
1506.690765
1506.690765
1506.690765
1506.690765
1506.690765
1506.690765
1506.690765
1506.690765
1506.690765
1506.690765
1506.690765
1506.690765
1506.690765
1506.690765
1506.690765
1506.690765
1506.690765
1506.690765
1506.690765
1506.690765
1506.690765
1506.690765
1506.690765
1506.690765
1506.690765
1506.690765
1506.690765
1506.690765
1506.690765
1506.690765
1506.690765
1506.690765
1506.690765
1506.690765
1506.690765
1506.690765
1506.690765
1506.690765
1506.690765
1506.690765
1506.690765
1506.690765
1506.690765
1506.690765
1506.690765
1506.690765
1506.690765
1506.690765
1506.690765
1506.690765
1506.690765
1506.690765
1506.690765
1506.690765
1506.690765
1506.690765
1506.690765
1506.690765
1506.690765
1506.690765
1506.690765
1506.690765
1506.690765
1506.690765
1506.690765
1506.690765
1506.690765
1506.690765
1506.690765
1506.690765
1506.690765
1506.690765
1506.690765
1506.690765
1506.690765
1506.690765
1506.690765
1506.690765
1506.690765
1506.690765
1506.690765
1506.690765
1506.690765
1506.690765
1506.690765
1506.690765
1506.690765
1506.690765
1506.690765
1506.690765
1506.690765
1506.690765
1506.690765
1506.690765
1506.690765
1506.690765
1506.690765
1506.690765
1506.690765
1506.690765
1506.690765
1506.690765
1506.690765
1506.690765
1506.690765
1506.690765
1506.690765
1506.690765
1506.690765
1506.690765
1506.690765
1506.690765
1506.690765
1506.690765
1506.690765
1506.690765
1506.690765
1506.690765
1506.690765
1506.690765
1506.690765
1506.690765
1506.690765
1506.690765
1506.690765
1506.690765
1506.690765
1506.690765
1506.690765
1506.690765
1506.690765
1506.690765
1506.690765
1506.690765
1506.690765
1506.690765
1506.690765
1506.690765
1506.690765
1506.690765
1506.690765
1506.690765
1506.690765
1506.690765
1506.690765
1506.690765
1506.690765
1506.690765
1506.690765
1506.690765
1506.690765
1506.690765
1506.690765
1506.690765
1506.690765
1506.690765
1506.690765
1506.690765
1506.690765
1506.690765
1506.690765
1506.690765
1506.690765
1506.690765
1506.690765
1506.690765
1506.690765
1506.690765
1506.690765
1506.690765
1506.690765
1506.690765
1506.690765
1506.690765
1506.690765
1506.690765
1506.690765
1506.690765
1506.690765
1506.690765
1506.690765
1506.690765
1506.690765
1506.690765
1506.690765
1506.690765
1506.690765
1506.690765
1506.690765
1506.690765
1506.690765
1506.690765
1506.690765
1506.690765
1506.690765
1506.690765
1506.690765
1506.690765
1506.690765
1506.690765
1506.690765
1506.690765
1506.690765
1506.690765
1506.690765
1506.690765
1506.690765
1506.690765
1506.690765
1506.690765
1506.690765
1506.690765
1506.690765
1506.690765
1506.690765
1506.690765
1506.690765
1506.690765
1506.690765
1506.690765
1506.690765
1506.690765
1506.690765
1506.690765
1506.690765
1506.690765
1506.690765
1506.690765
1506.690765
1506.690765
1506.690765
1506.690765
1506.690765
1506.690765
1506.690765
1506.690765
1506.690765
1506.690765
1506.690765
1506.690765
1506.690765
1506.690765
1506.690765
1506.690765
1506.690765
1506.690765
1506.690765
1506.690765
1506.690765
1506.690765
1506.690765
1506.690765
1506.690765
1506.690765
1506.690765
1506.690765
1506.690765
1506.690765
1506.690765
1506.690765
1506.690765
1506.690765
1506.690765
1506.690765
1506.690765
1506.690765
1506.690765
1506.690765
1506.690765
1506.690765
1506.690765
1506.690765
1506.690765
1506.690765
1506.690765
1506.690765
1506.690765
1506.690765
1506.690765
1506.690765
1506.690765
1506.690765
1506.690765
1506.690765
1506.690765
1506.690765
1506.690765
1506.690765
1506.690765
1506.690765
1506.690765
1506.690765
1506.690765
1506.690765
1506.690765
1506.690765
1506.690765
1506.690765
1506.690765
1506.690765
1506.690765
1506.690765
1506.690765
1506.690765
1506.690765
1506.690765
1506.690765
1506.690765
1506.690765
1506.690765
1506.690765
1506.690765
1506.690765
1506.690765
1506.690765
1506.690765
1506.690765
1506.690765
1506.690765
1506.690765
1506.690765
1506.690765
1506.690765
1506.690765
1506.690765
1506.690765
1506.690765
1506.690765
1506.690765
1506.690765
1506.690765
1506.690765
1506.690765
1506.690765
1506.690765
1506.690765
1506.690765
1506.690765
1506.690765
1506.690765
1506.690765
1506.690765
1506.690765
1506.690765
1506.690765
1506.690765
1506.690765
1506.690765
1506.690765
1506.690765
1506.690765
1506.690765
1506.690765
1506.690765
1506.690765
1506.690765
1506.690765
1506.690765
1506.690765
1506.690765
1506.690765
1506.690765
1506.690765
1506.690765
1506.690765
1506.690765
1506.690765
1506.690765
1506.690765
1506.690765
1506.690765
1506.690765
1506.690765
1506.690765
1506.690765
1506.690765
1506.690765
1506.690765
1506.690765
1506.690765
1506.690765
1506.690765
1506.690765
1506.690765
1506.690765
1506.690765
1506.690765
1506.690765
1506.690765
1506.690765
1506.690765
1506.690765
1506.690765
1506.690765
1506.690765
1506.690765
1506.690765
1506.690765
1506.690765
1506.690765
1506.690765
1506.690765
1506.690765
1506.690765
1506.690765
1506.690765
1506.690765
1506.690765
1506.690765
1506.690765
1506.690765
1506.690765
1506.690765
1506.690765
1506.690765
1506.690765
1506.690765
1506.690765
1506.690765
1506.690765
1506.690765
1506.690765
1506.690765
1506.690765
1506.690765
1506.690765
1506.690765
1506.690765
1506.690765
1506.690765
1506.690765
1506.690765
1506.690765
1506.690765
1506.690765
1506.690765
1506.690765
1506.690765
1506.690765
1506.690765
1506.690765
1506.690765
1506.690765
1506.690765
1506.690765
1506.690765
1506.690765
1506.690765
1506.690765
1506.690765
1506.690765
1506.690765
1506.690765
1506.690765
1506.690765
1506.690765
1506.690765
1506.690765
1506.690765
1506.690765
1506.690765
1506.690765
1506.690765
1506.690765
1506.690765
1506.690765
1506.690765
1506.690765
1506.690765
1506.690765
1506.690765
1506.690765
1506.690765
1506.690765
1506.690765
1506.690765
1506.690765
1506.690765
1506.690765
1506.690765
1506.690765
1506.690765
1506.690765
1506.690765
1506.690765
1506.690765
1506.690765
1506.690765
1506.690765
1506.690765
1506.690765
1506.690765
1506.690765
1506.690765
1506.690765
1506.690765
1506.690765
1506.690765
1506.690765
1506.690765
1506.690765
1506.690765
1506.690765
1506.690765
1506.690765
1506.690765
1506.690765
1506.690765
1506.690765
1506.690765
1506.690765
1506.690765
1506.690765
1506.690765
1506.690765
1506.690765
1506.690765
1506.690765
1506.690765
1506.690765
1506.690765
1506.690765
1506.690765
1506.690765
1506.690765
1506.690765
1506.690765
1506.690765
1506.690765
1506.690765
1506.690765
1506.690765
1506.690765
1506.690765
1506.690765
1506.690765
1506.690765
1506.690765
1506.690765
1506.690765
1506.690765
1506.690765
1506.690765
1506.690765
1506.690765
1506.690765
1506.690765
1506.690765
1506.690765
1506.690765
1506.690765
1506.690765
1506.690765
1506.690765
1506.690765
1506.690765
1506.690765
1506.690765
1506.690765
1506.690765
1506.690765
1506.690765
1506.690765
1506.690765
1506.690765
1506.690765
1506.690765
1506.690765
1506.690765
1506.690765
1506.690765
1506.690765
1506.690765
1506.690765
1506.690765
1506.690765
1506.690765
1506.690765
1506.690765
1506.690765
1506.690765
1506.690765
1506.690765
1506.690765
1506.690765
1506.690765
1506.690765
1506.690765
1506.690765
1506.690765
1506.690765
1506.690765
1506.690765
1506.690765
1506.690765
1506.690765
1506.690765
1506.690765
1506.690765
1506.690765
1506.690765
1506.690765
1506.690765
1506.690765
1506.690765
1506.690765
1506.690765
1506.690765
1506.690765
1506.690765
1506.690765
1506.690765
1506.690765
1506.690765
1506.690765
1506.690765
1506.690765
1506.690765
1506.690765
1506.690765
1506.690765
1506.690765
1506.690765
1506.690765
1506.690765
1506.690765
1506.690765
1506.690765
1506.690765
1506.690765
1506.690765
1506.690765
1506.690765
1506.690765
1506.690765
1506.690765
1506.690765
1506.690765
1506.690765
1506.690765
1506.690765
1506.690765
1506.690765
1506.690765
1506.690765
1506.690765
1506.690765
1506.690765
1506.690765
1506.690765
1506.690765
1506.690765
1506.690765
1506.690765
1506.690765
1506.690765
1506.690765
1506.690765
1506.690765
1506.690765
1506.690765
1506.690765
1506.690765
1506.690765
1506.690765
1506.690765
1506.690765
1506.690765
1506.690765
1506.690765
1506.690765
1506.690765
1506.690765
1506.690765
1506.690765
1506.690765
1506.690765
1506.690765
1506.690765
1506.690765
1506.690765
1506.690765
1506.690765
1506.690765
1506.690765
1506.690765
1506.690765
1506.690765
1506.690765
1506.690765
1506.690765
1506.690765
1506.690765
1506.690765
1506.690765
1506.690765
1506.690765
1506.690765
1506.690765
1506.690765
1506.690765
1506.690765
1506.690765
1506.690765
1506.690765
1506.690765
1506.690765
1506.690765
1506.690765
1506.690765
1506.690765
1506.690765
1506.690765
1506.690765
1506.690765
1506.690765
1506.690765
1506.690765
1506.690765
1506.690765
1506.690765
1506.690765
1506.690765
1506.690765
1506.690765
1506.690765
1506.690765
1506.690765
1506.690765
1506.690765
1506.690765
1506.690765
1506.690765
1506.690765
1506.690765
1506.690765
1506.690765
1506.690765
1506.690765
1506.690765
1506.690765
1506.690765
1506.690765
1506.690765
1506.690765
1506.690765
1506.690765
1506.690765
1506.690765
1506.690765
1506.690765
1506.690765
1506.690765
1506.690765
1506.690765
1506.690765
1506.690765
1506.690765
1506.690765
1506.690765
1506.690765
1506.690765
1506.690765
1506.690765
1506.690765
1506.690765
1506.690765
1506.690765
1506.690765
1506.690765
1506.690765
1506.690765
1506.690765
1506.690765
1506.690765
1506.690765
1506.690765
1506.690765
1506.690765
1506.690765
1506.690765
1506.690765
1506.690765
1506.690765
1506.690765
1506.690765
1506.690765
1506.690765
1506.690765
1506.690765
1506.690765
1506.690765
1506.690765
1506.690765
1506.690765
1506.690765
1506.690765
1506.690765
1506.690765
1506.690765
1506.690765
1506.690765
1506.690765
1506.690765
1506.690765
1506.690765
1506.690765
1506.690765
1506.690765
1506.690765
1506.690765
1506.690765
1506.690765
1506.690765
1506.690765
1506.690765
1506.690765
1506.690765
1506.690765
1506.690765
1506.690765
1506.690765
1506.690765
1506.690765
1506.690765
1506.690765
1506.690765
1506.690765
1506.690765
1506.690765
1506.690765
1506.690765
1506.690765
1506.690765
1506.690765
1506.690765
1506.690765
1506.690765
1506.690765
1506.690765
1506.690765
1506.690765
1506.690765
1506.690765
1506.690765
1506.690765
1506.690765
1506.690765
1506.690765
1506.690765
1506.690765
1506.690765
1506.690765
1506.690765
1506.690765
1506.690765
1506.690765
1506.690765
1506.690765
1506.690765
1506.690765
1506.690765
1506.690765
1506.690765
1506.690765
1506.690765
1506.690765
1506.690765
1506.690765
1506.690765
1506.690765
1506.690765
1506.690765
1506.690765
1506.690765
1506.690765
1506.690765
1506.690765
1506.690765
1506.690765
1506.690765
1506.690765
1506.690765
1506.690765
1506.690765
1506.690765
1506.690765
1506.690765
1506.690765
1506.690765
1506.690765
1506.690765
1506.690765
1506.690765
1506.690765
1506.690765
1506.690765
1506.690765
1506.690765
1506.690765
1506.690765
1506.690765
1506.690765
1506.690765
1506.690765
1506.690765
1506.690765
1506.690765
1506.690765
1506.690765
1506.690765
1506.690765
1506.690765
1506.690765
1506.690765
1506.690765
1506.690765
1506.690765
1506.690765
1506.690765
1506.690765
1506.690765
1506.690765
1506.690765
1506.690765
1506.690765
1506.690765
1506.690765
1506.690765
1506.690765
1506.690765
1506.690765
1506.690765
1506.690765
1506.690765
1506.690765
1506.690765
1506.690765
1506.690765
1506.690765
1506.690765
1506.690765
1506.690765
1506.690765
1506.690765
1506.690765
1506.690765
1506.690765
1506.690765
1506.690765
1506.690765
1506.690765
1506.690765
1506.690765
1506.690765
1506.690765
1506.690765
1506.690765
1506.690765
1506.690765
1506.690765
1506.690765
1506.690765
1506.690765
1506.690765
1506.690765
1506.690765
1506.690765
1506.690765
1506.690765
1506.690765
1506.690765
1506.690765
1506.690765
1506.690765
1506.690765
1506.690765
1506.690765
1506.690765
1506.690765
1506.690765
1506.690765
1506.690765
1506.690765
1506.690765
1506.690765
1506.690765
1506.690765
1506.690765
1506.690765
1506.690765
1506.690765
1506.690765
1506.690765
1506.690765
1506.690765
1506.690765
1506.690765
1506.690765
1506.690765
1506.690765
1506.690765
1506.690765
1506.690765
1506.690765
1506.690765
1506.690765
1506.690765
1506.690765
1506.690765
1506.690765
1506.690765
1506.690765
1506.690765
1506.690765
1506.690765
1506.690765
1506.690765
1506.690765
1506.690765
1506.690765
1506.690765
1506.690765
1506.690765
1506.690765
1506.690765
1506.690765
1506.690765
1506.690765
1506.690765
1506.690765
1506.690765
1506.690765
1506.690765
1506.690765
1506.690765
1506.690765
1506.690765
1506.690765
1506.690765
1506.690765
1506.690765
1506.690765
1506.690765
1506.690765
1506.690765
1506.690765
1506.690765
1506.690765
1506.690765
1506.690765
1506.690765
1506.690765
1506.690765
1506.690765
1506.690765
1506.690765
1506.690765
1506.690765
1506.690765
1506.690765
1506.690765
1506.690765
1506.690765
1506.690765
1506.690765
1506.690765
1506.690765
1506.690765
1506.690765
1506.690765
1506.690765
1506.690765
1506.690765
1506.690765
1506.690765
1506.690765
1506.690765
1506.690765
1506.690765
1506.690765
1506.690765
1506.690765
1506.690765
1506.690765
1506.690765
1506.690765
1506.690765
1506.690765
1506.690765
1506.690765
1506.690765
1506.690765
1506.690765
1506.690765
1506.690765
1506.690765
1506.690765
1506.690765
1506.690765
1506.690765
1506.690765
1506.690765
1506.690765
1506.690765
1506.690765
1506.690765
1506.690765
1506.690765
1506.690765
1506.690765
1506.690765
1506.690765
1506.690765
1506.690765
1506.690765
1506.690765
1506.690765
1506.690765
1506.690765
1506.690765
1506.690765
1506.690765
1506.690765
1506.690765
1506.690765
1506.690765
1506.690765
1506.690765
1506.690765
1506.690765
1506.690765
1506.690765
1506.690765
1506.690765
1506.690765
1506.690765
1506.690765
1506.690765
1506.690765
1506.690765
1506.690765
1506.690765
1506.690765
1506.690765
1506.690765
1506.690765
1506.690765
1506.690765
1506.690765
1506.690765
1506.690765
1506.690765
1506.690765
1506.690765
1506.690765
1506.690765
1506.690765
1506.690765
1506.690765
1506.690765
1506.690765
1506.690765
1506.690765
1506.690765
1506.690765
1506.690765
1506.690765
1506.690765
1506.690765
1506.690765
1506.690765
1506.690765
1506.690765
1506.690765
1506.690765
1506.690765
1506.690765
1506.690765
1506.690765
1506.690765
1506.690765
1506.690765
1506.690765
1506.690765
1506.690765
1506.690765
1506.690765
1506.690765
1506.690765
1506.690765
1506.690765
1506.690765
1506.690765
1506.690765
1506.690765
1506.690765
1506.690765
1506.690765
1506.690765
1506.690765
1506.690765
1506.690765
1506.690765
1506.690765
1506.690765
1506.690765
1506.690765
1506.690765
1506.690765
1506.690765
1506.690765
1506.690765
1506.690765
1506.690765
1506.690765
1506.690765
1506.690765
1506.690765
1506.690765
1506.690765
1506.690765
1506.690765
1506.690765
1506.690765
1506.690765
1506.690765
1506.690765
1506.690765
1506.690765
1506.690765
1506.690765
1506.690765
1506.690765
1506.690765
1506.690765
1506.690765
1506.690765
1506.690765
1506.690765
1506.690765
1506.690765
1506.690765
1506.690765
1506.690765
1506.690765
1506.690765
1506.690765
1506.690765
1506.690765
1506.690765
1506.690765
1506.690765
1506.690765
1506.690765
1506.690765
1506.690765
1506.690765
1506.690765
1506.690765
1506.690765
1506.690765
1506.690765
1506.690765
1506.690765
1506.690765
1506.690765
1506.690765
1506.690765
1506.690765
1506.690765
1506.690765
1506.690765
1506.690765
1506.690765
1506.690765
1506.690765
1506.690765
1506.690765
1506.690765
1506.690765
1506.690765
1506.690765
1506.690765
1506.690765
1506.690765
1506.690765
1506.690765
1506.690765
1506.690765
1506.690765
1506.690765
1506.690765
1506.690765
1506.690765
1506.690765
1506.690765
1506.690765
1506.690765
1506.690765
1506.690765
1506.690765
1506.690765
1506.690765
1506.690765
1506.690765
1506.690765
1506.690765
1506.690765
1506.690765
1506.690765
1506.690765
1506.690765
1506.690765
1506.690765
1506.690765
1506.690765
1506.690765
1506.690765
1506.690765
1506.690765
1506.690765
1506.690765
1506.690765
1506.690765
1506.690765
1506.690765
1506.690765
1506.690765
1506.690765
1506.690765
1506.690765
1506.690765
1506.690765
1506.690765
1506.690765
1506.690765
1506.690765
1506.690765
1506.690765
1506.690765
1506.690765
1506.690765
1506.690765
1506.690765
1506.690765
1506.690765
1506.690765
1506.690765
1506.690765
1506.690765
1506.690765
1506.690765
1506.690765
1506.690765
1506.690765
1506.690765
1506.690765
1506.690765
1506.690765
1506.690765
1506.690765
1506.690765
1506.690765
1506.690765
1506.690765
1506.690765
1506.690765
1506.690765
1506.690765
1506.690765
1506.690765
1506.690765
1506.690765
1506.690765
1506.690765
1506.690765
1506.690765
1506.690765
1506.690765
1506.690765
1506.690765
1506.690765
1506.690765
1506.690765
1506.690765
1506.690765
1506.690765
1506.690765
1506.690765
1506.690765
1506.690765
1506.690765
1506.690765
1506.690765
1506.690765
1506.690765
1506.690765
1506.690765
1506.690765
1506.690765
1506.690765
1506.690765
1506.690765
1506.690765
1506.690765
1506.690765
1506.690765
1506.690765
1506.690765
1506.690765
1506.690765
1506.690765
1506.690765
1506.690765
1506.690765
1506.690765
1506.690765
1506.690765
1506.690765
1506.690765
1506.690765
1506.690765
1506.690765
1506.690765
1506.690765
1506.690765
1506.690765
1506.690765
1506.690765
1506.690765
1506.690765
1506.690765
1506.690765
1506.690765
1506.690765
1506.690765
1506.690765
1506.690765
1506.690765
1506.690765
1506.690765
1506.690765
1506.690765
1506.690765
1506.690765
1506.690765
1506.690765
1506.690765
1506.690765
1506.690765
1506.690765
1506.690765
1506.690765
1506.690765
1506.690765
1506.690765
1506.690765
1506.690765
1506.690765
1506.690765
1506.690765
1506.690765
1506.690765
1506.690765
1506.690765
1506.690765
1506.690765
1506.690765
1506.690765
