0.000000
0.000000
0.147372
0.371191
0.528905
0.646337
0.717088
0.870784
1.009987
1.109638
1.187912
1.246525
1.266377
1.272498
1.313000
1.357046
1.393427
1.426800
1.456108
1.480569
1.505924
1.527950
1.553426
1.568309
1.586818
1.602289
1.616400
1.628312
1.646118
1.656402
1.666849
1.674718
1.675107
1.671756
1.679956
1.683193
1.689920
1.669910
1.649936
1.652540
1.662017
1.660655
1.655246
1.659582
1.663150
1.668917
1.658530
1.631435
1.625038
1.621904
1.625014
1.630406
1.632913
1.626528
1.629399
1.638026
1.643615
1.644625
1.650256
1.655647
1.660634
1.663078
1.656724
1.648803
1.646898
1.646177
1.648277
1.648847
1.652638
1.653277
1.654209
1.655864
1.660149
1.663059
1.669862
1.673426
1.677782
1.681447
1.683983
1.688035
1.692533
1.697586
1.700823
1.704143
1.707093
1.709454
1.713380
1.715390
1.720472
1.723100
1.726083
1.728167
1.730812
1.733203
1.733456
1.733042
1.736169
1.738565
1.740434
1.741211
1.738378
1.740786
1.743031
1.745774
1.747228
1.741309
1.734752
1.734845
1.733999
1.729514
1.731460
1.732865
1.735828
1.737517
1.739864
1.740013
1.732476
1.727482
1.728113
1.724647
1.724076
1.726129
1.728027
1.730002
1.731404
1.730660
1.730662
1.729635
1.729220
1.728277
1.729760
1.729403
1.731114
1.731481
1.735317
1.735501
1.737284
1.736562
1.738068
1.737985
1.735384
1.734704
1.736331
1.737766
1.739735
1.741156
1.742627
1.743822
1.745740
1.746095
1.747067
1.747245
1.748060
1.748237
1.750140
1.750898
1.752959
1.754437
1.755327
1.757202
1.759476
1.760257
1.762200
1.762964
1.764801
1.766078
1.766995
1.768884
1.770506
1.771127
1.772789
1.773498
1.774872
1.775424
1.775693
1.773730
1.774836
1.775098
1.775925
1.774542
1.775420
1.776103
1.776818
1.777710
1.779057
1.777749
1.772700
1.771348
1.772303
1.772419
1.773671
1.773043
1.770344
1.768716
1.767328
1.768182
1.768803
1.769468
1.770624
1.770961
1.770603
1.770981
1.772178
1.772898
1.773716
1.774333
1.775535
1.776517
1.777528
1.777783
1.777775
1.778672
1.779022
1.776845
1.779859
1.780407
1.781646
1.782333
1.783453
1.784289
1.785816
1.786480
1.787245
1.783934
1.782018
1.782207
1.783496
1.783685
1.781775
1.782265
1.783388
1.784226
1.784953
1.786200
1.786998
1.788095
1.788188
1.787468
1.788320
1.789255
1.788541
1.788475
1.790003
1.790610
1.791014
1.791416
1.792653
1.793335
1.794088
1.794189
1.794866
1.795724
1.796306
1.796989
1.797259
1.798201
1.799185
1.799851
1.800504
1.801326
1.802423
1.802863
1.800934
1.798920
1.799185
1.799286
1.800678
1.800060
1.798651
1.797860
1.796626
1.794762
1.795476
1.795927
1.795738
1.792454
1.791520
1.792365
1.791503
1.789963
1.790095
1.790730
1.790825
1.791152
1.792104
1.790573
1.791283
1.791733
1.791842
1.792311
1.792179
1.792723
1.793933
1.794352
1.792358
1.790936
1.791842
1.791932
1.792437
1.792102
1.792476
1.792872
1.793418
1.793500
1.793983
1.794867
1.794920
1.793639
1.793953
1.793536
1.789193
1.786053
1.786784
1.786994
1.787249
1.787389
1.787219
1.787573
1.786666
1.786216
1.786536
1.785000
1.785826
1.786025
1.784446
1.782633
1.782907
1.783288
1.783947
1.784082
1.785034
1.784743
1.782256
1.780653
1.780936
1.781105
1.781535
1.782617
1.783567
1.784057
1.784639
1.784988
1.785762
1.786251
1.786906
1.787627
1.788249
1.788512
1.788940
1.789029
1.789468
1.789652
1.787869
1.786153
1.787267
1.787096
1.785753
1.785831
1.786680
1.786756
1.786334
1.787071
1.785878
1.784188
1.784471
1.784872
1.783646
1.783847
1.783819
1.782669
1.782686
1.783485
1.783898
1.784216
1.783872
1.781913
1.781841
1.781592
1.780515
1.780851
1.780924
1.780985
1.780052
1.780159
1.780670
1.780994
1.781547
1.781286
1.780888
1.779324
1.779587
1.780486
1.780972
1.781280
1.781981
1.782237
1.782829
1.783094
1.784097
1.784258
1.784862
1.785112
1.785505
1.785621
1.786547
1.786911
1.786412
1.785946
1.786543
1.786494
1.787316
1.787223
1.787363
1.787260
1.787828
1.786646
1.786335
1.786840
1.787164
1.786807
1.785398
1.784605
1.784563
1.782391
1.781461
1.781830
1.781601
1.780835
1.779528
1.779283
1.779680
1.780543
1.781105
1.781606
1.782064
1.782166
1.782950
1.783658
1.784126
1.784189
1.784134
1.783191
1.783466
1.783590
1.784487
1.784433
1.785257
1.785670
1.785874
1.786488
1.786929
1.787033
1.788042
1.788501
1.788703
1.789327
1.789457
1.790344
1.790867
1.791291
1.791655
1.791283
1.790388
1.790393
1.791339
1.791526
1.791859
1.791222
1.790720
1.791012
1.791565
1.791130
1.790758
1.791466
1.790908
1.789654
1.789543
1.790082
1.790568
1.790287
1.788169
1.785918
1.785495
1.785900
1.786568
1.786750
1.787264
1.787574
1.787953
1.788358
1.788659
1.788746
1.788596
1.788952
1.789184
1.789257
1.788479
1.788297
1.787723
1.785661
1.783946
1.783261
1.783424
1.784108
1.784522
1.784722
1.785203
1.785401
1.785929
1.786301
1.786387
1.784200
1.780756
1.777317
1.773961
1.770411
1.767594
1.767057
1.766969
1.767668
1.767634
1.767588
1.767385
1.767929
1.768116
1.768381
1.768831
1.769131
1.769293
1.768317
1.768959
1.769117
1.769887
1.769996
1.769966
1.770223
1.769906
1.769090
1.768794
1.769132
1.768525
1.767908
1.767527
1.767942
1.767550
1.767043
1.767472
1.767120
1.765751
1.764444
1.764735
1.765240
1.765682
1.765956
1.766445
1.766522
1.766700
1.766233
1.766623
1.766772
1.767235
1.767396
1.766581
1.765475
1.764393
1.764782
1.765106
1.765077
1.765521
1.763900
1.763608
1.763886
1.764388
1.764461
1.764877
1.765083
1.765746
1.765542
1.764885
1.765022
1.765596
1.765434
1.766173
1.766749
1.765985
1.764334
1.764157
1.764417
1.764604
1.763615
1.761746
1.761684
1.761446
1.760751
1.760147
1.759890
1.760879
1.761147
1.760947
1.760454
1.760618
1.760900
1.761534
1.761874
1.762113
1.762384
1.762700
1.762417
1.761953
1.762348
1.762657
1.762631
1.763290
1.763529
1.763811
1.764193
1.764056
1.763230
1.763342
1.763634
1.764039
1.764130
1.764838
1.765106
1.765194
1.765437
1.765807
1.766154
1.766339
1.766714
1.767172
1.767428
1.767786
1.768042
1.767741
1.768021
1.768286
1.768298
1.768266
1.768177
1.768520
1.768510
1.769035
1.769206
1.768920
1.768653
1.768800
1.768922
1.769086
1.769613
1.769662
1.769715
1.770110
1.769964
1.770149
1.770657
1.770930
1.770907
1.771326
1.771533
1.771694
1.771724
1.771702
1.769990
1.767386
1.764508
1.762827
1.762528
1.762756
1.763115
1.763382
1.763449
1.762924
1.762556
1.762992
1.763376
1.763761
1.764020
1.764347
1.764620
1.764801
1.765155
1.765702
1.765873
1.766314
1.766542
1.766762
1.766992
1.767248
1.767116
1.767544
1.766985
1.766779
1.767125
1.766803
1.767339
1.767323
1.767549
1.767633
1.767444
1.767560
1.767933
1.768051
1.768188
1.768105
1.768423
1.768721
1.769022
1.769328
1.769560
1.770038
1.770202
1.770381
1.770012
1.769960
1.770434
1.769808
1.769655
1.769469
1.769680
1.769946
1.770094
1.770469
1.770749
1.770949
1.771154
1.771569
1.771585
1.771580
1.771550
1.771818
1.771771
1.772028
1.772265
1.772737
1.772668
1.772880
1.773288
1.773403
1.773289
1.771400
1.770814
1.771135
1.771394
1.771689
1.771725
1.772098
1.771177
1.768779
1.767399
1.767154
1.766814
1.766398
1.764436
1.763407
1.763404
1.763348
1.762551
1.760640
1.759951
1.760080
1.760212
1.760550
1.760295
1.760087
1.760663
1.760916
1.761174
1.761269
1.761472
1.761553
1.761507
1.759460
1.758389
1.758843
1.758866
1.757993
1.755918
1.754570
1.754483
1.754504
1.754191
1.751954
1.749822
1.747105
1.745077
1.743641
1.743505
1.743634
1.744042
1.744067
1.744548
1.744874
1.745039
1.745345
1.744827
1.744369
1.744663
1.745032
1.745043
1.745525
1.745534
1.745977
1.746195
1.746346
1.746203
1.746530
1.746602
1.746593
1.746420
1.745857
1.746138
1.745999
1.745636
1.746258
1.745001
1.742705
1.740728
1.738665
1.736544
1.734349
1.732260
1.730264
1.728131
1.726227
1.724985
1.725179
1.725485
1.725936
1.726233
1.726235
1.726134
1.724132
1.723021
1.723098
1.723421
1.723506
1.723946
1.723992
1.723866
1.724046
1.722589
1.722105
1.722188
1.721998
1.720472
1.718492
1.716429
1.714390
1.712360
1.710726
1.709863
1.710140
1.710126
1.710584
1.710417
1.709579
1.709356
1.709528
1.709965
1.710367
1.710849
1.711173
1.711412
1.711787
1.711998
1.712440
1.712831
1.713101
1.713359
1.713352
1.713215
1.713542
1.713986
1.714250
1.714220
1.714520
1.714845
1.715112
1.715418
1.715764
1.716106
1.716409
1.716661
1.717011
1.717330
1.717797
1.718004
1.718250
1.718337
1.718614
1.718888
1.719056
1.719065
1.719256
1.719361
1.719319
1.719542
1.719874
1.720276
1.720512
1.720706
1.720993
1.720803
1.720240
1.720350
1.720830
1.720556
1.720606
1.720537
1.720204
1.720179
1.720369
1.720805
1.721167
1.721105
1.720747
1.720316
1.720231
1.720535
1.720841
1.721075
1.721347
1.721521
1.720221
1.718322
1.716695
1.714715
1.712663
1.710951
1.709341
1.708346
1.708518
1.708602
1.708828
1.708275
1.706187
1.704486
1.702885
1.701938
1.702133
1.702070
1.701679
1.701022
1.699463
1.698831
1.699214
1.699448
1.699363
1.699365
1.699655
1.699907
1.700361
1.700693
1.700945
1.701238
1.701314
1.701215
1.699927
1.698807
1.698866
1.699187
1.699567
1.699587
1.699214
1.698808
1.698569
1.698923
1.699054
1.699447
1.698892
1.698194
1.697607
1.696870
1.696549
1.696619
1.696799
1.696865
1.696932
1.697204
1.697634
1.697748
1.698002
1.698083
1.697392
1.697185
1.697195
1.697432
1.697762
1.698033
1.698255
1.698364
1.698714
1.698759
1.698007
1.697671
1.697897
1.698166
1.698569
1.698696
1.698152
1.697709
1.697992
1.698241
1.698537
1.698811
1.699184
1.699378
1.699707
1.699985
1.700243
1.700430
1.700907
1.701026
1.701382
1.701575
1.701874
1.701873
1.701326
1.701184
1.701539
1.701693
1.702066
1.702366
1.702709
1.703151
1.703440
1.703694
1.703807
1.704051
1.704392
1.704753
1.705013
1.705273
1.705480
1.705512
1.705586
1.705659
1.705214
1.705115
1.705357
1.705371
1.705833
1.705869
1.705969
1.706278
1.706603
1.706672
1.706514
1.706704
1.706984
1.707269
1.707385
1.707345
1.705725
1.704630
1.704614
1.704771
1.705163
1.705486
1.705732
1.705930
1.706213
1.706384
1.706432
1.706525
1.706243
1.706319
1.706295
1.705882
1.706081
1.706261
1.706622
1.706453
1.706514
1.706252
1.706329
1.706715
1.706776
1.706774
1.706753
1.706522
1.706847
1.707012
1.707356
1.707582
1.707856
1.708035
1.708300
1.708502
1.708805
1.709149
1.709404
1.709651
1.709884
1.710125
1.710384
1.710456
1.710749
1.710808
1.711031
1.711216
1.710683
1.710166
1.710348
1.710379
1.710668
1.710762
1.711135
1.710723
1.710098
1.709912
1.709919
1.710099
1.710381
1.710521
1.710697
1.710758
1.710928
1.711054
1.711110
1.711265
1.711651
1.711633
1.711872
1.711847
1.711575
1.711450
1.711586
1.711727
1.712096
1.712227
1.712429
1.712562
1.712842
1.713015
1.713308
1.713611
1.713679
1.713306
1.712777
1.712876
1.712903
1.712800
1.713095
1.713316
1.713355
1.713192
1.713350
1.713423
1.713595
1.713716
1.713899
1.713842
1.714054
1.713711
1.713740
1.714037
1.714264
1.714315
1.714481
1.714680
1.714834
1.715228
1.715434
1.715524
1.715781
1.715687
1.715076
1.714935
1.715231
1.715379
1.715602
1.715831
1.716011
1.716174
1.716292
1.716624
1.716526
1.716227
1.716376
1.716442
1.715521
1.714198
1.712877
1.712131
1.712286
1.712102
1.711154
1.710958
1.711264
1.711285
1.711594
1.711830
1.710599
1.709134
1.707675
1.706339
1.704869
1.703705
1.703138
1.703288
1.703563
1.703855
1.704116
1.704347
1.704561
1.704805
1.705039
1.705283
1.705593
1.705739
1.706097
1.706121
1.706464
1.706577
1.706985
1.707132
1.707334
1.707506
1.707716
1.707939
1.708149
1.708340
1.708491
1.708650
1.708783
1.708947
1.709044
1.709350
1.709528
1.709668
1.709841
1.710021
1.710016
1.709946
1.710297
1.710331
1.710522
1.710526
1.710840
1.710929
1.711149
1.711376
1.711533
1.710989
1.710460
1.710567
1.710662
1.710983
1.711172
1.711255
1.711461
1.711544
1.711541
1.711646
1.711875
1.711691
1.711576
1.711658
1.711860
1.711863
1.711880
1.711785
1.711792
1.711991
1.711114
1.709760
1.708399
1.707172
1.705721
1.704409
1.702990
1.701776
1.700756
1.700518
1.700613
1.700839
1.701124
1.701391
1.701594
1.701647
1.700952
1.699736
1.699045
1.699056
1.699310
1.699513
1.699702
1.699880
1.700057
1.699251
1.698025
1.697215
1.697301
1.697584
1.697751
1.697948
1.698276
1.698467
1.698724
1.698839
1.699053
1.699099
1.699382
1.699529
1.699724
1.699784
1.700076
1.700291
1.700419
1.700527
1.700336
1.700165
1.700291
1.700406
1.700554
1.700627
1.700729
1.700846
1.700987
1.701176
1.701461
1.701583
1.701795
1.701800
1.701760
1.701762
1.702004
1.702154
1.702020
1.701774
1.701887
1.701789
1.701546
1.700770
1.700316
1.699857
1.699820
1.699707
1.699529
1.699670
1.699874
1.700120
1.700397
1.700590
1.700765
1.700929
1.701253
1.701175
1.700982
1.701164
1.701181
1.701137
1.701298
1.701552
1.701821
1.702023
1.702113
1.702359
1.702614
1.702720
1.702652
1.702629
1.702802
1.702683
1.702829
1.702931
1.703137
1.703299
1.703533
1.703741
1.703883
1.703938
1.703655
1.703724
1.703091
1.702726
1.702888
1.702962
1.703102
1.703334
1.703555
1.703604
1.703102
1.702898
1.703078
1.702928
1.703253
1.703350
1.703476
1.703524
1.703419
1.703600
1.703725
1.703724
1.703760
1.703484
1.703685
1.703827
1.703793
1.703686
1.703838
1.703991
1.704238
1.704417
1.704603
1.704734
1.705035
1.705147
1.705340
1.705432
1.705618
1.705760
1.705935
1.705983
1.706117
1.706221
1.706413
1.706555
1.706696
1.706612
1.706755
1.706957
1.707124
1.707282
1.707445
1.707508
1.707495
1.707650
1.707841
1.708411
1.708855
1.708898
1.709594
1.710027
1.710201
1.710146
1.710021
1.708956
1.708293
1.708417
1.708555
1.708719
1.707899
1.706709
1.705676
1.705117
1.705330
1.705511
1.705690
1.705733
1.706080
1.706214
1.706508
1.706581
1.706645
1.706627
1.706801
1.706974
1.707087
1.707255
1.707336
1.707388
1.707542
1.707681
1.707859
1.708036
1.707983
1.707595
1.707746
1.707865
1.708032
1.708146
1.708395
1.708540
1.708696
1.708900
1.708940
1.708777
1.709096
1.709167
1.709343
1.709385
1.709431
1.709544
1.709688
1.709955
1.710127
1.710274
1.710409
1.710461
1.710611
1.710827
1.710990
1.710981
1.711061
1.710853
1.710595
1.710440
1.710379
1.710500
1.710679
1.710879
1.710997
1.711110
1.711322
1.711385
1.711702
1.711558
1.711538
1.711607
1.711587
1.711799
1.711891
1.711892
1.711882
1.711994
1.711926
1.712149
1.712043
1.712088
1.712013
1.711618
1.711769
1.711935
1.712197
1.712326
1.712348
1.712379
1.712556
1.712639
1.712647
1.712698
1.712677
1.712780
1.712921
1.712856
1.713002
1.713185
1.713008
1.713021
1.712720
1.712585
1.712711
1.712825
1.713047
1.713297
1.713496
1.713551
1.713788
1.713973
1.713987
1.714192
1.714350
1.714470
1.714534
1.713910
1.713658
1.713908
1.714097
1.714115
1.714257
1.714423
1.714531
1.714640
1.714750
1.714630
1.714808
1.715173
1.715310
1.715198
1.715411
1.715560
1.715452
1.714971
1.714804
1.714866
1.715074
1.715325
1.715479
1.715560
1.715798
1.715834
1.715701
1.715689
1.715965
1.716090
1.716256
1.716321
1.716245
1.716350
1.716542
1.716743
1.716870
1.716779
1.716743
1.716767
1.716957
1.717031
1.717229
1.717300
1.717460
1.717577
1.717461
1.717321
1.717387
1.717110
1.717286
1.717457
1.717600
1.717722
1.717995
1.718110
1.718320
1.718433
1.718572
1.718696
1.718775
1.718773
1.718829
1.718952
1.719108
1.719017
1.719132
1.719421
1.719416
1.719432
1.719614
1.719623
1.719673
1.719401
1.719209
1.719332
1.719646
1.719811
1.719964
1.720031
1.720235
1.720394
1.720488
1.720693
1.720810
1.720961
1.721161
1.721233
1.721207
1.721110
1.720874
1.720786
1.720893
1.720784
1.720880
1.720974
1.721174
1.721257
1.721292
1.721130
1.721376
1.721477
1.721370
1.721192
1.721194
1.721281
1.721402
1.721630
1.721629
1.721030
1.720781
1.720623
1.720281
1.720174
1.719741
1.718967
1.718651
1.718666
1.718799
1.718886
1.719103
1.719287
1.719391
1.719474
1.719663
1.719776
1.719877
1.720133
1.720327
1.720247
1.720333
1.720473
1.720574
1.720828
1.720981
1.721044
1.721284
1.721391
1.721331
1.721146
1.721334
1.721427
1.721337
1.721222
1.721247
1.721354
1.721537
1.721709
1.721878
1.721873
1.722019
1.722166
1.722002
1.721918
1.722047
1.722173
1.722010
1.721493
1.721430
1.721395
1.721486
1.721582
1.721613
1.721718
1.721846
1.721796
1.721585
1.721041
1.720886
1.720594
1.720227
1.719717
1.719276
1.718843
1.718945
1.719016
1.719132
1.719240
1.719417
1.719514
1.719764
1.719913
1.719897
1.719726
1.719634
1.719608
1.719815
1.719946
1.720089
1.720125
1.720153
1.720180
1.720313
1.720132
1.719217
1.718211
1.717255
1.716281
1.715304
1.714303
1.713353
1.712373
1.711410
1.710413
1.709478
1.708504
1.707538
1.706533
1.705600
1.704630
1.703668
1.702677
1.701755
1.700784
1.699833
1.698844
1.697920
1.696949
1.695993
1.695008
1.694086
1.693132
1.692185
1.691213
1.690282
1.689348
1.688391
1.687433
1.686507
1.685567
1.684624
1.683650
1.682750
1.681790
1.680849
1.679900
1.678997
1.678057
1.677120
1.676147
1.675260
1.674326
1.673388
1.672429
1.671538
1.670611
1.669689
1.668737
1.667843
1.666904
1.666000
1.665038
1.664142
1.663232
1.662322
1.661380
1.660491
1.659568
1.658661
1.657713
1.656823
1.655927
1.655005
1.654077
1.653202
1.652285
1.651386
1.650464
1.649567
1.648675
1.647758
1.646854
1.645977
1.645081
1.644181
1.643260
1.642396
1.641497
1.640589
1.639677
1.638821
1.637917
1.637029
1.636116
1.635260
1.634363
1.633475
1.632549
1.631700
1.630830
1.629954
1.629048
1.628187
1.627296
1.626425
1.625523
1.624674
1.623802
1.622927
1.622028
1.621174
1.620304
1.619425
1.618544
1.617690
1.616832
1.615962
1.615065
1.614240
1.613366
1.612509
1.611618
1.610788
1.609917
1.609059
1.608168
1.607335
1.606487
1.605626
1.604750
1.603925
1.603069
1.602215
1.601326
1.600522
1.599655
1.598803
1.597938
1.597121
1.596261
1.595427
1.594558
1.593744
1.592894
1.592060
1.591179
1.590377
1.589536
1.588692
1.587846
1.587028
1.586189
1.585349
1.584496
1.583699
1.582857
1.582027
1.581175
1.580373
1.579539
1.578704
1.577853
1.577047
1.576234
1.575416
1.574567
1.573766
1.572945
1.572119
1.571277
1.570485
1.569666
1.568839
1.568016
1.567209
1.566399
1.565579
1.564751
1.563958
1.563144
1.562342
1.561503
1.560731
1.559911
1.559113
1.558281
1.557503
1.556694
1.555891
1.555052
1.554279
1.553483
1.552679
1.551861
1.551089
1.550287
1.549493
1.548671
1.547904
1.547092
1.546295
1.545490
1.544725
1.543922
1.543139
1.542326
1.541559
1.540769
1.539979
1.539182
1.538413
1.537625
1.536832
1.536042
1.535278
1.534482
1.533702
1.532915
1.532156
1.531376
1.530597
1.529787
1.529046
1.528266
1.527484
1.526681
1.525951
1.525167
1.524400
1.523618
1.522871
1.522097
1.521333
1.520537
1.519792
1.519031
1.518265
1.517474
1.516736
1.515962
1.515208
1.514423
1.513685
1.512924
1.512160
1.511379
1.510648
1.509885
1.509138
1.508358
1.507623
1.506868
1.506124
1.505335
1.504606
1.503864
1.503117
1.502345
1.501623
1.500869
1.500127
1.499347
1.498627
1.497881
1.497142
1.496374
1.495654
1.494904
1.494171
1.493400
1.492681
1.491937
1.491217
1.490452
1.489738
1.489004
1.488270
1.487509
1.486806
1.486067
1.485320
1.484584
1.483877
1.483135
1.482407
1.481647
1.480958
1.480219
1.479487
1.478738
1.478040
1.477323
1.476597
1.475861
1.475160
1.474430
1.473715
1.472962
1.472268
1.471554
1.470834
1.470094
1.469396
1.468678
1.467969
1.467233
1.466540
1.465826
1.465103
1.464373
1.463693
1.462970
1.462269
1.461546
1.460845
1.460142
1.459426
1.458699
1.458017
1.457320
1.456612
1.455888
1.455207
1.454500
1.453798
1.453072
1.452401
1.451701
1.451007
1.450284
1.449612
1.448910
1.448208
1.447500
1.446821
1.446117
1.445434
1.444708
1.444055
1.443351
1.442666
1.441960
1.441285
1.440595
1.439909
1.439193
1.438541
1.437840
1.437159
1.436461
1.435793
1.435110
1.434425
1.433725
1.433068
1.432375
1.431704
1.430993
1.430335
1.429665
1.428988
1.428289
1.427636
1.426951
1.426266
1.425578
1.424935
1.424253
1.423586
1.422886
1.422233
1.421568
1.420888
1.420204
1.419566
1.418884
1.418226
1.417536
1.416891
1.416224
1.415557
1.414867
1.414222
1.413569
1.412902
1.412226
1.411583
1.410917
1.410260
1.409580
1.408946
1.408274
1.407616
1.406946
1.406312
1.405650
1.404996
1.404319
1.403689
1.403026
1.402373
1.401718
1.401078
1.400425
1.399779
1.399110
1.398479
1.397832
1.397173
1.396514
1.395893
1.395233
1.394582
1.393935
1.393310
1.392659
1.392019
1.391357
1.390723
1.390093
1.389452
1.388792
1.388169
1.387529
1.386889
1.386232
1.385612
1.384977
1.384338
1.383691
1.383068
1.382437
1.381796
1.381153
1.380535
1.379906
1.379274
1.378619
1.378018
1.377375
1.376757
1.376111
1.375501
1.374868
1.374233
1.373591
1.372988
1.372353
1.371737
1.371098
1.370495
1.369872
1.369235
1.368609
1.367999
1.367376
1.366767
1.366122
1.365523
1.364905
1.364291
1.363653
1.363060
1.362429
1.361815
1.361193
1.360589
1.359972
1.359365
1.358739
1.358139
1.357523
1.356910
1.356281
1.355695
1.355087
1.354474
1.353842
1.353257
1.352654
1.352040
1.351411
1.350838
1.350229
1.349626
1.349001
1.348418
1.347809
1.347212
1.346586
1.346003
1.345408
1.344798
1.344191
1.343602
1.343005
1.342399
1.341790
1.341213
1.340613
1.340019
1.339403
1.338834
1.338232
1.337639
1.337033
1.336460
1.335864
1.335274
1.334657
1.334086
1.333492
1.332908
1.332294
1.331725
1.331141
1.330550
1.329944
1.329379
1.328793
1.328210
1.327589
1.327037
1.326454
1.325871
1.325273
1.324706
1.324125
1.323535
1.322936
1.322385
1.321800
1.321219
1.320620
1.320050
1.319482
1.318902
1.318304
1.317743
1.317173
1.316603
1.316010
1.315452
1.314878
1.314302
1.313708
1.313158
1.312589
1.312009
1.311427
1.310874
1.310304
1.309736
1.309152
1.308600
1.308022
1.307464
1.306875
1.306322
1.305764
1.305193
1.304617
1.304065
1.303494
1.302939
1.302360
1.301809
1.301251
1.300690
1.300110
1.299567
1.298996
1.298448
1.297870
1.297322
1.296759
1.296216
1.295637
1.295099
1.294544
1.293989
1.293419
1.292881
1.292315
1.291764
1.291203
1.290655
1.290107
1.289555
1.288993
1.288457
1.287896
1.287344
1.286778
1.286259
1.285706
1.285155
1.284592
1.284053
1.283516
1.282964
1.282396
1.281869
1.281331
1.280790
1.280226
1.279696
1.279141
1.278608
1.278052
1.277525
1.276989
1.276449
1.275892
1.275365
1.274824
1.274284
1.273739
1.273210
1.272669
1.272131
1.271583
1.271057
1.270525
1.269986
1.269444
1.268924
1.268384
1.267852
1.267308
1.266782
1.266252
1.265725
1.265172
1.264661
1.264131
1.263596
1.263056
1.262538
1.262004
1.261483
1.260933
1.260432
1.259897
1.259375
1.258824
1.258329
1.257794
1.257264
1.256730
1.256217
1.255703
1.255178
1.254641
1.254136
1.253609
1.253083
1.252544
1.252050
1.251522
1.251012
1.250472
1.249969
1.249456
1.248937
1.248402
1.247900
1.247385
1.246863
1.246342
1.245834
1.245320
1.244801
1.244281
1.243778
1.243270
1.242756
1.242225
1.241736
1.241214
1.240710
1.240186
1.239692
1.239179
1.238658
1.238140
1.237648
1.237146
1.236634
1.236118
1.235624
1.235112
1.234611
1.234088
1.233601
1.233087
1.232582
1.232066
1.231586
1.231077
1.230577
1.230057
1.229570
1.229067
1.228561
1.228057
1.227565
1.227064
1.226563
1.226055
1.225568
1.225066
1.224578
1.224058
1.223584
1.223080
1.222588
1.222079
1.221599
1.221102
1.220605
1.220094
1.219615
1.219115
1.218631
1.218129
1.217648
1.217153
1.216664
1.216146
1.215676
1.215190
1.214694
1.214199
1.213726
1.213234
1.212749
1.212241
1.211775
1.211278
1.210787
1.210293
1.209828
1.209337
1.208855
1.208351
1.207882
1.207400
1.206914
1.206420
1.205951
1.205471
1.204987
1.204485
1.204024
1.203545
1.203060
1.202561
1.202098
1.201626
1.201147
1.200641
1.200188
1.199711
1.199228
1.198746
1.198277
1.197803
1.197321
1.196836
1.196374
1.195899
1.195427
1.194940
1.194483
1.194001
1.193536
1.193043
1.192582
1.192111
1.191647
1.191160
1.190704
1.190233
1.189762
1.189271
1.188822
1.188354
1.187888
1.187407
1.186951
1.186475
1.186015
1.185534
1.185077
1.184609
1.184155
1.183672
1.183222
1.182759
1.182297
1.181817
1.181372
1.180897
1.180434
1.179961
1.179518
1.179053
1.178596
1.178125
1.177675
1.177213
1.176750
1.176271
1.175838
1.175378
1.174916
1.174446
1.174007
1.173544
1.173085
1.172613
1.172181
1.171723
1.171267
1.170795
1.170356
1.169894
1.169444
1.168975
1.168538
1.168085
1.167628
1.167171
1.166730
1.166276
1.165827
1.165363
1.164929
1.164471
1.164026
1.163560
1.163129
1.162676
1.162229
1.161769
1.161339
1.160887
1.160435
1.159967
1.159538
1.159100
1.158655
1.158197
1.157765
1.157317
1.156874
1.156415
1.155986
1.155543
1.155095
1.154647
1.154215
1.153774
1.153334
1.152876
1.152448
1.152010
1.151573
1.151115
1.150686
1.150250
1.149815
1.149363
1.148939
1.148499
1.148061
1.147614
1.147183
1.146751
1.146317
1.145863
1.145444
1.145008
1.144573
1.144129
1.143700
1.143266
1.142838
1.142381
1.141970
1.141536
1.141106
1.140662
1.140244
1.139804
1.139375
1.138928
1.138522
1.138083
1.137659
1.137221
1.136800
1.136367
1.135940
1.135502
1.135084
1.134662
1.134231
1.133794
1.133376
1.132953
1.132528
1.132089
1.131671
1.131253
1.130823
1.130389
1.129977
1.129555
1.129133
1.128693
1.128284
1.127866
1.127437
1.127007
1.126596
1.126175
1.125752
1.125325
1.124914
1.124497
1.124076
1.123643
1.123243
1.122821
1.122405
1.121974
1.121571
1.121149
1.120733
1.120308
1.119898
1.119479
1.119067
1.118634
1.118241
1.117821
1.117409
1.116986
1.116578
1.116163
1.115755
1.115326
1.114926
1.114519
1.114102
1.113680
1.113285
1.112870
1.112461
1.112034
1.111634
1.111224
1.110820
1.110398
1.110001
1.109593
1.109182
1.108758
1.108363
1.107961
1.107550
1.107136
1.106740
1.106330
1.105929
1.105502
1.105119
1.104705
1.104299
1.103889
1.103498
1.103094
1.102691
1.102275
1.101884
1.101474
1.101078
1.100667
1.100276
1.099869
1.099472
1.099059
1.098672
1.098266
1.097860
1.097460
1.097066
1.096663
1.096269
1.095862
1.095475
1.095075
1.094675
1.094261
1.093886
1.093484
1.093082
1.092676
1.092297
1.091895
1.091504
1.091097
1.090712
1.090319
1.089922
1.089523
1.089137
1.088743
1.088345
1.087950
1.087563
1.087166
1.086783
1.086381
1.086002
1.085603
1.085215
1.084807
1.084438
1.084043
1.083652
1.083249
1.082874
1.082484
1.082097
1.081702
1.081323
1.080934
1.080547
1.080146
1.079767
1.079387
1.078993
1.078601
1.078229
1.077841
1.077456
1.077053
1.076687
1.076295
1.075912
1.075521
1.075148
1.074764
1.074377
1.073991
1.073610
1.073229
1.072852
1.072458
1.072085
1.071705
1.071328
1.070938
1.070567
1.070185
1.069807
1.069412
1.069044
1.068665
1.068289
1.067896
1.067532
1.067152
1.066775
1.066386
1.066024
1.065641
1.065262
1.064881
1.064512
1.064134
1.063758
1.063375
1.063009
1.062632
1.062261
1.061869
1.061517
1.061132
1.060766
1.060382
1.060024
1.059642
1.059278
1.058894
1.058529
1.058154
1.057785
1.057408
1.057046
1.056676
1.056304
1.055923
1.055560
1.055197
1.054820
1.054445
1.054087
1.053713
1.053350
1.052969
1.052615
1.052242
1.051875
1.051505
1.051146
1.050779
1.050414
1.050033
1.049679
1.049313
1.048951
1.048575
1.048216
1.047854
1.047493
1.047120
1.046763
1.046398
1.046038
1.045660
1.045316
1.044944
1.044585
1.044218
1.043865
1.043503
1.043137
1.042771
1.042422
1.042054
1.041695
1.041324
1.040978
1.040617
1.040259
1.039893
1.039546
1.039180
1.038823
1.038459
1.038112
1.037744
1.037392
1.037021
1.036681
1.036320
1.035962
1.035595
1.035260
1.034901
1.034544
1.034178
1.033835
1.033483
1.033124
1.032750
1.032413
1.032062
1.031714
1.031349
1.031006
1.030655
1.030301
1.029936
1.029593
1.029239
1.028896
1.028531
1.028191
1.027843
1.027493
1.027132
1.026793
1.026436
1.026087
1.025734
1.025395
1.025043
1.024693
1.024334
1.023999
1.023647
1.023301
1.022944
1.022607
1.022263
1.021914
1.021560
1.021225
1.020875
1.020531
1.020173
1.019837
1.019493
1.019153
1.018797
1.018462
1.018115
1.017771
1.017419
1.017085
1.016744
1.016403
1.016046
1.015715
1.015370
1.015032
1.014679
1.014344
1.014004
1.013663
1.013309
1.012987
1.012643
1.012302
1.011952
1.011621
1.011280
1.010943
1.010591
1.010265
1.009929
1.009587
1.009238
1.008913
1.008577
1.008238
1.007894
1.007565
1.007226
1.006888
1.006542
1.006222
1.005883
1.005547
1.005201
1.004880
1.004539
1.004202
1.003861
1.003538
1.003198
1.002870
1.002526
1.002205
1.001865
1.001538
1.001191
1.000869
1.000541
1.000209
0.999859
0.999544
0.999210
0.998881
0.998541
0.998221
0.997887
0.997560
0.997215
0.996895
0.996568
0.996237
0.995901
0.995579
0.995252
0.994925
0.994581
0.994265
0.993939
0.993612
0.993274
0.992956
0.992622
0.992303
0.991958
0.991645
0.991317
0.990998
0.990664
0.990341
0.990017
0.989696
0.989353
0.989043
0.988719
0.988396
0.988058
0.987749
0.987424
0.987103
0.986766
0.986457
0.986133
0.985810
0.985479
0.985163
0.984843
0.984522
0.984190
0.983879
0.983555
0.983236
0.982904
0.982591
0.982275
0.981951
0.981619
0.981315
0.980994
0.980672
0.980348
0.980036
0.979716
0.979404
0.979068
0.978768
0.978445
0.978130
0.977804
0.977493
0.977179
0.976861
0.976535
0.976227
0.975907
0.975595
0.975274
0.974965
0.974648
0.974331
0.974008
0.973708
0.973387
0.973076
0.972756
0.972448
0.972136
0.971818
0.971498
0.971194
0.970878
0.970567
0.970250
0.969946
0.969633
0.969318
0.969001
0.968697
0.968385
0.968076
0.967751
0.967451
0.967143
0.966831
0.966515
0.966212
0.965903
0.965594
0.965270
0.964977
0.964661
0.964353
0.964040
0.963737
0.963430
0.963125
0.962809
0.962507
0.962201
0.961896
0.961576
0.961278
0.960972
0.960668
0.960353
0.960056
0.959750
0.959444
0.959123
0.958831
0.958526
0.958222
0.957911
0.957616
0.957309
0.957007
0.956687
0.956401
0.956095
0.955794
0.955480
0.955184
0.954882
0.954577
0.954268
0.953974
0.953673
0.953375
0.953061
0.952773
0.952464
0.952169
0.951860
0.951569
0.951267
0.950966
0.950660
0.950364
0.950062
0.949767
0.949460
0.949170
0.948868
0.948570
0.948265
0.947976
0.947673
0.947379
0.947074
0.946783
0.946485
0.946190
0.945884
0.945597
0.945295
0.945000
0.944700
0.944412
0.944111
0.943817
0.943517
0.943226
0.942929
0.942634
0.942334
0.942045
0.941753
0.941457
0.941158
0.940871
0.940577
0.940280
0.939983
0.939696
0.939400
0.939106
0.938811
0.938526
0.938234
0.937942
0.937639
0.937359
0.937065
0.936773
0.936474
0.936194
0.935904
0.935612
0.935315
0.935034
0.934742
0.934448
0.934152
0.933876
0.933584
0.933294
0.932997
0.932717
0.932429
0.932136
0.931837
0.931564
0.931270
0.930989
0.930692
0.930414
0.930125
0.929841
0.929544
0.929264
0.928963
0.928693
0.928392
0.928123
0.927836
0.927546
0.927250
0.926980
0.926689
0.926407
0.926116
0.925838
0.925548
0.925271
0.924976
0.924704
0.924419
0.924137
0.923845
0.923568
0.923279
0.923005
0.922710
0.922439
0.922156
0.921872
0.921578
0.921310
0.921026
0.920744
0.920460
0.920187
0.919905
0.919623
0.919330
0.919064
0.918780
0.918499
0.918211
0.917942
0.917659
0.917382
0.917091
0.916827
0.916547
0.916268
0.915979
0.915709
0.915431
0.915155
0.914864
0.914600
0.914319
0.914044
0.913759
0.913487
0.913209
0.912934
0.912648
0.912384
0.912104
0.911833
0.911548
0.911281
0.911001
0.910726
0.910444
0.910179
0.909900
0.909628
0.909342
0.909082
0.908806
0.908533
0.908251
0.907986
0.907709
0.907440
0.907153
0.906895
0.906618
0.906345
0.906068
0.905802
0.905528
0.905258
0.904975
0.904715
0.904437
0.904172
0.903888
0.903628
0.903355
0.903085
0.902803
0.902546
0.902270
0.902005
0.901726
0.901465
0.901197
0.900925
0.900650
0.900387
0.900117
0.899847
0.899574
0.899314
0.899044
0.898778
0.898499
0.898240
0.897971
0.897707
0.897430
0.897171
0.896900
0.896638
0.896364
0.896106
0.895833
0.895573
0.895298
0.895038
0.894772
0.894505
0.894232
0.893979
0.893711
0.893447
0.893174
0.892919
0.892651
0.892385
0.892117
0.891863
0.891593
0.891335
0.891056
0.890807
0.890542
0.890278
0.890007
0.889755
0.889491
0.889226
0.888954
0.888704
0.888439
0.888177
0.887904
0.887659
0.887396
0.887134
0.886861
0.886613
