1.61888
1.61895
2.11898
2.61925
3.12063
3.64755
4.11898
4.62065
5.11998
5.65326
6.11898
6.62215
7.12073
7.66027
8.11905
8.62219
9.12079
9.65813
10.1191
10.6215
11.1215
11.6582
12.119
12.6238
13.1209
13.6611
14.1191
14.6234
15.1215
15.6487
16.119
16.6227
17.1207
17.657
18.1595
18.633
19.1212
19.6603
20.119
20.6233
21.12
21.6677
22.119
22.6222
23.1222
23.6767
24.119
24.6244
25.1205
25.6621
26.1191
26.625
27.1236
27.6724
28.1191
28.6241
29.1241
29.6537
30.1203
30.6299
31.119
31.6576
32.1205
32.637
33.1284
33.6606
34.1214
34.6538
35.1192
35.6468
36.1209
36.6439
37.119
37.6437
38.1226
38.6371
39.119
39.655
40.119
40.6232
41.1475
41.6735
42.1191
42.623
43.1201
43.6461
44.1221
44.6441
45.1198
45.6584
46.12
46.6244
47.12
47.6522
48.1203
48.6303
49.1202
49.6718
50.1255
50.6318
51.1602
51.6541
52.1286
52.6416
53.1398
53.6675
54.123
54.6279
55.1349
55.6809
56.119
56.6272
57.1201
57.6836
58.1205
58.6705
59.1661
59.6671
60.1201
60.6556
61.1283
61.6962
62.1203
62.6343
63.1348
63.6927
64.123
64.6632
65.122
65.6949
66.1263
66.6375
67.1364
67.7071
68.1336
68.6777
69.1269
69.6949
70.1346
70.64
71.1353
71.6723
72.1351
72.6342
73.136
73.6726
74.1306
74.6365
75.1322
75.6776
76.1334
76.6369
77.1349
77.6921
78.1347
78.6372
79.1338
79.6937
80.137
80.6372
81.1595
81.6645
82.1358
82.6641
83.1361
83.6961
84.1432
84.6574
85.1536
85.6863
86.1438
86.6677
87.1376
87.6737
88.1368
88.6392
89.1363
89.6755
90.1369
90.6385
91.1374
91.7002
92.1379
92.6373
93.1385
93.6902
94.1367
94.6597
95.1345
95.6583
96.1387
96.6523
97.1356
97.6658
98.1372
98.6655
99.1381
99.6681
100.138
100.664
101.136
101.677
102.136
102.674
103.136
103.667
104.151
104.653
105.137
105.673
106.136
106.653
107.194
107.718
108.138
108.694
109.136
109.685
110.136
110.653
111.135
111.653
112.136
112.662
113.134
113.665
114.139
114.665
115.135
115.657
116.152
116.66
117.143
117.666
118.144
118.684
119.149
119.662
120.138
120.7
121.136
121.681
122.136
122.693
123.137
123.682
124.145
124.638
125.137
125.679
126.137
126.658
127.158
127.672
128.137
128.661
129.19
129.693
130.135
130.639
131.137
131.695
132.135
132.638
133.136
133.729
134.136
134.666
135.136
135.672
136.138
136.656
137.155
137.66
138.137
138.657
139.136
139.749
140.136
140.64
141.136
141.683
142.136
142.64
143.137
143.689
144.138
144.64
145.137
145.679
146.139
146.639
147.138
147.674
148.135
148.639
149.139
149.675
150.138
150.64
151.143
151.682
152.154
152.639
153.139
153.688
154.172
154.646
155.138
155.696
156.181
156.664
157.137
157.689
158.135
158.643
159.138
159.681
160.135
160.64
161.135
161.705
162.136
162.656
163.134
163.715
164.136
164.64
165.14
165.698
166.144
166.714
167.139
167.705
168.182
168.66
169.137
169.726
170.184
170.64
171.14
171.687
172.137
172.659
173.137
173.685
174.137
174.657
175.139
175.712
176.136
176.676
177.137
177.721
178.136
178.697
179.136
179.71
180.136
180.639
181.137
181.678
182.215
182.659
183.154
183.705
184.154
184.668
185.156
185.683
186.177
186.642
187.153
187.685
188.134
188.641
189.143
189.689
190.138
190.66
191.135
191.674
192.163
192.656
193.136
193.666
194.138
194.661
195.135
195.677
196.162
196.667
197.16
197.666
198.14
198.661
199.135
199.695
200.135
200.663
201.136
201.677
202.137
202.665
203.141
203.684
204.135
204.642
205.136
205.681
206.135
206.749
207.137
207.673
208.145
208.653
209.138
209.686
210.134
210.641
211.136
211.705
212.135
212.64
213.139
213.712
214.136
214.641
215.172
215.67
216.157
216.66
217.17
217.691
218.142
218.637
219.138
219.725
220.138
220.645
221.135
221.7
222.138
222.666
223.141
223.706
224.144
224.701
225.144
225.684
226.168
226.643
227.137
227.755
228.141
228.638
229.168
229.687
230.177
230.654
231.136
231.686
232.139
232.679
233.137
233.702
234.139
234.685
235.136
235.739
236.137
236.645
237.142
237.695
238.187
238.643
239.137
239.713
240.165
240.658
241.142
241.672
242.143
242.685
243.139
243.672
244.14
244.666
245.136
245.684
246.143
246.637
247.139
247.688
248.135
248.641
249.148
249.71
250.155
250.661
251.158
251.693
252.139
252.641
253.17
253.67
254.138
254.656
255.139
255.7
256.142
256.703
257.192
257.717
258.177
258.674
259.157
259.711
260.138
260.639
261.208
261.679
262.141
262.659
263.136
263.688
264.136
264.657
265.139
265.726
266.143
266.683
267.141
267.721
268.135
268.717
269.142
269.7
270.205
270.643
271.189
271.695
272.137
272.646
273.135
273.697
274.137
274.652
275.138
275.704
276.135
276.646
277.175
277.699
278.143
278.663
279.141
279.725
280.165
280.641
281.138
281.702
282.143
282.665
283.153
283.672
284.149
284.643
285.136
285.741
286.136
286.664
287.165
287.702
288.137
288.652
289.138
289.7
290.138
290.674
291.144
291.712
292.136
292.705
293.142
293.684
294.177
294.647
295.139
295.7
296.215
296.705
297.139
297.716
298.195
298.685
299.139
299.77
300.136
300.651
301.175
301.669
302.142
302.658
303.137
303.669
304.149
304.664
305.162
305.67
306.138
306.659
307.14
307.729
308.141
308.721
309.147
309.664
310.14
310.658
311.14
311.687
312.137
312.74
313.136
313.673
314.142
314.658
315.14
315.67
316.166
316.688
317.136
317.688
318.137
318.648
319.142
319.684
320.135
320.678
321.137
321.683
322.135
322.696
323.139
323.679
324.136
324.668
325.139
325.686
326.137
326.642
327.143
327.686
328.139
328.641
329.141
329.67
330.137
330.66
331.136
331.676
332.136
332.687
333.184
333.715
334.168
334.713
335.136
335.673
336.193
336.64
337.141
337.712
338.135
338.647
339.139
339.701
340.136
340.646
341.137
341.697
342.169
342.723
343.141
343.72
344.138
344.647
345.144
345.723
346.141
346.673
347.139
347.705
348.153
348.644
349.147
349.673
350.137
350.642
351.156
351.756
352.134
352.666
353.138
353.762
354.212
354.646
355.142
355.687
356.174
356.689
357.14
357.704
358.16
358.717
359.162
359.675
360.172
360.666
361.135
361.665
362.134
362.662
363.138
363.656
364.156
364.671
365.136
365.664
366.16
366.648
367.135
367.747
368.183
368.645
369.136
369.737
370.182
370.646
371.171
371.728
372.138
372.666
373.163
373.679
374.168
374.712
375.138
375.756
376.217
376.641
377.146
377.78
378.177
378.652
379.137
379.71
380.218
380.675
381.148
381.711
382.197
382.66
383.143
383.696
384.221
384.641
385.142
385.685
386.137
386.658
387.198
387.72
388.137
388.663
389.137
389.708
390.193
390.698
391.137
391.782
392.199
392.686
393.187
393.722
394.274
394.732
395.14
395.697
396.209
396.638
397.197
397.724
398.182
398.671
399.184
399.721
400.136
400.663
401.282
401.698
402.141
402.664
403.152
403.713
404.139
404.797
405.135
405.733
406.137
406.662
407.196
407.687
408.135
408.747
409.207
409.76
410.248
410.715
411.197
411.747
412.216
412.714
413.186
413.743
414.151
414.655
415.145
415.74
416.138
416.644
417.207
417.749
418.183
418.641
419.136
419.684
420.185
420.64
421.136
421.774
422.201
422.642
423.136
423.776
424.222
424.722
425.207
425.767
426.22
426.726
427.142
427.687
428.134
428.834
429.179
429.689
430.138
430.67
431.197
431.814
432.185
432.647
433.139
433.704
434.138
434.663
435.164
435.684
436.139
436.663
437.141
437.67
438.138
438.643
439.143
439.692
440.142
440.64
441.143
441.666
442.16
442.646
443.146
443.685
444.146
444.644
445.137
445.693
446.14
446.646
447.138
447.665
448.173
448.644
449.145
449.665
450.14
450.705
451.14
451.67
452.14
452.715
453.139
453.66
454.138
454.66
455.138
455.676
456.136
456.647
457.141
457.672
458.164
458.71
459.134
459.781
460.158
460.665
461.135
461.681
462.135
462.641
463.138
463.702
464.199
464.713
465.148
465.728
466.24
466.707
467.145
467.684
468.208
468.728
469.196
469.702
470.233
470.703
471.144
471.694
472.14
472.673
473.187
473.735
474.145
474.664
475.173
475.713
476.142
476.643
477.144
477.704
478.149
478.64
479.145
479.698
480.201
480.681
481.153
481.711
482.169
482.666
483.138
483.718
484.245
484.641
485.172
485.705
486.174
486.701
487.206
487.693
488.143
488.638
489.144
489.723
490.231
490.666
491.14
491.754
492.135
492.67
493.173
493.741
494.173
494.641
495.142
495.686
496.144
496.647
497.146
497.705
498.138
498.655
499.14
499.68
500.146
500.645
501.139
501.698
502.146
502.661
503.14
503.696
504.14
504.674
505.137
505.685
506.139
506.643
507.141
507.708
508.137
508.671
509.142
509.684
510.139
510.657
511.142
511.708
512.141
512.639
513.15
513.699
514.148
514.644
515.136
515.681
516.183
516.674
517.146
517.701
518.195
518.65
519.146
519.704
520.145
520.647
521.141
521.699
522.142
522.703
523.139
523.705
524.142
524.665
525.142
525.688
526.14
526.658
527.141
527.687
528.174
528.685
529.183
529.696
530.144
530.676
531.164
531.671
532.143
532.663
533.15
533.674
534.142
534.659
535.142
535.692
536.144
536.657
537.143
537.838
538.142
538.659
539.155
539.703
540.144
540.642
541.147
541.673
542.138
542.663
543.14
543.679
544.145
544.655
545.141
545.695
546.145
546.66
547.151
547.749
548.15
548.67
549.146
549.674
550.139
550.728
551.137
551.698
552.168
552.667
553.142
553.67
554.135
554.668
555.138
555.692
556.141
556.668
557.138
557.669
558.138
558.661
559.139
559.695
560.185
560.648
561.146
561.694
562.207
562.701
563.145
563.733
564.194
564.648
565.138
565.692
566.14
566.722
567.139
567.689
568.148
568.659
569.142
569.758
570.135
570.651
571.144
571.698
572.14
572.643
573.138
573.709
574.135
574.643
575.141
575.691
576.197
576.662
577.147
577.678
578.155
578.662
579.146
579.668
580.142
580.656
581.146
581.687
582.139
582.648
583.171
583.674
584.141
584.66
585.143
585.694
586.14
586.648
587.135
587.688
588.141
588.638
589.148
589.696
590.138
590.647
591.136
591.692
592.144
592.7
593.22
593.727
594.138
594.66
595.142
595.729
596.22
596.648
597.139
597.793
598.18
598.691
599.207
599.764
600.23
600.701
601.215
601.771
602.145
602.665
603.141
603.689
604.143
604.644
605.147
605.674
606.141
606.639
607.155
607.711
608.136
608.703
609.146
609.691
610.138
610.665
611.144
611.75
612.14
612.643
613.143
613.689
614.148
614.647
615.138
615.691
616.138
616.647
617.138
617.682
618.144
618.656
619.136
619.753
620.161
620.652
621.137
621.69
622.136
622.688
623.137
623.686
624.151
624.649
625.139
625.689
626.148
626.641
627.142
627.68
628.136
628.667
629.135
629.679
630.143
630.651
631.14
631.682
632.146
632.706
633.141
633.677
634.209
634.705
635.219
635.76
636.226
636.684
637.222
637.751
638.241
638.697
639.14
639.675
640.299
640.719
641.183
641.69
642.15
642.692
643.201
643.71
644.14
644.649
645.14
645.688
646.14
646.701
647.177
647.773
648.14
648.672
649.17
649.726
650.202
650.708
651.137
651.679
652.166
652.664
653.137
653.69
654.139
654.644
655.145
655.692
656.134
656.647
657.161
657.693
658.142
658.642
659.141
659.699
660.145
660.691
661.147
661.679
662.139
662.656
663.142
663.699
664.141
664.7
665.144
665.687
666.138
666.641
667.15
667.679
668.168
668.675
669.141
669.679
670.144
670.638
671.161
671.68
672.142
672.65
673.186
673.684
674.135
674.641
675.142
675.695
676.137
676.639
677.137
677.675
678.136
678.639
679.142
679.68
680.135
680.64
681.182
681.682
682.143
682.651
683.139
683.684
684.138
684.714
685.157
685.689
686.14
686.663
687.145
687.668
688.137
688.668
689.172
689.675
690.142
690.665
691.144
691.697
692.147
692.668
693.149
693.677
694.141
694.655
695.153
695.694
696.135
696.659
697.14
697.682
698.135
698.647
699.142
699.689
700.144
700.65
701.144
701.697
702.14
702.642
703.149
703.75
704.144
704.64
705.136
705.812
706.137
706.66
707.136
707.669
708.144
708.705
709.137
709.692
710.14
710.692
711.141
711.668
712.14
712.66
713.143
713.667
714.147
714.679
715.136
715.674
716.193
716.655
717.143
717.676
718.135
718.659
719.158
719.693
720.14
720.738
721.205
721.699
722.141
722.64
723.226
723.715
724.192
724.698
725.142
725.706
726.139
726.648
727.147
727.742
728.141
728.667
729.142
729.693
730.147
730.651
731.136
731.669
732.142
732.711
733.139
733.672
734.144
734.68
735.134
735.664
736.144
736.659
737.165
737.659
738.142
738.667
739.141
739.68
740.165
740.643
741.14
741.682
742.143
742.647
743.144
743.692
744.14
744.659
745.145
745.671
746.143
746.658
747.162
747.662
748.144
748.67
749.139
749.664
750.141
750.655
751.136
751.663
752.188
752.651
753.15
753.664
754.138
754.732
755.138
755.686
756.139
756.673
757.136
757.698
758.137
758.661
759.146
759.673
760.167
760.645
761.136
761.692
762.14
762.643
763.137
763.705
764.136
764.646
765.14
765.679
766.143
766.652
767.141
767.684
768.141
768.656
769.179
769.69
770.136
770.662
771.14
771.67
772.234
772.714
773.136
773.684
774.14
774.669
775.181
775.682
776.136
776.683
777.142
777.665
778.139
778.649
779.136
779.706
780.144
780.66
781.159
781.67
782.139
782.661
783.148
783.678
784.144
784.672
785.136
785.66
786.142
786.657
787.142
787.77
788.137
788.676
789.148
789.662
790.153
790.664
791.137
791.664
792.138
792.662
793.135
793.726
794.137
794.649
795.138
795.684
796.156
796.657
797.144
797.688
798.161
798.666
799.144
799.676
800.138
800.702
801.148
801.682
802.135
802.647
803.146
803.67
804.139
804.641
805.158
805.686
806.141
806.652
807.147
807.681
808.141
808.719
809.135
809.666
810.146
810.666
811.143
811.752
812.141
812.646
813.138
813.684
814.138
814.658
815.138
815.67
816.136
816.659
817.141
817.662
818.141
818.767
819.147
819.671
820.144
820.664
821.136
821.685
822.204
822.642
823.154
823.689
824.136
824.665
825.135
825.71
826.138
826.648
827.16
827.69
828.144
828.68
829.141
829.703
830.154
830.645
831.139
831.687
832.139
832.64
833.187
833.689
834.136
834.639
835.146
835.676
836.144
836.644
837.142
837.686
838.139
838.704
839.141
839.686
840.136
840.64
841.154
841.668
842.141
842.668
843.139
843.68
844.16
844.658
845.137
845.684
846.137
846.645
847.169
847.662
848.136
848.683
849.137
849.68
850.177
850.653
851.145
851.686
852.135
852.646
853.141
853.683
854.137
854.661
855.134
855.672
856.143
856.701
857.136
857.681
858.143
858.648
859.14
859.681
860.146
860.654
861.14
861.691
862.143
862.644
863.141
863.684
864.139
864.648
865.147
865.665
866.136
866.644
867.139
867.687
868.14
868.649
869.142
869.687
870.146
870.659
871.143
871.666
872.145
872.643
873.142
873.69
874.148
874.655
875.135
875.679
876.14
876.656
877.141
877.668
878.142
878.658
879.144
879.667
880.142
880.657
881.142
881.67
882.14
882.656
883.135
883.662
884.137
884.659
885.139
885.666
886.141
886.658
887.135
887.666
888.136
888.655
889.135
889.667
890.143
890.662
891.143
891.668
892.142
892.657
893.145
893.662
894.143
894.652
895.14
895.662
896.139
896.659
897.134
897.67
898.147
898.656
899.136
899.663
900.14
900.664
901.138
901.664
902.144
902.663
903.14
903.665
904.138
904.656
905.137
905.671
906.137
906.662
907.146
907.666
908.138
908.654
909.138
909.666
910.138
910.66
911.146
911.662
912.145
912.658
913.138
913.668
914.14
914.652
915.146
915.665
916.149
916.653
917.138
917.661
918.138
918.654
919.134
919.661
920.145
920.658
921.135
921.667
922.142
922.658
923.137
923.667
924.144
924.67
925.148
925.664
926.137
926.654
927.14
927.671
928.143
928.659
929.141
929.663
930.139
930.656
931.143
931.667
932.147
932.656
933.145
933.664
934.14
934.661
935.135
935.665
936.137
936.657
937.136
937.666
938.141
938.662
939.145
939.665
940.143
940.658
941.138
941.664
942.142
942.665
943.135
943.669
944.147
944.66
945.14
945.673
946.141
946.658
947.138
947.668
948.139
948.666
949.14
949.665
950.145
950.653
951.139
951.666
952.145
952.659
953.135
953.665
954.141
954.656
955.137
955.665
956.145
956.663
957.148
957.665
958.137
958.655
959.14
959.664
960.142
960.659
961.14
961.665
962.146
962.653
963.145
963.667
964.146
964.658
965.144
965.669
966.14
966.661
967.136
967.668
968.137
968.656
969.136
969.663
970.139
970.664
971.143
971.664
972.142
972.656
973.136
973.663
974.137
974.656
975.135
975.671
976.148
976.658
977.139
977.67
978.141
978.659
979.141
979.667
980.144
980.653
981.14
981.666
982.148
982.655
983.14
983.673
984.148
984.656
985.14
985.665
986.141
986.665
987.14
987.667
988.147
988.669
989.139
989.671
990.143
990.653
991.136
991.664
992.136
992.657
993.14
993.661
994.137
994.657
995.138
995.669
996.139
996.657
997.14
997.665
998.144
998.661
999.141
999.669
1000.14
1000.66
1001.14
1001.67
1002.14
1002.66
1003.15
1003.66
1004.14
1004.66
1005.14
1005.66
1006.14
1006.66
1007.14
1007.67
1008.14
1008.66
1009.14
1009.67
1010.14
1010.66
1011.15
1011.67
1012.14
1012.66
1013.14
1013.66
1014.14
1014.66
1015.13
1015.66
1016.15
1016.65
1017.13
1017.67
1018.14
1018.67
1019.14
1019.67
1020.15
1020.67
1021.14
1021.66
1022.14
1022.65
1023.13
1023.66
1024.14
1024.66
1025.14
1025.66
1026.14
1026.66
1027.14
1027.67
1028.14
1028.66
1029.14
1029.66
1030.15
1030.66
1031.14
1031.67
1032.14
1032.65
1033.14
1033.66
1034.15
1034.66
1035.14
1035.66
1036.14
1036.66
1037.14
1037.67
1038.14
1038.66
1039.14
1039.66
1040.14
1040.66
1041.14
1041.66
1042.14
1042.65
1043.14
1043.67
1044.14
1044.67
1045.14
1045.67
1046.14
1046.65
1047.14
1047.67
1048.14
1048.66
1049.13
1049.67
1050.14
1050.65
1051.14
1051.66
1052.14
1052.66
1053.13
1053.67
1054.14
1054.66
1055.14
1055.66
1056.14
1056.66
1057.13
1057.67
1058.15
1058.66
1059.14
1059.67
1060.14
1060.66
1061.14
1061.66
1062.15
1062.66
1063.13
1063.67
1064.14
1064.66
1065.14
1065.66
1066.14
1066.66
1067.15
1067.66
1068.14
1068.65
1069.14
1069.67
1070.14
1070.66
1071.13
1071.67
1072.15
1072.66
1073.14
1073.67
1074.14
1074.66
1075.14
1075.67
1076.15
1076.65
1077.14
1077.67
1078.14
1078.66
1079.14
1079.66
1080.15
1080.66
1081.13
1081.67
1082.15
1082.65
1083.14
1083.67
1084.14
1084.66
1085.15
1085.66
1086.14
1086.66
1087.14
1087.67
1088.14
1088.66
1089.14
1089.67
1090.14
1090.66
1091.14
1091.67
1092.15
1092.66
1093.14
1093.66
1094.14
1094.66
1095.14
1095.67
1096.14
1096.65
1097.14
1097.67
1098.15
1098.66
1099.14
1099.67
1100.14
1100.66
1101.14
1101.66
1102.15
1102.65
1103.14
1103.67
1104.14
1104.66
1105.14
1105.66
1106.14
1106.66
1107.14
1107.67
1108.14
1108.65
1109.14
1109.67
1110.14
1110.65
1111.14
1111.67
1112.14
1112.66
1113.14
1113.66
1114.14
1114.66
1115.14
1115.66
1116.14
1116.66
1117.14
1117.66
1118.14
1118.66
1119.14
1119.67
1120.14
1120.66
1121.14
1121.66
1122.15
1122.65
1123.14
1123.67
1124.15
1124.66
1125.14
1125.67
1126.14
1126.66
1127.14
1127.67
1128.14
1128.65
1129.13
1129.66
1130.14
1130.66
1131.14
1131.67
1132.14
1132.66
1133.14
1133.66
1134.14
1134.66
1135.14
1135.66
1136.14
1136.67
1137.14
1137.66
1138.14
1138.66
1139.14
1139.66
1140.14
1140.66
1141.13
1141.66
1142.14
1142.66
1143.15
1143.67
1144.14
1144.66
1145.15
1145.67
1146.14
1146.66
1147.14
1147.66
1148.14
1148.66
1149.14
1149.66
1150.14
1150.66
1151.14
1151.66
1152.14
1152.65
1153.14
1153.67
1154.14
1154.66
1155.14
1155.66
1156.14
1156.66
1157.14
1157.67
1158.14
1158.66
1159.14
1159.66
1160.14
1160.66
1161.14
1161.67
1162.14
1162.66
1163.15
1163.67
1164.14
1164.66
1165.14
1165.66
1166.14
1166.65
1167.13
1167.67
1168.14
1168.65
1169.14
1169.67
1170.14
1170.65
1171.14
1171.67
1172.15
1172.67
1173.13
1173.66
1174.14
1174.66
1175.15
1175.66
1176.14
1176.67
1177.15
1177.66
1178.14
1178.66
1179.14
1179.68
1180.14
1180.66
1181.14
1181.66
1182.14
1182.66
1183.14
1183.67
1184.14
1184.65
1185.14
1185.67
1186.14
1186.66
1187.14
1187.66
1188.14
1188.65
1189.14
1189.67
1190.14
1190.65
1191.14
1191.67
1192.14
1192.66
1193.14
1193.66
1194.14
1194.66
1195.14
1195.67
1196.14
1196.66
1197.14
1197.67
1198.14
1198.67
1199.13
1199.67
1200.15
1200.66
1201.15
1201.66
1202.14
1202.66
1203.14
1203.67
1204.15
1204.67
1205.14
1205.67
1206.14
1206.66
1207.14
1207.66
1208.14
1208.66
1209.14
1209.66
1210.15
1210.65
1211.14
1211.67
1212.15
1212.66
1213.14
1213.66
1214.14
1214.66
1215.14
1215.67
1216.14
1216.65
1217.14
1217.66
1218.15
1218.66
1219.14
1219.66
1220.14
1220.65
1221.14
1221.67
1222.14
1222.66
1223.14
1223.67
1224.15
1224.66
1225.13
1225.66
1226.14
1226.66
1227.14
1227.67
1228.15
1228.65
1229.14
1229.67
1230.14
1230.66
1231.14
1231.67
1232.14
1232.66
1233.14
1233.67
1234.14
1234.65
1235.14
1235.66
1236.14
1236.66
1237.14
1237.67
1238.14
1238.65
1239.14
1239.67
1240.14
1240.67
1241.15
1241.67
1242.15
1242.66
1243.14
1243.66
1244.14
1244.66
1245.14
1245.67
1246.15
1246.66
1247.14
1247.67
1248.14
1248.66
1249.14
1249.66
1250.14
1250.66
1251.14
1251.66
1252.14
1252.66
1253.14
1253.66
1254.14
1254.67
1255.15
1255.66
1256.14
1256.67
1257.14
1257.66
1258.14
1258.65
1259.14
1259.66
1260.15
1260.66
1261.14
1261.67
1262.14
1262.66
1263.14
1263.67
1264.14
1264.66
1265.15
1265.67
1266.14
1266.66
1267.14
1267.66
1268.14
1268.67
1269.14
1269.66
1270.14
1270.65
1271.14
1271.67
1272.14
1272.66
1273.15
1273.67
1274.14
1274.66
1275.14
1275.66
1276.14
1276.66
1277.13
1277.67
1278.15
1278.66
1279.14
1279.67
1280.14
1280.65
1281.14
1281.66
1282.14
1282.67
1283.14
1283.66
1284.14
1284.66
1285.13
1285.67
1286.14
1286.66
1287.13
1287.66
1288.14
1288.66
1289.14
1289.67
1290.14
1290.66
1291.14
1291.67
1292.15
1292.65
1293.14
1293.67
1294.14
1294.66
1295.14
1295.67
1296.14
1296.66
1297.14
1297.67
1298.14
1298.66
1299.13
1299.66
1300.14
1300.67
1301.15
1301.67
1302.14
1302.66
1303.14
1303.67
1304.14
1304.66
1305.14
1305.67
1306.15
1306.66
1307.14
1307.67
1308.14
1308.66
1309.14
1309.66
1310.14
1310.66
1311.15
1311.67
1312.14
1312.65
1313.14
1313.66
1314.14
1314.65
1315.14
1315.66
1316.14
1316.66
1317.14
1317.66
1318.14
1318.65
1319.14
1319.67
1320.14
1320.67
1321.14
1321.66
1322.14
1322.65
1323.14
1323.67
1324.14
1324.67
1325.13
1325.67
1326.14
1326.65
1327.14
1327.67
1328.14
1328.66
1329.14
1329.66
1330.14
1330.66
1331.14
1331.66
1332.14
1332.66
1333.15
1333.66
1334.14
1334.66
1335.14
1335.66
1336.14
1336.66
1337.14
1337.66
1338.15
1338.66
1339.14
1339.67
1340.15
1340.66
1341.14
1341.67
1342.14
1342.66
1343.14
1343.67
1344.14
1344.66
1345.14
1345.67
1346.14
1346.65
1347.14
1347.67
1348.14
1348.67
1349.14
1349.67
1350.14
1350.65
1351.14
1351.67
1352.14
1352.66
1353.14
1353.66
1354.14
1354.66
1355.13
1355.66
1356.14
1356.66
1357.14
1357.67
1358.14
1358.66
1359.14
1359.66
1360.14
1360.66
1361.14
1361.66
1362.14
1362.65
1363.14
1363.67
1364.14
1364.67
1365.13
1365.67
1366.15
1366.66
1367.14
1367.66
1368.14
1368.66
1369.14
1369.67
1370.14
1370.65
1371.14
1371.67
1372.14
1372.65
1373.13
1373.67
1374.15
1374.65
1375.14
1375.67
1376.14
1376.65
1377.14
1377.66
1378.14
1378.67
1379.13
1379.67
1380.15
1380.66
1381.14
1381.67
1382.14
1382.66
1383.14
1383.67
1384.14
1384.65
1385.14
1385.67
1386.15
1386.65
1387.14
1387.67
1388.14
1388.65
1389.13
1389.67
1390.14
1390.66
1391.14
1391.67
1392.14
1392.66
1393.14
1393.67
1394.14
1394.65
1395.14
1395.66
1396.14
1396.66
1397.15
1397.66
1398.15
1398.66
1399.14
1399.66
1400.14
1400.66
1401.14
1401.67
1402.15
1402.66
1403.14
1403.67
1404.15
1404.65
1405.15
1405.67
1406.14
1406.66
1407.14
1407.67
1408.14
1408.65
1409.14
1409.66
1410.14
1410.66
1411.14
1411.67
1412.14
1412.66
1413.14
1413.66
1414.14
1414.66
1415.14
1415.67
1416.15
1416.65
1417.14
1417.67
1418.15
1418.66
1419.14
1419.67
1420.14
1420.67
1421.14
1421.67
1422.14
1422.66
1423.13
1423.67
1424.14
1424.65
1425.14
1425.67
1426.14
1426.65
1427.14
1427.66
1428.14
1428.66
1429.15
1429.66
1430.15
1430.66
1431.14
1431.67
1432.14
1432.66
1433.14
1433.67
1434.15
1434.65
1435.14
1435.66
1436.14
1436.66
1437.14
1437.67
1438.14
1438.66
1439.15
1439.67
1440.14
1440.65
1441.14
1441.67
1442.14
1442.66
1443.13
1443.67
1444.14
1444.65
1445.14
1445.66
1446.14
1446.65
1447.14
1447.67
1448.14
1448.66
1449.14
1449.67
1450.14
1450.65
1451.13
1451.67
1452.14
1452.65
1453.14
1453.68
1454.14
1454.67
1455.14
1455.67
1456.15
1456.67
1457.13
1457.66
1458.14
1458.66
1459.14
1459.66
1460.14
1460.67
1461.15
1461.67
1462.14
1462.66
1463.14
1463.66
1464.14
1464.66
1465.15
1465.67
1466.14
1466.66
1467.14
1467.66
1468.14
1468.65
1469.14
1469.67
1470.14
1470.65
1471.14
1471.67
1472.14
1472.66
1473.14
1473.67
1474.14
1474.66
1475.14
1475.66
1476.14
1476.65
1477.14
1477.67
1478.14
1478.66
1479.14
1479.67
1480.14
1480.66
1481.14
1481.67
1482.14
1482.66
1483.14
1483.66
1484.14
1484.66
1485.14
1485.67
1486.14
1486.66
1487.15
1487.67
1488.14
1488.66
1489.13
1489.66
1490.14
1490.66
1491.14
1491.67
1492.14
1492.66
1493.14
1493.66
1494.14
1494.66
1495.14
1495.66
1496.14
1496.65
1497.14
1497.67
1498.14
1498.66
1499.13
1499.66
1500.14
1500.66
1501.13
1501.67
1502.15
1502.66
1503.14
1503.67
1504.14
1504.66
1505.14
1505.67
1506.14
1506.66
1507.14
1507.66
1508.14
1508.67
1509.14
1509.67
1510.14
1510.66
1511.14
1511.67
1512.14
1512.66
1513.14
1513.67
1514.14
1514.66
1515.14
1515.66
1516.14
1516.66
1517.14
1517.66
1518.14
1518.66
1519.14
1519.68
1520.14
1520.67
1521.15
1521.67
1522.14
1522.65
1523.15
1523.67
1524.14
1524.67
1525.14
1525.67
1526.14
1526.66
1527.14
1527.66
1528.14
1528.66
1529.14
1529.66
1530.14
1530.65
1531.14
1531.66
1532.14
1532.66
1533.14
1533.67
1534.14
1534.66
1535.15
1535.66
1536.15
1536.67
1537.14
1537.67
1538.15
1538.66
1539.14
1539.67
1540.14
1540.67
1541.14
1541.67
1542.14
1542.65
1543.14
1543.66
1544.14
1544.66
1545.14
1545.67
1546.14
1546.65
1547.14
1547.67
1548.14
1548.66
1549.13
1549.67
1550.14
1550.65
1551.14
1551.67
1552.14
1552.66
1553.14
1553.67
1554.14
1554.65
1555.14
1555.66
1556.14
1556.65
1557.14
1557.66
1558.14
1558.66
1559.14
1559.66
1560.14
1560.65
1561.14
1561.66
1562.14
1562.66
1563.13
1563.67
1564.15
1564.66
1565.14
1565.67
1566.14
1566.65
1567.14
1567.66
1568.14
1568.66
1569.14
1569.67
1570.14
1570.66
1571.14
1571.66
1572.14
1572.67
1573.14
1573.67
1574.14
1574.66
1575.14
1575.67
1576.14
1576.67
1577.14
1577.66
1578.14
1578.66
1579.14
1579.67
1580.15
1580.66
1581.14
1581.67
1582.14
1582.66
1583.13
1583.67
1584.14
1584.65
1585.14
1585.66
1586.14
1586.65
1587.14
1587.67
1588.14
1588.66
1589.14
1589.67
1590.14
1590.66
1591.14
1591.67
1592.14
1592.65
1593.14
1593.66
1594.14
1594.66
1595.14
1595.67
1596.14
1596.65
1597.14
1597.67
1598.14
1598.65
1599.14
1599.67
1600.14
1600.66
1601.14
1601.66
1602.14
1602.65
1603.14
1603.66
1604.15
1604.66
1605.14
1605.67
1606.15
1606.66
1607.14
1607.66
1608.14
1608.66
1609.14
1609.67
1610.14
1610.66
1611.14
1611.66
1612.14
1612.65
1613.14
1613.66
1614.15
1614.66
1615.13
1615.66
1616.14
1616.66
1617.14
1617.66
1618.14
1618.67
1619.14
1619.67
1620.14
1620.66
1621.14
1621.67
1622.14
1622.66
1623.14
1623.69
1624.14
1624.67
1625.13
1625.66
1626.14
1626.67
1627.14
1627.67
1628.14
1628.65
1629.14
1629.68
1630.14
1630.66
1631.14
1631.66
1632.14
1632.65
1633.14
1633.68
1634.14
1634.66
1635.14
1635.66
1636.14
1636.67
1637.14
1637.67
1638.15
1638.65
1639.14
1639.66
1640.14
1640.66
1641.13
1641.67
1642.14
1642.66
1643.14
1643.67
1644.14
1644.66
1645.14
1645.66
1646.14
1646.66
1647.14
1647.67
1648.14
1648.67
1649.14
1649.67
1650.14
1650.66
1651.14
1651.67
1652.14
1652.66
1653.14
1653.67
1654.14
1654.66
1655.14
1655.67
1656.14
1656.66
1657.14
1657.67
1658.14
1658.67
1659.14
1659.66
1660.14
1660.65
1661.14
1661.67
1662.14
1662.66
1663.13
1663.67
1664.14
1664.65
1665.14
1665.67
1666.14
1666.66
1667.14
1667.67
1668.14
1668.66
1669.14
1669.67
1670.14
1670.67
1671.14
1671.67
1672.14
1672.66
1673.14
1673.66
1674.14
1674.66
1675.14
1675.67
1676.15
1676.66
1677.14
1677.67
1678.14
1678.66
1679.14
1679.67
1680.14
1680.66
1681.14
1681.67
1682.14
1682.65
1683.14
1683.67
1684.14
1684.66
1685.14
1685.67
1686.15
1686.66
1687.14
1687.67
1688.14
1688.66
1689.14
1689.67
1690.15
1690.66
1691.14
1691.67
1692.14
1692.67
1693.14
1693.67
1694.14
1694.66
1695.14
1695.66
1696.14
1696.67
1697.14
1697.67
1698.15
1698.67
1699.14
1699.66
1700.14
1700.67
1701.14
