0.006909
0.004309
0.004490
0.007149
0.007067
0.004585
0.003916
0.005177
0.005181
0.005901
0.003700
0.004111
0.005200
0.006145
0.006091
0.006173
0.007106
0.005722
0.004182
0.006354
0.004301
0.004129
0.004304
0.004275
0.003991
0.003229
0.004153
0.004002
0.004250
0.003573
0.004003
0.004282
0.002633
0.003358
0.004364
0.003315
0.004134
0.003775
0.004625
0.003656
0.007939
0.007190
0.007120
0.006105
0.010287
0.005898
0.004438
0.004884
0.005164
0.005336
0.005302
0.004288
0.004566
0.004412
0.004582
0.005211
0.004392
0.005036
0.004396
0.007047
0.005244
0.002833
0.002640
0.003081
0.005933
0.005826
0.004942
0.004635
0.003625
0.005597
0.004604
0.005013
0.006285
0.005163
0.003157
0.003276
0.003102
0.005275
0.003564
0.003742
0.004431
0.004748
0.004610
0.003802
0.009628
0.009849
0.009715
0.009705
0.009794
0.009681
0.009710
0.009699
0.007733
0.007538
0.008229
0.007282
0.006189
0.006907
0.003109
0.002836
0.003983
0.009375
0.009422
0.009581
0.009441
0.009571
0.007889
0.006564
0.006998
0.009415
0.008089
0.008788
0.007209
0.006674
0.006985
0.005587
0.004468
0.003509
0.003367
0.003356
0.003345
0.005795
0.001216
