157.511719
157.511719
159.578125
166.312500
166.312500
166.312500
166.570312
166.570312
166.570312
166.570312
166.570312
166.570312
166.570312
166.570312
166.570312
166.570312
166.570312
166.570312
166.570312
166.570312
166.570312
166.570312
166.570312
166.570312
166.570312
166.570312
166.570312
166.570312
166.570312
166.570312
166.570312
166.570312
166.570312
166.570312
166.570312
166.570312
168.082031
168.082031
168.082031
168.082031
168.082031
168.082031
168.082031
168.082031
168.082031
168.082031
168.082031
168.082031
168.082031
168.082031
168.082031
168.082031
168.082031
168.082031
168.082031
168.082031
168.082031
168.082031
168.082031
168.082031
168.082031
168.082031
168.082031
168.082031
168.082031
168.082031
168.082031
168.082031
168.082031
168.082031
168.082031
168.082031
168.082031
168.082031
168.082031
168.082031
168.082031
168.082031
168.082031
168.082031
168.082031
168.082031
168.082031
168.082031
168.082031
168.082031
168.082031
168.082031
168.082031
168.082031
168.082031
168.082031
168.082031
168.082031
168.082031
168.082031
168.082031
168.082031
168.082031
168.082031
168.082031
168.082031
168.082031
168.082031
168.082031
168.082031
168.082031
168.082031
168.082031
168.082031
168.082031
168.082031
168.082031
168.082031
168.082031
168.082031
168.082031
168.082031
168.082031
168.082031
168.082031
168.082031
168.082031
168.082031
168.082031
168.082031
168.082031
168.082031
168.082031
168.082031
168.082031
168.082031
168.082031
168.082031
168.082031
168.082031
168.082031
168.082031
168.082031
168.082031
168.597656
168.597656
168.597656
168.597656
168.597656
168.597656
168.597656
168.597656
168.597656
168.597656
168.597656
168.597656
168.597656
168.597656
168.597656
168.597656
170.660156
170.660156
170.660156
170.660156
170.660156
170.660156
170.660156
170.660156
170.660156
170.660156
170.660156
170.660156
170.660156
170.660156
170.660156
170.660156
170.660156
170.660156
170.660156
170.660156
170.660156
170.660156
170.660156
170.660156
170.660156
170.660156
170.660156
170.660156
170.660156
170.660156
170.660156
170.660156
170.660156
170.660156
170.660156
170.660156
170.660156
170.660156
170.660156
170.660156
170.660156
170.660156
170.660156
170.660156
170.660156
170.660156
170.660156
170.660156
170.660156
170.660156
170.660156
170.660156
170.660156
170.660156
170.660156
170.660156
170.660156
170.660156
170.660156
170.660156
170.660156
170.660156
170.660156
170.660156
170.660156
170.660156
170.660156
