0.003975
0.001850
0.001823
0.002173
0.002259
0.002650
0.002811
0.002827
0.003034
0.002929
0.003117
0.003259
0.003376
0.002669
0.003344
0.003293
0.003289
0.003392
0.003291
0.002947
0.003788
0.002138
0.002311
0.002469
0.002229
0.002120
0.002216
0.002073
0.002174
0.002136
0.002716
0.002480
0.002655
0.002874
0.002468
0.002475
0.003025
0.003855
0.003969
0.003477
0.003410
0.003304
0.003544
0.003316
0.003749
0.003101
0.003612
0.003177
0.003218
0.003688
0.003174
0.003318
0.003460
0.003263
0.002854
0.002797
0.002621
0.002927
0.002662
0.002602
0.002731
0.002449
0.002527
0.002765
0.002323
0.002596
0.002757
0.002877
0.003157
0.004269
0.003796
0.003655
0.003788
0.003601
0.004541
0.004032
0.004445
0.003296
0.004675
0.003418
0.003214
0.002970
0.002967
0.002972
0.003283
0.003720
0.003300
0.003325
0.003816
0.003670
0.003784
0.003574
0.004025
0.004100
0.004145
0.003511
0.003701
0.003531
0.003118
0.003025
0.003171
0.003097
0.003191
0.004362
0.003189
0.003459
0.003364
0.003823
0.005168
0.004592
0.004223
0.006044
0.003114
0.003481
0.003369
0.002716
0.002855
0.002724
0.002861
0.002644
0.002357
0.007821
0.002272
