0.000000
0.000000
0.066667
0.600000
1.126667
1.726667
2.306314
3.207473
4.175579
5.170727
6.139784
7.135690
8.011755
8.969557
9.958647
10.943994
11.904092
12.813491
13.802048
14.793750
15.786715
16.775819
17.761458
18.684169
19.549417
20.533920
21.529676
22.519924
23.509595
24.512342
25.496974
26.545243
27.425994
27.926186
28.730197
29.714321
30.767518
31.634196
32.300444
33.137586
33.981196
34.765136
35.738392
36.728099
37.783611
38.774416
39.764998
40.708749
41.270381
41.870784
42.850717
43.841557
44.833885
45.832231
46.817731
47.815022
48.824767
49.879302
50.869885
51.852385
52.826981
53.802267
54.797144
55.782922
56.819845
57.809851
58.822513
59.729209
60.733422
61.748178
62.782062
63.784141
64.756898
65.643326
66.613270
67.420273
68.371049
69.419381
70.409499
71.268043
72.191943
73.112818
73.988353
74.394544
74.905560
75.817495
76.810979
77.801339
78.791884
79.776981
80.820389
81.676166
82.471929
83.382191
84.299565
85.284178
86.275527
87.318172
88.298808
89.278886
90.165728
91.137456
92.129600
93.175002
94.142673
94.664562
94.945760
95.700883
96.689506
97.675098
98.730893
99.718477
100.701546
101.665008
102.202153
102.493252
103.364602
104.335880
105.319291
106.306761
107.296093
108.263791
109.115733
110.191572
111.205013
112.192649
113.175332
114.170384
115.064137
116.010747
117.065995
118.016167
118.529355
118.971827
119.792138
120.771896
121.818869
122.814188
123.804681
124.793242
125.783765
126.774337
127.790687
129.133564
130.159189
131.161581
132.147901
133.129808
134.114726
135.150114
135.899590
136.660793
137.481178
138.421047
139.410419
140.404852
141.461683
142.452325
143.434082
144.425072
145.395873
146.376175
147.368627
148.401521
149.397539
150.338331
151.011656
151.507502
152.069394
152.249643
152.249643
152.249643
152.249643
152.249643
152.249643
152.249643
152.249643
152.249643
152.249643
152.249643
152.249643
152.249643
152.249643
152.249643
152.249643
152.249643
152.249643
152.249643
152.249643
152.249643
152.249643
152.249643
152.249643
152.249643
152.249643
152.249643
152.249643
152.249643
152.249643
152.249643
152.249643
152.249643
152.249643
152.249643
152.249643
152.249643
152.249643
152.249643
152.249643
152.249643
152.249643
152.249643
152.249643
152.249643
152.249643
152.249643
152.249643
152.249643
152.249643
152.249643
152.249643
152.249643
152.249643
