2.08456
2.58454
3.08464
3.5846
4.09544
4.58469
5.08463
5.59561
6.09988
6.58477
7.08466
7.58477
8.09691
8.58459
9.08459
9.58453
10.102
10.5845
11.0847
11.5845
12.1004
12.5847
13.0846
13.5847
14.1
14.5848
15.0847
15.5847
16.098
16.5846
17.0846
17.5847
18.0945
18.5847
19.0847
19.5846
20.0971
20.5846
21.0846
21.5847
22.0983
22.5846
23.0846
23.5846
24.0979
24.5846
25.0846
25.5847
26.0909
26.5847
27.0847
27.5849
28.0932
28.5846
29.0846
29.5847
30.0965
30.5846
31.0851
31.5848
32.0973
32.5846
33.0846
33.5846
34.0969
34.5846
35.0846
35.5868
36.0943
36.5846
37.0847
37.5847
38.0955
38.5846
39.0846
39.5847
40.0858
40.5846
41.0972
41.5846
42.0954
42.5847
43.0847
43.5845
44.086
44.5845
45.0847
45.5846
46.0861
46.5847
47.0846
47.5848
48.1004
48.5846
49.0846
49.5846
50.0981
50.5851
51.0846
51.5846
52.0965
52.5846
53.0914
53.5847
54.0855
54.5846
55.0931
55.5846
56.0889
56.5852
57.0846
57.5847
58.0985
58.5846
59.0846
59.5846
60.0845
60.5846
61.0846
61.5847
62.0981
62.5847
63.0852
63.5846
64.0892
64.5847
65.0846
65.5846
66.0868
66.5846
67.0847
67.5847
68.0978
68.5846
69.0846
69.5846
70.099
70.5846
71.0846
71.5846
72.0852
72.5846
73.0848
73.5845
74.0927
74.5847
75.0846
75.5846
76.0875
76.5846
77.0846
77.5846
78.1027
78.5847
79.0846
79.5846
80.0851
80.5847
81.0846
81.5933
82.0976
82.5846
83.0846
83.585
84.0959
84.6069
85.0871
85.5845
86.0947
86.5846
87.0846
87.5846
88.0973
88.5857
89.0848
89.585
90.0944
90.5845
91.0846
91.5847
92.0926
92.5845
93.0845
93.5845
94.0962
94.5846
95.0847
95.5846
96.0923
96.5848
97.0845
97.5846
98.0962
98.5845
99.0847
99.5847
100.099
100.585
101.085
101.585
102.095
102.585
103.085
103.585
104.094
104.587
105.088
105.585
106.087
106.585
107.085
107.585
108.084
108.585
109.085
109.585
110.096
110.585
111.085
111.585
112.097
112.585
113.085
