4.97183
5.51223
5.62433
6.42368
6.82362
7.85931
8.12953
8.26668
9.17351
9.75067
10.2545
10.9413
11.1962
11.8808
12.5359
12.663
12.936
13.4685
13.7313
14.1359
15.5103
16.5218
17.0573
17.32
17.3466
17.3744
17.5699
17.6068
17.6411
19.0523
19.4631
19.4947
19.9887
20.6463
20.7698
22.1214
23.5062
23.5807
24.7695
25.0485
25.1841
26.5552
27.9283
29.3241
29.5825
30.9607
31.7235
32.1225
33.3708
33.4481
34.7824
35.0497
36.2608
36.389
37.6563
37.9886
39.2369
39.7303
39.8574
41.0473
41.0972
42.3473
42.3814
42.514
42.6532
44.0257
45.4165
45.9794
46.9269
48.3294
49.0697
49.1967
50.0428
50.2542
51.5369
51.7244
53.1069
53.7181
55.1085
56.3194
57.3248
57.8566
57.9776
58.2442
58.2822
59.6597
59.8473
59.892
59.9357
60.0709
60.2193
60.3561
61.7148
62.1336
62.918
63.4571
64.3755
64.5202
65.7132
66.2504
66.9646
67.1869
68.565
68.6096
68.6573
70.0329
71.4042
72.7832
74.158
74.9264
76.3087
77.6809
79.0555
80.4341
80.5276
81.5932
81.8444
82.7788
83.1844
83.5849
84.5096
84.6069
84.6326
