0.009843
0.007474
0.005818
0.009072
0.008709
0.006704
0.006702
0.008500
0.007332
0.009242
0.007699
0.007051
0.007391
0.008061
0.006466
0.008647
0.008593
0.006842
0.007662
0.009673
0.005924
0.007042
0.007394
0.006804
0.007042
0.005755
0.005304
0.008845
0.007509
0.009324
0.009145
0.010751
0.005114
0.005474
0.006875
0.007930
0.007134
0.006586
0.007051
0.006756
0.007280
0.007747
0.006349
0.006036
0.010303
0.007244
0.006835
0.008109
0.005295
0.007445
0.007110
0.006738
0.007652
0.006449
0.007245
0.008375
0.005541
0.007301
0.005701
0.007921
0.008681
0.010854
0.007885
0.006497
0.005664
0.007533
0.006718
0.008578
0.006945
0.006468
0.007822
0.005317
0.007733
0.007134
0.005340
0.006088
0.007416
0.008732
0.005629
0.008745
0.007599
0.008240
0.005581
0.004676
0.008307
0.008878
0.009928
0.008991
0.008518
0.010023
0.009515
0.009713
0.005275
0.007229
0.006643
0.007652
0.006754
0.008929
0.006196
0.007359
0.006988
0.013963
0.013273
0.010389
0.013098
0.012355
0.011965
0.012110
0.009202
0.009747
0.007383
0.006585
0.008612
0.007312
0.006258
0.006611
0.005623
0.007360
0.006958
0.007664
0.006466
0.011346
0.001812
