0.000000
0.000000
0.000000
0.000000
0.000000
32.447000
34.724000
38.376000
43.113000
58.029000
82.169000
91.676000
109.708000
124.629000
136.939000
143.598000
152.996000
167.472000
177.129000
184.488000
201.977000
220.701000
230.865000
239.674000
250.385000
259.047000
266.856000
273.595000
278.921000
283.188000
289.073000
295.875000
307.633000
318.299000
320.547000
320.684000
324.741000
338.472000
348.496000
356.594000
364.109000
365.119000
369.703000
371.970000
376.846000
383.422000
389.565000
393.593000
398.980000
400.683000
401.034000
401.136000
401.307000
401.398000
401.846000
401.878000
402.442000
404.171000
406.543000
408.655000
418.398000
435.463000
444.116000
447.083000
452.503000
456.873000
461.249000
465.122000
470.203000
474.774000
479.561000
483.141000
488.030000
493.042000
498.981000
503.846000
515.296000
528.070000
537.802000
543.901000
555.421000
560.708000
564.322000
565.901000
567.274000
567.511000
567.738000
567.836000
568.017000
570.382000
578.743000
581.002000
588.782000
598.075000
606.095000
616.710000
633.332000
650.145000
659.919000
665.549000
676.038000
683.750000
687.902000
691.041000
699.301000
705.538000
710.317000
710.737000
711.896000
712.467000
719.377000
724.115000
733.282000
742.237000
750.310000
756.797000
757.384000
757.533000
757.585000
757.640000
757.645000
759.124000
761.810000
762.579000
765.066000
771.446000
776.133000
778.986000
784.136000
788.810000
794.205000
801.174000
805.294000
808.733000
809.150000
809.307000
809.909000
810.174000
810.343000
810.397000
810.411000
810.412000
810.470000
810.470000
810.540000
811.032000
811.406000
812.014000
814.659000
815.985000
816.300000
816.326000
817.136000
817.137000
817.137000
817.141000
817.333000
817.445000
817.515000
819.936000
826.866000
831.568000
836.209000
840.446000
849.405000
853.640000
855.366000
856.360000
857.476000
857.769000
857.908000
857.920000
857.920000
857.920000
857.920000
857.920000
857.920000
857.920000
857.920000
857.920000
857.920000
857.920000
857.920000
857.920000
857.920000
857.920000
857.920000
857.920000
857.920000
857.920000
857.920000
857.920000
857.920000
857.920000
857.920000
857.920000
857.920000
857.920000
857.920000
857.920000
857.920000
857.920000
857.920000
857.920000
857.920000
857.920000
857.920000
857.920000
857.920000
857.920000
857.920000
857.920000
857.920000
857.920000
857.920000
857.920000
857.920000
857.920000
857.920000
857.920000
857.920000
857.920000
857.920000
857.920000
857.920000
