0.002970
0.004682
0.005069
0.005047
0.005833
0.007556
0.006474
0.004743
0.004090
0.005026
0.005046
0.006195
0.003714
0.004086
0.005002
0.005894
0.005143
0.004866
0.006400
0.005467
0.004742
0.004358
0.004261
0.003413
0.001770
0.003273
0.003036
0.003050
0.004746
0.004602
0.010629
0.004808
0.004869
0.004856
0.004803
0.004822
0.004851
0.004804
0.004804
0.004762
0.004776
0.004779
0.006109
0.005306
0.004859
0.005297
0.004303
0.005130
0.004727
0.004221
0.004275
0.004393
0.004296
0.004349
0.005293
0.005658
0.005173
0.005417
0.004791
0.004776
0.002209
0.002511
0.005575
0.005992
0.005089
0.005582
0.004639
0.005940
0.007005
0.009737
0.007957
0.007481
0.004540
0.003129
0.005020
0.009192
0.004524
0.005384
0.003161
0.004498
0.004197
0.004148
0.003947
0.004597
0.009623
0.010071
0.010056
0.010933
0.009944
0.009849
0.009891
0.009039
0.009155
0.008923
0.009137
0.009513
0.008816
0.008270
0.006242
0.004128
0.003002
0.007086
0.010400
0.009567
0.008481
0.008670
0.008268
0.008173
0.005613
0.006947
0.007651
0.004022
0.003947
0.003918
0.002965
0.003089
0.003301
0.004085
0.004544
0.004538
0.003928
0.004772
0.004130
0.003787
0.004086
0.004190
0.003285
0.004212
0.003759
0.003838
0.006011
0.002046
0.006875
0.006986
0.004082
0.007796
0.007878
0.002654
0.002998
0.003223
0.003601
0.005366
0.002916
0.004043
0.004875
0.004419
0.004359
0.003938
0.004294
0.003484
0.003100
0.003571
0.009477
0.004515
0.003926
0.005572
0.005153
0.010387
0.005463
0.009620
0.006542
0.008220
0.005294
0.004983
0.004905
0.004416
0.004307
0.004956
0.008471
0.008182
0.007011
0.006885
