158.128906
158.128906
160.191406
166.746094
167.003906
167.003906
167.003906
167.003906
167.003906
167.003906
167.003906
167.003906
167.003906
167.003906
167.003906
167.003906
167.003906
167.003906
167.003906
167.003906
167.003906
167.003906
167.003906
167.003906
167.003906
167.003906
167.003906
167.003906
167.003906
167.003906
167.003906
167.003906
167.003906
167.003906
167.003906
167.003906
168.515625
168.515625
168.515625
168.515625
168.515625
168.515625
168.515625
168.515625
168.515625
168.515625
168.515625
168.515625
168.515625
168.515625
168.515625
168.515625
168.515625
168.515625
168.515625
168.515625
168.515625
168.515625
168.515625
168.515625
168.515625
168.515625
168.515625
168.515625
168.515625
168.515625
168.515625
168.515625
168.515625
168.515625
168.515625
168.515625
168.515625
168.515625
168.515625
168.515625
168.515625
168.515625
168.515625
168.515625
168.515625
168.515625
168.515625
168.515625
168.515625
168.515625
168.515625
168.515625
168.515625
168.515625
168.515625
168.515625
168.515625
168.515625
168.515625
168.515625
168.515625
168.515625
168.515625
168.515625
168.515625
168.515625
168.515625
168.515625
168.515625
168.515625
168.515625
168.515625
168.515625
168.515625
168.515625
168.515625
168.515625
168.515625
168.515625
168.515625
168.515625
168.515625
168.515625
168.515625
168.515625
168.515625
168.515625
168.515625
168.515625
168.515625
168.515625
168.515625
168.515625
168.515625
168.515625
168.515625
168.515625
168.515625
168.515625
168.515625
168.515625
168.515625
168.515625
168.515625
168.515625
168.515625
168.515625
168.515625
168.515625
168.515625
168.515625
168.515625
168.515625
168.515625
168.515625
168.515625
168.515625
168.515625
168.515625
168.515625
168.515625
168.515625
168.515625
168.515625
168.515625
168.515625
168.515625
168.515625
168.515625
168.515625
168.515625
168.515625
168.515625
169.031250
169.031250
169.031250
169.031250
169.031250
169.031250
169.031250
169.031250
169.031250
169.031250
169.031250
169.031250
169.031250
169.031250
169.031250
169.031250
169.031250
169.031250
169.031250
169.031250
169.031250
169.031250
169.031250
169.031250
169.031250
169.031250
169.031250
169.031250
169.031250
169.031250
169.031250
169.031250
169.031250
169.031250
169.031250
169.031250
169.031250
169.031250
169.031250
169.031250
169.031250
169.031250
169.031250
169.031250
169.031250
169.031250
169.031250
169.031250
169.031250
169.031250
169.031250
169.031250
169.031250
169.031250
169.031250
169.031250
169.031250
169.031250
169.031250
169.031250
169.031250
169.031250
169.031250
169.031250
169.031250
169.031250
169.031250
