2.08291
2.58293
3.08294
3.60089
4.08296
4.583
5.08293
5.59974
6.08299
6.58282
7.08299
7.59751
8.0831
8.58331
9.08315
9.59246
10.0829
10.583
11.0834
11.599
12.0832
12.5829
13.0833
13.5979
14.083
14.583
15.0869
15.6005
16.0829
16.5829
17.0829
17.5961
18.083
18.5829
19.0838
19.5942
20.0829
20.5831
21.083
21.5886
22.0829
22.583
23.083
23.6007
24.0829
24.5829
25.083
25.5916
26.0828
26.5829
27.0831
27.5921
28.0829
28.5829
29.086
29.5877
30.0829
30.5829
31.0829
31.5891
32.0829
32.5829
33.0829
33.5829
34.0828
34.583
35.0829
35.6054
36.0828
36.5829
37.083
37.5969
38.0834
38.5829
39.0829
39.601
40.0829
40.5829
41.083
41.593
42.083
42.5829
43.083
43.5954
44.0829
44.5829
45.0829
45.5991
46.0828
46.5828
47.083
47.5982
48.0829
48.5832
49.0829
49.5979
50.0829
50.5828
51.1035
51.5884
52.0831
52.5829
53.0829
53.5912
54.083
54.5829
55.0829
55.5901
56.0828
56.5837
57.083
57.5829
58.0828
58.583
59.0829
59.5828
60.0829
60.5829
61.0829
61.597
62.083
62.5829
63.0829
63.5837
64.0829
64.5829
65.0829
65.6036
66.0829
66.5828
67.083
67.5974
68.0829
68.5829
69.0829
69.5876
70.0829
70.5829
71.0829
71.5853
72.0829
72.5829
73.0829
73.5989
74.0829
74.583
75.0829
75.5978
76.0829
76.5831
77.0829
77.5883
78.0828
78.5829
79.0829
79.5876
80.0829
80.5829
81.0829
81.6079
82.0829
82.583
83.0829
83.6019
84.0829
84.5829
85.0829
85.5889
86.0829
86.5829
87.0828
87.5964
88.0828
88.5829
89.0829
89.5829
90.0829
90.5828
91.0829
91.5828
92.0829
92.5829
93.0829
93.5935
94.0829
94.5828
95.0829
95.5963
96.083
96.583
97.083
97.5975
98.0829
98.5829
99.0829
99.5916
100.083
100.583
101.083
101.588
102.083
102.583
103.083
103.594
104.083
104.583
105.083
105.594
106.083
106.583
107.083
107.594
108.083
108.583
109.083
109.589
110.083
110.583
111.083
111.596
112.085
112.585
113.084
113.59
114.085
114.585
115.084
115.59
116.085
116.584
117.083
117.584
118.083
118.583
119.083
119.597
