4.95051
5.49756
5.65611
5.89314
6.45205
6.57391
6.97153
7.88926
8.16811
8.28743
9.24125
9.77056
10.3149
10.9673
11.3704
11.6508
11.8889
13.2337
13.4918
13.6343
14.6907
15.0866
16.1495
16.6797
17.7375
17.7699
17.7979
17.8268
17.8688
17.9033
19.2896
19.3328
19.3681
19.3977
19.4275
19.4637
19.5
19.5292
19.5594
19.5935
19.6311
19.6621
21.026
21.3922
21.6166
22.8231
22.9572
24.2274
24.4237
24.5483
25.6814
25.8763
27.1197
27.3581
27.4843
28.7966
29.0852
29.3647
29.4773
30.4138
31.7529
31.8732
32.1511
33.53
34.9106
35.6322
36.5717
37.9493
38.5723
39.2434
40.1579
41.071
41.3644
42.7347
43.6273
43.755
43.8694
45.246
46.6186
47.7566
48.1521
48.2766
48.5521
48.676
48.8288
50.2144
50.3595
50.5218
50.6761
50.8356
50.9666
51.1034
51.2556
51.6179
52.7174
53.4785
53.6226
54.829
54.9583
55.0746
56.1477
56.2902
59.5464
60.9238
62.2761
62.5604
63.7639
65.1389
66.5372
66.5822
67.0787
67.6389
68.1474
69.4701
70.2755
71.6533
72.0191
72.1442
72.6813
73.4765
73.7521
73.8865
75.1457
75.4725
75.8843
76.2783
76.3045
77.4744
77.506
77.5329
77.5678
77.6019
77.6395
77.6792
77.7044
77.7458
77.7877
77.8218
77.8621
77.8959
77.9262
77.9619
77.9836
78.0222
78.8563
79.4665
79.5467
79.5743
79.6053
79.633
79.662
79.6935
79.7394
79.7737
81.1443
81.348
81.3765
81.4846
81.5218
81.5608
81.6078
82.9852
84.4183
85.8009
86.5475
86.6761
86.8252
88.2065
88.279
89.6496
91.0186
91.3456
