0.001888
0.002006
0.001883
0.002016
0.001989
0.002244
0.002345
0.002441
0.002747
0.002391
0.002660
0.003111
0.003015
0.003335
0.003572
0.003565
0.003769
0.003187
0.003391
0.003466
0.003693
0.003508
0.002910
0.002308
0.002639
0.003324
0.002181
0.002155
0.002023
0.001936
0.002918
0.002129
0.002141
0.002176
0.001991
0.002161
0.002210
0.002072
0.002002
0.002047
0.002410
0.002721
0.002611
0.002792
0.002766
0.003744
0.003071
0.003103
0.003960
0.003057
0.003358
0.003196
0.003186
0.002871
0.003035
0.002464
0.002795
0.002736
0.002924
0.002411
0.002443
0.002279
0.002655
0.003515
0.002292
0.002559
0.003177
0.003525
0.003705
0.003321
0.003352
0.004607
0.003480
0.004232
0.003235
0.003106
0.003194
0.003309
0.003214
0.003118
0.003082
0.003171
0.003758
0.003118
0.003383
0.003623
0.003359
0.005824
0.003585
0.003482
0.003692
0.003386
0.003722
0.003403
0.005409
0.003373
0.003274
0.003167
0.003044
0.003458
0.003006
0.001487
0.004130
0.006957
0.004026
0.003939
0.005063
0.003865
0.003267
0.003375
0.004323
0.003931
0.003656
0.003781
0.003774
0.003766
0.003774
0.003664
0.005865
0.003484
0.003684
0.003860
0.003412
0.003537
0.003660
0.003010
0.002701
0.003660
0.003557
0.003404
0.003345
0.003305
0.003415
0.003338
0.003577
0.003409
0.003492
0.003619
0.003576
0.003434
0.003643
0.003392
0.003299
0.003098
0.003433
0.003265
0.005291
0.003591
0.003070
0.003207
0.003437
0.003149
0.003001
0.002783
0.003056
0.002859
0.003022
0.005095
0.005087
0.003461
0.002703
0.005828
0.003100
0.004856
0.003977
0.003671
0.004048
0.007159
0.003512
0.003713
0.003819
0.003632
