0.006291
0.007234
0.008780
0.006545
0.007967
0.008508
0.008233
0.008644
0.005744
0.009050
0.006189
0.009265
0.007822
0.007448
0.006843
0.007006
0.007464
0.007881
0.004705
0.008044
0.009079
0.007768
0.005100
0.007364
0.007969
0.008217
0.007551
0.006348
0.010457
0.007757
0.011852
0.007627
0.007970
0.007597
0.007641
0.008041
0.008941
0.008373
0.008573
0.007420
0.007624
0.008400
0.006118
0.007622
0.005215
0.006784
0.005944
0.006761
0.006788
0.006472
0.007701
0.005256
0.006242
0.007396
0.008590
0.008830
0.006915
0.007780
0.007158
0.008313
0.007028
0.007197
0.005183
0.007075
0.005940
0.009429
0.006930
0.007824
0.005883
0.008637
0.009997
0.008177
0.009738
0.005300
0.007721
0.009275
0.006395
0.008810
0.006810
0.006616
0.008024
0.006827
0.007500
0.005636
0.009885
0.010609
0.009249
0.009120
0.010921
0.010908
0.011333
0.009345
0.009038
0.010174
0.008447
0.005959
0.008514
0.008479
0.009540
0.007599
0.008521
0.009338
0.012034
0.009691
0.008558
0.009800
0.007742
0.009783
0.007504
0.010575
0.008898
0.008453
0.006693
0.006060
0.004756
0.006499
0.006361
0.006970
0.008732
0.006767
0.008017
0.008441
0.006719
0.006053
0.005476
0.007126
0.007477
0.008520
0.010768
0.007576
0.010492
0.003969
0.011080
0.008935
0.006864
0.011373
0.010171
0.007554
0.004124
0.006995
0.006715
0.010793
0.005089
0.009726
0.009542
0.007832
0.007663
0.007326
0.005994
0.006899
0.005946
0.007332
0.010715
0.006793
0.007349
0.009575
0.008455
0.009134
0.006449
0.012824
0.010491
0.011368
0.008017
0.007396
0.007448
0.006965
0.008211
0.006003
0.009844
0.008457
0.007968
0.005155
