2.08285
2.5829
3.0829
3.60085
4.08283
4.58292
5.08283
5.59972
6.08288
6.5828
7.08291
7.59748
8.083
8.58321
9.08303
9.59243
10.0828
10.5829
11.0833
11.5989
12.0831
12.5828
13.0831
13.5979
14.0829
14.5829
15.0868
15.6005
16.0828
16.5828
17.0828
17.5961
18.0829
18.5828
19.0838
19.5942
20.0828
20.583
21.0829
21.5886
22.0828
22.5829
23.0829
23.6007
24.0828
24.5828
25.0829
25.5916
26.0828
26.5828
27.083
27.5921
28.0828
28.5828
29.0859
29.5877
30.0828
30.5828
31.0828
31.5891
32.0828
32.5828
33.0828
33.5828
34.0828
34.5829
35.0829
35.6054
36.0828
36.5829
37.0829
37.5968
38.0833
38.5829
39.0828
39.6009
40.0828
40.5828
41.0829
41.593
42.0829
42.5828
43.0829
43.5954
44.0828
44.5828
45.0828
45.599
46.0828
46.5828
47.0829
47.5982
48.0828
48.5832
49.0828
49.5978
50.0828
50.5828
51.1035
51.5884
52.0831
52.5828
53.0828
53.5912
54.0829
54.5828
55.0829
55.59
56.0828
56.5836
57.0829
57.5829
58.0828
58.5828
59.0828
59.5828
60.0828
60.5828
61.0828
61.597
62.0829
62.5828
63.0828
63.5836
64.0828
64.5828
65.0828
65.6035
66.0828
66.5828
67.083
67.5974
68.0828
68.5828
69.0828
69.5875
70.0828
70.5828
71.0828
71.5853
72.0828
72.5828
73.0828
73.5989
74.0828
74.5829
75.0828
75.5978
76.0828
76.5831
77.0828
77.5883
78.0828
78.5828
79.0828
79.5876
80.0828
80.5828
81.0828
81.6079
82.0828
82.5828
83.0828
83.6019
84.0828
84.5828
85.0828
85.5889
86.0829
86.5828
87.0828
87.5964
88.0828
88.5828
89.0828
89.5828
90.0828
90.5828
91.0828
91.5828
92.0828
92.5829
93.0828
93.5934
94.0828
94.5828
95.0828
95.5963
96.0829
96.5829
97.0829
97.5974
98.0829
98.5828
99.0828
99.5916
100.083
100.583
101.083
101.588
102.083
102.583
103.083
103.594
104.083
104.583
105.083
105.594
106.083
106.583
107.083
107.594
108.083
108.583
109.083
109.589
110.083
110.583
111.083
111.596
112.085
112.585
113.084
113.59
114.085
114.585
115.084
115.59
116.085
116.584
117.083
117.584
118.083
118.583
119.083
119.597
