0.000000
0.000000
0.000000
0.000000
0.000000
32.558000
33.810000
38.665000
43.344000
59.447000
78.863000
90.943000
105.039000
120.818000
130.426000
138.616000
147.878000
162.747000
170.698000
179.519000
194.844000
215.709000
224.933000
237.559000
248.972000
264.080000
269.942000
278.928000
283.922000
287.321000
291.601000
300.447000
303.774000
305.285000
307.241000
308.588000
309.093000
309.327000
309.477000
309.597000
311.080000
316.914000
320.961000
326.176000
330.930000
335.328000
339.091000
343.985000
348.659000
353.309000
356.807000
361.601000
366.850000
372.904000
378.171000
390.421000
402.484000
410.749000
415.952000
429.309000
435.386000
439.017000
440.672000
441.651000
441.795000
442.170000
442.216000
442.302000
443.509000
451.695000
455.389000
459.321000
468.748000
476.176000
486.545000
503.988000
521.570000
537.215000
541.811000
552.738000
564.325000
569.558000
572.246000
578.379000
585.741000
593.065000
594.402000
594.959000
595.154000
596.156000
597.738000
606.332000
613.124000
623.312000
629.658000
637.510000
640.345000
642.279000
642.648000
642.773000
642.921000
643.000000
643.018000
643.108000
646.792000
655.003000
657.697000
661.191000
666.618000
669.954000
673.491000
683.982000
684.677000
684.837000
684.896000
685.050000
685.076000
685.114000
685.123000
685.398000
686.135000
686.563000
687.051000
688.158000
689.713000
691.358000
693.409000
694.170000
694.185000
694.289000
694.686000
694.786000
694.842000
698.225000
703.070000
711.445000
716.207000
716.474000
725.603000
735.465000
736.365000
739.257000
748.899000
758.979000
766.090000
771.315000
775.727000
786.039000
795.811000
802.003000
806.078000
809.350000
812.121000
815.333000
816.606000
818.448000
821.553000
823.877000
825.120000
826.037000
826.392000
830.706000
831.880000
831.956000
832.040000
832.103000
832.757000
832.969000
833.215000
833.345000
833.345000
836.184000
839.117000
841.884000
845.587000
851.184000
853.078000
853.185000
853.650000
853.814000
853.890000
854.614000
855.711000
857.997000
858.451000
858.501000
858.501000
858.501000
858.501000
858.501000
858.501000
858.501000
858.501000
858.501000
858.501000
858.501000
858.501000
858.501000
858.501000
858.501000
858.501000
858.501000
858.501000
858.501000
858.501000
858.501000
858.501000
858.501000
858.501000
858.501000
858.501000
858.501000
858.501000
858.501000
858.501000
858.501000
858.501000
858.501000
858.501000
858.501000
858.501000
858.501000
858.501000
858.501000
858.501000
858.501000
858.501000
858.501000
858.501000
858.501000
858.501000
858.501000
858.501000
858.501000
858.501000
858.501000
858.501000
858.501000
