0.003481
0.004588
0.004268
0.004430
0.004622
0.006321
0.004683
0.004105
0.005042
0.005010
0.006031
0.003503
0.005262
0.007256
0.006795
0.005757
0.005714
0.004502
0.005484
0.004465
0.004446
0.004417
0.003954
0.003916
0.003985
0.005149
0.003721
0.003391
0.003319
0.005023
0.004801
0.003986
0.002777
0.004059
0.003008
0.004351
0.005994
0.004182
0.005168
0.006281
0.004366
0.005610
0.010540
0.009091
0.007810
0.006770
0.005005
0.004704
0.005449
0.005606
0.003479
0.004765
0.004758
0.003340
0.003660
0.003325
0.010315
0.005517
0.004059
0.003790
0.004933
0.007027
0.006147
0.005013
0.005353
0.005340
0.005342
0.005939
0.006044
0.004976
0.005080
0.005126
0.004947
0.004565
0.003943
0.005111
0.003744
0.005326
0.004344
0.004859
0.005176
0.005183
0.005121
0.004627
0.004670
0.002748
0.002995
0.005741
0.005882
0.004846
0.003984
0.004004
0.004610
0.004722
0.005794
0.006756
0.009073
0.007318
0.003898
0.005045
0.003403
0.003505
0.003839
0.005285
0.004186
0.004435
0.003245
0.004401
0.004313
0.003947
0.004258
0.005294
0.006015
0.007513
0.006700
0.006364
0.006291
0.006768
0.006361
0.009169
0.006825
0.007402
0.002983
0.003284
0.010428
0.010539
0.010609
0.010729
0.010657
0.010731
0.011237
0.010973
0.011554
0.011719
0.011266
0.011272
0.011285
0.011247
0.009860
0.006643
0.006545
0.003090
