2.0935
2.59345
3.09355
3.59666
4.09371
4.6046
5.09354
5.59344
6.09345
6.60517
7.09359
7.59349
8.09363
8.60667
9.09354
9.59351
10.0936
10.6021
11.0936
11.5935
12.0936
12.5934
13.0935
13.5935
14.0936
14.6107
15.0935
15.5935
16.0939
16.6054
17.0936
17.5935
18.0935
18.6111
19.0935
19.5935
20.0936
20.6037
21.0942
21.5937
22.0936
22.6065
23.0936
23.5935
24.0935
24.6069
25.0936
25.5936
26.0936
26.6094
27.0936
27.5935
28.0973
28.6118
29.0937
29.5937
30.0936
30.6021
31.0935
31.5935
32.0936
32.6059
33.0936
33.5936
34.0935
34.6173
35.0936
35.5957
36.0937
36.615
37.0936
37.5936
38.0935
38.6035
39.0937
39.5935
40.0936
40.6086
41.0941
41.5935
42.0937
42.6114
43.0935
43.5936
44.0991
44.604
45.0936
45.5935
46.0936
46.6015
47.0936
47.5935
48.0936
48.6126
49.0936
49.5936
50.0935
50.6134
51.0936
51.5935
52.0935
52.6133
53.0936
53.5935
54.0935
54.6106
55.0937
55.5936
56.0937
56.6145
57.1038
57.5936
58.0996
58.6148
59.0936
59.5936
60.1098
60.6007
61.0936
61.5935
62.0936
62.6193
63.0937
63.5936
64.0935
64.6146
65.0936
65.5935
66.0936
66.6067
67.0936
67.5935
68.0935
68.6079
69.0935
69.5936
70.0936
70.5975
71.0963
71.5935
72.0936
72.5999
73.0936
73.5937
74.0935
74.6067
75.0935
75.6012
76.0935
76.6105
77.0936
77.5936
78.0935
78.6045
79.0946
79.5936
80.0935
80.5946
81.0935
81.5936
82.0936
82.5935
83.0935
83.5936
84.0935
