4.84422
5.41644
5.46634
5.58726
6.32069
6.64348
7.57591
7.84284
7.98363
8.91098
9.45512
10.0393
11.0633
11.979
12.5062
13.173
13.486
13.5652
13.9747
15.3466
15.5623
16.3665
17.0256
17.0499
17.1703
17.2049
17.4345
17.4625
18.6333
19.5224
19.8387
20.898
21.4351
22.4927
22.7638
23.9633
24.2391
24.3656
25.743
27.1295
27.2837
27.5695
28.0969
29.467
30.8412
31.8359
32.6326
33.5764
33.851
33.9781
34.894
35.1683
36.4894
37.2897
37.6901
38.219
38.2719
38.3088
39.6777
41.0562
42.371
42.6408
44.0208
44.0591
44.0989
44.1293
44.1599
44.2434
44.3937
44.5304
44.5612
44.591
44.7311
44.8972
45.0246
45.8515
46.0889
47.2972
47.4332
48.7722
49.034
50.428
50.6507
50.8906
51.9723
53.319
53.5595
53.691
55.0634
56.4406
57.1037
57.1301
57.1732
58.0991
59.4954
60.1097
60.7773
61.6964
62.7546
62.8922
64.2659
64.377
64.6433
65.1742
66.5497
66.8918
67.6841
68.6289
69.0262
69.164
69.4232
69.4515
69.5645
70.9463
71.0956
71.2485
71.3814
71.5382
71.5791
72.9556
74.2275
75.6264
76.362
76.8834
77.4403
78.8372
78.891
78.9365
78.9847
79.0331
79.0823
79.1293
79.1801
79.2289
79.2908
79.3396
79.3861
79.4352
80.8034
82.1736
82.8921
84.0811
