0.002602
0.001810
0.001833
0.002239
0.002027
0.002012
0.002744
0.002946
0.002462
0.002681
0.002642
0.003032
0.003526
0.002995
0.003145
0.003149
0.003111
0.003056
0.002758
0.003136
0.002166
0.001953
0.002321
0.002115
0.002468
0.002991
0.002239
0.002237
0.002370
0.003683
0.003160
0.002976
0.003416
0.003063
0.002774
0.003026
0.003066
0.002544
0.003068
0.005781
0.003887
0.003090
0.005769
0.003014
0.003339
0.003322
0.002891
0.002945
0.003143
0.003189
0.003093
0.003509
0.002711
0.002775
0.002550
0.002612
0.002615
0.004335
0.002260
0.003207
0.003207
0.002505
0.003584
0.003470
0.003538
0.003604
0.003576
0.003611
0.003866
0.003806
0.004424
0.004706
0.003625
0.003433
0.003639
0.003250
0.003162
0.005291
0.003715
0.004701
0.003043
0.002600
0.002785
0.002774
0.002755
0.002730
0.003390
0.002238
0.002565
0.002489
0.002660
0.002898
0.002732
0.005785
0.003893
0.003590
0.003536
0.003525
0.003444
0.004205
0.004446
0.004415
0.003910
0.003566
0.003711
0.003336
0.003255
0.003211
0.003211
0.003171
0.002859
0.003131
0.003878
0.003334
0.003589
0.003488
0.003416
0.005772
0.003519
0.003664
0.003354
0.003009
0.002977
0.003189
0.003180
0.002970
0.003165
0.003139
0.003216
0.003115
0.003208
0.003843
0.003375
0.005719
0.003062
0.003078
0.003259
0.003248
0.005449
0.005060
0.004013
0.004064
