0.006151
0.008000
0.007471
0.005423
0.008190
0.006899
0.008909
0.007328
0.008767
0.007358
0.009302
0.007970
0.007693
0.008660
0.008934
0.007439
0.007390
0.006802
0.008969
0.007073
0.007624
0.006249
0.008173
0.007099
0.005446
0.008788
0.007244
0.005531
0.007005
0.009491
0.009729
0.006934
0.008870
0.009128
0.005960
0.006126
0.008337
0.005891
0.008570
0.011313
0.005470
0.008768
0.008486
0.009716
0.008689
0.006301
0.005687
0.005895
0.007868
0.008873
0.005871
0.008669
0.007087
0.007611
0.007931
0.007003
0.012799
0.006752
0.007394
0.006024
0.007032
0.009455
0.007724
0.009066
0.007922
0.008341
0.008797
0.008708
0.009439
0.006805
0.007265
0.006609
0.007999
0.007322
0.006482
0.007557
0.006338
0.005654
0.007798
0.006295
0.008118
0.008743
0.007864
0.007603
0.008430
0.007097
0.006595
0.005627
0.006307
0.006122
0.008234
0.008253
0.008584
0.007717
0.006877
0.009166
0.008622
0.009521
0.006436
0.009686
0.005819
0.007603
0.006845
0.008911
0.006156
0.006704
0.005545
0.006181
0.009015
0.006082
0.006746
0.006450
0.005596
0.010738
0.008412
0.010010
0.010645
0.010360
0.010787
0.009004
0.008463
0.009073
0.007378
0.008412
0.013626
0.013715
0.014309
0.011359
0.014096
0.014106
0.014587
0.011876
0.015631
0.011124
0.014598
0.014190
0.011589
0.014325
0.008698
0.008287
0.007605
0.003151
