0.000000
0.000000
0.155634
0.391447
0.563047
0.674732
0.758421
0.908929
1.030068
1.127130
1.208909
1.286162
1.338187
1.382155
1.425794
1.458690
1.470034
1.478584
1.516059
1.539891
1.561310
1.581263
1.598673
1.610770
1.618795
1.627719
1.643374
1.654984
1.665610
1.675245
1.686464
1.699509
1.698558
1.685530
1.691548
1.699588
1.713873
1.721392
1.732121
1.735861
1.728669
1.722534
1.728294
1.731906
1.742840
1.747143
1.739377
1.713950
1.708160
1.711954
1.718370
1.725620
1.727816
1.729081
1.723934
1.720159
1.724621
1.731227
1.735851
1.739984
1.743873
1.745660
1.749915
1.753697
1.758836
1.757180
1.756129
1.749834
1.748939
1.751092
1.753290
1.747603
1.748728
1.750436
1.741232
1.725916
1.724068
1.727788
1.731669
1.734989
1.738082
1.740247
1.743378
1.746220
1.750307
1.748780
1.748307
1.748322
1.751619
1.752398
1.756581
1.758849
1.760206
1.762077
1.764911
1.766083
1.767665
1.767059
1.766858
1.768801
1.770896
1.771877
1.774552
1.776481
1.778379
1.768724
1.761250
1.760955
1.763260
1.764551
1.768044
1.770135
1.771352
1.770609
1.768689
1.768739
1.768557
1.771622
1.773407
1.773762
1.775570
1.777597
1.783060
1.785974
1.787540
1.788427
1.786291
1.783901
1.774615
1.768132
1.769332
1.770912
1.772459
1.773972
1.776160
1.777779
1.775741
1.766401
1.763246
1.765807
1.768329
1.768177
1.769501
1.771886
1.773345
1.774436
1.776223
1.777244
1.778372
1.777905
1.777877
1.779053
1.777473
1.770982
1.769561
1.770706
1.772945
1.774230
1.775908
1.782892
1.792507
1.804118
1.809311
1.807841
1.802446
