2.09344
2.59341
3.09345
3.59662
4.09357
4.60455
5.09344
5.5934
6.09341
6.60514
7.09344
7.59343
8.09352
8.60663
9.09345
9.59344
10.0934
10.602
11.0935
11.5935
12.0934
12.5934
13.0934
13.5934
14.0935
14.6107
15.0934
15.5934
16.0938
16.6054
17.0935
17.5934
18.0934
18.6111
19.0934
19.5934
20.0935
20.6036
21.0941
21.5935
22.0936
22.6064
23.0935
23.5934
24.0934
24.6069
25.0934
25.5935
26.0935
26.6094
27.0934
27.5934
28.0973
28.6117
29.0936
29.5935
30.0935
30.6021
31.0934
31.5935
32.0935
32.6059
33.0935
33.5935
34.0934
34.6173
35.0935
35.5956
36.0936
36.6149
37.0935
37.5934
38.0935
38.6035
39.0935
39.5934
40.0935
40.6086
41.094
41.5934
42.0936
42.6114
43.0934
43.5935
44.0991
44.604
45.0935
45.5934
46.0936
46.6015
47.0935
47.5934
48.0935
48.6126
49.0934
49.5935
50.0934
50.6134
51.0934
51.5934
52.0935
52.6133
53.0935
53.5934
54.0935
54.6106
55.0936
55.5935
56.0935
56.6145
57.1038
57.5934
58.0996
58.6148
59.0935
59.5935
60.1097
60.6006
61.0934
61.5934
62.0935
62.6192
63.0935
63.5935
64.0934
64.6146
65.0935
65.5934
66.0936
66.6067
67.0936
67.5934
68.0934
68.6079
69.0934
69.5934
70.0935
70.5974
71.0963
71.5934
72.0934
72.5999
73.0935
73.5936
74.0934
74.6067
75.0934
75.6011
76.0934
76.6104
77.0935
77.5935
78.0934
78.6045
79.0946
79.5935
80.0934
80.5945
81.0934
81.5935
82.0935
82.5935
83.0934
83.5935
84.0935
