0.000000
0.000000
0.000000
0.000000
0.000000
32.832000
35.554000
40.488000
44.231000
62.798000
84.357000
97.272000
110.290000
125.580000
134.463000
142.847000
152.019000
166.103000
174.349000
185.426000
206.540000
222.077000
231.736000
237.502000
242.983000
250.768000
259.557000
264.799000
268.318000
272.591000
279.748000
290.172000
298.177000
304.473000
306.376000
309.528000
315.146000
322.948000
335.788000
340.205000
342.038000
349.710000
353.889000
357.478000
362.156000
367.426000
373.226000
375.571000
376.029000
376.792000
377.469000
377.522000
377.804000
381.181000
383.955000
385.655000
385.922000
386.749000
386.833000
386.914000
386.919000
388.094000
390.527000
392.864000
400.416000
414.107000
429.926000
436.404000
446.506000
450.170000
453.839000
460.683000
466.505000
468.326000
470.713000
472.401000
473.160000
473.609000
473.847000
473.932000
474.037000
474.044000
475.418000
481.342000
485.143000
489.551000
492.664000
495.005000
498.117000
502.800000
507.655000
512.341000
515.886000
520.457000
524.951000
529.923000
534.221000
541.079000
552.419000
565.770000
573.297000
580.883000
593.632000
600.046000
603.251000
605.429000
606.495000
606.866000
607.009000
607.059000
607.133000
608.703000
614.563000
619.055000
623.713000
634.788000
640.370000
653.286000
670.708000
689.125000
700.527000
706.284000
717.693000
728.267000
732.932000
736.906000
742.661000
750.406000
754.866000
760.672000
761.218000
763.098000
767.273000
772.692000
779.842000
790.217000
796.748000
805.626000
807.139000
807.594000
807.912000
808.022000
808.102000
808.138000
808.216000
810.480000
814.859000
820.682000
822.813000
826.989000
832.819000
837.923000
842.640000
847.472000
848.988000
850.066000
850.360000
850.374000
850.386000
850.548000
850.623000
851.334000
851.934000
852.432000
853.346000
854.832000
856.466000
