1.59454
1.5946
2.09463
2.59465
3.09465
3.59744
4.09645
4.6054
5.09461
5.60843
6.09516
6.60668
7.09466
7.6093
8.09615
8.60876
9.09467
9.60995
10.0958
10.6037
11.0948
11.6187
12.0958
12.5954
13.0946
13.6085
14.0965
14.6118
15.0946
15.6109
16.0958
16.6063
17.0947
17.6086
18.1045
18.6116
19.0948
19.6039
20.0964
20.6043
21.0947
21.6159
22.0961
22.6073
23.0947
23.6139
24.0967
24.6075
25.0946
25.6054
26.0963
26.61
27.0946
27.6027
28.0978
28.6148
29.0948
29.6116
30.0987
30.6029
31.0947
31.6113
32.0955
32.607
33.0949
33.6064
34.0962
34.6238
35.0947
35.6035
36.0971
36.6157
37.0947
37.6039
38.0963
38.6042
39.0948
39.6037
40.0965
40.6138
41.0946
41.6051
42.0962
42.6123
43.0947
43.6144
44.0995
44.6045
45.0947
45.6059
46.0951
46.6022
47.0946
47.6125
48.0954
48.6131
49.0946
49.6174
50.0958
50.6153
51.1124
51.6138
52.0952
52.6142
53.0946
53.6097
54.0952
54.6122
55.0948
55.6125
56.0968
56.6226
57.1038
57.6223
58.1001
58.6161
59.0947
59.6231
60.1102
60.6023
61.0946
61.6185
62.0956
62.6207
63.0947
63.6156
64.096
64.6176
65.0947
65.6096
66.0965
66.6079
67.0947
67.6122
68.096
68.6089
69.0947
69.6099
70.0962
70.5981
71.0964
71.6011
72.0961
72.6017
73.0947
73.6141
74.0953
74.6076
75.0946
75.6068
76.0954
76.6113
77.0947
77.6031
78.0957
78.6131
79.0947
79.6035
80.0968
80.5957
81.0946
81.6052
82.096
82.5955
83.0947
83.6106
84.0957
