4.86813
5.43748
5.49119
5.60779
6.34078
6.68511
6.83187
7.87992
8.13035
9.06164
9.35114
9.86534
10.0011
11.3959
12.2739
12.5341
12.8064
13.2083
13.3338
14.2605
14.7943
15.5857
16.6574
17.0571
18.1175
18.5199
19.5733
19.6325
19.6617
19.7105
19.7494
21.1354
21.1745
21.2015
21.2324
21.2672
21.3034
21.3344
21.3637
21.3934
21.4235
21.4532
21.4837
21.5145
21.5432
22.9205
23.7278
24.842
25.0628
26.3862
26.5206
27.7176
27.8577
27.9882
29.104
29.3195
30.646
31.0685
31.1916
31.3295
32.3826
33.7105
33.9835
35.3592
36.7442
37.2541
38.1295
39.538
40.2713
40.3873
41.2801
41.5922
42.6528
42.9151
44.3032
44.5196
45.1856
45.3151
46.6918
48.0752
49.1869
49.721
49.8703
50.134
51.5232
52.9053
53.9884
54.116
55.0684
56.2687
56.5167
57.4211
57.9863
58.5117
58.6569
61.9211
65.186
66.5634
67.938
69.3288
69.8761
71.0652
71.9924
72.1186
72.6667
73.5812
74.3811
74.5786
74.7845
75.7174
75.7476
75.8503
75.8744
76.1174
76.1466
76.1739
76.2077
77.5752
77.989
78.2475
79.3212
80.6554
81.0485
82.102
