0.006108
0.004299
0.004304
0.004707
0.005229
0.005918
0.006864
0.004291
0.005066
0.004470
0.006817
0.004325
0.004555
0.004287
0.004951
0.004428
0.004645
0.004383
0.004773
0.004093
0.006382
0.005305
0.004671
0.004400
0.004362
0.003329
0.003269
0.002971
0.003469
0.005476
0.006074
0.014496
0.005273
0.005480
0.005435
0.009742
0.005266
0.005694
0.005264
0.005363
0.005390
0.005358
0.005404
0.005678
0.005362
0.004650
0.006368
0.004712
0.004613
0.004452
0.004556
0.004849
0.004308
0.004251
0.004619
0.005349
0.002717
0.004725
0.004750
0.004893
0.004129
0.002169
0.005270
0.005261
0.004807
0.004739
0.004036
0.005631
0.004984
0.004634
0.005332
0.005436
0.003671
0.004789
0.003275
0.003607
0.005380
0.005834
0.005201
0.003396
0.004369
0.004874
0.004551
0.008615
0.009328
0.006890
0.007419
0.006787
0.007403
0.007720
0.006469
0.003085
0.003297
0.007391
0.006568
0.011734
0.009081
0.008521
0.007245
0.006921
0.008483
0.007328
0.007184
0.004010
0.004909
0.004180
0.004210
0.004220
0.004310
0.004078
0.005124
0.003958
0.004023
0.004105
0.003946
0.004185
0.004792
0.004498
0.004450
0.003779
0.004407
0.003471
0.004378
0.001666
