2.09842
2.59843
3.09847
3.59841
4.09854
4.59856
5.09986
5.60785
6.09845
6.59848
7.09843
7.59881
8.11318
8.59851
9.09849
9.59847
10.1024
10.5985
11.0985
11.5987
12.0985
12.5985
13.0984
13.5985
14.0983
14.5984
15.0986
15.5985
16.0987
16.5985
17.0986
17.5984
18.1048
18.5984
19.0984
19.5984
20.0984
20.5985
21.0985
21.5984
22.0986
22.5985
23.0985
23.5984
24.0996
24.5985
25.0991
25.5985
26.0992
26.5985
27.0986
27.5985
28.0994
28.5986
29.1043
29.5985
30.1
30.6197
31.0984
31.5985
32.0985
32.5985
33.0984
33.5985
34.0992
34.5985
35.0985
35.5984
36.0985
36.5986
37.0985
37.5984
38.1145
38.5985
39.0986
39.5986
40.0985
40.5985
41.0985
41.5985
42.0985
42.5985
43.0986
43.5985
44.0984
44.5985
45.0985
45.5984
46.0985
46.5984
47.0984
47.5984
48.0984
48.5984
49.0985
49.5985
50.101
50.5985
51.0985
51.5985
52.0984
52.5985
53.0985
53.5985
54.1
54.599
55.0985
55.5984
56.0984
56.5985
57.0985
57.5984
58.0985
58.5984
59.0985
59.5985
60.0984
60.5985
61.0986
61.5985
62.0986
62.5985
63.0986
63.5984
64.0985
64.5985
65.0985
65.5985
66.0987
66.5985
67.0985
67.5985
68.0985
68.5985
69.0984
69.5985
70.0985
70.5985
71.0986
71.5986
72.1039
72.5985
73.0985
73.5985
74.0985
74.5986
75.0986
75.5985
76.0987
76.5986
77.0985
77.5984
78.0985
78.5985
79.0985
79.5985
80.0985
80.5986
81.0985
81.5985
82.102
