0.003114
0.001851
0.001927
0.001889
0.002152
0.002343
0.002322
0.002930
0.002672
0.002791
0.002907
0.002890
0.002728
0.003738
0.003637
0.003514
0.003682
0.003420
0.002870
0.003465
0.003293
0.003782
0.003797
0.002643
0.002237
0.002311
0.003243
0.003535
0.002489
0.001983
0.002382
0.008534
0.002632
0.002822
0.002616
0.002901
0.002655
0.002474
0.002378
0.002387
0.002218
0.002539
0.002477
0.002514
0.002263
0.002828
0.003547
0.003199
0.002769
0.002806
0.003443
0.002636
0.002744
0.003094
0.002785
0.002647
0.002298
0.002459
0.002552
0.002700
0.003042
0.002593
0.002439
0.002363
0.002732
0.002773
0.002923
0.003861
0.003797
0.003383
0.003439
0.003419
0.003497
0.003500
0.004230
0.003739
0.003170
0.004540
0.003243
0.003566
0.003098
0.003117
0.002996
0.003395
0.003507
0.003636
0.003398
0.003386
0.003447
0.003830
0.003292
0.003190
0.002973
0.003475
0.001959
0.005172
0.003731
0.004722
0.004145
0.003789
0.006341
0.003185
0.003174
0.003626
0.003093
0.003090
0.002374
0.003144
0.002432
0.002786
0.002709
0.002867
0.002681
0.002471
0.002767
0.002712
0.002372
0.002845
0.003031
0.003105
0.002974
0.003448
0.003366
0.003735
