0.007386
0.007691
0.006626
0.005517
0.006075
0.006326
0.008507
0.009330
0.008730
0.007390
0.008470
0.006924
0.007427
0.005882
0.006356
0.007183
0.005242
0.006401
0.006329
0.006673
0.006877
0.006573
0.006475
0.005643
0.005620
0.006658
0.008508
0.007753
0.007468
0.009803
0.010216
0.010876
0.008456
0.007657
0.008733
0.008950
0.008015
0.008789
0.008593
0.008252
0.008386
0.006371
0.008473
0.008832
0.008182
0.006757
0.008445
0.006330
0.007334
0.008209
0.007181
0.007413
0.007997
0.006468
0.007178
0.008852
0.007119
0.005771
0.007508
0.007818
0.008477
0.006712
0.006460
0.007321
0.006299
0.009485
0.007356
0.007398
0.006606
0.005852
0.006609
0.008472
0.007427
0.009578
0.006943
0.007310
0.008997
0.008889
0.008311
0.007150
0.007157
0.007772
0.007648
0.007985
0.008887
0.006605
0.006701
0.005814
0.007484
0.007237
0.008011
0.008206
0.008543
0.008434
0.005987
0.007177
0.008179
0.007570
0.006886
0.007694
0.008496
0.007330
0.006018
0.006359
0.008493
0.006285
0.005181
0.007060
0.005753
0.007392
0.007815
0.007002
0.005692
0.006085
0.007935
0.004988
0.008568
0.005955
0.008216
0.007778
0.009844
0.007677
0.007831
0.001518
