0.000000
0.000000
0.151660
0.384882
0.537622
0.655120
0.745780
0.893488
1.013392
1.114153
1.192878
1.256106
1.282381
1.336908
1.380989
1.418381
1.465196
1.489402
1.486691
1.463890
1.461552
1.480230
1.501201
1.520871
1.527631
1.521670
1.538168
1.554226
1.567446
1.581153
1.589381
1.583856
1.596269
1.610839
1.620810
1.627686
1.627936
1.612845
1.602390
1.610566
1.619888
1.628832
1.636985
1.644831
1.652286
1.659619
1.669195
1.674400
1.680770
1.686930
1.692745
1.698382
1.705892
1.710679
1.715306
1.719256
1.720665
1.723868
1.724668
1.730670
1.734772
1.737504
1.739403
1.742391
1.740254
1.734965
1.717937
1.713051
1.717405
1.721305
1.726183
1.729682
1.733642
1.732957
1.728651
1.730205
1.733186
1.736340
1.739406
1.743959
1.746768
1.749509
1.751862
1.754572
1.757280
1.761195
1.762018
1.764402
1.759156
1.744850
1.742063
1.744516
1.748413
1.750573
1.752784
1.755346
1.757550
1.758437
1.747245
1.740407
1.741652
1.744018
1.746224
1.748299
1.750532
1.753863
1.755969
1.758128
1.760075
1.762350
1.763911
1.765523
1.767749
1.769577
1.769782
1.759660
1.749979
1.745569
1.746766
1.748980
1.751191
1.753023
1.754886
1.756672
1.758419
1.761234
1.762984
1.764594
1.766088
1.767675
1.769240
1.770844
1.773457
1.775253
1.776348
1.777757
1.779246
1.780547
1.782918
1.783095
1.782557
1.781546
1.782282
1.783653
1.784930
1.785618
1.784903
1.785813
1.787064
1.787764
1.788666
1.790722
1.791990
1.792535
1.792752
1.793633
1.794779
1.795953
1.797889
1.798893
1.800049
