2.09836
2.59837
3.09838
3.59837
4.09849
4.59846
5.09856
5.60783
6.09841
6.59838
7.09838
7.59868
8.11316
8.59836
9.09839
9.59836
10.1024
10.5984
11.0984
11.5985
12.0985
12.5984
13.0983
13.5984
14.0983
14.5984
15.0984
15.5985
16.0987
16.5983
17.0984
17.5983
18.1047
18.5983
19.0983
19.5984
20.0984
20.5984
21.0984
21.5983
22.0986
22.5984
23.0984
23.5984
24.0996
24.5984
25.0989
25.5984
26.0992
26.5984
27.0984
27.5984
28.0994
28.5985
29.1043
29.5984
30.0999
30.6196
31.0983
31.5984
32.0985
32.5984
33.0984
33.5984
34.0991
34.5984
35.0984
35.5983
36.0985
36.5985
37.0984
37.5983
38.1145
38.5984
39.0984
39.5985
40.0985
40.5984
41.0984
41.5985
42.0985
42.5984
43.0985
43.5984
44.0983
44.5984
45.0984
45.5983
46.0984
46.5984
47.0983
47.5983
48.0984
48.5983
49.0985
49.5985
50.101
50.5984
51.0984
51.5984
52.0984
52.5984
53.0984
53.5984
54.1
54.5989
55.0984
55.5984
56.0984
56.5984
57.0984
57.5984
58.0985
58.5984
59.0984
59.5984
60.0984
60.5984
61.0985
61.5984
62.0985
62.5984
63.0985
63.5983
64.0984
64.5984
65.0984
65.5984
66.0986
66.5984
67.0984
67.5984
68.0984
68.5984
69.0984
69.5984
70.0984
70.5984
71.0984
71.5985
72.1039
72.5984
73.0984
73.5984
74.0985
74.5985
75.0984
75.5984
76.0987
76.5985
77.0984
77.5984
78.0984
78.5984
79.0984
79.5984
80.0985
80.5984
81.0984
81.5984
82.102
