0.000000
0.000000
0.000000
0.000000
0.000000
32.832000
35.554000
39.271000
44.512000
63.946000
84.189000
93.373000
110.791000
125.745000
137.401000
144.090000
154.119000
170.596000
182.441000
188.917000
193.898000
203.740000
213.229000
226.747000
239.518000
247.049000
253.903000
262.637000
274.003000
293.185000
301.624000
304.085000
306.377000
310.086000
317.044000
323.186000
326.209000
327.657000
329.187000
330.022000
330.526000
330.544000
330.544000
330.705000
332.040000
334.684000
338.930000
343.260000
347.763000
352.179000
357.236000
360.948000
365.944000
370.888000
375.442000
378.994000
383.948000
389.877000
397.322000
406.934000
419.617000
429.847000
437.854000
449.167000
454.680000
457.991000
460.014000
460.443000
460.711000
460.938000
461.002000
461.434000
465.297000
471.739000
475.356000
482.486000
489.905000
502.190000
518.485000
531.024000
545.200000
553.819000
562.711000
570.585000
575.862000
579.673000
585.228000
590.875000
597.287000
600.478000
600.882000
601.083000
602.312000
606.363000
612.327000
617.257000
626.870000
634.892000
644.024000
647.406000
647.942000
648.035000
648.103000
648.158000
648.160000
650.399000
655.058000
657.014000
661.112000
664.344000
667.908000
671.535000
677.087000
681.786000
689.530000
695.402000
698.353000
699.000000
699.135000
699.187000
699.329000
699.450000
699.507000
699.544000
699.583000
699.590000
699.590000
699.684000
700.060000
700.171000
700.176000
700.319000
700.990000
704.524000
704.599000
705.090000
705.219000
706.338000
709.165000
710.061000
715.212000
720.850000
739.100000
748.211000
756.174000
762.138000
768.934000
773.250000
780.287000
789.163000
797.116000
799.279000
800.530000
804.555000
813.393000
818.179000
824.072000
829.144000
830.478000
830.634000
839.582000
844.071000
850.495000
