162.796875
164.085938
164.085938
168.210938
168.210938
168.210938
168.210938
168.210938
168.210938
168.210938
168.210938
168.210938
168.210938
168.210938
168.210938
168.210938
168.210938
168.210938
168.210938
168.210938
168.210938
168.210938
168.210938
168.210938
168.210938
168.210938
168.210938
168.210938
168.210938
168.210938
168.210938
168.210938
168.210938
168.210938
168.210938
168.210938
168.210938
168.210938
168.210938
168.210938
168.210938
168.210938
168.210938
168.210938
168.210938
168.210938
168.210938
168.210938
168.210938
168.210938
168.210938
168.210938
168.210938
168.210938
168.210938
168.210938
168.210938
168.210938
168.210938
168.210938
168.210938
168.210938
168.210938
168.210938
168.210938
168.210938
168.210938
168.210938
168.210938
168.210938
168.210938
168.210938
168.210938
168.210938
168.210938
168.210938
168.210938
168.210938
168.210938
168.210938
168.210938
168.210938
168.210938
168.210938
168.210938
168.210938
168.210938
168.210938
168.210938
168.210938
168.210938
168.210938
168.210938
168.210938
168.210938
168.210938
168.210938
168.210938
168.210938
168.210938
168.210938
168.210938
168.210938
168.210938
168.210938
168.210938
168.210938
168.210938
168.210938
168.210938
168.210938
168.210938
168.210938
168.210938
168.210938
168.210938
168.210938
168.210938
168.210938
168.210938
168.210938
168.210938
168.210938
168.210938
168.210938
168.210938
168.210938
168.210938
168.210938
168.210938
168.210938
168.210938
168.210938
168.210938
168.210938
168.210938
168.210938
168.210938
168.210938
168.210938
168.210938
168.210938
168.210938
168.210938
168.210938
169.722656
169.722656
169.722656
169.722656
169.722656
169.722656
169.722656
169.722656
169.722656
169.722656
169.722656
169.722656
169.722656
169.722656
169.722656
169.722656
169.722656
169.722656
169.722656
169.722656
169.722656
169.722656
169.722656
169.722656
169.722656
169.722656
169.722656
169.722656
169.722656
169.722656
169.722656
169.722656
169.722656
169.722656
169.722656
169.722656
169.722656
169.722656
169.722656
169.722656
169.722656
169.722656
169.722656
169.722656
169.722656
169.722656
169.722656
169.722656
169.722656
169.722656
169.722656
169.722656
169.722656
169.722656
169.722656
169.722656
169.722656
169.722656
169.722656
170.753906
170.753906
170.753906
170.753906
170.753906
170.753906
170.753906
170.753906
170.753906
170.753906
172.816406
172.816406
172.816406
172.816406
173.847656
173.847656
173.847656
173.847656
173.847656
173.847656
173.847656
173.847656
173.847656
173.847656
173.847656
173.847656
173.847656
173.847656
173.847656
173.847656
173.847656
173.847656
173.847656
173.847656
173.847656
173.847656
173.847656
173.847656
173.847656
173.847656
173.847656
173.847656
173.847656
173.847656
173.847656
173.847656
173.847656
173.847656
173.847656
173.847656
173.847656
173.847656
173.847656
173.847656
173.847656
173.847656
173.847656
173.847656
173.847656
173.847656
173.847656
173.847656
173.847656
173.847656
173.847656
173.847656
173.847656
173.847656
173.847656
173.847656
173.847656
173.847656
173.847656
173.847656
173.847656
173.847656
173.847656
173.847656
173.847656
173.847656
173.847656
173.847656
173.847656
173.847656
173.847656
173.847656
173.847656
173.847656
173.847656
173.847656
173.847656
173.847656
173.847656
173.847656
173.847656
173.847656
173.847656
173.847656
173.847656
173.847656
173.847656
173.847656
173.847656
173.847656
173.847656
173.847656
173.847656
173.847656
173.847656
173.847656
173.847656
173.847656
173.847656
173.847656
173.847656
173.847656
173.847656
173.847656
173.847656
173.847656
173.847656
173.847656
173.847656
173.847656
173.847656
173.847656
173.847656
173.847656
173.847656
173.847656
173.847656
173.847656
173.847656
173.847656
173.847656
173.847656
173.847656
173.847656
174.105469
174.105469
174.105469
174.105469
174.105469
174.363281
174.363281
174.363281
174.363281
174.363281
174.363281
174.363281
174.363281
174.363281
174.363281
174.363281
174.363281
174.363281
174.878906
174.878906
174.878906
174.878906
174.878906
174.878906
174.878906
174.878906
174.878906
174.878906
174.878906
174.878906
174.878906
174.878906
174.878906
174.878906
174.878906
174.878906
175.136719
175.136719
175.136719
175.136719
175.136719
175.136719
175.136719
175.136719
175.136719
175.136719
175.136719
175.136719
175.136719
175.136719
175.136719
175.136719
175.136719
175.136719
175.136719
175.136719
175.136719
175.136719
175.136719
175.136719
175.136719
175.136719
175.136719
175.136719
175.136719
175.136719
175.136719
175.136719
175.136719
175.136719
175.136719
175.136719
175.136719
175.136719
175.136719
175.136719
175.136719
175.136719
175.136719
175.136719
175.136719
175.136719
175.136719
175.136719
175.136719
175.136719
175.136719
175.136719
175.136719
175.136719
175.136719
175.136719
175.136719
175.136719
175.136719
175.136719
175.136719
175.136719
175.136719
175.136719
175.136719
175.136719
175.136719
175.136719
175.136719
175.136719
175.136719
175.136719
175.136719
175.136719
175.136719
175.136719
175.136719
175.136719
175.136719
175.136719
175.136719
175.136719
175.136719
175.136719
175.136719
175.136719
175.136719
175.136719
175.136719
175.136719
175.136719
175.136719
175.652344
175.652344
175.652344
175.652344
175.652344
175.652344
175.652344
175.652344
175.652344
175.652344
175.652344
175.652344
175.652344
175.652344
175.652344
175.652344
175.652344
175.652344
175.652344
175.652344
175.652344
175.652344
175.652344
175.652344
175.652344
175.652344
175.652344
175.652344
175.652344
175.652344
175.652344
175.652344
175.652344
175.652344
175.652344
175.652344
175.652344
175.652344
175.652344
175.652344
176.167969
176.167969
176.167969
176.167969
176.167969
176.167969
176.167969
176.167969
176.167969
176.167969
176.167969
176.167969
176.167969
176.167969
176.167969
176.167969
176.167969
176.167969
176.167969
176.167969
176.167969
176.167969
176.167969
176.167969
176.167969
176.167969
176.167969
176.167969
176.167969
176.683594
176.683594
176.683594
176.683594
176.683594
176.683594
176.683594
176.941406
176.941406
176.941406
176.941406
176.941406
176.941406
176.941406
176.941406
176.941406
176.941406
176.941406
177.199219
177.199219
177.199219
177.457031
177.457031
177.457031
177.457031
177.457031
177.457031
177.457031
177.714844
177.714844
177.714844
178.488281
178.488281
178.488281
178.488281
178.488281
178.488281
178.746094
178.746094
178.746094
178.746094
178.746094
178.746094
178.746094
185.964844
185.964844
185.964844
185.964844
185.964844
185.964844
185.964844
185.964844
185.964844
185.964844
185.964844
185.964844
185.964844
185.964844
185.964844
185.964844
185.964844
185.964844
185.964844
185.964844
185.964844
185.964844
185.964844
185.964844
185.964844
185.964844
185.964844
185.964844
185.964844
185.964844
185.964844
185.964844
185.964844
185.964844
185.964844
185.964844
185.964844
185.964844
185.964844
185.964844
185.964844
185.964844
185.964844
185.964844
185.964844
185.964844
185.964844
185.964844
185.964844
185.964844
185.964844
185.964844
185.964844
185.964844
185.964844
185.964844
185.964844
185.964844
185.964844
185.964844
185.964844
185.964844
185.964844
185.964844
185.964844
185.964844
185.964844
185.964844
185.964844
185.964844
185.964844
185.964844
185.964844
185.964844
185.964844
185.964844
185.964844
185.964844
185.964844
185.964844
185.964844
185.964844
185.964844
185.964844
185.964844
185.964844
185.964844
185.964844
185.964844
185.964844
185.964844
185.964844
185.964844
185.964844
185.964844
185.964844
185.964844
185.964844
185.964844
185.964844
185.964844
185.964844
185.964844
185.964844
185.964844
185.964844
185.964844
185.964844
185.964844
185.964844
185.964844
185.964844
185.964844
185.964844
185.964844
185.964844
185.964844
185.964844
185.964844
185.964844
185.964844
185.964844
185.964844
185.964844
185.964844
185.964844
185.964844
185.964844
