4.98042
5.02866
5.11579
5.2757
5.78077
6.86945
7.52494
8.89916
9.13483
10.0672
10.4761
10.9865
11.1184
12.0778
12.8813
13.6775
14.2275
15.451
15.7912
16.8609
17.2679
18.3115
19.5178
19.6633
21.0457
21.3977
22.3149
23.27
23.3874
24.5094
24.865
24.902
24.9329
24.9801
25.1199
25.3836
25.4181
25.5004
25.5284
26.58
26.8583
27.2537
27.6544
27.6831
29.0579
29.7919
30.706
30.8732
30.9783
31.0114
31.7886
32.8824
32.9839
33.2871
34.115
35.4571
36.1159
36.2595
37.2705
38.0021
39.1911
39.5877
40.6391
41.0577
41.7877
42.4995
42.5256
42.558
42.5873
42.6301
42.9006
42.9391
43.453
43.4851
44.2482
44.2875
44.3148
44.8951
45.5747
45.6986
45.9586
47.3344
47.699
49.0806
49.1157
49.2935
49.3199
49.3578
49.3939
49.4351
49.4577
49.4886
49.5201
49.5622
49.5881
49.8352
49.8641
49.889
49.9218
49.9658
49.9936
50.0318
50.064
50.1145
50.1505
50.1779
50.2137
50.2524
50.2857
50.3118
50.5801
50.7313
50.8793
50.9169
50.9518
52.3256
54.4916
54.637
54.6657
55.7985
55.9691
55.9991
57.3928
57.8658
58.7889
58.8318
59.0547
60.2504
60.2806
60.3102
60.3547
61.4895
62.5115
62.9677
63.2995
63.3354
64.1298
64.6602
65.1823
65.3139
66.2029
66.391
67.5702
67.7036
67.7402
68.8703
69.2983
70.3923
70.6513
70.7852
70.8368
70.9091
71.9749
73.5785
74.1193
74.1564
74.9385
75.1801
75.312
75.3719
75.4278
76.3899
77.7517
79.1667
79.9783
80.6571
80.6869
80.7153
81.3035
81.342
82.1434
83.311
83.3461
84.3373
84.9047
85.58
85.8888
85.9277
86.905
86.9428
87.4506
87.4821
87.5105
87.5414
87.586
87.6527
87.6946
87.7343
87.7627
87.7895
87.8357
87.8886
87.9162
89.1626
89.1938
89.2315
90.6554
90.7739
91.297
92.2473
92.498
92.5279
92.7789
92.8093
92.8385
92.897
92.9316
92.9647
92.9934
93.0296
93.0641
93.093
93.15
93.1825
93.2165
93.2433
93.2828
93.3168
93.3703
93.4068
93.4411
93.4763
93.5053
93.5358
93.5756
93.6277
94.1307
94.241
94.2805
94.3059
94.3367
94.4006
94.4345
95.1733
95.2128
96.598
96.898
96.9284
97.0519
98.4482
99.8332
100.253
101.347
101.706
102.673
103.307
103.579
103.702
104.689
104.914
105.061
106.412
107.183
107.316
108.263
108.514
109.898
110.261
110.919
111.385
112.521
113.211
113.631
114.426
115.172
115.566
115.698
116.777
116.818
116.882
116.93
118.092
118.41
119.077
120.054
120.414
121.49
121.905
122.475
123.684
124.182
125.567
125.879
125.982
126.103
127.48
128.504
128.654
128.694
128.903
128.94
128.97
130.341
131.386
131.697
131.729
131.76
131.79
131.837
131.977
133.356
134.732
136.101
137.477
137.878
137.976
138.103
139.472
140.104
141.48
142.885
143.237
143.877
143.983
144.027
144.065
144.131
144.167
144.251
145.568
146.453
146.491
147.7
147.738
147.771
149.135
149.453
149.484
150.715
150.901
150.943
150.987
151.034
151.077
151.138
151.177
152.255
152.651
152.692
152.732
152.774
152.806
152.845
152.906
153.567
153.629
153.663
156.91
160.17
161.541
162.896
163.292
163.331
163.583
163.642
163.691
163.729
163.759
163.788
164.778
165.05
165.078
166.193
166.976
167.3
168.096
168.149
168.257
168.283
169.654
169.688
170.098
170.154
170.191
170.231
170.271
170.319
170.379
170.427
170.467
170.512
170.555
170.597
171.977
173.349
174.721
176.091
176.559
177.94
179.313
180.684
180.822
180.963
181.106
181.25
181.392
182.765
184.138
185.505
186.18
187.578
188.4
189.253
189.986
191.301
191.456
191.49
191.977
192.096
192.136
192.169
192.202
192.244
192.276
192.3
192.335
192.776
192.807
192.835
192.886
192.917
192.95
192.983
193.026
193.062
193.092
193.134
193.178
193.218
193.253
193.295
193.326
193.374
194.774
195.586
196.094
197.301
197.337
197.383
197.428
197.469
197.507
197.537
197.582
197.636
197.688
197.729
198.5
198.662
199.307
199.346
199.393
199.441
199.474
199.986
200.145
200.18
200.909
200.94
200.971
201
201.05
201.09
201.14
201.19
201.24
201.271
201.879
201.918
201.96
202.001
202.04
202.068
202.135
202.173
202.2
202.248
202.79
202.843
202.917
203.761
204.409
204.453
204.507
205.174
205.706
205.747
205.785
205.826
206.836
207.048
207.077
207.127
208.257
208.405
208.449
209.472
209.977
210.131
210.166
210.503
210.529
210.564
211.934
212.898
213.183
213.878
213.917
214.778
215.572
216.499
216.646
216.674
216.703
216.734
216.768
216.795
216.899
216.927
216.958
218.339
219.824
219.88
220.771
220.8
220.833
220.895
220.925
220.953
222.334
222.398
223.301
223.33
223.377
223.406
223.452
223.484
223.508
223.558
223.595
223.649
223.689
223.726
223.755
223.784
223.824
223.882
223.909
223.957
224
225.56
226.93
227.171
227.2
227.23
227.263
227.299
227.333
227.395
227.437
227.484
228.873
228.918
230.297
231.659
231.701
231.742
231.784
232.398
233.175
233.97
234.009
234.046
234.095
235.244
235.304
235.452
235.594
236.956
238.342
238.411
239.788
240.506
241.713
241.98
242.513
243.459
244.131
244.398
245.303
245.583
245.64
246.51
246.544
246.655
246.696
246.735
246.78
246.825
246.895
247.971
248.011
248.126
248.166
248.194
248.776
248.818
249.696
249.729
249.759
249.789
249.842
249.9
249.94
249.974
250.009
250.098
250.151
250.181
250.208
250.251
250.282
250.316
250.384
250.428
250.468
250.51
250.55
250.581
250.65
250.687
250.723
250.768
250.809
250.849
250.907
250.949
250.984
251.028
251.068
251.097
251.158
251.202
251.237
251.282
251.34
252.882
254.242
255.44
255.63
255.764
256.67
256.72
258.102
259.478
260.846
261.561
261.839
262.643
263.032
263.432
263.966
264.494
264.527
264.569
266.628
268.006
269.376
270.768
270.812
271.841
273.232
273.848
275.254
275.308
275.364
275.712
276.254
276.654
277.07
277.182
278.259
278.919
279.06
279.198
280.594
280.994
281.784
283.157
284.535
285.869
286.238
287.255
287.768
288.173
291.479
292.855
294.88
296.279
296.331
297.709
299.083
300.44
301.049
302.462
303.369
303.4
303.442
303.861
304.895
304.927
305.294
305.322
306.498
306.527
306.641
306.68
306.711
306.773
307.85
307.889
307.919
308.242
308.287
308.332
308.377
308.428
309.304
309.349
309.465
309.507
309.563
310.939
311.576
311.62
311.654
312.368
312.509
312.556
312.595
312.644
312.693
312.741
312.791
312.84
312.9
312.947
314.325
315.699
317.073
318.44
319.291
319.567
319.849
319.877
319.909
319.98
320.516
320.655
320.765
320.787
