2.09583
2.59574
3.096
3.60108
4.09578
4.59578
5.10092
5.59581
6.09631
6.5959
7.09579
7.59587
8.0958
8.5958
9.12052
9.59578
10.0958
10.5958
11.1024
11.6181
12.0958
12.5959
13.0958
13.6194
14.0959
14.5958
15.0958
15.611
16.0958
16.5959
17.0957
17.6091
18.0959
18.5958
19.0996
19.5958
20.0962
20.5958
21.0958
21.5958
22.0958
22.5958
23.0958
23.6093
24.0958
24.5959
25.1026
25.5961
26.0959
26.5958
27.0959
27.5959
28.0959
28.5958
29.0958
29.5959
30.0958
30.5959
31.0959
31.5958
32.0959
32.5958
33.0958
33.5958
34.1151
34.5961
35.0958
35.6049
36.1005
36.6123
37.0959
37.5959
38.0959
38.616
39.0958
39.5958
40.0958
40.6113
41.0958
41.5978
42.0958
42.6136
43.1015
43.6033
44.0959
44.6042
45.104
45.5957
46.098
46.6097
47.0959
47.6008
48.0962
48.6082
49.1015
49.5985
50.1145
50.6169
51.096
51.6031
52.0959
52.6085
53.0961
53.6036
54.0957
54.6082
55.0958
55.6003
56.0959
56.6132
57.1015
57.6037
58.0959
58.6102
59.098
59.6083
60.0962
60.6204
61.1081
61.6091
62.0959
62.622
63.108
63.6077
64.1149
64.6254
65.1084
65.6083
66.0976
66.6195
67.1086
67.6053
68.1005
68.6245
69.1082
69.618
70.1019
70.6168
71.1081
71.6102
72.1053
72.6215
73.1088
73.6062
74.1194
74.6084
75.1101
75.6092
76.1082
76.6222
77.1085
77.609
78.1085
78.6225
79.1084
79.6092
80.1089
80.6095
81.1082
81.6085
82.1249
82.623
83.1096
83.61
84.1082
84.6215
85.1156
85.6091
86.1114
86.6218
87.109
87.6117
88.1086
88.6216
89.1079
89.6094
90.1093
90.6392
91.1093
91.6102
92.1089
92.6245
93.1187
93.6279
94.1091
94.6087
95.1115
95.6101
96.1079
96.636
97.1091
97.609
98.1089
98.6258
99.1088
99.6102
100.109
100.62
101.109
101.612
102.108
102.632
103.108
103.609
104.109
104.623
105.108
105.609
106.108
106.622
107.109
107.61
108.108
108.626
109.108
109.608
110.109
110.623
111.11
111.608
112.111
112.623
113.11
113.645
114.108
114.622
115.11
115.609
116.109
116.621
117.109
117.609
118.123
118.623
119.109
119.61
120.109
120.624
121.109
121.608
122.108
122.608
123.108
123.622
124.109
124.61
125.109
125.609
126.129
126.622
127.108
127.608
128.109
128.623
129.108
129.61
130.108
130.622
131.109
131.61
132.109
132.622
133.109
133.609
134.109
134.608
135.108
135.609
136.127
136.608
137.108
137.61
138.129
138.622
139.109
139.61
140.129
140.621
141.107
141.609
142.108
142.623
143.108
143.609
144.131
144.622
145.108
145.608
146.108
146.626
147.11
147.609
148.108
148.623
149.108
149.609
150.109
150.622
151.113
151.609
152.108
152.625
153.108
153.642
154.108
154.622
155.109
155.609
156.108
156.622
157.109
157.61
158.107
158.618
159.109
159.608
160.108
160.609
161.109
161.609
162.109
162.621
163.108
163.607
164.109
164.623
165.108
165.608
166.109
166.624
167.109
167.612
168.122
168.611
169.108
169.608
170.122
170.629
171.108
171.609
172.109
172.614
173.101
173.609
174.101
174.617
175.102
175.608
176.108
176.599
177.098
177.609
178.104
178.608
179.108
179.609
180.101
180.621
181.122
181.608
182.1
182.606
183.099
183.618
184.108
184.609
185.104
185.618
186.108
186.609
187.108
187.599
188.1
188.622
189.108
189.609
190.098
190.608
191.11
191.608
192.109
192.622
193.109
193.607
194.101
194.621
195.108
195.606
196.111
196.61
197.105
197.61
198.1
198.622
199.109
199.61
200.117
200.63
201.111
201.616
202.118
202.618
203.109
203.606
204.104
204.61
205.108
205.61
206.105
206.608
207.114
207.61
208.105
208.609
209.109
209.61
210.131
210.619
211.11
211.609
212.109
212.623
213.108
213.609
214.108
214.621
215.11
215.608
216.109
216.609
217.109
217.609
218.109
218.621
219.108
219.61
220.108
220.623
221.109
221.609
222.108
222.622
223.11
223.62
224.107
224.621
225.108
225.609
226.108
226.622
227.11
227.608
228.108
228.621
229.109
229.609
230.108
230.622
231.107
231.609
232.128
232.612
233.109
233.612
234.12
234.62
235.109
235.62
236.108
236.621
237.108
237.608
238.109
238.622
239.109
239.609
240.109
240.623
241.108
241.608
242.106
242.619
243.108
243.61
244.131
244.616
245.102
245.602
246.104
246.622
247.106
247.609
248.127
248.62
249.107
249.608
250.12
250.621
251.116
251.608
252.098
252.613
253.11
253.607
254.101
254.614
255.099
255.608
256.098
256.612
257.097
257.604
258.116
258.609
259.097
259.609
260.097
260.61
261.097
261.598
262.098
262.612
263.097
263.598
264.097
264.609
265.098
265.598
266.098
266.61
267.097
267.597
268.097
268.611
269.104
269.598
270.097
270.611
271.097
271.597
272.096
272.596
273.096
273.596
274.103
274.61
275.107
275.606
276.096
276.615
277.097
277.604
278.097
278.622
279.098
279.604
280.096
280.606
281.096
281.619
282.105
282.602
283.101
283.617
284.096
284.599
285.096
285.605
286.096
286.601
287.096
287.615
288.103
288.6
289.096
289.602
290.096
290.621
291.096
291.599
292.096
292.621
293.096
293.599
294.096
294.614
295.096
295.596
296.096
296.617
297.096
297.596
298.096
298.609
299.096
299.596
300.096
300.596
301.096
301.596
302.096
302.596
303.096
303.596
304.096
304.596
305.096
305.596
306.096
306.596
307.096
307.596
308.096
308.597
309.096
309.596
310.096
310.619
311.096
311.62
312.096
312.611
313.096
313.596
314.096
314.596
315.096
315.596
316.096
316.596
317.096
317.596
318.096
318.596
319.096
319.596
320.096
320.596
321.098
321.596
322.096
322.6
323.101
323.599
324.098
324.6
325.096
325.598
326.096
326.598
327.096
327.598
328.097
328.61
329.098
329.598
330.096
330.608
331.096
331.598
332.097
332.597
333.098
333.598
334.096
334.599
335.096
335.599
336.097
336.6
337.096
337.599
338.097
338.609
339.097
339.6
340.098
340.599
341.096
341.599
342.098
342.6
343.099
343.599
344.096
344.599
345.097
345.599
346.096
346.601
347.096
347.599
348.098
348.6
349.096
349.599
350.097
350.6
351.096
351.599
352.097
352.609
353.096
353.598
354.096
354.596
355.096
355.596
356.096
356.597
357.096
