0.008172
0.007532
0.007049
0.006841
0.008911
0.009435
0.008031
0.008308
0.006503
0.006167
0.008053
0.007573
0.007200
0.006265
0.007818
0.005646
0.008029
0.007421
0.006633
0.007193
0.007324
0.011282
0.011760
0.008549
0.005985
0.007526
0.006808
0.007102
0.006091
0.006550
0.006227
0.006435
0.007328
0.006152
0.006816
0.006768
0.006209
0.007623
0.006477
0.008263
0.009511
0.007273
0.007571
0.009825
0.005944
0.006954
0.008597
0.007433
0.008477
0.008962
0.008492
0.008615
0.006650
0.008019
0.010173
0.007141
0.007203
0.007051
0.006023
0.009563
0.007199
0.008104
0.005536
0.007457
0.007013
0.008012
0.005384
0.007861
0.007878
0.006619
0.008850
0.008852
0.005230
0.007468
0.007276
0.007382
0.007400
0.005203
0.010064
0.006936
0.005830
0.007218
0.008684
0.007252
0.007106
0.008627
0.006674
0.007158
0.009002
0.009190
0.004011
0.004140
0.005473
0.006129
0.004373
0.008590
0.006459
0.004895
0.005925
0.009586
0.008503
0.005636
0.005452
0.008402
0.006811
0.006140
0.009237
0.006806
0.009648
0.007208
0.007719
0.007378
0.005516
0.006961
0.011546
0.009558
0.007163
0.006857
0.005965
0.007309
0.006465
0.007941
0.007064
0.006258
0.007604
0.006685
0.006741
0.005909
0.005957
0.005820
0.008899
0.009077
0.005747
0.006396
0.007925
0.006844
0.006526
0.007705
0.007015
0.007676
0.008390
0.008195
0.007408
0.008085
0.007919
0.007228
0.006217
0.006708
0.006925
0.005856
0.008314
0.009933
0.006426
0.008046
0.008122
0.007891
0.007601
0.006047
0.005920
0.008222
0.005070
0.007466
0.004742
0.010152
0.007490
0.007767
0.006882
0.006359
0.004921
0.007102
0.008840
0.007519
0.008424
0.006191
0.006181
0.009451
0.009902
0.007174
0.007595
0.007955
0.007480
0.008346
0.008413
0.008303
0.007952
0.009543
0.006404
0.009437
0.007725
0.005714
0.007242
0.005979
0.005774
0.005181
0.005842
0.006761
0.007664
0.006535
0.006824
0.010378
0.006025
0.006202
0.006941
0.008566
0.007813
0.007746
0.008038
0.008981
0.007167
0.007141
0.008231
0.007463
0.006903
0.006852
0.007407
0.007395
0.008125
0.007641
0.005899
0.007446
0.007956
0.007806
0.008062
0.008584
0.007218
0.007347
0.010128
0.009506
0.009469
0.006603
0.006994
0.004932
0.005831
0.006052
0.008870
0.006962
0.008631
0.007858
0.009061
0.008970
0.006733
0.007646
0.007298
0.007172
0.006970
0.005381
0.007323
0.006527
0.007907
0.008858
0.008368
0.007158
0.007406
0.006324
0.007468
0.007872
0.006787
0.006551
0.006181
0.008684
0.006827
0.007275
0.006113
0.006226
0.007272
0.006842
0.007864
0.008163
0.008567
0.006820
0.008127
0.008936
0.006464
0.008831
0.005806
0.008171
0.005923
0.005726
0.008741
0.005938
0.007540
0.006582
0.007178
0.007463
0.007679
0.006238
0.008375
0.009713
0.008213
0.009690
0.006804
0.006762
0.009011
0.008157
0.006910
0.008402
0.007493
0.007283
0.006254
0.010814
0.012698
0.010765
0.009059
0.007560
0.007207
0.005927
0.008328
0.007002
0.008469
0.007925
0.008120
0.007816
0.007268
0.008498
0.007442
0.007629
0.007218
0.005374
0.007091
0.007052
0.006546
0.005688
0.008160
0.007569
0.008587
0.007543
0.006972
0.006474
0.007269
0.007433
0.006530
0.007040
0.006952
0.006136
0.008725
0.005809
0.008767
0.007779
0.007730
0.007258
0.006419
0.007485
0.006395
0.007778
0.009923
0.010002
0.003285
0.002851
0.008252
0.007329
0.005897
0.006100
0.007220
0.007160
0.008237
0.007215
0.006250
0.007343
0.006819
0.007231
0.007231
0.005937
0.008834
0.005829
0.005907
0.007663
0.008162
0.008801
0.006727
0.007255
0.007205
0.009370
0.009986
0.006717
0.009682
0.008034
0.011377
0.007178
0.007762
0.008819
0.010013
0.009313
0.011670
0.011240
0.011180
0.008939
0.006916
0.017222
0.018176
0.015050
0.013547
0.013062
0.012759
0.013189
0.013705
0.014079
0.012137
0.008745
0.009428
0.008279
0.007759
0.008608
0.007218
0.007658
0.007038
0.007140
0.005065
0.006772
0.005695
0.008812
0.004830
0.007308
0.006275
0.008732
0.005054
0.008703
0.006833
0.007610
0.005941
0.005114
0.003848
0.005590
0.008143
0.008520
0.006511
0.007396
0.005681
0.009653
0.004947
0.006530
0.007493
0.008561
0.009765
0.007942
0.007298
0.005039
0.006258
0.005995
0.008074
0.008588
0.008241
0.008100
0.008752
0.008288
0.007475
0.008351
0.008274
0.006193
0.007093
0.008268
0.007697
0.007273
0.007874
0.005631
0.006122
0.007667
0.010384
0.008707
0.007362
0.008754
0.008802
0.008657
0.008897
0.008412
0.008472
0.008496
0.008563
0.006515
0.005350
0.007375
0.005238
0.006420
0.007522
0.006437
0.007509
0.005180
0.007234
0.007373
0.005796
0.008284
0.009378
0.007082
0.009618
0.009463
0.006164
0.006058
0.007562
0.006683
0.008617
0.006034
0.006762
0.006908
0.005938
0.008603
0.007067
0.007169
0.006230
0.006156
0.007535
0.006340
0.006592
0.006549
0.009463
0.005021
0.007003
0.007451
0.006417
0.009923
0.007828
0.006169
0.006851
0.007659
0.007597
0.006456
0.007579
0.008727
0.008764
0.009054
0.007410
0.008628
0.010772
0.005837
0.005471
0.006383
0.006267
0.006720
0.007076
0.007973
0.005402
0.005223
0.008843
0.007537
0.008351
0.004707
0.004333
0.006468
0.008166
0.004458
0.005714
0.007780
0.006160
0.008933
0.008272
0.007769
0.006821
0.005419
0.007664
0.005594
0.005782
0.010685
0.007611
0.007484
0.006341
0.007653
0.006672
0.010764
0.007569
0.008420
0.013752
0.008852
0.009131
0.006436
0.011876
0.007327
0.006198
0.007914
0.007599
0.007154
0.005546
0.008804
0.007185
0.007400
0.007049
0.006469
0.007451
0.007401
0.007625
0.013067
0.008136
0.010783
0.009169
0.008678
0.005424
0.006410
0.007680
0.007168
0.006779
0.007378
0.006706
0.008163
0.006542
0.006115
0.006699
0.008314
0.007325
0.006888
0.007044
0.006018
0.008747
0.007907
0.006269
0.006450
0.007234
0.007710
0.005934
0.008034
0.009177
0.005753
0.008809
0.006165
0.008755
0.009906
0.011307
0.008651
0.005203
0.009211
0.008748
0.009660
0.008600
0.005928
0.007269
0.007492
0.010913
0.008392
0.006478
0.007451
0.008542
0.006882
0.006879
0.005951
0.005935
0.008408
0.008992
0.008538
0.007569
0.007462
0.009380
0.003713
0.008701
0.007465
0.006290
0.008190
0.009799
0.003743
0.013156
0.017286
0.013516
0.006404
0.006593
0.007303
0.003839
0.011322
0.012961
0.011231
0.011096
0.009956
0.007484
0.006289
0.006603
0.005926
0.005186
0.005968
0.007461
0.009319
0.009800
0.006562
0.006132
0.006157
0.008552
0.008591
0.004977
0.009308
0.006831
0.007165
0.007516
0.006577
0.008247
0.006492
0.007047
0.007032
0.007795
0.007497
0.008442
0.006677
0.005985
0.007600
0.008543
0.006565
0.006089
0.010345
0.008573
0.008586
0.007457
0.007193
0.009919
0.013874
0.009548
0.008983
0.011546
0.010734
0.011356
0.008874
0.006636
0.008522
0.008041
0.008137
0.008447
0.008934
0.007410
0.005026
0.006916
0.007924
0.006745
0.009420
0.008786
0.009143
0.008872
0.008412
0.008976
0.009299
0.006642
0.005743
0.007699
0.007598
0.008392
0.005374
0.007160
0.007808
0.007332
0.007056
0.005643
0.006329
0.006675
0.006140
0.006564
0.004684
0.007876
0.006649
0.012539
0.007702
0.008627
0.009252
0.009866
0.010338
0.009518
0.011352
0.012036
0.008193
0.009852
0.006385
0.005181
0.006194
0.006228
0.007908
0.006200
0.007772
0.017855
0.021278
0.008727
0.009630
0.003267
