0.000000
0.000000
0.080722
0.344061
0.503297
0.630493
0.702567
0.827843
0.959638
1.080894
1.165684
1.225503
1.264332
1.315925
1.356325
1.394855
1.438379
1.469426
1.488213
1.505803
1.532369
1.545999
1.566095
1.576588
1.586816
1.602964
1.617124
1.628508
1.641581
1.657193
1.667952
1.675897
1.686168
1.694240
1.700494
1.687787
1.663968
1.664803
1.673141
1.680383
1.688049
1.694930
1.704521
1.709127
1.715885
1.721779
1.726165
1.731751
1.735697
1.743217
1.744674
1.748167
1.752634
1.756931
1.760982
1.764706
1.766700
1.770404
1.774178
1.777393
1.780758
1.783911
1.789043
1.791992
1.793743
1.793490
1.789249
1.789878
1.793578
1.792829
1.796113
1.798593
1.800959
1.802182
1.805573
1.811512
1.812840
1.814309
1.816601
1.818501
1.820541
1.821508
1.824848
1.826443
1.828657
1.830201
1.832048
1.834116
1.836413
1.832369
1.827895
1.829352
1.830896
1.829840
1.830897
1.828460
1.819990
1.814746
1.810179
1.802547
1.803450
1.806660
1.801160
1.793095
1.794243
1.797009
1.798721
1.800294
1.803316
1.803506
1.805444
1.806919
1.808678
1.809727
1.811532
1.813693
1.815523
1.816062
1.817753
1.819093
1.820670
1.822357
1.824025
1.825281
1.826131
1.826036
1.822057
1.821574
1.824137
1.824708
1.825396
1.826338
1.827076
1.826742
1.829282
1.830059
1.831770
1.832296
1.833130
1.833933
1.835095
1.835851
1.837299
1.838153
1.837188
1.838535
1.839461
1.840175
1.841623
1.842219
1.843385
1.844295
1.845205
1.845799
1.847997
1.848868
1.849316
1.848664
1.849423
1.850181
1.850608
1.848658
1.846241
1.846987
1.847973
1.848484
1.849407
1.851125
1.850891
1.850938
1.849893
1.850073
1.850157
1.843228
1.835588
1.830471
1.829483
1.828643
1.828216
1.828285
1.827476
1.827990
1.828722
1.825498
1.818908
1.816468
1.816661
1.818291
1.819170
1.819488
1.820776
1.821449
1.822173
1.822788
1.824570
1.825328
1.826122
1.826618
1.827590
1.828293
1.829463
1.828605
1.829313
1.829310
1.829734
1.830220
1.831019
1.831961
1.832644
1.832985
1.833754
1.833547
1.833981
1.834895
1.834401
1.831774
1.831435
1.831918
1.832796
1.833484
1.834503
1.834928
1.835756
1.835732
1.837051
1.837458
1.838228
1.839353
1.839741
1.840104
1.840118
1.838089
1.837604
1.838761
1.838542
1.838183
1.838780
1.839117
1.839852
1.840459
1.841573
1.842154
1.842626
1.842990
1.843805
1.843352
1.840390
1.837486
1.837105
1.837619
1.838406
1.838942
1.839377
1.840347
1.840930
1.840986
1.841608
1.841915
1.842625
1.843136
1.844051
1.843964
1.844213
1.844754
1.845291
1.845794
1.846779
1.847254
1.847496
1.848193
1.848687
1.849148
1.849356
1.850306
1.850869
1.851358
1.851458
1.851687
1.849396
1.847761
1.848451
1.848737
1.849413
1.849816
1.849846
1.850106
1.847529
1.843690
1.842728
1.843015
1.843553
1.844121
1.844713
1.845450
1.846109
1.846282
1.846633
1.846941
1.847430
1.847888
1.846593
1.846391
1.846783
1.846513
1.846986
1.843627
1.839821
1.838911
1.839192
1.839486
1.840082
1.840510
1.840974
1.841695
1.842251
1.842687
1.843049
1.843360
1.843756
1.844613
1.845041
1.845323
1.845890
1.846309
1.846535
1.846523
1.847586
1.847856
1.848259
1.848442
1.848906
1.850085
1.850657
1.850972
1.849927
1.848680
1.848554
1.848399
1.847180
1.842830
1.839639
1.839517
1.840098
1.840422
1.840898
1.841157
1.842053
1.842377
1.842393
1.840851
1.837271
1.835402
1.836211
1.836649
1.837073
1.837479
1.837947
1.838128
1.838524
1.839637
1.840112
1.840443
1.840903
1.841095
1.841577
1.842348
1.842755
1.843013
1.843502
1.843669
1.843387
1.843518
1.844230
1.844371
1.844860
1.845175
1.845565
1.844322
1.843350
1.843986
1.843890
1.844264
1.844564
1.843769
1.840762
1.838679
1.838664
1.839113
1.839391
1.839790
1.840175
1.840481
1.840633
1.840789
1.840836
1.839575
1.839401
1.839583
1.840294
1.840233
1.840531
1.840856
1.841066
1.841377
1.841866
1.843757
1.844602
1.845385
1.845746
1.846035
1.846304
1.846547
1.847245
1.847503
1.847723
1.848044
1.848155
1.848540
1.848438
1.845411
1.843860
1.843794
1.844257
1.844395
1.844707
1.845232
1.845645
1.845878
1.845262
1.844727
1.844890
1.844507
1.841600
1.840310
1.840651
1.840954
1.841303
1.841408
1.842302
1.841548
1.840620
1.840746
1.841153
1.841131
1.841028
1.838919
1.837135
1.836884
1.837353
1.838777
1.840840
1.841939
1.840598
1.838373
1.837842
1.838303
1.838599
1.838786
1.837963
1.837024
1.837104
1.837509
1.837826
1.838119
1.838643
1.838825
1.839230
1.839396
1.839193
1.838264
1.838589
1.837432
1.835836
1.833088
1.831268
1.831268
1.831612
1.831827
1.832516
1.832874
1.833164
1.833378
1.833776
1.834057
1.834411
1.834461
1.834620
1.834907
1.835167
1.835317
1.835679
1.836136
1.836287
1.836568
1.836878
1.837124
1.837225
1.836954
1.835533
1.833799
1.831172
1.829558
1.829542
1.829807
1.830470
1.830574
1.830764
1.831057
1.831041
1.831198
1.831824
1.832640
1.832829
1.833135
1.833481
1.833686
1.834050
1.834496
1.834901
1.835328
1.835627
1.835790
1.836167
1.836431
1.836966
1.837086
1.836932
1.834968
1.833556
1.833821
1.835148
1.835611
1.835837
1.835994
1.836314
1.836638
1.836917
1.837338
1.837649
1.837858
1.838112
1.836844
1.834451
1.833868
1.833853
1.834128
1.834366
1.834824
1.835042
1.833940
1.834412
1.834359
1.833145
1.832373
1.832608
1.832846
1.832957
1.833218
1.833537
1.833399
1.833257
1.831939
1.830067
1.829868
1.830186
1.830397
1.830670
1.830881
1.831120
1.831226
1.830967
1.830998
1.831325
1.831550
1.831837
1.832052
1.832348
1.832624
1.833046
1.833228
1.833380
1.833468
1.833884
1.834336
1.834608
1.834738
1.835102
1.835349
1.835544
1.835700
1.836308
1.836551
1.836795
1.836932
1.837259
1.837494
1.837957
1.838194
1.836879
1.834935
1.832904
1.832467
1.832651
1.833117
1.833312
1.832915
1.832614
1.832672
1.832925
1.833148
1.833641
1.833829
1.834090
1.834297
1.834504
1.834741
1.834722
1.833541
1.833483
1.833580
1.833562
1.832420
1.832890
1.832045
1.830045
1.829474
1.829690
1.829927
1.830191
1.830657
1.830895
1.831126
1.831357
1.831598
1.831832
1.832065
1.832468
1.832576
1.832775
1.833018
1.833225
1.833437
1.833646
1.834046
1.834284
1.834444
1.834041
1.831948
1.829130
1.826306
1.823509
1.820700
1.817915
1.815062
1.812354
1.809587
1.806843
1.804026
1.801355
1.798613
1.795895
1.793181
1.790468
1.787769
1.785088
1.782388
1.779732
1.777050
1.774404
1.771737
1.769115
1.766464
1.763845
1.761163
1.758618
1.755997
1.753414
1.750817
1.748255
1.745667
1.743104
1.740537
1.737991
1.735451
1.732929
1.730385
1.727877
1.725352
1.722861
1.720338
1.717871
1.715370
1.712901
1.710417
1.707977
1.705504
1.703066
1.700612
1.698195
1.695754
1.693340
1.690868
1.688526
1.686116
1.683732
1.681345
1.678966
1.676591
1.674226
1.671862
1.669511
