0.000000
0.000000
0.002000
0.002000
0.004000
45.668000
47.530000
57.962000
67.647000
78.222000
82.676000
89.667000
95.541000
102.591000
105.525000
110.608000
134.192000
146.961000
158.459000
178.825000
191.593000
196.289000
205.376000
220.639000
242.882000
258.813000
270.331000
277.549000
286.538000
306.465000
316.064000
329.117000
341.744000
350.266000
355.934000
360.374000
365.917000
375.154000
376.419000
380.597000
389.596000
398.468000
406.682000
423.378000
435.825000
448.219000
458.842000
471.494000
484.013000
494.877000
496.750000
499.222000
508.571000
516.166000
528.448000
537.717000
542.365000
548.346000
562.767000
575.180000
584.261000
593.288000
597.315000
603.999000
613.028000
628.978000
641.721000
650.697000
652.221000
661.092000
679.838000
694.600000
701.930000
713.424000
726.667000
744.566000
757.651000
770.328000
784.298000
796.781000
811.160000
822.379000
835.444000
853.604000
861.709000
866.365000
871.742000
876.124000
880.785000
887.354000
903.701000
905.669000
909.093000
916.529000
920.434000
921.205000
926.599000
934.964000
938.583000
939.413000
939.837000
940.038000
940.110000
940.339000
940.343000
940.343000
940.356000
942.676000
948.293000
956.347000
964.917000
973.132000
979.170000
988.509000
998.716000
1010.298000
1023.879000
1038.622000
1046.190000
1050.806000
1053.862000
1057.735000
1061.076000
1068.688000
1081.058000
1090.598000
1099.642000
1112.771000
1119.529000
1128.287000
1135.449000
1143.191000
1149.268000
1154.815000
1164.419000
1179.523000
1190.326000
1204.300000
1214.114000
1223.915000
1230.864000
1238.154000
1245.984000
1253.038000
1259.120000
1267.312000
1273.391000
1286.326000
1299.886000
1313.194000
1320.204000
1325.429000
1329.399000
1334.081000
1339.200000
1346.894000
1356.996000
1372.531000
1385.499000
1395.310000
1401.482000
1407.975000
1421.443000
1437.543000
1443.420000
1457.748000
1470.468000
1479.862000
1485.297000
1498.736000
1513.029000
1519.447000
1533.080000
1542.136000
1543.807000
1543.935000
1545.495000
1552.119000
1554.357000
1554.696000
1563.405000
1567.184000
1572.551000
1578.265000
1581.455000
1582.430000
1583.133000
1583.451000
1583.761000
1583.845000
1584.065000
1584.250000
1588.933000
1595.155000
1595.562000
1595.718000
1596.836000
1599.588000
1600.574000
1605.466000
1605.604000
1609.658000
1616.134000
1624.813000
1634.329000
1649.222000
1658.486000
1672.712000
1682.453000
1694.088000
1708.969000
1719.045000
1725.007000
1734.501000
1743.233000
1751.497000
1751.876000
1755.723000
1762.078000
1767.252000
1772.767000
1780.262000
1790.648000
1807.250000
1824.524000
1844.078000
1853.255000
1860.883000
1865.009000
1871.686000
1877.323000
1882.848000
1885.315000
1885.455000
1887.473000
1891.869000
1894.912000
1899.598000
1907.993000
1920.854000
1926.094000
1933.380000
1938.843000
1949.810000
1959.214000
1961.823000
1967.593000
1975.548000
1975.897000
1987.166000
1993.397000
1994.484000
1994.732000
1994.755000
1995.358000
1997.443000
1999.299000
2002.756000
2007.424000
2011.869000
2015.705000
2022.850000
2030.721000
2033.198000
2033.408000
2033.585000
2033.617000
2033.619000
2033.619000
2033.625000
2033.636000
2033.637000
2033.860000
2037.819000
2041.183000
2043.533000
2043.817000
2043.994000
2044.171000
2045.552000
2045.711000
2045.714000
2046.714000
2049.457000
2051.813000
2058.728000
2072.875000
2081.638000
2082.467000
2095.469000
2103.627000
2110.038000
2114.578000
2119.611000
2122.002000
2122.882000
2123.642000
2126.089000
2129.799000
2135.860000
2139.494000
2141.413000
2142.647000
2144.163000
2145.872000
2148.164000
2150.270000
2150.564000
2150.577000
2150.584000
2150.584000
2150.584000
2150.584000
2150.587000
2150.588000
2150.589000
2150.589000
2150.589000
2150.849000
2150.936000
2150.938000
2151.028000
2151.189000
2151.291000
2152.796000
2159.626000
2165.401000
2170.088000
2173.833000
2178.707000
2184.170000
2190.793000
2198.368000
2211.391000
2220.350000
2224.903000
2226.032000
2226.482000
2227.187000
2231.259000
2231.361000
2231.470000
2231.501000
2231.536000
2231.652000
2231.708000
2231.794000
2231.828000
2231.852000
2231.957000
2232.040000
2232.305000
2232.544000
2233.979000
2235.669000
2235.786000
2235.881000
2236.087000
2236.248000
2236.252000
2236.286000
2236.296000
2236.322000
2236.387000
2236.387000
2236.388000
2236.413000
2236.806000
2238.236000
2242.069000
2245.785000
2248.236000
2249.508000
2250.567000
2250.899000
2253.200000
2256.426000
2263.921000
2276.591000
2289.840000
2295.064000
2308.370000
2312.826000
2315.992000
2317.535000
2319.090000
2319.143000
2319.248000
2319.340000
2321.874000
2328.428000
2335.205000
2342.209000
2349.486000
2356.452000
2364.109000
2367.179000
2370.418000
2375.617000
2378.123000
2379.614000
2383.072000
2389.818000
2398.059000
2413.437000
2437.467000
2452.358000
2465.221000
2471.690000
2476.192000
2481.812000
2489.655000
2494.059000
2496.963000
2499.873000
2503.896000
2512.577000
2533.495000
2545.308000
2552.898000
2554.774000
2555.035000
2555.172000
2562.864000
2573.552000
2579.400000
2585.349000
2589.092000
2599.171000
2613.169000
2616.944000
2622.365000
2625.173000
2625.973000
2626.131000
2626.690000
2627.373000
2628.953000
2628.971000
2635.070000
2644.670000
2647.038000
2648.893000
2654.061000
2660.992000
2669.894000
2671.723000
2672.161000
2672.242000
2672.363000
2672.487000
2672.491000
2673.079000
2677.997000
2678.649000
2678.788000
2678.829000
2678.829000
2678.830000
2678.838000
2678.838000
2678.859000
2678.863000
2681.747000
2684.569000
2689.022000
2695.190000
2697.781000
2699.747000
2702.887000
2703.379000
2703.812000
2705.372000
2706.233000
2706.341000
2706.345000
2706.595000
2706.991000
2708.722000
2713.102000
2716.867000
2721.751000
2727.431000
2733.803000
2735.422000
2738.160000
2749.449000
2752.508000
2755.538000
2764.368000
2774.403000
2785.991000
2791.937000
2799.655000
2810.126000
2818.500000
2824.867000
2827.396000
2832.284000
2835.416000
2835.672000
2835.925000
2835.947000
2835.947000
2835.955000
2835.958000
2836.990000
2837.431000
2837.484000
2839.716000
2841.130000
2841.210000
2841.303000
2841.418000
2841.616000
2841.618000
2841.618000
2841.620000
2841.646000
2841.650000
2841.652000
2842.978000
2847.294000
2854.721000
2860.183000
2865.486000
2871.807000
2877.607000
2880.609000
2882.366000
2882.386000
2882.472000
2882.479000
2882.481000
2882.481000
2882.491000
2882.518000
2882.533000
2882.641000
2887.166000
2891.563000
2894.094000
2896.092000
2896.284000
2896.290000
2897.165000
2899.758000
2904.777000
2909.884000
2921.895000
2931.429000
2945.228000
2953.172000
2961.304000
2965.681000
2979.734000
2992.580000
2999.193000
3004.968000
3013.164000
3026.288000
3031.182000
3032.878000
3034.335000
3034.607000
3035.116000
3036.526000
3041.258000
3042.970000
3045.494000
3050.725000
3056.181000
3057.982000
3062.296000
3065.350000
3067.979000
3068.853000
3069.386000
3069.565000
3069.682000
3069.697000
3069.721000
3069.746000
3070.660000
3070.791000
3070.923000
3071.194000
3071.448000
3071.456000
3071.457000
3071.457000
3071.528000
3071.585000
3071.617000
3071.623000
3071.623000
3071.632000
3071.634000
3071.634000
3074.877000
3077.588000
3077.672000
3077.784000
3080.200000
3082.953000
3086.209000
3095.173000
3095.574000
3097.528000
3101.484000
3106.129000
3111.455000
3114.893000
3116.779000
3118.516000
3121.969000
3125.159000
3130.113000
3132.292000
3132.695000
3132.767000
3140.500000
3144.550000
3147.278000
3149.184000
3149.655000
3149.818000
3150.035000
3150.048000
3150.049000
3150.092000
3150.154000
3150.222000
3150.228000
3150.240000
3150.248000
3152.466000
3156.487000
3160.475000
3164.327000
3165.938000
3167.436000
3168.371000
3168.842000
3168.889000
3168.908000
3168.932000
3168.975000
3168.987000
3168.988000
3168.988000
3168.988000
3168.988000
3168.988000
3168.988000
3168.988000
3168.988000
3168.988000
3168.988000
3168.988000
3168.988000
3168.988000
3168.988000
3168.988000
3168.988000
3168.988000
3168.988000
3168.988000
3168.988000
3168.988000
3168.988000
3168.988000
3168.988000
3168.988000
3168.988000
3168.988000
3168.988000
3168.988000
3168.988000
3168.988000
3168.988000
3168.988000
3168.988000
3168.988000
3168.988000
3168.988000
3168.988000
3168.988000
3168.988000
3168.988000
3168.988000
3168.988000
3168.988000
3168.988000
3168.988000
3168.988000
3168.988000
3168.988000
3168.988000
3168.988000
3168.988000
3168.988000
3168.988000
3168.988000
3168.988000
3168.988000
3168.988000
3168.988000
3168.988000
3168.988000
3168.988000
3168.988000
3168.988000
