1.59735
1.59769
2.09746
2.5975
3.09746
3.62107
4.09741
4.59795
5.10132
5.63546
6.09745
6.59878
7.09854
7.63179
8.09745
8.59826
9.12098
9.63659
10.0974
10.599
11.103
11.633
12.0974
12.5985
13.0986
13.6373
14.0977
14.599
15.0983
15.6288
16.0981
16.5997
17.098
17.6292
18.1237
18.6018
19.0998
19.6334
20.0975
20.5996
21.0982
21.639
22.0975
22.6028
23.0981
23.6241
24.0975
24.5989
25.1031
25.6272
26.0975
26.5979
27.0985
27.6248
28.0975
28.5987
29.0981
29.6374
30.098
30.5989
31.0985
31.6417
32.0985
32.5984
33.0989
33.6151
34.1155
34.6231
35.0986
35.621
36.1009
36.6128
37.0984
37.6131
38.0988
38.6171
39.0975
39.6096
40.0979
40.6124
41.098
41.6042
42.0979
42.6143
43.1025
43.6137
44.0981
44.6246
45.1048
45.6025
46.0986
46.6103
47.0975
47.6098
48.0977
48.6267
49.1015
49.6033
50.115
50.6175
51.0996
51.6123
52.098
52.609
53.0974
53.6086
54.0981
54.6088
55.0974
55.6062
56.098
56.6151
57.1015
57.614
58.0979
58.611
59.0981
59.616
60.0978
60.621
61.1081
61.6185
62.0979
62.6224
63.1081
63.6179
64.1154
64.6259
65.1085
65.6181
66.0981
66.6201
67.1091
67.6151
68.1011
68.6253
69.1087
69.631
70.1026
70.6173
71.1087
71.6239
72.1057
72.6219
73.1093
73.6188
74.1197
74.626
75.1102
75.6227
76.1086
76.6227
77.1085
77.6221
78.1087
78.6229
79.1084
79.6192
80.1093
80.6231
81.1087
81.6236
82.1254
82.6235
83.1096
83.6239
84.1183
84.6222
85.1162
85.6216
86.1118
86.6224
87.109
87.6198
88.1091
88.6222
89.1083
89.6169
90.1098
90.6396
91.1094
91.6147
92.1093
92.6249
93.1187
93.6344
94.1096
94.6221
95.1115
95.6163
96.1085
96.6367
97.1097
97.625
98.1095
98.6265
99.1088
99.6188
100.109
100.623
101.109
101.63
102.109
102.638
103.108
103.619
104.11
104.624
105.109
105.629
106.109
106.623
107.109
107.628
108.108
108.627
109.109
109.624
110.11
110.624
111.11
111.626
112.111
112.624
113.11
113.659
114.108
114.624
115.11
115.616
116.109
116.622
117.112
117.624
118.123
118.623
119.109
119.635
120.11
120.626
121.11
121.637
122.108
122.61
123.109
123.633
124.109
124.611
125.11
125.62
126.13
126.622
127.109
127.615
128.109
128.624
129.108
129.617
130.109
130.623
131.109
131.617
132.109
132.623
133.109
133.625
134.109
134.622
135.109
135.616
136.127
136.628
137.108
137.619
138.129
138.622
139.109
139.631
140.13
140.622
141.107
141.618
142.109
142.628
143.109
143.628
144.132
144.622
145.108
145.615
146.109
146.626
147.11
147.615
148.109
148.623
149.108
149.615
150.11
150.623
151.113
151.614
152.109
152.625
153.109
153.645
154.109
154.623
155.11
155.612
156.109
156.623
157.109
157.613
158.107
158.631
159.11
159.613
160.108
160.622
161.109
161.616
162.109
162.622
163.108
163.615
164.109
164.624
165.108
165.617
166.109
166.626
167.109
167.617
168.122
168.629
169.108
169.613
170.122
170.63
171.109
171.613
172.109
172.615
173.101
173.614
174.102
174.618
175.102
175.613
176.109
176.6
177.098
177.629
178.104
178.621
179.109
179.617
180.102
180.622
181.122
181.617
182.101
182.607
183.099
183.629
184.108
184.618
185.105
185.628
186.108
186.61
187.108
187.608
188.1
188.623
189.108
189.623
190.099
190.623
191.11
191.614
192.11
192.623
193.109
193.618
194.101
194.621
195.109
195.617
196.112
196.626
197.105
197.619
198.101
198.63
199.109
199.629
200.128
200.631
201.111
201.629
202.119
202.619
203.11
203.619
204.105
204.638
205.108
205.618
206.106
206.623
207.115
207.621
208.105
208.623
209.11
209.617
210.132
210.623
211.11
211.617
212.11
212.632
213.108
213.617
214.109
214.622
215.11
215.611
216.112
216.624
217.11
217.616
218.109
218.622
219.108
219.621
220.108
220.624
221.109
221.618
222.109
222.629
223.11
223.627
224.107
224.622
225.109
225.612
226.109
226.623
227.111
227.614
228.109
228.622
229.109
229.615
230.109
230.623
231.107
231.618
232.128
232.632
233.11
233.62
234.121
234.621
235.109
235.628
236.109
236.622
237.108
237.62
238.109
238.623
239.11
239.62
240.109
240.624
241.108
241.638
242.106
242.624
243.108
243.622
244.131
244.617
245.102
245.612
246.105
246.622
247.106
247.619
248.127
248.621
249.11
249.614
250.121
250.631
251.116
251.613
252.099
252.614
253.11
253.622
254.102
254.614
255.099
255.612
256.099
256.631
257.098
257.612
258.116
258.61
259.098
259.633
260.098
260.611
261.097
261.607
262.098
262.616
263.097
263.604
264.098
264.61
265.098
265.604
266.099
266.611
267.097
267.604
268.098
268.612
269.104
269.606
270.098
270.612
271.097
271.611
272.098
272.609
273.097
273.607
274.104
274.628
275.108
275.623
276.098
276.616
277.098
277.625
278.098
278.623
279.099
279.615
280.098
280.607
281.098
281.63
282.106
282.603
283.102
283.642
284.098
284.6
285.098
285.613
286.098
286.62
287.098
287.64
288.104
288.618
289.098
289.625
290.098
290.622
291.097
291.61
292.098
292.622
293.097
293.608
294.099
294.615
295.098
295.639
296.099
296.634
297.097
297.614
298.099
298.615
299.098
299.612
300.098
300.612
301.099
301.609
302.099
302.599
303.098
303.607
304.098
304.629
305.097
305.614
306.098
306.615
307.098
307.616
308.099
308.614
309.097
309.608
310.099
310.62
311.099
311.626
312.1
312.616
313.1
313.61
314.099
314.623
315.098
315.606
316.099
316.599
317.1
317.61
318.098
318.599
319.1
319.608
320.099
320.626
321.098
321.602
322.098
322.615
323.101
323.607
324.099
324.62
325.097
325.602
326.099
326.616
327.097
327.602
328.098
328.611
329.098
329.603
330.098
330.61
331.097
331.602
332.099
332.618
333.098
333.602
334.099
334.618
335.097
335.603
336.099
336.617
337.097
337.603
338.099
338.611
339.097
339.607
340.099
340.62
341.097
341.603
342.1
342.621
343.099
343.603
344.098
344.615
345.097
345.603
346.098
346.618
347.097
347.604
348.099
348.614
349.097
349.606
350.099
350.621
351.097
351.603
352.099
352.611
353.097
353.601
354.098
354.614
355.097
355.602
356.098
356.622
357.097
