0.001810
0.001786
0.001848
0.001974
0.002518
0.002197
0.002156
0.002158
0.002823
0.002422
0.003029
0.003127
0.003344
0.003378
0.003368
0.003270
0.003440
0.003493
0.003134
0.003330
0.003654
0.003486
0.003505
0.003478
0.003441
0.003334
0.003030
0.003593
0.003906
0.003664
0.004115
0.003489
0.004049
0.003048
0.003216
0.003374
0.002987
0.002575
0.002812
0.004339
0.003619
0.003826
0.003730
0.003884
0.003897
0.004451
0.003436
0.004379
0.003960
0.003865
0.003605
0.003802
0.004820
0.004374
0.004645
0.004300
0.004167
0.004746
0.004219
0.004373
0.004576
0.004095
0.003758
0.003705
0.003706
0.003506
0.003449
0.003347
0.003626
0.003406
0.003306
0.002709
0.002720
0.002962
0.003289
0.003042
0.003090
0.002665
0.002826
0.002986
0.006225
0.002936
0.003296
0.003238
0.003365
0.003999
0.003763
0.004840
0.005419
0.005092
0.003688
0.003615
0.003670
0.003704
0.003435
0.003514
0.003570
0.003860
0.004393
0.003976
0.003952
0.003651
0.003905
0.004018
0.003963
0.003579
0.003851
0.004181
0.004165
0.004127
0.006520
0.004161
0.003995
0.004039
0.003931
0.003992
0.004353
0.003334
0.003436
0.004375
0.003035
0.003019
0.003389
0.003464
0.003233
0.003538
0.003338
0.003055
0.002799
0.003510
0.003982
0.002646
0.002834
0.002800
0.002378
0.002602
0.002342
0.002302
0.002645
0.002536
0.002359
0.002651
0.002810
0.002723
0.002844
0.002759
0.002980
0.002907
0.003109
0.002702
0.002762
0.002960
0.002398
0.002433
0.002835
0.002453
0.002476
0.002516
0.002766
0.002353
0.002700
0.002614
0.002541
0.002407
0.002544
0.002558
0.002395
0.002815
0.002709
0.002618
0.002158
0.002876
0.002161
0.001822
0.002036
0.001750
0.001876
0.001961
0.002211
0.002362
0.002887
0.003215
0.003177
0.003188
0.003268
0.003392
0.003367
0.003631
0.003276
0.003729
0.003448
0.003450
0.003339
0.003932
0.003981
0.004134
0.004368
0.004531
0.004457
0.004208
0.003788
0.003823
0.003446
0.003603
0.003604
0.003069
0.003347
0.003131
0.003259
0.003399
0.003431
0.003740
0.004305
0.004220
0.004260
0.004120
0.003951
0.003580
0.003721
0.003880
0.003631
0.003492
0.004258
0.003681
0.004243
0.004261
0.003835
0.003377
0.004018
0.003778
0.003692
0.003541
0.003729
0.004178
0.003801
0.003845
0.004061
0.004128
0.003516
0.004026
0.004035
0.004628
0.004425
0.004284
0.004434
0.004291
0.004352
0.003904
0.004409
0.004059
0.004752
0.004418
0.004375
0.004205
0.004002
0.004100
0.004433
0.006816
0.003119
0.003692
0.006340
0.003340
0.002982
0.003289
0.003252
0.003367
0.003479
0.003393
0.003193
0.003871
0.003375
0.003691
0.003392
0.004767
0.004519
0.004522
0.005072
0.004747
0.004429
0.004597
0.004512
0.005559
0.005441
0.005623
0.005902
0.006017
0.005807
0.005549
0.005935
0.005238
0.005440
0.004972
0.005388
0.004958
0.005466
0.005417
0.005715
0.005402
0.005152
0.006222
0.005502
0.005742
0.005496
0.005487
0.005418
0.005310
0.005483
0.005973
0.005149
0.006039
0.006107
0.006384
0.005950
0.006379
0.006048
0.006406
0.006011
0.006241
0.006697
0.006088
0.006176
0.006359
0.005953
0.006409
0.006233
0.006166
0.005879
0.006564
0.006223
0.006251
0.006203
0.006629
0.006144
0.005981
0.005601
0.005499
0.005530
0.005644
0.005513
0.005916
0.012506
0.005954
0.006409
0.005879
0.006761
0.005862
0.006284
0.006431
0.005831
0.006161
0.006209
0.005822
0.006135
0.005965
0.005783
0.005832
0.005806
0.005485
0.006276
0.006004
0.005772
0.006262
0.005897
0.005419
0.006001
0.005231
0.004815
0.008111
0.004306
0.004560
0.004459
0.004427
0.004356
0.004552
0.004169
0.003945
0.003933
0.004153
0.003900
0.004105
0.004599
0.004521
0.004617
0.003937
0.004005
0.003939
0.004490
0.003901
0.003826
0.004343
0.004632
0.004377
0.004019
0.004181
0.004273
0.004829
0.004078
0.004078
0.004028
0.004418
0.004840
0.004105
0.003917
0.003891
0.003729
0.005136
0.003621
0.005005
0.003737
0.004307
0.004179
0.004199
0.004509
0.005051
0.005060
0.005341
0.004543
0.005127
0.005139
0.005285
0.005304
0.005923
0.006215
0.006349
0.006066
0.006057
0.005990
0.006914
0.005975
0.005882
0.006247
0.006315
0.006057
0.005909
0.005811
0.005474
0.005655
0.005595
0.005770
0.005918
0.005414
0.004994
0.004763
0.004992
0.004566
0.004644
0.004883
0.004336
0.004263
0.004404
0.004739
0.008370
0.004008
0.004308
0.003845
0.003848
0.004817
0.004669
0.004978
0.004701
0.004829
0.004266
0.004215
0.004184
0.006368
0.005071
0.004555
0.004122
0.004689
0.004405
0.004917
0.004956
0.005319
0.007158
0.005637
0.005296
0.005331
0.005455
0.005206
0.005528
0.005157
0.005377
0.005012
0.005408
0.005556
0.006115
0.005502
0.005591
0.005668
0.005441
0.005608
0.005603
0.006015
0.005481
0.005461
0.005616
0.005078
0.005041
0.004598
0.005365
0.004987
0.005021
0.004054
0.004205
0.004067
0.003934
0.003990
0.004000
0.003628
0.003579
0.003639
0.004392
0.004637
0.004955
0.005270
0.004973
0.005000
0.005336
0.005499
0.005594
0.005445
0.005309
0.005421
0.005306
0.005378
0.005312
0.005243
0.005406
0.005546
0.005360
0.005173
0.009115
0.005122
0.005183
0.005301
0.005383
0.006141
0.005687
0.005563
0.005844
0.006221
0.005402
0.008325
0.006621
0.005993
0.005263
0.005119
0.005621
0.005947
0.006138
0.005695
0.005626
0.005723
0.006449
0.006071
0.006432
0.006698
0.006738
0.008254
0.007876
0.007564
0.007419
0.008020
0.007480
0.007439
0.007433
0.006556
0.006757
0.007493
0.007874
0.007179
0.006991
0.007175
0.011893
0.007429
0.007180
0.007067
0.006943
0.007077
0.007032
0.007274
0.008634
0.007058
0.007364
0.006742
0.007014
0.006806
0.010285
0.006537
0.006769
0.006637
0.006616
0.006440
0.006418
0.006042
0.005767
0.005276
0.005449
0.005190
0.004967
0.005288
0.005294
0.005349
0.005464
0.005499
0.005524
0.005220
0.005237
0.005132
0.005048
0.005344
0.005181
0.005296
0.004660
0.004839
0.005268
0.005180
0.004911
0.004889
0.005028
0.004827
0.005104
0.004685
0.004776
0.004725
0.004405
0.004791
0.004889
0.004465
0.004290
0.004659
0.004616
0.004164
0.004743
0.004722
0.004589
0.004726
0.004541
0.004546
0.004207
0.004796
0.004697
0.004465
0.004692
0.004272
0.004602
0.004980
0.004003
0.004411
0.004558
0.004555
0.004380
0.004719
0.004223
0.004148
0.004485
0.004097
0.003890
0.004017
0.004021
0.004989
0.007358
0.005707
0.007182
0.005469
0.005287
0.011098
0.005269
0.005962
0.006157
0.006928
0.006597
0.006294
0.005931
0.005987
0.006047
0.005160
0.005323
0.004819
0.005061
0.005261
0.005430
0.005692
0.005709
0.005572
0.005467
0.005813
0.005547
0.005549
0.005242
0.005898
0.005639
0.005731
0.003824
0.006008
0.006660
0.006144
0.005679
0.006858
0.007286
0.006690
0.006578
0.006996
0.006210
0.003783
0.003306
0.006015
0.005555
0.005569
0.004596
0.004956
0.005248
0.005932
0.004516
0.005614
0.004549
0.004052
0.003888
0.004026
0.003281
0.003828
0.003858
0.003968
0.003756
0.007677
0.003637
0.004406
0.004566
0.003692
0.003575
0.004869
0.004686
0.004361
0.005414
0.005384
0.005231
0.009493
0.005063
0.005256
0.005538
0.005988
0.004813
0.004360
0.004511
0.004159
0.004827
0.003953
0.005159
0.004471
0.004725
0.005380
0.004193
0.003950
0.006698
0.004253
0.003723
0.004001
0.006206
0.006299
0.003667
0.004940
0.007137
0.003609
