4.99722
5.03607
5.12281
5.40564
5.93568
6.87137
7.52418
8.46798
9.20323
9.86641
10.5356
10.796
11.8584
12.577
12.8019
13.5873
13.9821
14.0299
14.0683
14.1098
14.1417
14.7791
14.8106
15.0452
15.0823
15.115
15.144
16.5071
17.0585
17.0965
17.1272
17.1781
18.1106
19.0452
19.1894
19.2345
19.4432
19.469
19.5008
20.4064
20.9362
20.9709
21.051
21.469
22.3901
22.4328
22.4649
22.5121
22.5512
22.9255
23.4472
24.261
25.6626
25.7151
26.1184
27.5179
28.1268
28.5194
28.6541
29.5929
29.9956
31.1713
31.5987
31.6464
31.7024
31.7544
32.5503
32.9275
33.1904
33.3297
34.2572
34.3943
35.6752
35.9963
36.933
37.6055
37.9961
38.9423
39.3273
39.7301
40.3291
41.2937
41.4585
41.8592
43.19
43.9958
44.2529
45.5853
46.8579
47.3314
48.126
49.1837
50.5686
50.9205
51.8638
51.9881
52.2584
52.3906
53.1859
53.714
53.7513
53.7796
53.8415
54.515
54.5512
54.5795
54.6301
56.0065
56.0485
56.5073
57.8483
57.9794
58.0203
59.3185
59.3576
60.6433
60.9148
62.1146
62.6479
63.4475
64.2571
64.388
65.0485
65.1805
65.4486
65.5857
65.8474
66.382
66.4268
66.4665
67.0492
67.8411
68.1213
68.1527
68.1813
69.5733
70.1165
71.5065
71.5388
71.5765
71.7241
71.7517
71.7835
71.8285
71.874
71.9094
72.1176
72.1506
72.2342
72.2699
72.302
72.324
72.3739
72.4095
72.4388
72.4652
72.504
72.5369
72.5646
72.6036
72.6455
72.6774
72.7026
72.7319
72.778
72.8259
72.8676
72.9051
72.9346
72.9648
72.9897
73.0303
73.0634
73.1242
73.1724
73.4297
73.4692
73.4888
73.5277
73.5719
74.9511
76.3412
77.0475
77.0851
77.1185
77.1679
77.2025
77.2319
78.6496
79.4507
79.4857
79.5736
79.6145
80.2579
81.1863
81.3319
82.441
82.6571
82.9195
83.7283
83.8669
84.4094
85.4589
86.5186
87.8647
88.4975
88.8001
88.9296
89.73
90.9033
91.1947
92.3863
92.921
93.3374
94.701
94.9227
95.8786
96.5333
96.6608
96.6921
96.7225
96.7633
96.8086
97.1816
98.0438
98.5195
98.5594
98.5889
99.1841
99.2324
99.4543
99.4851
99.5245
99.572
99.6468
99.6981
99.7429
99.7828
99.8374
101.062
101.588
102.47
102.662
103.899
104.14
104.251
104.293
105.394
105.733
106.271
107.322
107.377
107.427
108.142
108.795
110.187
111.045
111.084
111.133
111.173
111.212
111.243
111.267
111.98
112.008
112.14
113.181
113.319
113.375
114.252
114.404
115.315
115.381
115.847
116.143
116.181
117.52
117.57
117.63
117.671
119.046
119.715
121.099
121.6
122.09
123.458
124.401
124.909
125.051
125.313
125.446
126.832
127.712
129.099
130.481
131.593
132.769
132.926
133.061
133.998
134.165
134.263
135.67
135.724
136
136.258
136.308
136.403
137.799
138.429
138.805
139.652
140.51
140.911
140.94
140.968
141.979
142.008
142.042
142.072
142.139
142.17
142.2
142.244
142.284
142.307
142.341
142.407
142.441
142.479
142.52
142.547
142.582
142.65
142.689
142.715
142.773
142.827
142.899
142.939
144.343
144.996
145.15
145.181
145.249
145.288
145.399
145.526
145.904
145.937
147.256
147.401
147.43
147.464
147.505
147.543
147.575
147.63
147.68
147.71
147.739
147.784
147.831
147.897
147.943
149.325
150.732
150.983
151.14
151.17
151.242
151.272
151.304
152.174
152.205
153.26
153.654
153.684
153.714
153.772
154.721
155.142
155.245
156.174
156.572
156.623
157.665
157.903
157.934
158.974
159.403
159.514
159.542
159.657
159.687
159.72
160.451
160.487
160.522
161.776
162.565
163.397
163.426
163.65
163.686
163.715
163.748
163.791
165.162
166.569
166.629
166.659
166.716
168.082
168.883
168.928
170.317
170.977
171.907
172.454
173.793
175.175
175.528
175.673
175.714
176.727
177.264
177.31
177.91
178.179
179.046
179.14
180.33
180.468
181.405
181.792
181.825
182.063
182.126
182.178
182.21
182.979
183.133
183.174
183.206
183.394
183.427
183.452
183.495
183.533
183.567
184.951
184.986
185.016
185.052
185.1
186.48
186.712
186.751
186.778
186.809
187.911
187.947
187.978
188.011
188.064
188.177
188.207
188.237
189.66
190.174
190.979
192.177
192.702
192.889
193.507
193.541
193.577
193.628
193.689
193.719
193.749
193.794
193.834
195.213
196.312
196.342
196.409
196.461
196.504
196.549
196.585
197.96
197.99
198.037
199.402
200.777
202.136
202.877
202.979
204.351
205.729
207.101
207.659
207.785
208.582
209.133
209.163
209.193
209.235
210.639
211.498
212.88
213.409
214.78
216.147
217.517
218.883
219.513
219.553
219.584
219.645
221.028
222.187
222.444
222.477
222.507
222.98
223.027
223.06
223.12
223.159
223.188
223.232
223.268
223.318
224.702
224.857
224.905
224.951
225.076
225.26
225.311
226.677
228.048
229.178
229.705
231.045
232.446
232.516
232.553
232.596
232.671
233.406
233.693
233.791
234.328
234.478
235.408
235.534
235.679
236.951
237.529
237.67
237.711
237.913
238.706
240.082
241.457
241.663
242.181
242.591
243.968
245.352
246.583
246.982
247.525
248.883
249.001
250.38
251.753
252.478
252.592
254.145
254.289
255.665
255.717
257.089
258.459
259.857
261.176
262.051
262.103
263.335
263.52
263.662
264.714
264.879
264.986
265.801
265.837
266.07
266.12
266.173
266.215
266.252
266.298
266.34
267.518
267.557
267.587
267.65
267.682
267.711
267.742
268.451
268.582
268.631
268.669
268.71
268.741
268.773
268.803
268.859
268.901
268.941
268.984
269.015
269.044
269.072
269.119
269.155
269.187
269.232
269.271
269.649
269.689
269.728
269.763
269.804
269.844
269.896
269.937
269.975
270.007
270.06
270.102
270.139
270.182
270.214
270.254
270.292
270.326
270.371
270.409
270.459
270.499
270.525
270.567
270.621
270.853
272.235
273.608
273.78
273.913
274.062
274.232
274.375
274.508
274.652
275.497
275.66
275.782
276.707
276.974
277.506
278.052
278.576
278.616
278.656
280.121
281.5
282.305
282.334
282.363
282.395
282.457
282.511
282.568
282.623
282.679
282.734
282.79
282.846
286.105
289.357
290.735
292.116
293.487
294.813
294.877
295.872
297.24
298.633
299.049
302.297
305.576
306.947
308.339
309.091
309.579
310.245
310.286
310.324
311.503
312.116
312.78
313.719
313.839
313.868
313.902
314.112
314.143
314.172
315.544
315.581
315.618
315.654
315.692
315.735
317.107
318.494
318.911
319.973
320.004
320.028
320.066
320.106
320.135
320.163
320.192
320.239
320.268
320.297
320.335
320.377
320.452
320.483
320.522
321.968
323.34
324.111
324.133
324.175
324.231
324.275
324.377
324.434
324.479
324.521
324.568
324.62
324.658
