0.008292
0.005507
0.007351
0.005918
0.008874
0.009686
0.005335
0.009284
0.007483
0.007285
0.005381
0.007700
0.007914
0.007798
0.008804
0.007321
0.007673
0.005818
0.007413
0.005363
0.007540
0.006613
0.007133
0.006967
0.007419
0.008337
0.008250
0.006484
0.007722
0.007683
0.007491
0.006808
0.007061
0.005202
0.008479
0.008127
0.006895
0.007583
0.008791
0.006945
0.007154
0.007177
0.007189
0.007040
0.006866
0.006047
0.008795
0.006581
0.008474
0.010008
0.005128
0.007421
0.008461
0.008411
0.006142
0.007515
0.006141
0.006820
0.005311
0.007710
0.005692
0.005824
0.007101
0.008145
0.008554
0.008200
0.006620
0.006521
0.007625
0.008118
0.007225
0.007417
0.006247
0.008405
0.006877
0.007644
0.005403
0.006687
0.006994
0.008477
0.007635
0.005622
0.006123
0.005447
0.008475
0.004627
0.006935
0.006435
0.005870
0.005925
0.008150
0.007534
0.008437
0.007342
0.007550
0.007164
0.005722
0.005969
0.007726
0.005617
0.007715
0.007081
0.007244
0.006516
0.006424
0.005709
0.007198
0.008923
0.008524
0.006172
0.008324
0.005834
0.005409
0.007433
0.006634
0.007578
0.006794
0.008288
0.007127
0.006407
0.007883
0.008127
0.006899
0.007412
0.007176
0.009191
0.005600
0.007031
0.006142
0.009591
0.007090
0.007042
0.007493
0.008358
0.007987
0.005980
0.008617
0.005862
0.006554
0.006299
0.007261
0.006422
0.008082
0.008818
0.010006
0.008537
0.006412
0.008307
0.003788
0.006277
0.009777
0.003779
0.004452
0.007138
0.005802
0.005594
0.008736
0.006586
0.004501
0.004201
0.006206
0.007375
0.007161
0.007329
0.008296
0.006413
0.005594
0.008474
0.006646
0.008472
0.005759
0.005774
0.006131
0.007315
0.007421
0.006997
0.007534
0.003505
0.007551
0.008934
0.008940
0.008325
0.009828
0.007619
0.007659
0.008105
0.005318
0.005649
0.008249
0.007293
0.008492
0.006960
0.008991
0.009660
0.009433
0.009758
0.006362
0.006609
0.006229
0.005427
0.005569
0.006411
0.008651
0.006140
0.005053
0.006878
0.006220
0.007152
0.008646
0.006554
0.008984
0.007279
0.006424
0.008517
0.006146
0.005678
0.006981
0.008018
0.008688
0.008267
0.007327
0.006720
0.006504
0.006891
0.006255
0.007624
0.007271
0.007119
0.007950
0.006752
0.007796
0.004746
0.005299
0.007207
0.006687
0.007452
0.007405
0.007881
0.006521
0.006986
0.005988
0.007019
0.008318
0.008619
0.007431
0.007814
0.007767
0.005721
0.008959
0.007457
0.006862
0.007215
0.006651
0.007887
0.009571
0.007159
0.005638
0.007243
0.005890
0.008403
0.005933
0.008519
0.005320
0.005332
0.006173
0.008747
0.007746
0.007120
0.007026
0.007450
0.006225
0.007192
0.010008
0.005882
0.005480
0.007071
0.007918
0.006943
0.007414
0.010259
0.008968
0.009879
0.008960
0.008694
0.009314
0.008153
0.007475
0.007181
0.010487
0.011585
0.007580
0.008958
0.006034
0.006880
0.005460
0.006863
0.006725
0.007500
0.006949
0.007272
0.006785
0.008440
0.006950
0.005866
0.007858
0.005695
0.007435
0.005396
0.006966
0.006008
0.006698
0.007591
0.007587
0.006928
0.007421
0.005174
0.006916
0.005332
0.006980
0.008530
0.008282
0.008640
0.009247
0.007686
0.008079
0.004120
0.006894
0.007437
0.007490
0.008152
0.006428
0.004728
0.009422
0.006253
0.006638
0.005230
0.009286
0.007996
0.007474
0.007764
0.009525
0.007421
0.007649
0.008762
0.005833
0.006335
0.006819
0.007085
0.006407
0.007119
0.007091
0.005388
0.005542
0.008572
0.006790
0.007736
0.006610
0.009161
0.006412
0.007416
0.006730
0.008985
0.006743
0.006396
0.008921
0.007282
0.007093
0.008809
0.005725
0.005104
0.005441
0.005446
0.006422
0.005732
0.006967
0.007402
0.007626
0.007708
0.007302
0.005485
0.005225
0.006845
0.004709
0.005624
0.005916
0.006021
0.007052
0.005505
0.006303
0.006960
0.007584
0.007150
0.006831
0.008281
0.008081
0.008968
0.005888
0.009948
0.007305
0.007372
0.005510
0.007681
0.007138
0.006207
0.009587
0.006902
0.009149
0.009043
0.008853
0.007808
0.006124
0.007489
0.011461
0.008396
0.009188
0.010149
0.008373
0.005771
0.008661
0.005208
0.007360
0.006961
0.008074
0.006215
0.006592
0.008736
0.008410
0.007421
0.006733
0.006436
0.008480
0.006727
0.006451
0.008725
0.005805
0.006756
0.007967
0.006711
0.005770
0.006849
0.008768
0.007413
0.005335
0.009426
0.003351
0.004531
0.007689
0.004832
0.007272
0.008276
0.010709
0.007380
0.005712
0.005630
0.010564
0.009537
0.008283
0.009338
0.009611
0.007149
0.008162
0.008151
0.006148
0.006218
0.006334
0.006712
0.008010
0.008766
0.008098
0.006406
0.005480
0.007363
0.006795
0.006220
0.008800
0.008675
0.003905
0.007707
0.006167
0.006475
0.007369
0.008287
0.009024
0.008086
0.009865
0.007776
0.008709
0.007177
0.011434
0.010747
0.012379
0.005772
0.006240
0.008175
0.008578
0.008307
0.006301
0.006013
0.008232
0.010511
0.009787
0.009746
0.008526
0.006956
0.007399
0.007164
0.007387
0.007584
0.008074
0.009399
0.010685
0.009353
0.007631
0.012150
0.012155
0.012309
0.010051
0.007496
0.009896
0.008101
0.007912
0.006263
0.007915
0.008197
0.005628
0.007675
0.007929
0.009560
0.009983
0.004363
0.006156
0.005551
0.008670
0.008407
0.005403
0.008595
0.009903
0.010906
0.009672
0.011496
0.009892
0.011659
0.011592
0.007766
0.006853
0.007640
0.006899
0.007116
0.006963
0.007486
0.007751
0.006216
0.008297
0.008634
0.007642
0.006181
0.007538
0.006943
0.007641
0.008539
0.007283
0.008531
0.006505
0.007481
0.008766
0.007720
0.006641
0.007556
0.006556
0.009339
0.008962
0.009777
0.006718
0.008443
0.009857
0.008229
0.008480
0.008385
0.017000
0.013796
0.015308
0.012033
0.014452
0.014375
0.014011
0.012878
0.013994
0.013031
0.010816
0.010444
0.009467
0.008422
0.006936
0.007013
0.007163
0.007407
0.006562
0.006566
0.006409
0.006611
0.005824
0.007604
0.006849
0.007337
0.006064
0.005697
0.008570
0.008298
0.006555
0.005814
0.007303
0.005791
0.008154
0.006939
0.007022
0.006736
0.006917
0.007444
0.007766
0.004884
0.006651
0.007400
0.008150
0.010652
0.008479
0.008297
0.006862
0.007819
0.007094
0.007227
0.006220
0.005661
0.005838
0.006715
0.006440
0.003624
0.006484
0.005789
0.003657
0.007975
0.007440
0.007822
0.008677
0.006113
0.008579
0.008704
0.007901
0.007218
0.007891
0.009282
0.006026
0.004623
0.004593
0.009409
0.007413
0.008773
0.006695
0.005235
0.007232
0.011240
0.014239
0.011589
0.011254
0.011166
0.011147
0.011326
0.010715
0.010679
0.010744
0.009140
0.006254
0.007576
0.008559
0.007194
0.007295
0.006540
0.007758
0.006283
0.009562
0.008769
0.009860
0.008469
0.008633
0.006500
0.005924
0.009276
0.015150
0.015424
0.017237
0.015321
0.016823
0.015631
0.016852
0.005970
0.011334
0.014493
0.013214
0.011021
0.009091
0.009416
0.013710
0.009949
0.008616
0.007611
0.008038
0.004487
0.010857
0.009881
0.008787
0.005704
0.007206
0.008401
0.009767
0.008461
0.009294
0.006903
0.008491
0.006955
0.007245
0.006327
0.008705
0.008648
0.008980
0.006980
0.006289
0.006255
0.007017
0.007248
0.007203
0.011381
0.009183
0.006177
0.008840
0.006554
0.008912
0.003984
0.006641
0.008314
0.008831
0.007155
0.005080
0.008308
0.006795
0.006258
0.010518
0.009602
0.008516
0.008042
0.007498
0.008978
0.009268
0.008176
0.003685
0.007509
0.004505
0.012147
0.003766
0.010102
0.009401
0.010492
0.010102
0.010761
0.005594
