0.000000
0.000000
0.082155
0.350138
0.510918
0.638267
0.702102
0.823812
0.952662
1.077150
1.162630
1.216843
1.268021
1.321331
1.366632
1.392771
1.400038
1.395258
1.412678
1.441973
1.467263
1.489803
1.519020
1.536002
1.553304
1.567954
1.583879
1.595465
1.605763
1.622877
1.634116
1.644924
1.655016
1.664300
1.673146
1.680866
1.687375
1.691316
1.698961
1.704623
1.709822
1.714362
1.723982
1.729423
1.735198
1.738400
1.730844
1.725934
1.726563
1.734584
1.739447
1.744115
1.745648
1.746459
1.749273
1.755775
1.758950
1.760156
1.764468
1.767416
1.770046
1.773189
1.778646
1.781539
1.784511
1.787528
1.789852
1.792106
1.795416
1.799375
1.799828
1.798976
1.801937
1.804571
1.806918
1.810625
1.808886
1.808381
1.809376
1.810544
1.811582
1.807491
1.805624
1.804974
1.806722
1.807042
1.808789
1.810708
1.813973
1.815919
1.817690
1.819460
1.820611
1.822711
1.824404
1.826558
1.819065
1.812852
1.812466
1.813979
1.815529
1.816359
1.818832
1.820188
1.821590
1.822699
1.822633
1.817285
1.816149
1.816055
1.816576
1.818129
1.819665
1.820680
1.822068
1.825016
1.826260
1.827517
1.828868
1.829056
1.829932
1.832632
1.833320
1.834389
1.835696
1.836620
1.837594
1.838784
1.840431
1.841187
1.842330
1.843105
1.844173
1.844409
1.840328
1.840350
1.841123
1.842361
1.843159
1.842705
1.837234
1.833558
1.829748
1.825879
1.821219
1.820010
1.821140
1.822261
1.824518
1.825307
1.826634
1.827065
1.825206
1.822953
1.825052
1.825852
1.827346
1.828044
1.828676
1.829557
1.830879
1.834064
1.835362
1.836268
1.837115
1.834275
1.833929
1.835078
1.835749
1.834144
1.833258
1.834004
1.834914
1.835574
1.837338
1.838030
1.838969
1.839465
1.840276
1.836465
1.835925
1.837330
1.837915
1.838654
1.838067
1.837127
1.837468
1.838836
1.839458
1.839808
1.840049
1.840132
1.840938
1.841474
1.842819
1.843343
1.843803
1.842942
1.842469
1.842926
1.843129
1.842004
1.840667
1.838062
1.837012
1.837880
1.838303
1.839755
1.840247
1.840681
1.841233
1.840996
1.836006
1.833559
1.834659
1.835287
1.835087
1.833559
1.831092
1.830820
1.831774
1.832206
1.832852
1.833482
1.833783
1.834423
1.835018
1.836204
1.836535
1.837264
1.837805
1.837947
1.836865
1.833016
1.830847
1.830968
1.831526
1.831934
1.830986
1.828771
1.829460
1.829954
1.830569
1.831158
1.831751
1.832288
1.832835
1.833975
1.832824
1.828016
1.826182
1.825874
1.824144
1.821907
1.821681
1.822947
1.823561
1.824190
1.824735
1.825314
1.826280
1.826883
1.827483
1.828051
1.828475
1.828972
1.829579
1.830543
1.831088
1.831683
1.830416
1.828345
1.828208
1.829198
1.829696
1.830126
1.829429
1.828062
1.828421
1.827789
1.825872
1.825428
1.824810
1.821588
1.818167
1.817842
1.818701
1.819265
1.819361
1.819925
1.820483
1.820745
1.821139
1.821824
1.822316
1.822926
1.823487
1.824036
1.824365
1.823741
1.821716
1.820940
1.821372
1.821936
1.822389
1.822690
1.823598
1.824201
1.824662
1.825101
1.825547
1.826023
1.826634
1.827593
1.828023
1.828488
1.828773
1.829161
1.829366
1.830271
1.830757
1.831230
1.831607
1.832340
1.831315
1.827357
1.825864
1.826161
1.826627
1.827027
1.827230
1.827284
1.827932
1.828516
1.828598
1.829074
1.829526
1.829949
1.830424
1.831248
1.831678
1.832011
1.832372
1.832892
1.833349
1.833761
1.834471
1.835002
1.834682
1.834886
1.835222
1.835548
1.836195
1.836446
1.836503
1.836494
1.836700
1.837146
1.837362
1.837289
1.836207
1.837082
1.837255
1.837535
1.837038
1.833767
1.831886
1.831858
1.832256
1.832662
1.832204
1.828714
1.826124
1.823605
1.821241
1.819342
1.819609
1.820051
1.820182
1.819969
1.820333
1.820628
1.821034
1.821340
1.822115
1.821275
1.818253
1.817194
1.817668
1.818109
1.817816
1.816819
1.817543
1.817671
1.814740
1.812704
1.812779
1.813210
1.813657
1.814490
1.814825
1.815215
1.815616
1.814928
1.811729
1.810933
1.808737
1.806068
1.805137
1.805219
1.805518
1.806110
1.806797
1.807141
1.807519
1.807715
1.806702
1.805334
1.805906
1.806341
1.807032
1.807645
1.808342
1.808753
1.808489
1.808829
1.809239
1.809630
1.810023
1.810459
1.810858
1.811222
1.811807
1.812213
1.812608
1.812989
1.812887
1.810840
1.810539
1.810791
1.811177
1.811344
1.811121
1.811342
1.811453
1.812272
1.812740
1.813096
1.813256
1.813469
1.813909
1.814688
1.815066
1.815260
1.815615
1.816016
1.816411
1.816714
1.817455
1.818079
1.818477
1.818827
1.819303
1.818944
1.819190
1.818943
1.819003
1.819336
1.819566
1.819791
1.820182
1.820752
1.820995
1.821025
1.821177
1.819266
1.817668
1.817605
1.818332
1.818600
1.818978
1.819345
1.819177
1.817025
1.816553
1.816846
1.817321
1.817556
1.817890
1.818227
1.818162
1.817806
1.815651
1.815521
1.815840
1.815446
1.812955
1.811711
1.812105
1.812383
1.812719
1.813112
1.812244
1.809566
1.808404
1.807333
1.807177
1.807840
1.808717
1.809678
1.811363
1.813291
1.813882
1.814344
1.814994
1.815492
1.816324
1.816679
1.816911
1.817140
1.817378
1.817810
1.818105
1.818556
1.819125
1.819405
1.819728
1.819998
1.820240
1.820517
1.820788
1.821342
1.821524
1.821767
1.821957
1.821375
1.819414
1.818375
1.818279
1.818560
1.818779
1.819079
1.819444
1.819567
1.820242
1.820570
1.820819
1.821064
1.821285
1.821545
1.822176
1.822393
1.822703
1.822883
1.823076
1.821395
1.819838
1.819990
1.820275
1.820457
1.820749
1.820900
1.820439
1.818966
1.818767
1.818955
1.819241
1.819524
1.819713
1.820057
1.820568
1.820846
1.821125
1.821404
1.821675
1.821950
1.822228
1.822719
1.823006
1.823269
1.823416
1.823849
1.824114
1.824620
1.824871
1.825123
1.825385
1.824999
1.824118
1.823447
1.823764
1.824127
1.824937
1.825639
1.825838
1.825838
1.825957
1.826420
1.826676
1.826849
1.827043
1.827289
1.827471
1.827886
1.828060
1.828331
1.828550
1.828747
1.828907
1.828997
1.829427
1.829683
1.829927
1.830181
1.830452
1.830688
1.831069
1.831326
1.831547
1.831821
1.832009
1.832296
1.832415
1.832468
1.832569
1.832645
1.831562
1.830255
1.830208
1.830452
1.830808
1.831128
1.831361
1.831589
1.831815
1.831426
1.830577
1.830576
1.829952
1.827951
1.827193
1.827198
1.827453
1.827889
1.828007
1.828127
1.827802
1.826403
1.825707
1.825991
1.826245
1.826469
1.826707
1.826934
1.827095
1.827278
1.827776
1.827738
1.826336
1.823641
1.820903
1.818134
1.815390
1.812659
1.809942
1.807205
1.804521
1.801806
1.799121
1.796418
1.793736
1.791065
1.788415
1.785740
1.783094
1.780459
1.777840
1.775202
1.772583
1.769973
1.767390
1.764774
1.762211
1.759633
1.757062
1.754499
1.751943
1.749393
1.746853
1.744318
1.741792
1.739272
1.736761
1.734256
1.731759
1.729268
1.726783
1.724310
1.721840
1.719379
1.716924
1.714476
1.712032
1.709580
1.707167
1.704732
1.702314
1.699934
1.697532
1.695142
1.692747
1.690371
1.688004
1.685627
1.683271
1.680917
1.678579
1.676230
1.673889
1.671566
1.669258
1.666927
1.664619
