2.09302
2.59313
3.10506
3.60146
4.09303
4.59309
5.10779
5.59313
6.09303
6.59313
7.09312
7.59343
8.09301
8.59307
9.0937
9.59307
10.0932
10.593
11.0931
11.593
12.093
12.593
13.093
13.5931
14.095
14.5934
15.0931
15.5931
16.093
16.5931
17.0968
17.593
18.0949
18.593
19.0931
19.593
20.0932
20.593
21.093
21.5931
22.0931
22.5931
23.093
23.593
24.0931
24.5931
25.0931
25.5931
26.1004
26.5935
27.093
27.593
28.1076
28.5931
29.0931
29.5939
30.0932
30.593
31.0931
31.5999
32.093
32.5931
33.0931
33.5931
34.0931
34.5931
35.0931
35.6067
36.096
36.5994
37.0934
37.6056
38.0965
38.593
39.0938
39.5931
40.0947
40.5931
41.093
41.593
42.0931
42.593
43.0937
43.593
44.0931
44.5932
45.0934
45.5931
46.0931
46.5931
47.0931
47.593
48.1081
48.5954
49.0952
49.5952
50.093
50.5931
51.0947
51.5945
52.1006
52.595
53.097
53.5957
54.0931
54.5984
55.0994
55.5931
56.0931
56.5963
57.0957
57.5991
58.0973
58.6
59.096
59.6024
60.093
60.6009
61.1002
61.6
62.1147
62.6031
63.1015
63.6021
64.0931
64.5974
65.1004
65.5931
66.093
66.6037
67.1028
67.6075
68.1067
68.6045
69.1045
69.5931
70.1165
70.6041
71.1014
71.5955
72.1042
72.6036
73.1098
73.5931
74.093
74.6041
75.1052
75.6052
76.093
76.6051
77.0935
77.6018
78.093
78.6211
79.1044
79.6145
80.0957
80.6036
81.1068
81.6034
82.0931
82.6056
83.106
83.6019
84.0965
84.6099
85.1189
85.6012
86.1144
86.606
87.0963
87.6042
88.0999
88.609
89.1089
89.6047
90.1002
90.6091
91.1075
91.6068
92.1015
92.6098
93.1091
93.6091
94.1119
94.6095
95.1092
95.6092
96.112
96.6091
97.111
97.6093
98.1046
98.6084
99.1092
99.6162
100.109
100.609
101.109
101.611
102.107
102.613
103.112
103.606
104.125
104.609
105.11
105.609
106.123
106.611
107.109
107.61
108.124
108.611
109.109
109.61
110.109
110.609
111.109
111.613
112.122
112.61
113.109
113.61
114.11
114.61
115.109
115.61
116.127
116.61
117.11
117.63
118.112
118.609
119.11
119.611
120.113
120.61
121.124
121.626
122.116
122.609
123.109
123.609
124.109
124.61
125.11
125.61
126.11
126.609
127.109
127.612
128.11
128.61
129.124
129.609
130.11
130.609
131.111
131.618
132.109
132.61
133.11
133.609
134.121
134.621
135.111
135.618
136.118
136.61
137.11
137.611
138.112
138.609
139.111
139.622
140.114
140.61
141.11
141.612
142.12
142.617
143.11
143.61
144.111
144.609
145.122
145.609
146.111
146.609
147.109
147.63
148.109
148.61
149.115
149.609
150.109
150.61
151.125
151.61
152.109
152.61
153.115
153.61
154.109
154.61
155.121
155.61
156.11
156.623
157.119
157.61
158.111
158.61
159.11
159.61
160.109
160.61
161.115
161.61
162.11
162.609
163.109
163.61
164.11
164.609
165.11
165.61
166.109
166.61
167.109
167.61
168.11
168.609
169.109
169.609
170.109
170.611
171.109
171.61
172.11
172.611
173.115
173.609
174.11
174.609
175.116
175.61
176.11
176.61
177.116
177.61
178.11
178.61
179.123
179.612
180.109
180.611
181.11
181.609
182.126
182.61
183.133
183.609
184.112
184.611
185.128
185.611
186.109
186.609
187.111
187.61
188.11
188.61
189.118
189.627
190.11
190.609
191.113
191.61
192.11
192.61
193.116
193.628
194.109
194.609
195.11
195.61
196.111
196.611
197.11
197.609
198.109
198.609
199.109
199.609
200.109
200.609
201.109
201.609
202.11
202.609
203.112
203.61
204.109
204.609
205.112
205.61
206.11
206.609
207.126
207.61
208.109
208.609
209.116
209.609
210.109
210.639
211.109
211.609
212.109
212.609
213.109
213.607
214.107
214.606
215.107
215.609
216.109
216.609
217.107
217.607
218.109
218.609
219.107
219.608
220.109
220.61
221.109
221.609
222.11
222.61
223.12
223.61
224.11
224.607
225.105
225.609
226.109
226.609
227.109
227.609
228.1
228.61
229.109
229.605
230.1
230.61
231.109
231.609
232.101
232.613
233.109
233.616
234.11
234.601
235.108
235.609
236.111
236.606
237.107
237.61
238.097
238.605
239.11
239.609
240.097
240.61
241.099
241.608
242.109
242.605
243.103
243.61
244.103
244.61
245.097
245.608
246.109
246.599
247.103
247.609
248.109
248.607
249.108
249.61
250.107
250.61
251.097
251.609
252.11
252.603
253.105
253.61
254.109
254.603
255.095
255.608
256.108
256.609
257.114
257.609
258.108
258.609
259.105
259.607
260.1
260.597
261.096
261.609
262.115
262.596
263.098
263.605
264.105
264.608
265.106
265.608
266.12
266.614
267.104
267.601
268.109
268.601
269.101
269.615
270.113
270.621
271.098
271.593
272.103
272.603
273.094
273.618
274.098
274.594
275.1
275.606
276.107
276.609
277.093
277.604
278.104
278.616
279.096
279.593
280.093
280.594
281.094
281.609
282.106
282.623
283.093
283.593
284.093
284.593
285.093
285.593
286.107
286.593
287.093
287.593
288.093
288.593
289.093
289.593
290.093
290.593
291.093
291.593
292.116
292.593
293.093
293.593
294.093
294.593
295.093
295.593
296.093
296.593
297.093
297.593
298.093
298.596
299.093
299.594
300.093
300.593
301.093
301.593
302.093
302.593
303.093
303.593
304.093
304.593
305.093
305.593
306.093
306.593
307.093
307.593
308.093
308.593
309.093
309.593
310.093
310.593
311.093
311.593
312.101
312.593
313.094
313.594
314.093
314.593
315.093
315.593
316.093
316.593
317.107
317.593
318.095
318.593
319.093
319.593
320.106
320.593
321.093
321.593
322.093
322.593
323.093
323.593
324.111
324.62
325.095
325.596
326.093
326.596
327.093
327.593
328.093
328.593
329.097
329.597
330.094
330.597
331.097
331.6
332.095
332.598
333.098
333.597
334.095
334.598
335.093
335.595
336.093
336.596
337.096
337.596
338.094
338.597
339.097
339.596
340.094
340.596
341.097
341.597
342.093
342.598
343.093
343.593
344.093
344.593
345.093
345.593
346.093
346.593
347.093
347.593
348.093
348.593
349.093
349.593
350.094
350.593
351.093
351.593
352.093
352.593
353.094
353.597
354.095
354.598
355.099
355.593
356.094
356.593
357.095
357.594
358.093
358.595
359.095
359.595
360.093
360.595
361.097
361.596
362.093
362.597
363.097
