0.011244
0.007823
0.007027
0.009088
0.009911
0.009098
0.009625
0.009147
0.009045
0.008816
0.006510
0.010846
0.012977
0.011779
0.013762
0.009485
0.008895
0.009753
0.007964
0.008780
0.006763
0.008850
0.004308
0.008168
0.007035
0.005725
0.003253
0.006331
0.007042
0.007678
0.007247
0.009896
0.009035
0.016084
0.007782
0.006989
0.008431
0.010698
0.009231
0.014575
0.009707
0.012855
0.012170
0.014866
0.015293
0.019709
0.014234
0.010690
0.009818
0.014107
0.024525
0.015766
0.013976
0.015357
0.013423
0.016098
0.016362
0.016894
0.016278
0.016845
0.019203
0.020082
0.016043
0.018387
0.010759
0.010428
0.016714
0.017930
0.021736
0.014540
0.018589
0.008745
0.008906
0.016136
0.015660
0.017271
0.010954
0.012659
0.013763
0.008753
0.011609
0.010351
0.009611
0.010726
0.014233
0.010229
0.006506
0.009156
0.010583
0.009968
0.012847
0.008167
0.008278
0.014154
0.017146
0.013008
0.013314
0.014248
0.011231
0.011512
0.017459
0.014208
0.013135
0.011839
0.011093
0.012812
0.013239
0.010320
0.010350
0.012995
0.016714
0.016615
0.012715
0.013423
0.015089
0.012088
0.014430
0.020821
0.020244
0.014390
0.012648
0.010918
0.011330
0.014613
0.008933
0.012337
0.009978
0.008914
0.010479
0.013142
0.012115
0.011923
0.006953
0.009644
0.008873
0.008997
0.007698
0.024565
0.018122
0.016962
0.013293
0.013795
0.019430
0.019405
0.017254
0.020367
0.012324
0.013806
0.011154
0.009883
0.012460
0.011400
0.013443
0.017792
0.011797
0.020737
0.015438
0.011768
0.013593
0.019712
0.015577
0.012637
0.007320
0.006749
0.008217
0.009627
0.013061
0.011606
0.009074
0.003595
0.008344
0.011955
0.011352
0.010571
0.017306
0.013828
0.018715
0.015300
0.013808
0.014063
0.013609
0.013089
0.007495
0.010072
0.010178
0.009734
0.011831
0.014551
0.019790
0.016143
0.015947
0.019876
0.025067
0.025454
0.025331
0.023099
0.032563
0.025647
0.021315
0.033269
0.029019
0.023383
0.011973
0.023527
0.016756
0.017668
0.007558
0.010951
0.010406
0.009368
0.011251
0.014633
0.013533
0.012916
0.010818
0.013148
0.012923
0.020149
0.017264
0.014928
0.015127
0.014711
0.012480
0.009406
0.008263
0.007624
0.009732
0.014195
0.007105
0.005403
0.004261
0.007535
0.009053
0.013931
0.015171
0.014083
0.013053
0.015507
0.015415
0.012437
0.011614
0.005085
0.007218
0.006327
0.007862
0.008743
0.009738
0.009227
0.015122
0.008580
0.014345
0.015913
0.022670
0.022287
0.021079
0.023893
0.033823
0.021859
0.029892
0.028583
0.024471
0.035913
0.033976
0.032460
0.024876
0.022479
0.018288
0.015056
0.014084
0.019072
0.023723
0.015009
0.020518
0.019207
0.021041
0.019730
0.014671
0.011190
0.009045
0.012734
0.008399
0.006116
0.005627
0.007235
0.007160
0.009907
0.016001
0.013595
0.016467
0.008741
0.012524
0.007764
0.009438
0.013388
0.014305
0.013507
0.012092
0.011624
0.010310
0.010113
0.012252
0.007954
0.008990
0.016665
0.025429
0.021939
0.014766
0.016063
0.012822
0.014774
0.009082
0.006169
0.009134
0.015671
0.012709
0.011050
0.010492
0.012513
0.020793
0.014025
0.014630
0.016482
0.017582
0.009908
0.019094
0.014359
0.011296
0.015896
0.010407
0.012936
0.012355
0.016491
0.021707
0.018207
0.017442
0.017277
0.005782
0.006831
0.013508
0.016194
0.020623
0.022487
0.011366
0.012422
0.008231
0.007129
0.007371
0.005512
0.011329
0.007723
0.011770
0.024436
0.021977
0.018932
0.014839
0.012684
0.013899
0.010884
0.013157
0.019991
0.018978
0.016634
0.011316
0.016773
0.017759
0.016926
0.021304
0.021245
0.018195
0.019291
0.014510
0.018950
0.012597
0.009525
0.013324
0.007094
0.007204
0.006709
0.007017
0.004750
0.005058
0.007306
0.006674
0.008602
0.008181
0.011119
0.011317
0.013851
0.015436
0.008862
0.009842
0.007438
0.007573
0.009618
0.007617
0.007157
0.010477
0.004544
0.005588
0.005307
0.007279
0.007302
0.010730
0.009762
0.010131
0.014965
0.007942
0.009931
0.008292
0.009696
0.006555
0.011070
0.011286
0.013125
0.009398
0.010039
0.012083
0.014459
0.012365
0.011694
0.012213
0.016081
0.010771
0.007734
0.007285
0.009029
0.009653
0.011732
0.012302
0.012015
0.017610
0.009276
0.006651
0.012212
0.013247
0.013528
0.010918
0.014389
0.017766
0.020063
0.026030
0.018863
0.015795
0.025785
0.027226
0.018558
0.012452
0.018542
0.012659
0.013739
0.018435
0.011952
0.012724
0.007633
0.012043
0.007485
0.007928
0.008278
0.012235
0.012121
0.010769
0.024644
0.013522
0.019520
0.015691
0.009730
0.005513
0.024475
0.025071
0.012826
0.008757
0.009516
0.010983
0.011721
0.012872
0.019211
0.021481
0.016358
0.016892
0.021722
0.021469
0.019967
0.022300
0.020528
0.011109
0.012138
0.021181
0.021638
0.016824
0.016536
0.012467
0.007403
0.007034
0.010334
0.011947
0.011499
0.010990
0.011250
0.008555
0.008624
0.008798
0.006041
0.004736
0.002121
0.004866
0.007690
0.007498
0.009187
0.011316
0.012598
0.016054
0.012270
0.009300
0.011685
0.013622
0.021526
0.018492
0.021793
0.016563
0.013730
0.017397
0.015046
0.018234
0.018470
0.023292
0.023282
0.011027
0.009563
0.015322
0.017065
0.011910
0.023315
0.022738
0.019194
0.020890
0.014972
0.012295
0.011981
0.012026
