0.003048
0.003578
0.004217
0.006117
0.004261
0.004319
0.004314
0.004421
0.004141
0.004280
0.004461
0.004914
0.005507
0.005851
0.007018
0.010094
0.008712
0.008924
0.007751
0.009111
0.009281
0.010026
0.009755
0.010050
0.010212
0.008496
0.008001
0.008264
0.008712
0.009418
0.008207
0.007622
0.008070
0.007692
0.007930
0.008309
0.009268
0.009145
0.010096
0.012671
0.012917
0.016484
0.016187
0.017385
0.017596
0.017561
0.013767
0.014750
0.014920
0.015461
0.013983
0.012410
0.012283
0.012869
0.012250
0.012247
0.012214
0.014647
0.016460
0.015091
0.018589
0.020705
0.020540
0.015587
0.017335
0.016032
0.017573
0.020248
0.021439
0.020978
0.021389
0.022556
0.017191
0.017913
0.017016
0.011879
0.010872
0.013005
0.012353
0.013529
0.014920
0.014994
0.014964
0.018845
0.018159
0.018164
0.022840
0.025400
0.024734
0.025218
0.026177
0.025909
0.027736
0.024991
0.022187
0.021023
0.019826
0.019487
0.021425
0.018900
0.017511
0.015023
0.012297
0.012777
0.015165
0.016590
0.016758
0.017635
0.019831
0.023491
0.028008
0.021760
0.023538
0.027255
0.025781
0.027881
0.025530
0.025394
0.024630
0.023646
0.020761
0.022742
0.017508
0.017762
0.019987
0.018000
0.019565
0.015013
0.012029
0.013052
0.012573
0.011198
0.009381
0.009966
0.010848
0.009903
0.012559
0.014120
0.016256
0.015677
0.019249
0.021089
0.023608
0.027422
0.029221
0.026258
0.029099
0.025720
0.026958
0.024628
0.021986
0.018492
0.021194
0.018174
0.014349
0.013857
0.014111
0.021081
0.018745
0.021574
0.022155
0.020842
0.016468
0.015029
0.014412
0.016966
0.019172
0.013918
0.014040
0.010502
0.012823
0.016665
0.021728
0.019419
0.018823
0.016983
0.017089
0.011396
0.014762
0.014106
0.016079
0.013363
0.016288
0.018935
0.021105
0.023404
0.025804
0.027538
0.027091
0.026948
0.030108
0.030500
0.031348
0.032447
0.033737
0.034241
0.033140
0.033384
0.033673
0.030592
0.030956
0.030941
0.028356
0.025932
0.026238
0.027096
0.021957
0.020878
0.022313
0.017093
0.017879
0.016917
0.017655
0.017513
0.018265
0.019654
0.022127
0.026309
0.025845
0.027566
0.029025
0.032682
0.030259
0.033365
0.030813
0.032318
0.031910
0.028690
0.027140
0.028455
0.030731
0.032069
0.035259
0.036768
0.036925
0.040086
0.040202
0.042204
0.042862
0.043597
0.042016
0.043397
0.041375
0.040874
0.035690
0.037943
0.031608
0.029432
0.027105
0.027570
0.025855
0.028084
0.026986
0.024138
0.024959
0.026163
0.025229
0.027987
0.021500
0.019222
0.020278
0.019078
0.022477
0.021326
0.020456
0.019204
0.017792
0.018935
0.016360
0.021173
0.019448
0.022243
0.027851
0.024646
0.026589
0.025418
0.027087
0.025870
0.021991
0.021885
0.022426
0.016222
0.019067
0.021804
0.024900
0.024761
0.022923
0.027865
0.027481
0.026435
0.023335
0.023093
0.018866
0.016988
0.013231
0.020599
0.021095
0.018638
0.015928
0.016504
0.023766
0.025429
0.023348
0.031716
0.028916
0.038170
0.041453
0.040812
0.041205
0.041034
0.034032
0.035076
0.038071
0.031044
0.031733
0.031980
0.029760
0.023514
0.025335
0.017115
0.021273
0.022291
0.028733
0.030949
0.032611
0.029559
0.027746
0.023177
0.023963
0.022690
0.020663
0.021228
0.018253
0.019948
0.021419
0.021991
0.024872
0.026524
0.028264
0.029687
0.029522
0.029260
0.028960
0.031503
0.031979
0.025980
0.024426
0.025645
0.026771
0.027005
0.026064
0.025960
0.023104
0.020066
0.017473
0.018881
0.019398
0.021045
0.023280
0.025524
0.020665
0.018328
0.016571
0.014863
0.015294
0.014778
0.021970
0.022812
0.027863
0.025410
0.029007
0.031131
0.030059
0.023441
0.019549
0.020231
0.017622
0.018330
0.017063
0.018885
0.020146
0.023814
0.024086
0.022935
0.023835
0.025668
0.027859
0.026573
0.024340
0.024310
0.023380
0.023915
0.019523
0.018361
0.013617
0.017808
0.017874
0.018008
0.018268
0.017684
0.015752
0.009646
0.014945
0.014530
0.015539
0.018567
0.018357
0.019669
0.020299
0.018555
0.015541
0.018694
0.016922
0.015822
0.015125
0.016610
0.016929
0.015213
0.015582
0.018725
0.018583
0.018165
0.020194
0.022024
0.020502
0.026031
0.026534
0.030622
0.034599
0.038238
0.036276
0.031966
0.030689
0.032274
0.032841
0.034387
0.029546
0.027215
0.027792
0.024431
0.023026
0.026995
0.029049
0.029619
0.033903
0.030108
0.034546
0.033384
0.038014
0.037019
0.036605
0.038900
0.044300
0.037093
0.034913
0.036190
0.035075
0.032663
0.031305
0.029220
0.028338
0.029625
0.034246
0.035538
0.040464
0.040788
0.040258
0.040638
0.035119
0.043172
0.041614
0.041625
0.041993
0.046926
0.047333
0.053331
0.054043
0.055820
0.058335
0.056149
0.059219
0.056721
0.058553
0.056795
0.062500
0.063926
0.057885
0.060658
0.059686
0.059852
0.057642
0.061671
0.058710
0.055364
0.050510
0.051397
0.058951
0.053482
0.048200
0.041314
0.041297
0.042187
0.052666
0.044120
0.046638
0.031667
0.034621
0.028879
0.027337
0.023738
0.025217
0.023693
0.031997
0.033888
0.032868
0.039752
0.039546
0.042706
0.041021
0.043552
0.039432
0.041781
0.040395
0.032313
0.032522
0.031926
0.030700
0.035611
0.029653
0.029972
0.029842
0.026357
0.026012
0.031187
0.028638
0.028273
0.030482
0.028374
0.031061
