0.007039
0.009564
0.007566
0.006824
0.007330
0.007096
0.006788
0.007546
0.008452
0.008441
0.007257
0.008587
0.006250
0.006912
0.008557
0.008348
0.007679
0.007213
0.007640
0.007590
0.007480
0.010874
0.007278
0.008386
0.006830
0.007190
0.009886
0.005171
0.008865
0.008600
0.006348
0.008713
0.006720
0.009126
0.005420
0.006185
0.007879
0.009035
0.009420
0.010067
0.008687
0.006830
0.006913
0.009861
0.008872
0.008528
0.006936
0.006846
0.006948
0.007829
0.010115
0.008202
0.007051
0.006674
0.007318
0.008021
0.006896
0.008296
0.009029
0.009024
0.009578
0.006610
0.006530
0.009125
0.006212
0.007030
0.007752
0.008082
0.007772
0.006464
0.008922
0.007431
0.007851
0.011539
0.008737
0.009088
0.009114
0.008140
0.008185
0.006892
0.008841
0.009095
0.009711
0.007361
0.009105
0.008904
0.007510
0.007632
0.007495
0.008119
0.009436
0.007483
0.008612
0.007132
0.007149
0.007114
0.008044
0.006354
0.006533
0.007965
0.006096
0.007999
0.005686
0.006916
0.007839
0.007001
0.008899
0.007126
0.007354
0.006708
0.011280
0.009684
0.010534
0.007643
0.009128
0.006325
0.007911
0.009861
0.008479
0.008808
0.008756
0.007866
0.006666
0.009862
0.008071
0.005683
0.007881
0.007843
0.007166
0.008767
0.008781
0.008335
0.008927
0.006249
0.005543
0.008710
0.006519
0.008593
0.007944
0.009431
0.008748
0.010251
0.009983
0.008932
0.009367
0.007838
0.007079
0.007684
0.006614
0.008124
0.007938
0.007586
0.010900
0.009011
0.006173
0.009830
0.009398
0.006787
0.005217
0.007775
0.010813
0.008969
0.006691
0.005978
0.008700
0.010267
0.008564
0.007332
0.007859
0.006594
0.008743
0.009789
0.008816
0.007929
0.008939
0.006281
0.008692
0.006178
0.005788
0.006824
0.008161
0.008548
0.007450
0.007743
0.008242
0.007870
0.007601
0.008926
0.009161
0.007564
0.009059
0.008129
0.007714
0.006727
0.008022
0.007042
0.009495
0.008860
0.007182
0.009950
0.008700
0.008726
0.007778
0.010933
0.007972
0.009135
0.006987
0.008823
0.008029
0.007976
0.006986
0.008692
0.008739
0.008420
0.006466
0.006597
0.007226
0.007387
0.007182
0.006418
0.007914
0.008481
0.007394
0.006845
0.006609
0.008845
0.011245
0.009416
0.007112
0.009089
0.006283
0.010421
0.006837
0.007766
0.007754
0.006552
0.006490
0.006453
0.008036
0.008126
0.009325
0.009279
0.007808
0.007454
0.008759
0.009269
0.007487
0.006541
0.008604
0.007643
0.007820
0.005423
0.008015
0.008501
0.007645
0.006695
0.009564
0.006079
0.012624
0.010159
0.007607
0.010764
0.010335
0.009527
0.009161
0.008926
0.007545
0.007810
0.006561
0.008732
0.008795
0.005583
0.008578
0.006780
0.008065
0.008828
0.008968
0.008572
0.007415
0.008723
0.008320
0.008967
0.008592
0.007607
0.008817
0.008997
0.008900
0.005573
0.008919
0.007509
0.010519
0.009282
0.008013
0.008785
0.007212
0.006477
0.006986
0.007846
0.008846
0.006691
0.007415
0.005378
0.008761
0.006151
0.009279
0.010062
0.006701
0.009042
0.008762
0.005389
0.007243
0.007909
0.007688
0.007551
0.006403
0.006842
0.006505
0.008647
0.008752
0.007871
0.008480
0.009157
0.009055
0.007238
0.007664
0.008720
0.009291
0.009918
0.006613
0.008747
0.009139
0.006742
0.009157
0.007469
0.009157
0.008155
0.007263
0.005810
0.007646
0.007795
0.009904
0.005942
0.009624
0.008973
0.011528
0.007757
0.008772
0.010065
0.011534
0.007520
0.010175
0.009873
0.009039
0.008653
0.008028
0.006896
0.006990
0.006072
0.006376
0.012060
0.009691
0.012123
0.007692
0.009140
0.009057
0.008032
0.010438
0.005496
0.012562
0.009848
0.008925
0.011032
0.009637
0.007648
0.006574
0.008311
0.007208
0.007296
0.009005
0.006943
0.005662
0.005421
0.007014
0.005812
0.007648
0.008226
0.005911
0.010043
0.008035
0.006410
0.006355
0.008467
0.008098
0.008229
0.008720
0.006560
0.008204
0.006496
0.007115
0.009207
0.007094
0.007431
0.009201
0.007615
0.006923
0.009665
0.007524
0.006012
0.006053
0.006918
0.006164
0.009295
0.009132
0.010140
0.009494
0.008601
0.008000
0.011859
0.007609
0.006618
0.005687
0.008709
0.007974
0.007279
0.006336
0.008653
0.008706
0.008326
0.006248
0.010134
0.008517
0.005607
0.007217
0.005941
0.007118
0.007001
0.006979
0.009584
0.008707
0.008905
0.009679
0.006648
0.008049
0.010257
0.009984
0.007486
0.008710
0.009060
0.006330
0.010277
0.008493
0.008476
0.007817
0.007899
0.009480
0.006967
0.005978
0.007019
0.008037
0.008814
0.006819
0.009779
0.007773
0.008288
0.007986
0.007721
0.009090
0.011083
0.009471
0.005570
0.008789
0.006087
0.006899
0.008040
0.008281
0.007206
0.006385
0.006420
0.010834
0.005816
0.006711
0.007817
0.007421
0.005991
0.007518
0.007296
0.009751
0.010061
0.008287
0.009097
0.007567
0.006970
0.006203
0.008603
0.008620
0.009164
0.013275
0.011075
0.007558
0.009693
0.007136
0.009397
0.010188
0.004963
0.009380
0.010298
0.009949
0.006391
0.009929
0.006477
0.010261
0.007424
0.005502
0.008992
0.009177
0.011959
0.008644
0.009357
0.006843
0.005674
0.007751
0.007091
0.007423
0.007855
0.009797
0.009625
0.006280
0.008040
0.007724
0.010230
0.007866
0.005633
0.007712
0.005740
0.009029
0.008321
0.008673
0.006783
0.008297
