5.00049
5.9298
7.31825
8.11089
8.17075
8.24925
8.30194
8.38585
8.46028
8.52913
9.3883
10.4294
11.2645
12.1359
13.3491
14.1488
14.951
15.3382
16.5286
17.6071
19.0226
20.3916
21.495
22.1207
23.3131
23.8852
24.9336
26.3185
27.7298
29.1119
30.0975
31.3697
31.9192
33.038
33.9798
34.6121
35.6899
36.8544
37.9207
39.018
40.4182
41.9449
42.9373
44.1641
45.4489
46.446
47.7368
48.6842
50.1379
50.645
51.5724
52.982
54.3397
55.5822
56.5903
57.3975
57.5437
58.7106
59.7863
61.0471
62.1568
62.9351
63.0509
63.9781
65.3126
65.5282
66.9378
67.6007
68.4926
69.4385
69.9744
71.3089
71.8655
72.9946
74.284
74.9381
75.95
77.3853
78.1366
79.4104
80.8297
81.7406
83.0769
84.489
84.582
85.9655
87.3859
88.7404
89.1049
90.1759
91.1367
92.1714
92.7438
94.0029
95.3424
96.7203
96.9128
97.7969
99.1137
100.249
101.293
102.167
102.936
104.564
105.636
106.472
106.541
107.796
108.202
109.48
110.893
112.313
113.364
114.751
115.675
116.54
117.234
118.022
119.447
120.153
121.242
121.98
123.303
124.469
125.313
126.333
127.455
128.582
129.526
130.941
132.352
133.274
134.693
135.575
136.983
137.325
138.122
139.224
140.221
141.472
142.609
143.317
144.623
145.579
147.001
148.248
148.813
150.074
150.582
151.316
152.344
153.423
154.726
156.111
157.199
157.746
159.166
160.217
161.65
163.1
164.103
165.437
166.529
167.541
168.334
169.199
170.261
171.193
172.222
173.595
174.583
175.835
177.085
177.731
178.974
179.974
181.209
182.21
182.813
183.596
184.476
185.589
186.608
188.006
188.836
189.567
190.989
192.826
193.684
194.55
194.902
196.33
197.262
198.738
200.131
200.622
201.665
202.625
203.841
204.584
205.068
206.176
206.44
207.956
209.33
210.444
211.742
211.831
213.011
214.169
215.007
215.636
215.774
216.906
217.424
218.612
219.013
220.007
220.991
221.595
222.8
223.463
224.559
225.195
226.278
227.021
228.293
229.642
231.035
232.509
232.814
233.427
234.879
236.243
237.17
238.474
239.052
240.274
240.779
241.779
242.851
243.805
245.082
245.559
246.921
247.391
248.786
249.424
250.779
251.993
253.49
254.916
255.984
256.343
257.742
258.477
259.78
260.222
261.459
262.336
263.537
263.97
265.353
266.552
267.649
268.3
269.213
270.175
270.957
272.221
272.967
273.772
274.815
275.948
276.434
278.122
278.969
280.217
281.187
282.35
283.13
283.968
284.666
286.153
286.756
287.895
288.412
289.495
290.763
291.844
292.531
293.731
295.062
295.544
296.752
297.889
299.05
299.459
300.433
301.47
302.549
303.752
303.974
305.365
305.625
307.276
308.864
310.501
311.831
312.741
313.844
315.263
315.812
317.227
318.573
319.018
320.211
320.91
322.105
324.378
325.515
326.552
328.021
329.233
329.571
330.552
331.812
332.778
334.21
334.734
334.97
336.1
337.445
338.633
339.316
340.51
341.051
341.978
342.98
344.195
345.499
345.599
346.811
348.213
349.607
350.985
352.221
353.25
354.034
355.481
356.613
357.562
358.54
359.941
360.723
361.43
362.533
363.869
364.812
372.175
373.745
375.142
376.843
378.207
378.801
379.441
380.856
382.074
388.263
390.585
392.019
393.063
394.454
395.875
396.937
398.289
399.447
401.174
401.447
402.886
403.501
404.745
405.319
406.536
407.042
408.383
408.818
410.059
410.538
411.617
412.606
413.318
414.73
416.164
416.971
418.138
419.529
420.532
421.762
422.16
423.56
424.412
425.79
427.201
427.588
428.729
428.881
430.283
431.379
432.031
433.426
433.721
434.446
435.091
436.235
437.293
437.738
438.525
439.958
440.985
441.476
442.288
443.008
444.443
445.234
446.718
448.145
449.151
450.706
455.988
457.332
458.782
460.115
461.151
462.457
463.902
465.187
466.513
467.488
468.596
469.362
470.557
471.632
476.277
477.576
478.825
479.46
480.555
481.988
483.095
484.245
484.794
486.147
487.373
487.796
488.753
489.819
490.509
491.958
492.44
493.829
494.565
495.788
496.924
498.389
499.795
500.727
504.387
507.373
509.545
510.81
512.237
512.571
513.907
514.249
515.275
516.299
516.795
517.426
517.85
519.261
520.082
520.548
521.881
523.315
524.535
525.15
526.637
527.677
528.803
530.007
531.481
532.516
535.269
538.882
540.319
543.299
544.61
546.003
547.283
548.725
549.498
551.026
551.901
553.385
554.769
555.473
556.963
558.394
559.339
559.873
561.308
562.046
563.024
563.854
565.066
566.534
568.175
569.579
570.31
570.963
572.253
572.765
574.156
575.224
576.452
577.549
578.995
579.766
580.562
581.756
582.97
584.111
585.586
586.721
588.115
589.547
590.712
591.615
