2.10706
2.60699
3.10703
3.62134
4.10713
4.6071
5.10705
5.6092
6.1071
6.60702
7.10706
7.60705
8.11096
8.607
9.10708
9.60706
10.1071
10.611
11.1071
11.6071
12.1096
12.6071
13.107
13.607
14.1189
14.6099
15.1071
15.6071
16.1071
16.6072
17.107
17.6078
18.107
18.6107
19.11
19.6071
20.1114
20.6071
21.107
21.607
22.1215
22.6134
23.1071
23.6071
24.1071
24.607
25.1071
25.6071
26.107
26.607
27.1071
27.6133
28.1071
28.607
29.1138
29.6078
30.107
30.607
31.1072
31.607
32.107
32.6071
33.1071
33.607
34.1071
34.6137
35.1071
35.6249
36.1074
36.6073
37.107
37.6271
38.1071
38.6071
39.107
39.6071
40.1072
40.6071
41.1074
41.6071
42.107
42.6222
43.1091
43.618
44.1641
44.6126
45.1121
45.6098
46.1071
46.6081
47.107
47.607
48.1077
48.6113
49.1168
49.6152
50.1453
50.645
51.1125
51.6071
52.1384
52.6142
53.1155
53.611
54.1089
54.6164
55.1083
55.6102
56.1165
56.6116
57.1123
57.6119
58.1146
58.6683
59.114
59.622
60.1243
60.6165
61.1219
61.6155
62.1746
62.6227
63.115
63.6203
64.1227
64.625
65.117
65.6189
66.1238
66.6236
67.1229
67.636
68.1222
68.6293
69.1251
69.6246
70.12
70.618
71.123
71.6175
72.1174
72.6295
73.1239
73.6224
74.117
74.6286
75.1236
75.6289
76.124
76.6238
77.125
77.6212
78.1603
78.6221
79.1241
79.6243
80.1278
80.6254
81.1224
81.6593
82.1251
82.6241
83.1215
83.6251
84.1263
84.6211
85.1279
85.6231
86.1213
86.6215
87.1245
87.6205
88.1189
88.6246
89.13
89.624
90.1324
90.6269
91.1591
91.6207
92.1297
92.6248
93.1225
93.6215
94.1242
94.6221
95.1253
95.631
96.1252
96.6243
97.1252
97.6183
98.1236
98.6233
99.1387
99.6335
100.126
100.625
101.123
101.632
102.167
102.635
103.125
103.625
104.125
104.624
105.124
105.662
106.126
106.624
107.125
107.624
108.124
108.624
109.124
109.632
110.127
110.632
111.124
111.625
112.124
112.624
113.125
113.625
114.124
114.636
115.126
115.675
116.124
116.624
117.125
117.624
118.126
118.624
119.124
119.632
120.18
120.624
121.124
121.631
122.125
122.624
123.125
123.631
124.126
124.627
125.124
125.624
126.125
126.625
127.124
127.63
128.125
128.625
129.125
129.632
130.126
130.627
131.124
131.624
132.124
132.624
133.125
133.63
134.125
134.63
135.128
135.625
136.126
136.625
137.125
137.626
138.148
138.624
139.159
139.634
140.125
140.627
141.124
141.629
142.126
142.636
143.155
143.626
144.124
144.668
145.125
145.625
146.127
146.635
147.124
147.637
148.125
148.625
149.124
149.633
150.158
150.624
151.137
151.625
152.128
152.627
153.127
153.63
154.126
154.628
155.125
155.625
156.138
156.624
157.126
157.634
158.124
158.624
159.166
159.633
160.126
160.625
161.126
161.675
162.126
162.624
163.126
163.635
164.15
164.625
165.128
165.635
166.124
166.625
167.125
167.635
168.124
168.627
169.16
169.631
170.125
170.627
171.126
171.632
172.125
172.627
173.127
173.639
174.125
174.627
175.127
175.633
176.129
176.624
177.128
177.625
178.125
178.626
179.126
179.625
180.125
180.625
181.129
181.625
182.128
182.624
183.125
183.629
184.126
184.632
185.127
185.632
186.124
186.636
187.124
187.626
188.128
188.626
189.126
189.624
190.127
190.626
191.124
191.625
192.126
192.674
193.129
193.684
194.125
194.624
195.125
195.636
196.127
196.628
197.124
197.634
198.125
198.668
199.125
199.626
200.175
200.659
201.128
201.692
202.126
202.67
203.126
203.635
204.125
204.634
205.125
205.627
206.203
206.64
207.126
207.628
208.124
208.628
209.128
209.628
210.127
210.631
211.125
211.637
212.125
212.625
213.124
213.626
214.134
214.637
215.124
215.662
216.125
216.625
217.128
217.628
218.133
218.656
219.125
219.633
220.124
220.625
221.127
221.64
222.126
222.625
223.134
223.629
224.125
224.627
225.143
225.636
226.125
226.627
227.125
227.625
228.177
228.628
229.124
229.668
230.125
230.631
231.127
231.634
232.126
232.628
233.129
233.646
234.137
234.627
235.128
235.634
236.124
236.625
237.197
237.63
238.127
238.626
239.165
239.625
240.189
240.626
241.127
241.666
242.126
242.626
243.125
243.625
244.124
244.627
245.126
245.624
246.127
246.627
247.126
247.636
248.128
248.627
249.124
249.634
250.129
250.627
251.125
251.624
252.129
252.627
253.129
253.625
254.124
254.624
255.128
255.629
256.128
256.626
257.128
257.636
258.124
258.625
259.128
259.634
260.136
260.625
261.127
261.628
262.125
262.625
263.127
263.629
264.126
264.625
265.125
265.627
266.127
266.628
267.127
267.676
268.128
268.624
269.126
269.626
270.134
270.631
271.127
271.639
272.153
272.634
273.128
273.625
274.127
274.628
275.125
275.628
276.124
276.63
277.125
277.624
278.15
278.627
279.125
279.631
280.125
280.628
281.146
281.63
282.127
282.629
283.166
283.646
284.124
284.666
285.124
285.631
286.196
286.628
287.127
287.626
288.127
288.627
289.128
289.631
290.127
290.663
291.125
291.627
292.127
292.637
293.129
293.664
294.129
294.627
295.132
295.636
296.129
296.628
297.15
297.628
298.13
298.64
299.126
299.631
300.126
300.633
301.13
301.626
302.169
302.627
303.132
303.665
304.132
304.629
305.129
305.666
306.15
306.64
307.187
307.639
308.125
308.697
309.126
309.676
310.208
310.627
311.126
311.628
312.132
312.677
313.124
313.69
314.126
314.628
315.126
315.635
316.144
316.627
317.129
317.629
318.126
318.629
319.124
319.629
320.127
320.627
321.126
321.632
322.151
322.629
323.127
323.638
324.128
324.634
325.129
325.63
326.129
326.628
327.124
327.663
328.127
328.639
329.127
329.625
330.127
330.626
331.13
331.629
332.124
332.629
333.131
333.641
334.151
334.629
335.129
335.631
336.135
336.627
337.131
337.627
338.125
338.661
339.124
339.631
340.126
340.627
341.146
341.631
342.128
342.629
343.129
343.627
344.139
344.628
345.127
345.629
346.129
346.631
347.127
347.628
348.131
348.629
349.133
349.654
350.128
350.633
351.125
351.624
352.145
352.631
353.126
353.632
354.126
354.632
355.128
355.628
356.132
356.643
357.124
357.629
358.126
358.629
359.128
359.627
360.124
360.631
361.13
361.635
362.127
362.629
363.126
363.63
364.126
364.63
365.129
365.648
366.154
366.641
367.182
367.681
368.146
368.672
369.158
369.668
370.144
370.696
371.177
371.667
372.205
372.625
373.131
373.646
374.13
374.625
375.175
375.636
376.129
376.626
377.125
377.635
378.13
378.626
379.126
379.631
380.205
380.624
381.129
381.628
382.225
382.638
383.158
383.714
384.169
384.663
385.177
385.662
386.185
386.68
387.161
387.689
388.155
388.632
389.126
389.675
390.164
390.631
391.131
391.633
392.128
392.629
393.129
393.632
394.126
394.634
395.131
395.633
396.128
396.627
397.13
397.626
398.127
398.637
399.126
399.633
400.124
400.631
401.124
401.626
402.132
402.631
403.131
403.637
404.132
404.637
405.129
405.626
406.127
406.628
407.13
407.63
408.133
408.642
409.127
409.637
410.126
410.635
411.128
411.666
412.13
412.654
413.124
413.633
414.128
414.627
415.135
415.627
416.164
416.629
417.129
417.634
418.168
418.648
419.125
419.626
420.133
420.626
421.126
421.646
422.16
422.63
423.13
423.633
424.13
424.63
425.129
425.632
426.124
426.625
427.127
427.628
428.147
428.634
429.125
429.628
430.147
430.632
431.126
431.636
432.13
432.632
433.129
433.655
434.132
434.626
435.145
435.625
436.152
436.632
437.133
437.659
438.126
438.632
439.13
439.643
440.13
440.645
441.13
441.626
442.124
442.637
443.135
443.629
444.133
444.631
445.134
445.638
446.124
446.669
447.132
447.632
448.188
448.641
449.209
449.634
450.133
450.649
451.147
451.627
452.187
452.658
453.194
453.665
454.201
454.661
455.18
455.66
456.124
456.631
457.128
457.639
458.149
458.656
459.127
459.64
460.158
460.63
461.184
461.627
462.131
462.645
463.133
463.642
464.135
464.633
465.139
465.64
466.124
466.631
467.125
467.636
468.132
468.646
469.133
469.634
470.164
470.633
471.124
471.683
472.13
472.629
473.199
473.698
474.159
474.663
475.168
475.656
476.206
476.633
477.13
477.63
478.127
478.631
479.133
479.637
480.13
480.627
481.136
481.635
482.131
482.626
483.153
483.627
484.159
484.627
485.125
485.63
486.214
486.637
487.133
487.632
488.124
488.679
489.13
489.636
490.135
490.629
491.125
491.627
492.124
492.63
493.13
493.63
494.134
494.631
495.132
495.624
496.129
496.632
497.129
497.632
498.198
498.636
499.125
499.636
500.126
500.668
501.124
501.631
502.141
502.729
503.148
503.664
504.231
504.635
505.132
505.66
506.259
506.674
507.153
507.629
508.132
508.634
509.214
509.625
510.133
510.632
511.129
511.63
512.295
512.633
513.132
513.639
514.161
514.634
515.173
515.626
516.129
516.691
517.13
517.693
518.125
518.633
519.126
519.626
520.2
520.662
521.129
521.716
522.129
522.639
523.214
523.631
524.132
524.639
525.202
525.635
526.137
526.694
527.165
527.736
528.137
528.694
529.177
529.631
530.132
530.635
531.126
531.631
532.126
532.636
533.135
533.626
534.22
534.679
535.178
535.634
536.131
536.686
537.155
537.656
538.199
538.672
539.149
539.638
540.159
540.634
541.131
541.7
542.234
542.716
543.198
543.631
544.131
544.669
545.13
545.631
546.129
546.625
547.127
547.635
548.133
548.663
549.135
549.631
550.124
550.627
551.132
551.682
552.129
552.635
553.189
553.638
554.131
554.624
555.133
555.631
556.13
556.636
557.133
557.643
558.126
558.635
559.124
559.625
560.135
560.629
561.131
561.626
562.131
562.63
563.133
563.638
564.134
564.681
565.125
565.634
566.13
566.629
567.126
567.628
568.23
568.632
569.126
569.633
570.131
570.628
571.125
571.632
572.169
572.634
573.13
573.633
574.19
574.624
575.156
575.626
576.133
576.638
577.131
577.635
578.129
578.624
579.133
579.629
580.131
580.637
581.127
581.634
582.131
582.625
583.135
583.629
584.163
584.627
585.135
585.625
586.132
586.629
587.13
587.632
588.166
588.631
589.134
589.628
590.129
590.63
591.124
591.66
