0.000000
0.000000
0.000000
0.000000
0.002000
68.509000
78.615000
99.063000
118.513000
151.780000
171.985000
198.832000
213.123000
218.765000
225.650000
235.806000
247.590000
270.438000
318.370000
351.711000
362.696000
375.299000
385.341000
395.511000
427.027000
492.182000
548.766000
599.913000
628.806000
652.555000
674.299000
727.327000
735.814000
749.665000
753.451000
773.442000
803.066000
823.089000
827.395000
837.687000
860.511000
892.023000
915.998000
937.585000
955.623000
980.785000
1006.229000
1028.221000
1036.496000
1054.029000
1062.601000
1081.585000
1092.874000
1101.970000
1120.503000
1159.061000
1187.725000
1217.189000
1241.838000
1277.664000
1315.229000
1326.808000
1333.686000
1347.809000
1365.833000
1385.903000
1408.617000
1448.003000
1479.762000
1526.467000
1551.401000
1595.577000
1650.952000
1693.856000
1730.140000
1779.806000
1822.437000
1874.615000
1921.253000
1960.854000
1993.438000
2036.171000
2062.687000
2091.573000
2133.242000
2175.124000
2211.540000
2242.833000
2288.535000
2329.118000
2372.479000
2415.057000
2432.024000
2455.928000
2487.914000
2516.370000
2529.998000
2544.199000
2572.744000
2607.389000
2654.005000
2700.990000
2726.783000
2754.257000
2777.329000
2790.448000
2799.323000
2811.281000
2834.745000
2856.523000
2868.595000
2897.337000
2937.180000
2967.785000
2986.250000
3033.598000
3073.969000
3119.258000
3150.984000
3191.834000
3243.590000
3286.063000
3325.197000
3355.515000
3380.701000
3396.838000
3408.740000
3416.778000
3433.403000
3451.442000
3458.876000
3464.360000
3468.220000
3473.363000
3479.180000
3490.278000
3502.545000
3511.612000
3519.224000
3525.838000
3534.090000
3545.371000
3555.437000
3563.087000
3568.592000
3574.255000
3581.687000
3588.870000
3594.852000
3601.728000
3618.098000
3639.058000
3656.862000
3669.333000
3675.377000
3678.025000
3684.370000
3702.184000
3703.858000
3704.893000
3707.140000
3714.041000
3715.582000
3716.762000
3717.127000
3717.169000
3717.194000
3717.225000
3717.385000
3735.916000
3744.718000
3777.898000
3791.939000
3798.353000
3813.773000
3831.835000
3842.654000
3844.569000
3850.668000
3851.448000
3852.511000
3860.302000
3878.386000
3902.753000
3912.620000
3920.273000
3925.245000
3928.192000
3930.626000
3936.092000
3942.574000
3955.608000
3979.976000
4015.803000
4054.373000
4058.856000
4060.560000
4065.068000
4074.157000
4099.735000
4119.459000
4136.875000
4142.864000
4145.914000
4147.617000
4148.177000
4152.661000
4161.570000
4169.341000
4181.698000
4188.355000
4198.268000
4210.533000
4220.293000
4229.278000
4242.810000
4255.845000
4264.269000
4267.424000
4274.826000
4277.039000
4278.472000
4279.420000
4280.016000
4280.156000
4280.285000
4280.341000
4283.658000
4288.019000
4290.198000
4290.663000
4291.582000
4291.825000
4292.298000
4292.573000
4297.799000
4320.635000
4329.874000
4345.777000
4356.195000
4369.173000
4396.216000
4406.212000
4417.070000
4428.873000
4437.446000
4449.020000
4454.625000
4455.439000
4456.561000
4456.902000
4456.990000
4457.053000
4457.529000
4457.787000
4469.838000
4489.971000
4514.807000
4531.587000
4548.166000
4562.231000
4568.186000
4572.944000
4578.647000
4584.546000
4591.544000
4600.054000
4613.714000
4618.450000
4620.541000
4623.830000
4626.127000
4626.415000
4628.065000
4644.172000
4656.995000
4675.056000
4678.407000
4681.245000
4684.121000
4685.473000
4686.201000
4687.420000
4691.172000
4700.915000
4709.929000
4713.363000
4730.592000
4744.992000
4762.681000
4786.734000
4815.331000
4830.509000
4845.345000
4854.885000
4865.817000
4880.654000
4906.313000
4931.731000
4958.200000
4990.900000
5033.376000
5056.164000
5089.107000
5105.750000
5110.831000
5110.874000
5115.590000
5127.202000
5129.909000
5131.815000
5132.493000
5134.686000
5139.896000
5141.339000
5141.529000
5143.117000
5143.552000
5144.303000
5146.145000
5162.662000
5199.340000
5219.351000
5222.877000
5225.683000
5243.310000
5276.380000
5282.717000
5286.999000
5294.802000
5295.324000
5301.935000
5306.134000
5314.878000
5315.902000
5316.223000
5318.465000
5323.323000
5323.337000
5323.361000
5323.390000
5323.774000
5325.438000
5327.556000
5331.950000
5338.767000
5346.307000
5354.931000
5361.498000
5368.711000
5374.081000
5379.533000
5381.162000
5381.303000
5381.568000
5381.736000
5381.857000
5381.958000
5382.008000
5382.037000
5382.065000
5382.079000
5382.085000
5382.091000
5382.130000
5382.264000
5382.326000
5382.378000
5382.399000
5382.471000
5382.525000
5382.745000
5383.041000
5383.048000
5383.067000
5383.131000
5383.171000
5383.192000
5383.207000
5383.225000
5383.260000
5383.326000
5383.486000
5383.670000
5383.725000
5387.496000
5391.059000
5394.065000
5397.910000
5400.657000
5402.017000
5404.688000
5413.251000
5424.111000
5429.124000
5431.622000
5434.158000
5436.071000
5437.549000
5440.068000
5446.330000
5450.910000
5454.690000
5459.182000
5464.529000
5473.385000
5481.453000
5489.573000
5495.701000
5502.830000
5512.568000
5518.072000
5520.767000
5523.634000
5524.681000
5526.472000
5527.573000
5529.879000
5534.112000
5554.576000
5583.502000
5604.714000
5618.281000
5636.044000
5652.869000
5670.487000
5688.909000
5708.831000
5720.824000
5730.715000
5735.206000
5737.658000
5739.608000
5745.222000
5756.593000
5775.573000
5788.254000
5820.751000
5861.194000
5891.378000
5916.117000
5943.538000
5962.544000
5988.156000
6020.368000
6044.161000
6059.641000
6082.126000
6104.167000
6116.403000
6126.388000
6137.974000
6148.594000
6154.957000
6169.274000
6182.001000
6203.392000
6230.458000
6242.430000
6256.128000
6270.553000
6283.927000
6288.574000
6302.768000
6306.971000
6323.756000
6335.650000
6347.300000
6351.964000
6353.031000
6365.585000
6396.076000
6437.748000
6465.927000
6489.712000
6527.058000
6560.435000
6587.340000
6626.166000
6662.366000
6678.259000
6716.318000
6740.146000
6755.620000
6762.175000
6772.080000
6777.133000
6787.025000
6799.180000
6806.985000
6816.698000
6826.457000
6834.738000
6839.540000
6841.952000
6843.630000
6845.991000
6859.385000
6860.257000
6860.881000
6862.785000
6867.732000
6873.529000
6881.171000
6889.695000
6895.091000
6895.231000
6895.323000
6895.410000
6898.163000
6913.839000
6917.740000
6919.611000
6924.296000
6933.064000
6943.488000
6947.905000
6949.342000
6950.725000
6954.478000
6958.748000
6962.433000
6964.828000
6966.424000
6969.001000
6972.206000
6975.278000
6977.115000
6978.160000
6978.166000
6978.233000
6978.245000
6978.253000
6978.555000
6978.643000
6978.663000
6978.706000
6978.724000
6979.572000
6981.818000
6982.858000
6983.399000
6993.578000
6996.795000
6996.867000
6997.658000
7002.842000
7008.567000
7012.773000
7012.791000
7014.925000
7015.433000
7015.448000
7015.511000
7015.693000
7015.775000
7015.840000
7015.896000
7016.107000
7017.108000
7018.602000
7019.383000
7019.428000
7019.837000
7024.310000
7027.744000
7029.520000
7031.899000
7036.605000
7051.618000
7073.337000
7087.132000
7098.152000
7116.763000
7136.013000
7151.057000
7180.353000
7217.280000
7235.115000
7269.632000
7294.164000
7324.315000
7357.203000
7387.140000
7415.280000
7448.882000
7470.666000
7488.859000
7500.897000
7514.694000
7526.921000
7546.921000
7566.002000
7587.240000
7623.880000
7647.497000
7664.778000
7674.226000
7687.585000
7715.478000
7726.843000
7739.893000
7759.275000
7781.157000
7807.649000
7833.790000
7849.200000
7857.385000
7861.986000
7871.050000
7875.690000
7877.414000
7879.787000
7883.467000
7885.265000
7889.001000
7892.913000
7904.779000
7914.064000
7916.776000
7925.892000
7934.559000
7940.869000
7945.902000
7950.162000
7953.798000
7956.732000
7957.689000
7959.632000
7964.880000
7968.828000
7972.062000
7974.109000
7979.323000
7992.070000
8011.669000
8046.933000
8066.682000
8097.904000
8126.556000
8136.963000
8140.583000
8142.760000
8143.870000
8144.233000
8144.704000
8145.454000
8146.654000
8147.296000
8147.636000
8148.177000
8150.203000
8151.801000
8152.169000
8152.258000
8154.403000
8159.920000
8170.297000
8182.897000
8189.286000
8201.832000
8211.454000
8223.470000
8239.091000
8251.283000
8263.936000
8277.436000
8294.064000
8313.073000
8335.875000
8357.764000
8369.604000
8376.299000
8379.652000
8381.188000
8382.231000
8382.476000
8383.052000
8384.625000
8386.957000
8388.789000
8389.056000
8389.259000
8389.513000
8389.647000
8390.107000
8390.307000
8391.731000
8392.464000
8396.050000
8399.033000
8400.779000
8401.530000
8401.581000
8401.587000
8401.590000
8401.699000
8403.011000
8404.093000
8409.154000
8413.152000
8416.580000
8434.258000
8443.701000
8456.337000
8463.369000
8468.498000
8470.521000
8471.178000
8471.488000
8471.565000
8471.628000
8471.688000
8471.772000
8471.846000
8471.870000
8471.877000
8472.518000
8473.439000
8473.533000
8474.377000
8475.513000
8475.769000
8476.715000
8477.288000
8477.682000
8477.835000
8477.901000
8477.936000
8477.975000
8477.997000
8477.997000
8477.997000
8477.997000
8477.997000
8477.997000
8477.997000
8477.997000
8477.997000
8477.997000
8477.997000
8477.997000
8477.997000
8478.014000
8478.022000
8478.051000
8478.179000
8479.470000
8480.345000
8480.758000
8483.349000
8495.768000
8502.001000
8504.040000
8504.585000
8504.761000
8504.869000
8504.882000
8504.931000
8504.947000
8504.958000
8504.976000
8504.985000
8505.001000
8505.019000
8505.072000
8505.088000
8505.088000
8505.088000
8505.088000
8505.088000
8505.088000
8505.088000
8505.088000
8505.088000
8505.111000
8505.149000
8505.184000
8505.230000
8505.316000
8505.341000
8505.377000
8505.401000
8505.836000
8505.970000
8506.058000
8506.147000
8506.708000
8506.823000
8510.667000
8513.403000
8516.866000
8520.532000
8526.485000
8531.554000
8537.020000
8537.734000
8542.228000
8544.259000
8547.152000
8549.650000
8551.346000
8552.882000
8557.324000
8563.913000
8570.911000
8577.211000
8583.586000
8588.693000
8596.041000
8603.962000
8611.942000
8620.048000
8630.129000
8647.731000
8662.191000
8677.837000
8694.791000
8706.955000
8722.987000
8747.395000
8779.715000
8790.296000
8796.223000
8807.358000
8815.944000
8823.306000
8852.480000
8868.455000
8883.687000
8911.413000
8938.967000
8943.140000
8958.474000
8982.265000
8999.299000
9011.619000
9031.499000
9052.656000
9062.974000
9076.568000
9113.731000
9139.121000
9148.458000
9150.762000
9154.182000
9160.430000
9165.350000
9175.403000
9178.545000
9178.687000
9180.509000
9207.665000
9218.101000
9229.714000
9251.308000
9265.269000
9274.848000
9293.138000
9302.727000
9304.458000
9304.667000
9304.992000
9305.159000
9305.228000
9305.566000
9305.885000
9306.308000
9307.964000
9329.588000
9348.796000
9366.092000
9383.153000
9404.797000
9408.263000
9414.267000
9421.017000
9430.988000
9440.518000
9459.839000
9480.700000
9508.449000
9521.580000
9526.799000
9527.464000
9530.322000
9530.752000
9532.243000
9534.423000
9536.851000
9547.048000
9583.200000
9609.515000
9622.071000
9633.117000
9656.465000
9680.086000
9693.454000
9700.843000
9705.689000
9706.775000
9708.071000
9712.630000
9713.393000
9713.393000
9713.393000
9713.393000
9713.393000
9713.393000
9713.393000
9713.492000
9713.631000
9713.734000
9714.660000
9720.608000
9723.441000
9724.488000
9724.817000
9726.271000
9726.489000
9726.779000
9727.018000
9732.977000
9762.355000
9774.649000
9786.367000
9790.771000
9801.833000
9811.907000
9817.093000
9817.859000
9821.808000
9833.368000
9865.049000
9877.123000
9891.632000
9893.401000
9893.521000
9893.548000
9893.586000
9893.606000
9893.872000
9894.042000
9894.186000
9894.299000
9894.374000
9894.374000
9894.374000
9894.374000
9894.374000
9894.374000
9894.405000
9894.457000
9894.613000
9895.672000
9898.832000
9907.010000
9920.085000
9924.813000
9927.673000
9930.298000
9930.677000
9934.072000
9934.809000
9940.065000
9940.072000
9944.379000
9953.935000
9961.236000
9980.501000
9997.330000
10007.831000
10017.662000
10047.556000
10061.500000
10079.591000
10089.792000
10102.835000
10116.970000
10127.635000
10134.072000
10135.618000
10135.746000
10140.935000
10141.043000
10141.275000
10141.314000
10141.374000
10141.430000
10142.169000
10143.544000
10145.041000
10145.915000
10146.834000
10147.503000
10150.502000
10150.781000
10154.771000
10157.116000
10160.537000
10161.566000
10162.744000
10164.553000
10166.180000
10166.532000
10166.586000
10166.586000
10166.629000
10166.930000
10167.075000
10167.255000
10167.355000
10167.490000
10167.535000
10167.607000
10167.754000
10167.784000
10167.810000
10167.834000
10168.080000
10168.212000
10169.072000
10171.298000
10174.237000
10182.752000
10192.230000
10203.108000
10216.088000
10249.560000
10271.540000
10284.856000
10305.789000
10322.455000
10332.390000
10338.606000
10338.768000
10338.768000
10344.089000
10364.210000
10374.493000
10381.585000
10385.393000
10386.960000
10387.273000
10388.772000
10391.656000
10395.765000
10402.134000
10414.744000
10423.289000
10445.527000
10466.120000
10474.146000
10478.033000
10486.048000
10493.633000
10499.133000
10504.002000
10510.949000
10523.368000
10538.057000
10549.695000
10571.687000
10587.724000
10594.601000
10596.747000
10601.578000
10601.915000
10601.915000
10602.127000
10602.510000
10604.152000
10605.103000
10606.330000
10606.587000
10606.587000
10606.659000
10606.770000
10607.013000
10607.432000
10609.153000
10609.945000
10610.297000
10610.297000
10610.297000
10610.477000
10610.876000
10612.184000
10612.376000
10612.862000
10616.140000
10620.928000
10624.677000
10627.801000
10633.689000
10636.305000
10637.413000
10638.599000
10638.908000
10639.143000
10639.471000
10642.515000
10649.734000
10655.351000
10656.474000
10657.193000
10657.455000
10657.649000
10657.790000
10658.133000
10658.990000
10661.134000
10668.052000
10670.653000
10671.254000
10671.347000
10671.358000
10671.376000
10671.381000
10671.391000
10671.406000
10671.444000
10671.692000
10671.742000
10671.757000
10671.784000
10671.807000
10671.816000
10671.890000
10671.931000
10671.950000
10672.099000
10672.927000
10673.215000
10673.239000
10673.403000
10673.661000
10673.941000
10677.183000
10685.272000
10690.057000
10699.981000
10706.638000
10715.507000
10718.659000
10718.944000
10723.657000
10733.175000
10737.506000
10738.094000
10738.289000
10741.407000
10742.182000
10753.598000
10755.513000
10756.766000
10757.137000
10762.234000
10766.101000
10767.745000
10767.754000
10768.436000
10768.564000
10770.297000
10772.724000
10772.793000
10772.819000
10772.821000
10772.832000
10772.934000
10772.986000
10773.021000
10773.043000
10773.071000
10773.075000
10773.075000
10773.075000
10773.088000
10773.088000
10774.061000
10774.249000
10779.767000
