1.60843
1.60853
2.10855
2.60861
3.10862
3.62284
4.10856
4.61
5.11052
5.63537
6.11152
6.60982
7.10853
7.6442
8.11196
8.60985
9.10854
9.64842
10.1114
10.6127
11.1086
11.6485
12.111
12.6104
13.1085
13.6471
14.1206
14.6124
15.1085
15.6518
16.1127
16.6112
17.1085
17.6341
18.1192
18.6125
19.1101
19.6416
20.1125
20.61
21.1085
21.6347
22.1224
22.6149
23.1085
23.6367
24.1121
24.6101
25.1116
25.6331
26.1086
26.6097
27.1123
27.6374
28.1085
28.6125
29.1154
29.6293
30.1085
30.6319
31.11
31.6356
32.1086
32.6114
33.1103
33.6327
34.1086
34.616
35.1113
35.6426
36.1086
36.6106
37.1113
37.6593
38.1085
38.6295
39.1086
39.6465
40.1104
40.6107
41.1086
41.6426
42.1117
42.6258
43.1116
43.6543
44.1655
44.6149
45.1134
45.6493
46.1101
46.6104
47.1086
47.6351
48.1099
48.6135
49.1168
49.6497
50.1464
50.6627
51.1311
51.6398
52.1385
52.6305
53.1169
53.6325
54.109
54.6189
55.1102
55.6448
56.1165
56.6135
57.1136
57.6461
58.1147
58.6705
59.1151
59.6601
60.1243
60.634
61.1237
61.6481
62.1758
62.6245
63.1161
63.6449
64.1228
64.6291
65.1184
65.6372
66.1238
66.626
67.1247
67.6836
68.1223
68.6301
69.1273
69.6606
70.1201
70.6209
71.1243
71.6407
72.1189
72.632
73.124
73.6429
74.1187
74.6471
75.125
75.6475
76.1241
76.6496
77.1264
77.6492
78.1616
78.6259
79.1259
79.652
80.1292
80.6276
81.1245
81.706
82.1252
82.6265
83.1237
83.6457
84.1301
84.6221
85.1297
85.6556
86.1213
86.6229
87.126
87.6544
88.1189
88.6275
89.1301
89.6569
90.1775
90.6695
91.1591
91.6605
92.1714
92.6271
93.124
93.6559
94.1242
94.6243
95.1276
95.6671
96.1253
96.6267
97.1267
97.6591
98.1391
98.6259
99.14
99.6503
100.126
100.633
101.124
101.649
102.167
102.637
103.125
103.694
104.125
104.627
105.126
105.679
106.126
106.626
107.126
107.644
108.124
108.626
109.125
109.653
110.129
110.634
111.125
111.645
112.124
112.627
113.125
113.647
114.126
114.638
115.126
115.697
116.125
116.651
117.129
117.657
118.126
118.627
119.125
119.668
120.181
120.644
121.125
121.666
122.125
122.645
123.126
123.663
124.126
124.629
125.124
125.651
126.125
126.64
127.126
127.651
128.125
128.627
129.126
129.648
130.126
130.629
131.125
131.643
132.124
132.647
133.127
133.655
134.125
134.65
135.129
135.645
136.126
136.627
137.126
137.649
138.149
138.629
139.16
139.698
140.125
140.63
141.126
141.655
142.126
142.64
143.156
143.656
144.124
144.671
145.126
145.659
146.128
146.639
147.125
147.672
148.125
148.628
149.125
149.662
150.168
150.646
151.139
151.651
152.128
152.63
153.128
153.656
154.126
154.632
155.127
155.651
156.156
156.627
157.151
157.658
158.124
158.627
159.168
159.664
160.126
160.628
161.127
161.706
162.126
162.669
163.126
163.665
164.152
164.643
165.13
165.664
166.124
166.634
167.127
167.664
168.124
168.64
169.161
169.656
170.126
170.629
171.128
171.65
172.125
172.63
173.129
173.658
174.125
174.666
175.129
175.654
176.129
176.627
177.129
177.678
178.127
178.629
179.127
179.652
180.125
180.629
181.13
181.646
182.128
182.628
183.126
183.652
184.127
184.635
185.129
185.655
186.124
186.639
187.126
187.655
188.128
188.629
189.127
189.657
190.128
190.629
191.126
191.659
192.127
192.675
193.129
193.71
194.143
194.673
195.127
195.665
196.127
196.698
197.124
197.666
198.125
198.669
199.127
199.66
200.176
200.73
201.144
201.728
202.126
202.672
203.127
203.667
204.126
204.635
205.125
205.666
206.204
206.677
207.126
207.66
208.124
208.631
209.129
209.657
210.127
210.634
211.126
211.664
212.125
212.628
213.124
213.675
214.169
214.64
215.124
215.686
216.134
216.628
217.13
217.669
218.134
218.659
219.125
219.669
220.124
220.628
221.128
221.68
222.126
222.627
223.136
223.67
224.125
224.629
225.144
225.673
226.125
226.629
227.125
227.663
228.178
228.631
229.124
229.78
230.126
230.705
231.128
231.673
232.126
232.643
233.129
233.68
234.138
234.63
235.129
235.674
236.124
236.695
237.199
237.682
238.127
238.629
239.165
239.673
240.19
240.629
241.127
241.715
242.128
242.629
243.125
243.67
244.126
244.63
245.126
245.695
246.127
246.629
247.127
247.663
248.13
248.629
249.127
249.66
250.129
250.632
251.127
251.649
252.129
252.629
253.131
253.652
254.125
254.628
255.129
255.656
256.128
256.629
257.13
257.662
258.124
258.643
259.13
259.675
260.166
260.628
261.128
261.647
262.125
262.629
263.129
263.644
264.143
264.666
265.127
265.65
266.129
266.631
267.127
267.699
268.128
268.627
269.127
269.645
270.177
270.634
271.127
271.663
272.153
272.637
273.128
273.649
274.129
274.631
275.125
275.65
276.126
276.633
277.125
277.649
278.151
278.63
279.126
279.656
280.125
280.631
281.148
281.662
282.131
282.632
283.168
283.674
284.124
284.669
285.126
285.669
286.197
286.63
287.127
287.658
288.128
288.629
289.129
289.689
290.127
290.71
291.125
291.663
292.128
292.64
293.13
293.69
294.129
294.63
295.133
295.684
296.129
296.657
297.151
297.648
298.132
298.65
299.142
299.671
300.127
300.637
301.13
301.657
302.169
302.628
303.134
303.694
304.132
304.632
305.129
305.706
306.152
306.642
307.187
307.682
308.127
308.783
309.126
309.723
310.209
310.628
311.128
311.675
312.132
312.68
313.126
313.776
314.127
314.631
315.139
315.683
316.144
316.63
317.131
317.666
318.127
318.63
319.143
319.658
320.128
320.63
321.127
321.659
322.152
322.632
323.128
323.664
324.129
324.637
325.131
325.67
326.129
326.631
327.125
327.706
328.127
328.641
329.127
329.729
330.127
330.628
331.131
331.667
332.124
332.632
333.133
333.669
334.152
334.632
335.13
335.654
336.154
336.646
337.132
337.661
338.126
338.664
339.125
339.663
340.126
340.628
341.148
341.664
342.13
342.632
343.129
343.664
344.141
344.631
345.127
345.651
346.131
346.634
347.143
347.659
348.133
348.632
349.136
349.688
350.128
350.635
351.125
351.65
352.146
352.655
353.127
353.661
354.127
354.635
355.129
355.664
356.132
356.646
357.126
357.68
358.126
358.633
359.13
359.658
360.124
360.633
361.132
361.664
362.128
362.632
363.127
363.663
364.127
364.637
365.13
365.688
366.154
366.644
367.183
367.72
368.146
368.673
369.159
369.707
370.144
370.699
371.179
371.706
372.206
372.628
373.131
373.696
374.13
374.628
375.176
375.662
376.129
376.629
377.127
377.658
378.13
378.629
379.127
379.655
380.205
380.629
381.132
381.659
382.225
382.642
383.158
383.749
384.171
384.667
385.179
385.699
386.187
386.683
387.163
387.727
388.203
388.636
389.127
389.768
390.166
390.634
391.133
391.665
392.128
392.633
393.131
393.661
394.126
394.638
395.133
395.665
396.128
396.631
397.131
397.648
398.127
398.658
399.126
399.652
400.125
400.635
401.124
401.697
402.132
402.635
403.133
403.709
404.133
404.641
405.13
405.655
406.128
406.631
407.131
407.661
408.134
408.645
409.128
409.666
410.126
410.67
411.13
411.703
412.131
412.66
413.126
413.661
414.137
414.649
415.136
415.661
416.164
416.633
417.131
417.662
418.169
418.653
419.125
419.656
420.134
420.629
421.127
421.671
422.161
422.635
423.13
423.65
424.131
424.634
425.131
425.654
426.124
426.63
427.127
427.651
428.149
428.638
429.129
429.656
430.148
430.642
431.126
431.665
432.132
432.635
433.13
433.681
434.133
434.63
435.146
435.654
436.154
436.637
437.135
437.681
438.128
438.636
439.132
439.664
440.132
440.746
441.13
441.659
442.126
442.701
443.135
443.665
444.134
444.635
445.136
445.672
446.126
446.674
447.148
447.667
448.189
448.646
449.21
449.68
450.133
450.653
451.148
451.672
452.189
452.662
453.195
453.71
454.202
454.664
455.182
455.704
456.126
456.635
457.13
457.699
458.15
458.66
459.129
459.68
460.159
460.634
461.185
461.748
462.133
462.65
463.134
463.686
464.136
464.635
465.189
465.671
466.125
466.634
467.126
467.674
468.135
468.65
469.133
469.671
470.164
470.637
471.125
471.728
472.131
472.633
473.2
473.741
474.16
474.666
475.169
475.746
476.206
476.636
477.131
477.668
478.127
478.634
479.134
479.68
480.133
480.629
481.137
481.679
482.133
482.63
483.154
483.668
484.161
484.631
485.125
485.674
486.215
486.64
487.133
487.673
488.126
488.683
489.132
489.669
490.135
490.633
491.127
491.656
492.125
492.634
493.132
493.663
494.136
494.635
495.133
495.665
496.131
496.641
497.129
497.673
498.198
498.641
499.127
499.676
500.126
500.672
501.124
501.673
502.142
502.732
503.148
503.705
504.231
504.638
505.132
505.698
506.259
506.677
507.153
507.669
508.132
508.636
509.214
509.664
510.133
510.635
511.129
511.67
512.295
512.705
513.141
513.69
514.161
514.637
515.173
515.682
516.129
516.694
517.13
517.744
518.125
518.636
519.126
519.675
520.2
520.665
521.129
521.772
522.129
522.641
523.214
523.785
524.132
524.642
525.202
525.69
526.137
526.697
527.165
527.789
528.137
528.696
529.177
529.69
530.132
530.638
531.126
531.682
532.126
532.639
533.135
533.675
534.22
534.682
535.178
535.676
536.131
536.69
537.155
537.773
538.199
538.675
539.149
539.682
540.159
540.637
541.131
541.75
542.234
542.719
543.198
543.68
544.131
544.697
545.13
545.752
546.131
546.628
547.127
547.673
548.133
548.666
549.135
549.739
550.124
550.727
551.132
551.768
552.13
552.638
553.189
553.699
554.131
554.628
555.133
555.666
556.13
556.639
557.133
557.678
558.126
558.637
559.124
559.656
560.135
560.631
561.131
561.661
562.131
562.636
563.133
563.673
564.134
564.684
565.125
565.666
566.13
566.632
567.126
567.667
568.23
568.634
569.126
569.673
570.131
570.631
571.126
571.666
572.169
572.637
573.13
573.661
574.19
574.627
575.157
575.654
576.133
576.641
577.131
577.668
578.129
578.628
579.136
579.661
580.131
580.64
581.127
581.663
582.131
582.643
583.135
583.656
584.163
584.63
585.135
585.655
586.132
586.632
587.13
587.725
588.166
588.634
589.134
589.66
590.129
590.633
591.124
591.689
