162.722656
162.722656
166.078125
173.011719
173.011719
173.011719
173.011719
173.011719
173.011719
173.011719
173.011719
173.011719
173.011719
173.011719
173.011719
173.011719
173.011719
173.011719
173.011719
173.011719
173.011719
173.011719
173.011719
173.011719
173.011719
173.011719
173.011719
173.011719
173.011719
173.011719
173.011719
173.011719
173.011719
173.011719
173.011719
173.011719
173.011719
173.011719
173.011719
173.011719
173.011719
173.011719
173.011719
173.011719
173.011719
173.011719
173.011719
173.011719
173.011719
173.011719
173.011719
173.011719
173.011719
173.011719
173.011719
173.808594
173.808594
173.808594
173.808594
173.808594
173.808594
173.808594
173.808594
173.808594
173.808594
173.808594
173.808594
173.808594
173.808594
173.808594
173.808594
173.808594
173.808594
173.808594
173.808594
173.808594
173.808594
173.808594
173.808594
173.808594
173.808594
173.808594
173.808594
173.808594
173.808594
173.808594
173.808594
173.808594
173.808594
173.808594
173.808594
173.808594
173.808594
173.808594
173.808594
173.808594
173.808594
173.808594
173.808594
173.808594
173.808594
173.808594
173.808594
173.808594
173.808594
173.808594
173.808594
173.808594
173.808594
173.808594
173.808594
173.808594
173.808594
173.808594
173.808594
173.808594
173.808594
173.808594
173.808594
173.808594
173.808594
173.808594
173.808594
173.808594
173.808594
173.808594
173.808594
173.808594
173.808594
173.808594
173.808594
173.808594
173.808594
173.808594
173.808594
174.582031
174.582031
174.582031
174.582031
174.582031
174.582031
174.582031
175.097656
175.097656
175.097656
175.097656
175.097656
175.097656
175.097656
175.097656
175.097656
175.097656
175.097656
175.097656
175.097656
175.097656
175.097656
175.097656
175.097656
175.097656
