0.002112
0.002000
0.002301
0.002305
0.002326
0.003665
0.002880
0.002928
0.002927
0.002961
0.003051
0.003272
0.003483
0.003855
0.003049
0.003153
0.003294
0.003283
0.003461
0.003983
0.004044
0.004145
0.003649
0.003723
0.003628
0.003556
0.003752
0.005849
0.003796
0.003764
0.003328
0.002547
0.002852
0.002684
0.002734
0.002530
0.002533
0.002571
0.002671
0.004149
0.002913
0.002873
0.002656
0.003234
0.003808
0.003733
0.003314
0.003767
0.005674
0.003777
0.004452
0.003759
0.003306
0.003494
0.003448
0.003571
0.003482
0.003227
0.003248
0.002985
0.004213
0.004653
0.003787
0.003807
0.003584
0.003706
0.003509
0.003440
0.006224
0.003630
0.003953
0.003793
0.003762
0.003712
0.003888
0.003793
0.003463
0.003604
0.003676
0.005181
0.003619
0.002874
0.004270
0.004618
0.006834
0.004088
0.003905
0.004193
0.004150
0.006346
0.003971
0.003886
0.003805
0.003817
0.003642
0.003568
0.003373
0.004129
0.003405
0.002485
0.002440
0.002662
0.002657
0.002870
0.003489
0.002631
0.002787
0.002725
0.002725
0.002977
0.004830
0.003122
0.004540
0.002835
0.004801
0.003248
0.003573
0.003527
0.003642
0.003939
0.004011
0.004708
0.003956
0.003838
0.003478
0.003747
0.005672
0.004163
0.005749
0.004111
0.003559
0.003860
0.003603
