4.84302
5.38363
5.46337
6.29678
6.66728
7.60323
7.72795
7.85401
7.99464
8.92912
9.46446
10.0035
10.6631
10.9328
11.5979
12.2586
12.3981
12.5234
13.4625
13.7262
14.5178
14.65
15.9879
16.1172
17.3471
17.5851
18.7561
18.9167
19.0451
20.2168
20.5174
21.7958
22.1278
22.3923
23.4488
24.7768
24.9103
25.0431
26.4198
27.807
28.328
28.3745
28.4107
29.3313
30.7106
31.3384
32.0083
32.9232
33.8401
34.1216
35.502
35.7267
36.5241
36.6566
38.0311
39.0448
39.7135
40.6484
41.183
41.445
41.5842
41.7221
43.0957
43.1389
43.1893
43.2324
43.2758
43.3992
43.5648
43.7206
43.764
43.899
43.9402
44.1179
44.4698
45.4539
46.4076
47.3132
47.4454
48.5924
49.1918
49.6033
52.8627
54.246
55.6198
55.9869
57.0467
57.1944
58.5669
59.9427
61.2116
62.2886
62.5169
62.6526
64.0367
64.1202
64.2484
64.7951
64.9171
66.1123
66.1418
67.186
67.3153
67.345
67.3781
67.446
67.4755
67.7146
67.7465
69.1148
69.1506
69.188
69.2205
69.2517
69.2832
69.3239
69.4721
69.5939
70.2527
71.4501
71.5873
71.7232
73.0487
73.1898
73.598
73.9869
75.1901
75.3199
76.7042
78.0729
79.3249
80.6938
81.5924
