0.006202
0.006990
0.006908
0.008747
0.008798
0.010589
0.008708
0.006870
0.007949
0.007041
0.009206
0.008847
0.007495
0.006489
0.008019
0.007811
0.007428
0.006126
0.004468
0.006565
0.007710
0.008134
0.007452
0.007945
0.006259
0.006580
0.007261
0.006164
0.007066
0.007668
0.008484
0.006732
0.007443
0.005732
0.008215
0.007424
0.006765
0.005704
0.007902
0.006798
0.009415
0.007054
0.008608
0.006756
0.007532
0.007454
0.008966
0.009483
0.006735
0.009379
0.006019
0.006042
0.009162
0.008648
0.005360
0.007654
0.006850
0.007919
0.005901
0.005432
0.006138
0.009508
0.010013
0.009588
0.009912
0.009656
0.010146
0.010370
0.009472
0.009717
0.009695
0.010170
0.008550
0.008271
0.009074
0.009089
0.007732
0.007079
0.008828
0.008066
0.009066
0.007293
0.011805
0.009736
0.008838
0.007239
0.007574
0.009427
0.007454
0.008678
0.005752
0.006773
0.006612
0.008544
0.006363
0.005764
0.006518
0.007029
0.008800
0.006825
0.006983
0.006484
0.006564
0.006552
0.008468
0.007600
0.007229
0.006173
0.007270
0.006102
0.007543
0.006701
0.007475
0.007226
0.007396
0.006649
0.007715
0.008381
0.008395
0.007545
0.004868
0.008762
0.007046
0.006170
0.009076
0.008134
0.009594
0.007175
0.009664
0.006840
0.009267
0.008418
0.008392
