2.1293
2.62921
3.12925
3.62918
4.12918
4.62929
5.12923
5.62918
6.12915
6.64842
7.12916
7.62923
8.12934
8.62926
9.12917
9.6292
10.1292
10.647
11.1293
11.6292
12.1292
12.6292
13.1292
13.6292
14.1292
14.6294
15.1293
15.6292
16.1292
16.6292
17.1293
17.6293
18.1293
18.6293
19.1293
19.6292
20.1293
20.6292
21.1291
21.6292
22.1292
22.6292
23.1292
23.6294
24.1292
24.6292
25.1291
25.6292
26.1293
26.6309
27.1292
27.6293
28.1292
28.6293
29.1293
29.6292
30.1292
30.6294
31.1293
31.6293
32.1292
32.6293
33.1292
33.6291
34.1292
34.6292
35.1294
35.6293
36.1293
36.6329
37.1293
37.6291
38.1292
38.6293
39.1292
39.6293
40.1293
40.6321
41.1292
41.6291
42.1292
42.6292
43.1401
43.6293
44.1292
44.6291
45.1292
45.6292
46.1292
46.6366
47.1292
47.6292
48.1293
48.6292
49.1291
49.6291
50.1292
50.6304
51.1292
51.6292
52.1292
52.6346
53.1292
53.6292
54.1292
54.6305
55.1292
55.6291
56.1292
56.6292
57.1292
57.6293
58.1292
58.6293
59.1292
59.6292
60.1293
60.6292
61.1293
61.6293
62.1292
62.633
63.1293
63.6292
64.1292
64.6292
65.1297
65.6294
66.1419
66.6295
67.1291
67.6292
68.1293
68.6292
69.1332
69.6293
70.1292
70.6293
71.1292
71.6293
72.1291
72.6293
73.1293
73.6293
74.1292
74.6314
75.1292
75.6292
76.1292
76.6292
77.1292
77.6293
78.1292
78.6293
79.1293
79.6292
80.1292
80.6293
81.1293
81.6292
