4.84306
5.38365
5.4634
6.29681
6.66732
7.60327
7.72798
7.85403
7.99467
8.92915
9.46449
10.0036
10.6632
10.9329
11.5979
12.2586
12.3981
12.5234
13.4625
13.7262
14.5179
14.65
15.9879
16.1172
17.3472
17.5851
18.7561
18.9167
19.0451
20.2168
20.5175
21.7958
22.1278
22.3923
23.4489
24.7768
24.9103
25.0431
26.4199
27.807
28.3281
28.3745
28.4107
29.3313
30.7107
31.3384
32.0083
32.9233
33.8401
34.1216
35.502
35.7267
36.5241
36.6567
38.0311
39.0449
39.7135
40.6484
41.1831
41.445
41.5843
41.7221
43.0957
43.139
43.1894
43.2324
43.2758
43.3992
43.5648
43.7206
43.7641
43.8991
43.9402
44.1179
44.4698
45.4539
46.4077
47.3132
47.4454
48.5924
49.1918
49.6033
52.8628
54.246
55.6199
55.9869
57.0468
57.1945
58.5669
59.9427
61.2116
62.2887
62.517
62.6526
64.0368
64.1203
64.2485
64.7951
64.9172
66.1124
66.1418
67.186
67.3154
67.3451
67.3781
67.4461
67.4755
67.7146
67.7465
69.1149
69.1507
69.188
69.2205
69.2518
69.2832
69.324
69.4721
69.5939
70.2528
71.4501
71.5873
71.7232
73.0487
73.1898
73.5981
73.9869
75.1901
75.3199
76.7042
78.0729
79.3249
80.6938
81.5924
