1.63089
1.63098
2.13106
2.63099
3.13101
3.6319
4.1314
4.63189
5.13103
5.65224
6.13149
6.64896
7.13095
7.64253
8.13195
8.63299
9.13106
9.64679
10.1314
10.6477
11.1311
11.6444
12.1316
12.6336
13.131
13.6432
14.1316
14.6506
15.1309
15.639
16.1313
16.6337
17.131
17.6377
18.1362
18.632
19.131
19.6386
20.1314
20.6315
21.131
21.6456
22.1313
22.6319
23.131
23.6429
24.1318
24.6315
25.131
25.6402
26.1316
26.6316
27.1311
27.64
28.1318
28.6319
29.1312
29.6445
30.1318
30.6324
31.1311
31.6496
32.132
32.6318
33.131
33.6411
34.1315
34.6418
35.131
35.6408
36.1315
36.6388
37.131
37.6386
38.1315
38.6318
39.131
39.6385
40.1316
40.6328
41.131
41.6339
42.1315
42.6316
43.1401
43.6448
44.1316
44.6316
45.131
45.646
46.1325
46.6377
47.131
47.6435
48.1317
48.6346
49.131
49.6341
50.1317
50.6316
51.1312
51.6338
52.1321
52.6414
53.131
53.6363
54.1319
54.6316
55.131
55.6368
56.1319
56.6328
57.131
57.643
58.1319
58.6319
59.131
59.6372
60.1315
60.6315
61.131
61.6454
62.132
62.6338
63.1311
63.6429
64.1319
64.6337
65.1311
65.6394
66.1423
66.6324
67.131
67.64
68.1316
68.6316
69.1333
69.6373
70.1317
70.632
71.131
71.6347
72.1316
72.6335
73.131
73.6377
74.1316
74.6328
75.131
75.6363
76.1318
76.6315
77.131
77.6369
78.1319
78.6355
79.1311
79.6401
80.1322
80.6319
81.131
81.6421
