0.000000
0.000000
0.000000
0.000000
0.000000
32.983000
36.001000
40.833000
44.764000
65.604000
85.258000
99.327000
113.957000
128.850000
138.053000
146.544000
156.261000
170.033000
178.175000
191.409000
211.221000
222.905000
233.588000
244.453000
250.309000
265.295000
281.094000
286.124000
289.177000
294.429000
299.083000
304.046000
307.865000
312.884000
317.620000
322.319000
325.809000
330.304000
335.178000
341.256000
346.463000
358.125000
370.814000
380.884000
388.207000
399.479000
405.326000
408.817000
410.437000
411.335000
411.723000
411.854000
411.908000
412.575000
417.141000
423.834000
425.488000
433.173000
441.711000
452.804000
463.588000
481.001000
501.080000
508.015000
515.931000
527.854000
535.412000
539.370000
542.727000
550.121000
556.737000
562.410000
563.028000
563.423000
564.263000
566.027000
569.867000
575.223000
582.311000
593.027000
598.815000
607.502000
609.803000
610.735000
610.917000
611.043000
611.070000
611.070000
611.138000
612.994000
616.202000
622.311000
624.986000
629.159000
634.641000
638.791000
643.091000
651.671000
654.207000
654.748000
654.960000
655.081000
655.086000
655.088000
655.089000
655.189000
655.547000
655.948000
656.221000
656.476000
657.603000
658.756000
660.485000
662.920000
663.547000
663.884000
664.044000
664.221000
664.266000
664.321000
664.322000
664.997000
670.036000
675.730000
680.248000
682.159000
691.393000
703.676000
706.835000
706.913000
709.779000
723.311000
732.410000
739.052000
742.213000
743.374000
745.831000
752.826000
760.429000
765.381000
767.623000
770.822000
774.620000
775.878000
782.068000
794.437000
798.350000
802.744000
806.789000
812.520000
813.254000
813.414000
813.531000
813.640000
814.144000
814.195000
815.062000
817.429000
818.387000
818.677000
818.708000
820.151000
