4.91746
5.05055
5.17991
5.31791
5.71513
6.92444
8.13325
8.77264
9.32829
9.97356
10.3717
10.5139
11.0439
12.1263
12.6415
13.4523
13.8459
14.5196
15.7204
16.2454
17.446
17.5781
17.8401
17.9659
19.3578
20.2412
21.0437
21.8859
21.9602
21.9914
23.3056
24.1024
25.4857
26.9034
27.1689
27.1997
27.2284
27.2978
27.4445
27.4835
27.5113
28.6475
29.838
30.2417
31.1826
31.8472
32.1169
33.0906
33.3208
34.1158
34.2431
34.9197
35.5796
36.2392
36.3727
37.4765
38.2708
39.1893
39.5739
40.6331
40.9243
41.9576
42.1013
42.1338
42.1653
42.1937
42.286
43.1408
43.2917
43.3201
44.5528
44.8992
44.9303
46.2848
46.6375
46.6719
47.4439
47.7099
48.3534
48.3804
48.4089
49.6248
49.8341
49.8628
51.2451
51.4388
52.1235
52.1598
52.8495
53.1736
53.2117
53.2386
54.2518
55.6256
57.0306
57.5601
58.6358
59.3031
59.446
60.1053
60.1372
60.2312
60.2731
61.5165
62.2421
62.5183
62.5521
63.4339
63.4662
63.5727
63.6018
63.6345
63.9538
64.8941
64.9299
64.9607
64.9912
65.171
66.5655
66.7538
67.0253
67.0531
67.0826
67.1179
67.1599
67.1913
67.2332
68.6395
69.8324
69.8653
71.2401
71.7151
71.8289
71.9556
71.9871
72.0155
72.044
72.0886
72.1228
72.1626
72.2193
72.2647
72.3051
72.3437
72.3768
72.4228
72.4772
73.8572
75.2269
75.4366
75.947
75.9783
76.0066
77.2908
77.5496
77.5809
78.624
78.659
78.8949
78.9286
80.2306
80.3501
80.3775
81.5632
81.8301
81.859
83.2551
83.3117
83.3496
83.3797
83.4347
83.4728
83.5021
83.5455
83.5842
83.6102
83.6395
83.6999
83.7349
83.7641
83.7937
83.8409
83.8699
84.6945
85.0316
85.9581
85.9958
86.0239
86.7753
87.1776
87.2202
87.2733
87.3151
88.1052
88.6423
88.6876
89.469
89.7362
89.7673
90.9593
91.3081
91.3544
91.4063
92.5087
92.7763
93.3139
94.5139
94.5444
94.5735
95.5533
95.6953
95.7225
95.7549
96.2392
96.2631
96.2932
96.3359
96.3699
96.405
97.7879
98.8653
99.7148
99.8371
99.962
101.188
101.722
101.842
101.879
101.931
101.968
102.642
102.691
102.724
103.992
104.376
104.45
104.509
104.541
104.573
105.655
105.839
105.887
105.956
106.768
107.754
108.138
108.238
109.045
110.242
110.945
111.21
112.115
112.955
113.964
114.505
115.826
115.853
115.882
116.641
117.468
117.713
117.744
118.624
119.459
119.493
119.54
119.59
119.627
119.676
119.716
119.75
119.785
119.816
119.85
119.886
119.937
119.975
120.001
120.033
120.077
120.115
120.14
120.194
120.232
120.264
120.3
121.723
123.103
124.499
125.039
126.016
126.096
126.23
126.636
126.76
127.029
128.399
129.187
129.468
130.785
131.04
131.07
131.84
131.881
132.103
132.147
132.214
132.253
133.305
133.558
133.598
133.955
133.991
134.489
134.89
134.943
134.977
135.02
135.061
135.104
135.15
135.206
135.249
135.291
135.33
135.36
135.393
135.466
136.838
138.095
138.944
138.994
139.717
140.945
141.896
141.984
142.956
143.042
143.203
144.098
145.04
145.476
146.122
146.243
147.596
147.729
148.757
148.793
149.954
149.986
150.225
150.256
150.286
150.356
150.382
151.302
151.452
151.494
151.548
152.943
153.155
153.216
153.727
153.772
153.827
153.874
153.942
153.988
154.03
154.078
154.121
154.194
154.245
154.294
154.339
154.389
154.459
155.84
156.954
157.044
157.23
157.357
158.567
159.953
161.351
162.15
163.524
164.029
164.721
164.818
168.072
171.327
172.709
174.042
175.434
176.466
177.249
177.764
178.195
178.851
179.243
179.372
179.78
180.195
181.504
181.762
182.466
182.557
183.948
184.304
184.334
184.714
185.359
185.973
186.568
186.602
187.491
187.646
188.832
188.881
188.954
189.09
190.455
190.555
191.702
191.885
191.94
191.968
191.998
192.042
193.091
193.485
193.756
194.156
194.211
194.284
194.713
194.752
194.781
194.825
195.355
196.15
196.202
196.232
196.553
196.582
197.963
198.451
198.553
198.58
198.614
199.983
200.145
200.204
200.239
200.276
200.447
203.691
205.072
206.448
207.822
209.186
209.223
210.548
210.586
210.702
210.734
210.773
210.811
211.896
212.556
212.609
214
215.361
215.487
215.64
217.01
217.137
218.505
219.237
220.611
220.955
222.289
223.093
223.24
224.29
224.335
224.56
225.951
226.303
227.306
228.041
228.826
229.239
229.365
229.641
230.042
230.197
231.37
232.188
232.568
233.231
233.904
235.1
236.555
237.942
238.631
238.724
238.829
238.959
239.237
240.617
240.754
240.809
242.195
243.574
244.954
245.947
246.299
246.448
247.712
248.789
249.092
250.037
251.409
252.786
252.931
252.975
253.016
253.059
253.238
253.287
253.33
253.467
253.902
255.307
257.081
258.46
259.558
259.601
259.645
259.691
259.744
260.647
260.827
260.868
260.945
262.325
262.439
263.22
263.888
263.926
264.959
265.483
265.521
265.55
266.561
266.829
266.869
266.901
268.013
268.28
269.317
270.151
270.445
271.222
271.258
271.363
271.4
271.433
271.473
271.509
271.54
271.572
271.611
271.653
271.695
271.745
271.79
271.837
273.223
273.263
273.303
273.343
273.388
273.434
273.481
273.526
273.571
273.621
273.673
273.719
275.091
276.463
277.833
278.85
282.112
283.091
283.138
283.186
283.231
283.277
283.325
283.381
283.425
283.564
283.752
283.935
283.978
284.109
284.163
284.215
284.274
284.317
287.577
290.825
292.9
293.624
293.654
293.684
293.715
293.758
293.789
293.832
293.882
293.921
293.952
293.982
294.028
294.068
294.11
294.151
294.284
294.325
294.365
294.415
294.457
294.497
294.549
294.59
294.631
294.679
294.721
294.762
294.814
294.855
294.896
294.942
294.979
295.009
295.039
295.099
295.148
295.195
295.244
295.295
295.354
295.402
295.452
295.502
295.551
295.642
295.696
295.854
297.244
298.616
299.99
303.367
303.417
303.46
303.506
303.549
303.595
303.637
303.68
303.723
303.755
