0.008729
0.006231
0.006330
0.007574
0.006825
0.004878
0.004133
0.003686
0.004141
0.004092
0.004968
0.005832
0.004896
0.005643
0.007102
0.006169
0.006324
0.006348
0.008561
0.009592
0.011146
0.010833
0.011132
0.007708
0.006830
0.004300
0.003312
0.003220
0.003397
0.002979
0.003014
0.003494
0.003775
0.005462
0.006154
0.004958
0.005179
0.006188
0.006489
0.006239
0.005386
0.005236
0.004795
0.005159
0.008335
0.009021
0.007715
0.008810
0.007490
0.004982
0.008182
0.005210
0.005470
0.004989
0.005263
0.005333
0.004638
0.005278
0.004933
0.006824
0.005351
0.005448
0.006767
0.007275
0.006928
0.006620
0.004987
0.005221
0.004282
0.003695
0.003694
0.004441
0.004430
0.005543
0.006435
0.004776
0.006518
0.004977
0.004077
0.005380
0.004368
0.005610
0.004353
0.004366
0.002412
0.002958
0.002556
0.002774
0.002868
0.003392
0.003926
0.003329
0.004048
0.003648
0.006746
0.004317
0.005596
0.007194
0.006566
0.004602
0.004470
0.004732
0.004759
0.007325
0.004771
0.005440
0.006460
0.003502
0.004449
0.004956
0.005173
0.005107
0.005316
0.005379
0.005022
0.005447
0.003914
0.003417
0.002686
0.002933
0.002612
0.002622
0.002148
0.004328
0.002399
0.006700
0.006848
0.006918
0.006364
0.006567
0.007216
0.004013
0.003887
0.003922
0.006102
0.004889
0.004035
0.008774
0.003814
0.003911
0.005668
0.008678
0.008136
0.004898
0.007999
0.008507
0.006863
0.008143
0.004759
0.005700
0.003958
0.004280
0.003786
0.003769
0.003740
0.003470
0.003975
0.003647
0.003299
0.003708
0.003768
0.004018
0.004468
0.003883
0.003376
0.004311
0.006124
0.004950
0.004983
0.004994
0.005079
0.005051
0.005080
0.004905
0.003972
0.003989
0.003958
0.004205
0.004219
0.004230
0.004234
0.004718
0.004611
0.005358
0.006472
0.006391
0.006093
0.005854
0.008949
0.008357
0.007845
0.007505
0.007182
0.006333
0.007310
0.006846
0.003962
0.004600
0.003503
0.003211
0.002577
0.003338
0.002888
0.003945
0.005324
0.004865
0.003840
0.003305
0.003265
0.005092
0.003632
0.003881
0.005574
0.003434
0.002559
0.002389
0.003193
0.003504
0.007069
0.008270
0.011562
0.005703
0.005309
0.006540
0.004206
0.003492
0.004488
0.004625
0.004890
0.004079
0.004183
0.003949
0.005769
0.006171
0.006931
0.006357
0.004407
0.004643
0.005505
0.006256
0.004863
0.004849
0.005601
0.005966
0.004519
0.003508
0.003792
0.007451
0.003760
0.003896
0.004151
0.004229
0.004508
0.003998
0.003441
0.002474
0.002233
0.002415
0.002838
0.002773
0.003360
0.003798
0.003157
0.003633
0.004138
0.002942
0.003268
0.003641
0.002451
0.002436
0.002445
0.003626
0.002871
0.002878
0.004459
0.004155
0.003178
0.003016
0.003726
0.004230
0.003584
0.002272
0.003502
0.003575
0.003687
0.006392
0.006763
0.005558
0.006040
0.007912
0.007105
0.006354
0.006719
0.006030
0.007474
0.007695
0.006771
0.006204
0.004822
0.005100
0.004814
0.005203
0.004848
0.006642
0.005044
0.005989
0.005556
0.004989
0.006968
0.006798
0.005067
0.007417
0.004478
0.004981
0.005237
0.004325
0.007122
0.005369
0.006031
0.007016
0.005988
0.007360
0.007446
0.005208
0.004356
0.003251
0.005352
0.008493
0.006899
0.003793
0.006043
0.004504
0.004116
0.004286
0.005618
0.007564
0.005902
0.004948
0.004726
0.004598
0.006769
0.007164
0.006591
0.007102
0.007013
0.005682
0.006278
0.004513
0.005100
0.004474
0.004791
0.006450
0.005525
0.005843
0.003726
0.008094
0.006024
0.008313
0.007661
0.007782
0.006863
0.008815
0.008796
0.010379
0.010402
0.013430
0.010848
0.007552
0.006726
0.012927
0.009634
0.011571
0.014906
0.011957
0.012043
0.013584
0.009310
0.011539
0.007860
0.011571
0.006002
0.006860
0.009365
0.008122
0.007008
0.003990
0.002105
0.004112
0.006311
0.005060
0.004153
0.008141
0.006713
0.005041
0.003134
0.006097
0.004216
0.006042
0.006385
0.007590
0.005386
0.006412
0.007292
0.004694
0.004377
0.004844
0.004359
0.004279
0.004109
0.003814
0.004536
0.004919
0.004726
0.006819
0.004659
0.004955
0.005109
0.004292
0.004389
0.004284
0.005580
0.006755
0.007186
0.005831
0.005725
0.006445
0.006069
0.006512
0.005290
0.006685
0.008656
0.006604
0.006459
0.007118
0.006411
0.006477
0.004736
0.005779
0.005620
0.004743
0.004718
0.003452
0.003430
0.003380
0.003723
0.003279
0.004659
0.005406
0.005157
0.004523
0.006069
0.005270
0.003646
0.005670
0.003695
0.003814
0.005893
0.009951
0.008062
0.006913
0.005933
0.006960
0.005174
0.006031
0.005002
0.006535
0.006183
0.006916
0.004497
0.003845
0.004007
0.013922
0.018219
0.011429
0.011310
0.011783
0.009253
0.009381
0.008233
0.006328
0.005430
0.005993
0.003970
0.003532
0.003472
0.004000
0.003476
0.003616
0.004407
0.003740
0.004591
0.006654
0.007122
0.006781
0.005974
0.008273
0.011668
0.012138
0.008513
0.009007
0.008186
0.004354
0.007183
0.006743
0.008541
0.006236
0.006527
0.006451
0.007599
0.007565
0.014222
0.013570
0.013646
0.013665
0.011556
0.011184
0.010185
0.007512
0.006140
0.005805
0.005117
0.003418
0.004371
0.010448
0.008285
0.007298
0.005956
0.005920
0.005928
0.005953
0.005946
0.006124
0.006179
0.007493
0.013768
0.012298
0.009131
0.008232
0.008044
0.008106
0.007166
0.007054
0.006738
0.007803
0.008213
0.007736
0.005780
0.006345
0.006581
0.006006
0.006384
0.005410
0.007289
0.006768
0.005559
0.004849
0.006835
0.006416
0.006928
0.005914
0.003772
0.003857
0.005321
0.003687
0.004087
0.003327
0.005375
0.007034
0.004517
0.004232
0.005207
0.004394
0.005188
0.005228
0.004903
0.006670
0.006622
0.006355
0.007552
0.007900
0.007024
0.007266
0.006492
0.007895
0.009366
0.009536
0.009260
0.009505
0.009672
0.010112
0.011385
0.007388
0.005305
0.003861
0.002972
0.005059
0.011959
0.010443
0.010148
0.010110
0.009418
0.009228
0.012150
0.012593
0.011999
0.012592
0.011981
0.010517
0.010504
0.011701
0.013829
0.013330
0.015942
0.010200
0.011551
0.008612
0.008604
0.008946
0.008920
0.008935
0.008847
0.008959
0.009137
0.010351
0.008849
0.009000
0.008949
0.008968
0.008978
0.008864
0.009113
0.009304
0.009281
0.009335
0.009315
0.009320
0.009340
0.009284
0.009908
0.009411
0.009317
0.009282
0.009387
0.009386
0.009316
0.009343
0.009284
0.008111
0.008207
0.008177
0.008168
0.011016
0.011308
0.011045
0.011043
0.011212
0.011138
0.011176
0.011243
0.011104
0.010754
0.010741
0.010075
0.009995
0.013231
0.009505
0.007386
0.005472
0.010084
0.008820
0.008274
0.008328
0.009905
0.006749
0.008229
0.008204
0.004512
