167.796875
169.085938
173.210938
173.210938
173.210938
173.210938
173.210938
173.210938
173.210938
173.210938
173.210938
173.210938
173.210938
173.210938
173.210938
173.210938
173.210938
173.210938
173.210938
173.210938
173.210938
173.210938
173.210938
173.210938
173.210938
173.210938
173.210938
173.210938
173.210938
173.210938
173.210938
173.210938
173.210938
173.210938
173.210938
173.210938
173.210938
173.210938
173.210938
173.210938
173.210938
173.210938
173.210938
173.210938
173.210938
173.210938
173.210938
173.210938
173.210938
173.210938
173.210938
173.210938
173.210938
173.210938
173.210938
173.210938
173.210938
173.210938
173.210938
173.210938
173.210938
173.210938
173.210938
173.210938
173.210938
173.210938
173.210938
173.210938
173.210938
173.210938
173.210938
173.210938
173.210938
173.210938
173.210938
173.210938
173.210938
173.210938
173.210938
173.210938
173.210938
173.210938
173.210938
173.210938
173.210938
173.210938
173.210938
173.210938
173.210938
173.210938
173.210938
174.722656
174.722656
174.722656
174.722656
174.722656
174.722656
174.722656
174.722656
174.722656
174.722656
174.722656
174.722656
174.722656
174.722656
174.722656
174.722656
174.722656
174.722656
174.722656
174.722656
174.722656
174.722656
174.722656
174.722656
174.722656
174.722656
174.722656
174.722656
174.722656
174.722656
174.722656
174.722656
174.722656
174.722656
174.722656
174.722656
174.722656
174.722656
174.722656
174.722656
174.722656
174.722656
174.722656
174.722656
174.722656
174.722656
174.722656
174.722656
174.722656
175.238281
175.238281
175.238281
175.238281
175.238281
175.238281
175.238281
175.238281
175.238281
175.238281
175.238281
175.238281
175.238281
175.238281
175.238281
175.238281
175.238281
175.238281
175.238281
175.238281
175.238281
175.238281
175.238281
175.238281
175.238281
175.238281
175.238281
175.238281
175.238281
175.238281
175.238281
175.238281
175.238281
175.238281
175.238281
175.238281
175.238281
175.238281
175.238281
175.238281
175.238281
175.238281
175.238281
175.238281
175.238281
175.238281
175.238281
175.238281
175.238281
175.238281
175.238281
175.238281
175.238281
175.238281
175.238281
175.238281
175.238281
175.238281
175.238281
175.238281
175.238281
175.238281
175.238281
175.238281
175.238281
175.238281
175.238281
175.238281
175.238281
175.238281
175.238281
175.238281
175.238281
175.238281
175.238281
175.238281
175.238281
175.238281
175.238281
175.238281
175.238281
175.238281
175.238281
175.238281
175.238281
175.238281
175.238281
175.238281
175.238281
175.238281
175.238281
175.238281
175.238281
175.238281
175.238281
175.238281
175.238281
175.238281
175.238281
175.238281
175.238281
175.238281
175.238281
175.238281
175.238281
175.238281
175.238281
175.238281
175.238281
175.238281
175.238281
175.238281
175.238281
175.238281
175.238281
175.238281
175.238281
175.238281
175.238281
175.238281
175.238281
175.238281
175.238281
175.238281
175.238281
175.238281
175.238281
175.238281
175.238281
175.238281
175.238281
175.238281
175.238281
175.238281
175.238281
175.238281
175.238281
175.238281
175.238281
175.238281
175.238281
175.238281
176.527344
176.527344
176.527344
177.816406
177.816406
177.816406
178.589844
178.589844
178.589844
178.589844
178.589844
178.589844
178.589844
178.589844
178.589844
178.589844
178.589844
178.589844
178.589844
178.589844
178.589844
178.589844
178.589844
178.589844
178.589844
178.589844
178.589844
178.589844
178.589844
178.589844
178.589844
178.589844
178.589844
178.589844
178.589844
178.589844
178.589844
178.589844
178.589844
178.589844
178.589844
178.589844
178.589844
178.589844
178.589844
178.589844
178.589844
178.589844
178.589844
178.589844
178.589844
178.589844
178.589844
178.589844
178.589844
178.589844
178.589844
178.589844
178.589844
178.589844
178.589844
178.589844
178.589844
178.589844
178.589844
178.589844
178.589844
178.589844
178.589844
178.589844
178.589844
178.589844
178.589844
178.589844
178.847656
178.847656
178.847656
178.847656
178.847656
178.847656
178.847656
178.847656
178.847656
178.847656
178.847656
178.847656
178.847656
178.847656
178.847656
178.847656
178.847656
178.847656
178.847656
178.847656
178.847656
178.847656
178.847656
178.847656
178.847656
178.847656
178.847656
178.847656
178.847656
178.847656
178.847656
178.847656
178.847656
178.847656
178.847656
178.847656
178.847656
178.847656
178.847656
178.847656
178.847656
178.847656
178.847656
178.847656
178.847656
178.847656
178.847656
178.847656
178.847656
178.847656
178.847656
178.847656
178.847656
178.847656
178.847656
178.847656
178.847656
178.847656
178.847656
178.847656
178.847656
178.847656
178.847656
178.847656
178.847656
178.847656
178.847656
178.847656
178.847656
178.847656
178.847656
178.847656
178.847656
178.847656
178.847656
178.847656
178.847656
178.847656
178.847656
178.847656
178.847656
178.847656
178.847656
178.847656
179.621094
179.621094
179.621094
179.621094
180.136719
180.136719
180.136719
180.136719
180.136719
180.136719
180.136719
180.136719
180.136719
180.136719
180.136719
180.136719
180.136719
180.136719
180.136719
180.136719
180.136719
180.136719
180.136719
180.394531
180.394531
180.394531
180.394531
180.394531
180.394531
180.394531
180.394531
180.652344
180.652344
180.652344
180.652344
180.652344
180.652344
180.652344
180.652344
180.652344
180.652344
180.652344
180.652344
180.652344
180.652344
180.652344
180.652344
180.652344
180.652344
180.652344
180.652344
180.910156
180.910156
180.910156
180.910156
180.910156
180.910156
180.910156
180.910156
180.910156
180.910156
180.910156
180.910156
180.910156
180.910156
180.910156
180.910156
180.910156
180.910156
180.910156
180.910156
180.910156
180.910156
180.910156
180.910156
180.910156
180.910156
180.910156
180.910156
180.910156
180.910156
180.910156
180.910156
180.910156
180.910156
180.910156
180.910156
180.910156
180.910156
180.910156
180.910156
180.910156
180.910156
180.910156
180.910156
180.910156
180.910156
180.910156
180.910156
180.910156
180.910156
180.910156
180.910156
180.910156
180.910156
180.910156
180.910156
180.910156
180.910156
180.910156
180.910156
180.910156
180.910156
180.910156
180.910156
180.910156
180.910156
180.910156
180.910156
180.910156
180.910156
180.910156
180.910156
180.910156
180.910156
180.910156
180.910156
180.910156
180.910156
180.910156
180.910156
181.167969
181.167969
181.167969
181.683594
181.683594
181.683594
181.683594
181.941406
181.941406
181.941406
181.941406
181.941406
181.941406
181.941406
181.941406
181.941406
181.941406
181.941406
181.941406
181.941406
181.941406
181.941406
181.941406
181.941406
181.941406
181.941406
181.941406
181.941406
181.941406
181.941406
181.941406
181.941406
181.941406
