0.001803
0.001924
0.001890
0.001943
0.002065
0.002262
0.002428
0.002391
0.002421
0.002872
0.002741
0.002896
0.003258
0.002949
0.002973
0.003426
0.003486
0.003613
0.003923
0.003711
0.003620
0.003666
0.003467
0.003453
0.006065
0.003550
0.003668
0.003947
0.004127
0.004478
0.003306
0.003264
0.003751
0.003792
0.003989
0.003802
0.003553
0.003794
0.004400
0.004528
0.004370
0.003673
0.004941
0.004863
0.003739
0.003932
0.004374
0.003984
0.004440
0.004122
0.004015
0.004111
0.003816
0.004075
0.004008
0.003505
0.003613
0.003692
0.003831
0.003739
0.003799
0.003214
0.003466
0.003313
0.002983
0.003043
0.003621
0.003361
0.003248
0.003105
0.003764
0.004101
0.003842
0.003285
0.003077
0.003668
0.003260
0.003613
0.003474
0.003786
0.003479
0.003751
0.003712
0.003596
0.005863
0.004175
0.005155
0.004475
0.005716
0.005130
0.005282
0.005172
0.005023
0.005006
0.005866
0.005306
0.004855
0.005118
0.005205
0.005318
0.005080
0.005397
0.005308
0.004762
0.004704
0.004893
0.004838
0.004950
0.004788
0.005060
0.005012
0.005016
0.004601
0.004718
0.005270
0.004518
0.004387
0.005146
0.004362
0.005078
0.004661
0.004163
0.004204
0.004508
0.004292
0.004200
0.004122
0.004421
0.004203
0.004270
0.004201
0.004039
0.004289
0.004785
0.004672
0.004542
0.004150
0.004408
0.004525
0.004570
0.004410
0.008964
0.004196
0.004658
0.004308
0.004317
0.004499
0.009219
0.006751
0.004183
0.003741
0.003879
0.004696
0.003823
0.003910
0.003789
0.003587
0.003479
0.003785
0.004125
0.003536
0.003463
0.003603
0.003470
0.004332
0.003806
0.006584
0.003401
0.003671
0.003244
0.003367
0.003352
0.003214
0.003541
0.003160
0.003417
0.003349
0.003469
0.003395
0.003687
0.003368
0.003593
0.003521
0.003961
0.003749
0.004128
0.004486
0.004024
0.004188
0.003679
0.004000
0.003494
0.003690
0.003913
0.003971
0.004193
0.004376
0.004105
0.004262
0.003894
0.004083
0.007609
0.004354
0.004781
0.004520
0.004871
0.004857
0.004585
0.004343
0.007663
0.004493
0.004159
0.003883
0.004274
0.004513
0.004071
0.004138
0.004224
0.003900
0.008031
0.008451
0.004786
0.004380
0.004758
0.004651
0.004771
0.004534
0.004567
0.004549
0.004176
0.005089
0.005089
0.004972
0.005829
0.005370
0.005654
0.005543
0.005254
0.005090
0.005534
0.005347
0.006855
0.005601
0.005351
0.005708
0.005213
0.005693
0.005939
0.005352
0.005691
0.005690
0.005982
0.006479
0.006472
0.006826
0.006737
0.006681
0.006669
0.006593
0.007377
0.007743
0.007138
0.006909
0.007174
0.007099
0.007388
0.007107
0.006714
0.007128
0.007361
0.007202
0.006932
0.006001
0.006289
0.006169
0.006168
0.006181
0.006175
0.005987
0.006092
0.006305
0.006299
0.005976
0.006001
0.005843
0.005969
0.006212
0.007149
0.006876
0.006444
0.007180
0.007245
0.006886
0.006938
0.007394
0.007796
0.007276
0.007223
0.006685
0.007154
0.006718
0.006779
0.006578
0.007253
0.006799
0.007210
0.006448
0.006427
0.007079
0.007022
0.007281
0.006608
0.006446
0.006316
0.006557
0.006500
0.006789
0.006267
0.006773
0.006514
0.006227
0.006359
0.006250
0.006397
0.006073
0.006120
0.007228
0.006458
0.006345
0.006284
0.005804
0.006093
0.005818
0.006004
0.007030
0.007127
0.006534
0.006756
0.007149
0.006438
0.006847
0.006584
0.006965
0.006679
0.006350
0.006145
0.005598
0.006038
0.006334
0.006490
0.005660
0.006290
0.005638
0.005761
0.005725
0.005861
0.005470
0.005390
0.005333
0.005984
0.005476
0.005647
0.005411
0.005318
0.005555
0.005481
0.005377
0.005704
0.004927
0.007877
0.005142
0.005147
0.005889
0.005411
0.005664
0.006370
0.005394
0.006773
0.005548
0.008418
0.005456
0.005658
0.005842
0.005844
0.006302
0.006146
0.005876
0.005537
0.006332
0.004185
0.005209
0.006208
0.006386
0.006029
0.005443
0.005524
0.005931
0.005859
0.005821
0.005262
0.005371
0.005582
0.005703
0.005656
0.006789
0.006035
0.006235
0.005983
0.005915
0.005524
0.005090
0.005597
0.006187
0.005431
0.006284
0.006090
0.006330
0.006263
0.006644
0.006251
0.006175
0.006197
0.006714
0.006773
0.006104
0.006238
0.005780
0.005959
0.006375
0.005824
0.005972
0.005762
0.005888
0.004864
0.005176
0.005151
0.005592
0.005546
0.005440
0.005575
0.005369
0.005615
0.005494
0.005056
0.005431
0.005517
0.005453
0.005669
0.005673
0.005449
0.005789
0.006304
0.005512
0.005656
0.006158
0.005692
0.004230
0.005212
0.005526
0.005912
0.006236
0.005723
0.005996
0.006139
0.006226
0.006168
0.006079
0.006488
0.005895
0.007154
0.006000
0.006039
0.006541
0.006909
0.006509
0.006511
0.006478
0.006627
0.006912
0.006853
0.007197
0.007266
0.007336
0.007240
0.008136
0.007872
0.007456
0.007637
0.007840
0.007673
0.005381
0.004669
0.007517
0.007422
0.007161
0.007411
0.007490
0.007805
0.007743
0.007592
0.007740
0.007143
0.007473
0.007254
0.007465
0.007584
0.007590
0.007308
0.007290
0.007226
0.007358
0.007726
0.007855
0.007851
0.007743
0.007979
0.008093
0.007782
0.008111
0.008017
0.008225
0.008198
0.007797
0.007561
0.007374
0.007688
0.008854
0.008031
0.008093
0.008052
0.008452
0.007858
0.008139
0.009604
0.007232
0.006160
0.006937
0.006758
0.007451
0.006496
0.006586
0.006515
0.006608
0.007133
0.006130
0.005953
0.006748
0.006149
0.005739
0.005935
0.006056
0.006086
0.006187
0.005928
0.005799
0.005608
0.005984
0.006036
0.006809
0.006030
0.005669
0.006190
0.005869
0.005343
0.006505
0.005291
0.005523
0.009842
0.005016
0.004782
0.005183
0.005285
0.004760
0.005980
0.004806
0.009366
0.004816
0.004843
0.006732
0.006287
0.004608
0.004330
0.004637
0.004668
0.004831
0.004737
0.004506
0.004622
0.004656
0.004264
0.004567
0.004966
0.005276
0.005544
0.006580
0.003793
0.006418
0.006221
0.006166
0.006341
0.006435
0.005872
0.006118
0.006613
0.004343
0.007628
0.004197
0.004598
0.004670
0.006399
0.006491
0.006484
0.007160
0.004095
0.004251
0.004202
0.003825
0.003770
0.003750
0.003690
0.003547
0.003712
0.003921
0.005268
0.004167
0.003659
0.003921
0.003760
0.003740
0.003485
0.003968
0.003504
0.003718
0.003625
0.003565
0.003741
0.003680
0.003529
0.004389
0.003705
0.003343
0.003558
0.003670
0.003718
0.003682
0.003388
0.003633
0.003814
0.003549
0.003712
0.003699
0.004983
0.005305
0.004657
0.004955
0.005169
0.004911
0.005275
0.005414
0.004981
0.005032
0.005085
0.006980
0.005375
0.006901
0.005090
0.004694
0.003652
0.004570
0.004278
0.004145
0.004303
0.004232
0.003983
0.004653
0.004205
0.003876
