0.008149
0.007373
0.005559
0.007674
0.008946
0.009789
0.007836
0.008133
0.006758
0.007575
0.006130
0.008003
0.008572
0.005544
0.006410
0.007540
0.004672
0.007449
0.006293
0.005256
0.007538
0.008569
0.009224
0.007543
0.008505
0.008784
0.007792
0.006484
0.006996
0.008088
0.005147
0.007630
0.006663
0.008416
0.007552
0.007269
0.006257
0.005317
0.007463
0.007042
0.006733
0.007168
0.006083
0.007173
0.007523
0.007180
0.007286
0.006780
0.007434
0.006285
0.007035
0.007095
0.007354
0.007836
0.007370
0.009453
0.007046
0.007511
0.006533
0.007623
0.007273
0.005940
0.005593
0.007499
0.008572
0.008417
0.008942
0.008113
0.008497
0.007479
0.007664
0.007771
0.008035
0.008542
0.008464
0.005788
0.007397
0.006253
0.006087
0.006901
0.005769
0.008246
0.009524
0.008284
0.006816
0.008379
0.008333
0.007215
0.007586
0.005628
0.007125
0.005123
0.007578
0.005103
0.009958
0.005783
0.005320
0.006536
0.008390
0.007083
0.008965
0.005573
0.006333
0.008703
0.005490
0.005578
0.006767
0.007217
0.007432
0.007747
0.006743
0.008844
0.007127
0.007700
0.005103
0.006362
0.008471
0.005874
0.008206
0.006634
0.006217
0.007184
0.007139
0.009990
0.007627
0.008980
0.010692
0.009166
0.007806
0.010303
0.007980
0.007936
0.007273
0.007683
0.007164
0.006775
0.006565
0.007331
0.005649
0.005888
0.008443
0.007413
0.007826
0.007029
0.009093
0.010099
0.009442
0.006303
0.007081
0.005685
0.008302
0.009303
0.007320
0.007537
0.006627
0.008246
0.006122
0.006090
0.006951
0.009866
0.006231
0.007457
0.008549
0.006062
0.006627
0.007713
0.008552
0.008961
0.008645
0.009266
0.007778
0.009179
0.008841
0.008701
0.006649
0.006551
0.006448
0.006468
0.007028
0.005914
0.005948
0.006622
0.005000
0.007234
0.005689
0.007578
0.006866
0.005627
0.006041
0.006840
0.008181
0.005877
0.008642
0.006891
0.007501
0.005857
0.007546
0.007993
0.006200
0.008576
0.007288
0.009173
0.005908
0.007863
0.008863
0.008490
0.006020
0.007368
0.006603
0.007649
0.006201
0.007481
0.008543
0.006940
0.004166
0.005293
0.005513
0.006024
0.007849
0.008855
0.012126
0.009199
0.008204
0.006440
0.008570
0.007663
0.005825
0.007464
0.007622
0.007970
0.007325
0.005796
0.007715
0.007069
0.008339
0.008676
0.006228
0.006012
0.006419
0.007493
0.006463
0.008296
0.008772
0.009738
0.008077
0.007583
0.008419
0.009642
0.006077
0.007540
0.007506
0.006157
0.009182
0.005376
0.006627
0.007077
0.007458
0.006422
0.007782
0.005466
0.006727
0.008735
0.006331
0.005275
0.008505
0.006304
0.003980
0.006211
0.003059
0.003109
0.003910
0.007627
0.004382
0.003816
0.008621
0.006920
0.007527
0.004256
0.006439
0.008913
0.008041
0.004474
0.008964
0.005491
0.007981
0.010799
0.011468
0.007885
0.006301
0.007566
0.006946
0.008709
0.009330
0.005835
0.008390
0.008501
0.007515
0.006935
0.008523
0.006793
0.007216
0.007466
0.007571
0.005891
0.007351
0.007643
0.006810
0.007032
0.007639
0.007319
0.007031
0.007103
0.004600
0.007379
0.007248
0.006720
0.007232
0.008431
0.007647
0.009634
0.007199
0.006713
0.008347
0.009443
0.008291
0.008634
0.009080
0.008737
0.008541
0.008357
0.010791
0.009768
0.005855
0.008664
0.006763
0.008581
0.006288
0.007792
0.005692
0.006444
0.006206
0.006568
0.007508
0.009938
0.007696
0.005794
0.008321
0.005697
0.005141
0.007985
0.006708
0.006593
0.008846
0.007649
0.005991
0.007162
0.008744
0.008209
0.008165
0.010192
0.007866
0.008916
0.008342
0.008638
0.008210
0.007889
0.006598
0.007283
0.009460
0.007371
0.007589
0.007977
0.008332
0.006747
0.006804
0.008519
0.006214
0.009771
0.007018
0.009428
0.007224
0.009016
0.011093
0.010943
0.012661
0.012596
0.008308
0.009552
0.009197
0.007463
0.003978
0.011030
0.010198
0.010528
0.005880
0.006447
0.005810
0.006512
0.008508
0.008135
0.007786
0.008165
0.008603
0.007920
0.006237
0.007225
0.007460
0.006385
0.005963
0.006277
0.005898
0.007870
0.006397
0.009033
0.006022
0.007250
0.006743
0.008022
0.007591
0.007633
0.007391
0.009279
0.007673
0.008023
0.006060
0.007075
0.007478
0.005644
0.005544
0.006822
0.008703
0.007074
0.007122
0.007256
0.006521
0.006000
0.007415
0.007482
0.007211
0.008072
0.007704
0.007222
0.006909
0.007316
0.006075
0.005875
0.007223
0.006680
0.006197
0.006101
0.008214
0.007398
0.006660
0.010980
0.004865
0.007575
0.005958
0.005896
0.005827
0.006643
0.005369
0.006097
0.005395
0.007206
0.006233
0.005348
0.007733
0.005277
0.007257
0.007132
0.007583
0.009523
0.017922
0.010024
0.009279
0.010555
0.009882
0.009768
0.005819
0.006549
0.007754
0.006571
0.006459
0.007059
0.006851
0.007625
0.006718
0.005117
0.007509
0.006520
0.007468
0.008245
0.007040
0.006768
0.007238
0.009916
0.009418
0.010047
0.006205
0.005723
0.008081
0.007059
0.011748
0.007362
0.008168
0.006116
0.008637
0.007698
0.009408
0.010695
0.012530
0.012891
0.013174
0.012764
0.010468
0.011459
0.007898
0.008199
0.007477
0.008318
0.008101
0.007145
0.005637
0.010783
0.008749
0.008356
0.008115
0.007837
0.007043
0.008200
0.007171
0.008188
0.007543
0.010420
0.011182
0.011044
0.007928
0.009578
0.007219
0.006592
0.006354
0.007584
0.005913
0.006974
0.008564
0.006602
0.006147
0.006690
0.007179
0.006094
0.007448
0.005890
0.007417
0.008025
0.006364
0.005914
0.008662
0.006129
0.005816
0.008596
0.008036
0.006382
0.008377
0.006182
0.006819
0.006353
0.009290
0.008417
0.006519
0.008671
0.007582
0.006238
0.007330
0.007617
0.007074
0.006138
0.010170
0.009767
0.010762
0.012973
0.007542
0.008712
0.008025
0.008508
0.011047
0.010866
0.010525
0.010721
0.010063
0.010421
0.010741
0.013287
0.010741
0.008141
0.008810
0.006120
0.013496
0.011788
0.010662
0.011218
0.008339
0.010316
0.010139
0.015947
0.007562
0.008430
0.009111
0.006569
0.007040
0.012724
0.013412
0.012198
0.015934
0.008159
0.013770
0.008033
0.007311
0.005166
0.005147
0.005721
0.006803
0.006230
0.006851
0.007155
0.006133
0.006262
0.006481
0.006963
0.009159
0.007529
0.009223
0.007195
0.007433
0.007865
0.007709
0.008030
0.008167
0.007515
0.008245
0.007800
0.007805
0.007427
0.008412
0.007365
0.007125
0.007532
0.007747
0.005089
0.005076
0.004829
0.005052
0.012132
0.012368
0.010971
0.012382
0.011375
0.012550
0.011541
0.012282
0.012991
0.012780
0.012964
0.011791
0.011488
0.015002
0.012064
0.011187
0.007561
0.011935
0.009789
0.010123
0.009944
0.011796
0.009723
0.010332
0.009631
0.003911
