0.000000
0.000000
0.200000
0.733333
1.286667
1.886667
2.472496
3.379678
4.362745
5.352171
6.337611
7.371947
8.355093
9.261532
10.260347
11.175102
12.147646
13.194609
13.999680
14.885847
15.876891
16.871380
17.780663
18.696064
19.728738
20.714742
21.692690
22.687289
23.663962
24.580863
25.253871
25.776252
26.614407
27.582143
28.577587
29.575905
30.567154
31.619708
32.612383
33.523530
34.435276
35.357952
36.331631
37.207067
38.225424
39.068453
39.707070
40.558843
41.553457
42.545710
43.599127
44.575414
45.550562
46.546770
47.525909
48.513612
49.499471
50.517603
51.424454
52.402885
53.395221
54.381030
55.370464
56.359998
57.418243
58.384910
59.373388
60.329313
61.322580
62.299702
63.347297
64.337304
65.259845
66.211441
67.233153
68.220679
69.208809
70.265824
71.246913
72.235561
73.225471
74.208679
75.195387
76.244449
77.230887
78.222535
79.209140
80.027967
80.912891
81.912044
82.900774
83.762935
84.727766
85.722280
86.606950
87.527961
88.434091
89.454984
90.439941
91.451999
92.436315
93.422856
94.418658
95.472965
96.468175
97.454074
98.449068
99.452188
100.444214
101.434771
102.492774
103.481645
104.471444
105.461369
106.434345
107.426970
108.481141
109.460395
110.452856
111.440632
112.411006
113.400603
114.273757
115.127533
116.073521
116.918827
117.604832
118.366761
119.296532
120.272963
121.251423
121.866652
122.086721
122.753424
123.695710
124.686369
125.729135
126.385820
126.580929
127.207123
128.207726
128.981487
129.213686
129.744127
130.638349
131.625809
132.638899
133.646894
134.610018
135.636798
136.623165
137.604007
138.580208
139.573976
140.549598
141.532175
142.580912
143.583473
144.584750
145.574578
146.576157
147.542181
148.562423
149.650757
150.736950
151.733136
152.718323
153.705787
154.698479
155.722533
156.726886
157.713463
158.704706
159.693477
160.653016
161.482908
162.394143
163.061370
163.873370
164.847967
165.818222
166.823100
167.869771
168.857129
169.845118
170.778271
171.247381
171.611030
172.258570
173.258499
173.884854
174.271922
175.052050
176.044207
176.958788
177.934201
178.836914
179.545137
180.469338
181.475931
182.344139
183.260846
184.297379
185.291096
186.238848
187.005810
187.850801
188.853229
189.822315
190.864710
191.840929
192.823059
193.807231
194.794855
195.779392
196.751490
197.719252
198.606591
199.531382
200.430123
201.419772
202.399992
203.452962
204.439573
205.429552
206.401563
207.224647
208.046526
208.933877
209.874618
210.383839
210.571824
211.055587
211.771749
212.556987
213.614298
214.284986
214.587117
215.332460
216.328601
217.348734
218.340497
219.398523
220.416435
221.394546
222.305453
223.283575
224.274786
225.331686
226.256495
227.100401
227.906267
228.238429
228.903900
229.864197
230.925646
231.904340
232.894340
233.885088
234.871713
235.864358
236.842086
237.893440
238.875292
239.845888
240.616530
241.402708
242.347515
243.349086
244.359473
245.334393
246.324606
247.316617
248.308566
249.302960
250.360228
251.257116
251.767184
252.556751
253.533815
254.519928
255.567661
256.556157
257.491504
258.481837
259.469887
260.460062
261.446352
262.501619
263.474830
264.467117
265.457402
266.443366
267.431596
268.412252
269.438436
270.437493
271.385051
272.255030
273.209664
273.858088
274.314051
275.126993
276.102937
277.086621
278.021579
278.727194
279.192371
280.141887
281.133218
282.121845
283.094710
284.053670
285.051133
286.022251
286.793558
287.778752
288.793246
289.710811
290.697010
291.687553
292.693287
293.443126
294.242858
295.219898
296.202419
297.152297
297.950580
298.842677
299.783154
300.778996
301.764769
302.735568
303.706564
304.750149
305.740918
306.731458
307.719052
308.704971
309.695277
310.685590
311.741786
312.714594
313.733320
314.775526
315.690612
316.640868
317.641440
318.529471
319.500157
320.453315
321.185264
322.099506
322.829837
323.881218
324.860072
325.811875
326.773669
327.590227
328.472746
329.402905
330.456707
331.441378
332.396298
333.396351
334.371214
335.361597
336.418414
337.409072
338.400653
339.377945
340.365173
341.219619
341.898973
342.458325
343.066862
343.979385
344.979356
345.964570
346.959894
348.003022
348.959354
349.950857
350.921864
351.879864
352.851293
353.838788
354.894158
355.888327
356.879187
357.776671
358.486009
359.318988
360.286773
361.317466
362.313550
363.291372
364.224239
365.170420
366.074132
367.098601
368.090847
369.046441
370.000111
370.943918
371.759849
372.570690
373.382856
374.179284
375.033033
375.961138
376.956362
377.945999
379.000701
379.991592
380.972186
381.958596
382.950253
383.907852
384.853335
385.909739
386.897397
387.750103
388.520919
389.505491
390.495350
391.474859
392.535067
393.525541
394.514233
395.507734
396.497364
397.485028
398.543381
399.530419
400.466361
401.060070
401.800189
402.618627
403.555999
404.617404
405.581937
406.289232
406.958177
407.903385
408.900974
409.915125
410.906416
411.884929
412.879190
413.863727
414.881959
415.851944
416.890231
417.875488
418.858609
419.856191
420.849839
422.159857
423.466671
424.255515
425.038892
426.015704
426.951688
427.533269
428.288926
429.336370
430.101939
430.497304
431.237923
432.096289
433.079705
434.070900
435.127381
436.115827
436.989921
437.968264
438.959192
439.919450
440.917428
441.896336
442.838747
443.818207
444.835318
445.835868
446.784255
447.794138
448.761540
449.757410
450.733432
451.715889
452.705052
453.696157
454.746790
455.718208
456.667424
457.544996
458.218611
458.993547
460.019975
461.027923
462.013856
463.007469
464.000124
464.991840
465.971731
467.029948
468.019412
469.009256
469.999623
470.990833
471.980183
473.036224
474.030149
475.023260
476.021025
476.982275
477.969142
478.925196
479.859784
480.851378
481.832114
482.801038
483.788418
484.778383
485.767164
486.824495
487.806966
488.785610
489.777150
490.766345
491.759429
492.826142
493.865292
494.855955
495.842656
496.764539
497.848567
498.817535
499.870580
500.689970
501.208530
501.891772
502.813096
503.667000
504.725339
505.710562
506.684144
507.675037
508.670941
509.639825
510.623203
511.675897
512.584968
513.396497
514.048837
514.892252
515.869892
516.859522
517.911218
518.901177
519.891446
520.882817
521.892811
522.904363
523.931903
524.910070
525.899471
526.887920
527.850517
528.810682
529.798884
530.857309
531.846836
532.835072
533.823978
534.814346
535.804091
536.860547
537.851051
538.841422
539.831747
540.822281
541.812458
542.787730
543.822235
544.810495
545.801580
546.803060
547.757469
548.750482
549.763802
550.868602
551.918449
552.931490
553.987615
555.119123
556.190574
557.232736
558.271679
559.379858
560.375138
561.148224
561.923768
