0.000000
0.000000
0.147684
0.393706
0.546525
0.660983
0.733692
0.873919
1.001930
1.102565
1.183632
1.256878
1.314865
1.351207
1.395152
1.419094
1.454070
1.490171
1.496595
1.508457
1.533358
1.554351
1.565977
1.574677
1.596907
1.611512
1.624405
1.636461
1.648566
1.654788
1.644742
1.624203
1.627358
1.636468
1.646695
1.655064
1.665236
1.677059
1.685018
1.687296
1.691788
1.695476
1.701371
1.701339
1.709984
1.709461
1.700197
1.698679
1.706208
1.711791
1.719517
1.722805
1.728392
1.733299
1.737415
1.740851
1.745744
1.750776
1.751114
1.754438
1.759056
1.762504
1.765962
1.768433
1.774671
1.777081
1.780080
1.781314
1.784995
1.787347
1.791776
1.794240
1.795104
1.796576
1.798806
1.801486
1.804463
1.808441
1.810398
1.811717
1.813875
1.816420
1.818318
1.820849
1.823446
1.825311
1.827021
1.824180
1.824232
1.825900
1.827847
1.825911
1.827789
1.829500
1.828913
1.828448
1.828831
1.831054
1.832461
1.833745
1.835359
1.837000
1.838252
1.840558
1.842458
1.843676
1.845193
1.846477
1.847872
1.849049
1.851573
1.851926
1.853833
1.854937
1.855730
1.856441
1.859006
1.859733
1.860841
1.860850
1.862296
1.863291
1.862520
1.861028
1.861271
1.860001
1.855687
1.852989
1.853440
1.854264
1.855011
1.849970
1.839917
1.836121
1.836492
1.836984
1.839372
1.835447
1.824974
1.820426
1.821988
1.820201
1.810873
1.805186
1.805535
1.806526
1.808193
1.809029
1.810067
1.811776
1.813075
1.813577
1.814767
1.815870
1.816876
1.817472
1.819532
1.820712
1.822015
1.822515
1.823911
1.824663
1.826113
1.827954
1.830148
1.831045
1.832028
1.832447
1.833747
1.834895
1.835598
1.836451
1.837650
1.838499
1.839065
1.837395
1.837759
1.834880
1.833879
1.834078
1.834934
1.835909
1.837303
1.837743
1.838804
1.838939
1.834133
1.827963
1.825409
1.826307
1.823427
1.817542
1.816504
1.817372
1.817432
1.817869
1.818044
1.816010
1.816058
1.816565
1.816761
1.816834
1.818169
1.818717
1.819320
1.817924
1.817366
1.817742
1.818790
1.820052
1.820692
1.821122
1.822049
1.822766
1.823451
1.823788
1.824516
1.824286
1.823936
1.824050
1.824991
1.825595
1.826862
1.827268
1.828173
1.828703
1.827888
1.826879
1.826839
1.827025
1.823589
1.817134
1.813546
1.812054
1.811024
1.811939
1.810297
1.805254
1.803945
1.804333
1.805682
1.806396
1.807714
1.808462
1.809252
1.809277
1.809902
1.810373
1.811805
1.811961
1.811457
1.810508
1.806145
1.804240
1.804394
1.805752
1.806565
1.807211
1.807904
1.808333
1.809093
1.809771
1.810905
1.811294
1.811968
1.810915
1.809889
1.810173
1.811072
1.811846
1.812359
1.812793
1.813602
1.814208
1.814854
1.815759
1.815853
1.813000
1.812157
1.812494
1.813229
1.814235
1.814543
1.814821
1.815600
1.816153
1.816733
1.817096
1.818281
1.818729
1.819297
1.819687
1.820355
1.820891
1.821383
1.821988
1.822747
1.822993
1.822679
1.822832
1.821242
1.818236
1.817395
1.817881
1.818170
1.818542
1.817379
1.814488
1.814783
1.815151
1.815837
1.816242
1.816567
1.816980
1.817538
1.816665
1.817160
1.817647
1.817868
1.818358
1.818756
1.819318
1.818481
1.817800
1.818222
1.818515
1.818919
1.818229
1.818210
1.818189
1.818936
1.819326
1.819706
1.819984
1.820830
1.821376
1.821889
1.822187
1.822757
1.823229
1.823678
1.824391
1.824899
1.825429
1.826264
1.826129
1.826472
1.826916
1.826853
1.826994
1.827329
1.826281
1.826195
1.825141
1.826045
1.826407
1.826500
1.826762
1.826404
1.826176
1.826311
1.826915
1.827445
1.827683
1.828103
1.828344
1.828840
1.829669
1.830107
1.830360
1.830833
1.831157
1.830908
1.829504
1.827738
1.826099
1.826122
1.826444
1.826945
1.827373
1.828058
1.828145
1.828686
1.828962
1.829033
1.829373
1.829860
1.830595
1.830889
1.831248
1.831304
1.830236
1.829825
1.829973
1.830676
1.831087
1.831331
1.831359
1.831641
1.831581
1.832128
1.832386
1.832697
1.832883
1.833018
1.832404
1.832005
1.831498
1.830914
1.830494
1.830673
1.831060
1.831425
1.831976
1.832252
1.832748
1.833103
1.833335
1.833653
1.833784
1.834456
1.834679
1.834488
1.833786
1.834110
1.834350
1.834744
1.835401
1.835750
1.835968
1.836433
1.836760
1.837085
1.837613
1.838044
1.838118
1.836655
1.835717
1.835349
1.835443
1.836132
1.836230
1.835357
1.834237
1.834363
1.834583
1.835161
1.835479
1.835764
1.835989
1.836398
1.836834
1.837059
1.837459
1.837889
1.838139
1.838240
1.838725
1.840540
1.842219
1.841445
1.840940
1.841292
1.841341
1.839902
1.839065
1.839741
1.839078
1.836855
1.835988
1.835837
1.836104
1.836424
1.836901
1.837304
1.837124
1.837388
1.837619
1.837888
1.838159
1.838411
1.838464
1.838815
1.839219
1.839524
1.839559
1.840029
1.840192
1.840557
1.840656
1.840980
1.841243
1.841601
1.841962
1.842310
1.842378
1.842276
1.841124
1.840638
1.841099
1.841452
1.841595
1.842044
1.842281
1.842610
1.842715
1.843337
1.843651
1.843921
1.843979
1.844382
1.844643
1.845225
1.845421
1.845759
1.846044
1.846215
1.846325
1.846601
1.846616
1.846911
1.847003
1.847220
1.847533
1.847780
1.847881
1.848471
1.848746
1.848979
1.849108
1.849390
1.849714
1.850265
1.850521
1.850902
1.851111
1.851059
1.851623
1.851856
1.852282
1.851977
1.850337
1.849545
1.849411
1.849308
1.849739
1.850019
1.850195
1.850436
1.850641
1.850851
1.851045
1.851521
1.851385
1.851047
1.850063
1.849772
1.849875
1.850193
1.850626
1.850877
1.850998
1.851323
1.851640
1.851847
1.852260
1.852487
1.852709
1.852927
1.852989
1.853172
1.853388
1.853847
1.854008
1.854279
1.854494
1.854712
1.854834
1.855375
1.855591
1.855806
1.855945
1.856235
1.856420
1.856602
1.856921
1.857175
1.857388
1.857636
1.857641
1.857939
1.858225
1.858818
1.859192
1.859504
1.859928
1.860603
1.860981
1.861448
1.861810
1.862401
1.862565
1.862089
1.861573
