2.14995
2.64994
3.1499
3.6583
4.14992
4.64999
5.16559
5.66292
6.15
6.64995
7.15003
7.66094
8.14999
8.64992
9.14994
9.67047
10.1499
10.6501
11.15
11.6639
12.15
12.6499
13.15
13.6686
14.15
14.6499
15.1499
15.6593
16.1499
16.65
17.15
17.6657
18.15
18.6503
19.1502
19.6656
20.1517
20.6499
21.15
21.6639
22.15
22.65
23.15
23.6649
24.1499
24.6499
25.15
25.6724
26.1499
26.6502
27.1511
27.6694
28.15
28.6501
29.15
29.6634
30.15
30.6501
31.1624
31.6644
32.1501
32.6501
33.1499
33.6657
34.15
34.65
35.15
35.6635
36.1501
36.6516
37.1501
37.6533
38.15
38.6499
39.1722
39.6648
40.1499
40.65
41.1499
41.667
42.1653
42.65
43.15
43.6687
44.15
44.65
45.1499
45.6663
46.1501
46.6568
47.15
47.6703
48.151
48.6512
49.15
49.6658
50.1512
50.65
51.15
51.6674
52.1598
52.6519
53.1589
53.6674
54.1541
54.6542
55.15
55.6562
56.1524
56.6534
57.1501
57.6735
58.1499
58.6501
59.1501
59.6628
60.15
60.6538
61.1521
61.6826
62.1572
62.656
63.15
63.658
64.1582
64.6552
65.171
65.6745
66.1606
66.6586
67.1599
67.6706
68.1501
68.6504
69.15
69.6712
70.15
70.654
71.1561
71.6733
72.1626
72.6568
73.15
73.6687
74.15
74.657
75.1501
75.6733
76.1631
76.6597
77.15
77.67
78.1582
78.6591
79.1535
79.6687
80.1569
80.6568
81.15
81.6713
82.1593
82.6556
83.1501
83.6636
84.1589
84.6626
85.1559
85.6757
86.1576
86.6629
87.1776
87.6751
88.1585
88.6564
89.1515
89.6825
90.1609
90.6633
91.1545
91.6762
92.1631
92.6624
93.1632
93.6785
94.1628
94.6635
95.1626
95.6767
96.1628
96.6639
97.1572
97.6789
98.1632
98.6631
99.1632
99.6763
100.163
100.664
101.17
101.696
102.163
102.664
103.16
103.676
104.163
104.663
105.16
105.69
106.163
106.663
107.163
107.677
108.163
108.663
109.163
109.676
110.164
110.664
111.192
111.678
112.163
112.664
113.163
113.678
114.164
114.663
115.164
115.677
116.165
116.668
117.164
117.677
118.173
118.664
119.164
119.688
120.166
120.664
121.163
121.69
122.165
122.666
123.164
123.676
124.164
124.665
125.163
125.679
126.164
126.664
127.165
127.675
128.163
128.666
129.187
129.679
130.163
130.665
131.164
131.679
132.173
132.664
133.163
133.677
134.163
134.666
135.175
135.677
136.163
136.663
137.163
137.677
138.163
138.664
139.164
139.678
140.164
140.663
141.164
141.677
142.164
142.664
143.185
143.678
144.163
144.663
145.163
145.677
146.164
146.663
147.163
147.676
148.165
148.664
149.163
149.677
150.164
150.664
151.166
151.678
152.165
152.664
153.181
153.677
154.194
154.677
155.163
155.664
156.162
156.677
157.163
157.664
158.164
158.677
159.164
159.664
160.163
160.679
161.164
161.663
162.173
162.676
163.163
163.663
164.163
164.677
165.163
165.664
166.157
166.676
167.156
167.662
168.161
168.669
169.164
169.658
170.155
170.669
171.157
171.657
172.158
172.67
173.156
173.664
174.156
174.67
175.158
175.663
176.155
176.673
177.163
177.664
178.173
178.675
179.163
179.664
180.176
180.677
181.159
181.665
182.161
182.678
183.164
183.663
184.169
184.678
185.17
185.664
186.161
186.678
187.164
187.67
188.162
188.676
189.163
189.664
190.162
190.676
191.163
191.664
192.163
192.677
193.163
193.665
194.181
194.677
195.165
195.664
196.176
196.679
197.163
197.664
198.164
198.677
199.164
199.664
200.171
200.678
201.164
201.663
202.163
202.676
203.164
203.664
204.163
204.677
205.163
205.663
206.163
206.676
207.163
207.663
208.163
208.676
209.186
209.665
210.163
210.677
211.163
211.664
212.163
212.676
213.163
213.664
214.163
214.675
215.163
215.665
216.163
216.676
217.163
217.663
218.163
218.677
219.163
219.663
220.16
220.675
221.165
221.664
222.16
222.673
223.164
223.663
224.163
224.681
225.163
225.664
226.163
226.677
227.163
227.664
228.164
228.68
229.163
229.667
230.197
230.677
231.163
231.663
232.188
232.677
233.163
233.666
234.163
234.68
235.163
235.664
236.162
236.676
237.163
237.664
238.163
238.677
239.163
239.662
240.16
240.669
241.157
241.665
242.164
242.67
243.157
243.657
244.16
244.671
245.158
245.662
246.155
246.672
247.163
247.665
248.155
248.677
249.158
249.664
250.154
250.675
251.162
251.657
252.157
252.673
253.151
253.657
254.151
254.668
255.157
255.65
256.15
256.679
257.161
257.661
258.153
258.664
259.155
259.656
260.152
260.672
261.151
261.655
262.15
262.668
263.162
263.652
264.153
264.674
265.162
265.654
266.15
266.668
267.162
267.653
268.15
268.675
269.155
269.658
270.163
270.667
271.157
271.663
272.15
272.67
273.155
273.673
274.15
274.659
275.15
275.65
276.15
276.658
277.15
277.652
278.15
278.661
279.15
279.65
280.15
280.663
281.15
281.653
282.15
282.666
283.153
283.65
284.165
284.657
285.15
285.65
286.15
286.66
287.15
287.65
288.15
288.659
289.15
289.65
290.15
290.665
291.15
291.65
292.15
292.662
293.15
293.654
294.151
294.658
295.15
295.65
296.15
296.663
297.15
297.65
298.15
298.655
299.15
299.65
300.15
300.665
301.15
301.65
302.15
302.658
303.15
303.65
