1.65105
1.6514
2.15122
2.65128
3.15199
3.66078
4.15118
4.6517
5.16605
5.67572
6.15137
6.6529
7.15314
7.67572
8.15118
8.65265
9.15239
9.68574
10.1512
10.6582
11.1524
11.677
12.1512
12.6519
13.1525
13.684
14.1512
14.6528
15.1519
15.6789
16.1512
16.653
17.1526
17.6735
18.1567
18.6542
19.1519
19.6788
20.1517
20.6536
21.1517
21.676
22.1514
22.6539
23.152
23.6775
24.1511
24.6532
25.1529
25.6854
26.1512
26.6535
27.1693
27.6805
28.1516
28.6518
29.1527
29.677
30.1512
30.654
31.1629
31.6775
32.1514
32.6573
33.1533
33.6782
34.1511
34.6616
35.1522
35.6798
36.1512
36.6523
37.1525
37.6666
38.1511
38.6543
39.1727
39.6788
40.1513
40.6518
41.1529
41.6742
42.1653
42.6524
43.1515
43.6795
44.1512
44.6526
45.1527
45.6762
46.1514
46.6574
47.1523
47.6801
48.1511
48.6538
49.1519
49.6742
50.1513
50.6609
51.1605
51.6801
52.1599
52.653
53.1594
53.6859
54.1541
54.6552
55.1516
55.6685
56.1524
56.6629
57.1519
57.6855
58.1512
58.652
59.152
59.6722
60.1512
60.6546
61.1528
61.6941
62.1572
62.6574
63.1517
63.6646
64.1583
64.6561
65.1715
65.6801
66.1607
66.6597
67.1603
67.676
68.1512
68.6519
69.1519
69.677
70.1512
70.6549
71.1568
71.6786
72.1627
72.6574
73.1519
73.6807
74.1512
74.6579
75.1519
75.6788
76.1632
76.6611
77.1518
77.679
78.1583
78.6597
79.1539
79.6775
80.157
80.6574
81.1517
81.6821
82.1594
82.6562
83.1515
83.6857
84.1656
84.6634
85.1564
85.6847
86.1577
86.6636
87.1779
87.6873
88.1585
88.6569
89.1519
89.6954
90.1623
90.664
91.155
91.6888
92.1631
92.663
93.1637
93.6905
94.1629
94.6642
95.1631
95.6809
96.1629
96.6644
97.1575
97.6856
98.1633
98.6638
99.1638
99.6847
100.164
100.672
101.17
101.706
102.163
102.665
103.16
103.687
104.163
104.664
105.161
105.702
106.163
106.664
107.163
107.689
108.163
108.665
109.164
109.69
110.164
110.665
111.192
111.696
112.163
112.665
113.164
113.692
114.164
114.664
115.165
115.686
116.165
116.669
117.171
117.684
118.173
118.665
119.165
119.695
120.166
120.664
121.164
121.698
122.165
122.667
123.164
123.688
124.164
124.666
125.164
125.688
126.164
126.665
127.165
127.683
128.163
128.666
129.188
129.687
130.163
130.666
131.164
131.688
132.173
132.665
133.164
133.688
134.163
134.667
135.176
135.686
136.163
136.664
137.164
137.688
138.163
138.665
139.164
139.687
140.164
140.664
141.164
141.697
142.164
142.665
143.185
143.693
144.163
144.665
145.163
145.694
146.164
146.664
147.164
147.692
148.165
148.668
149.164
149.684
150.167
150.664
151.167
151.684
152.165
152.665
153.182
153.694
154.195
154.678
155.163
155.68
156.163
156.678
157.163
157.675
158.165
158.688
159.164
159.675
160.164
160.68
161.164
161.675
162.174
162.677
163.163
163.672
164.164
164.687
165.163
165.668
166.157
166.681
167.156
167.667
168.161
168.67
169.165
169.664
170.155
170.67
171.157
171.668
172.158
172.671
173.156
173.675
174.157
174.672
175.158
175.678
176.156
176.675
177.163
177.683
178.174
178.676
179.163
179.684
180.177
180.678
181.159
181.675
182.161
182.679
183.17
183.679
184.169
184.679
185.17
185.677
186.162
186.679
187.164
187.679
188.163
188.677
189.163
189.674
190.162
190.677
191.164
191.672
192.164
192.681
193.163
193.673
194.182
194.685
195.165
195.671
196.176
196.68
197.163
197.67
198.164
198.678
199.164
199.669
200.172
200.678
201.164
201.667
202.164
202.677
203.164
203.667
204.164
204.677
205.163
205.669
206.164
206.677
207.163
207.67
208.163
208.677
209.186
209.673
210.163
210.678
211.164
211.668
212.164
212.676
213.163
213.668
214.164
214.676
215.163
215.672
216.164
216.677
217.163
217.675
218.164
218.678
219.163
219.673
220.161
220.676
221.165
221.676
222.16
222.674
223.164
223.694
224.164
224.682
225.163
225.676
226.163
226.678
227.163
227.681
228.165
228.681
229.163
229.698
230.198
230.678
231.163
231.678
232.189
232.699
233.163
233.678
234.164
234.682
235.164
235.673
236.163
236.677
237.163
237.672
238.164
238.695
239.163
239.689
240.161
240.671
241.157
241.674
242.165
242.671
243.157
243.665
244.161
244.672
245.158
245.672
246.156
246.674
247.163
247.678
248.156
248.696
249.158
249.673
250.155
250.676
251.162
251.666
252.157
252.691
253.151
253.669
254.152
254.669
255.157
255.66
256.152
256.68
257.161
257.67
258.153
258.665
259.155
259.663
260.153
260.672
261.151
261.661
262.152
262.669
263.162
263.659
264.153
264.688
265.162
265.664
266.152
266.668
267.162
267.66
268.152
268.675
269.155
269.664
270.164
270.668
271.157
271.667
272.152
272.68
273.155
273.686
274.152
274.66
275.151
275.656
276.152
276.659
277.151
277.658
278.152
278.662
279.151
279.662
280.152
280.664
281.151
281.658
282.152
282.681
283.153
283.661
284.165
284.658
285.151
285.657
286.153
286.661
287.151
287.662
288.152
288.66
289.151
289.657
290.153
290.666
291.151
291.666
292.152
292.663
293.151
293.661
294.152
294.659
295.151
295.659
296.152
296.673
297.151
297.662
298.152
298.656
299.151
299.669
300.152
300.666
301.151
301.665
302.152
302.658
303.151
303.655
