0.002848
0.004231
0.003969
0.004585
0.006564
0.006107
0.004722
0.004238
0.005152
0.004722
0.004201
0.004302
0.004320
0.005119
0.005149
0.006145
0.005677
0.007133
0.006051
0.005053
0.005775
0.005167
0.006149
0.005443
0.006959
0.005230
0.006271
0.006932
0.006461
0.006478
0.005157
0.004683
0.004667
0.004809
0.004344
0.005121
0.004408
0.004103
0.003985
0.004592
0.004336
0.005252
0.005739
0.005023
0.005352
0.005028
0.005275
0.004754
0.005166
0.005904
0.002886
0.003793
0.005696
0.005802
0.004671
0.005949
0.004092
0.005292
0.006065
0.006680
0.005477
0.007324
0.005756
0.004629
0.003235
0.003067
0.008951
0.005263
0.004237
0.004413
0.003298
0.004490
0.004168
0.004105
0.004196
0.004480
0.009218
0.008405
0.008438
0.008401
0.008339
0.008369
0.007368
0.007665
0.009163
0.007466
0.008000
0.006789
0.005931
0.006610
0.006177
0.006845
0.003120
0.003334
0.007830
0.008615
0.011018
0.010677
0.008773
0.007033
0.006838
0.007871
0.005931
0.007281
0.005082
0.004644
0.005086
0.002354
0.002342
0.002378
0.002797
0.003152
0.003738
0.004707
0.003783
0.004187
0.004449
0.004888
0.004287
0.003944
0.003549
0.004466
0.004091
0.002945
0.004731
0.003429
0.004637
0.007596
0.006312
0.004762
0.004754
0.003714
0.005535
0.008393
0.004299
0.003028
0.004933
0.005934
0.006399
0.005571
0.004729
0.004370
0.004788
0.005242
0.004580
0.004779
0.009346
0.009549
0.009446
0.006606
0.005822
0.007434
0.004978
0.004488
0.003497
0.003333
0.006424
0.003344
0.002967
0.006888
0.010559
0.012460
0.007099
0.011577
0.007337
0.009569
0.007663
0.006242
0.004105
0.004383
0.002757
0.005557
0.007157
0.008343
0.008551
0.007661
0.007657
0.016219
0.006552
