4.95991
5.51701
5.66022
5.90107
6.47072
6.85904
7.77941
8.05246
8.15701
9.02424
9.65135
10.4593
10.8581
11.3816
11.5871
12.3074
12.4497
12.8635
13.1095
14.0444
14.1781
14.2965
15.24
15.2781
15.36
16.6826
16.8406
16.9652
17.0049
17.0338
17.1804
17.3451
17.3799
17.5216
17.6773
18.5482
18.6828
20.0243
20.2878
21.3941
21.6347
21.7678
23.0876
23.2616
23.4435
23.5678
23.69
24.2411
24.77
25.1659
26.5385
27.0106
27.0449
28.4266
29.8185
30.6368
31.4277
32.8417
33.5752
34.1012
35.167
35.299
36.2756
36.4838
37.8592
38.2358
38.8921
39.0343
40.4114
41.287
42.0772
43.0196
43.4211
43.5605
43.677
43.9545
44.0948
45.4695
45.6854
45.7274
45.8605
46.0176
46.1467
46.2877
46.3325
46.6289
47.8306
47.9704
48.6315
48.7679
49.6876
49.8294
51.0183
51.5632
52.2327
52.3536
53.7342
55.1112
55.9656
57.3365
58.7179
59.1623
60.5413
60.7729
61.7015
62.0868
63.3268
64.3602
64.3844
64.4162
65.8123
66.0865
66.2369
66.3657
67.1424
67.555
68.4857
68.6309
69.9693
70.7653
70.7965
70.8277
71.221
71.251
71.2888
71.3227
71.3532
71.3854
71.426
71.6917
71.7309
71.756
71.7891
71.8304
71.8583
71.8825
71.9178
71.9551
71.991
72.0202
72.0498
72.083
72.1113
72.1392
72.1684
72.2068
72.2476
73.6241
75.0054
76.3596
76.8555
77.2884
78.4194
78.6274
79.8278
80.0856
80.4942
81.5495
81.6541
81.6889
81.7204
83.1015
84.4575
87.7265
89.0302
90.4221
91.8163
93.197
94.5614
95.5574
95.9503
96.091
96.2351
96.3549
97.7265
99.0959
99.2265
99.3997
99.5642
