0.001930
0.002070
0.001957
0.001791
0.002079
0.002307
0.002445
0.002809
0.002520
0.002563
0.002657
0.003005
0.003189
0.003739
0.003344
0.002964
0.002731
0.002962
0.003011
0.003202
0.003209
0.003301
0.003610
0.004441
0.003958
0.003642
0.002917
0.003049
0.002925
0.002576
0.002708
0.002890
0.002379
0.003060
0.002969
0.002459
0.002636
0.003065
0.002986
0.002783
0.003037
0.003201
0.002581
0.002764
0.002635
0.002584
0.002729
0.002465
0.002601
0.002491
0.002592
0.002386
0.002343
0.002245
0.002531
0.002583
0.002926
0.003486
0.003900
0.003335
0.003688
0.004030
0.010842
0.003761
0.003497
0.003872
0.003114
0.003225
0.003353
0.003163
0.004026
0.003328
0.003210
0.003109
0.002927
0.003376
0.006477
0.003383
0.004310
0.003648
0.003703
0.003587
0.003783
0.003793
0.004844
0.003930
0.003819
0.003713
0.003599
0.003311
0.003757
0.003367
0.003436
0.003127
0.003313
0.003367
0.003484
0.003700
0.003591
0.003806
0.004574
0.003574
0.003857
0.004343
0.003869
0.003583
0.004252
0.003749
0.003161
0.003854
0.003791
0.003737
0.004174
0.003411
0.003149
0.003229
0.003608
0.003202
0.003151
0.003034
0.003153
0.002635
0.002904
0.002401
0.002719
0.002426
0.002413
0.002321
0.002766
0.003743
0.004524
0.003014
0.002645
0.002748
0.002704
0.002613
0.002553
0.002729
0.002385
0.002635
0.002379
0.002516
0.002463
0.002531
0.002446
0.002963
0.003034
0.004212
0.006409
0.003372
0.003721
0.004034
0.003350
0.003364
0.002686
0.002431
0.003200
0.002460
0.002380
0.002640
0.003019
0.007563
0.004218
0.005687
0.004654
0.004205
0.004337
0.004341
0.003677
0.003737
0.003927
0.004184
0.004028
0.003742
0.003658
0.004087
0.004290
0.008749
0.003608
