0.000000
0.000000
0.066667
0.566667
1.126667
1.726667
2.302433
3.201564
4.146509
5.108555
6.123611
7.089126
8.135810
9.116380
10.107506
11.083132
12.082586
13.072770
14.113548
14.845260
15.736960
16.730052
17.704091
18.689598
19.676690
20.694967
21.655889
22.629787
23.479718
24.495439
25.420193
26.158332
27.113267
28.064856
29.036555
30.018974
31.011718
32.003278
33.054844
34.051968
34.989799
35.921631
36.857204
37.553114
38.373049
39.266623
40.243385
41.151885
42.114686
42.968766
43.803809
44.743122
45.087003
45.638853
46.546006
47.544458
48.533108
49.523968
50.574835
51.538859
52.309206
53.050196
54.012191
54.893416
55.877850
56.915653
57.900527
58.883343
60.027032
61.007220
61.997650
63.054567
64.045278
64.965902
65.947603
66.825492
67.105245
67.652631
68.661002
69.658972
70.648048
71.633838
72.626966
73.614771
74.640051
75.213804
75.453401
76.196383
77.188885
78.103948
79.057900
80.114775
81.099661
82.091473
83.070378
84.055880
85.043854
86.031460
87.033879
87.949850
88.926467
89.909367
90.475679
90.883386
91.757047
92.721236
93.718942
94.716338
95.711486
96.660937
97.933504
99.285556
100.702646
101.991062
103.068309
104.043708
105.008619
106.069527
107.078146
108.340247
109.527056
110.518980
111.510614
112.503050
113.533319
114.396287
114.832726
115.284787
116.166155
117.143953
118.151314
119.174535
120.090132
120.931249
121.874087
122.454409
122.990683
123.996378
124.982616
125.946436
126.644148
127.098691
127.770322
128.722418
129.672941
130.084531
130.631056
131.400012
132.410372
133.396698
134.452045
135.423150
136.399458
137.386420
138.234226
139.224394
140.209879
141.239961
142.246879
143.167233
143.788367
144.299595
145.091104
146.075723
147.131911
148.125258
149.109820
150.087013
151.079220
152.058445
153.108754
154.096968
155.057783
156.049316
157.037174
158.015323
159.002666
160.060511
161.048319
162.040550
163.033003
164.022396
165.013389
166.069731
167.060311
168.050871
169.036938
170.006879
170.804318
171.698416
172.418564
172.778945
173.550357
174.531287
175.551564
176.555614
177.530012
178.588595
179.565622
180.188479
180.188479
180.188479
180.188479
180.188479
180.188479
180.188479
180.188479
180.188479
180.188479
180.188479
180.188479
180.188479
180.188479
180.188479
180.188479
180.188479
180.188479
180.188479
180.188479
180.188479
180.188479
180.188479
180.188479
180.188479
180.188479
180.188479
180.188479
180.188479
180.188479
180.188479
180.188479
180.188479
180.188479
180.188479
180.188479
180.188479
180.188479
180.188479
180.188479
180.188479
180.188479
180.188479
180.188479
180.188479
180.188479
180.188479
180.188479
180.188479
180.188479
180.188479
180.188479
180.188479
180.188479
180.188479
180.188479
180.188479
180.188479
180.188479
180.188479
180.188479
180.188479
180.188479
180.188479
180.188479
180.188479
180.188479
180.188479
180.188479
180.188479
180.188479
180.188479
180.188479
180.188479
180.188479
180.188479
180.188479
180.188479
180.188479
180.188479
180.188479
180.188479
180.188479
180.188479
180.188479
180.188479
180.188479
180.188479
180.188479
180.188479
180.188479
180.188479
180.188479
180.188479
180.188479
180.188479
180.188479
180.188479
180.188479
180.188479
180.188479
180.188479
180.188479
180.188479
180.188479
180.188479
180.188479
180.188479
180.188479
180.188479
180.188479
180.188479
180.188479
180.188479
180.188479
180.188479
180.188479
180.188479
180.188479
180.188479
180.188479
180.188479
180.188479
180.188479
180.188479
180.188479
180.188479
180.188479
180.188479
180.188479
180.188479
180.188479
180.188479
180.188479
180.188479
180.188479
180.188479
180.188479
180.188479
180.188479
180.188479
180.188479
180.188479
180.188479
180.188479
180.188479
180.188479
180.188479
180.188479
180.188479
180.188479
180.188479
180.188479
180.188479
180.188479
180.188479
180.188479
180.188479
180.188479
180.188479
180.188479
180.188479
180.188479
180.188479
180.188479
180.188479
180.188479
180.188479
180.188479
180.188479
180.188479
180.188479
180.188479
180.188479
180.188479
180.188479
180.188479
180.188479
180.188479
180.188479
180.188479
180.188479
180.188479
180.188479
180.188479
180.188479
180.188479
180.188479
180.188479
180.188479
180.188479
180.188479
180.188479
180.188479
180.188479
180.188479
180.188479
180.188479
180.188479
180.188479
180.188479
180.188479
180.188479
180.188479
180.188479
180.188479
180.188479
180.188479
180.188479
180.188479
180.188479
180.188479
180.188479
180.188479
180.188479
180.188479
180.188479
180.188479
180.188479
180.188479
180.188479
180.188479
180.188479
180.188479
180.188479
180.188479
180.188479
180.188479
180.188479
180.188479
180.188479
180.188479
180.188479
180.188479
180.188479
180.188479
180.188479
180.188479
180.188479
180.188479
180.188479
180.188479
180.188479
180.188479
180.188479
180.188479
180.188479
180.188479
180.188479
180.188479
180.188479
180.188479
180.188479
180.188479
180.188479
180.188479
180.188479
180.188479
180.188479
180.188479
180.188479
180.188479
180.188479
180.188479
180.188479
180.188479
180.188479
180.188479
180.188479
180.188479
180.188479
180.188479
180.188479
180.188479
180.188479
180.188479
180.188479
180.188479
180.188479
180.188479
180.188479
180.188479
180.188479
180.188479
180.188479
180.188479
180.188479
180.188479
180.188479
180.188479
180.188479
180.188479
180.188479
180.188479
180.188479
180.188479
180.188479
180.188479
180.188479
180.188479
180.188479
180.188479
180.188479
180.188479
180.188479
180.188479
180.188479
180.188479
180.188479
180.188479
180.188479
180.188479
180.188479
180.188479
180.188479
180.188479
180.188479
180.188479
180.188479
180.188479
180.188479
180.188479
180.188479
180.188479
180.188479
180.188479
180.188479
180.188479
180.188479
180.188479
180.188479
180.188479
180.188479
180.188479
180.188479
180.188479
180.188479
180.188479
180.188479
180.188479
180.188479
180.188479
180.188479
180.188479
180.188479
180.188479
180.188479
180.188479
180.188479
180.188479
180.188479
180.188479
180.188479
180.188479
180.188479
180.188479
180.188479
180.188479
180.188479
180.188479
180.188479
180.188479
180.188479
180.188479
180.188479
180.188479
180.188479
180.188479
180.188479
180.188479
180.188479
180.188479
180.188479
180.188479
180.188479
180.188479
180.188479
180.188479
180.188479
180.188479
180.188479
180.188479
180.188479
180.188479
180.188479
180.188479
180.188479
180.188479
180.188479
