0.006074
0.008002
0.008382
0.006303
0.008594
0.007380
0.008748
0.007843
0.006330
0.007318
0.007468
0.005221
0.006238
0.008304
0.005924
0.007235
0.006066
0.006980
0.005712
0.007455
0.005472
0.006902
0.007306
0.007634
0.008780
0.007208
0.009125
0.009778
0.010004
0.009182
0.007488
0.007098
0.007054
0.007685
0.009007
0.006542
0.007187
0.008018
0.006411
0.006974
0.008003
0.008667
0.008792
0.007082
0.007094
0.007602
0.007828
0.007218
0.007259
0.009789
0.007550
0.008567
0.005993
0.007643
0.006222
0.008848
0.005332
0.005594
0.007551
0.008605
0.006648
0.009727
0.007209
0.008600
0.006429
0.007285
0.008626
0.007486
0.004827
0.007375
0.007477
0.006286
0.008044
0.007003
0.005736
0.007053
0.009621
0.008965
0.009829
0.009615
0.009244
0.009959
0.007730
0.008369
0.008078
0.006924
0.008604
0.006246
0.006435
0.007497
0.007288
0.008732
0.007585
0.009000
0.013825
0.008671
0.009320
0.007982
0.011742
0.007599
0.007812
0.007914
0.008057
0.010413
0.007172
0.006588
0.005786
0.005357
0.005324
0.004836
0.004987
0.008211
0.008763
0.009397
0.004978
0.009780
0.007705
0.009771
0.009185
0.009405
0.008908
0.008327
0.005593
0.007667
0.008639
0.007880
0.007060
0.006315
0.007816
0.007766
0.009419
0.007283
0.008891
0.006328
0.008367
0.003898
0.007395
0.008591
0.006877
0.006611
0.007270
0.007143
0.008653
0.006001
0.005985
0.007849
0.008010
0.010495
0.008785
0.007724
0.005808
0.006745
0.004926
0.006341
0.007635
0.007740
0.009454
0.007231
0.009092
0.008912
0.007099
0.009490
0.003735
0.014703
0.012398
0.012567
0.009975
0.009558
0.006079
0.009504
0.003917
0.011367
0.010952
0.007447
0.006739
0.006575
0.006830
0.007077
0.006516
