0.000000
0.000000
0.055146
0.327838
0.510071
0.637403
0.717505
0.858070
0.985192
1.084882
1.175599
1.238100
1.310311
1.358828
1.402074
1.433951
1.471902
1.501091
1.532612
1.526026
1.541504
1.562268
1.577747
1.594241
1.611662
1.628396
1.639477
1.650747
1.652475
1.665355
1.671402
1.665149
1.672737
1.679630
1.687306
1.693473
1.703116
1.710599
1.720815
1.726380
1.731404
1.734596
1.737275
1.729844
1.727821
1.728371
1.733968
1.735710
1.739640
1.738120
1.737638
1.740380
1.720289
1.708748
1.710693
1.715851
1.720481
1.725043
1.731491
1.734792
1.731580
1.726653
1.730668
1.731166
1.733818
1.739272
1.743517
1.746425
1.753837
1.756608
1.760856
1.765794
1.768771
1.769704
1.772359
1.772144
1.756269
1.746830
1.751096
1.754243
1.757024
1.759057
1.762407
1.764964
1.767750
1.760321
1.746250
1.743268
1.746006
1.746947
1.748720
1.752716
1.755068
1.757517
1.759637
1.761853
1.764064
1.766235
1.768662
1.769299
1.771132
1.772914
1.766798
1.757596
1.757494
1.759122
1.761166
1.763513
1.765606
1.766826
1.773874
1.782222
1.791578
1.798505
1.801615
1.802902
1.803995
1.806580
1.808480
1.814473
1.818957
1.819983
1.821799
1.823117
1.825017
1.824226
1.816700
1.809547
1.809054
1.809740
1.811889
1.813674
1.813807
1.812820
1.813362
1.808545
1.803146
1.804661
1.805877
1.806747
1.803767
1.797494
1.794305
1.795068
1.795802
1.788659
1.784359
1.782688
1.784294
1.785554
1.787717
1.788736
1.789809
1.790518
1.790393
1.791616
1.792634
1.794459
1.795846
1.796128
1.792675
1.787599
1.786197
1.787757
1.789732
1.790922
1.791993
1.792965
1.794099
1.794692
1.796865
1.797911
1.798628
1.799693
1.800702
1.801589
1.802571
1.804272
1.805296
1.806294
1.807284
1.808230
1.809182
1.810837
1.811759
1.812672
1.813529
1.814201
1.812860
1.812629
1.810951
1.805256
1.803890
1.804573
1.805661
1.806955
1.807676
1.809060
1.809975
1.807145
1.798127
1.789200
1.780363
1.771609
1.762946
1.754116
1.745864
1.737446
1.729109
1.720676
1.712673
1.704572
1.696547
1.688598
1.680723
1.672920
1.665191
1.657349
1.649943
1.642423
1.634973
1.627369
1.620270
1.613018
1.605829
1.598566
1.591645
1.584648
1.577709
1.570685
1.564015
1.557256
1.550556
1.543913
1.537327
1.530797
1.524322
1.517902
1.511536
1.505222
1.498961
1.492562
1.486594
1.480487
1.474430
1.468301
1.462464
1.456552
1.450689
1.444655
1.439050
1.433334
1.427687
1.421935
1.416428
1.410905
1.405401
1.399854
1.394541
1.389149
1.383842
1.378408
1.373294
1.368081
1.362907
1.357773
1.352677
1.347618
1.342597
1.337433
1.332668
1.327757
1.322884
1.318046
1.313242
1.308474
1.303741
1.298951
1.294374
1.289743
1.285143
1.280577
1.276042
1.271540
1.267069
1.262630
1.258222
1.253843
1.249496
1.245179
1.240870
1.236603
1.232388
1.228181
1.223999
1.219860
1.215750
1.211581
1.207598
1.203573
1.199579
1.195513
1.191640
1.187717
1.183810
1.179932
1.176077
1.172261
1.168470
1.164694
1.160942
1.157214
1.153510
1.149754
1.146152
1.142519
1.138903
1.135214
1.131774
1.128231
1.124710
1.121154
1.117733
1.114277
1.110842
1.107330
1.104035
1.100664
1.097313
1.093982
1.090647
1.087364
1.084098
1.080791
1.077600
1.074392
1.071199
1.067944
1.064863
1.061729
1.058622
1.055468
1.052427
1.049363
1.046326
1.043246
1.040276
1.037282
1.034316
1.031304
1.028401
1.025479
1.022567
1.019628
1.016814
1.013953
1.011108
1.008228
1.005462
1.002657
0.999887
0.997038
0.994355
0.991620
0.988908
0.986142
0.983498
0.980826
0.978173
0.975474
0.972879
0.970261
0.967668
0.965011
0.962487
0.959921
0.957384
0.954792
0.952312
0.949805
0.947316
0.944823
0.942352
0.939893
0.937457
0.935021
0.932610
0.930202
0.927807
0.925421
0.923048
0.920688
0.918350
0.916009
0.913682
0.911370
0.909081
0.906743
0.904512
0.902245
0.899993
0.897693
0.895517
0.893298
0.891096
0.888837
0.886703
0.884527
0.882368
0.880161
0.878062
0.875922
0.873808
0.871684
0.869598
0.867504
0.865422
0.863281
0.861282
0.859231
0.857188
0.855099
0.853124
0.851111
0.849108
0.847069
0.845121
0.843136
0.841180
0.839214
0.837262
0.835325
0.833393
0.831467
0.829556
0.827649
0.825751
0.823820
0.821989
0.820117
0.818259
0.816346
0.814555
0.812717
0.810895
0.809017
0.807258
0.805453
0.803662
0.801809
0.800081
0.798308
0.796553
0.794765
0.793040
0.791297
0.789571
0.787843
0.786120
0.784411
0.782704
0.780973
0.779320
0.777637
0.775963
0.774276
0.772648
0.770995
0.769349
0.767664
0.766078
0.764453
0.762835
0.761187
0.759619
0.758021
0.756430
0.754846
0.753268
0.751697
0.750132
0.748548
0.747022
0.745477
0.743938
0.742361
0.740879
0.739360
0.737845
0.736312
0.734837
0.733341
0.731852
0.730369
0.728892
0.727420
0.725955
0.724467
0.723042
0.721594
0.720152
0.718716
0.717285
0.715861
0.714441
0.713001
0.711620
0.710217
0.708820
0.707401
0.706043
0.704662
0.703287
0.701889
0.700553
0.699194
0.697840
0.696452
0.695148
0.693809
0.692476
0.691112
0.689825
0.688507
0.687194
0.685845
0.684583
0.683285
0.681992
0.680679
0.679421
0.678142
0.676869
0.675600
0.674336
0.673076
0.671821
0.670544
0.669325
0.668085
0.666849
0.665599
0.664390
0.663167
0.661949
0.660735
0.659526
0.658321
0.657121
0.655894
0.654733
0.653546
0.652363
0.651157
0.650010
0.648830
0.647665
0.646480
0.645341
0.644192
0.643044
0.641878
0.640756
0.639614
0.638485
0.637338
0.636229
0.635108
0.633992
0.632878
0.631767
0.630661
0.629564
0.628443
0.627367
0.626280
0.625194
0.624093
0.623028
0.621955
0.620884
0.619816
0.618750
0.617692
0.616635
0.615564
0.614531
0.613487
