0.000000
0.000000
0.000000
0.000000
0.000000
32.558000
33.810000
38.665000
43.511000
62.090000
79.325000
90.743000
107.388000
123.145000
131.554000
140.167000
151.100000
166.544000
173.441000
184.321000
194.821000
201.716000
213.567000
226.855000
238.008000
247.181000
254.898000
275.223000
282.130000
286.261000
289.113000
293.717000
296.605000
298.451000
304.453000
308.371000
313.409000
318.175000
321.561000
326.335000
330.902000
336.470000
341.644000
350.937000
364.346000
373.841000
383.918000
395.661000
399.231000
402.459000
406.146000
411.282000
413.072000
413.583000
413.717000
414.079000
414.130000
414.222000
415.292000
418.135000
423.543000
426.655000
434.040000
440.620000
449.260000
464.615000
488.417000
499.155000
504.369000
513.500000
526.386000
532.131000
534.982000
539.684000
547.102000
552.403000
558.326000
558.894000
559.147000
560.309000
561.869000
567.510000
573.707000
582.340000
590.130000
597.817000
604.469000
606.786000
607.027000
607.082000
607.153000
607.153000
607.172000
607.383000
609.329000
614.350000
618.065000
621.766000
626.090000
631.691000
634.453000
640.285000
647.019000
649.443000
650.599000
651.288000
651.372000
651.378000
651.398000
651.718000
652.468000
653.608000
654.227000
654.602000
655.149000
656.049000
657.421000
658.917000
660.037000
660.294000
660.484000
661.837000
669.118000
677.414000
680.785000
681.080000
690.259000
699.356000
700.762000
702.538000
713.036000
724.300000
728.826000
734.592000
745.965000
760.247000
762.305000
764.100000
775.637000
780.479000
783.720000
783.868000
784.950000
785.031000
786.513000
786.850000
786.972000
787.017000
787.532000
787.899000
788.024000
788.040000
788.179000
791.712000
799.251000
801.171000
803.642000
809.633000
818.042000
821.461000
822.791000
824.093000
825.164000
825.605000
825.916000
826.083000
826.121000
826.143000
826.146000
826.166000
826.194000
826.211000
826.241000
826.334000
826.400000
826.843000
827.627000
829.928000
831.045000
831.310000
831.472000
831.606000
831.781000
832.097000
832.327000
832.353000
832.532000
832.663000
832.762000
843.316000
847.822000
851.901000
853.519000
853.617000
853.765000
853.891000
853.897000
854.122000
854.813000
856.729000
858.240000
859.214000
859.214000
859.214000
859.214000
859.214000
859.214000
859.214000
859.214000
859.214000
859.214000
859.214000
859.214000
859.214000
859.214000
859.214000
859.214000
859.214000
859.214000
859.214000
859.214000
859.214000
859.214000
859.214000
859.214000
859.214000
859.214000
859.214000
859.214000
859.214000
859.214000
859.214000
859.214000
859.214000
859.214000
859.214000
859.214000
859.214000
859.214000
859.214000
859.214000
859.214000
859.214000
859.214000
859.214000
859.214000
859.214000
859.214000
859.214000
859.214000
859.214000
859.214000
859.214000
859.214000
859.214000
859.214000
859.214000
859.214000
859.214000
859.214000
859.214000
859.214000
859.214000
859.214000
859.214000
859.214000
859.214000
859.214000
859.214000
859.214000
859.214000
859.214000
859.214000
859.214000
859.214000
859.214000
859.214000
859.214000
859.214000
859.214000
859.214000
859.214000
859.214000
859.214000
859.214000
859.214000
859.214000
859.214000
859.214000
859.214000
859.214000
859.214000
859.214000
859.214000
859.214000
859.214000
859.214000
859.214000
859.214000
859.214000
859.214000
859.214000
859.214000
859.214000
859.214000
859.214000
859.214000
859.214000
859.214000
859.214000
859.214000
859.214000
859.214000
859.214000
859.214000
859.214000
859.214000
859.214000
859.214000
859.214000
859.214000
859.214000
859.214000
859.214000
859.214000
859.214000
859.214000
859.214000
859.214000
859.214000
859.214000
859.214000
859.214000
859.214000
859.214000
859.214000
859.214000
859.214000
859.214000
859.214000
859.214000
859.214000
859.214000
859.214000
859.214000
859.214000
859.214000
859.214000
859.214000
859.214000
859.214000
859.214000
859.214000
859.214000
859.214000
859.214000
859.214000
859.214000
859.214000
859.214000
859.214000
859.214000
859.214000
859.214000
859.214000
859.214000
859.214000
859.214000
859.214000
859.214000
859.214000
859.214000
859.214000
859.214000
859.214000
859.214000
859.214000
859.214000
859.214000
859.214000
859.214000
859.214000
859.214000
859.214000
859.214000
859.214000
859.214000
859.214000
859.214000
859.214000
859.214000
859.214000
859.214000
859.214000
859.214000
859.214000
859.214000
859.214000
859.214000
859.214000
859.214000
859.214000
859.214000
859.214000
859.214000
859.214000
859.214000
859.214000
859.214000
859.214000
859.214000
859.214000
859.214000
859.214000
859.214000
859.214000
859.214000
859.214000
859.214000
859.214000
859.214000
859.214000
859.214000
859.214000
859.214000
859.214000
859.214000
859.214000
859.214000
859.214000
859.214000
859.214000
859.214000
859.214000
859.214000
859.214000
859.214000
859.214000
859.214000
859.214000
859.214000
859.214000
859.214000
859.214000
859.214000
859.214000
859.214000
859.214000
859.214000
859.214000
859.214000
859.214000
859.214000
859.214000
859.214000
859.214000
859.214000
859.214000
859.214000
859.214000
859.214000
859.214000
859.214000
859.214000
859.214000
859.214000
859.214000
859.214000
859.214000
859.214000
859.214000
859.214000
859.214000
859.214000
859.214000
859.214000
859.214000
859.214000
859.214000
859.214000
859.214000
859.214000
859.214000
859.214000
859.214000
859.214000
859.214000
859.214000
859.214000
859.214000
859.214000
859.214000
859.214000
859.214000
859.214000
859.214000
859.214000
859.214000
859.214000
859.214000
859.214000
859.214000
859.214000
859.214000
859.214000
859.214000
859.214000
859.214000
859.214000
859.214000
859.214000
859.214000
859.214000
859.214000
859.214000
859.214000
859.214000
859.214000
859.214000
859.214000
859.214000
859.214000
859.214000
859.214000
859.214000
859.214000
859.214000
859.214000
859.214000
859.214000
859.214000
859.214000
859.214000
859.214000
859.214000
859.214000
859.214000
859.214000
859.214000
859.214000
859.214000
859.214000
859.214000
859.214000
859.214000
859.214000
859.214000
859.214000
859.214000
859.214000
859.214000
859.214000
859.214000
859.214000
859.214000
859.214000
859.214000
859.214000
859.214000
859.214000
859.214000
859.214000
859.214000
859.214000
859.214000
859.214000
859.214000
859.214000
859.214000
859.214000
859.214000
859.214000
859.214000
859.214000
859.214000
859.214000
859.214000
859.214000
859.214000
859.214000
859.214000
859.214000
859.214000
859.214000
859.214000
859.214000
859.214000
859.214000
859.214000
859.214000
