1.58295
1.58301
2.08302
2.58306
3.08307
3.60326
4.08315
4.584
5.08404
5.62284
6.08544
6.58573
7.08428
7.61118
8.08486
8.58618
9.08472
9.619
10.0845
10.5871
11.0844
11.615
12.085
12.584
13.0946
13.608
14.0831
14.5866
15.0843
15.6141
16.0831
16.5853
17.0839
17.5983
18.0943
18.5842
19.0837
19.6061
20.0831
20.5857
21.084
21.6056
22.0831
22.5861
23.0892
23.5929
24.0838
24.5933
25.0831
25.5977
26.085
26.5951
27.0831
27.6017
28.084
28.5975
29.083
29.6018
30.0843
30.5837
31.0849
31.6119
32.0842
32.598
33.0831
33.5975
34.1017
34.607
35.0831
35.6082
36.0996
36.6039
37.0841
37.5948
38.0836
38.5844
39.0852
39.5968
40.0835
40.6025
41.0838
41.5909
42.0835
42.6022
43.0833
43.5982
44.0968
44.6011
45.083
45.6056
46.0843
46.5833
47.0831
47.6015
48.0852
48.6062
49.0852
49.5961
50.0837
50.6032
51.083
51.5887
52.0838
52.5894
53.0847
53.608
54.084
54.5834
55.0886
55.5891
56.0837
56.6049
57.083
57.5973
58.0839
58.5837
59.0831
59.6021
60.0838
60.5866
61.0851
61.6035
62.0876
62.5989
63.0831
63.6035
64.0847
64.5844
65.0831
65.6126
66.0873
66.6043
67.0843
67.5942
68.0844
68.6058
69.0856
69.6
70.0849
70.6064
71.0848
71.5936
72.0844
72.5834
73.0836
73.5923
74.0849
74.6013
75.0832
75.5967
76.0847
76.6059
77.085
77.5974
78.0855
78.6038
79.0831
79.6011
80.0879
80.6046
81.0847
81.5882
82.0849
82.6027
83.1026
83.6035
84.0848
84.6043
85.0833
85.5914
86.0847
86.6079
87.0832
87.5905
88.0837
88.6107
89.083
89.5957
90.084
90.5859
91.0859
91.6062
92.0839
92.5834
93.0851
93.5967
94.0846
94.6047
95.0831
95.5919
96.092
96.5973
97.0847
97.5953
98.0845
98.59
99.0959
99.5937
100.084
100.595
101.088
101.592
102.088
102.608
103.086
103.589
104.085
104.597
105.085
105.589
106.084
106.593
107.089
107.591
108.085
108.606
109.089
109.591
110.086
110.596
111.087
111.591
112.086
112.599
113.086
113.592
114.087
114.594
115.087
115.591
116.087
116.595
117.086
117.592
118.088
118.604
119.089
119.591
120.087
120.606
121.09
121.592
122.088
122.6
123.088
123.591
124.089
124.594
125.087
125.592
126.085
126.602
127.087
127.592
128.084
128.594
129.086
129.59
130.086
130.593
131.083
131.59
132.084
132.596
133.086
133.593
134.087
134.587
135.087
135.592
136.087
136.603
137.086
137.59
138.09
138.586
139.09
139.592
140.087
140.594
141.087
141.593
142.087
142.587
143.088
143.592
144.084
144.586
145.086
145.59
146.085
146.606
147.086
147.591
148.085
148.585
149.088
149.592
150.087
150.596
151.085
151.589
152.084
152.595
153.084
153.586
154.085
154.584
155.085
155.587
156.084
156.598
157.083
157.586
158.084
158.593
159.085
159.591
160.087
160.6
161.089
161.592
162.088
162.592
163.088
163.592
164.087
164.599
165.088
165.592
166.085
166.602
167.087
167.589
168.085
168.593
169.086
169.59
170.087
170.599
171.086
171.591
172.085
172.593
173.085
173.591
174.085
174.593
175.085
175.592
176.085
176.593
177.087
177.59
178.087
178.594
179.083
179.589
180.084
180.592
181.083
181.589
182.085
182.598
183.085
183.589
184.084
184.595
185.087
185.589
186.084
186.593
187.085
187.59
188.084
188.596
189.084
189.591
190.084
190.594
191.086
191.591
192.084
192.585
193.086
193.591
194.085
194.601
195.083
195.589
196.085
196.583
197.085
197.59
198.084
198.584
199.086
199.591
200.084
200.595
201.084
201.589
202.086
202.598
203.085
203.591
204.084
204.598
205.085
205.591
206.085
206.596
207.085
207.592
208.085
208.587
209.083
209.59
210.085
210.599
211.085
211.588
212.084
212.596
213.083
213.589
214.085
214.594
215.083
215.591
216.086
216.584
217.085
217.59
218.086
218.585
219.086
219.589
220.087
220.597
221.083
221.589
222.084
222.6
223.084
223.59
224.085
224.599
225.084
225.59
226.084
226.602
227.086
227.592
228.085
228.593
229.086
229.592
230.085
230.604
231.085
231.59
232.088
232.597
233.087
233.593
234.088
234.593
235.086
235.591
236.087
236.598
237.09
237.592
238.087
238.596
239.089
239.59
240.088
240.586
241.089
241.592
242.087
242.592
243.089
243.591
244.087
244.599
245.086
245.591
246.086
246.594
247.087
247.591
248.087
248.602
249.089
249.592
250.089
250.594
251.087
251.594
252.086
252.586
253.087
253.593
254.086
254.594
255.087
255.592
256.085
256.593
257.087
257.591
258.087
258.595
259.087
259.593
260.086
260.599
261.087
261.592
262.086
262.598
263.086
263.591
264.087
264.6
265.087
265.592
266.086
266.594
267.087
267.592
268.086
268.586
269.087
269.592
270.086
270.595
271.087
271.592
272.087
272.591
273.088
273.591
274.088
274.587
275.089
275.592
276.087
276.597
277.089
277.593
278.087
278.595
279.083
279.591
280.087
280.596
281.087
281.591
282.086
282.595
283.086
283.594
284.087
284.594
285.087
285.592
286.087
286.586
287.088
287.592
288.086
288.596
289.087
289.591
290.087
290.595
291.089
291.591
292.087
292.586
293.087
293.591
294.088
294.595
295.088
295.591
