0.002803
0.001788
0.001943
0.001980
0.001959
0.002122
0.002150
0.002154
0.002112
0.002334
0.002409
0.002619
0.003197
0.003140
0.003088
0.003224
0.003264
0.003341
0.003479
0.003688
0.003250
0.003530
0.003411
0.004698
0.003614
0.003533
0.003397
0.003508
0.003324
0.003227
0.003250
0.004030
0.004713
0.002815
0.002858
0.003074
0.002838
0.003030
0.002602
0.003013
0.003162
0.003378
0.003863
0.003899
0.003983
0.003958
0.005165
0.004446
0.004251
0.004007
0.003841
0.004169
0.004094
0.004437
0.003841
0.004182
0.004254
0.004284
0.004217
0.004282
0.004617
0.004635
0.004262
0.003909
0.004314
0.006359
0.003240
0.003302
0.003513
0.003107
0.003417
0.003278
0.003652
0.003551
0.003156
0.003583
0.003232
0.003064
0.003450
0.002908
0.003382
0.003176
0.003076
0.003176
0.003085
0.003050
0.003016
0.003053
0.003183
0.003577
0.003744
0.004012
0.003639
0.003827
0.006128
0.004003
0.004204
0.004416
0.004476
0.004850
0.004262
0.004791
0.004373
0.004342
0.004330
0.005079
0.004452
0.004838
0.004902
0.004773
0.003924
0.003889
0.004145
0.004007
0.003935
0.004051
0.003957
0.003851
0.004356
0.003925
0.003433
0.003488
0.003854
0.003714
0.003600
0.004300
0.003970
0.004048
0.004623
0.004629
0.004588
0.004630
0.004603
0.004432
0.004761
0.004657
0.004845
0.004498
0.004864
0.004791
0.005645
0.006076
0.005503
0.005966
0.005823
0.005573
0.006071
0.005080
0.005116
0.004691
0.005074
0.005357
0.004971
0.005203
0.005221
0.005153
0.004859
0.004879
0.008942
0.005068
0.004534
0.004172
0.004082
0.003944
0.003828
0.004006
0.004478
0.004604
0.005040
0.005794
0.005353
0.006917
0.004936
0.004885
0.004790
0.005640
0.004875
0.004994
0.005077
0.004985
0.004781
0.005145
0.004809
0.004837
0.004770
0.004572
0.004517
0.004501
0.004253
0.004653
0.004358
0.004464
0.005172
0.005219
0.005758
0.005691
0.005602
0.005112
0.005196
0.005387
0.005219
0.005484
0.004984
0.005104
0.005617
0.005890
0.005758
0.005292
0.005445
0.005215
0.004826
0.004718
0.004884
0.004796
0.008989
0.004339
0.004938
0.010717
0.004528
0.004381
0.004411
0.004161
0.004520
0.004055
0.004548
0.004495
0.004716
0.004897
0.004797
0.004915
0.004783
0.004936
0.005233
0.004922
0.005009
0.005320
0.005913
0.005477
0.005168
0.006641
0.005346
0.005284
0.005555
0.004859
0.005093
0.004740
0.004562
0.004785
0.004502
0.004154
0.004623
0.004555
0.004378
0.004494
0.004372
0.004630
0.004925
0.005216
0.005051
0.004923
0.004808
0.004185
0.004563
0.005468
0.005425
0.005354
0.005394
0.005858
0.005747
0.006154
0.006579
0.005746
0.005844
0.006343
0.006035
0.006146
0.005716
0.005816
0.005276
0.005728
0.005424
0.005890
0.005188
0.005442
0.005700
0.005165
0.005118
0.005254
0.005009
0.004879
0.005161
0.005080
0.004903
0.005107
0.007363
0.004774
0.004965
0.005054
0.005377
0.005329
0.004717
0.004771
0.004647
0.004339
0.004602
0.004402
0.004908
0.004352
0.004074
0.004073
0.004331
0.004340
0.004209
0.003881
0.004038
0.003389
0.003463
0.003950
0.004131
0.004335
0.004387
0.006576
0.005110
0.005033
0.005035
0.005270
0.005901
0.005899
0.006035
0.005950
0.006066
0.005342
0.006008
0.005862
0.006090
0.006208
0.005956
0.006366
0.006438
0.005928
0.005977
0.005940
0.006372
0.006697
0.005541
0.005211
0.005533
0.005780
0.005533
0.005609
0.005471
0.005693
0.005902
0.005893
0.005725
0.005742
0.005736
0.005967
0.006110
0.006020
0.005773
0.005983
0.006106
0.006507
0.006526
0.005941
0.006208
0.005901
0.006126
0.005932
0.005923
0.005704
0.005999
0.006387
0.006109
0.006063
0.005950
0.006398
0.006392
0.006695
0.006932
0.006793
0.005973
0.006096
0.005962
0.005659
0.006435
0.007217
0.007156
0.007669
0.007284
0.006704
0.005793
0.005501
0.006735
0.005791
0.005512
0.006054
0.005486
0.005678
0.005536
0.005479
0.004920
0.004916
0.004756
0.004784
0.004945
0.004955
0.005259
0.005715
0.006035
0.006863
0.006418
0.006746
0.006186
0.005860
0.005741
0.006022
0.005988
0.006320
0.005961
0.005785
0.006274
0.006514
0.006701
0.006358
0.006656
0.007334
0.007311
0.007420
0.007065
0.007147
0.007441
0.007282
0.005019
0.004480
0.004565
0.007841
0.007019
0.007239
0.007258
0.007091
0.008022
0.007923
0.015083
0.008092
0.007565
0.007995
0.007231
0.007186
0.007296
0.007415
0.007261
0.008303
0.007613
0.007503
0.007551
0.007853
0.007183
0.007451
0.004827
0.010351
0.008088
0.007668
0.007652
0.007458
0.006593
0.007185
0.006898
0.006578
0.006496
0.005826
0.005627
0.005443
0.005657
0.006454
0.006009
0.005164
0.004999
0.005359
0.005009
0.005253
0.005463
0.004674
0.005543
0.005233
0.005284
0.005392
0.007692
0.005478
0.005148
0.005704
0.005595
0.005083
0.005332
0.005283
0.006372
0.005486
0.004755
0.004744
0.004755
0.005105
0.005131
0.007063
0.005774
0.005681
0.004982
0.005133
0.004942
0.004986
0.005224
0.007911
0.004946
0.005059
0.005620
0.005366
0.006140
0.005594
0.005245
0.005624
0.005702
0.005736
0.005971
0.005913
0.005991
0.005879
0.006757
0.004593
0.004962
0.004481
0.004813
0.003522
0.007550
0.003621
0.005104
0.005020
0.005537
0.004813
0.004986
0.005086
0.005261
0.005150
0.005192
0.009331
0.004946
0.005470
0.005172
0.005441
0.005395
0.005327
0.003953
0.003310
0.003567
0.004518
0.003801
0.006286
0.003598
0.005163
0.005122
0.010831
0.005319
0.005820
0.005176
0.005399
0.005481
0.005327
0.005549
0.005695
0.005081
0.005703
0.005576
0.005629
0.005384
0.005751
0.005639
0.005367
0.005167
0.007595
0.005216
0.004837
0.005528
0.005711
0.005093
0.004991
0.005442
0.005309
0.005380
0.005258
0.005209
0.005050
0.005623
0.005097
0.005473
0.005447
0.005337
0.005686
0.005582
0.005486
0.005764
0.005648
0.005700
0.013661
0.005186
0.005188
0.005414
0.005297
0.007885
0.005302
0.004919
0.004988
0.005339
0.005092
0.005045
0.005054
0.004997
0.004786
0.007635
0.005255
0.004721
0.004987
0.005209
0.005250
0.004848
0.004672
0.004930
0.004948
0.005527
0.006042
0.006187
0.004431
0.004792
0.004746
0.005415
0.004786
0.004363
0.008745
0.004162
0.004411
0.004038
0.005334
0.004114
0.004236
0.005385
0.003990
0.010046
0.003970
0.008910
0.004380
0.007688
0.006742
0.006708
0.008646
0.005960
0.005569
0.005603
0.005424
0.004859
0.005011
0.005136
0.005168
0.004939
0.004866
0.004984
0.004746
0.008039
0.005106
0.005123
0.004911
0.005001
0.005073
0.005717
0.005371
0.005019
0.005251
0.005285
0.005402
0.008975
0.004854
0.005482
0.005053
0.005078
0.005815
0.004973
0.005429
0.005518
0.004820
0.005060
0.004802
0.004542
0.004733
0.004899
0.005148
0.004984
0.004251
0.004846
0.004329
0.005021
0.004483
0.004936
0.004606
0.004598
0.004913
0.004673
0.004542
0.003439
0.003621
0.004087
0.003547
0.003590
0.003649
0.003967
0.005593
0.005282
0.007001
0.005160
0.005131
0.005409
0.005956
0.005285
0.005849
0.006905
0.006480
