0.000000
0.000000
0.233333
0.733333
1.286667
1.926667
2.509957
3.389994
4.367858
5.358451
6.344091
7.230575
8.130822
9.119221
10.068268
10.675816
10.981331
11.206645
12.010662
13.091876
14.053914
15.051841
16.063407
16.993889
17.976886
19.017650
19.921465
20.899675
21.887038
22.870057
23.837818
24.833984
25.868508
26.784751
27.676236
28.650518
29.638944
30.621536
31.636613
32.554876
33.506913
34.498725
35.468508
36.283536
37.200418
38.256445
39.150928
39.653815
39.988431
40.555584
41.454488
42.432317
43.495380
44.478483
45.078557
45.651736
46.666599
47.658112
48.714234
49.695816
50.648716
51.650258
52.630989
53.615158
54.595436
55.656783
56.641674
57.663534
58.652504
59.613326
60.545448
61.296383
62.079746
63.028222
64.008453
65.066970
66.047712
67.041510
68.098887
69.073028
70.051285
71.050722
72.016626
73.017904
73.985806
75.034962
76.027007
76.973265
77.882710
78.773188
79.741886
80.766801
81.756403
82.761298
83.757649
84.695734
85.674652
86.666016
87.699369
88.469935
89.082918
89.859397
90.840747
91.793732
92.812231
93.697524
94.505313
95.491718
96.469440
97.417730
98.138740
98.858937
99.791618
100.833958
101.594763
102.258445
102.909469
103.766664
104.820493
105.763035
106.717522
107.360696
107.601059
108.385762
109.465547
110.459201
111.447848
112.426285
113.140162
113.958421
114.942908
115.985158
116.953831
117.942145
118.921874
119.916970
120.796493
121.489045
122.466903
123.455967
124.444915
125.421596
126.343688
127.135625
128.194832
129.139873
129.968190
131.013524
131.957530
132.890754
133.844496
134.881513
135.869828
136.863526
137.667314
138.107022
138.712856
139.692056
140.689054
141.655562
142.544929
143.508239
144.412610
144.916142
145.231103
146.045411
147.026555
148.018136
148.993867
149.891913
150.937418
151.920324
152.920370
153.841189
154.788440
155.776316
156.745245
157.830919
158.822483
159.809451
160.802482
161.788615
162.772776
163.777945
164.824500
165.814622
166.784841
167.771910
168.757058
169.768221
170.742136
171.652083
172.631853
173.619256
174.349871
175.011525
175.951020
177.013818
177.997360
178.995599
180.002294
180.993831
181.988006
183.051999
184.047359
185.032128
186.016319
186.833139
187.533745
188.342054
189.132584
190.013504
191.026760
191.998417
192.984039
193.955399
194.926996
195.965408
196.954462
197.939065
198.924456
199.926119
200.909744
201.922634
202.892260
203.671592
204.619691
205.549223
206.485480
207.406076
208.284049
209.258078
210.217895
211.108693
212.077519
213.058377
214.100344
215.073420
215.937994
216.891382
217.740830
218.537654
219.524068
220.576050
221.529899
222.598126
223.584477
224.549981
225.536322
226.508030
227.461467
228.237399
228.990861
229.922197
230.911108
231.882104
232.861654
233.833363
234.822191
235.807183
236.789633
237.779678
238.768675
239.825996
240.815216
241.801545
242.625076
243.115452
243.876962
244.927742
245.903413
246.580822
246.872157
247.587906
248.528540
249.536005
250.581108
251.546136
252.474112
253.502249
254.498931
255.491293
256.480823
257.536419
258.704098
259.713827
260.693249
261.580271
261.998035
262.640480
263.584881
264.561230
265.035459
265.305890
266.123574
266.982388
267.976379
268.961522
269.941111
270.910423
271.902730
272.900162
273.953834
274.947339
275.868423
276.760598
277.717800
278.489873
279.372365
280.435188
281.431846
282.422580
283.408759
284.393397
285.384165
286.368437
287.420692
288.413415
289.385901
290.366901
291.349726
292.328486
293.386245
294.377822
295.368084
296.309586
297.217880
298.180590
299.154662
300.224084
301.241748
302.224249
303.210263
304.199093
305.191785
306.221171
307.215048
308.199263
309.185514
310.153710
311.135564
312.126410
313.176680
314.163436
315.153817
316.144663
317.134987
318.119414
319.071109
319.553044
319.893699
320.700070
321.675345
322.670883
323.657325
324.714978
325.705371
326.696121
327.686745
328.671458
329.665104
330.655136
331.694171
332.545328
332.962226
333.337207
334.197038
335.188997
336.239680
337.226973
338.217985
339.207908
340.194760
341.136836
342.064478
343.126423
344.109753
345.092394
345.981916
346.925032
347.933302
348.913530
349.970643
350.956963
351.943649
352.935463
353.921156
354.906581
355.792994
356.739927
357.731564
358.715976
359.706017
360.694524
361.688822
362.360772
362.679961
363.458097
364.450784
365.091779
365.978568
366.946112
367.253775
367.904341
368.725163
369.325521
370.251500
371.222578
372.379200
373.557867
374.744711
375.843595
376.799796
377.785130
378.775407
379.827523
380.818271
381.808372
382.803775
383.788884
384.781890
385.839475
386.829371
387.820274
388.810065
389.800516
390.790629
391.766628
392.807456
393.799550
394.792711
395.778730
396.765265
397.722902
398.737901
399.678540
400.639769
401.566423
402.553864
403.521069
404.521356
405.586524
406.569223
407.229812
407.532159
408.247334
409.223057
410.331160
411.415412
412.365304
413.357773
414.352390
415.349630
416.272807
417.002342
417.230452
417.749980
418.559059
419.506978
420.497928
421.492287
422.548176
423.537988
424.528681
425.518960
426.509195
427.499295
428.556301
429.547175
430.535589
431.517758
432.501103
433.512399
434.573513
435.648776
436.633812
437.624705
438.619522
439.611512
440.599061
441.590049
442.647634
443.635640
444.624025
445.611826
446.603075
447.593242
448.650414
449.632685
450.600938
451.617140
452.577087
453.413181
454.141739
455.107611
456.097448
457.043928
457.492046
457.796157
458.599410
459.661229
460.652185
461.619423
462.591489
463.561209
464.273229
465.137187
466.065762
466.500692
466.874194
467.470433
467.850638
468.215298
468.696512
469.655535
470.646598
471.608220
472.585288
473.578763
474.372928
474.680266
475.122522
475.980283
476.968405
477.879471
478.667709
479.148090
479.608357
480.493360
481.492927
482.474105
483.458071
484.448189
485.503091
486.493635
487.483632
488.473129
489.463624
490.453971
491.443085
492.498781
493.486548
494.477508
495.466482
496.456304
497.446607
498.436736
499.491855
500.476386
501.469953
502.456428
503.413388
504.357714
505.386575
506.374463
507.363570
508.343306
509.329235
510.322593
511.306511
512.362584
513.348659
514.073675
514.795809
515.523613
516.468693
517.525818
518.497997
519.483317
520.260990
521.158155
522.144474
523.071856
524.123072
525.108286
526.115445
527.093808
528.095713
529.089076
530.077092
531.145934
532.133979
533.123134
534.094224
534.604274
534.890916
535.754632
536.730797
537.721492
538.710881
539.700808
540.691373
541.682697
542.738909
543.730298
544.718895
545.678396
546.636490
547.605511
548.661814
549.650636
550.609314
551.449174
552.135314
553.034571
553.997992
555.022351
556.030862
556.814372
557.621811
558.391912
559.191779
560.116955
561.171973
562.162259
563.151843
564.142057
565.133150
566.121464
567.168136
568.154091
569.145500
570.132000
571.115811
572.105209
573.095578
574.162660
575.319188
576.862667
578.501662
579.944063
581.532721
582.969649
584.243512
585.344491
586.544040
587.795449
588.767965
589.764732
590.821713
591.813204
592.802852
593.791578
594.782945
595.796578
596.782470
597.843066
598.931073
599.943490
600.928906
