2.12031
2.6329
3.12013
3.62369
4.12028
4.63412
5.12013
5.62025
6.12015
6.62213
7.12026
7.62011
8.12026
8.6223
9.1205
9.62057
10.1201
10.6239
11.1201
11.6202
12.1203
12.6292
13.1202
13.6203
14.1203
14.6295
15.1202
15.6201
16.1201
16.6222
17.1201
17.6202
18.1201
18.6268
19.1201
19.6201
20.1201
20.6244
21.1201
21.6202
22.1295
22.6235
23.1203
23.6333
24.1203
24.633
25.1201
25.6206
26.1313
26.6217
27.1202
27.6203
28.1202
28.6244
29.1202
29.6202
30.1202
30.6237
31.1201
31.6202
32.1202
32.6269
33.1202
33.6201
34.1202
34.6255
35.1202
35.6317
36.1214
36.6289
37.1204
37.6202
38.1215
38.6264
39.1202
39.6201
40.1216
40.6284
41.1223
41.621
42.1202
42.6234
43.1202
43.6329
44.1229
44.6275
45.1243
45.6241
46.1229
46.6238
47.1223
47.6252
48.1275
48.633
49.1277
49.6279
50.1245
50.6285
51.1244
51.6279
52.1409
52.6241
53.1243
53.63
54.127
54.6276
55.1278
55.6363
56.1256
56.6254
57.132
57.6325
58.1356
58.6296
59.1326
59.6315
60.1219
60.6291
61.1352
61.6381
62.13
62.6288
63.1328
63.634
64.1454
64.6329
65.1345
65.6347
66.1371
66.632
67.1375
67.6249
68.1281
68.6444
69.137
69.6333
70.1363
70.6395
71.1353
71.6323
72.1429
72.6399
73.1264
73.6374
74.1377
74.6386
75.1323
75.6317
76.127
76.6382
77.1313
77.6375
78.1375
78.6353
79.1372
79.6381
80.1379
80.6395
81.1321
81.6364
82.135
82.6457
83.1363
83.6383
84.1318
84.6446
85.1368
85.6549
86.1264
86.6375
87.1375
87.637
88.1377
88.6377
89.1368
89.6376
90.1394
90.631
91.1344
91.6382
92.1252
92.6263
93.1373
93.6365
94.1246
94.638
95.1264
95.6365
96.1251
96.6416
97.1244
97.6302
98.1237
98.6206
99.1211
99.6333
100.14
100.628
101.132
101.633
102.123
102.621
103.133
103.631
104.122
104.634
105.136
105.633
106.129
106.624
107.122
107.632
108.124
108.622
109.123
109.635
110.123
110.627
111.123
111.631
112.123
112.625
113.136
113.637
114.129
114.635
115.136
115.638
116.13
116.625
117.132
117.638
118.149
118.637
119.133
119.637
120.129
120.635
121.137
121.634
122.149
122.638
123.138
123.637
124.142
124.642
125.137
125.638
126.138
126.641
127.138
127.638
128.135
128.641
129.133
129.636
130.138
130.64
131.138
131.638
132.139
132.642
133.137
133.638
134.137
134.645
135.138
135.638
136.138
136.641
137.138
137.636
138.135
138.638
139.137
139.634
140.138
140.637
141.137
141.647
142.137
142.638
143.138
143.649
144.137
144.638
145.157
145.638
146.138
146.642
147.137
147.65
148.137
148.638
149.138
149.647
150.138
150.639
151.15
151.647
152.139
152.639
153.138
153.647
154.137
154.639
155.138
155.639
156.138
156.639
157.137
157.645
158.139
158.639
159.143
159.648
160.138
160.637
161.141
161.649
162.162
162.638
163.137
163.649
164.138
164.638
165.138
165.65
166.139
166.638
167.139
167.656
168.138
168.639
169.141
169.643
170.138
170.638
171.138
171.639
172.138
172.639
173.147
173.65
174.139
174.638
175.137
175.649
176.162
176.638
177.139
177.638
178.138
178.638
179.137
179.637
180.138
180.639
181.138
181.64
182.137
182.638
183.146
183.637
184.137
184.666
185.138
185.643
186.138
186.639
187.137
187.641
188.138
188.638
189.138
189.64
190.138
190.638
191.138
191.661
192.138
192.637
193.138
193.647
194.138
194.638
195.14
195.639
196.14
196.638
197.138
197.65
198.139
198.639
199.137
199.638
200.138
200.639
201.137
201.639
202.139
202.639
203.138
203.659
204.137
204.637
205.137
205.637
206.137
206.638
207.146
207.636
208.137
208.638
209.138
209.634
210.138
210.638
211.135
211.63
212.134
212.63
213.138
213.636
214.138
214.638
215.132
215.639
216.129
216.632
217.134
217.641
218.135
218.638
219.129
219.631
220.133
220.629
221.137
221.64
222.132
222.641
223.129
223.631
224.128
224.627
225.136
225.641
226.133
226.638
227.131
227.633
228.132
228.625
229.129
229.626
230.126
230.638
231.125
231.63
232.128
232.625
233.123
233.627
234.129
234.626
235.128
235.625
236.124
236.632
237.136
237.65
238.144
238.633
239.121
239.631
240.126
240.624
241.13
241.654
242.131
242.629
243.124
243.633
244.124
244.63
245.13
245.634
246.126
246.63
247.126
247.632
248.125
248.627
249.132
249.634
250.125
250.625
251.122
251.62
252.123
252.626
253.132
253.62
254.125
254.626
255.126
255.63
256.129
256.633
257.129
257.625
258.129
258.629
259.122
259.632
260.12
260.623
261.13
261.621
262.123
262.624
263.121
263.635
264.12
264.626
265.12
265.62
266.12
266.623
267.12
267.621
268.12
268.62
269.12
269.62
270.12
270.62
271.12
271.62
272.12
272.62
273.12
273.62
274.12
274.62
275.12
275.62
276.12
276.621
277.12
277.62
278.12
278.62
279.12
279.62
280.12
280.62
281.12
281.62
282.12
282.62
283.12
283.62
284.12
284.621
285.12
285.625
286.12
286.62
287.12
287.631
288.12
288.621
289.12
289.62
290.12
290.624
291.12
291.62
292.12
292.621
293.123
293.624
294.123
294.639
295.12
295.62
296.12
296.62
297.12
297.62
298.12
298.624
299.12
299.626
300.12
300.633
301.12
301.62
302.123
302.62
303.12
303.62
304.12
304.62
305.12
305.637
306.12
306.62
307.12
307.632
308.12
308.62
309.12
309.62
310.12
310.62
311.12
311.62
312.12
312.62
313.12
313.62
314.12
314.62
315.12
315.62
316.12
316.62
317.12
317.624
318.12
318.62
319.12
319.631
320.12
320.62
321.12
321.62
322.12
322.62
323.12
323.62
324.12
324.62
325.12
325.62
326.12
326.62
