0.007674
0.007417
0.005535
0.007443
0.008028
0.009379
0.008812
0.009156
0.008386
0.008041
0.006295
0.005512
0.007030
0.007431
0.008721
0.007183
0.007272
0.006485
0.007563
0.007090
0.005764
0.007535
0.006295
0.006461
0.007288
0.006926
0.007427
0.008267
0.006018
0.006899
0.006416
0.006432
0.007461
0.006707
0.008825
0.008084
0.008156
0.005383
0.008452
0.007867
0.005642
0.007432
0.007169
0.008348
0.008626
0.007533
0.006415
0.007184
0.005664
0.006246
0.008907
0.006077
0.009726
0.007203
0.007972
0.005648
0.006129
0.007047
0.007351
0.007806
0.008818
0.005908
0.006607
0.009771
0.008310
0.014112
0.007957
0.007884
0.006228
0.006471
0.007747
0.006660
0.005488
0.010703
0.008542
0.007800
0.006296
0.006390
0.005239
0.007192
0.007022
0.005765
0.006590
0.007346
0.007312
0.008084
0.005341
0.006580
0.006918
0.007445
0.008118
0.009112
0.006950
0.005934
0.006704
0.008624
0.007180
0.007284
0.006817
0.005732
0.006277
0.005805
0.008784
0.007303
0.005550
0.008297
0.004499
0.006269
0.007679
0.007282
0.004267
0.004578
0.004737
0.007084
0.006076
0.007591
0.008578
0.006804
0.009457
0.005429
0.008979
0.008509
0.010814
0.006463
0.007886
0.007527
0.007695
0.009295
0.006366
0.006829
0.008254
0.006325
0.008510
0.009133
0.008089
0.008669
0.007473
0.006635
0.006809
0.008886
0.009027
0.006621
0.008209
0.006624
0.007589
0.007951
0.007943
0.007510
0.006486
0.006110
0.008615
0.006985
0.007207
0.004894
0.006352
0.006913
0.006485
0.008809
0.007927
0.008601
0.008845
0.009072
0.009381
0.007212
0.011801
0.006337
0.009183
0.009097
0.008595
0.007757
0.005703
0.006144
0.007627
0.007279
0.007097
0.006286
0.007255
0.005852
0.007467
0.007109
0.002912
0.007310
0.006678
0.005378
0.008975
0.007130
0.008059
0.004874
0.007819
0.005709
0.008266
0.009487
0.008748
0.007557
0.007464
0.006533
0.007630
0.007452
0.008852
0.008448
0.009038
0.012323
0.010510
0.010023
0.005890
0.009968
0.009377
0.008768
0.007171
0.008786
0.009652
0.005635
0.006965
0.008279
0.011018
0.011152
0.011933
0.012983
0.010446
0.007052
0.006269
0.007946
0.007315
0.005702
0.007330
0.007469
0.005252
0.007771
0.005116
0.007545
0.007227
0.006407
0.006950
0.006020
0.006126
0.007573
0.007342
0.006316
0.007611
0.006673
0.006601
0.008017
0.009494
0.009992
0.006440
0.008617
0.006242
0.007492
0.008538
0.008310
0.006187
0.005433
0.009478
0.008538
0.007945
0.009457
0.008406
0.005592
0.006687
0.006728
0.005569
0.006856
0.007729
0.005458
0.008698
0.008258
0.008908
0.006471
0.007077
0.006739
0.008919
0.009204
0.008722
0.007156
0.008290
0.006857
0.007136
0.005836
0.008113
0.008294
0.005969
0.006208
0.007419
0.012470
0.007267
0.006046
0.007382
0.005865
0.006061
0.005934
0.006209
0.005740
0.005782
0.005661
0.007639
0.005702
0.005813
0.006741
0.006122
0.006287
0.008739
0.006526
0.006618
0.006043
0.007748
0.007602
0.005038
0.007100
0.007031
0.007003
0.007880
0.005599
0.006023
0.008532
0.009703
0.006949
0.004891
0.007380
0.006129
0.008468
0.004608
0.007352
0.006533
0.007032
0.009524
0.006928
0.007672
0.007411
0.006035
0.007496
0.006529
0.008074
0.008019
0.009134
0.007963
0.008270
0.006336
0.007690
0.009568
0.006770
0.007090
0.006308
0.007591
0.007530
0.005899
0.008581
0.008497
0.008216
0.007616
0.008749
0.008964
0.007670
0.007896
0.007561
0.009675
0.007551
0.007629
0.006980
0.005618
0.009882
0.008690
0.007009
0.006693
0.009584
0.005507
0.005137
0.005635
0.007324
0.005229
0.007888
0.006913
0.007729
0.007905
0.007188
0.006286
0.006426
0.007153
0.008614
0.007677
0.007560
0.007093
0.005373
0.008688
0.006598
0.007598
0.007526
0.006146
0.007338
0.005924
0.006955
0.006522
0.008638
0.007405
0.007626
0.007292
0.005895
0.007150
0.007596
0.006517
0.009375
0.006360
0.009027
0.005504
0.003800
0.007688
0.006864
0.004037
0.008849
0.010832
0.011291
0.007131
0.007593
0.008635
0.007253
0.008543
0.006458
0.008661
0.007748
0.009444
0.011004
0.009974
0.009946
0.007244
0.008460
0.005724
0.008306
0.006075
0.006975
0.007232
0.007178
0.007367
0.005696
0.007974
0.007837
0.008600
0.007775
0.007725
0.006426
0.008624
0.008251
0.007646
0.008620
0.005662
0.006841
0.008810
0.009702
0.006753
0.011600
0.011563
0.011617
0.011313
0.011126
0.011299
0.011186
0.010637
0.008950
0.007443
0.006206
0.008005
0.010070
0.007368
0.010974
0.008456
0.010822
0.009336
0.008716
0.008492
0.008836
0.009660
0.010410
0.009519
0.007765
0.007879
0.007216
0.006774
0.007047
0.007438
0.008181
0.007252
0.006914
0.006418
0.008166
0.006650
0.007689
0.005757
0.008482
0.006300
0.007055
0.007368
0.007733
0.007313
0.008097
0.006795
0.006276
0.007164
0.007078
0.007377
0.007667
0.005995
0.008355
0.007866
0.006369
0.006141
0.006014
0.005023
0.006985
0.005345
0.005594
0.005877
0.005891
0.005862
0.005447
0.005600
0.005748
0.007971
0.008646
0.006258
0.009392
0.009762
0.006209
0.005385
0.007782
0.006355
0.010783
0.009658
0.008669
0.009593
0.006846
0.008337
0.007231
0.007805
0.004962
0.006786
0.003655
0.010147
0.010433
0.012093
0.010911
0.010166
0.012029
0.011617
0.006271
0.011735
0.012170
0.009854
0.009778
0.005752
0.010611
0.005095
0.012363
0.008313
0.008680
0.008761
0.008559
0.008826
0.006604
0.006672
0.013637
0.012547
0.011096
0.010527
0.008322
0.007312
0.008461
0.008291
0.008669
0.008607
0.008726
0.008611
0.006929
0.008632
0.006585
0.006046
0.006616
0.004064
0.007567
0.006258
0.006327
0.005565
0.007771
0.007897
0.004881
0.007639
0.007740
0.005985
0.005498
0.003923
0.007001
0.007413
0.005169
0.008777
0.007169
0.006417
0.005938
0.006680
0.006486
0.008696
0.007969
0.008660
0.007658
0.008550
0.012164
0.007104
0.005733
0.008266
0.004065
0.008279
0.004682
0.008788
0.006839
0.004736
0.008658
0.008685
0.004944
0.009469
0.010320
0.010450
0.009521
0.007775
0.007721
0.006353
0.006948
0.005553
0.005977
0.007483
0.006511
0.006939
0.006121
0.006902
0.006804
0.006026
0.006428
0.007415
0.007676
0.007034
0.005738
0.007566
0.006808
0.007285
0.006193
0.007351
0.005383
0.009386
0.005032
0.006953
0.006168
0.006457
0.006941
0.010158
0.007929
0.007108
0.006705
0.007807
0.007955
0.006379
0.005644
0.007784
0.005716
0.007680
0.009091
0.005717
0.007254
0.007900
0.009069
0.008486
0.007557
0.005901
0.005965
0.007092
0.007134
0.006843
0.008060
0.007265
0.005812
0.006530
0.006002
0.006339
0.007858
0.009963
0.008590
0.007331
0.007777
0.008038
0.007535
0.006806
0.006408
0.007526
0.007417
0.008147
0.007874
0.006919
0.009046
0.007214
0.009237
0.005766
0.005972
0.005728
0.007829
0.005673
0.008650
0.006832
0.006152
0.004445
0.008160
0.005319
0.005229
0.005346
0.007324
0.007563
0.005219
0.009502
0.009379
0.007666
0.006987
0.009562
0.006002
0.011996
0.007883
0.007472
0.007883
0.007138
0.002067
