0.000000
0.000000
0.002000
0.002000
0.678000
46.050000
51.491000
61.927000
69.001000
79.432000
85.700000
92.537000
96.899000
104.117000
109.130000
123.682000
139.003000
148.855000
155.808000
170.732000
181.875000
190.134000
200.612000
211.264000
222.168000
237.484000
251.435000
278.493000
290.690000
297.749000
300.151000
303.857000
308.820000
319.126000
326.277000
329.795000
333.276000
337.308000
340.862000
352.054000
357.211000
362.212000
372.924000
399.739000
410.679000
419.299000
438.229000
450.800000
454.213000
455.906000
457.879000
468.420000
468.939000
469.372000
469.586000
473.506000
476.284000
479.605000
492.411000
497.860000
505.078000
526.571000
539.588000
554.659000
566.525000
583.543000
591.997000
597.777000
601.773000
606.604000
609.679000
618.589000
621.418000
622.099000
625.207000
629.605000
633.286000
639.508000
647.984000
663.206000
676.240000
687.347000
697.792000
704.609000
707.492000
714.521000
721.710000
734.318000
743.538000
749.908000
754.438000
760.706000
767.616000
774.309000
782.658000
794.273000
805.477000
820.582000
832.461000
841.791000
843.282000
844.036000
844.287000
844.565000
844.743000
861.172000
872.547000
879.043000
884.811000
894.480000
902.244000
919.967000
927.414000
937.405000
942.255000
946.755000
949.898000
957.724000
975.916000
981.384000
984.706000
992.021000
999.028000
1006.774000
1008.314000
1012.170000
1022.030000
1039.508000
1045.760000
1062.239000
1067.274000
1074.891000
1086.425000
1102.636000
1120.881000
1130.422000
1137.514000
1150.662000
1161.266000
1172.096000
1183.206000
1196.080000
1203.982000
1210.674000
1213.622000
1216.112000
1220.527000
1224.715000
1225.985000
1232.363000
1240.108000
1243.898000
1250.374000
1251.923000
1252.277000
1252.577000
1252.662000
1252.852000
1252.963000
1253.201000
1255.681000
1267.314000
1271.278000
1273.295000
1273.794000
1274.163000
1274.246000
1274.449000
1274.560000
1274.746000
1274.878000
1274.901000
1276.583000
1285.744000
1299.867000
1311.852000
1315.221000
1321.887000
1324.457000
1325.398000
1326.660000
1327.152000
1327.489000
1328.276000
1330.132000
1334.251000
1338.445000
1344.450000
1347.141000
1348.386000
1353.136000
1357.099000
1359.358000
1363.457000
1371.038000
1374.898000
1376.211000
1377.045000
1377.390000
1377.474000
1377.497000
1377.504000
1378.280000
1379.525000
1379.613000
1379.663000
1379.715000
1379.947000
1384.295000
1386.759000
1390.652000
1398.444000
1403.481000
1416.839000
1429.929000
1440.266000
1448.799000
1457.512000
1463.853000
1468.046000
1472.483000
1479.371000
1487.174000
1496.307000
1504.947000
1518.337000
1526.655000
1531.980000
1538.523000
1547.255000
1555.910000
1560.824000
1563.548000
1580.760000
1604.971000
1621.047000
1632.364000
1644.499000
1650.582000
1657.074000
1660.984000
1666.087000
1675.396000
1686.204000
1690.081000
1696.391000
1704.348000
1719.780000
1729.387000
1734.134000
1738.075000
1742.201000
1745.956000
1752.497000
1762.995000
1776.216000
1780.912000
1784.898000
1796.006000
1807.193000
1814.921000
1829.919000
1847.563000
1852.548000
1859.024000
1874.614000
1889.463000
1892.987000
1894.392000
1900.704000
1904.809000
1911.274000
1914.795000
1916.037000
1916.233000
1916.310000
1924.996000
1933.956000
1938.857000
1947.275000
1954.025000
1960.379000
1964.052000
1969.415000
1975.244000
1984.877000
1998.084000
2023.170000
2029.458000
2033.131000
2033.610000
2033.869000
2034.311000
2037.854000
2041.746000
2044.888000
2062.723000
2072.839000
2083.978000
2098.944000
2107.310000
2112.427000
2116.948000
2119.712000
2123.036000
2128.733000
2133.522000
2138.798000
2145.293000
2152.777000
2162.096000
2175.841000
2187.708000
2199.987000
2207.755000
2217.316000
2238.582000
2248.663000
2252.342000
2258.285000
2269.796000
2279.295000
2286.372000
2297.000000
2307.964000
2320.639000
2330.422000
2336.026000
2338.151000
2341.972000
2348.036000
2359.677000
2376.695000
2389.719000
2396.247000
2403.718000
2409.182000
2411.279000
2416.564000
2424.779000
2432.124000
2440.966000
2448.551000
2454.022000
2464.471000
2475.970000
2480.119000
2486.371000
2490.903000
2497.099000
2498.521000
2498.670000
2498.714000
2499.066000
2499.234000
2499.242000
2499.245000
2499.267000
2499.359000
2499.396000
2500.220000
2501.115000
2503.439000
2510.226000
2517.871000
2520.091000
2520.661000
2520.800000
2521.148000
2521.262000
2521.353000
2521.373000
2521.394000
2521.433000
2522.204000
2527.622000
2531.013000
2536.562000
2542.477000
2556.932000
2568.698000
2578.287000
2584.586000
2590.317000
2594.881000
2599.685000
2604.362000
2611.992000
2625.882000
2647.975000
2651.183000
2656.452000
2661.965000
2663.451000
2663.675000
2666.409000
2673.930000
2675.819000
2676.118000
2677.722000
2685.358000
2687.005000
2689.475000
2693.468000
2694.303000
2694.368000
2694.438000
2694.483000
2694.559000
2694.589000
2694.681000
2694.684000
2696.259000
2698.379000
2698.991000
2699.368000
2699.594000
2699.607000
2699.660000
2699.680000
2699.712000
2699.713000
2699.715000
2699.837000
2700.537000
2701.978000
2702.154000
2702.309000
2703.563000
2705.758000
2705.857000
2706.125000
2707.451000
2710.373000
2711.755000
2719.983000
2736.642000
2737.946000
2739.169000
2746.235000
2749.947000
2754.162000
2757.609000
2762.273000
2765.799000
2766.499000
2766.762000
2766.765000
2766.789000
2766.922000
2766.983000
2767.011000
2767.025000
2767.115000
2768.416000
2778.332000
2781.936000
2782.159000
2782.165000
2782.219000
2782.233000
2782.235000
2782.262000
2782.274000
2782.275000
2782.275000
2782.275000
2782.294000
2782.311000
2782.385000
2782.439000
2782.440000
2782.442000
2782.449000
2782.455000
2782.518000
2782.750000
2782.836000
2782.840000
2782.840000
2782.856000
2783.025000
2783.033000
2783.110000
2783.181000
2783.310000
2783.517000
2783.972000
2783.996000
2784.074000
2784.196000
2785.171000
2793.558000
2806.006000
2813.578000
2819.457000
2822.118000
2831.176000
2835.319000
2835.523000
2835.610000
2835.742000
2836.957000
2841.697000
2844.548000
2847.406000
2854.316000
2861.862000
2867.040000
2868.929000
2869.149000
2869.161000
2869.162000
2869.162000
2869.162000
2869.163000
2869.163000
2869.518000
2870.093000
2870.276000
2875.951000
2890.489000
2897.487000
2901.159000
2902.967000
2911.823000
2912.842000
2915.376000
2917.636000
2917.849000
2918.278000
2918.393000
2918.493000
2918.495000
2918.496000
2918.496000
2918.503000
2918.517000
2918.519000
2918.537000
2918.555000
2918.574000
2918.576000
2918.578000
2918.594000
2918.645000
2918.716000
2918.746000
2918.771000
2918.798000
2918.827000
2918.836000
2918.884000
2918.894000
2918.894000
2918.988000
2919.011000
2919.037000
2919.041000
2919.068000
2919.138000
2919.155000
2919.164000
2920.020000
2921.174000
2921.633000
2921.925000
2924.710000
2932.097000
2940.171000
2947.880000
2958.297000
2977.024000
2981.518000
2984.147000
2989.896000
2996.792000
3002.249000
3005.315000
3008.123000
3010.366000
3015.652000
3020.908000
3027.604000
3031.691000
3035.712000
3036.615000
3036.851000
3036.870000
3036.870000
3036.870000
3036.870000
3036.870000
3036.874000
3036.874000
3037.429000
3040.478000
3046.314000
3050.535000
3057.158000
3064.146000
3068.939000
3072.768000
3091.898000
3093.743000
3097.425000
3102.394000
3109.368000
3111.334000
3117.559000
3123.391000
3127.493000
3128.000000
3128.414000
3128.476000
3128.478000
3128.502000
3128.520000
3128.521000
3128.521000
3128.521000
3128.521000
3128.521000
3128.521000
3128.521000
3128.521000
3128.522000
3128.577000
3128.617000
3128.625000
3128.627000
3128.788000
3129.256000
3129.322000
3129.339000
3129.467000
3129.713000
3130.897000
3135.173000
3136.366000
3136.756000
3136.884000
3136.889000
3137.057000
3137.344000
3137.574000
3137.636000
3137.741000
3137.773000
3140.346000
3142.317000
3144.665000
