0.003913
0.004593
0.004928
0.004594
0.006908
0.006811
0.004813
0.004138
0.005007
0.005020
0.006365
0.003949
0.004717
0.006490
0.006202
0.005162
0.005817
0.006704
0.007193
0.006745
0.005483
0.004993
0.004299
0.004232
0.004287
0.004094
0.004244
0.004195
0.004165
0.004096
0.003291
0.003458
0.004242
0.003840
0.004829
0.004580
0.004175
0.003878
0.003961
0.003762
0.004265
0.003806
0.004574
0.005183
0.003188
0.009090
0.008388
0.010300
0.006295
0.004770
0.004747
0.004931
0.006525
0.004844
0.005168
0.006525
0.007016
0.005841
0.004916
0.004847
0.004258
0.003982
0.004167
0.003804
0.004199
0.005097
0.004264
0.005079
0.005575
0.004849
0.004864
0.002547
0.003009
0.005710
0.005833
0.004853
0.004851
0.003818
0.005566
0.004508
0.006646
0.005044
0.006919
0.003785
0.004614
0.003463
0.003685
0.004124
0.004747
0.004706
0.007647
0.004480
0.003205
0.004410
0.004802
0.004549
0.004817
0.005402
0.008971
0.009562
0.009618
0.009174
0.009209
0.009090
0.009111
0.006865
0.006941
0.007667
0.007848
0.007667
0.006119
0.008000
0.006564
0.003549
0.003406
0.006854
0.007140
0.010625
0.006056
0.010302
0.010269
0.010395
0.010298
0.010205
0.008691
0.006295
0.006292
0.007057
0.008358
0.010542
0.014569
0.008842
0.008750
0.008722
0.008708
0.007867
0.005771
0.006104
0.006140
0.005926
0.004630
0.003266
0.003284
0.003402
0.003399
0.002749
0.003154
