2.08956
2.58964
3.08962
3.60857
4.08964
4.58957
5.08956
5.60915
6.08963
6.58967
7.08961
7.61364
8.0896
8.58968
9.10115
9.61111
10.0897
10.5897
11.0896
11.6099
12.0897
12.5896
13.0896
13.6
14.0896
14.5897
15.0898
15.5967
16.0896
16.5895
17.0897
17.599
18.0896
18.5897
19.0959
19.6034
20.0897
20.5896
21.0897
21.603
22.0897
22.5896
23.0897
23.5965
24.0896
24.5896
25.0897
25.6154
26.0896
26.5896
27.0897
27.604
28.0997
28.5895
29.0902
29.6025
30.09
30.5896
31.0896
31.6147
32.0896
32.5895
33.0897
33.599
34.0896
34.5895
35.0896
35.608
36.0897
36.5897
37.0896
37.6069
38.1071
38.5896
39.0995
39.6002
40.0896
40.5897
41.0896
41.6059
42.0897
42.5897
43.0896
43.6093
44.0896
44.5896
45.0896
45.6014
46.0895
46.5896
47.0895
47.6078
48.0894
48.5895
49.0896
49.597
50.0896
50.5896
51.0895
51.6031
52.0994
52.5896
53.0896
53.6042
54.0896
54.5896
55.0896
55.6092
56.0897
56.5897
57.0895
57.596
58.0895
58.5906
59.0895
59.5973
60.0896
60.5895
61.0896
61.598
62.0895
62.5896
63.0944
63.6068
64.0896
64.5896
65.0896
65.6015
66.0895
66.5895
67.0909
67.5926
68.0895
68.5938
69.0895
69.5957
70.0896
70.5896
71.0896
71.6068
72.0895
72.5897
73.0895
73.6016
74.0895
74.5897
75.0895
75.5898
76.0896
76.5896
77.0895
77.5895
78.0896
78.5896
79.0897
79.5959
80.0896
80.5896
81.0897
81.5998
82.0898
82.5897
83.0897
83.6076
84.0897
84.5897
85.0896
85.6099
86.0897
86.5897
87.0897
87.6095
88.0897
88.5896
89.0896
89.611
90.0895
90.5896
91.0896
91.5973
92.0899
92.5897
93.0896
93.6015
94.0896
94.5895
95.0896
95.5967
96.0897
96.5896
97.0896
97.5959
98.0896
98.5896
99.0897
99.5975
100.09
100.59
101.09
101.605
102.09
102.59
103.09
103.605
104.09
104.589
105.09
105.609
106.09
106.59
107.09
107.599
108.09
108.59
109.09
109.613
110.09
110.59
111.09
111.595
112.09
112.59
113.09
113.598
114.09
114.59
115.09
115.61
116.09
116.59
117.09
117.605
