0.000000
0.000000
0.066667
0.600000
1.126667
1.726667
2.284975
3.175142
4.137522
5.122765
6.109002
7.111673
8.058866
9.036297
10.028823
11.018893
11.934818
12.775268
13.828363
14.752090
15.683294
16.653480
17.644439
18.620869
19.487389
20.351822
21.333423
22.323936
23.307187
24.296402
25.284218
26.345402
27.312601
28.021488
28.733593
29.694855
30.682539
31.894021
32.876033
33.850811
34.825985
35.477385
35.987135
36.819994
37.877286
38.873041
39.858421
40.818036
41.387651
41.693614
42.473472
43.531524
44.523862
45.514140
46.486148
47.358854
48.070686
49.039586
50.039389
51.023728
52.017346
53.006748
53.971778
54.956468
56.013658
56.991357
57.979038
58.943359
59.922770
60.708808
61.726726
62.665768
63.359968
64.250815
65.241561
66.196000
67.168882
68.226375
69.212181
70.202812
71.192799
72.149107
73.086340
74.062015
74.795301
75.748239
76.729042
77.704966
78.640358
79.629221
80.683031
81.420695
81.720953
82.367700
83.364534
84.360178
85.344486
86.400453
87.385703
88.264165
88.991277
89.843126
90.800108
91.833398
92.805882
93.796082
94.776267
95.922393
97.053037
98.073231
99.132259
100.121686
100.980343
101.823559
102.491794
102.751715
103.558106
104.521535
105.517094
106.449073
107.425643
108.421824
109.409507
110.288674
110.584685
111.157966
112.128203
113.116867
114.105755
115.129135
116.197665
117.161079
118.145178
119.136930
120.133572
121.115745
122.162346
123.154383
124.145704
125.135891
126.116798
126.829017
127.124962
127.905391
128.882253
129.866554
130.858979
131.911834
133.245837
134.516692
135.669788
136.902812
137.867605
138.708503
139.135277
139.860614
140.204809
140.575927
140.804663
141.414204
142.469982
143.668905
144.673171
145.727818
146.722903
147.705011
148.702753
149.692557
150.675540
151.732756
152.704456
153.684507
154.678321
155.647762
156.633081
157.601730
158.363887
158.898381
159.448322
159.678326
159.678326
159.678326
159.678326
159.678326
159.678326
159.678326
159.678326
159.678326
159.678326
159.678326
159.678326
159.678326
159.678326
159.678326
159.678326
159.678326
159.678326
159.678326
159.678326
159.678326
159.678326
159.678326
159.678326
159.678326
159.678326
159.678326
159.678326
159.678326
159.678326
159.678326
159.678326
159.678326
159.678326
159.678326
159.678326
159.678326
159.678326
159.678326
159.678326
159.678326
159.678326
159.678326
159.678326
159.678326
159.678326
159.678326
159.678326
159.678326
159.678326
159.678326
159.678326
159.678326
