4.98228
5.5396
5.66581
5.77849
6.47557
6.85459
7.77097
8.04511
8.17706
9.10101
9.66589
10.2189
10.9039
11.2526
11.6557
11.7736
11.8981
12.5729
12.7063
12.9742
13.6492
14.3037
15.6898
16.6928
17.2451
17.3651
17.4877
17.514
17.5465
17.7669
17.7932
19.0959
19.7635
19.7914
19.8282
20.1656
21.256
21.8925
23.2743
23.6258
24.8484
25.0863
25.2514
26.628
28.5541
28.979
30.35
31.7372
32.5646
33.9429
33.9715
34.0142
34.5774
34.8427
35.7641
35.8964
37.2672
38.1268
38.1665
39.0995
39.2286
39.3692
40.688
40.828
41.978
42.2978
43.6084
43.8929
44.1676
44.2922
45.2929
46.6319
46.826
46.967
48.3452
49.7245
50.3727
51.3651
52.7546
53.5127
53.7741
54.7003
54.8433
55.8564
56.1641
57.548
57.7696
58.1681
58.1997
58.2904
58.3213
59.6975
61.0808
62.0392
62.566
62.6844
62.9731
63.01
63.093
64.4753
64.5208
64.7112
64.9019
65.0379
65.1808
66.5662
66.9749
67.0895
67.7751
68.293
69.2451
69.3714
69.4917
70.433
70.9595
71.5911
71.7633
71.901
73.2681
73.6406
73.6891
73.7374
73.7853
75.1617
76.5349
77.9049
79.278
79.3101
79.3519
80.4427
81.8413
81.8875
82.0391
82.1785
82.2228
83.5951
84.9703
85.4898
85.6423
86.6764
86.8224
87.8864
88.1579
88.6889
89.6267
89.7527
89.7871
