2.0895
2.5896
3.08956
3.60853
4.08951
4.5895
5.08949
5.60913
6.08949
6.58959
7.08954
7.61361
8.0895
8.58956
9.10114
9.61108
10.0896
10.5896
11.0895
11.6099
12.0896
12.5895
13.0896
13.6
14.0895
14.5896
15.0896
15.5967
16.0895
16.5895
17.0896
17.5989
18.0895
18.5896
19.0959
19.6034
20.0896
20.5895
21.0897
21.6029
22.0896
22.5895
23.0896
23.5965
24.0895
24.5895
25.0896
25.6154
26.0895
26.5895
27.0896
27.604
28.0997
28.5894
29.0901
29.6025
30.0898
30.5895
31.0895
31.6146
32.0895
32.5895
33.0896
33.5989
34.0895
34.5895
35.0895
35.6079
36.0896
36.5896
37.0895
37.6069
38.107
38.5895
39.0995
39.6001
40.0895
40.5896
41.0895
41.6059
42.0896
42.5896
43.0895
43.6093
44.0896
44.5896
45.0895
45.6014
46.0895
46.5895
47.0894
47.6077
48.0894
48.5894
49.0896
49.597
50.0896
50.5896
51.0895
51.6031
52.0994
52.5896
53.0896
53.6042
54.0896
54.5895
55.0896
55.6092
56.0896
56.5896
57.0895
57.596
58.0895
58.5905
59.0895
59.5972
60.0895
60.5894
61.0896
61.598
62.0895
62.5895
63.0944
63.6068
64.0895
64.5895
65.0896
65.6015
66.0894
66.5895
67.0909
67.5926
68.0894
68.5937
69.0895
69.5956
70.0895
70.5896
71.0895
71.6068
72.0895
72.5896
73.0895
73.6015
74.0895
74.5896
75.0894
75.5897
76.0895
76.5895
77.0895
77.5895
78.0895
78.5895
79.0896
79.5959
80.0895
80.5895
81.0896
81.5998
82.0897
82.5896
83.0896
83.6075
84.0896
84.5896
85.0895
85.6099
86.0897
86.5896
87.0896
87.6094
88.0896
88.5895
89.0895
89.611
90.0895
90.5896
91.0896
91.5973
92.0895
92.5896
93.0896
93.6014
94.0896
94.5895
95.0896
95.5967
96.0896
96.5896
97.0895
97.5959
98.0896
98.5895
99.0896
99.5975
100.09
100.59
101.09
101.605
102.089
102.59
103.09
103.605
104.09
104.589
105.089
105.609
106.09
106.59
107.09
107.599
108.089
108.59
109.09
109.613
110.089
110.59
111.09
111.595
112.09
112.59
113.089
113.598
114.089
114.59
115.09
115.61
116.09
116.59
117.09
117.605
