0.000000
0.000000
0.053117
0.338205
0.499618
0.626729
0.701981
0.841170
0.972382
1.077312
1.162494
1.230575
1.288379
1.337699
1.380111
1.416926
1.445747
1.459177
1.494138
1.509095
1.529309
1.548434
1.567684
1.582664
1.590156
1.595579
1.609446
1.622116
1.635019
1.646654
1.657424
1.671191
1.680258
1.672412
1.664610
1.671168
1.680762
1.700558
1.707384
1.712362
1.719369
1.709335
1.693104
1.691935
1.701967
1.708328
1.713959
1.716418
1.706354
1.684249
1.681776
1.689263
1.695161
1.701146
1.705563
1.705518
1.701293
1.705428
1.710454
1.713346
1.719296
1.723514
1.726812
1.730125
1.736587
1.739928
1.743467
1.745256
1.749307
1.746759
1.750863
1.751790
1.746774
1.748082
1.750744
1.752808
1.755817
1.760448
1.763142
1.765156
1.768541
1.770307
1.771572
1.772886
1.770089
1.771677
1.773875
1.775426
1.776983
1.779224
1.782854
1.778782
1.766751
1.761688
1.764138
1.766243
1.768610
1.772132
1.774148
1.773490
1.770444
1.770130
1.771533
1.773881
1.776015
1.777955
1.779666
1.783782
1.788826
1.791122
1.794085
1.795534
1.795046
1.794056
1.790093
1.778857
1.777668
1.778940
1.780725
1.781171
1.782850
1.784572
1.785989
1.785405
1.776317
1.771299
1.772634
1.773908
1.775827
1.777918
1.780631
1.781697
1.783189
1.784575
1.786239
1.787391
1.789793
1.791204
1.792586
1.793488
1.795129
1.792507
1.784084
1.782230
1.783713
1.784982
1.786349
1.788507
1.794436
1.799433
1.802801
1.807178
1.807981
1.807158
1.800984
1.798586
1.791640
1.784978
1.776600
1.772878
1.775211
1.779068
1.780481
1.782100
1.783754
1.784844
1.786110
1.786832
1.788323
1.790249
1.791148
1.791717
1.793265
1.794106
1.795119
1.795488
1.794390
1.790301
1.786434
1.778892
1.769191
1.759441
1.749801
1.740041
1.730834
1.721506
1.712274
1.703013
1.694108
1.685169
1.676323
1.667460
1.658908
1.650336
1.641850
1.633320
1.625141
1.616912
1.608767
1.600449
1.592722
1.584816
1.576991
1.569010
1.561568
1.553971
1.546446
1.538708
1.531602
1.524301
1.517060
1.509755
1.502784
1.495735
1.488764
1.481546
1.475020
1.468237
1.461518
1.454793
1.448263
1.441724
1.435246
1.428718
1.422460
1.416152
1.409900
1.403450
1.397559
1.391470
1.385434
1.379264
