1.59054
1.59059
2.09062
2.59068
3.09061
3.61029
4.09072
4.59208
5.09135
5.62756
6.09068
6.59382
7.09232
7.62637
8.09082
8.59392
9.10153
9.62696
10.0908
10.5933
11.0925
11.6237
12.0908
12.5915
13.0921
13.6139
14.0907
14.594
15.0921
15.6082
16.0907
16.5921
17.0923
17.6046
18.1012
18.593
19.0963
19.6103
20.0912
20.5941
21.092
21.6144
22.0908
22.5933
23.0924
23.6039
24.0906
24.5966
25.0914
25.6199
26.0907
26.5929
27.0924
27.6111
28.0999
28.5923
29.0923
29.6093
30.0906
30.5946
31.0923
31.6214
32.0907
32.5921
33.0939
33.6139
34.0907
34.5911
35.092
35.6154
36.0909
36.5932
37.0923
37.6145
38.1071
38.5947
39.0999
39.6062
40.0907
40.5927
41.0915
41.6173
42.0908
42.595
43.0925
43.623
44.0907
44.5977
45.0918
45.6114
46.0907
46.5918
47.0916
47.6163
48.0907
48.5925
49.0918
49.6113
50.0907
50.5934
51.0985
51.6159
52.0994
52.5926
53.0915
53.6206
54.0907
54.5923
55.0916
55.6171
56.0907
56.6052
57.0916
57.606
58.0906
58.6035
59.0922
59.6101
60.0908
60.5926
61.0911
61.6106
62.0906
62.5938
63.0949
63.6163
64.0907
64.5925
65.0913
65.6112
66.0906
66.6031
67.0917
67.6088
68.0907
68.5953
69.0914
69.6029
70.0907
70.6
71.0915
71.6104
72.0906
72.593
73.0912
73.6043
74.0907
74.5932
75.0913
75.594
76.0906
76.5918
77.0922
77.595
78.0907
78.5943
79.0926
79.6003
80.0906
80.5931
81.0921
81.6067
82.0906
82.5934
83.0929
83.6145
84.0908
84.5929
85.0926
85.6162
86.0908
86.6013
87.0921
87.6167
88.0908
88.5925
89.0919
89.6136
90.0907
90.6051
91.0922
91.5999
92.0907
92.5927
93.0923
93.6041
94.0907
94.5923
95.0921
95.5995
96.0908
96.5926
97.0925
97.5986
98.0907
98.5926
99.0922
99.6002
100.091
100.593
101.092
101.608
102.091
102.592
103.092
103.608
104.091
104.593
105.092
105.611
106.091
106.592
107.092
107.604
108.091
108.592
109.092
109.616
110.091
110.593
111.093
111.597
112.091
112.592
113.093
113.601
114.091
114.593
115.092
115.613
116.091
116.593
117.092
117.61
