0.000000
0.000000
0.000000
0.000000
0.000000
32.558000
33.810000
38.665000
43.426000
59.166000
79.518000
91.478000
108.397000
123.848000
132.648000
140.854000
151.848000
167.221000
173.552000
181.948000
202.043000
220.541000
229.083000
240.979000
250.490000
259.875000
264.032000
271.768000
277.367000
281.751000
285.776000
294.714000
306.513000
316.586000
320.327000
321.735000
328.010000
335.883000
343.122000
356.912000
357.910000
361.707000
368.840000
370.826000
371.546000
376.044000
380.553000
386.234000
391.643000
393.535000
393.937000
394.460000
394.996000
395.059000
395.566000
398.293000
401.056000
402.057000
402.206000
402.868000
402.924000
402.946000
402.963000
404.537000
406.822000
408.243000
410.458000
423.117000
437.682000
442.714000
448.197000
452.243000
455.773000
457.772000
458.603000
466.542000
471.635000
476.169000
479.985000
484.650000
489.306000
494.045000
498.000000
504.555000
512.544000
525.921000
534.374000
541.588000
552.374000
561.320000
565.271000
568.366000
570.341000
570.683000
571.078000
571.199000
571.231000
571.813000
574.863000
583.278000
586.062000
595.219000
601.304000
611.790000
626.354000
643.962000
654.855000
661.655000
667.791000
680.289000
685.332000
689.727000
694.466000
701.876000
706.402000
712.996000
713.723000
714.495000
714.704000
720.399000
727.066000
734.478000
742.114000
750.752000
758.443000
759.445000
759.681000
760.755000
761.000000
761.119000
761.167000
763.453000
767.979000
769.867000
772.413000
778.428000
782.537000
786.389000
790.564000
795.303000
801.782000
810.599000
813.683000
814.768000
815.286000
815.572000
815.689000
815.735000
815.800000
815.872000
816.133000
816.934000
817.221000
817.428000
817.622000
818.832000
819.364000
822.859000
824.184000
824.209000
824.220000
824.263000
824.295000
825.551000
825.774000
825.800000
825.855000
826.167000
826.183000
828.087000
831.198000
834.897000
839.270000
845.252000
851.620000
857.192000
858.955000
860.295000
861.256000
861.621000
861.772000
861.797000
861.797000
861.797000
861.797000
861.797000
861.797000
861.797000
861.797000
861.797000
861.797000
861.797000
861.797000
861.797000
861.797000
861.797000
861.797000
861.797000
861.797000
861.797000
861.797000
861.797000
861.797000
861.797000
861.797000
861.797000
861.797000
861.797000
861.797000
861.797000
861.797000
861.797000
861.797000
861.797000
861.797000
861.797000
861.797000
861.797000
861.797000
861.797000
861.797000
861.797000
861.797000
861.797000
861.797000
861.797000
861.797000
861.797000
861.797000
861.797000
861.797000
861.797000
861.797000
861.797000
