0.008035
0.006401
0.006699
0.005482
0.005449
0.004973
0.004438
0.004249
0.004965
0.005061
0.005123
0.005655
0.006697
0.004469
0.006514
0.005575
0.005594
0.006441
0.005396
0.005137
0.006000
0.004880
0.005478
0.005450
0.005770
0.005769
0.005874
0.005697
0.005616
0.004781
0.004793
0.004512
0.004814
0.004617
0.003434
0.003575
0.003255
0.003960
0.003229
0.003714
0.003424
0.008976
0.003882
0.003270
0.004183
0.004123
0.003502
0.004176
0.004529
0.005095
0.006041
0.004873
0.005155
0.006241
0.006614
0.006639
0.006256
0.009022
0.008299
0.007304
0.007747
0.005417
0.006868
0.004999
0.004704
0.003182
0.002573
0.003088
0.002548
0.003880
0.005290
0.004018
0.003676
0.003074
0.004294
0.003899
0.004051
0.004797
0.003922
0.004977
0.004577
0.004948
0.003306
0.004097
0.004173
0.003546
0.003276
0.002646
0.002468
0.004052
0.005940
0.006143
0.004487
0.004914
0.005409
0.005089
0.007248
0.004421
0.005175
0.003711
0.005492
0.005102
0.004227
0.004358
0.006461
0.004204
0.003465
0.004889
0.006020
0.006559
0.004343
0.004642
0.005096
0.006168
0.004801
0.004374
0.004896
0.002364
0.004220
0.004158
0.003760
0.005097
0.004879
0.004892
0.004324
0.004860
0.005512
0.002877
0.004958
0.004080
0.005485
0.007467
0.005813
0.006393
0.003828
0.004606
0.003091
0.004499
0.004867
0.004992
0.004501
0.004320
0.004372
0.006676
0.005498
0.005139
0.006590
0.006256
0.005922
0.006700
0.007720
0.006753
0.006959
0.005455
0.006138
0.006665
0.005711
0.005684
0.006655
0.004814
0.005111
0.005164
0.003799
0.003243
0.003273
0.004295
0.003753
0.003592
0.005148
0.005901
0.006255
0.005618
0.005240
0.005462
0.003846
0.004920
0.004624
0.004468
0.004980
0.004672
0.006258
0.005801
0.005026
0.005041
0.005984
0.006442
0.003685
0.003106
0.004431
0.004710
0.004714
0.005890
0.007129
0.007751
0.010245
0.009743
0.006824
0.008668
0.010477
0.006667
0.005046
0.005277
0.005630
0.006768
0.006254
0.006900
0.007692
0.006563
0.007185
0.006684
0.004062
0.003462
0.007436
0.007296
0.007462
0.006751
0.010557
0.005408
0.005789
0.006499
0.006180
0.006193
0.005344
0.005136
0.005745
0.006948
0.007658
0.006802
0.006554
0.004947
0.005008
0.006043
0.004934
0.003860
0.003841
0.003724
0.003973
0.003630
0.004210
0.004587
0.004609
0.004518
0.004673
0.003475
0.004710
0.004291
0.007211
0.006294
0.006779
0.008095
0.008715
0.009344
0.006883
0.007008
0.007253
0.006488
0.006127
0.004905
0.008244
0.003203
0.005295
0.005370
0.004831
0.003433
0.002790
0.003030
0.003476
0.004128
0.004051
0.004226
0.003091
0.003108
0.002428
0.011463
0.009578
0.009132
0.009212
0.005920
0.004910
0.003285
0.003773
0.004245
0.003321
0.003679
0.004717
0.005533
0.005624
0.006000
0.006443
0.006439
0.005214
0.005999
0.005643
0.007024
0.007672
0.008093
0.005965
0.005523
0.005161
0.004051
0.004586
0.005457
0.004891
0.005566
0.009407
0.009114
0.007391
0.009097
0.007547
0.008406
0.006623
0.006499
0.004327
0.003484
0.002241
0.003160
0.004584
0.004585
0.005776
0.005086
0.003728
0.004776
0.004901
0.011756
0.011098
0.011119
0.011045
0.011076
0.008984
0.009085
0.006650
0.005280
0.005784
0.004111
0.004291
0.002768
0.003914
0.004133
0.003776
0.004769
0.003567
0.004427
0.004362
0.003830
0.003980
0.004858
0.007649
0.012143
0.013454
0.012305
0.012575
0.011656
0.006024
0.007066
0.003177
0.003190
0.003110
0.004206
0.010104
0.011726
0.011665
0.010683
0.011373
0.008972
0.006338
0.005419
0.005113
0.006971
0.007584
0.008383
0.006471
0.006676
0.007466
0.006404
0.007694
0.007830
0.006270
0.006236
0.006727
0.005140
0.005059
0.005342
0.005475
0.007355
0.007361
0.006843
0.006226
0.006701
0.004392
0.003927
0.002937
0.005065
0.006039
0.008510
0.007157
0.006160
0.007356
0.004966
0.004079
0.004890
0.004736
0.005285
0.004115
0.004445
0.002891
0.004887
0.003745
0.003614
0.007903
0.007024
0.006032
0.003805
0.003236
0.004167
0.003907
0.004169
0.003684
0.004039
0.003287
0.005124
0.004191
0.004572
0.004122
0.004852
0.010229
0.014662
0.010092
0.007237
0.004548
0.006709
0.010276
0.008878
0.007835
0.006528
0.005016
0.004827
0.003996
0.003822
0.002564
0.002216
0.002233
0.002943
0.002301
0.006957
0.005725
0.004821
0.014663
0.015228
0.011678
0.014400
0.014837
0.014889
0.013940
0.015045
0.014530
0.015913
0.012409
0.010628
0.015055
0.009400
0.012347
0.010204
0.015266
0.010013
0.010056
0.009988
0.010525
0.011350
0.007828
0.005786
0.007351
0.006887
0.004857
0.005015
0.004893
0.004850
0.003209
0.002865
0.003390
0.003111
0.003525
0.003994
0.002829
0.003987
0.004429
0.005141
0.004750
0.004038
0.003443
0.004458
0.005451
0.005183
0.005965
0.004752
0.004251
0.004974
0.005143
0.004772
0.005378
0.003783
0.003558
0.004282
0.003671
0.003895
0.003897
0.003957
0.002982
0.003872
0.003946
0.003261
0.006184
0.005435
0.005462
0.004749
0.004522
0.002912
0.003274
0.002362
0.002532
0.003778
0.003024
0.002943
0.003610
0.002145
0.003894
0.003456
0.003713
0.003602
0.006782
0.008344
0.008528
0.014298
0.006063
0.005591
0.010127
0.009566
0.009816
0.009560
0.008398
0.009903
0.011210
0.010856
0.008651
0.007583
0.007841
0.007595
0.007427
0.007321
0.007489
0.007343
0.007333
0.007548
0.007343
0.007429
0.007158
0.007079
0.007047
0.007201
0.007041
0.006037
0.005788
0.004426
0.004862
0.005886
0.004433
0.005721
0.004112
0.005784
0.004065
0.005574
0.004042
0.004463
0.005027
0.005514
0.005289
0.004079
0.005602
0.006564
0.007024
0.005549
0.004989
0.005220
0.005496
0.006511
0.006617
0.004514
0.005435
0.004071
0.005918
0.006179
0.006975
0.005521
0.005888
0.007867
0.003654
0.007413
0.005134
0.004763
0.004999
0.007428
0.007890
0.005098
0.005792
0.007119
0.008490
0.006317
0.006840
0.006335
0.005095
0.005004
0.006084
0.006562
0.007307
0.008484
0.004287
0.006235
0.007789
0.006223
0.006972
0.006207
0.006731
0.006857
0.007108
0.006789
0.007712
0.006398
0.004299
0.007923
0.007823
0.007788
0.008084
0.007564
0.005780
0.006682
0.007929
0.008058
0.011357
0.009308
0.007010
0.009357
0.009502
0.008733
0.007704
0.006897
0.008754
0.006743
0.007376
0.006017
0.004955
0.003543
0.002604
0.002986
0.002779
0.004006
0.002751
0.003000
0.002983
0.003369
0.003383
0.003259
0.003446
0.002232
0.003181
0.003341
0.003848
0.003891
0.006312
0.007463
0.007150
0.006983
0.006234
0.005271
0.007550
0.006104
0.007728
0.007630
0.006021
0.006387
0.007402
0.007881
0.004695
0.006481
0.005871
0.004530
0.003327
0.003662
0.003171
0.004485
0.005415
0.005082
0.004906
0.004897
0.004523
0.003870
0.005976
0.003786
0.005276
0.004560
0.003522
0.005451
0.004334
