0.002092
0.001824
0.002018
0.001893
0.003273
0.002706
0.002149
0.002449
0.002242
0.002675
0.002638
0.002885
0.003233
0.002783
0.003508
0.003545
0.003421
0.004209
0.003008
0.002903
0.002792
0.003084
0.003190
0.003583
0.003232
0.002675
0.003021
0.002844
0.003083
0.002630
0.002819
0.002901
0.002901
0.003255
0.003095
0.003068
0.003505
0.003156
0.002487
0.002657
0.002731
0.004868
0.003218
0.003221
0.003790
0.003298
0.003402
0.003429
0.002375
0.002804
0.002473
0.002742
0.003345
0.003958
0.002572
0.002608
0.002597
0.002848
0.002993
0.002697
0.002914
0.002869
0.002711
0.003078
0.003258
0.003217
0.003587
0.003314
0.003494
0.003814
0.003523
0.003824
0.004081
0.004348
0.003552
0.003121
0.003250
0.003207
0.003209
0.003045
0.003442
0.003231
0.003354
0.003318
0.003202
0.003122
0.003089
0.003118
0.003220
0.003170
0.003026
0.003384
0.002996
0.003264
0.003533
0.003603
0.003157
0.003963
0.004174
0.004037
0.004275
0.003607
0.003710
0.003602
0.003481
0.003408
0.003516
0.003186
0.003845
0.003777
0.003850
0.003806
0.003926
0.004184
0.004247
0.004507
0.004423
0.004004
0.004196
0.004319
0.004212
0.003711
0.004085
0.003842
0.004123
0.003675
0.004913
0.005065
0.005363
0.003827
0.004257
0.004633
0.004160
0.004249
0.004513
0.004663
0.004238
0.004788
0.005411
0.004316
0.004314
0.004322
0.004500
0.004500
0.004447
0.004558
0.004456
0.004674
0.004929
0.004637
0.005049
0.004810
0.004784
0.004773
0.004736
0.004087
0.004604
0.004992
0.004897
0.004752
0.004992
0.004704
0.004799
0.005159
0.005257
0.005614
0.004953
0.005424
0.005068
0.006019
0.005672
0.005652
0.005429
0.005878
0.005618
0.005635
0.005878
0.005548
0.006088
0.006468
0.005970
0.006191
0.007236
0.005767
0.006609
0.006307
0.005924
0.006263
0.006416
0.006588
0.006811
0.007556
0.007908
0.007869
0.007007
0.006024
0.005763
0.005514
0.006306
0.006326
0.006625
0.006592
0.006180
0.005762
0.005706
0.006363
0.006379
0.006456
0.006138
0.006533
0.005924
0.006352
0.005902
0.006671
0.006359
0.005891
0.006325
0.005891
0.006396
0.005884
0.006464
0.006919
0.006699
0.007199
0.006832
0.006051
0.005625
0.005780
0.005881
0.005841
0.006261
0.008542
0.005950
0.006270
0.006266
0.005984
0.006242
0.006264
0.006601
0.006204
0.005873
0.005855
0.006189
0.005454
0.005424
0.005052
0.005237
0.005047
0.004913
0.004956
0.005414
0.005329
0.005547
0.005163
0.005775
0.005623
0.005131
0.005469
0.005734
0.005470
0.005448
0.005714
0.005875
0.005903
0.005932
0.006508
0.006751
0.006571
0.006661
0.006603
0.005995
0.005888
0.005979
0.007516
0.006162
0.005743
0.006891
0.006612
0.006284
0.006414
0.005686
0.005599
0.005722
0.005320
0.005285
0.005244
0.005689
0.005866
0.006024
0.005954
0.006826
0.006363
0.006037
0.006307
0.006186
0.006704
0.006522
0.007265
0.006859
0.007355
0.007928
0.007838
0.006866
0.006652
0.007193
0.006476
0.006224
0.006073
0.006567
0.006527
0.006179
0.006526
0.005939
0.006269
0.006096
0.006118
0.006323
0.006214
0.005735
0.005434
0.005773
0.005665
0.005795
0.006121
0.006047
0.006029
0.006323
0.006391
0.006741
0.007083
0.006195
0.005781
0.005134
0.005870
0.006109
0.006180
0.005586
0.005143
0.005713
0.005994
0.005749
0.010040
0.005509
0.005893
0.004581
0.004612
0.005083
0.004254
0.005818
0.005622
0.005487
0.006456
0.006008
0.006296
0.006673
0.006613
0.006838
0.007806
0.006917
0.006954
0.007018
0.007090
0.006878
0.006488
0.006330
0.006650
0.007236
0.006635
0.007439
0.006672
0.007555
0.007798
0.007201
0.006501
0.006260
0.006963
0.007087
0.007466
0.006839
0.006246
0.006037
0.005837
0.005748
0.005421
0.006002
0.005862
0.005387
0.005888
0.005615
0.005429
0.005202
0.005162
0.005458
0.005682
0.006377
0.007317
0.006145
0.005676
0.006251
0.005540
0.005941
0.005873
0.006099
0.005682
0.005703
0.005536
0.006377
0.006022
0.006137
0.006088
0.008568
0.006635
0.007495
0.006748
0.006304
0.007006
0.007089
0.006542
0.006478
0.006612
0.007360
0.006546
0.006498
0.006205
0.006001
0.005867
0.011314
0.006905
0.006929
0.004323
0.007344
0.006656
0.006077
0.005474
0.005527
0.007415
0.005171
0.004871
0.004948
0.004864
0.004645
0.007589
0.005277
0.003283
0.003615
0.003154
0.005031
0.004718
0.005234
0.005017
0.005027
0.005054
0.004875
0.004568
0.004948
0.004921
0.005464
0.004764
0.005201
0.005284
0.004769
0.005135
0.004786
0.003203
0.003252
0.003016
0.003494
0.005184
0.004700
0.004958
0.005456
0.005223
0.005548
0.005299
0.005597
0.005499
0.005249
0.005306
0.005633
0.005363
0.004785
0.004888
0.004843
0.004550
0.004539
0.004821
0.004671
0.005260
0.004659
0.004920
0.004801
0.004590
0.004847
0.004685
0.004747
0.005477
0.008745
0.005270
0.005188
0.005902
0.005447
0.005593
0.005674
0.005224
0.004918
0.005025
0.004956
0.004913
0.004685
0.004733
0.005175
0.005294
0.005180
0.004995
0.005656
0.004898
0.004899
0.005366
0.005514
0.009218
0.005101
0.004388
0.004390
0.005759
0.004001
0.004094
0.003764
0.003709
0.005234
0.003886
0.004067
0.004352
0.005800
0.003042
0.006288
0.004921
0.004999
0.004966
0.003238
0.005606
0.005240
0.005025
0.005477
0.005119
0.008875
0.005257
0.004885
0.004816
0.005365
0.004924
0.004817
0.005069
0.004999
0.005121
0.005185
0.005038
0.004981
0.005114
0.004807
0.005016
0.004815
0.005088
0.005516
0.005030
0.004690
0.004955
0.004706
0.005507
0.004898
0.008872
0.004667
0.004950
0.004319
0.005263
0.004990
0.005341
0.005092
0.005024
0.005110
0.004807
0.005156
0.005125
0.004862
0.005062
0.005174
0.005265
0.005104
0.005057
0.004832
0.005030
0.004931
0.004931
0.004717
0.004653
0.004768
0.004902
0.004823
0.004792
0.004797
0.005257
0.004773
0.004909
0.004718
0.004742
0.004570
0.004625
0.005228
0.005606
0.004668
0.004767
0.004991
0.004769
0.004800
0.004642
0.005432
0.005221
0.004782
0.004639
0.004675
0.004675
0.004670
0.004696
0.004678
0.004617
0.004635
0.004368
0.004548
0.005020
0.004534
0.004550
0.004501
0.004508
0.004643
0.004162
0.004089
0.004651
0.004615
0.004671
0.004492
0.004565
0.005417
0.005196
0.007002
0.005669
0.005505
0.005992
0.006004
0.006080
0.006683
0.006199
0.006185
0.006396
0.004918
0.007140
0.005058
0.004489
0.004509
0.004323
0.004344
0.004389
0.004447
0.004096
0.004156
0.004571
0.004298
0.004370
0.004634
0.004344
0.005009
0.004833
0.005141
0.004981
0.004506
0.004919
0.004695
0.005054
0.004868
0.004928
0.004647
0.004964
0.004906
0.004969
0.005103
0.004840
0.004028
0.004393
0.004273
0.004092
0.004472
0.004076
0.004417
0.004036
0.004310
0.004593
0.004342
0.004256
0.004200
0.004194
0.003923
0.004056
0.003940
