4.84954
4.90533
5.43036
5.67808
6.76565
7.43245
8.77459
8.8911
9.03041
9.96084
10.2369
11.4179
11.685
12.3806
13.2911
13.566
14.6197
15.6584
15.704
16.0918
16.1224
16.1517
16.1926
16.2323
16.2608
16.2904
16.3317
16.3693
16.3986
16.4292
16.4649
16.4984
17.7977
18.3594
19.5543
19.5875
19.954
19.9802
20.877
21.0029
21.5547
21.6056
22.4822
22.757
22.7879
23.9649
24.2181
24.2483
25.6455
25.6883
25.7273
26.3615
27.1418
27.4145
28.4821
28.5192
28.5469
29.2877
29.5552
29.6815
29.7211
29.7482
30.4905
31.4566
32.2804
32.3164
32.8827
32.9148
32.9434
34.2306
34.4883
35.0152
35.6849
35.9671
36.3489
36.3759
36.4064
36.4393
36.4804
36.5091
36.5387
36.5678
36.6031
36.639
36.6684
36.6954
36.7395
36.7672
36.7971
36.8398
36.8844
38.2592
39.0985
40.0813
40.364
40.39
40.4219
41.4119
41.884
41.932
42.0801
42.1085
42.1367
42.1685
42.758
42.7855
42.882
42.9213
44.2214
44.7677
44.7983
44.8379
44.8935
45.8679
45.9639
46.0866
47.2422
47.2897
48.2149
48.2441
48.2755
48.3051
48.3463
48.3849
48.415
48.4661
49.8449
50.7663
51.4193
52.6304
53.8197
54.2166
54.8918
55.6874
56.3546
57.015
57.2766
58.3767
59.5648
60.3537
61.1441
61.1735
61.2781
61.319
61.3567
61.4099
61.4418
62.6077
63.0097
63.0391
63.0723
63.1246
63.1648
64.2078
64.4857
65.0234
65.8148
65.8454
66.2256
67.1057
67.2765
67.4064
68.4789
68.748
68.7741
69.8584
70.0903
70.1371
70.899
71.415
71.6781
72.0853
72.1411
72.9186
73.1637
73.2029
74.3903
74.4389
75.4504
75.9518
77.0144
77.2924
77.3384
77.4121
77.4626
78.4893
79.0216
79.2905
80.2186
80.9302
81.6941
81.8331
83.1862
83.5665
84.2168
85.1873
85.4271
86.4016
86.6638
87.5651
87.8308
88.6466
88.6944
89.4143
90.0797
90.6088
91.007
91.0461
91.0765
91.1079
92.4786
92.5081
92.5541
93.9462
94.5486
94.6036
94.6688
95.8137
95.8538
95.9115
96.4803
96.9202
97.1611
98.3603
98.4828
99.1656
99.8268
100.487
101.288
102.211
103.286
103.328
103.41
104.607
104.757
106.079
106.146
106.608
106.663
107.157
107.274
107.947
107.979
108.008
108.036
109.156
109.197
109.238
109.277
109.31
109.353
109.427
109.472
109.655
109.801
109.947
110.097
110.238
110.28
110.313
110.352
110.408
111.78
113.002
113.033
114.636
116.016
116.077
116.165
116.201
117.004
118.388
119.154
119.287
120.654
122.022
123.418
124.713
125.561
125.953
126.934
127.168
128.217
128.481
129.82
130.097
131.033
131.921
131.984
133.025
133.687
134.088
135.284
135.548
136.906
137.571
137.823
138.972
139.289
140.401
140.907
141.415
142.215
142.637
142.759
144.154
145.547
146.082
146.148
146.356
146.483
146.523
147.678
148.763
149.007
149.039
149.552
149.581
149.675
149.712
149.742
149.774
149.816
149.872
151.29
151.418
151.563
151.73
153.102
154.223
155.594
156.348
156.484
157.881
159.251
160.35
161.742
161.81
162.383
163.173
163.561
163.963
164.944
165.177
166.174
166.911
167.96
168.491
169.426
169.572
170.089
171.015
172.212
172.767
173.667
173.805
173.945
174.939
175.016
175.174
176.546
177.924
179.293
180.667
182.054
183.437
184.383
184.5
185.383
185.968
186.908
187.033
187.824
188.774
189.418
189.701
189.961
191.174
191.694
192.39
192.782
193.687
193.816
194.629
195.816
195.952
196.897
197.413
197.55
198.61
199.01
200.212
201.163
201.968
202.766
203.687
204.765
204.804
205.95
206.482
206.52
206.551
206.58
206.64
207.001
207.034
207.072
207.1
207.168
207.211
208.586
209.277
209.306
210.246
210.633
210.673
210.71
211.157
211.185
211.277
211.547
211.949
211.988
212.017
212.085
213.465
214.838
216.204
217.58
217.68
217.883
219.272
220.64
222.011
222.749
222.781
223.149
224.167
224.478
224.746
224.774
224.808
224.835
224.875
228.128
231.374
233.678
233.729
233.776
233.826
233.88
233.932
233.98
234.033
234.087
234.138
234.187
234.233
234.285
234.345
234.392
234.435
234.488
234.529
234.572
234.613
234.657
237.909
239.281
240.656
242.029
243.412
243.452
243.483
244.358
244.397
245.683
245.812
245.84
245.87
245.899
245.935
245.967
245.999
246.033
246.073
246.101
246.133
246.16
246.201
246.238
246.494
246.531
246.561
247.939
249.008
249.039
249.066
249.099
250.084
250.121
251.007
251.045
251.073
251.104
251.15
251.176
251.21
251.241
251.296
251.325
251.355
251.396
251.435
252.807
254.171
255.234
256.082
256.343
256.379
257.404
257.433
257.462
257.491
257.541
257.576
257.608
257.638
259.012
259.412
259.457
259.511
259.549
262.796
262.859
262.906
262.953
263.002
263.043
265.671
265.722
267.09
268.469
268.51
268.558
268.603
268.644
268.686
268.737
268.778
268.819
268.88
268.921
268.962
269.004
269.044
269.175
269.216
269.267
270.61
270.641
270.678
270.751
270.79
270.817
270.868
271.273
271.308
272.075
272.109
272.145
272.176
272.883
273.952
274.209
274.245
274.753
275.554
275.584
275.615
275.678
275.809
275.867
275.905
275.952
275.986
276.02
276.07
276.113
276.153
276.207
276.246
276.277
276.308
276.344
276.379
276.417
276.446
276.487
276.519
276.549
276.598
276.635
276.669
276.709
276.749
278.131
278.61
278.643
278.681
278.712
278.756
278.785
278.818
278.958
279
279.04
279.079
279.111
279.156
279.195
279.225
279.273
279.309
279.34
279.37
279.444
279.477
279.518
279.559
279.601
279.643
279.683
279.723
279.754
279.804
279.841
279.885
279.935
279.977
281.354
282.736
284.121
284.479
284.613
284.659
284.753
286.124
287.272
288.476
289.279
289.314
289.674
289.707
290.202
291.147
291.174
291.273
291.304
291.344
291.375
291.458
291.484
291.513
291.553
291.587
291.621
291.669
293.055
294.427
295.805
297.19
298.153
298.203
298.238
298.611
298.647
299.016
299.41
299.452
300.078
300.109
300.14
300.752
301.544
301.806
301.836
303.208
303.679
303.709
303.738
303.769
305.14
305.27
305.314
305.347
305.397
305.544
305.57
305.605
305.633
