2.10719
2.60717
3.12355
3.61403
4.10729
4.61044
5.12758
5.60716
6.10718
6.60722
7.12793
7.60733
8.10726
8.60727
9.12688
9.60729
10.1072
10.6072
11.1322
11.6073
12.1073
12.6073
13.1265
13.6073
14.1071
14.6198
15.1285
15.6073
16.1224
16.6072
17.1337
17.6072
18.1072
18.6071
19.1213
19.6072
20.1072
20.6073
21.1318
21.6072
22.1073
22.6072
23.1279
23.6072
24.1073
24.6073
25.1259
25.6206
26.1072
26.6072
27.1271
27.6072
28.1073
28.6072
29.1236
29.6072
30.1073
30.6072
31.123
31.6072
32.1072
32.6072
33.1212
33.6073
34.1072
34.6072
35.1224
35.6176
36.1073
36.6071
37.1293
37.6072
38.1073
38.6071
39.1167
39.6072
40.1071
40.6072
41.1222
41.6072
42.1128
42.6072
43.1214
43.6072
44.1098
44.6072
45.1272
45.6071
46.1072
46.6073
47.1261
47.6124
48.1108
48.6073
49.1206
49.6073
50.1079
50.6072
51.1258
51.6085
52.1201
52.6159
53.1351
53.6072
54.1072
54.6073
55.1174
55.6072
56.112
56.6071
57.1183
57.6072
58.119
58.6071
59.1333
59.6151
60.1181
60.6163
61.1208
61.6073
62.121
62.6216
63.137
63.6074
64.1194
64.6109
65.1315
65.6183
66.1183
66.6096
67.1355
67.6181
68.118
68.6126
69.1314
69.6333
70.1206
70.613
71.1332
71.6153
72.1217
72.6175
73.134
73.618
74.1183
74.6202
75.133
75.6186
76.1199
76.6187
77.1325
77.619
78.1199
78.6195
79.1329
79.6187
80.1191
80.6193
81.1337
81.6194
82.1215
82.6206
83.1335
83.6178
84.1183
84.619
85.1365
85.6196
86.15
86.6366
87.1327
87.6192
88.1192
88.6467
89.1327
89.6181
90.1191
90.6341
91.1471
91.6196
92.1196
92.6178
93.1327
93.6196
94.1191
94.6296
95.1308
95.6182
96.1186
96.6179
97.132
97.6188
98.119
98.6192
99.1313
99.6194
100.119
100.619
101.135
101.626
102.118
102.622
103.134
103.62
104.119
104.634
105.133
105.619
106.159
106.635
107.132
107.62
108.119
108.619
109.134
109.625
110.123
110.619
111.133
111.619
112.118
112.618
113.134
113.62
114.122
114.618
115.131
115.619
116.147
116.62
117.133
117.618
118.118
118.619
119.131
119.618
120.118
120.619
121.13
121.619
122.119
122.618
123.132
123.618
124.118
124.619
125.133
125.619
126.119
126.619
127.133
127.619
128.12
128.619
129.132
129.619
130.123
130.619
131.133
131.618
132.118
132.622
133.131
133.619
134.119
134.625
135.132
135.619
136.119
136.619
137.131
137.618
138.118
138.619
139.133
139.618
140.119
140.618
141.135
141.618
142.118
142.637
143.132
143.618
144.129
144.618
145.132
145.618
146.126
146.619
147.132
147.618
148.119
148.619
149.133
149.619
150.119
150.618
151.13
151.618
152.12
152.618
153.135
153.619
154.119
154.613
155.13
155.614
156.118
156.614
157.132
157.614
158.119
158.612
159.127
159.614
160.118
160.612
161.13
161.614
162.118
162.614
163.132
163.618
164.115
164.617
165.132
165.619
166.156
166.618
167.132
167.624
168.118
168.621
169.133
169.619
170.117
170.617
171.131
171.619
172.118
172.617
173.133
173.618
174.118
174.616
175.132
175.612
176.12
176.616
177.131
177.618
178.111
178.614
179.131
179.619
180.118
180.62
181.13
181.618
182.118
182.617
183.125
183.619
184.115
184.614
185.137
185.618
186.118
186.608
187.133
187.619
188.118
188.61
189.134
189.613
190.117
190.616
191.128
191.618
192.118
192.613
193.126
193.613
194.117
194.629
195.124
195.61
196.118
196.609
197.125
197.61
198.118
198.627
199.129
199.61
200.111
200.614
201.128
201.616
202.115
202.61
203.134
203.614
204.118
204.609
205.133
205.619
206.117
206.62
207.133
207.609
208.118
208.613
209.131
209.611
210.116
210.633
211.127
211.608
212.107
212.608
213.13
213.618
214.113
214.609
215.131
215.609
216.118
216.609
217.13
217.607
218.108
218.608
219.121
219.607
220.114
220.607
221.118
221.607
222.107
222.607
223.127
223.607
224.11
224.607
225.123
225.607
226.107
226.607
227.117
227.607
228.107
228.607
229.121
229.607
230.107
230.607
231.121
231.608
232.107
232.607
233.118
233.612
234.107
234.618
235.124
235.608
236.107
236.607
237.12
237.607
238.107
238.607
239.117
239.607
240.107
240.607
241.117
241.607
242.107
242.607
243.119
243.607
244.107
244.607
245.122
245.607
246.115
246.607
247.115
247.607
248.107
248.607
249.117
249.607
250.121
250.607
251.123
251.607
252.107
252.607
253.122
253.607
254.107
254.607
255.121
255.607
256.107
256.607
257.121
257.613
258.107
258.607
259.126
259.607
260.107
260.607
261.119
261.607
262.107
262.607
263.122
263.607
264.107
264.607
265.117
265.607
266.107
266.607
267.116
267.607
268.107
268.607
269.118
269.607
270.107
270.613
271.119
271.607
272.112
272.607
273.126
273.607
274.107
274.607
275.117
275.615
276.113
276.607
277.114
277.607
278.111
278.613
279.128
279.607
280.107
280.607
281.116
281.607
282.107
282.607
283.116
283.607
284.121
284.615
285.116
285.607
286.124
286.607
287.116
287.607
288.107
288.607
289.12
289.607
290.107
290.607
291.122
291.621
292.107
292.607
293.116
293.607
294.107
294.607
295.116
295.607
296.107
296.607
297.118
297.607
298.107
298.611
299.123
299.607
300.11
300.607
301.118
301.607
302.107
302.607
303.12
303.607
304.107
304.607
305.116
305.607
