0.008802
0.007087
0.007840
0.009277
0.009295
0.008435
0.009825
0.008002
0.007192
0.007298
0.007331
0.007659
0.008612
0.007531
0.008892
0.007014
0.006417
0.007300
0.008542
0.008195
0.007927
0.008185
0.008574
0.009543
0.008957
0.009053
0.007349
0.008902
0.007997
0.007423
0.006942
0.005724
0.005702
0.008594
0.007282
0.006190
0.007187
0.008539
0.007581
0.006760
0.008134
0.016845
0.007776
0.007693
0.006874
0.006153
0.007327
0.008787
0.008940
0.008338
0.008795
0.006416
0.005801
0.006001
0.007013
0.007527
0.005654
0.007394
0.004961
0.007644
0.006525
0.006704
0.007198
0.007727
0.005595
0.009560
0.007701
0.007445
0.006457
0.008015
0.008348
0.006677
0.007856
0.007452
0.007160
0.006455
0.006837
0.007659
0.007742
0.008310
0.007894
0.006865
0.004262
0.008231
0.007688
0.005244
0.006138
0.004542
0.004340
0.007303
0.005935
0.008999
0.005855
0.007328
0.006529
0.006749
0.006942
0.008413
0.007751
0.004997
0.007486
0.007544
0.006203
0.007522
0.008321
0.007433
0.006171
0.009025
0.006578
0.008569
0.007519
0.006450
0.005777
0.008624
0.007108
0.008625
0.007897
0.005710
0.006533
0.005725
0.007641
0.006433
0.008081
0.007882
0.008545
0.008277
0.007473
0.005859
0.006294
0.006583
0.006870
0.007985
0.007457
0.009070
0.006950
0.007896
0.007450
0.007432
0.005993
0.005818
0.006949
0.007972
0.006015
0.009442
0.007516
0.007057
0.007585
0.005818
0.006906
0.005769
0.007419
0.006062
0.007416
0.006557
0.007668
0.007180
0.007859
0.007918
0.007658
0.006858
0.005193
0.006930
0.006795
0.006086
0.006489
0.007578
0.008568
0.007059
0.007347
0.005635
0.007705
0.006318
0.008272
0.007745
0.008216
0.008410
0.008597
0.007032
0.007028
0.006124
0.007444
0.008199
0.007817
0.007706
0.007157
0.007696
0.006408
0.007828
0.006391
0.006280
0.008152
0.005460
0.007166
0.006135
0.009208
0.007309
0.006751
0.010180
0.009539
0.010597
0.008627
0.008970
0.008462
0.008937
0.006392
0.005611
0.005184
0.005780
0.005697
0.007283
0.007102
0.006862
0.006437
0.007606
0.005862
0.007911
0.008601
0.007634
0.006297
0.007820
0.005878
0.006590
0.006173
0.006864
0.009941
0.005188
0.008904
0.007962
0.007551
0.006650
0.008243
0.007501
0.005610
0.006558
0.006321
0.008338
0.008352
0.007107
0.006431
0.007580
0.006013
0.006626
0.008009
0.008761
0.005651
0.006436
0.013996
0.008856
0.007184
0.009239
0.007897
0.014165
0.011846
0.011427
0.012773
0.010262
0.008679
0.008941
0.007364
0.004444
0.008103
0.007738
0.008031
0.005344
0.007975
0.007161
0.007041
0.007216
0.007359
0.004829
0.007420
0.007899
0.007592
0.010016
0.010129
0.008359
0.010795
0.006509
0.007607
0.005155
0.005677
0.008134
0.005561
0.007233
0.008464
0.008636
0.005950
0.005523
0.005180
0.008674
0.006308
0.007692
0.005287
0.006052
0.006423
0.006546
0.006772
0.007613
0.007401
0.006418
0.006143
0.006388
0.005829
0.005771
0.010376
0.008977
0.008330
0.008885
0.007406
0.009604
0.008428
0.007058
0.008604
0.008281
0.006317
0.007539
0.008802
0.008240
0.010214
0.006773
0.007194
0.008307
0.007629
0.011652
0.011657
0.009078
0.012473
0.012219
0.009523
0.008307
0.008780
0.007010
0.010114
0.006857
0.008664
0.006737
0.008192
0.007181
0.006979
0.007235
0.005329
0.005499
0.008215
0.006320
0.009571
0.007361
0.006641
0.009362
0.008929
0.006189
0.007159
0.010394
0.009402
0.012055
0.007489
0.007986
0.008005
0.007117
0.010485
0.015982
0.014086
0.013506
0.011553
0.011575
0.010804
0.007763
0.006897
0.008254
0.008580
0.006725
0.006608
0.006508
0.006105
0.006252
0.007713
0.005146
0.006732
0.005281
0.006281
0.007078
0.007706
0.005412
0.007476
0.006497
0.005745
0.006172
0.008136
0.007340
0.007999
0.010011
0.007168
0.006518
0.005245
0.010108
0.008387
0.006789
0.008461
0.006942
0.008973
0.007897
0.006883
0.007597
0.007649
0.008451
0.004924
0.008810
0.007566
0.006192
0.010715
0.010107
0.009601
0.007587
0.007803
0.008883
0.007867
0.008575
0.005788
0.008206
0.007686
0.007277
0.007628
0.008818
0.007549
0.006758
0.009453
0.013401
0.008182
0.007797
0.007214
0.008288
0.013244
0.009269
0.008297
0.009644
0.007307
0.007085
0.006382
0.006855
0.008719
0.004988
0.004982
0.005546
0.005532
0.007769
0.006569
0.003813
0.010799
0.011528
0.008997
0.010186
0.010814
0.012261
0.008993
0.012207
0.011419
0.009717
0.010797
0.010430
0.011022
0.006802
0.010226
0.006621
0.011987
0.008312
0.008673
0.008372
0.009118
0.013231
0.009844
0.009123
0.009112
0.006089
0.007560
0.009157
0.006762
0.008646
0.008856
0.006141
0.007768
0.007051
0.007228
0.005996
0.004055
0.005059
0.005496
0.006785
0.004728
0.007359
0.005059
0.008210
0.006157
0.007707
0.006625
0.007507
0.006448
0.007502
0.005707
0.006487
0.008674
0.008346
0.008247
0.008089
0.008114
0.006374
0.008038
0.008099
0.005184
0.008729
0.008216
0.005948
0.006879
0.007499
0.005055
0.009099
0.009701
0.005657
0.007142
0.005873
0.006420
0.007169
0.007174
0.007065
0.005628
0.003739
0.005713
0.006298
0.008785
0.008910
0.007467
0.013356
0.011621
0.015418
0.005928
0.005670
0.011264
0.012079
0.011846
0.009187
0.009222
0.009579
0.013921
0.011515
0.007541
0.007478
0.008812
0.008574
0.008617
0.008932
0.008745
0.008478
0.008596
0.008707
0.008609
0.008115
0.008393
0.006967
0.008120
0.008074
0.008400
0.006905
0.006871
0.007169
0.007227
0.007119
0.006384
0.007957
0.006616
0.009068
0.007793
0.006081
0.007199
0.006823
0.008114
0.007085
0.006344
0.006541
0.007599
0.006807
0.005472
0.006432
0.007685
0.006977
0.008611
0.005332
0.007238
0.003918
0.007244
0.004341
0.006321
0.008973
0.008570
0.007597
0.008643
0.006967
0.003953
0.008453
0.007524
0.004037
0.004076
0.006826
0.007335
0.007806
0.006060
0.008899
0.006978
0.006208
0.006809
0.006930
0.007730
0.007299
0.007066
0.007866
0.006551
0.008533
0.003421
0.007630
0.007583
0.007564
0.008640
0.006973
0.007366
0.007228
0.006452
0.004867
0.004704
0.006576
0.003707
0.009525
0.007868
0.007265
0.008873
0.007479
0.007690
0.008700
0.008128
0.006021
0.009544
0.009890
0.007417
0.008188
0.011193
0.006911
0.008477
0.005668
0.008293
0.008188
0.009932
0.008456
0.006035
0.006208
0.006607
0.005140
0.007415
0.006378
0.005373
0.007674
0.006993
0.005986
0.007514
0.007495
0.007850
0.005223
0.007088
0.006166
0.009259
0.005981
0.006948
0.007974
0.008580
0.009735
0.007244
0.007622
0.008809
0.005590
0.008262
0.008391
0.005142
0.008636
0.006265
0.008801
0.005703
0.006179
0.007301
0.005587
0.005061
0.006296
0.006356
0.007420
0.007623
0.007728
0.006831
0.008237
0.007165
0.007414
0.009774
0.004046
0.008877
0.007940
0.005111
0.008184
0.007106
