0.000000
0.000000
0.185847
0.420007
0.574605
0.687961
0.758416
0.925744
1.047189
1.146208
1.218590
1.275664
1.314100
1.372067
1.409393
1.450457
1.482606
1.505206
1.526406
1.552578
1.578286
1.592547
1.598600
1.619527
1.634897
1.647218
1.659295
1.678343
1.686535
1.697642
1.672404
1.638980
1.622103
1.630056
1.628061
1.634106
1.642916
1.650609
1.656570
1.664669
1.675250
1.682639
1.687850
1.694997
1.702332
1.708916
1.715226
1.722499
1.728268
1.732778
1.736176
1.741823
1.745992
1.752948
1.754971
1.760374
1.763463
1.767325
1.769915
1.774460
1.779237
1.782494
1.783301
1.784849
1.788430
1.791847
1.795709
1.798715
1.802127
1.804799
1.804143
1.797887
1.788052
1.788459
1.790191
1.791172
1.793579
1.791611
1.791654
1.796394
1.798219
1.796458
1.795643
1.798167
1.800997
1.801860
1.801890
1.804604
1.806564
1.808357
1.808959
1.804970
1.790422
1.775394
1.767120
1.768999
1.771078
1.772701
1.773576
1.775262
1.776039
1.777603
1.778710
1.781620
1.783523
1.784286
1.787104
1.788676
1.786933
1.788170
1.789485
1.791530
1.793850
1.796175
1.796890
1.798991
1.800477
1.801953
1.802801
1.805617
1.804913
1.806685
1.807580
1.809588
1.810397
1.811993
1.813579
1.815004
1.816237
1.817306
1.817843
1.819379
1.821113
1.822532
1.823213
1.824340
1.825827
1.827128
1.827592
1.826327
1.825976
1.827187
1.827862
1.829298
1.830290
1.831462
1.832005
1.833377
1.834304
1.835273
1.835856
1.836276
1.837826
1.838804
1.841788
1.843543
1.844276
1.844906
1.845171
1.845865
1.843633
1.843900
1.844481
1.845622
1.845895
1.847526
1.847014
1.847178
1.847224
1.848494
1.848450
1.847568
1.850359
1.850868
1.851875
1.852914
1.853513
1.853708
1.854820
1.855981
1.856604
1.857276
1.856685
1.854657
1.854095
1.855215
1.855487
1.856429
1.857056
1.857705
1.858081
1.858895
1.860217
1.860837
1.861203
1.862015
1.862739
1.862562
1.861807
1.862435
1.859997
1.859343
1.859790
1.860613
1.861150
1.862281
1.863155
1.863847
1.864134
1.865510
1.865901
1.867204
1.867679
1.866336
1.864126
1.864043
1.864627
1.865816
1.866547
1.867388
1.867893
1.868406
1.868658
1.869249
1.869677
1.870830
1.870973
1.871649
1.871652
1.872538
1.872801
1.872220
1.867044
1.865711
1.866542
1.868391
1.866080
1.859947
1.858453
1.859111
1.859620
1.859964
1.860284
1.860971
1.862031
1.862670
1.862804
1.863532
1.863935
1.864421
1.864690
1.865836
1.866288
1.866727
1.866894
1.867506
1.868101
1.869470
1.869209
1.868631
1.869118
1.869406
1.869697
1.870299
1.871212
1.870783
1.868009
1.866892
1.866067
1.863741
1.862508
1.863452
1.863598
1.863913
1.864130
1.864742
1.865079
1.866005
1.866170
1.866804
1.867052
1.866869
1.866878
1.867408
1.868141
1.868737
1.868984
1.869528
1.869762
1.870265
1.870198
1.871246
1.871548
1.871935
1.872112
1.872665
1.872825
1.873282
1.873657
1.874066
1.874414
1.874747
1.874893
1.875437
1.876217
1.876629
1.876665
1.877254
1.877972
1.878034
1.877307
1.877582
1.878048
1.876724
1.871836
1.870095
1.870268
1.871084
1.871297
1.871756
1.872229
1.872607
1.872686
1.873153
1.873798
1.874057
1.874241
1.874691
1.874607
1.875509
1.875925
1.875518
1.874986
1.875002
1.874999
1.875444
1.875764
1.876525
1.876672
1.877125
1.877458
1.877747
1.877788
1.878784
1.879402
1.879880
1.881289
1.881675
1.877900
1.874956
1.874890
1.875335
1.875694
1.875904
1.876092
1.876442
1.876693
1.877342
1.877532
1.877934
1.878221
1.878518
1.878718
1.879425
1.879729
1.880019
1.880019
1.880478
1.880754
1.881018
1.880549
1.880393
1.880670
1.881000
1.881076
1.881654
1.882054
1.881996
1.882012
1.882361
1.882587
1.882906
1.883038
1.883775
1.883806
1.882712
1.882019
1.882324
1.882489
1.882646
1.883183
1.883552
1.883701
1.883838
1.884009
1.884431
1.884989
1.885192
1.885313
1.885646
1.885907
1.886148
1.886061
1.885434
1.885035
1.885370
1.885355
1.885629
1.885889
1.886406
1.886280
1.886443
1.886021
1.886191
1.886392
1.886793
1.887277
1.887310
1.887558
1.887950
1.888190
1.887994
1.885647
1.884300
1.884326
1.884560
1.884585
1.885557
1.886749
1.888645
1.888737
1.889084
1.889346
1.890077
1.890174
1.890354
1.890810
1.891070
1.891153
1.891452
1.891657
1.891859
1.892174
1.892529
1.892698
1.892862
1.892141
1.890047
1.887207
1.886798
1.886838
1.887133
1.887327
1.887525
1.887615
1.887932
1.888425
1.888620
1.888695
1.888993
1.889206
1.889402
1.889765
1.889969
1.890192
1.890357
1.890898
1.891132
1.891303
1.891776
1.891865
1.892152
1.892340
1.892527
1.892632
1.893163
1.893314
1.893505
1.893624
1.893904
1.894076
1.894140
1.894506
1.894742
1.894887
1.894485
1.893680
1.893486
1.893534
1.893308
1.890995
1.888698
1.888413
1.888661
1.888768
1.889232
1.889286
1.889585
1.889269
1.889060
1.888020
1.885283
1.884447
1.884736
1.884963
1.885063
1.885104
1.885071
1.883005
1.880324
1.879492
1.879726
1.879766
1.878869
1.877220
1.876305
1.873940
1.872474
1.872152
1.872473
1.872530
1.872656
1.872646
1.872679
1.872878
1.873076
1.873207
1.873495
1.873947
1.874121
1.874258
1.874513
1.874709
1.874920
1.875034
1.875371
1.874788
1.874877
1.874596
1.873999
1.873851
1.874324
1.874026
1.873991
1.874174
1.874337
1.874417
1.874608
1.874992
1.874895
1.874286
1.872742
1.871310
1.871287
1.871261
1.871176
1.869364
1.867523
1.867083
1.867398
1.867569
1.868017
1.868158
1.868422
1.868512
1.868691
1.868434
1.867182
1.866777
1.867254
1.868128
1.868834
1.869035
1.869243
1.869418
1.869565
1.869756
1.869900
1.869697
1.868865
1.867366
1.866208
1.866121
1.866393
1.866548
1.866754
1.866905
1.867146
1.867525
1.867721
1.867844
1.868095
1.868269
1.868373
1.868682
1.868934
1.869111
1.869378
1.869480
1.869664
1.869895
1.869737
1.869106
1.869112
1.869277
1.869444
1.869586
1.869950
