0.000000
0.000000
0.002000
0.002000
42.798000
45.848000
50.729000
61.201000
71.247000
79.316000
85.032000
92.761000
98.761000
104.103000
108.406000
117.717000
138.785000
149.133000
167.487000
184.841000
197.227000
207.146000
220.253000
237.013000
251.074000
262.180000
276.574000
289.729000
300.099000
310.645000
321.426000
324.184000
324.424000
326.113000
335.827000
339.202000
340.721000
343.591000
347.995000
352.702000
357.403000
360.928000
367.488000
374.886000
385.373000
389.878000
394.701000
399.503000
404.950000
409.716000
417.743000
431.180000
447.640000
456.877000
466.916000
474.194000
478.444000
483.935000
491.600000
502.050000
510.141000
513.204000
517.234000
528.380000
535.212000
539.476000
547.910000
558.559000
575.737000
585.948000
599.661000
607.595000
608.874000
609.210000
609.465000
609.576000
617.409000
630.033000
639.898000
646.377000
657.096000
662.592000
674.537000
689.869000
697.619000
700.741000
704.005000
709.281000
722.027000
734.390000
746.439000
757.241000
767.283000
778.706000
788.229000
792.645000
793.363000
794.651000
799.197000
811.032000
833.246000
837.899000
845.901000
854.786000
869.895000
881.331000
893.789000
903.808000
910.831000
914.644000
921.530000
936.393000
950.305000
954.982000
960.483000
974.099000
992.417000
1004.863000
1015.453000
1032.862000
1045.264000
1048.871000
1053.391000
1061.554000
1069.724000
1074.168000
1082.639000
1091.075000
1100.166000
1107.234000
1119.512000
1127.661000
1136.234000
1142.306000
1146.749000
1151.405000
1158.059000
1165.416000
1176.002000
1185.560000
1196.108000
1204.379000
1215.263000
1222.888000
1229.829000
1236.241000
1242.301000
1250.202000
1264.614000
1277.124000
1291.529000
1301.430000
1311.059000
1318.538000
1325.630000
1333.915000
1342.804000
1351.522000
1364.841000
1375.980000
1390.438000
1399.344000
1415.287000
1427.635000
1441.460000
1451.535000
1464.359000
1470.590000
1478.278000
1484.698000
1492.457000
1497.139000
1503.317000
1508.498000
1524.122000
1545.631000
1558.469000
1567.453000
1578.138000
1583.944000
1585.517000
1587.402000
1592.335000
1597.155000
1597.499000
1597.607000
1597.702000
1600.303000
1600.827000
1602.783000
1613.377000
1628.265000
1638.422000
1643.782000
1650.785000
1658.029000
1665.067000
1670.277000
1678.003000
1686.292000
1694.329000
1699.519000
1706.864000
1718.508000
1726.589000
1731.906000
1737.763000
1742.721000
1747.787000
1752.338000
1761.149000
1770.441000
1780.353000
1788.093000
1792.884000
1794.909000
1798.506000
1799.575000
1800.824000
1801.463000
1801.739000
1801.991000
1802.131000
1802.408000
1805.313000
1808.466000
1811.662000
1814.917000
1818.591000
1821.343000
1825.249000
1831.540000
1837.191000
1838.636000
1839.012000
1839.012000
1841.231000
1843.854000
1844.614000
1844.707000
1844.754000
1844.864000
1844.911000
1844.922000
1844.991000
1845.082000
1846.399000
1849.915000
1855.332000
1861.897000
1872.390000
1883.115000
1893.577000
1897.909000
1902.944000
1907.586000
1911.397000
1915.993000
1923.653000
1935.924000
1954.729000
1966.621000
1982.119000
1993.184000
2003.908000
2011.837000
2020.978000
2027.523000
2032.734000
2037.407000
2039.683000
2040.249000
2041.571000
2044.455000
2050.109000
2056.006000
2065.650000
2074.866000
2080.643000
2085.715000
2092.394000
2100.826000
2112.049000
2127.162000
2130.769000
2132.185000
2132.420000
2132.491000
2132.560000
2133.112000
2135.368000
2138.539000
2142.369000
2145.980000
2150.320000
2156.542000
2164.958000
2173.124000
2176.420000
2178.547000
2178.793000
2178.804000
2178.804000
2178.807000
2178.921000
2179.156000
2181.181000
2183.192000
2183.463000
2184.257000
2186.975000
2190.319000
2193.053000
2194.368000
2195.108000
2195.162000
2195.197000
2195.214000
2197.665000
2200.719000
2205.430000
2210.973000
2221.861000
2235.685000
2245.606000
2252.005000
2257.758000
2263.009000
2267.686000
2272.538000
2280.615000
2293.904000
2313.745000
2317.228000
2319.901000
2324.359000
2324.941000
2326.766000
2333.514000
2338.341000
2340.534000
2343.050000
2345.142000
2347.318000
2350.585000
2354.594000
2361.734000
2366.601000
2372.126000
2373.655000
2373.878000
2373.981000
2374.038000
2374.048000
2374.054000
2374.677000
2374.708000
2374.709000
2374.709000
2374.709000
2374.712000
2374.745000
2374.840000
2375.024000
2375.340000
2375.352000
2375.490000
2388.138000
2399.808000
2405.578000
2414.753000
2426.549000
2442.927000
2450.437000
2456.530000
2462.160000
2472.285000
2479.863000
2490.087000
2496.936000
2509.194000
2519.133000
2531.775000
2547.256000
2557.046000
2560.899000
2563.618000
2568.895000
2571.062000
2571.842000
2579.316000
2588.905000
2598.988000
2602.326000
2607.690000
2613.452000
2617.560000
2619.704000
2621.864000
2623.949000
2628.036000
2633.206000
2642.501000
2648.257000
2651.261000
2653.163000
2656.735000
2661.302000
2665.306000
2667.709000
2677.049000
2685.442000
2692.293000
2694.852000
2695.756000
2696.165000
2698.183000
2700.539000
2711.194000
2719.797000
2728.259000
2734.084000
2737.695000
2740.014000
2740.559000
2740.615000
2740.678000
2740.679000
2740.724000
2741.108000
2743.816000
2746.064000
2746.399000
2748.020000
2752.435000
2752.767000
2752.888000
2752.898000
2752.984000
2754.491000
2755.833000
2756.587000
2757.084000
2758.633000
2767.035000
2768.726000
2770.187000
2777.141000
2783.138000
2783.913000
2784.132000
2784.148000
2784.172000
2784.172000
2784.196000
2784.202000
2784.249000
2784.259000
2784.313000
2784.420000
2784.462000
2784.462000
2784.462000
2784.494000
2784.557000
2784.595000
2784.656000
2784.725000
2784.866000
2785.077000
2785.163000
2785.233000
2785.272000
2785.280000
2785.295000
2785.392000
2785.563000
2785.575000
2785.610000
2786.586000
2787.140000
2787.455000
2788.752000
2789.737000
2793.044000
2801.625000
2810.098000
2818.301000
2823.033000
2827.110000
2837.161000
2837.816000
2838.118000
2838.153000
2838.342000
2840.678000
2845.705000
2847.762000
2851.019000
2859.059000
2867.505000
2870.551000
2871.544000
2871.627000
2871.627000
2871.681000
2872.204000
2872.616000
2874.252000
2885.033000
2895.140000
2900.272000
2904.606000
2912.183000
2913.815000
2914.278000
2915.070000
2918.140000
2919.900000
2919.937000
2920.716000
2920.738000
2920.830000
2920.870000
2920.870000
2920.870000
2920.870000
2920.870000
2920.870000
2920.871000
2920.915000
2922.035000
2923.295000
2923.512000
2923.973000
2924.627000
2924.950000
2925.124000
2925.155000
2928.173000
2933.329000
2937.188000
2941.926000
2947.245000
2953.775000
2960.333000
2976.864000
2989.384000
2999.673000
3007.611000
3012.992000
3014.960000
3015.494000
3015.509000
3015.719000
3017.309000
3019.545000
3019.551000
3019.597000
3019.666000
3019.730000
3019.755000
3019.934000
3020.030000
3020.039000
3020.216000
3020.662000
3033.159000
3035.829000
3036.043000
3036.416000
3036.451000
3036.473000
3041.973000
3042.544000
3049.218000
3056.257000
3067.269000
3071.783000
3077.030000
3078.696000
3080.021000
3080.040000
3080.049000
3080.056000
3080.132000
3080.380000
3080.543000
3080.858000
3080.861000
3080.864000
3080.872000
3080.979000
3081.406000
3081.470000
3093.155000
3097.152000
3099.809000
3104.940000
3110.383000
3116.118000
3124.049000
3135.904000
3137.712000
3142.312000
3147.987000
3154.599000
3157.489000
3161.812000
3165.757000
