0.002678
0.002659
0.001153
0.001261
0.000902
0.000617
0.001119
0.000644
0.001042
0.002093
0.001266
0.001044
0.000940
0.001266
0.001598
0.002219
0.003107
0.001934
0.004708
0.002794
0.001955
0.002132
0.001835
0.001416
0.001900
0.002386
0.000982
0.001591
0.001926
0.002460
0.002064
0.001623
0.003817
0.002320
0.002116
0.002133
0.000888
0.001308
0.000781
0.002017
0.001796
0.002038
0.001818
0.002160
0.001915
0.001615
0.002036
0.002272
0.003038
0.001234
0.002687
0.003087
0.002205
0.002324
0.002606
0.001463
0.001494
0.001465
0.001104
0.001528
0.001273
0.001739
0.001820
0.001744
0.002895
0.001539
0.001405
0.001923
0.003306
0.001959
0.002244
0.002303
0.002282
0.002542
0.002273
0.002224
0.001784
0.002769
0.002576
0.002520
0.001522
0.004927
0.001888
0.001453
0.001614
0.002311
0.002947
0.002174
0.002115
0.001654
0.002499
0.002515
0.002149
0.001661
0.002820
0.002510
0.002010
0.002095
0.001936
0.002935
0.003995
0.002360
0.001794
0.002217
0.002804
0.002228
0.002680
0.002171
0.002363
0.002145
0.003059
0.002517
0.002252
0.002178
0.003112
0.001863
0.002955
0.002021
0.003004
0.002214
0.002107
0.002323
0.003329
0.004004
0.004586
0.002091
0.002157
0.005227
0.003905
0.002546
0.002276
0.002317
0.001926
0.002524
0.002292
0.002413
0.002796
0.001904
0.002026
0.002091
0.001745
0.002135
0.002508
0.002174
0.002775
0.002182
0.003265
0.003048
0.001275
0.001090
0.001175
0.001799
0.001203
0.001879
0.001662
0.001438
0.001932
0.000555
0.001147
0.001156
0.000570
0.000758
0.001095
0.000814
0.000820
0.000780
0.001057
0.000780
0.001847
0.001573
0.001185
0.002184
0.001375
0.002952
0.001079
0.001905
0.003028
0.001169
0.000922
0.000608
0.000902
0.001232
0.000517
0.001601
0.000617
0.000570
0.000849
0.001027
0.000832
0.001008
0.002326
0.002129
0.002462
0.002398
0.002766
0.002113
0.001329
0.002064
0.001601
0.001288
0.001974
0.001790
0.001219
0.000923
0.001157
0.000787
0.001183
0.001963
0.001438
0.000779
0.001017
0.000727
0.000721
0.000998
0.001491
0.001131
0.000736
0.000607
0.000797
0.001443
0.002262
0.001253
0.000526
0.001118
0.000727
0.000757
0.001107
0.001334
0.001957
0.001046
0.001302
0.000660
