0.001886
0.001859
0.002640
0.002467
0.002331
0.002375
0.002856
0.002243
0.002042
0.002170
0.002334
0.002586
0.002294
0.002553
0.002186
0.001940
0.002192
0.002002
0.002052
0.002116
0.002129
0.001720
0.002198
0.002104
0.002039
0.002898
0.002103
0.001904
0.001802
0.001818
0.001675
0.001908
0.003227
0.002256
0.002832
0.003640
0.002208
0.002137
0.001861
0.001676
0.001803
0.002532
0.002411
0.002386
0.003603
0.002287
0.002465
0.002575
0.002765
0.001456
0.001634
0.001544
0.002439
0.002879
0.002729
0.002459
0.002587
0.002752
0.003615
0.003029
0.003205
0.003084
0.003029
0.003323
0.004693
0.003311
0.003559
0.004370
0.004898
0.004361
0.003156
0.003564
0.004122
0.003670
0.003187
0.003827
0.003456
0.005464
0.003464
0.003219
0.003343
0.007706
0.003373
0.003300
0.003356
0.003868
0.003558
0.002888
0.003167
0.002253
0.004213
0.002413
0.002771
0.002107
0.002415
0.003067
0.002609
0.002418
0.002511
0.003926
0.005139
0.002098
0.003220
0.002166
0.002396
0.002743
0.003406
0.002503
0.002566
0.002350
0.002815
0.001986
0.001898
0.002111
0.001806
0.001850
0.001912
0.001817
0.002853
0.001755
0.001748
0.002029
0.003375
0.002801
0.003945
0.001826
0.001882
0.001795
0.001565
0.001798
0.001797
0.001778
0.001729
0.001890
0.001463
0.002185
0.001909
0.001935
0.001739
0.001952
0.001974
0.002218
0.001598
0.001885
0.001645
0.001531
0.001445
0.002742
0.003066
0.002397
0.002492
0.002948
0.002643
0.002530
0.002380
0.002392
0.002527
0.002466
0.003993
0.003474
0.002553
0.002288
0.002442
0.002381
0.002537
0.002376
0.002653
0.002482
0.002284
0.002316
0.002589
0.003760
0.002551
0.006277
0.002511
0.002736
0.002305
0.003492
0.002091
0.003429
0.002335
0.002086
0.002099
0.002222
0.002294
0.001391
0.001892
0.002244
0.001799
0.001722
0.001972
0.001340
0.001014
0.002253
0.003594
0.002129
0.002376
0.002091
0.002228
0.002218
0.002012
0.002025
0.002439
0.002746
0.002638
0.002794
0.002494
0.002699
0.002257
0.002624
0.003561
0.001804
0.001577
0.001988
0.003429
0.003291
0.002012
0.002243
0.001927
0.001784
0.003623
0.001742
0.001503
0.002377
0.001654
0.001614
0.001509
0.001367
0.002539
0.001593
0.001656
0.001613
