2.12062
2.62869
3.12064
3.62061
4.12062
4.62886
5.12052
5.62061
6.12058
6.62851
7.12088
7.62062
8.12063
8.64756
9.12059
9.62065
10.1206
10.6206
11.1208
11.6206
12.1206
12.6206
13.1206
13.6206
14.1206
14.6258
15.1206
15.6206
16.1206
16.6207
17.1206
17.6208
18.1206
18.6277
19.1208
19.6205
20.1205
20.6258
21.1207
21.6206
22.1206
22.6259
23.1206
23.6206
24.1248
24.6258
25.1206
25.6206
26.1206
26.6206
27.1304
27.6206
28.1205
28.6283
29.1206
29.6207
30.1206
30.6276
31.1206
31.6206
32.1206
32.6272
33.1206
33.6207
34.1261
34.6315
35.1225
35.6332
36.1305
36.6231
37.1206
37.6206
38.1206
38.6281
39.1206
39.6206
40.1206
40.6257
41.1206
41.6206
42.1207
42.6332
43.1206
43.6206
44.1206
44.633
45.1206
45.6206
46.1206
46.6267
47.1206
47.6206
48.1207
48.6301
49.1206
49.6206
50.1205
50.6252
51.1206
51.6206
52.1206
52.6269
53.1206
53.6206
54.1205
54.6286
55.1296
55.6207
