4.92568
4.96027
6.18077
6.39359
6.51708
7.45036
7.72429
8.64751
8.91212
9.71325
10.7919
10.9058
11.9849
12.1082
12.9018
12.9312
13.0443
13.0722
13.1086
13.1351
13.1691
13.1932
13.2256
13.2522
13.2957
13.3258
13.3568
13.3866
13.4251
13.4496
13.4781
13.5055
13.5484
13.5865
14.965
16.3445
17.7151
19.052
19.5861
19.7112
21.0491
21.1892
22.2028
22.3898
23.5331
23.8389
25.2271
25.9876
27.1303
27.4474
28.6486
28.9101
29.7151
30.6496
30.7878
30.8172
30.8492
30.907
32.2107
32.3786
32.5094
33.6974
33.7236
33.7542
33.7893
33.8222
33.843
33.875
33.9135
33.9459
33.9761
34.0059
34.0384
34.067
34.0982
34.126
34.155
34.1908
34.2263
34.261
34.2857
34.3268
34.3698
34.4914
34.5209
34.5538
34.5841
34.6308
34.6669
34.7306
34.7661
34.793
34.8219
34.8602
34.8994
34.9218
34.9526
34.9818
35.0281
35.0649
35.098
35.122
35.1495
35.1816
35.2137
35.2398
35.2709
35.3002
35.3318
35.3579
35.3915
35.4251
35.4511
35.481
35.5142
35.5364
35.5735
35.5991
35.6331
35.6611
35.6929
35.7214
35.7569
35.7842
35.8191
35.8518
35.8852
35.9178
35.9467
35.982
36.0116
36.0437
36.0694
36.1051
36.1304
36.1647
36.1969
36.2297
36.2539
36.2847
36.3106
36.3486
36.3868
36.4177
36.4477
36.4793
36.5066
36.5412
37.9175
38.247
38.2756
38.3113
38.5098
38.54
38.5653
38.5935
38.6426
38.6651
38.7053
38.7288
38.7673
38.7858
38.8238
38.8471
38.8785
38.9086
38.9402
38.9683
38.9995
39.0289
39.0596
39.0896
39.1164
39.1539
39.1899
39.223
39.2523
39.2814
39.3099
39.3755
39.4006
39.4312
39.4865
39.5713
39.5992
39.928
39.9714
40.0027
40.03
40.0599
40.1023
40.1313
43.3774
46.6404
48.016
49.3848
50.248
50.2783
51.469
51.708
52.9633
53.1852
54.544
54.7881
54.8085
55.0414
55.0715
55.1038
55.1296
55.1746
55.2066
55.2425
55.2639
55.3027
55.3274
55.3649
55.3842
55.4297
55.4574
55.4946
55.5249
55.572
55.6013
55.6369
55.6592
55.6978
55.722
55.7607
55.7934
55.8358
55.8661
55.8909
