2.12052
2.62866
3.12052
3.62055
4.12055
4.62883
5.12049
5.62053
6.12052
6.62848
7.12079
7.62056
8.12053
8.64756
9.12052
9.62055
10.1205
10.6205
11.1206
11.6205
12.1205
12.6205
13.1205
13.6205
14.1205
14.6258
15.1205
15.6205
16.1205
16.6206
17.1205
17.6206
18.1205
18.6277
19.1207
19.6205
20.1205
20.6257
21.1207
21.6205
22.1205
22.6258
23.1205
23.6205
24.1248
24.6258
25.1205
25.6205
26.1205
26.6206
27.1304
27.6205
28.1205
28.6283
29.1205
29.6205
30.1205
30.6276
31.1205
31.6206
32.1205
32.6271
33.1205
33.6205
34.1261
34.6315
35.1225
35.6332
36.1305
36.6231
37.1205
37.6205
38.1205
38.6281
39.1206
39.6205
40.1206
40.6256
41.1205
41.6205
42.1205
42.6331
43.1205
43.6205
44.1205
44.6329
45.1205
45.6205
46.1205
46.6267
47.1205
47.6205
48.1206
48.6288
49.1205
49.6205
50.1205
50.6252
51.1205
51.6205
52.1205
52.6268
53.1205
53.6205
54.1205
54.6286
55.1296
55.6206
