0.000000
0.000000
0.137479
0.408797
0.563508
0.678767
0.745786
0.868071
0.996415
1.059624
1.135852
1.222856
1.282917
1.329437
1.372257
1.406621
1.441012
1.479291
1.505349
1.529295
1.551399
1.568889
1.587458
1.602856
1.607379
1.573100
1.565482
1.577643
1.591927
1.605075
1.621715
1.633196
1.643781
1.653136
1.663268
1.672253
1.678344
1.689460
1.697463
1.704472
1.711314
1.716875
1.722425
1.728441
1.736507
1.733339
1.736181
1.741108
1.746056
1.750843
1.757391
1.762263
1.766420
1.769953
1.774225
1.777689
1.780121
1.772792
1.766761
1.769670
1.773238
1.776224
1.779902
1.785169
1.788435
1.793401
1.788397
1.770725
1.763571
1.764678
1.769211
1.770294
1.774014
1.776532
1.777937
1.777160
1.768927
1.753620
1.741098
1.740655
1.743648
1.746017
1.749370
1.753700
1.755754
1.757430
1.760546
1.763026
1.765367
1.767462
1.771538
1.773777
1.776031
1.777899
1.780358
1.782483
1.785921
1.787690
1.789772
1.791684
1.793587
1.795208
1.797253
1.800328
1.802067
1.803510
1.805234
1.806919
