0.000000
0.000000
35.157000
35.157000
36.156000
39.865000
42.571000
48.250000
51.983000
58.016000
69.801000
78.767000
84.390000
92.426000
100.000000
109.467000
115.993000
124.159000
132.751000
140.755000
146.796000
153.979000
160.863000
167.118000
172.255000
174.766000
175.482000
175.885000
176.160000
176.415000
176.450000
176.596000
176.742000
176.903000
177.110000
177.320000
177.836000
181.240000
185.432000
190.034000
193.861000
199.978000
208.796000
217.271000
221.134000
225.795000
230.265000
233.653000
238.728000
246.731000
253.272000
258.481000
263.005000
268.937000
275.745000
284.367000
292.757000
304.761000
319.996000
330.758000
334.599000
339.707000
344.751000
349.644000
353.409000
358.566000
362.703000
363.652000
364.151000
364.492000
364.702000
364.874000
365.004000
365.405000
365.914000
367.013000
367.816000
368.183000
368.507000
369.083000
369.178000
369.239000
369.439000
369.687000
369.895000
370.177000
370.763000
370.925000
371.105000
371.423000
371.674000
371.991000
372.079000
372.169000
372.268000
372.381000
372.405000
373.708000
384.580000
391.383000
396.353000
402.912000
409.038000
415.046000
419.412000
425.610000
431.541000
438.062000
442.859000
446.070000
