1.62262
1.62271
2.12371
2.62929
3.12277
3.62403
4.12428
4.6297
5.12276
5.65064
6.12351
6.62962
7.12277
7.6422
8.12438
8.64818
9.12275
9.64033
10.1244
10.6242
11.1228
11.6416
12.1228
12.6253
13.1351
13.6355
14.1239
14.6267
15.1227
15.6332
16.1242
16.6235
17.1228
17.6466
18.1344
18.6284
19.1227
19.6358
20.124
20.6268
21.1228
21.6388
22.124
22.6292
23.1228
23.6373
24.1254
24.6271
25.1228
25.6398
26.1239
26.6232
27.1304
27.6375
28.124
28.6297
29.1227
29.6396
30.1237
30.6282
31.1228
31.6356
32.1241
32.6278
33.1227
33.6317
34.1265
34.6336
35.1228
35.6389
36.1309
36.6263
37.1227
37.638
38.1244
38.6287
39.1227
39.6348
40.1314
40.627
41.1228
41.6257
42.1245
42.6341
43.1228
43.6263
44.1244
44.6342
45.1227
45.6273
46.1253
46.6276
47.1228
47.63
48.1263
48.6312
49.1227
49.6304
50.1235
50.6268
51.127
51.6381
52.1233
52.6277
53.1227
53.6392
54.1234
54.6291
55.1297
55.6433
