0.002985
0.004181
0.003753
0.005288
0.007631
0.007283
0.006143
0.006174
0.005846
0.004035
0.003635
0.003233
0.004369
0.004265
0.004669
0.004382
0.004294
0.005238
0.005701
0.004967
0.005692
0.005679
0.007029
0.006500
0.006573
0.006104
0.003114
0.003333
0.004010
0.007941
0.009128
0.007988
0.007811
0.007782
0.007777
0.007774
0.007660
0.007672
0.007645
0.007733
0.007793
0.007744
0.007758
0.007750
0.007812
0.008218
0.007937
0.007733
0.006715
0.008148
0.008524
0.004429
0.003825
0.004287
0.003928
0.004879
0.005990
0.005106
0.004841
0.003813
0.003875
0.004135
0.006144
0.003768
0.004387
0.004660
0.004583
0.006319
0.005326
0.006097
0.004951
0.004322
0.005488
0.005072
0.003662
0.003894
0.004745
0.004394
0.004048
0.002603
0.003196
0.003380
0.003579
0.006052
0.006530
0.006680
0.004591
0.005495
0.004472
0.006855
0.006405
0.005089
0.003615
0.004459
0.003408
0.004795
0.003200
0.004529
0.003473
0.004671
0.008947
0.001913
0.002653
0.004052
0.002714
0.006361
0.009948
0.010428
0.011853
0.013668
0.009295
0.005621
0.004997
0.005789
0.005465
0.003796
0.003275
0.004217
0.004511
0.006224
0.006541
0.005855
0.005253
0.004873
0.005324
0.007694
0.005206
0.005482
0.003758
