158.019531
158.019531
160.085938
167.992188
167.992188
168.250000
168.250000
168.250000
168.250000
168.250000
168.250000
168.250000
168.250000
168.250000
168.250000
168.250000
168.250000
168.250000
168.250000
168.250000
168.250000
168.250000
168.250000
168.250000
168.250000
168.250000
168.250000
168.250000
168.250000
168.250000
168.250000
168.250000
168.250000
168.250000
168.250000
168.250000
168.250000
168.250000
168.250000
168.250000
168.250000
168.250000
168.250000
168.250000
168.250000
168.250000
168.250000
168.250000
168.250000
168.250000
168.250000
168.250000
168.250000
168.250000
168.250000
168.250000
168.250000
168.250000
168.250000
168.250000
168.250000
168.250000
168.250000
168.250000
168.250000
168.250000
169.761719
169.761719
169.761719
169.761719
169.761719
169.761719
169.761719
169.761719
169.761719
169.761719
169.761719
169.761719
169.761719
169.761719
169.761719
169.761719
169.761719
169.761719
169.761719
169.761719
169.761719
169.761719
169.761719
169.761719
169.761719
169.761719
169.761719
169.761719
169.761719
169.761719
169.761719
169.761719
169.761719
169.761719
169.761719
169.761719
169.761719
169.761719
169.761719
169.761719
169.761719
169.761719
169.761719
169.761719
169.761719
169.761719
169.761719
169.761719
169.761719
169.761719
169.761719
169.761719
169.761719
169.761719
169.761719
169.761719
169.761719
169.761719
169.761719
169.761719
169.761719
169.761719
169.761719
169.761719
169.761719
169.761719
169.761719
169.761719
169.761719
169.761719
169.761719
169.761719
169.761719
169.761719
169.761719
169.761719
169.761719
169.761719
169.761719
169.761719
169.761719
169.761719
169.761719
169.761719
169.761719
172.855469
172.855469
172.855469
172.855469
172.855469
172.855469
172.855469
172.855469
172.855469
172.855469
172.855469
172.855469
172.855469
172.855469
172.855469
172.855469
172.855469
172.855469
172.855469
172.855469
172.855469
172.855469
172.855469
172.855469
172.855469
172.855469
172.855469
172.855469
172.855469
172.855469
172.855469
172.855469
172.855469
172.855469
172.855469
172.855469
172.855469
172.855469
172.855469
172.855469
172.855469
172.855469
172.855469
172.855469
172.855469
172.855469
172.855469
172.855469
172.855469
172.855469
172.855469
172.855469
172.855469
172.855469
172.855469
172.855469
172.855469
172.855469
172.855469
172.855469
172.855469
172.855469
172.855469
172.855469
172.855469
172.855469
172.855469
172.855469
172.855469
172.855469
172.855469
172.855469
172.855469
172.855469
172.855469
172.855469
172.855469
172.855469
172.855469
172.855469
172.855469
172.855469
172.855469
172.855469
172.855469
172.855469
172.855469
172.855469
172.855469
172.855469
172.855469
172.855469
172.855469
172.855469
172.855469
172.855469
172.855469
