2.08468
2.58462
3.08475
3.60232
4.08469
4.5847
5.08482
5.5867
6.08471
6.5848
7.08475
7.6006
8.08466
8.58467
9.08469
9.59853
10.0847
10.5848
11.0847
11.6013
12.0849
12.5847
13.0847
13.5985
14.0847
14.5847
15.0846
15.5847
16.0847
16.5847
17.0847
17.5885
18.0847
18.5849
19.0898
19.6028
20.0847
20.5848
21.0848
21.5994
22.0848
22.5847
23.0848
23.5899
24.0847
24.5847
25.0847
25.607
26.0847
26.5848
27.0846
27.5922
28.0847
28.5849
29.0847
29.5893
30.0847
30.5847
31.0847
31.5988
32.0847
32.5847
33.0848
33.5953
34.0847
34.5851
35.0847
35.598
36.0846
36.5847
37.0847
37.5862
38.0848
38.5847
39.0847
39.5984
40.0847
40.585
41.0847
41.5872
42.0847
42.585
43.0847
43.5847
44.0847
44.5847
45.088
45.5914
46.0847
46.5847
47.0848
47.5975
48.0847
48.5847
49.0847
49.5903
50.0847
50.5847
51.0866
51.5956
52.0847
52.5847
53.0846
53.6005
54.0848
54.5846
55.0847
55.6029
56.0846
56.5847
57.0847
57.5982
58.0847
58.5847
59.0847
59.5864
60.0847
60.585
61.0847
61.5888
62.0847
62.5847
63.0848
63.589
64.0847
64.5848
65.0848
65.5878
66.0847
66.5848
67.0847
67.5891
68.0847
68.5847
69.0846
69.6009
70.0848
70.5847
71.0847
71.594
72.0846
72.5847
73.0847
73.5847
74.0846
74.5848
75.0848
75.5947
76.0847
76.5847
77.0847
77.6007
78.0847
78.5847
79.0847
79.5978
80.0847
80.5849
81.0847
81.5999
82.0847
82.5848
83.0846
83.6002
84.0847
84.5847
85.0847
85.5847
86.0847
86.5847
87.0846
87.5965
88.0848
88.5847
89.0847
89.5908
90.0856
90.5847
91.0855
91.5914
92.0848
92.5846
93.0849
93.5847
94.0854
94.5847
95.0847
95.6004
96.0852
96.5848
97.0846
97.5897
98.0853
98.5853
99.0873
99.5958
100.085
100.585
101.085
101.591
102.085
102.585
103.085
103.589
104.085
104.585
105.085
105.594
106.085
106.585
107.085
107.585
108.085
108.585
109.085
109.592
110.085
110.585
111.085
111.599
112.085
112.585
113.085
113.59
114.085
114.585
115.085
115.595
116.085
116.585
117.085
117.585
118.085
118.585
119.085
119.585
120.085
120.585
121.085
121.585
122.085
122.585
123.085
123.585
124.085
124.585
125.085
125.587
