0.002201
0.001984
0.001862
0.002029
0.002011
0.002634
0.002651
0.002637
0.003026
0.002556
0.002750
0.003234
0.002169
0.002530
0.002628
0.002537
0.002279
0.002072
0.002180
0.002357
0.002386
0.002846
0.002994
0.002824
0.003117
0.003328
0.003045
0.003230
0.003128
0.003062
0.004908
0.002929
0.003156
0.002854
0.002858
0.002604
0.002839
0.002980
0.002967
0.002654
0.002817
0.002447
0.002888
0.002704
0.003078
0.005083
0.003716
0.002820
0.003123
0.003432
0.003463
0.003244
0.002762
0.003167
0.003323
0.002766
0.003014
0.003386
0.002960
0.002682
0.002944
0.002957
0.003537
0.002785
0.002646
0.002717
0.002553
0.002835
0.003089
0.003111
0.003654
0.003894
0.004036
0.003575
0.003912
0.003592
0.003754
0.003559
0.003675
0.004224
0.004610
0.004424
0.003937
0.003993
0.003315
0.003762
0.004166
0.003948
0.004334
0.004370
0.003569
0.003375
0.003168
0.003151
0.003006
0.002324
0.002330
0.002745
0.002949
0.002657
0.006075
0.002489
0.002242
0.002613
0.002398
0.002940
0.005514
0.002883
0.005192
0.005865
0.003108
0.003575
0.003101
0.003569
0.003138
0.002991
0.002932
0.004229
0.001462
0.002515
0.003240
0.003392
0.003166
0.002152
0.004710
0.006444
0.002872
0.002858
0.004505
