0.000000
0.000000
0.066667
0.566667
1.086667
1.726667
2.304133
3.204005
4.136135
5.091344
6.102907
7.011586
7.777922
8.378730
9.242970
10.229416
11.227173
12.171594
13.167620
14.225392
15.221822
16.183836
17.178186
18.160285
19.150649
20.127956
21.197241
22.081903
22.362328
22.873317
23.794017
24.784922
25.773588
26.710048
27.701566
28.687301
29.671560
30.662111
31.632825
32.684788
33.672349
34.635955
35.535876
36.510876
37.496648
38.383334
38.683896
39.307579
40.255282
41.247630
42.238877
43.226733
44.283485
45.265519
45.822276
46.231535
47.039357
48.022733
49.062351
49.587095
49.795058
50.292265
51.149862
51.781140
52.572004
53.643816
54.640178
55.624907
56.630325
57.539281
58.459794
59.456663
60.492944
61.473412
62.469743
63.458721
64.447858
65.424168
66.464372
67.438475
68.429294
69.414775
70.400829
71.394784
72.349388
73.409118
74.413963
75.400919
76.393020
77.361864
78.321389
79.141933
79.919559
80.286236
80.836408
81.704089
82.665570
83.646601
84.675740
85.491664
85.716034
86.297834
87.274387
88.263155
89.255880
90.325215
91.303182
92.238481
93.221571
94.180092
95.134930
96.210561
97.180930
98.168828
99.129781
99.965740
100.851249
101.810857
102.928338
103.905509
104.671458
104.923102
105.495574
106.423041
107.482164
108.473132
109.468384
110.453411
111.445572
112.437606
113.414556
114.412951
115.410497
116.519923
117.501082
118.484437
119.477344
120.385418
120.804701
121.219465
122.020060
122.979823
123.973037
124.958695
126.006762
126.993497
127.984481
128.975875
129.966415
130.956020
131.940741
132.979450
133.970032
134.898145
135.878907
136.866380
137.847619
138.836602
139.892101
140.872255
141.854054
142.844705
143.837129
144.821483
145.825558
146.786919
147.644014
148.523077
148.832824
148.832824
148.832824
148.832824
148.832824
148.832824
148.832824
148.832824
148.832824
148.832824
148.832824
148.832824
148.832824
148.832824
148.832824
148.832824
148.832824
148.832824
148.832824
148.832824
148.832824
148.832824
148.832824
148.832824
148.832824
148.832824
148.832824
148.832824
148.832824
148.832824
148.832824
148.832824
148.832824
148.832824
148.832824
148.832824
148.832824
148.832824
148.832824
148.832824
148.832824
148.832824
148.832824
148.832824
148.832824
148.832824
148.832824
148.832824
148.832824
148.832824
148.832824
148.832824
148.832824
148.832824
148.832824
148.832824
148.832824
148.832824
148.832824
148.832824
148.832824
148.832824
148.832824
148.832824
148.832824
148.832824
148.832824
148.832824
148.832824
148.832824
148.832824
148.832824
148.832824
148.832824
148.832824
148.832824
148.832824
148.832824
148.832824
148.832824
