4.96714
5.52136
5.64035
5.89838
6.54887
6.96522
7.89294
8.96907
10.0382
10.1506
11.5264
12.0435
13.1448
14.0361
14.679
14.8297
15.0766
15.103
16.4809
17.4794
18.8605
19.6552
20.5659
20.6844
21.2337
21.4828
22.5522
23.0758
23.7939
24.0174
25.3966
25.4339
25.4765
25.5065
25.5359
25.5651
25.6069
25.6459
25.6762
25.7069
25.7483
25.7785
25.8095
25.8402
25.885
25.9269
25.9682
26.0258
26.0634
27.4405
27.7597
28.4282
29.7644
30.0345
30.6697
30.8155
32.2063
32.678
34.063
34.8304
36.0353
36.4234
37.5681
37.8712
39.0171
40.0331
40.1593
40.9677
42.182
42.2922
43.2436
43.8961
44.8562
45.1052
46.0491
46.1449
46.2795
46.5533
47.6281
48.1522
48.4433
49.0813
49.4752
50.6778
50.9505
52.3288
53.6365
53.8817
54.0165
54.8262
56.036
57.4122
58.0352
58.2954
58.6707
59.472
59.6098
60.813
61.217
61.2495
61.2869
61.3214
61.3488
61.4695
61.4998
61.5362
61.5755
61.6229
63.0007
64.3737
65.7542
67.1197
67.3492
67.4808
67.7502
68.5484
68.9391
69.3466
70.4085
73.6699
75.0412
76.4149
76.9618
77.8683
81.12
82.5052
83.0732
83.3484
84.5601
