0.000000
0.000000
0.051041
0.310717
0.471224
0.615334
0.696920
0.841360
0.960539
1.059334
1.150169
1.204322
1.233408
1.231071
1.265112
1.308119
1.351682
1.382182
1.414955
1.448221
1.476951
1.497664
1.519378
1.536414
1.556198
1.571754
1.593053
1.599435
1.563133
1.544862
1.554547
1.567683
1.580616
1.589296
1.600213
1.609455
1.620859
1.630426
1.638485
1.649017
1.658234
1.664707
1.667867
1.673939
1.681009
1.683034
1.659821
1.649608
1.656182
1.662804
1.669124
1.674572
1.683396
1.688620
1.678100
1.662365
1.661813
1.667106
1.674138
1.662869
1.643071
1.632545
1.633859
1.627480
1.627312
1.635161
1.640547
1.644764
1.650740
1.653140
1.655802
1.660447
1.666191
1.670198
1.674521
1.677922
1.682444
1.685916
1.690943
1.694069
1.697742
1.701078
1.704369
1.707762
1.710143
1.714925
1.718192
1.720980
1.724211
1.726595
1.728715
1.727276
1.725898
1.715296
1.708793
1.708872
1.711287
1.713857
1.717283
1.716114
1.703891
1.698574
1.701055
1.703201
1.706412
1.710512
1.712811
1.713697
1.716597
1.718425
1.720154
1.723598
1.725941
1.728141
1.729831
1.729278
1.729687
1.731290
1.735544
1.737254
1.735671
1.725537
1.720799
1.721766
1.725067
1.727110
1.729190
1.730994
1.733049
1.734984
1.736660
1.738522
1.740573
1.744153
1.745773
1.746984
1.749147
1.749634
1.743061
1.736285
1.735556
1.736854
1.738604
1.740225
1.742687
1.744269
1.745890
1.747258
1.749069
1.750607
1.752061
1.753835
1.755693
1.756348
1.757675
1.758773
1.760370
1.761747
1.763952
1.764844
1.766418
1.767745
1.769082
1.769965
1.771748
1.772658
1.772308
1.772222
1.765387
1.754979
1.744693
1.734285
1.724475
1.714544
1.704725
1.694898
1.685420
1.675931
1.666531
1.657144
1.648091
1.639019
1.630038
1.621164
1.612370
1.603696
1.595103
1.586335
1.578181
1.569864
1.561631
1.553398
1.545405
1.537423
1.529491
1.521539
1.513974
1.506312
1.498729
1.491127
1.483786
1.476428
1.469140
1.461856
1.454781
1.447705
1.440697
1.433630
1.426885
1.420079
1.413336
1.406656
1.400040
1.393485
1.386994
1.380469
1.374188
1.367873
1.361616
1.355242
1.349272
1.343183
1.337149
1.331109
1.325242
1.319369
1.313546
1.307652
1.302055
1.296385
1.290762
1.285189
1.279664
1.274188
1.268756
1.263371
1.258032
1.252737
1.247488
1.242282
1.237118
1.231998
1.226920
1.221883
1.216888
1.211934
1.207020
1.202124
