0.000000
0.000000
0.000000
0.000000
0.000000
32.552000
33.799000
38.656000
43.521000
60.033000
78.600000
89.884000
104.775000
122.130000
131.351000
136.483000
147.565000
162.951000
172.211000
177.642000
181.705000
189.969000
199.709000
212.111000
221.588000
231.140000
239.372000
247.527000
256.810000
260.565000
260.788000
260.855000
260.991000
265.313000
269.391000
278.822000
292.361000
306.042000
319.716000
333.305000
343.529000
350.699000
355.094000
359.334000
364.686000
372.762000
375.081000
377.594000
378.239000
378.536000
378.587000
379.512000
384.113000
393.278000
396.807000
400.783000
401.638000
405.938000
417.068000
426.442000
433.849000
436.583000
439.609000
445.954000
450.714000
451.369000
452.988000
457.520000
461.612000
465.361000
468.874000
473.279000
479.144000
484.731000
488.300000
493.835000
503.269000
514.073000
521.781000
532.107000
547.516000
556.759000
566.161000
583.221000
602.800000
612.864000
620.459000
634.140000
644.738000
654.734000
668.462000
680.734000
684.237000
689.624000
703.562000
709.074000
715.227000
723.920000
725.136000
727.171000
736.836000
737.107000
737.186000
737.234000
737.369000
741.525000
742.594000
745.113000
748.753000
752.711000
755.221000
757.612000
757.872000
758.099000
761.542000
773.385000
777.872000
779.241000
781.331000
783.918000
788.400000
791.606000
792.561000
793.329000
793.361000
793.595000
793.651000
793.728000
793.940000
794.106000
794.401000
794.555000
795.411000
799.105000
801.827000
808.166000
816.000000
819.781000
820.942000
822.282000
822.890000
822.971000
823.043000
823.059000
823.105000
823.216000
823.302000
823.447000
823.458000
823.485000
823.516000
823.596000
823.925000
824.572000
825.638000
827.420000
827.908000
828.003000
828.028000
828.118000
828.203000
828.286000
828.303000
829.498000
834.420000
840.646000
843.167000
847.492000
849.757000
850.173000
850.220000
850.220000
850.220000
850.220000
850.220000
850.220000
850.220000
850.220000
850.220000
850.220000
850.220000
850.220000
850.220000
850.220000
850.220000
850.220000
850.220000
850.220000
850.220000
850.220000
850.220000
850.220000
850.220000
850.220000
850.220000
850.220000
850.220000
850.220000
850.220000
850.220000
850.220000
850.220000
850.220000
850.220000
850.220000
850.220000
850.220000
850.220000
850.220000
850.220000
850.220000
850.220000
850.220000
850.220000
850.220000
850.220000
850.220000
850.220000
850.220000
850.220000
850.220000
850.220000
850.220000
850.220000
850.220000
850.220000
850.220000
850.220000
850.220000
850.220000
850.220000
850.220000
850.220000
850.220000
850.220000
850.220000
850.220000
850.220000
850.220000
850.220000
850.220000
850.220000
850.220000
850.220000
850.220000
850.220000
850.220000
850.220000
850.220000
850.220000
