0.005634
0.006158
0.006016
0.007590
0.007363
0.006672
0.005396
0.003671
0.004649
0.004750
0.005467
0.004685
0.005797
0.005694
0.006502
0.006512
0.005523
0.007653
0.008369
0.007260
0.007377
0.007015
0.005472
0.003951
0.003486
0.003492
0.003578
0.003566
0.003570
0.003560
0.003831
0.003120
0.004441
0.005080
0.006410
0.008133
0.008678
0.007643
0.008055
0.005975
0.006089
0.005746
0.006006
0.005876
0.004833
0.005318
0.006999
0.008118
0.006625
0.005885
0.004714
0.003571
0.005434
0.004928
0.003757
0.004063
0.004075
0.003169
0.002753
0.002830
0.004515
0.004748
0.003137
0.003548
0.003182
0.002592
0.003047
0.004444
0.003596
0.003430
0.003025
0.002428
0.003450
0.003365
0.003923
0.003135
0.004457
0.004465
0.003874
0.003893
0.003876
0.003228
0.004839
0.006358
0.004616
0.007189
0.005503
0.004390
0.007589
0.003990
0.004230
0.002411
0.002743
0.003707
0.005187
0.005102
0.006883
0.006580
0.005459
0.005929
0.004605
0.005691
0.003416
0.003424
0.003745
0.004152
0.004261
0.006441
0.006481
0.008064
0.007120
0.005353
0.006828
0.006210
0.005391
0.006781
0.008144
0.005129
0.004341
0.006346
0.004840
0.004037
0.003129
0.003554
0.004039
0.003880
0.005113
0.005091
0.004799
0.003707
0.003524
0.004700
0.003318
0.006099
0.004253
0.004060
0.003093
0.005094
0.004260
0.004977
0.002418
0.003048
0.003552
0.005652
0.003397
0.003455
0.003114
0.002542
0.004179
0.006981
0.007039
0.007027
0.006978
0.006970
0.006987
0.007013
0.006970
0.007057
0.007012
0.003400
0.006624
0.006868
0.004753
0.006054
0.007505
0.009434
0.007962
0.007351
0.007124
0.008500
0.006157
0.008181
0.006448
0.005646
0.005584
0.006881
0.006963
0.005673
0.010613
0.010518
0.009663
0.003887
0.006046
0.010849
0.009653
0.011254
0.008902
0.010608
0.014182
0.004758
0.004131
0.005380
0.004220
0.004693
0.003802
0.003929
0.002424
0.003663
0.003505
0.003165
0.004092
0.005263
0.005113
0.004939
0.005708
0.004109
0.005509
0.005120
0.005402
0.004691
0.003661
0.003619
0.003679
0.003893
0.002550
0.002925
0.005290
0.002898
0.004247
0.004716
0.005938
0.005698
0.004782
0.007135
0.006310
0.005441
0.007260
0.004286
0.005993
0.005538
0.007309
0.004244
0.004714
0.006485
0.004979
0.007991
0.006821
0.006461
0.009260
0.006266
0.004610
0.005125
0.005646
0.004405
0.008512
0.003944
0.004031
0.004230
0.003325
0.003248
0.004479
0.006068
0.005496
0.004879
0.004946
0.006674
0.006186
0.006413
0.004797
0.006008
0.005153
0.003529
0.004094
0.004040
0.003408
0.003333
0.003649
0.004241
0.003903
0.004365
0.004725
0.004728
0.004933
0.003837
0.004870
0.005284
0.005352
0.006576
0.005335
0.005638
0.005874
0.005655
0.004786
0.003973
0.003304
0.003558
0.004755
0.005240
0.005902
0.006738
0.005610
0.009650
0.008703
0.005865
0.005792
0.003937
0.005211
0.004260
0.003154
0.002367
0.003172
0.003604
0.004249
0.004233
0.004243
0.003957
0.003754
0.005506
0.008286
0.011750
0.011946
0.010607
0.009237
0.006760
0.005376
0.007177
0.004828
0.003841
0.009116
0.004633
0.004163
0.003909
0.003845
0.003778
0.002951
0.002937
0.002934
0.002968
0.004259
0.003812
0.004745
0.004230
0.004196
0.004256
0.005044
0.004228
0.003957
0.003941
0.006813
0.006536
0.005964
0.005767
0.005211
0.003505
0.004032
0.003972
0.003646
0.004793
0.004569
0.004596
0.004555
0.005433
0.004375
0.003961
0.004694
0.004963
0.004887
0.007683
0.008746
0.012293
0.011094
0.009630
0.012598
0.009680
0.004214
0.005052
0.008326
0.015858
0.015764
0.010188
0.010920
0.005523
0.009364
0.012077
0.010365
0.010784
0.010775
0.010683
0.010709
0.010845
0.010767
0.010700
0.009618
0.009594
0.009592
0.008652
0.008266
0.007282
0.007896
0.007005
0.004945
0.004590
0.003143
0.002778
0.003133
0.004140
0.004402
0.004335
0.005997
0.005577
0.007702
0.005213
0.005085
0.004799
0.004627
0.005131
0.004494
0.005834
0.005091
0.003911
0.006029
0.005845
0.003913
0.003623
0.007501
0.002902
0.003845
0.004083
0.004302
0.006697
0.007249
0.006983
0.007560
0.004980
0.008351
0.006346
0.006114
0.005247
0.007124
0.006044
0.007117
0.007830
0.005542
0.004627
0.003566
0.003374
0.003639
0.003931
0.003342
0.003742
0.003721
0.004305
0.003454
0.004802
0.003916
0.004303
0.003061
0.004382
0.003950
0.003976
0.003510
0.004018
0.002733
0.003981
0.006363
0.004426
0.004802
0.004042
0.004078
0.005167
0.005316
0.005435
0.005290
0.004802
0.005785
0.006302
0.004152
0.003450
0.003760
0.003371
0.003671
0.003644
0.003921
0.003828
0.003779
0.003830
0.003781
0.002998
0.003385
0.004565
0.004963
0.005181
0.005966
0.005132
0.006117
0.006196
0.005043
0.005166
0.006090
0.005080
0.006869
0.006403
0.006446
0.006591
0.004844
0.004687
0.003987
0.004051
0.003026
0.002595
0.009507
0.009882
0.009474
0.008914
0.008714
0.007334
0.008989
0.006320
0.008242
0.003827
0.005420
0.004746
0.006646
0.005465
0.005892
0.005890
0.003810
0.005954
0.009049
0.009570
0.015393
0.013505
0.016413
0.015467
0.012770
0.011527
0.015315
0.010846
0.010857
0.010851
0.010865
0.010181
0.010290
0.010306
0.009773
0.009747
0.010014
0.009812
0.009813
0.010100
0.009467
0.008026
0.008756
0.009693
0.007245
0.007850
0.008039
0.011120
0.007724
0.010742
0.009155
0.012677
0.004616
0.010674
0.009525
0.009669
0.013375
0.010724
0.013200
0.008005
0.010893
0.008161
0.011223
0.010312
0.010575
0.012165
0.012806
0.010985
0.009664
0.008827
0.011378
0.012036
0.008666
0.009718
0.007584
0.007834
0.010407
0.007890
0.007260
0.004781
0.004007
0.002722
0.003255
0.002851
0.005772
0.004636
0.004319
0.005155
0.004334
0.004560
0.005315
0.005233
0.003531
0.004776
0.004634
0.003607
0.003521
0.003009
0.003161
0.002791
0.004702
0.002821
0.002875
0.003994
0.006675
0.006175
0.006195
0.004106
0.003891
0.003439
0.002615
0.002066
0.003773
0.003400
0.003528
0.003942
0.003709
0.004510
0.004250
0.004492
0.008754
0.004928
0.005917
0.005572
0.005257
0.005984
0.005622
0.005167
0.006614
0.007230
0.005419
0.005025
0.005603
0.003681
0.004655
0.004224
0.005702
0.004282
0.003900
0.003942
0.003092
0.004021
0.004032
0.003473
0.003572
0.004597
0.004777
0.004167
0.004667
0.003842
0.004470
0.004697
0.005287
0.004148
0.003577
0.003510
0.003585
0.005741
0.007058
0.012430
0.006231
0.005480
0.005438
0.008301
0.005143
0.009339
0.005163
0.004379
0.005035
0.004393
0.006643
0.008748
0.008843
0.008414
0.005266
0.004388
0.004213
0.004585
0.003925
0.003663
0.003959
0.004407
0.006738
0.008963
0.005452
0.008063
0.003754
0.004599
0.004417
0.008250
0.006473
0.007496
0.009253
0.006225
0.007465
0.006346
0.007797
0.007272
0.006178
0.007842
0.006054
0.006089
0.007022
0.006233
0.008187
0.005051
0.008096
0.008282
0.006380
0.007001
0.012279
0.008951
0.008786
0.012503
0.010405
0.004835
0.003874
0.003873
0.004064
0.013470
0.012399
0.010338
0.009495
0.005777
0.008169
0.007826
0.006467
0.005603
0.003687
0.002929
0.004750
0.004183
0.003757
0.003711
0.005259
0.001515
