167.820312
169.394531
173.519531
173.519531
173.519531
173.519531
173.519531
173.519531
173.519531
173.519531
173.519531
173.519531
173.519531
173.519531
173.519531
173.519531
173.519531
173.519531
173.519531
173.519531
173.519531
173.519531
173.519531
173.519531
173.519531
173.519531
173.519531
173.519531
173.519531
173.519531
173.519531
173.519531
173.519531
173.519531
173.519531
173.519531
173.519531
173.519531
173.519531
173.519531
173.519531
173.519531
173.519531
173.519531
173.519531
173.519531
173.519531
173.519531
173.519531
173.519531
173.519531
173.519531
173.519531
173.519531
173.519531
173.519531
173.519531
173.519531
173.519531
173.519531
173.519531
173.519531
173.519531
173.519531
173.519531
173.519531
173.519531
173.519531
173.519531
173.519531
173.519531
173.519531
173.519531
173.519531
173.519531
173.519531
173.519531
173.519531
173.519531
173.519531
173.519531
173.519531
173.519531
173.519531
173.519531
173.519531
173.519531
173.519531
173.519531
173.519531
173.519531
173.519531
173.519531
173.519531
173.519531
173.519531
173.519531
173.519531
173.519531
173.519531
173.519531
173.519531
173.519531
173.519531
173.519531
173.519531
173.519531
173.519531
173.519531
173.519531
173.519531
173.519531
173.519531
173.519531
173.519531
173.519531
173.519531
173.519531
173.519531
173.519531
173.519531
173.519531
173.519531
173.519531
173.519531
173.519531
173.519531
173.519531
173.519531
173.519531
173.519531
173.519531
173.519531
173.519531
173.519531
173.519531
173.519531
173.519531
173.519531
173.519531
173.519531
173.519531
173.519531
173.519531
173.519531
173.519531
173.519531
173.519531
173.519531
173.519531
173.519531
173.519531
173.519531
173.519531
173.519531
173.519531
173.519531
173.519531
173.519531
173.519531
173.519531
173.519531
173.519531
173.519531
173.519531
173.519531
173.519531
173.519531
173.519531
173.519531
173.519531
173.519531
173.519531
175.035156
175.035156
175.035156
175.035156
175.035156
175.035156
175.035156
175.035156
175.035156
175.035156
175.035156
175.035156
175.035156
175.035156
175.035156
178.128906
178.128906
178.128906
178.128906
178.128906
178.128906
178.128906
178.128906
178.128906
178.128906
178.128906
178.128906
178.128906
178.128906
178.128906
178.128906
178.128906
178.128906
178.128906
178.128906
178.128906
178.128906
178.128906
178.128906
178.128906
178.128906
178.128906
178.128906
178.128906
178.128906
178.128906
178.128906
178.128906
178.128906
178.128906
178.128906
178.128906
178.128906
178.128906
178.128906
178.128906
178.128906
178.128906
178.386719
178.386719
179.160156
179.160156
179.160156
179.160156
179.160156
179.160156
179.160156
179.160156
179.160156
179.160156
179.160156
179.160156
179.160156
179.160156
179.160156
179.160156
179.160156
179.160156
179.160156
179.160156
179.160156
179.160156
179.160156
179.160156
179.417969
179.417969
179.417969
179.417969
179.417969
179.417969
179.417969
179.417969
179.417969
179.417969
179.417969
179.417969
179.417969
179.417969
179.417969
179.417969
179.417969
179.417969
179.417969
179.417969
179.417969
179.417969
179.417969
179.417969
179.417969
179.417969
179.417969
179.417969
179.417969
179.417969
179.417969
179.417969
179.417969
179.417969
179.417969
179.675781
179.675781
179.933594
179.933594
179.933594
179.933594
179.933594
179.933594
179.933594
179.933594
180.191406
180.191406
180.191406
180.191406
180.191406
180.191406
180.191406
180.191406
180.191406
180.191406
180.191406
180.191406
180.191406
180.191406
180.191406
180.191406
180.191406
180.191406
180.191406
180.191406
180.191406
180.191406
180.191406
180.191406
180.449219
180.449219
180.449219
180.449219
180.449219
180.449219
180.449219
180.449219
180.449219
180.449219
180.449219
180.449219
180.449219
180.449219
180.449219
180.449219
180.449219
180.449219
180.449219
180.449219
180.449219
180.449219
180.707031
180.707031
180.707031
180.707031
180.707031
180.707031
180.707031
180.707031
180.707031
180.707031
180.707031
180.707031
180.707031
180.707031
180.707031
180.707031
180.707031
180.707031
180.707031
180.707031
180.707031
180.707031
180.707031
180.707031
180.707031
180.707031
180.707031
180.707031
180.707031
180.707031
180.707031
180.707031
180.707031
180.707031
180.707031
180.707031
180.707031
180.707031
180.707031
180.707031
180.707031
180.707031
180.707031
180.707031
180.707031
180.707031
180.707031
180.707031
180.707031
180.707031
180.707031
180.707031
180.707031
180.707031
180.707031
180.707031
180.707031
180.707031
181.222656
181.222656
181.222656
181.222656
181.222656
181.222656
181.222656
181.222656
181.222656
181.222656
181.222656
181.222656
181.222656
181.222656
181.222656
181.222656
181.222656
181.222656
181.222656
181.222656
181.222656
181.222656
181.222656
181.222656
181.222656
181.222656
181.222656
181.222656
181.222656
181.222656
181.222656
181.222656
181.222656
181.222656
181.222656
181.222656
181.222656
181.222656
181.222656
181.222656
181.222656
181.222656
181.222656
181.222656
181.222656
181.222656
181.222656
181.222656
181.222656
181.222656
181.222656
181.222656
181.222656
181.222656
181.222656
181.222656
181.222656
181.222656
181.222656
181.222656
190.761719
190.761719
190.761719
190.761719
190.761719
190.761719
190.761719
190.761719
190.761719
190.761719
190.761719
190.761719
190.761719
190.761719
190.761719
190.761719
190.761719
190.761719
190.761719
190.761719
190.761719
190.761719
190.761719
190.761719
190.761719
190.761719
190.761719
190.761719
190.761719
190.761719
190.761719
190.761719
190.761719
190.761719
190.761719
190.761719
190.761719
190.761719
190.761719
190.761719
190.761719
190.761719
190.761719
190.761719
190.761719
190.761719
190.761719
190.761719
190.761719
190.761719
190.761719
190.761719
190.761719
190.761719
190.761719
190.761719
190.761719
190.761719
190.761719
190.761719
190.761719
190.761719
190.761719
190.761719
190.761719
190.761719
190.761719
190.761719
190.761719
190.761719
190.761719
190.761719
190.761719
190.761719
190.761719
190.761719
190.761719
190.761719
190.761719
190.761719
190.761719
190.761719
190.761719
190.761719
190.761719
190.761719
190.761719
190.761719
190.761719
190.761719
190.761719
190.761719
190.761719
190.761719
190.761719
190.761719
190.761719
190.761719
190.761719
190.761719
190.761719
190.761719
190.761719
190.761719
190.761719
190.761719
190.761719
190.761719
190.761719
190.761719
190.761719
190.761719
190.761719
190.761719
190.761719
190.761719
190.761719
190.761719
190.761719
190.761719
190.761719
190.761719
190.761719
190.761719
190.761719
190.761719
190.761719
190.761719
190.761719
190.761719
190.761719
190.761719
190.761719
190.761719
190.761719
190.761719
190.761719
190.761719
190.761719
190.761719
190.761719
190.761719
190.761719
190.761719
190.761719
190.761719
190.761719
190.761719
190.761719
190.761719
190.761719
190.761719
190.761719
190.761719
190.761719
190.761719
190.761719
190.761719
190.761719
190.761719
190.761719
190.761719
190.761719
190.761719
190.761719
190.761719
190.761719
190.761719
190.761719
190.761719
190.761719
190.761719
190.761719
190.761719
190.761719
190.761719
190.761719
190.761719
190.761719
190.761719
190.761719
190.761719
190.761719
190.761719
190.761719
190.761719
190.761719
190.761719
