2.11884
2.61869
3.11868
3.63197
4.11878
4.61872
5.12298
5.61885
6.11873
6.6187
7.11872
7.61876
8.11887
8.61869
9.1189
9.61875
10.1191
10.6187
11.1188
11.6188
12.1188
12.6187
13.1187
13.6187
14.1187
14.6188
15.1187
15.6186
16.1187
16.6188
17.1189
17.6188
18.1187
18.6188
19.1194
19.6187
20.1189
20.6187
21.1187
21.6188
22.1187
22.6188
23.1188
23.6188
24.1187
24.6187
25.1188
25.6192
26.1187
26.6187
27.1188
27.6189
28.1188
28.6188
29.1188
29.6208
30.1189
30.6187
31.1189
31.6186
32.1188
32.6186
33.1188
33.6188
34.1186
34.6187
35.1187
35.6348
36.1217
36.6187
37.1187
37.6187
38.1188
38.6189
39.1187
39.6187
40.1189
40.6194
41.1188
41.6187
42.1209
42.6194
43.1203
43.6187
44.1188
44.6222
45.1194
45.6188
46.1214
46.6299
47.1242
47.6265
48.122
48.6201
49.1222
49.6344
50.1264
50.6233
51.1238
51.6219
52.1257
52.6278
53.1244
53.6317
54.1187
54.6278
55.1213
55.6298
56.1274
56.6225
57.1389
57.6252
58.1301
58.6254
59.1307
59.6223
60.1294
60.6305
61.1266
61.6199
62.1245
62.6308
63.1371
63.6322
64.1286
64.6344
65.147
65.6428
66.1313
66.6345
67.1327
67.6229
68.1299
68.6356
69.1442
69.6226
70.1289
70.6223
71.1309
71.6257
72.1348
72.6337
73.1335
73.6279
74.1339
74.6306
75.1313
75.6472
76.134
76.6322
77.1338
77.6341
78.1338
78.6353
79.1338
79.634
80.1335
80.6346
81.134
81.6329
82.1339
82.6353
83.1624
83.6356
84.134
84.6316
85.1414
85.6317
86.1336
86.6333
87.1348
87.6419
88.1349
88.6352
89.1349
89.6457
90.153
90.6564
91.1341
91.6355
92.1339
92.637
93.1351
93.6367
94.1347
94.6419
95.1344
95.6372
96.1338
96.6368
97.1349
97.6348
98.1336
98.6368
99.1355
99.635
100.134
100.639
101.149
101.639
102.134
102.662
103.134
103.634
104.134
104.635
105.136
105.645
106.134
106.645
107.134
107.635
108.145
108.641
109.134
109.637
110.135
110.637
111.134
111.636
112.134
112.645
113.134
113.635
114.132
114.635
115.136
115.634
116.134
116.639
117.134
117.634
118.144
118.64
119.142
119.635
120.135
120.637
121.134
121.635
122.134
122.637
123.134
123.635
124.135
124.637
125.134
125.634
126.134
126.644
127.134
127.634
128.139
128.645
129.134
129.635
130.134
130.644
131.149
131.642
132.134
132.636
133.146
133.643
134.134
134.635
135.133
135.634
136.134
136.635
137.134
137.639
138.134
138.634
139.134
139.634
140.135
140.64
141.134
141.631
142.135
142.634
143.135
143.631
144.135
144.635
145.13
145.628
146.132
146.635
147.128
147.622
148.122
148.634
149.122
149.621
150.122
150.631
151.13
151.622
152.13
152.635
153.121
153.628
154.134
154.631
155.132
155.62
156.124
156.634
157.129
157.63
158.133
158.627
159.134
159.627
160.136
160.634
161.131
161.653
162.134
162.634
163.134
163.631
164.133
164.635
165.123
165.628
166.134
166.623
167.125
167.627
168.121
168.634
169.125
169.646
170.129
170.632
171.136
171.625
172.13
172.634
173.126
173.623
174.133
174.631
175.124
175.628
176.129
176.642
177.146
177.666
178.12
178.629
179.13
179.621
180.128
180.631
181.133
181.62
182.12
182.632
183.12
183.621
184.125
184.629
185.123
185.639
186.129
186.627
187.124
187.622
188.129
188.628
189.124
189.626
190.131
190.622
191.152
191.626
192.136
192.634
193.129
193.628
194.133
194.634
195.135
195.645
196.129
196.635
197.135
197.628
198.134
198.628
199.133
199.639
200.131
200.638
201.134
201.633
202.134
202.629
203.129
203.627
204.134
204.634
205.133
205.628
206.134
206.632
207.126
207.629
208.124
208.628
209.134
209.626
210.134
210.623
211.131
211.631
212.131
212.634
213.131
213.642
214.143
214.635
215.135
215.63
216.134
216.634
217.14
217.626
218.134
218.624
219.134
219.638
220.129
220.634
221.125
221.647
222.134
222.633
223.144
223.64
224.131
224.646
225.124
225.629
226.129
226.624
227.129
227.623
228.126
228.633
229.126
229.619
230.12
230.624
231.122
231.621
232.119
232.629
233.119
233.622
234.12
234.623
235.119
235.621
236.121
236.621
237.126
237.636
238.127
238.627
239.126
239.62
240.124
240.623
241.119
241.629
242.128
242.63
243.126
243.622
244.119
244.628
245.128
245.619
246.127
246.627
247.125
247.621
248.12
248.624
249.143
249.619
250.124
250.619
251.119
251.619
252.119
252.625
253.123
253.633
254.137
254.619
255.121
255.619
256.119
256.624
257.119
257.619
258.119
258.631
259.128
259.622
260.123
260.627
261.123
261.619
262.127
262.62
263.13
263.622
264.124
264.627
265.119
265.62
266.123
266.626
267.121
267.626
268.125
268.628
269.12
269.622
270.133
270.625
271.125
271.627
272.124
272.639
273.128
273.633
274.139
274.624
275.136
275.624
276.126
276.634
277.121
277.62
278.128
278.622
279.123
279.619
280.135
280.627
281.12
281.623
282.119
282.64
283.119
283.619
284.119
284.629
285.12
285.619
286.131
286.621
287.119
287.62
288.119
288.628
289.119
289.629
290.119
290.622
291.122
291.635
292.119
292.634
293.129
293.619
294.119
294.619
295.119
295.619
296.119
296.625
297.122
297.623
298.119
298.619
299.119
299.619
300.119
300.621
301.119
301.619
302.119
302.619
303.119
303.62
304.119
304.62
305.119
305.619
306.119
306.619
307.119
307.619
308.119
308.619
309.119
309.619
310.119
310.619
311.119
311.619
312.119
312.619
313.119
313.619
314.119
314.619
315.119
315.619
316.119
316.619
317.119
317.619
318.119
318.619
319.119
319.619
320.119
320.619
321.119
321.619
322.119
322.619
323.119
323.619
324.119
324.619
325.119
325.619
326.119
326.619
327.119
327.619
328.119
328.619
