0.001496
0.001797
0.001905
0.002080
0.001908
0.002013
0.002307
0.002003
0.002921
0.002684
0.002825
0.003062
0.003449
0.003695
0.007436
0.005502
0.003099
0.002734
0.002999
0.003170
0.003181
0.003208
0.003440
0.003505
0.003416
0.003132
0.003515
0.003446
0.003412
0.003116
0.003122
0.003527
0.003577
0.003443
0.003952
0.004061
0.004003
0.003607
0.004552
0.004821
0.003989
0.004343
0.004241
0.004247
0.004186
0.004226
0.004365
0.003317
0.003429
0.003373
0.003259
0.003654
0.004928
0.003879
0.003353
0.003454
0.003644
0.002818
0.002746
0.002996
0.003654
0.003373
0.003362
0.003129
0.003444
0.003315
0.003719
0.003487
0.003521
0.003613
0.003402
0.003214
0.003594
0.003337
0.003356
0.003044
0.003710
0.003325
0.003009
0.003298
0.003450
0.003396
0.003746
0.003492
0.004004
0.005791
0.003664
0.003875
0.003918
0.003357
0.003597
0.003370
0.003241
0.003459
0.003523
0.008642
0.003729
0.004238
0.004234
0.004055
0.004444
0.004371
0.004543
0.004374
0.010500
0.004004
0.004018
0.004135
0.004086
0.005030
0.004803
0.004430
0.005964
0.005273
0.004588
0.004957
0.005102
0.005055
0.004769
0.005067
0.004271
0.004547
0.004817
0.004860
0.004613
0.005210
0.004760
0.018872
0.005151
0.004925
0.005176
0.004929
0.004471
0.005148
0.004746
0.005043
0.004899
0.005417
0.004596
0.005053
0.004932
0.005127
0.005293
0.005267
0.005100
0.004628
0.005494
0.004721
0.004627
0.005149
0.005056
0.005053
0.004657
0.004816
0.004730
0.004949
0.004637
0.005068
0.004779
0.004924
0.004751
0.005037
0.011338
0.004799
0.005295
0.004738
0.004604
0.004658
0.004707
0.004518
0.004593
0.004224
0.004504
0.004502
0.004801
0.004615
0.004380
0.004456
0.004244
0.004277
0.004417
0.004728
0.005220
0.004590
0.004809
0.004537
0.004652
0.004596
0.004554
0.004178
0.004710
0.004542
0.004553
0.004789
0.004741
0.004857
0.021129
0.005833
0.005367
0.005326
0.005584
0.006223
0.005790
0.005674
0.013164
0.005576
0.005963
0.005598
0.028514
0.006271
0.006425
0.006367
0.007199
0.006611
0.006494
0.006510
0.006635
0.006817
0.006750
0.013251
0.006388
0.007034
0.007011
0.006775
0.032176
0.007596
0.006231
0.006573
0.007687
0.006758
0.006087
0.006783
0.006739
0.006531
0.006301
0.007026
0.008083
0.007233
0.006933
0.005975
0.006685
0.008084
0.006854
0.006830
0.006794
0.006621
0.006576
0.006885
0.006890
0.006505
0.006493
0.005902
0.006604
0.007386
0.005998
0.007628
0.006541
0.006853
0.006481
0.006290
0.015732
0.006577
0.034715
0.005904
0.006334
0.006190
0.006476
0.007134
0.006773
0.006924
0.006599
0.006698
0.006510
0.006623
0.006439
0.037275
0.005407
0.005023
0.006191
0.005310
0.005853
0.005508
0.005812
0.005081
0.006624
0.030774
0.030606
0.007040
0.006679
0.031462
0.007122
0.006871
0.007041
0.006595
0.006057
0.006209
0.006714
0.006762
0.032778
0.005894
0.005847
0.005599
0.005308
0.005539
0.029381
0.005499
0.005394
0.005201
0.029810
0.016539
0.006892
0.007098
0.006725
0.006589
0.007002
0.006453
0.006086
0.031382
0.005736
0.006794
0.006830
0.006212
0.031784
0.007230
0.006866
0.006555
0.006770
0.032393
0.006738
0.008183
0.007205
0.006561
0.006613
0.006842
0.006238
0.006658
0.006526
0.006414
0.004197
0.004300
0.006506
0.005747
0.005970
0.005653
0.005894
0.005616
0.005905
0.005620
0.005241
0.005280
0.005208
0.005294
0.004925
0.005174
0.003728
0.003713
0.004095
0.004241
0.004100
0.004016
0.005033
0.005326
0.005610
0.006389
0.005939
0.006140
0.006810
0.006623
0.006423
0.006084
0.007429
0.005737
0.005840
0.005100
0.005608
0.005697
0.005701
0.005550
0.005861
0.006701
0.005518
0.005378
0.005688
0.005477
0.005561
0.005649
0.006337
0.006562
0.006952
0.008260
0.006461
0.005889
0.005631
0.006055
0.005983
0.004846
0.005409
0.005704
0.005616
0.005203
0.019702
0.005561
0.005594
0.005905
0.020070
0.005868
0.005948
0.005699
0.006233
0.005929
0.005615
0.006124
0.005922
0.005948
0.005641
0.005607
0.005894
0.006532
0.006642
0.006241
0.006051
0.006110
0.006505
0.006509
0.006427
0.006514
0.007700
0.006150
0.007013
0.006315
0.006914
0.007150
0.006753
0.006872
0.019737
0.020482
0.022732
0.007594
0.008023
0.007455
0.007856
0.008072
0.007854
0.007797
0.008614
0.008152
0.007843
0.007776
0.007418
0.008043
0.007471
0.006970
0.006723
0.006547
0.007035
0.006587
0.006026
0.007397
0.006657
0.006708
0.006517
0.006494
0.006158
0.006361
0.007510
0.008159
0.007627
0.007037
0.006447
0.020926
0.006014
0.023809
0.005958
0.006333
0.006005
0.006891
0.006029
0.006100
0.006436
0.006569
0.006500
0.006450
0.006268
0.006146
0.005873
0.005994
0.006669
0.006665
0.006503
0.007074
0.006846
0.006255
0.006353
0.006443
0.006761
0.006486
0.006671
0.005825
0.005971
0.007129
0.003521
0.003799
0.008319
0.008107
0.007691
0.007749
0.007611
0.007583
0.007481
0.007006
0.006389
0.007427
0.006014
0.006113
0.006412
0.006075
0.005620
0.005865
0.009692
0.006437
0.006286
0.013866
0.006558
0.006549
0.013180
0.006592
0.007031
0.006416
0.006397
0.006103
0.007809
0.005951
0.006009
0.006099
0.005497
0.005558
0.005708
0.011798
0.005845
0.006004
0.004953
0.005609
0.005073
0.005478
0.005751
0.005721
0.005289
0.005357
0.005406
0.006002
0.005352
0.005613
0.005549
0.005607
0.005504
0.005501
0.005764
0.005877
0.005398
0.008230
0.005505
0.005474
0.005613
0.005742
0.004999
0.005463
0.005245
0.004976
0.006753
0.005266
0.004952
0.005244
0.004673
0.004797
0.005788
0.005439
0.005197
0.005232
0.005390
0.005298
0.005276
0.013192
0.005055
0.005280
0.005549
0.013072
0.005304
0.005868
0.005544
0.014996
0.005677
0.005404
0.004982
0.005131
0.004705
0.004714
0.004538
0.004598
0.004634
0.004487
0.004705
0.004911
0.004952
0.004414
0.004379
0.003996
0.005182
0.005939
0.006288
0.005314
0.005733
0.006068
0.006181
0.005636
0.016921
0.006030
0.005643
0.005596
0.004832
0.009209
0.006600
0.005082
0.004879
0.004600
0.005130
0.005034
0.005198
0.005199
0.005449
0.004928
0.004929
0.005110
0.005048
0.005099
0.005109
0.004875
0.005141
0.005537
0.005189
0.005125
0.005239
0.005100
0.005515
0.005344
0.005168
0.004614
0.007826
0.005006
0.005956
0.005611
0.005534
0.006225
0.009023
0.005810
0.005310
0.005466
0.005629
0.006576
0.005476
0.006969
0.005545
0.005795
0.005462
0.005475
0.005847
0.008271
0.005233
0.004942
0.004617
0.004932
0.004731
0.005042
0.004166
0.004628
0.004550
0.004595
0.004418
0.005502
0.005494
0.015851
0.006008
0.006117
0.005957
0.011237
0.005968
0.005917
0.006020
0.005794
0.024199
0.005863
0.006206
0.006043
0.006023
0.005708
0.012948
0.006086
0.006786
0.006010
0.006406
0.013592
0.005625
0.006560
0.006227
0.005751
0.005790
0.005896
0.005751
0.005543
0.005348
0.005585
0.005786
0.003524
0.006277
0.005662
0.005979
0.005883
0.009330
0.005709
0.005138
0.006091
0.007043
0.003738
0.004518
0.004008
0.010609
0.007269
0.006250
0.006385
0.006571
0.005795
0.006273
0.005850
0.004950
0.005750
0.005483
0.006078
