0.000000
0.000000
0.266667
0.766667
1.326667
1.926667
2.473907
3.286419
4.262074
5.315984
6.299796
7.227740
8.151563
9.146651
10.091899
10.699041
10.965940
11.259686
12.134867
13.115759
14.086965
15.076697
16.136036
17.121894
18.093954
19.106283
19.882913
20.856197
21.831315
22.875768
23.866657
24.834175
25.828789
26.782444
27.723950
28.707487
29.753889
30.709305
31.695937
32.626008
33.596223
34.594471
35.639789
36.608540
37.596383
38.574021
39.568151
40.575822
41.561701
42.612325
43.577606
44.328872
45.174249
46.143134
47.105368
48.086684
48.828442
49.747197
50.734310
51.720630
52.654553
53.606351
54.604632
55.615566
56.454239
57.493176
58.482142
59.470388
60.369312
60.957585
61.488651
62.360914
63.349941
64.339317
65.205545
66.170325
67.144487
68.107838
69.077579
69.803544
70.518416
71.455789
72.216561
72.582580
73.392783
74.311804
75.227624
76.169233
77.221809
78.209667
79.191287
80.175972
81.161538
82.137437
83.118679
84.176461
85.151451
86.141714
87.128225
88.117236
89.107830
90.093409
91.143348
92.131438
93.121771
94.105412
95.093728
96.081559
97.111410
98.096556
99.086676
100.042769
101.030317
102.021577
103.011087
104.066323
105.056727
105.982230
107.014109
107.926916
108.619722
109.566548
110.556449
111.558123
112.512195
113.319056
113.897193
114.550819
115.391677
115.797218
116.460395
117.418573
118.458414
119.460509
120.452040
121.476432
122.427659
123.411170
124.325368
124.854566
125.506141
126.477196
127.462547
128.447854
129.285055
130.217379
131.210454
132.198699
133.247639
134.218033
135.141245
135.957465
136.584999
137.367519
138.458598
139.415186
140.386393
141.379941
142.366251
143.353174
144.341904
145.439422
146.416544
147.320450
148.311138
149.300839
150.272192
151.251940
152.282699
153.280580
154.252504
155.242773
156.231722
157.222174
158.275741
159.233179
160.056611
160.761822
161.031029
161.707872
162.688375
163.744430
164.738583
165.735196
166.720393
167.708864
168.576699
169.521901
170.503348
171.490766
172.426418
172.883551
173.292079
173.861394
174.907353
175.897955
176.883012
177.876998
178.873999
179.863751
180.806307
181.881014
182.861693
183.850028
184.846917
185.817473
186.803061
187.862566
188.828719
189.623344
190.525870
191.517429
192.492507
193.482296
194.476391
195.300551
196.278596
197.104188
197.824491
198.505968
199.508764
200.139879
200.567700
201.498524
202.586562
203.039863
203.656577
204.655033
205.532733
206.500877
207.491336
208.496164
209.495175
210.483658
211.538586
212.529355
213.516807
214.518958
215.505857
216.496180
217.483349
218.056782
218.785365
219.784204
220.774843
221.782922
222.778929
223.837165
224.825173
225.816142
226.792840
227.777060
228.770320
229.819059
230.802244
231.790492
232.733205
233.482810
234.291796
235.069141
236.112035
237.102807
238.092414
239.076285
240.068762
241.055978
242.037120
243.048284
243.982489
244.974677
245.961184
246.952478
247.954543
248.907323
249.631094
250.516027
251.510012
252.492797
253.474499
254.466403
255.508773
256.373806
256.960310
257.483539
258.363322
259.356919
260.351531
261.341573
262.107266
262.562661
263.308922
264.756096
266.279691
267.743822
269.321533
270.663882
271.814626
273.023146
274.017457
274.968587
276.007941
276.997642
277.989628
278.977646
279.968541
280.961849
282.002773
282.974749
283.996330
284.989552
285.981978
286.999018
287.978199
289.074778
290.090744
291.071193
292.067870
293.037495
294.018729
295.078179
296.068936
297.056338
298.107707
299.157148
300.133406
301.131942
302.194407
303.039846
303.968513
304.918499
305.774550
306.762889
307.752296
308.799238
309.589174
310.137335
311.067342
311.685327
312.073426
312.857310
313.629725
314.616005
315.567574
316.477107
317.451186
318.454208
319.482792
320.502391
321.475571
322.456967
323.473864
324.468539
325.530681
326.491058
327.471788
328.536327
329.496373
330.491995
331.478233
332.528568
333.520901
334.503660
335.474575
336.398730
337.252237
338.260537
339.334889
340.324307
341.306440
342.298615
343.272885
344.245188
345.178562
346.156491
347.147523
348.137758
349.117872
350.104886
351.098734
352.113779
353.081726
354.023923
355.004490
355.995977
356.986810
358.036301
359.025790
359.981007
360.840141
361.710604
362.421658
362.766465
363.406082
364.341740
365.391882
366.320539
367.279870
367.833909
368.509856
369.300866
370.131157
371.004366
371.951360
372.930530
373.917626
374.977150
375.962543
376.968729
377.940504
378.927919
379.901540
380.901970
381.948968
382.897110
383.864615
384.596477
385.378467
386.280454
387.332684
388.303212
389.289753
390.275640
391.260129
392.192705
393.136229
393.993313
394.331389
394.755150
395.725166
396.746574
397.732159
398.724058
399.743984
400.730827
401.730137
402.708704
403.707746
404.696485
405.743999
406.741248
407.716875
408.700800
409.705545
410.683883
411.671299
412.727040
413.673966
414.651148
415.635745
416.624185
417.610907
418.663144
419.643117
420.605243
421.493734
421.944071
422.480789
423.244875
424.217030
425.237021
426.230369
427.638941
429.393609
430.715566
432.054499
433.781836
435.268289
436.610085
437.784095
438.758011
439.725935
440.770709
441.731820
442.603450
443.567316
444.700698
445.832532
446.862339
447.921574
448.898567
449.925018
450.828030
451.414988
451.835106
452.744217
453.742168
454.736394
455.627890
455.976455
456.706269
457.043865
457.783957
458.716552
459.667033
460.649708
461.611597
462.600048
463.594820
464.650722
465.641608
466.632855
467.622886
468.582208
469.470538
470.417391
471.260498
471.755019
472.320775
473.210327
474.148713
475.119423
476.176238
477.164470
478.152652
479.146432
480.135588
481.127571
482.173854
483.094053
484.070175
485.045753
486.045427
486.822645
487.077918
487.777234
488.731301
489.716362
490.536704
490.785131
491.293846
492.224846
493.267872
494.214225
495.245807
496.171609
497.148479
498.021489
499.009640
499.977529
500.949333
501.514924
501.912675
502.738775
503.728785
504.790846
505.603218
506.073163
506.747377
507.138607
507.666531
508.569483
508.895817
509.562625
509.814774
510.316215
511.231681
512.290442
513.307675
514.069894
514.980087
515.964853
516.700600
517.156812
517.508366
518.394662
519.381494
520.373179
521.361584
522.352245
523.195806
523.669508
524.396469
525.364823
526.336314
527.345437
528.335203
529.310427
530.337668
531.254144
532.256396
533.763574
534.698387
535.205217
536.129297
537.074288
537.737220
538.173599
539.011304
540.016843
541.007017
542.061054
543.045935
544.018373
544.997607
545.896973
546.477708
547.027255
547.948347
548.927740
549.917204
550.907575
551.898546
552.887448
553.943507
554.933833
555.920434
556.904935
557.920987
559.128863
560.396555
562.092790
563.399336
564.509564
565.822652
566.752506
567.066445
567.704117
568.536197
569.476275
570.468371
571.454688
572.381468
573.280765
574.328420
575.313263
576.301729
577.290934
578.277865
579.269469
580.259932
581.315140
582.305815
583.296562
584.287637
585.275215
586.266509
587.321988
588.312882
589.303352
590.288779
591.265001
592.273957
593.273877
594.342030
595.331280
596.317356
597.308106
598.303996
599.290647
600.350676
601.331643
602.320348
603.310805
604.298237
