0.005938
0.008529
0.005067
0.008794
0.007394
0.008850
0.009116
0.008053
0.008219
0.006967
0.006699
0.006736
0.009189
0.007474
0.006907
0.008960
0.005337
0.007811
0.008340
0.006888
0.007421
0.008065
0.008139
0.007373
0.009118
0.008991
0.008907
0.008936
0.008867
0.008667
0.007579
0.007316
0.007040
0.005675
0.007246
0.008539
0.008470
0.006933
0.006898
0.007375
0.006286
0.006383
0.007691
0.005312
0.006948
0.010160
0.006133
0.008922
0.006922
0.006697
0.007197
0.006425
0.007585
0.007445
0.006728
0.006760
0.007900
0.005841
0.008154
0.006275
0.008915
0.007331
0.005942
0.005867
0.006903
0.006413
0.007263
0.008471
0.007958
0.006823
0.004383
0.004308
0.004094
0.007400
0.005780
0.005813
0.008594
0.008374
0.007416
0.008669
0.006921
0.005323
0.008613
0.005404
0.007408
0.006037
0.007499
0.006250
0.009266
0.006676
0.006526
0.006642
0.005684
0.007221
0.007687
0.007608
0.008381
0.007042
0.007712
0.006558
0.009143
0.009676
0.008370
0.005491
0.008317
0.006475
0.007205
0.007484
0.007820
0.008892
0.006253
0.005836
0.008727
0.008167
0.007184
0.007254
0.008704
0.006036
0.005944
0.006301
0.009789
0.006095
0.006265
0.007588
0.007021
0.007287
0.006052
0.008785
0.005846
0.007328
0.007499
0.007786
0.007564
0.005717
0.008698
0.007765
0.008067
0.007111
0.006847
0.009077
0.004551
0.005117
0.005412
0.006761
0.005000
0.006089
0.004350
0.004100
0.008211
0.005973
0.006891
0.006367
0.006420
0.006304
0.006427
0.007012
0.007257
0.006816
0.006980
0.007618
0.007122
0.006702
0.005975
0.008226
0.008399
0.007655
0.008863
0.007323
0.006931
0.006398
0.007360
0.007589
0.005484
0.009444
0.007059
0.006422
0.006981
0.007540
0.008723
0.008134
0.008249
0.007516
0.007466
0.007345
0.009049
0.005666
0.006423
0.010147
0.008393
0.006604
0.006395
0.009048
0.007351
0.007504
0.005835
0.006763
0.006117
0.006702
0.007051
0.008231
0.006273
0.007715
0.005959
0.005897
0.007529
0.008004
0.009006
0.007039
0.006635
0.005548
0.005852
0.006939
0.005861
0.005813
0.007025
0.007504
0.007841
0.008425
0.005518
0.005562
0.007028
0.006586
0.006366
0.006874
0.005998
0.008278
0.007963
0.004522
0.007802
0.007089
0.008828
0.003383
0.003390
0.005700
0.008029
0.005568
0.007261
0.006271
0.009031
0.009342
0.007286
0.006435
0.007256
0.005556
0.010411
0.008527
0.010664
0.010681
0.009140
0.009046
0.009440
0.005832
0.007466
0.007047
0.005364
0.006967
0.007072
0.007756
0.005582
0.008708
0.006552
0.006396
0.006833
0.008248
0.008588
0.007359
0.008895
0.005704
0.007094
0.006250
0.007394
0.008369
0.006589
0.007419
0.007250
0.007149
0.005274
0.007640
0.007503
0.006274
0.006595
0.008821
0.008194
0.005272
0.006766
0.006010
0.007083
0.006411
0.007741
0.007769
0.005598
0.008379
0.006694
0.007985
0.009878
0.005360
0.009078
0.007299
0.006634
0.007033
0.004936
0.006881
0.008292
0.005349
0.007273
0.005586
0.006208
0.007787
0.007515
0.009120
0.008435
0.007273
0.007725
0.006487
0.006184
0.007176
0.006113
0.007102
0.010808
0.009535
0.007614
0.007523
0.007276
0.007323
0.008505
0.008124
0.007256
0.006340
0.008442
0.007103
0.007283
0.006575
0.006969
0.007816
0.008424
0.006090
0.008267
0.008089
0.012131
0.003964
0.007463
0.005483
0.009281
0.007050
0.006326
0.007392
0.006785
0.006678
0.007254
0.006389
0.007049
0.008700
0.006658
0.007236
0.009981
0.005326
0.006370
0.007487
0.012068
0.007179
0.007816
0.007237
0.009245
0.010609
0.007282
0.009606
0.006055
0.009329
0.008898
0.008486
0.008501
0.009488
0.009459
0.016518
0.012378
0.016112
0.015815
0.013826
0.015660
0.013141
0.013387
0.015944
0.013312
0.011531
0.014482
0.010359
0.014189
0.011228
0.007290
0.008817
0.007926
0.009862
0.005751
0.006109
0.006304
0.007533
0.007717
0.006665
0.008469
0.007033
0.008789
0.009071
0.008083
0.007428
0.006012
0.007333
0.007582
0.009407
0.006319
0.007942
0.007169
0.009546
0.010596
0.005743
0.009489
0.006873
0.005129
0.008460
0.006951
0.007791
0.005518
0.005869
0.007717
0.006628
0.008188
0.008132
0.007309
0.006627
0.007116
0.006129
0.007351
0.006078
0.005862
0.006147
0.008664
0.007560
0.007526
0.006621
0.005896
0.006763
0.007410
0.008033
0.005352
0.006697
0.005909
0.005633
0.005151
0.007677
0.008165
0.008149
0.004711
0.007546
0.003724
0.005635
0.008230
0.007490
0.007121
0.007753
0.005936
0.007666
0.005359
0.007415
0.005708
0.007399
0.006460
0.008707
0.008965
0.005232
0.008561
0.008967
0.006800
0.006896
0.007528
0.005453
0.005363
0.006454
0.006804
0.005933
0.005366
0.007759
0.006540
0.006289
0.008373
0.008414
0.008568
0.008842
0.008727
0.008384
0.007206
0.008524
0.010182
0.008549
0.009462
0.007628
0.009508
0.009676
0.007926
0.007011
0.007576
0.005494
0.008813
0.012365
0.008665
0.007154
0.007764
0.006828
0.007113
0.008387
0.009327
0.007679
0.007261
0.007934
0.008845
0.006412
0.008780
0.009970
0.004316
0.009358
0.009396
0.012110
0.010541
0.009439
0.009579
0.009969
0.009288
0.010202
0.011212
0.009657
0.008420
0.009519
0.008961
0.006751
0.008840
0.008440
0.007653
0.007539
0.007723
0.008505
0.009187
0.007758
0.007592
0.008024
0.006589
0.006939
0.006763
0.005656
0.007195
0.005484
0.005790
0.009043
0.005930
0.009164
0.009285
0.008502
0.005405
0.007202
0.009240
0.008556
0.009107
0.003459
0.007806
0.004621
0.008626
0.007850
0.007226
0.007737
0.008337
0.005452
0.007494
0.007400
0.008661
0.010605
0.005823
0.008189
0.008442
0.005995
0.009646
0.008067
0.008717
0.008232
0.007074
0.007497
0.007330
0.007017
0.008608
0.007124
0.007617
0.007307
0.005961
0.007628
0.007674
0.006180
0.006265
0.007535
0.008154
0.007088
0.005173
0.004668
0.004406
0.005072
0.007701
0.004426
0.004419
0.007704
0.006898
0.008840
0.010795
0.008505
0.007214
0.006799
0.008322
0.005883
0.007433
0.007616
0.007757
0.005206
0.007270
0.007833
0.007518
0.006856
0.010164
0.007242
0.008210
0.008628
0.007384
0.008632
0.007293
0.006932
0.008743
0.007751
0.006961
0.005888
0.007490
0.005770
0.006684
0.006645
0.008883
0.008035
0.007152
0.007281
0.006514
0.007655
0.008092
0.008172
0.005106
0.008824
0.006350
0.007951
0.008788
0.006589
0.007813
0.005300
0.005342
0.008499
0.008580
0.008615
0.008534
0.008692
0.007689
0.007056
0.008317
0.007161
0.007543
0.009403
0.007530
0.010065
0.007496
0.008211
0.007951
0.007926
0.008436
0.010988
0.010904
0.010284
0.005549
0.006749
0.006967
0.008647
0.007967
0.005786
0.007830
0.005685
0.008431
0.007184
0.007584
0.008424
0.006317
0.005624
0.009773
0.006639
0.008368
0.006229
0.008569
0.007042
0.008172
0.006720
0.007261
0.007311
0.007274
0.006269
0.007741
0.007081
0.008581
0.007750
0.005915
0.003220
0.008159
0.007326
0.008060
0.006584
0.013732
0.006111
0.005139
0.012234
0.009888
0.007685
0.006172
0.006273
0.007624
0.008288
0.007072
0.004600
0.011305
0.007967
0.008129
0.010874
0.008582
0.009164
0.006747
0.006068
0.006231
0.006023
0.005696
0.007617
0.008173
0.000912
