0.000000
0.000000
0.205803
0.423796
0.577876
0.689127
0.749647
0.865773
0.992162
1.108478
1.189596
1.247056
1.294748
1.345941
1.383235
1.372404
1.321819
1.280126
1.305413
1.338910
1.368232
1.396545
1.428508
1.451533
1.471566
1.493175
1.495432
1.511791
1.527120
1.546102
1.560333
1.572195
1.585001
1.594592
1.602873
1.613166
1.626257
1.633845
1.642639
1.648122
1.655333
1.663536
1.673558
1.679611
1.686259
1.692159
1.698508
1.705130
1.710658
1.718534
1.722722
1.718442
1.717926
1.722026
1.725733
1.729869
1.725634
1.727588
1.731787
1.735842
1.738011
1.740708
1.744787
1.749145
1.748041
1.753064
1.756445
1.758859
1.760100
1.751870
1.742097
1.742131
1.745378
1.748542
1.748337
1.750732
1.753305
1.755517
1.757886
1.754042
1.749926
1.751518
1.748697
1.736600
1.735222
1.736288
1.737501
1.739188
1.743216
1.745477
1.748103
1.750431
1.752985
1.755180
1.757294
1.760590
1.762846
1.765185
1.767274
1.769458
1.771429
1.773321
1.776620
1.778296
1.780673
1.782135
1.784174
1.785673
1.788277
1.790098
1.791283
1.792807
1.794272
1.796076
1.797507
1.800473
1.801801
1.802187
1.804509
1.804890
1.801274
1.801849
1.803114
1.804877
1.805809
1.804115
1.798638
1.794906
1.794349
1.786675
1.783199
1.784476
1.786516
1.788024
1.789212
1.791695
1.792342
1.793782
1.793810
1.788675
1.784992
1.786130
1.787429
1.788843
1.787903
1.788511
1.789843
1.790720
1.793105
1.794137
1.794444
1.793369
1.789850
1.788351
1.790932
1.791715
1.792688
1.793895
1.795036
1.796180
1.797288
1.799716
1.800066
1.800704
1.801837
1.802961
1.803587
1.804726
1.806209
1.807333
1.808100
1.808955
1.810082
1.811060
1.812760
1.813118
1.812029
1.809698
1.803034
1.800504
1.801424
1.803073
1.804125
1.805123
1.806058
1.806838
1.806602
1.806995
1.807887
1.808709
1.809074
1.804406
1.799302
1.795831
1.797377
1.798325
1.799210
1.800089
1.800869
1.801958
1.802456
1.803679
1.804948
1.805793
1.806717
1.807346
1.808130
1.809474
1.810253
1.809000
1.809171
1.809971
1.810462
1.811319
1.812269
1.811462
1.812160
1.811382
1.809739
1.807674
1.808600
1.805955
1.801874
1.802111
1.803830
1.799808
1.797288
1.798196
1.798010
1.798541
1.799406
1.800309
1.801000
1.801817
1.803104
1.803976
1.804690
1.805501
1.806254
1.806965
1.807671
1.804895
1.803505
1.804285
1.805015
1.805846
1.806645
1.807894
1.808568
1.809122
1.809836
1.810468
1.811090
1.812140
1.812900
1.813530
1.813826
1.812459
1.811642
1.810748
1.811915
1.812537
1.813021
1.813658
1.814428
1.815022
1.815594
1.816353
1.816548
1.817155
1.817746
1.818289
1.819031
1.819352
1.817999
1.817819
1.818428
1.818882
1.819480
1.820106
1.821010
1.820696
1.818394
1.815723
1.815471
1.816074
1.816733
1.817326
1.816297
1.813131
1.812106
1.815893
1.820110
1.823728
1.828403
1.831304
1.832884
1.834730
1.835264
1.835579
1.836299
1.836712
1.837362
1.837736
1.838138
1.838659
1.839434
1.839917
1.840531
1.840885
1.841407
1.842010
1.842346
1.843543
1.844056
1.844510
1.844875
1.845198
1.845598
1.846197
1.846842
1.847243
1.848027
1.848835
1.849139
1.849573
1.850547
1.850006
1.849957
1.850233
1.849793
1.850155
1.850606
1.851192
1.850479
1.848000
1.848226
1.846382
1.843178
1.842482
1.841558
1.841897
1.842164
1.842125
1.842329
1.842824
1.843508
1.844032
1.844319
1.844520
1.845017
1.845212
1.846488
1.846605
1.846916
1.847807
1.847931
1.848303
1.848634
1.849461
1.849843
1.850035
1.850409
1.850397
1.849968
1.850381
1.851254
1.851439
1.851842
1.852229
1.852510
1.852778
1.852747
1.853037
1.853420
1.853734
1.853972
1.854375
1.854438
1.855158
1.855283
1.855363
1.855686
1.856031
1.856309
1.856932
1.857234
1.857276
1.857074
1.856716
1.855613
1.852694
1.851176
1.851280
1.851871
1.851824
1.852063
1.850127
1.848921
1.848263
1.847779
1.847574
1.847695
1.847985
1.848233
1.848895
1.849210
1.849653
1.849826
1.850156
1.850444
1.850779
1.851419
1.851491
1.851636
1.850770
1.850014
1.850003
1.850543
1.850752
1.851049
1.851302
1.851613
1.851547
1.851619
1.851370
1.848609
1.846313
1.846499
1.846957
1.847197
1.847632
1.848009
1.848384
1.848641
1.848854
1.849272
1.849526
1.850157
1.850302
1.850643
1.850917
1.851184
1.851457
1.851805
1.852261
1.852540
1.852721
1.852989
1.853300
1.853529
1.854132
1.854345
1.854435
1.854325
1.852291
1.850575
1.849840
1.850063
1.850484
1.850791
1.852805
1.856468
1.858144
1.859923
1.863326
1.865735
1.867466
1.868490
1.868657
1.868764
1.869149
1.869337
1.869070
1.869203
1.870083
1.870876
1.871280
1.871832
1.871926
1.872309
1.872158
1.870737
1.868642
1.868559
1.868754
1.868998
1.868892
1.866429
1.865602
1.863189
1.862437
1.862455
1.862502
1.862562
1.862871
1.863058
1.863354
1.863853
1.864089
1.864326
1.864507
1.864635
1.864385
1.864412
1.864194
1.862454
1.861026
1.860865
1.860857
1.861055
1.861548
1.861772
1.861904
1.862172
1.862439
1.862672
1.863082
1.863071
1.863271
1.863381
1.863689
1.863031
1.860502
1.859609
1.859680
1.859946
1.859519
1.856927
1.855315
1.855364
1.855767
1.855841
1.856207
1.856255
1.856423
1.856141
1.856423
1.856569
1.856717
1.855391
1.853331
1.853035
1.853235
1.853697
1.853375
1.851623
1.850785
1.848826
1.847326
1.847341
1.845183
1.844201
1.841822
1.840302
1.840314
1.840708
1.841105
1.840584
1.840526
1.840787
1.839991
1.838480
1.836466
1.836353
1.836530
1.836844
1.837100
1.837273
1.837075
1.835528
1.834859
1.835042
1.835169
1.835548
1.835734
1.835998
1.836355
1.836352
1.836557
1.838688
1.838646
1.837258
1.837344
1.837434
1.836560
1.834917
1.834645
1.834945
1.835153
1.835636
1.835858
1.836063
1.836267
1.836208
1.835075
1.833842
1.833842
1.834064
1.834305
1.834550
1.834794
1.835032
1.835484
1.835731
1.835951
1.836178
1.836500
1.837452
1.838596
1.841142
1.842403
1.843021
1.844297
1.844322
1.842346
1.841426
1.841139
1.841203
1.841433
1.841645
1.841665
1.841595
1.842002
1.842207
1.842421
1.842639
1.842847
1.843071
1.843290
1.843713
1.843932
1.844149
1.844366
1.844573
1.844790
1.845209
1.845423
1.845635
1.845830
1.845997
1.846265
1.846504
1.846954
1.847158
1.847352
1.847560
1.847782
1.847975
1.848395
1.848569
1.848766
1.848969
1.849162
