2.11863
2.61861
3.11861
3.63192
4.11864
4.61868
5.12297
5.61881
6.11861
6.61862
7.11862
7.61871
8.11874
8.6186
9.11874
9.61871
10.119
10.6186
11.1187
11.6187
12.1186
12.6186
13.1186
13.6186
14.1186
14.6186
15.1186
15.6186
16.1186
16.6186
17.1187
17.6187
18.1186
18.6187
19.1193
19.6186
20.1188
20.6186
21.1186
21.6187
22.1186
22.6186
23.1187
23.6187
24.1186
24.6186
25.1187
25.6192
26.1186
26.6186
27.1187
27.6188
28.1187
28.6187
29.1187
29.6207
30.1188
30.6186
31.1188
31.6186
32.1187
32.6186
33.1187
33.6187
34.1186
34.6187
35.1186
35.6348
36.1217
36.6186
37.1186
37.6186
38.1187
38.6189
39.1186
39.6187
40.1188
40.6193
41.1187
41.6187
42.1208
42.6194
43.1202
43.6187
44.1188
44.6221
45.1193
45.6187
46.1213
46.6299
47.1241
47.6264
48.1219
48.62
49.1221
49.6344
50.1263
50.6233
51.1238
51.6219
52.1257
52.6278
53.1244
53.6317
54.1187
54.6277
55.1213
55.6298
56.1273
56.6224
57.1389
57.6252
58.13
58.6254
59.1306
59.6223
60.1294
60.6304
61.1266
61.6198
62.1245
62.6307
63.137
63.6322
64.1286
64.6343
65.147
65.6428
66.1313
66.6345
67.1327
67.6229
68.1298
68.6343
69.1441
69.6226
70.1289
70.6223
71.1309
71.6257
72.1347
72.6336
73.1334
73.6278
74.1339
74.6306
75.1312
75.6472
76.134
76.6321
77.1338
77.6341
78.1337
78.6353
79.1338
79.6339
80.1334
80.6346
81.134
81.6329
82.1338
82.6353
83.1624
83.6356
84.134
84.6316
85.1414
85.6317
86.1335
86.6332
87.1348
87.6419
88.1348
88.6351
89.1349
89.6457
90.1529
90.6564
91.134
91.6354
92.1339
92.637
93.135
93.6367
94.1346
94.6418
95.1343
95.6372
96.1337
96.6368
97.1349
97.6348
98.1336
98.6368
99.1355
99.635
100.134
100.639
101.149
101.639
102.134
102.662
103.134
103.634
104.134
104.635
105.136
105.644
106.134
106.645
107.134
107.635
108.145
108.641
109.134
109.637
110.135
110.637
111.134
111.636
112.134
112.645
113.133
113.635
114.132
114.635
115.136
115.634
116.134
116.639
117.134
117.634
118.144
118.64
119.142
119.635
120.135
120.637
121.134
121.635
122.134
122.637
123.134
123.635
124.135
124.637
125.134
125.634
126.134
126.644
127.134
127.634
128.139
128.645
129.134
129.635
130.134
130.644
131.149
131.642
132.134
132.636
133.146
133.643
134.134
134.635
135.133
135.634
136.134
136.635
137.134
137.639
138.134
138.634
139.134
139.634
140.135
140.64
141.134
141.631
142.134
142.634
143.135
143.631
144.135
144.635
145.13
145.628
146.131
146.635
147.128
147.622
148.122
148.634
149.122
149.621
150.122
150.631
151.13
151.622
152.13
152.635
153.121
153.628
154.134
154.631
155.132
155.62
156.124
156.634
157.129
157.63
158.133
158.627
159.134
159.627
160.136
160.634
161.131
161.653
162.134
162.634
163.134
163.631
164.133
164.634
165.123
165.628
166.134
166.623
167.125
167.627
168.121
168.634
169.125
169.646
170.129
170.632
171.136
171.625
172.13
172.634
173.126
173.623
174.133
174.631
175.124
175.628
176.129
176.642
177.146
177.666
178.12
178.629
179.13
179.621
180.128
180.631
181.133
181.62
182.12
182.632
183.12
183.621
184.124
184.629
185.123
185.639
186.129
186.627
187.124
187.622
188.129
188.628
189.124
189.626
190.131
190.622
191.152
191.626
192.134
192.634
193.129
193.628
194.133
194.634
195.135
195.645
196.129
196.635
197.134
197.628
198.134
198.628
199.132
199.639
200.131
200.638
201.134
201.633
202.134
202.629
203.129
203.627
204.134
204.634
205.133
205.628
206.134
206.632
207.126
207.629
208.124
208.628
209.134
209.626
210.134
210.623
211.13
211.631
212.131
212.634
213.131
213.642
214.143
214.635
215.135
215.63
216.134
216.634
217.14
217.626
218.134
218.623
219.134
219.638
220.129
220.634
221.125
221.647
222.134
222.633
223.144
223.64
224.131
224.646
225.124
225.629
226.128
226.624
227.129
227.623
228.126
228.633
229.126
229.619
230.12
230.624
231.122
231.621
232.119
232.629
233.119
233.622
234.12
234.623
235.119
235.621
236.121
236.621
237.126
237.636
238.127
238.627
239.126
239.62
240.124
240.623
241.119
241.629
242.128
242.63
243.126
243.622
244.119
244.628
245.128
245.619
246.127
246.627
247.125
247.621
248.12
248.624
249.143
249.619
250.124
250.619
251.119
251.619
252.119
252.625
253.123
253.633
254.137
254.619
255.12
255.619
256.119
256.624
257.119
257.619
258.119
258.631
259.128
259.622
260.122
260.627
261.123
261.619
262.127
262.62
263.13
263.622
264.124
264.627
265.119
265.62
266.123
266.626
267.121
267.626
268.125
268.628
269.12
269.622
270.133
270.625
271.125
271.627
272.124
272.639
273.128
273.633
274.139
274.624
275.136
275.624
276.126
276.634
277.121
277.62
278.128
278.622
279.123
279.619
280.135
280.627
281.12
281.623
282.119
282.64
283.119
283.619
284.119
284.629
285.12
285.619
286.131
286.621
287.119
287.619
288.119
288.628
289.119
289.629
290.119
290.622
291.122
291.635
292.119
292.634
293.129
293.619
294.119
294.619
295.119
295.619
296.119
296.625
297.122
297.622
298.119
298.619
299.119
299.619
300.119
300.621
301.119
301.619
302.119
302.619
303.119
303.62
304.119
304.62
305.119
305.619
306.119
306.619
307.119
307.619
308.119
308.619
309.119
309.619
310.119
310.619
311.119
311.619
312.119
312.619
313.119
313.619
314.119
314.619
315.119
315.619
316.119
316.619
317.119
317.619
318.119
318.619
319.119
319.619
320.119
320.619
321.119
321.619
322.119
322.619
323.119
323.619
324.119
324.619
325.119
325.619
326.119
326.619
327.119
327.619
328.119
328.619
