1.61979
1.62016
2.11989
2.62008
3.12065
3.63256
4.11992
4.62036
5.12343
5.63493
6.11991
6.62084
7.12156
7.63517
8.12003
8.62126
9.12202
9.63298
10.1199
10.6207
11.1227
11.6355
12.1199
12.6211
13.1208
13.6406
14.1199
14.6236
15.1209
15.6299
16.1199
16.6217
17.1214
17.636
18.1412
18.6218
19.1208
19.6438
20.12
20.6218
21.1208
21.6311
22.1198
22.6234
23.1217
23.6287
24.1199
24.626
25.1208
25.6295
26.1199
26.6217
27.1221
27.6341
28.1199
28.622
29.1205
29.6332
30.12
30.6209
31.1213
31.6263
32.12
32.6211
33.1208
33.6359
34.1199
34.6205
35.1211
35.6409
36.1218
36.6215
37.1208
37.6301
38.12
38.6205
39.1211
39.631
40.1199
40.621
41.1209
41.6265
42.1209
42.6205
43.121
43.6264
44.12
44.6231
45.121
45.6259
46.1215
46.6323
47.1252
47.6325
48.122
48.6207
49.1226
49.6416
50.1264
50.6243
51.129
51.6318
52.1258
52.6283
53.1249
53.6375
54.12
54.6288
55.1218
55.64
56.1274
56.623
57.1393
57.631
58.1301
58.6276
59.1311
59.6264
60.1294
60.6309
61.1272
61.6286
62.1245
62.6313
63.1374
63.6418
64.1286
64.6352
65.1475
65.6515
66.1313
66.6352
67.1332
67.6362
68.1299
68.6393
69.1448
69.6314
70.1289
70.6228
71.1314
71.6358
72.1349
72.6344
73.134
73.6396
74.1339
74.6314
75.1317
75.6585
76.1341
76.6377
77.1343
77.6513
78.1338
78.6366
79.1342
79.6479
80.1335
80.6351
81.1345
81.6461
82.1339
82.6378
83.163
83.6471
84.1441
84.6323
85.142
85.6392
86.1336
86.634
87.1354
87.6502
88.1349
88.6359
89.1356
89.6507
90.1533
90.6569
91.1341
91.6434
92.1343
92.6378
93.1351
93.6478
94.1353
94.6427
95.1344
95.6505
96.1342
96.6377
97.1349
97.6446
98.1344
98.6377
99.1356
99.6467
100.135
100.653
101.149
101.648
102.135
102.663
103.134
103.655
104.135
104.636
105.136
105.654
106.134
106.646
107.134
107.65
108.146
108.642
109.134
109.666
110.135
110.638
111.134
111.666
112.135
112.646
113.134
113.647
114.133
114.647
115.136
115.646
116.135
116.64
117.138
117.649
118.145
118.643
119.142
119.649
120.136
120.638
121.134
121.644
122.135
122.645
123.134
123.65
124.135
124.638
125.134
125.645
126.135
126.645
127.134
127.65
128.14
128.661
129.134
129.649
130.134
130.645
131.149
131.658
132.134
132.637
133.147
133.663
134.134
134.636
135.134
135.646
136.134
136.636
137.135
137.645
138.135
138.635
139.134
139.643
140.135
140.641
141.135
141.635
142.135
142.647
143.135
143.646
144.135
144.636
145.131
145.633
146.132
146.636
147.129
147.627
148.122
148.635
149.122
149.628
150.122
150.632
151.13
151.648
152.13
152.635
153.122
153.639
154.134
154.632
155.133
155.631
156.124
156.635
157.129
157.648
158.133
158.628
159.135
159.642
160.136
160.635
161.132
161.668
162.134
162.635
163.135
163.648
164.133
164.637
165.124
165.64
166.134
166.624
167.126
167.634
168.121
168.635
169.126
169.654
170.129
170.632
171.136
171.633
172.13
172.635
173.126
173.629
174.133
174.632
175.125
175.641
176.129
176.656
177.147
177.68
178.12
178.63
179.131
179.647
180.128
180.632
181.133
181.63
182.12
182.633
183.121
183.633
184.125
184.63
185.124
185.65
186.129
186.629
187.125
187.64
188.129
188.629
189.124
189.643
190.131
190.623
191.152
191.642
192.136
192.636
193.13
193.642
194.133
194.634
195.135
195.651
196.129
196.636
197.136
197.641
198.134
198.629
199.133
199.648
200.131
200.639
201.134
201.641
202.134
202.63
203.13
203.638
204.134
204.635
205.133
205.644
206.134
206.633
207.126
207.647
208.124
208.641
209.135
209.645
210.134
210.629
211.131
211.649
212.131
212.635
213.131
213.651
214.143
214.635
215.136
215.643
216.138
216.646
217.14
217.635
218.134
218.624
219.135
219.644
220.129
220.635
221.126
221.653
222.134
222.635
223.144
223.645
224.131
224.647
225.124
225.635
226.129
226.625
227.129
227.628
228.126
228.634
229.126
229.622
230.12
230.625
231.122
231.623
232.12
232.63
233.121
233.626
234.12
234.624
235.121
235.632
236.121
236.623
237.127
237.644
238.127
238.628
239.126
239.626
240.124
240.629
241.121
241.634
242.128
242.631
243.128
243.627
244.12
244.629
245.143
245.625
246.127
246.628
247.126
247.627
248.12
248.625
249.144
249.631
250.124
250.626
251.121
251.632
252.12
252.627
253.123
253.642
254.137
254.621
255.121
255.626
256.12
256.626
257.121
257.639
258.12
258.632
259.129
259.655
260.123
260.633
261.123
261.629
262.127
262.622
263.13
263.632
264.124
264.628
265.121
265.638
266.123
266.627
267.122
267.639
268.125
268.629
269.121
269.628
270.133
270.626
271.125
271.633
272.124
272.64
273.129
273.64
274.139
274.625
275.136
275.631
276.126
276.635
277.122
277.627
278.128
278.623
279.123
279.627
280.135
280.64
281.121
281.632
282.122
282.641
283.121
283.625
284.12
284.633
285.121
285.624
286.131
286.622
287.121
287.628
288.12
288.63
289.121
289.665
290.12
290.623
291.122
291.64
292.12
292.636
293.13
293.626
294.12
294.621
295.121
295.631
296.12
296.631
297.122
297.629
298.12
298.621
299.12
299.627
300.12
300.622
301.121
301.624
302.12
302.622
303.121
303.624
304.12
304.626
305.121
305.625
306.12
306.621
307.121
307.629
308.12
308.621
309.121
309.623
310.12
310.622
311.121
311.639
312.12
312.622
313.121
313.629
314.12
314.623
315.121
315.625
316.12
316.622
317.121
317.627
318.12
318.622
319.121
319.643
320.12
320.622
321.123
321.629
322.12
322.648
323.121
323.634
324.12
324.622
325.121
325.649
326.12
326.622
327.121
327.626
328.12
328.622
