0.000000
0.000000
0.000000
0.002000
42.226000
46.254000
50.244000
60.510000
70.088000
79.001000
83.739000
90.758000
96.564000
103.520000
108.518000
122.131000
141.974000
152.159000
159.118000
171.240000
181.252000
200.217000
212.504000
222.257000
232.329000
245.094000
255.187000
269.770000
281.403000
298.664000
307.556000
319.163000
326.846000
331.608000
335.398000
340.880000
348.285000
361.525000
368.824000
379.605000
394.062000
406.407000
419.399000
431.545000
442.149000
451.223000
459.698000
467.482000
474.533000
481.533000
487.195000
494.378000
502.078000
509.321000
515.565000
522.355000
527.698000
541.257000
549.983000
554.328000
560.633000
567.935000
573.279000
580.969000
585.575000
592.218000
598.467000
611.853000
632.343000
639.878000
643.041000
643.695000
643.973000
644.494000
647.834000
670.364000
680.087000
694.580000
700.567000
705.236000
708.330000
712.225000
713.935000
717.148000
727.654000
731.277000
732.633000
739.866000
747.171000
755.974000
763.605000
776.097000
793.126000
805.724000
813.425000
820.155000
826.892000
835.048000
842.699000
852.754000
861.438000
869.589000
876.314000
887.226000
898.606000
909.928000
917.697000
925.555000
934.157000
944.209000
951.736000
962.716000
974.726000
985.400000
993.082000
1002.389000
1009.086000
1017.034000
1022.442000
1029.081000
1043.182000
1044.895000
1047.261000
1053.143000
1060.801000
1062.523000
1063.777000
1072.533000
1077.004000
1080.450000
1080.906000
1081.368000
1081.859000
1082.025000
1082.072000
1082.093000
1083.354000
1090.242000
1091.769000
1093.005000
1093.458000
1093.572000
1093.608000
1093.715000
1098.573000
1109.917000
1117.579000
1125.014000
1130.990000
1142.882000
1153.435000
1161.662000
1162.277000
1198.276000
1213.229000
1228.416000
1239.507000
1249.432000
1255.582000
1266.372000
1279.265000
1294.906000
1306.797000
1319.335000
1333.927000
1348.149000
1356.247000
1368.847000
1378.604000
1391.381000
1396.076000
1401.737000
1409.824000
1424.781000
1435.418000
1446.613000
1457.214000
1461.363000
1461.696000
1461.991000
1462.144000
1462.266000
1462.573000
1462.829000
1462.884000
1464.389000
1470.597000
1476.757000
1479.077000
1483.359000
1490.694000
1497.806000
1505.636000
1506.416000
1506.469000
1506.823000
1511.430000
1520.096000
1528.491000
1535.350000
1540.817000
1548.090000
1554.842000
1564.554000
1569.216000
1575.589000
1580.970000
1586.372000
1591.969000
1600.672000
1604.351000
1608.605000
1614.144000
1624.665000
1633.472000
1638.373000
1642.328000
1651.315000
1663.683000
1669.824000
1673.995000
1678.534000
1685.124000
1689.833000
1689.877000
1695.448000
1696.265000
1696.321000
1696.326000
1696.360000
1696.630000
1699.760000
1704.041000
1711.881000
1726.161000
1741.448000
1749.196000
1756.327000
1762.267000
1765.260000
1766.715000
1768.775000
1772.414000
1775.244000
1776.749000
1778.503000
1779.935000
1784.289000
1787.409000
1791.824000
1797.027000
1802.759000
1808.640000
1819.584000
1835.042000
1841.752000
1844.278000
1848.215000
1852.832000
1858.262000
1867.288000
1879.789000
1888.664000
1895.053000
1899.383000
1903.874000
1907.381000
1912.601000
1915.890000
1917.952000
1919.953000
1924.356000
1928.139000
1931.404000
1933.308000
1937.000000
1944.209000
1950.431000
1954.282000
1964.833000
1970.628000
1974.119000
1975.936000
1976.471000
1976.641000
1977.104000
1977.226000
1979.793000
1982.721000
1984.819000
1985.834000
1986.070000
1990.253000
1990.942000
1991.693000
1991.805000
1991.815000
1991.834000
1991.851000
1991.851000
1991.858000
1991.858000
1991.858000
1991.858000
1991.891000
1992.110000
1992.187000
1992.197000
1992.265000
1992.266000
1992.267000
1992.740000
1996.025000
2000.577000
2005.719000
2016.141000
2027.649000
2036.450000
2042.690000
2049.012000
2054.168000
2058.871000
2063.000000
2070.784000
2082.977000
2102.646000
2107.512000
2110.964000
2112.378000
2112.989000
2113.461000
2125.602000
2132.933000
2135.063000
2137.899000
2141.617000
2144.085000
2145.457000
2150.159000
2158.218000
2158.411000
2158.471000
2158.527000
2158.532000
2159.321000
2161.170000
2162.321000
2164.839000
2168.613000
2170.856000
2172.573000
2172.952000
2172.984000
2172.986000
2172.986000
2172.992000
2172.994000
2172.997000
2172.998000
2173.022000
2173.024000
2173.025000
2173.123000
2173.746000
2176.010000
2179.154000
2179.412000
2179.637000
2181.689000
2186.756000
2191.059000
2200.083000
2211.014000
2220.626000
2234.821000
2255.575000
2266.326000
2277.448000
2285.926000
2296.011000
2307.529000
2316.127000
2323.718000
2334.764000
2341.056000
2351.980000
2361.794000
2369.203000
2377.828000
2389.511000
2394.760000
2397.842000
2408.361000
2419.606000
2426.539000
2431.491000
2431.563000
2440.238000
2445.621000
2446.155000
2452.154000
2465.092000
2477.912000
2490.159000
2501.725000
2506.341000
2506.810000
2508.686000
2511.774000
2517.168000
2523.934000
2538.179000
2553.800000
2569.407000
2580.743000
2590.344000
2596.005000
2602.651000
2607.746000
2617.401000
2627.434000
2640.694000
2651.459000
2662.616000
2669.809000
2672.588000
2673.712000
2674.098000
2674.306000
2674.346000
2674.457000
2674.583000
2674.707000
2674.830000
2676.615000
2680.477000
2685.833000
2688.367000
2692.464000
2700.375000
2704.184000
2708.673000
2711.852000
2716.342000
2721.175000
2725.797000
2729.222000
2733.505000
2734.131000
2737.989000
2740.738000
2745.758000
2749.335000
2752.561000
2756.786000
2763.458000
2766.572000
2767.090000
2767.105000
2767.112000
2767.120000
2767.183000
2767.468000
2768.279000
2768.689000
2770.468000
2771.537000
2771.762000
2771.867000
2771.935000
2772.089000
2772.138000
2772.265000
2774.483000
2777.362000
2778.990000
2779.275000
2779.389000
2779.410000
2781.229000
2782.369000
2782.957000
2783.249000
2783.959000
2785.134000
2785.185000
2785.187000
2785.220000
2785.244000
2785.264000
2785.267000
2785.273000
2785.276000
2785.455000
2785.474000
2785.723000
2785.732000
2785.888000
2785.946000
2785.951000
2785.953000
2786.001000
2786.033000
2788.796000
2793.152000
2796.150000
2796.429000
2796.557000
2796.636000
2796.739000
2796.781000
2796.803000
2796.812000
2800.853000
2804.893000
2813.520000
2820.852000
2830.046000
2839.608000
2855.249000
2872.150000
2883.743000
2888.141000
2890.234000
2890.926000
2891.130000
2891.377000
2891.608000
2895.384000
2905.618000
2907.452000
2910.385000
2920.218000
2927.230000
2930.401000
2936.004000
2946.039000
2954.480000
2957.247000
2964.301000
2967.343000
2968.012000
2968.144000
2968.564000
2969.218000
2970.205000
2971.023000
2971.915000
2974.478000
2974.514000
2974.517000
2974.522000
2974.817000
2975.971000
2975.972000
2975.972000
2975.973000
2977.854000
2983.223000
2988.084000
2989.612000
2991.440000
2999.405000
3010.189000
3012.686000
3013.288000
3013.307000
3013.310000
3013.310000
3016.709000
3021.139000
3022.957000
3023.149000
3023.373000
3023.721000
3025.237000
3029.614000
3041.426000
3047.995000
3050.350000
3055.087000
3059.897000
3063.066000
3063.555000
3063.698000
3065.085000
3066.744000
3068.746000
3068.950000
3069.881000
3076.527000
3081.687000
3089.840000
3099.909000
3107.954000
3114.614000
3116.100000
3116.793000
3116.827000
3116.837000
3116.839000
3116.843000
3116.843000
3116.843000
3116.847000
3116.883000
3116.904000
3116.904000
3116.904000
3116.920000
3116.941000
3116.999000
3117.002000
3117.002000
3117.002000
3120.274000
3122.976000
3123.266000
3123.291000
3123.302000
3123.302000
3123.302000
3123.302000
3123.320000
3123.331000
3123.332000
3123.333000
3123.337000
3123.344000
3123.351000
3123.354000
3123.439000
3123.443000
3123.451000
3123.499000
3123.528000
3123.564000
3123.620000
3124.659000
3124.737000
3124.934000
3124.939000
3124.942000
3124.942000
3124.942000
3124.942000
3124.942000
3124.972000
3125.142000
3125.177000
3125.185000
3125.198000
3128.411000
3133.687000
3137.813000
3143.766000
