155.089844
155.089844
155.089844
155.089844
155.089844
155.089844
155.089844
155.089844
155.089844
155.089844
155.089844
155.089844
162.343750
162.343750
162.343750
162.343750
162.343750
163.855469
163.855469
163.855469
163.855469
163.855469
163.855469
163.855469
163.855469
163.855469
163.855469
163.855469
163.855469
163.855469
163.855469
163.855469
163.855469
163.855469
163.855469
163.855469
163.855469
163.855469
163.855469
163.855469
163.855469
163.855469
163.855469
163.855469
163.855469
163.855469
163.855469
163.855469
163.855469
163.855469
163.855469
163.855469
163.855469
163.855469
163.855469
163.855469
163.855469
163.855469
163.855469
163.855469
163.855469
163.855469
163.855469
163.855469
163.855469
163.855469
163.855469
163.855469
163.855469
163.855469
163.855469
163.855469
163.855469
163.855469
163.855469
163.855469
163.855469
163.855469
163.855469
163.855469
163.855469
163.855469
163.855469
165.917969
165.917969
165.917969
165.917969
165.917969
165.917969
165.917969
165.917969
165.917969
165.917969
165.917969
165.917969
165.917969
165.917969
165.917969
165.917969
165.917969
165.917969
165.917969
165.917969
165.917969
165.917969
165.917969
165.917969
165.917969
165.917969
165.917969
165.917969
165.917969
165.917969
165.917969
165.917969
165.917969
165.917969
165.917969
165.917969
165.917969
165.917969
165.917969
165.917969
165.917969
165.917969
165.917969
165.917969
165.917969
165.917969
165.917969
165.917969
165.917969
165.917969
165.917969
165.917969
165.917969
165.917969
165.917969
165.917969
165.917969
165.917969
165.917969
165.917969
165.917969
165.917969
165.917969
165.917969
165.917969
165.917969
165.917969
165.917969
165.917969
165.917969
165.917969
165.917969
165.917969
165.917969
165.917969
165.917969
165.917969
165.917969
165.917969
165.917969
165.917969
165.917969
165.917969
165.917969
165.917969
165.917969
165.917969
165.917969
165.917969
165.917969
165.917969
165.917969
165.917969
165.917969
165.917969
165.917969
165.917969
165.917969
165.917969
165.917969
165.917969
165.917969
165.917969
165.917969
165.917969
165.917969
166.175781
166.175781
166.175781
166.175781
166.175781
166.175781
166.175781
166.175781
166.175781
166.175781
166.175781
166.175781
166.175781
166.175781
166.175781
166.175781
166.175781
166.175781
166.175781
166.175781
166.175781
166.175781
166.175781
166.175781
166.175781
166.175781
166.175781
166.175781
166.175781
166.175781
166.175781
166.175781
166.175781
166.175781
166.175781
166.175781
166.175781
166.175781
166.175781
166.175781
166.175781
166.175781
166.175781
166.175781
166.175781
166.175781
166.175781
166.175781
166.175781
166.433594
166.433594
166.433594
166.433594
166.433594
166.433594
166.433594
166.433594
166.433594
166.433594
166.433594
166.433594
166.433594
166.433594
166.433594
166.433594
166.433594
166.433594
166.433594
166.433594
166.433594
166.433594
166.433594
166.433594
166.433594
166.433594
166.433594
166.433594
166.433594
166.433594
166.433594
166.433594
166.433594
166.433594
166.433594
166.433594
166.433594
166.433594
166.433594
166.433594
166.433594
166.433594
166.433594
166.433594
166.691406
166.691406
166.691406
166.691406
166.691406
166.691406
166.691406
166.691406
166.949219
167.464844
167.464844
167.464844
167.464844
167.464844
167.464844
167.464844
167.464844
167.464844
167.464844
167.464844
167.464844
167.464844
167.464844
167.464844
167.464844
167.464844
167.464844
167.464844
167.464844
167.464844
167.464844
167.464844
167.464844
167.464844
167.464844
167.464844
167.464844
167.464844
167.464844
167.464844
167.464844
167.464844
167.464844
167.464844
167.464844
167.464844
167.464844
167.464844
167.464844
167.464844
167.464844
167.464844
167.464844
167.464844
167.464844
167.464844
167.464844
167.464844
167.464844
167.464844
167.464844
167.464844
167.464844
167.722656
167.722656
167.722656
167.722656
167.722656
167.722656
167.722656
167.722656
167.980469
168.238281
168.238281
168.238281
168.238281
168.238281
168.238281
168.238281
168.238281
168.238281
168.238281
168.496094
168.496094
168.496094
168.496094
168.496094
168.496094
168.496094
168.496094
168.496094
168.496094
168.496094
168.496094
170.042969
170.042969
170.042969
170.042969
170.042969
170.042969
170.042969
170.042969
170.042969
170.042969
170.042969
170.042969
170.042969
170.042969
170.042969
170.300781
170.300781
170.300781
170.300781
170.300781
170.300781
170.300781
173.652344
173.652344
173.652344
173.652344
173.652344
173.652344
173.652344
173.652344
173.652344
173.652344
173.652344
173.652344
173.652344
173.652344
173.652344
173.652344
173.652344
173.652344
173.652344
173.652344
173.652344
173.652344
173.652344
173.652344
173.652344
173.652344
173.652344
173.652344
173.652344
173.652344
173.652344
173.652344
173.652344
173.652344
173.652344
173.652344
173.652344
173.652344
173.652344
173.652344
173.652344
173.652344
173.652344
173.652344
173.652344
173.652344
173.652344
173.652344
173.652344
173.652344
173.652344
173.652344
173.652344
174.425781
174.425781
174.425781
174.425781
174.425781
174.425781
174.425781
174.425781
174.425781
174.425781
174.425781
174.425781
174.425781
174.425781
174.425781
174.425781
174.425781
175.714844
175.714844
175.714844
175.714844
175.714844
175.714844
175.714844
175.714844
175.714844
175.714844
175.714844
175.714844
175.714844
175.714844
175.714844
175.714844
175.714844
175.714844
175.714844
175.714844
175.714844
175.714844
175.714844
175.714844
175.714844
175.714844
175.714844
175.714844
175.714844
175.714844
175.714844
175.714844
175.714844
175.714844
175.714844
175.714844
175.714844
175.714844
175.714844
175.714844
175.714844
175.714844
175.714844
175.714844
175.714844
175.714844
175.714844
175.714844
175.714844
175.714844
175.714844
175.714844
175.714844
175.714844
175.714844
175.714844
175.714844
175.714844
175.714844
175.972656
175.972656
175.972656
175.972656
175.972656
175.972656
175.972656
175.972656
175.972656
175.972656
175.972656
175.972656
176.230469
176.230469
176.488281
176.488281
176.746094
176.746094
176.746094
176.746094
176.746094
176.746094
176.746094
176.746094
176.746094
176.746094
176.746094
176.746094
176.746094
176.746094
176.746094
176.746094
176.746094
176.746094
176.746094
176.746094
176.746094
176.746094
177.003906
177.003906
177.003906
177.003906
177.003906
177.003906
177.003906
177.003906
177.003906
177.261719
177.261719
177.261719
177.261719
177.261719
177.261719
177.261719
177.261719
177.261719
177.261719
177.777344
177.777344
177.777344
177.777344
177.777344
177.777344
177.777344
177.777344
177.777344
179.582031
179.582031
179.582031
179.582031
179.582031
179.582031
179.582031
179.582031
180.355469
180.355469
180.355469
180.355469
180.355469
180.355469
180.355469
180.355469
180.355469
180.355469
180.355469
180.355469
180.355469
180.355469
180.355469
180.355469
180.355469
180.355469
180.355469
180.355469
180.355469
180.355469
180.355469
180.355469
180.355469
180.355469
180.355469
180.355469
180.355469
181.902344
181.902344
181.902344
181.902344
181.902344
181.902344
181.902344
181.902344
181.902344
181.902344
181.902344
181.902344
181.902344
181.902344
181.902344
181.902344
181.902344
181.902344
181.902344
181.902344
181.902344
181.902344
181.902344
181.902344
181.902344
181.902344
181.902344
181.902344
181.902344
181.902344
181.902344
181.902344
181.902344
181.902344
181.902344
181.902344
181.902344
181.902344
181.902344
182.417969
183.449219
183.449219
183.449219
183.449219
183.449219
184.996094
185.253906
185.253906
185.253906
185.253906
185.253906
185.253906
185.253906
185.253906
185.253906
185.253906
187.316406
187.316406
187.316406
187.316406
187.316406
187.316406
187.316406
187.316406
187.316406
187.316406
187.316406
187.316406
187.316406
187.316406
187.316406
187.832031
187.832031
187.832031
187.832031
187.832031
187.832031
187.832031
187.832031
188.605469
188.605469
188.605469
188.605469
188.605469
188.605469
188.605469
188.605469
189.378906
189.378906
189.378906
189.378906
189.378906
189.378906
189.378906
189.378906
189.378906
189.378906
189.378906
189.378906
189.378906
189.378906
189.378906
189.378906
189.378906
191.699219
191.699219
191.699219
192.214844
192.214844
192.214844
192.214844
194.535156
194.535156
194.535156
194.535156
195.566406
195.566406
195.566406
195.566406
195.566406
195.566406
195.566406
195.566406
195.566406
195.566406
195.566406
195.566406
195.566406
195.566406
195.566406
195.566406
195.566406
195.566406
195.566406
195.566406
195.566406
195.566406
195.566406
195.566406
195.566406
195.566406
195.566406
195.566406
195.566406
195.566406
195.566406
195.566406
195.566406
195.566406
195.566406
195.566406
195.566406
195.566406
195.566406
195.566406
195.566406
195.566406
195.566406
195.566406
195.566406
195.566406
195.566406
195.566406
195.566406
195.566406
195.566406
195.566406
195.566406
195.566406
195.566406
195.566406
195.566406
195.566406
195.566406
195.566406
195.566406
195.566406
195.566406
195.566406
195.566406
195.566406
195.566406
195.566406
195.566406
195.566406
195.566406
195.566406
195.566406
195.566406
195.566406
195.566406
195.566406
195.566406
195.566406
195.566406
195.566406
195.566406
195.566406
195.566406
195.566406
195.566406
195.566406
195.566406
195.566406
195.566406
195.566406
195.566406
195.566406
195.566406
195.566406
195.566406
195.566406
195.566406
195.566406
195.566406
195.566406
195.566406
195.566406
195.566406
195.566406
195.566406
195.566406
195.566406
195.566406
195.566406
195.566406
195.566406
195.566406
195.566406
195.566406
195.566406
195.566406
195.566406
195.566406
197.886719
197.886719
197.886719
197.886719
197.886719
197.886719
197.886719
197.886719
197.886719
197.886719
197.886719
197.886719
197.886719
197.886719
197.886719
197.886719
197.886719
197.886719
197.886719
197.886719
197.886719
197.886719
197.886719
197.886719
197.886719
197.886719
197.886719
197.886719
197.886719
198.402344
198.402344
198.402344
198.402344
198.402344
198.402344
198.402344
198.402344
198.402344
198.402344
198.402344
198.402344
198.402344
198.402344
198.402344
198.402344
198.402344
198.402344
198.402344
198.402344
198.402344
198.402344
198.402344
198.660156
198.917969
199.949219
199.949219
199.949219
199.949219
199.949219
199.949219
200.207031
200.207031
201.496094
201.496094
201.496094
201.496094
201.496094
201.496094
201.496094
201.496094
201.496094
201.496094
201.496094
201.496094
201.496094
201.496094
201.496094
201.496094
201.496094
201.496094
201.753906
201.753906
201.753906
201.753906
201.753906
202.011719
202.269531
202.269531
202.269531
202.269531
202.269531
202.269531
202.269531
202.269531
202.269531
202.527344
202.785156
202.785156
206.394531
206.394531
206.394531
206.394531
206.394531
206.394531
206.394531
206.394531
206.394531
206.394531
206.394531
206.394531
206.394531
206.394531
206.394531
206.394531
206.394531
206.394531
206.394531
206.394531
206.394531
206.394531
206.394531
206.394531
206.394531
206.394531
206.394531
206.394531
206.394531
206.394531
206.394531
206.394531
206.394531
206.394531
206.394531
206.394531
206.394531
206.394531
206.394531
206.394531
206.394531
209.230469
209.230469
209.230469
209.230469
209.746094
209.746094
209.746094
209.746094
209.746094
209.746094
209.746094
209.746094
209.746094
209.746094
211.292969
211.292969
211.292969
211.292969
211.292969
211.292969
211.292969
212.839844
212.839844
212.839844
212.839844
212.839844
212.839844
212.839844
212.839844
212.839844
215.160156
215.160156
215.160156
215.160156
215.160156
215.160156
215.160156
215.160156
215.160156
215.160156
215.160156
215.160156
215.160156
215.160156
215.160156
215.160156
215.160156
215.160156
215.160156
215.160156
215.160156
215.160156
215.160156
215.160156
215.160156
215.160156
215.160156
215.160156
215.160156
215.160156
215.160156
215.160156
215.160156
215.160156
215.160156
215.160156
215.160156
215.160156
215.160156
215.160156
215.160156
215.160156
215.160156
215.160156
215.160156
215.160156
215.160156
215.160156
215.160156
215.160156
215.160156
215.160156
215.160156
215.160156
215.160156
215.160156
215.160156
215.160156
215.160156
215.160156
215.160156
215.160156
215.160156
215.160156
215.160156
215.160156
215.160156
215.160156
215.160156
215.160156
215.160156
215.160156
215.160156
215.160156
215.160156
215.160156
215.160156
215.160156
215.160156
215.160156
215.160156
215.160156
215.160156
215.160156
215.160156
215.160156
215.160156
215.160156
215.160156
215.160156
215.160156
215.160156
215.160156
215.160156
215.160156
215.160156
215.160156
215.160156
215.160156
215.160156
215.160156
215.160156
215.160156
215.160156
215.160156
215.160156
215.160156
215.160156
215.160156
215.160156
215.160156
215.160156
215.160156
215.160156
215.160156
215.160156
215.160156
215.160156
215.160156
215.160156
215.160156
215.160156
215.160156
215.417969
215.417969
215.417969
215.675781
215.675781
215.675781
215.675781
215.675781
215.675781
215.675781
215.675781
215.675781
215.675781
215.675781
215.933594
215.933594
216.191406
216.191406
216.191406
216.191406
216.191406
216.191406
216.191406
216.191406
216.191406
216.191406
216.191406
216.191406
216.191406
216.191406
216.449219
216.449219
216.964844
216.964844
216.964844
216.964844
216.964844
216.964844
216.964844
216.964844
216.964844
216.964844
216.964844
216.964844
216.964844
216.964844
216.964844
216.964844
216.964844
216.964844
218.769531
218.769531
218.769531
218.769531
218.769531
218.769531
218.769531
218.769531
218.769531
218.769531
218.769531
218.769531
218.769531
218.769531
218.769531
218.769531
218.769531
218.769531
218.769531
218.769531
218.769531
218.769531
218.769531
218.769531
218.769531
218.769531
220.316406
220.316406
220.316406
220.316406
220.316406
220.316406
220.316406
220.316406
220.316406
220.316406
220.316406
220.316406
220.316406
220.316406
220.316406
220.316406
220.316406
220.316406
220.316406
220.316406
220.316406
220.316406
220.316406
220.316406
220.316406
220.316406
220.316406
220.316406
220.316406
220.316406
220.316406
220.316406
220.316406
220.316406
220.316406
220.316406
220.316406
220.316406
220.316406
220.316406
220.316406
220.316406
220.316406
220.316406
220.316406
220.316406
220.316406
220.316406
220.316406
220.316406
220.316406
220.316406
220.316406
220.316406
220.316406
220.316406
220.316406
220.316406
220.316406
220.316406
220.316406
220.316406
220.316406
220.316406
220.316406
220.316406
220.316406
220.316406
220.316406
220.316406
220.316406
220.316406
220.316406
220.316406
220.316406
220.316406
221.089844
222.894531
222.894531
222.894531
222.894531
222.894531
222.894531
222.894531
222.894531
222.894531
222.894531
222.894531
222.894531
222.894531
222.894531
222.894531
222.894531
222.894531
222.894531
222.894531
222.894531
222.894531
222.894531
222.894531
222.894531
222.894531
222.894531
222.894531
222.894531
222.894531
222.894531
222.894531
222.894531
222.894531
222.894531
222.894531
222.894531
222.894531
222.894531
222.894531
222.894531
222.894531
222.894531
222.894531
222.894531
222.894531
222.894531
222.894531
222.894531
222.894531
222.894531
222.894531
222.894531
222.894531
222.894531
222.894531
222.894531
222.894531
222.894531
222.894531
222.894531
222.894531
222.894531
222.894531
222.894531
222.894531
222.894531
222.894531
222.894531
222.894531
223.925781
223.925781
223.925781
223.925781
223.925781
223.925781
223.925781
223.925781
223.925781
223.925781
223.925781
223.925781
223.925781
223.925781
223.925781
223.925781
223.925781
223.925781
223.925781
223.925781
223.925781
223.925781
223.925781
223.925781
223.925781
223.925781
223.925781
223.925781
223.925781
223.925781
223.925781
223.925781
223.925781
223.925781
223.925781
223.925781
223.925781
223.925781
223.925781
223.925781
223.925781
223.925781
223.925781
223.925781
223.925781
223.925781
223.925781
223.925781
223.925781
223.925781
223.925781
223.925781
224.183594
224.183594
224.183594
224.183594
224.183594
224.183594
224.183594
224.183594
224.183594
224.183594
224.183594
224.183594
224.183594
224.183594
224.183594
224.183594
224.183594
224.441406
224.441406
224.441406
224.699219
224.699219
224.699219
224.957031
224.957031
224.957031
224.957031
224.957031
224.957031
225.214844
225.214844
225.214844
225.214844
225.472656
225.472656
225.472656
225.472656
225.472656
225.472656
225.472656
225.472656
225.472656
225.472656
225.472656
225.472656
225.472656
225.472656
225.472656
225.730469
225.730469
225.730469
226.246094
226.246094
226.246094
226.246094
226.246094
226.503906
226.503906
226.761719
226.761719
226.761719
227.019531
227.019531
227.019531
227.019531
227.277344
227.277344
227.277344
227.277344
227.535156
227.535156
227.535156
227.792969
227.792969
227.792969
227.792969
228.050781
228.050781
228.050781
228.050781
228.308594
228.566406
228.566406
228.566406
228.566406
228.566406
228.824219
229.082031
229.082031
229.339844
229.339844
229.339844
229.597656
229.597656
229.597656
229.597656
229.855469
230.113281
230.113281
230.113281
230.113281
230.113281
230.113281
230.113281
230.113281
230.113281
230.113281
230.113281
230.113281
230.371094
230.371094
230.628906
230.628906
230.886719
230.886719
230.886719
230.886719
230.886719
230.886719
230.886719
230.886719
230.886719
230.886719
231.144531
231.144531
231.144531
231.402344
231.402344
231.402344
231.402344
231.402344
231.402344
231.402344
231.402344
231.402344
231.402344
231.402344
231.402344
231.402344
231.402344
231.660156
231.660156
232.175781
232.175781
232.175781
232.175781
232.175781
232.175781
232.175781
232.175781
232.175781
232.691406
232.691406
232.691406
232.691406
232.691406
232.949219
232.949219
232.949219
232.949219
232.949219
233.207031
233.207031
233.207031
233.207031
233.207031
233.207031
233.207031
233.207031
233.207031
233.207031
233.207031
233.207031
233.207031
233.207031
233.207031
233.207031
233.207031
233.207031
233.207031
233.207031
233.207031
233.207031
233.207031
233.207031
233.207031
233.207031
233.207031
233.207031
233.207031
233.207031
233.464844
233.464844
233.464844
233.464844
233.464844
233.464844
233.464844
233.464844
233.464844
233.464844
233.464844
233.464844
233.464844
233.722656
233.722656
233.722656
233.722656
233.722656
233.722656
233.722656
233.722656
233.980469
233.980469
233.980469
233.980469
233.980469
233.980469
233.980469
233.980469
233.980469
233.980469
233.980469
233.980469
233.980469
233.980469
234.238281
234.238281
234.238281
234.238281
234.496094
234.753906
235.011719
235.011719
235.011719
235.269531
235.269531
235.269531
235.269531
235.527344
235.527344
235.527344
235.527344
235.527344
235.527344
235.527344
235.785156
235.785156
236.042969
236.300781
236.558594
236.558594
236.558594
236.558594
236.816406
236.816406
236.816406
236.816406
237.332031
237.332031
237.332031
237.332031
237.332031
237.589844
237.847656
237.847656
237.847656
237.847656
238.105469
238.105469
238.105469
238.363281
238.363281
238.878906
238.878906
238.878906
238.878906
238.878906
239.652344
239.652344
239.652344
239.652344
239.652344
239.652344
239.652344
239.652344
240.167969
240.425781
240.425781
240.425781
240.425781
240.425781
240.425781
240.425781
240.425781
241.714844
241.714844
241.714844
241.714844
241.714844
241.714844
241.714844
241.714844
241.714844
241.714844
241.714844
241.714844
241.714844
241.714844
241.714844
241.714844
241.714844
241.714844
241.714844
241.714844
241.714844
241.714844
241.714844
241.714844
241.714844
241.714844
241.714844
241.714844
241.714844
241.714844
241.714844
241.714844
241.714844
241.714844
241.714844
241.714844
241.714844
241.714844
241.714844
241.714844
241.714844
241.714844
241.714844
241.714844
241.972656
241.972656
241.972656
241.972656
241.972656
241.972656
241.972656
241.972656
241.972656
242.230469
242.230469
242.230469
242.230469
242.488281
242.488281
242.746094
244.035156
244.035156
244.292969
244.808594
245.066406
245.066406
245.066406
245.066406
245.066406
245.066406
245.324219
246.097656
246.097656
246.097656
246.097656
246.097656
246.097656
246.097656
246.097656
246.097656
246.097656
246.097656
246.097656
246.097656
246.097656
246.097656
246.097656
246.097656
246.097656
246.097656
246.097656
246.097656
246.097656
246.097656
246.097656
246.097656
246.097656
246.097656
246.097656
246.097656
246.097656
246.097656
246.097656
246.097656
246.097656
246.097656
246.097656
246.097656
246.097656
246.097656
246.097656
246.097656
246.097656
246.097656
246.097656
246.097656
246.355469
246.355469
246.355469
246.355469
246.613281
246.613281
246.613281
246.613281
246.613281
246.613281
246.871094
246.871094
246.871094
247.128906
248.160156
248.160156
248.160156
248.160156
248.160156
248.160156
248.160156
248.160156
248.160156
248.160156
248.160156
248.160156
248.160156
248.160156
248.160156
248.160156
248.160156
248.160156
248.160156
248.160156
248.160156
248.160156
248.160156
248.160156
248.160156
248.160156
248.160156
248.160156
248.160156
248.160156
248.160156
248.160156
248.160156
248.160156
248.160156
248.160156
248.160156
248.160156
248.160156
248.160156
248.160156
248.160156
248.160156
248.160156
248.160156
248.160156
248.160156
248.160156
248.160156
248.160156
248.160156
248.160156
248.160156
248.160156
248.675781
248.675781
248.675781
248.675781
248.933594
248.933594
249.191406
250.738281
250.738281
250.738281
250.738281
250.738281
250.738281
250.738281
250.738281
250.738281
250.738281
250.738281
250.738281
250.738281
250.738281
250.738281
250.738281
250.738281
250.738281
250.738281
250.996094
251.511719
251.511719
251.511719
251.511719
251.511719
251.769531
251.769531
252.027344
252.027344
252.027344
252.027344
252.285156
252.285156
252.542969
253.058594
253.058594
253.574219
253.574219
253.574219
253.832031
253.832031
254.089844
254.347656
254.605469
254.605469
255.378906
255.378906
255.378906
255.378906
255.636719
255.894531
256.410156
256.410156
256.925781
256.925781
257.183594
257.183594
257.699219
257.699219
257.957031
257.957031
258.472656
258.472656
258.472656
258.472656
258.988281
258.988281
259.503906
259.761719
259.761719
259.761719
260.277344
260.277344
260.277344
260.535156
261.050781
261.050781
261.050781
261.050781
261.308594
261.566406
261.824219
261.824219
262.082031
262.339844
262.855469
262.855469
263.371094
263.371094
263.371094
263.371094
263.628906
263.886719
264.144531
264.144531
264.402344
264.660156
264.917969
265.433594
265.433594
265.433594
265.691406
265.691406
265.949219
266.207031
266.207031
266.464844
266.980469
266.980469
266.980469
267.238281
267.753906
267.753906
268.269531
268.269531
268.527344
268.527344
268.527344
269.300781
269.300781
269.300781
269.300781
269.558594
270.074219
270.074219
270.589844
270.847656
270.847656
270.847656
270.847656
271.105469
271.363281
271.363281
271.621094
271.878906
272.394531
272.394531
272.394531
272.652344
272.910156
272.910156
273.167969
273.683594
273.941406
273.941406
273.941406
274.199219
274.714844
274.972656
274.972656
274.972656
274.972656
275.230469
275.488281
276.003906
276.003906
276.519531
276.519531
276.519531
277.035156
277.292969
277.292969
277.292969
277.292969
277.550781
277.550781
277.808594
278.324219
278.324219
278.582031
278.582031
278.839844
279.097656
279.097656
279.355469
279.613281
279.871094
279.871094
280.128906
280.644531
280.902344
281.160156
281.417969
281.417969
281.417969
281.933594
281.933594
281.933594
281.933594
282.191406
282.449219
282.707031
283.222656
283.222656
283.222656
283.480469
283.480469
284.253906
284.511719
284.511719
284.511719
284.511719
285.027344
285.027344
285.027344
285.285156
286.058594
286.058594
286.058594
286.316406
286.832031
286.832031
287.089844
287.089844
287.089844
287.089844
287.347656
287.863281
287.863281
287.863281
288.121094
288.378906
288.378906
288.636719
288.894531
289.152344
289.152344
289.667969
289.667969
289.667969
289.925781
290.183594
290.183594
290.957031
290.957031
291.214844
291.214844
291.214844
291.472656
291.730469
291.730469
291.988281
292.246094
292.503906
292.503906
292.761719
293.019531
293.277344
293.792969
294.050781
294.050781
294.308594
294.566406
294.566406
294.566406
294.824219
295.082031
295.082031
295.339844
295.597656
295.855469
295.855469
296.113281
296.371094
296.371094
296.628906
296.886719
297.402344
297.402344
297.402344
297.660156
297.917969
298.433594
298.691406
298.691406
