0.000000
0.000000
0.000000
0.000000
0.000000
0.000000
0.000000
0.000000
0.000000
0.000000
0.000000
0.005724
0.084345
0.153341
0.230316
0.284733
0.409971
0.597245
0.757940
0.898319
1.027756
1.139807
1.248171
1.326086
1.415218
1.489031
1.549133
1.613571
1.669793
1.731097
1.775121
1.833575
1.870953
1.919601
1.944837
2.005544
2.051626
2.075809
2.112682
2.136805
2.172948
2.207688
2.235770
2.259318
2.278851
2.308520
2.334001
2.363569
2.397676
2.423990
2.451394
2.470842
2.491323
2.511550
2.531203
2.545787
2.545961
2.559040
2.571198
2.580018
2.591228
2.607690
2.620373
2.639209
2.657040
2.671972
2.689228
2.697638
2.715885
2.730858
2.735972
2.723735
2.698747
2.687402
2.664175
2.654593
2.637912
2.616548
2.593525
2.589932
2.602588
2.622338
2.637904
2.651991
2.667628
2.681978
2.697017
2.713931
2.726955
2.737569
2.744882
2.750814
2.746960
2.744201
2.754017
2.757421
2.766392
2.772182
2.777432
2.780982
2.790767
2.797543
2.797877
2.802415
2.810189
2.812926
2.817222
2.825639
2.822919
2.832213
2.835785
2.839635
2.847928
2.852738
2.862046
2.862338
2.867382
2.870462
2.878350
2.887102
2.896803
2.904604
2.908241
2.908637
2.896291
2.884720
2.889813
2.899115
2.906145
2.908171
2.916332
2.916492
2.906594
2.908064
2.913390
2.918471
2.918103
2.920908
2.921255
2.926833
2.933123
2.937074
2.942138
2.945315
2.950735
2.952165
2.955198
2.958773
2.960743
2.964165
2.964847
2.967397
2.967556
2.973988
2.977831
2.979949
2.982407
2.982644
2.984959
2.988304
2.994207
2.997441
3.001374
3.005484
3.009485
3.009665
3.006042
3.006877
3.010104
3.012609
3.014221
3.015852
3.019267
3.025092
3.029612
3.030170
3.034809
3.035633
3.039617
3.036831
3.039142
3.042557
3.043911
3.046073
3.047612
3.051327
3.054042
3.056234
3.058575
3.060125
3.063714
3.062788
3.065438
3.065824
3.067767
3.065755
3.068411
3.068252
3.070628
3.072436
3.073982
3.076569
3.077171
3.079937
3.082943
3.084190
3.090083
3.086836
3.088343
3.088758
3.091876
3.092376
3.094422
3.095925
3.096859
3.098521
3.097734
3.098888
3.096924
3.095315
3.096797
3.099397
3.098979
3.100210
3.098708
3.099712
3.097756
3.094764
3.085702
3.081944
3.083721
3.080782
3.082820
3.084576
3.088212
3.089630
3.092095
3.095936
3.097013
3.100569
3.099634
3.098363
3.089992
3.084140
3.085282
3.085935
3.088858
3.088681
3.091172
3.093211
3.094704
3.095924
3.093750
3.092701
3.090968
3.086408
3.083275
3.082842
3.081396
3.084037
3.086187
3.083366
3.079548
3.080318
3.076574
3.076199
3.078579
3.080115
3.079485
3.080526
3.080566
3.081488
3.078912
3.076269
3.074235
3.073501
3.075467
3.076672
3.078411
3.081016
3.080197
3.082273
3.083990
3.084999
3.085560
3.086374
3.088826
3.089536
3.092228
3.094622
3.094682
3.099400
3.102580
3.102489
3.103093
3.103468
3.105159
3.106395
3.108811
3.109540
3.110911
3.113301
3.114890
3.116536
3.118358
3.119423
3.115949
3.116225
3.116349
3.116300
3.116684
3.112673
3.109599
3.110281
3.107005
3.106206
3.106177
3.101861
3.102281
3.103996
3.103921
3.103516
3.103422
3.101427
3.102799
3.103268
3.102430
3.102771
3.102559
3.104631
3.105273
3.105102
3.105438
3.106966
3.108045
3.109015
3.109119
3.110914
3.110138
3.106254
3.106408
3.108772
3.108074
3.107461
3.107536
3.108781
3.108415
3.109250
3.108191
3.108789
3.108577
3.109685
3.108759
3.109268
3.108872
3.108646
3.105973
3.107209
3.106434
3.107004
3.106028
3.106927
3.108555
3.108647
3.107786
3.107749
3.109457
3.109480
3.109688
3.110009
3.110344
3.110998
3.112329
3.110897
3.111092
3.111018
3.111935
3.110690
3.111602
3.111831
3.111964
3.108850
3.108898
3.109148
3.110623
3.110668
3.111943
3.112829
3.113145
3.113727
3.112779
3.113976
3.113454
3.114232
3.113684
3.114148
3.113748
3.116094
3.115827
3.115472
3.115604
3.115808
3.116294
3.118485
3.120811
3.123069
3.124100
3.123166
3.124270
3.123896
3.124361
3.122730
3.117265
3.116268
3.117868
3.119631
3.120024
3.121186
3.118691
3.116241
3.115578
3.112825
3.110054
3.111019
3.113766
3.115829
3.117702
3.118599
3.117952
3.118237
3.117827
3.118277
3.114667
3.112689
3.113705
3.113769
3.115197
3.115214
3.116082
3.115924
3.117003
3.117958
3.119186
3.120104
3.121129
3.122317
3.123318
3.123179
3.124316
3.124568
3.125908
3.127438
3.128267
3.128750
3.129392
3.130162
3.131355
3.133295
3.134459
3.133656
3.131528
3.132744
3.133746
3.136112
3.137694
3.138781
3.140714
3.142273
3.142286
3.141388
3.143019
3.141161
3.136677
3.135231
3.136274
3.138035
3.136255
3.132470
3.131647
3.132004
3.133041
3.134255
3.133329
3.134613
3.135093
3.135019
3.135594
3.136330
3.132886
3.129154
3.130684
3.130759
3.131628
3.132209
3.133037
3.134170
3.134883
3.135326
3.136140
3.137230
3.138021
3.138686
3.139950
3.141182
3.142163
3.143089
3.143643
3.144788
3.144775
3.145711
3.146351
3.146973
3.147329
3.148439
3.149406
3.150397
3.151583
3.151450
3.152565
3.153375
3.154557
3.155241
3.155567
3.156485
3.154265
3.153145
3.149969
3.147721
3.148720
3.150430
3.150530
3.148365
3.147998
3.147861
3.147739
3.148789
3.150702
3.150199
3.150209
3.150988
3.150539
3.151236
3.150956
3.152437
3.151734
3.152077
3.151969
3.151665
3.151258
3.151011
3.146786
3.144958
3.144801
3.143367
3.139990
3.139171
3.140699
3.142153
3.143643
3.144941
3.145802
3.143942
3.143145
3.144051
3.144737
3.144911
3.145292
3.145258
3.146337
3.146550
3.146188
3.147355
3.147260
3.147948
3.149308
3.150186
3.150687
3.150447
3.151779
3.153102
3.153236
3.150584
3.148648
3.148964
3.150326
3.151346
3.152470
3.153339
3.154882
3.156243
3.157002
3.157781
3.158389
3.158621
3.159405
3.159464
3.158658
3.154542
3.153642
3.154488
3.153368
3.150918
3.150663
3.152117
3.153784
3.155120
3.156436
3.157818
3.158976
3.160334
3.157839
3.154044
3.152925
3.154063
3.155300
3.156686
3.158064
3.158774
3.160474
3.161714
3.163045
3.164228
3.166535
3.167438
3.168641
3.169367
3.170506
3.171661
3.171982
3.169734
3.168593
3.169356
3.169743
3.169793
3.169614
3.170558
3.171765
3.172367
3.171369
3.171552
3.172232
3.172955
3.175415
3.176433
3.177405
3.178361
3.177669
3.173999
3.173420
3.173944
3.174436
3.174923
3.176412
3.177025
3.178467
3.179779
3.179554
3.176369
3.173521
3.170076
3.170444
3.172167
3.174236
3.175959
3.177180
3.177944
3.178932
3.179808
3.181058
3.181622
3.182341
3.183013
3.183812
3.184943
3.186116
3.186434
3.184808
3.184385
3.185491
3.186206
3.187301
3.189852
3.191097
3.192733
3.191930
3.188745
3.188006
3.187924
3.186605
3.184557
3.182356
3.180907
3.181848
3.181015
3.181688
3.182082
3.182692
3.183627
3.184679
3.185708
3.185915
3.186386
3.186797
3.187727
3.188371
3.188481
3.189187
3.190074
3.191380
3.190864
3.188806
3.188637
3.189077
3.190127
3.190843
3.191372
3.192091
3.193051
3.194281
3.195238
3.195528
3.195725
3.196024
3.196782
3.197046
3.194803
3.192120
3.192858
3.194083
3.195079
3.195884
3.196842
3.197959
3.198951
3.200234
3.201231
3.201875
3.202943
3.203860
3.204620
3.205737
3.207088
3.207348
3.208563
3.209534
3.210415
3.211727
3.213023
3.213838
3.214657
3.214622
3.213748
3.212752
3.210072
3.209691
3.210094
3.209099
3.208261
3.208721
3.209362
3.208463
3.207869
3.207796
3.207254
3.207509
3.208158
3.208424
3.209039
3.208912
3.208971
3.209228
3.209381
3.209768
3.209425
3.210140
3.210439
3.210642
3.210984
3.210665
3.210988
3.211542
3.212179
3.213038
3.213243
3.213452
3.213650
3.214367
3.214682
3.215320
3.215846
3.215912
3.216746
3.217307
3.217907
3.218150
3.217768
3.218146
3.218290
3.218387
3.217870
3.217262
3.216450
3.214326
3.213553
3.212514
3.211932
3.212093
3.213165
3.213659
3.213932
3.212919
3.211663
3.210906
3.209596
3.209833
3.208355
3.205609
3.204576
3.204689
3.203589
3.203634
3.204041
3.204570
3.203565
3.203940
3.204091
3.204491
3.203218
3.203437
3.203525
3.203809
3.203987
3.203869
3.203841
3.203793
3.204144
3.204466
3.203208
3.200576
3.199161
3.197569
3.195908
3.195285
3.194323
3.194561
3.193311
3.192434
3.190967
3.189593
3.189332
3.189240
3.189085
3.189761
3.190951
3.191767
3.192299
3.191089
3.190495
3.190979
3.191477
3.192200
3.192908
3.193783
3.194267
3.193958
3.193316
3.193553
3.193580
3.193255
3.193548
3.193870
3.193353
3.192300
3.192581
3.192834
3.192476
3.193046
3.193944
3.194808
3.195005
3.193321
3.190823
3.190516
3.189858
3.189776
3.189215
3.190135
3.189218
3.186330
3.184640
3.183566
3.183920
3.184690
3.185154
3.184160
3.182731
3.182989
3.183688
3.184172
3.185062
3.185394
3.186137
3.186960
3.187303
3.186791
3.187193
3.188559
3.189331
3.190045
3.189624
3.187993
3.187739
3.187411
3.187093
3.185677
3.183793
3.181150
3.178401
3.178444
3.178387
3.177665
3.177477
3.176704
3.177263
3.177966
3.178713
3.177753
3.175408
3.174426
3.174876
3.175609
3.176191
3.176917
3.177493
3.177550
3.178462
3.179194
3.180054
3.180571
3.181412
3.181999
3.181674
3.182039
3.181804
3.182373
3.182486
3.181548
3.179663
3.177548
3.176138
3.175822
3.175983
3.175685
3.175272
3.175744
3.175501
3.173853
3.173422
3.174155
3.174694
3.174312
3.172388
3.171359
3.170360
3.168796
3.166746
3.164868
3.163777
3.163494
3.162796
3.162407
3.162933
3.162662
3.160393
3.158098
3.157380
3.158352
3.158972
3.159772
3.160184
3.160110
3.159942
3.159497
3.158532
3.158995
3.159974
3.160766
3.160858
3.161586
3.161654
3.160248
3.158847
3.159350
3.159380
3.158759
3.157530
3.158112
3.158626
3.158826
3.159627
3.160419
3.161227
3.162075
3.162765
3.163538
3.164599
3.165353
3.166146
3.166775
3.167351
3.168204
3.169055
3.169989
3.170676
3.171438
3.171764
3.172216
3.173020
3.173900
3.174468
3.175251
3.175690
3.176132
3.176767
3.177350
3.175917
3.175491
3.175626
3.176385
3.177016
3.177333
3.178478
3.179273
3.179028
3.178732
3.179171
3.179851
3.180394
3.181226
3.181941
3.182419
3.182971
3.183539
3.184265
3.184794
3.185418
3.185798
3.185955
3.186706
3.186841
3.186486
3.187159
3.187269
3.187903
3.188419
3.188464
3.188820
3.189535
3.189708
3.190145
3.190348
3.190492
3.190547
3.190819
3.190781
3.191149
3.191156
3.190595
3.190919
3.191547
3.191150
3.191505
3.191643
3.191697
3.190914
3.189857
3.189667
3.189334
3.189624
3.189353
3.189696
3.189263
3.189526
3.189234
3.189569
3.189290
3.189301
3.189180
3.189309
3.188753
3.189279
3.189200
3.189963
3.190585
3.190919
3.190060
3.187734
3.186988
3.187149
3.187714
3.188089
3.188703
3.189069
3.189476
3.189611
3.189464
3.188150
3.187802
3.188242
3.187925
3.188078
3.187895
3.185899
3.183975
3.183289
3.181776
3.181703
3.181957
3.182200
3.181934
3.182168
3.182560
3.182321
3.182698
3.182625
3.182778
3.182735
3.182936
3.182784
3.182808
3.183164
3.183056
3.182977
3.182830
3.182605
3.182964
3.182843
3.182468
3.181524
3.179689
3.179000
3.178510
3.178902
3.179107
3.179285
3.177742
3.176042
3.176054
3.176861
3.177611
3.178529
3.179154
3.179849
3.179469
3.178217
3.177213
3.176059
3.174606
3.174876
3.175701
3.175849
3.175866
3.176346
3.177104
3.177828
3.177729
3.177131
3.175109
3.174337
3.174554
3.174617
3.174513
3.175134
3.175730
3.176315
3.176908
3.177452
3.177657
3.178029
3.177498
3.175742
3.174784
3.175170
3.175851
3.175764
3.176343
3.176201
3.176551
3.176801
3.177382
3.177703
3.177645
3.178155
3.178187
3.178511
3.178453
3.178891
3.178356
3.176814
3.175503
3.175536
3.174553
3.173313
3.173790
3.174302
3.174694
3.174068
3.171916
3.171290
3.172087
3.172398
3.172865
3.173467
3.173880
3.174223
3.174180
3.174168
3.174211
3.174561
3.174790
3.175249
3.175457
3.176099
3.176438
3.176665
3.175255
3.173966
3.173360
3.172816
3.170983
3.170216
3.170400
3.170420
3.169036
3.168591
3.168590
3.168775
3.169309
3.169953
3.170533
3.170444
3.170136
3.170376
3.169410
3.169687
3.169773
3.169809
3.170087
3.170834
3.170384
3.169798
3.169965
3.170100
3.170115
3.170690
3.171215
3.171372
3.171661
3.171401
3.170900
3.170992
3.171104
3.171760
3.171947
3.170935
3.170945
3.171327
3.171918
3.172446
3.172801
3.172845
3.173244
3.173803
3.174055
3.174307
3.174369
3.174431
3.174992
3.175321
3.174922
3.174476
3.174450
3.174635
3.174138
3.174549
3.173637
3.174149
3.174505
3.174938
3.174554
3.174164
3.174549
3.174095
3.172247
3.172011
3.172649
3.172701
3.172233
3.171902
3.171888
3.171530
3.171640
3.172078
3.172047
3.172169
3.171967
3.172488
3.172574
3.173077
3.173575
3.173800
3.174165
3.174233
3.174660
3.175362
3.175947
3.176580
3.176602
3.177047
3.177378
3.178050
3.178553
3.179251
3.179473
3.179984
3.180180
3.180136
3.179677
3.179602
3.178441
3.177873
3.177929
3.178107
3.178497
3.179113
3.179182
3.178761
3.178462
3.178637
3.178975
3.179463
3.180050
3.180595
3.181103
3.181616
3.182180
3.182946
3.183574
3.183344
3.182503
3.182550
3.182877
3.183172
3.183721
3.184598
3.185000
3.184640
3.183708
3.184011
3.184845
3.185457
3.186217
3.185914
3.185801
3.185202
3.183803
3.182959
3.183254
3.183153
3.183361
3.183315
3.183389
3.183776
3.184007
3.184547
3.185063
3.185373
3.185854
3.186144
3.186500
3.187043
3.187254
3.187194
3.187042
3.187245
3.187759
3.188344
3.188766
3.188885
3.189345
3.189603
3.189938
3.190266
3.190576
3.191195
3.191265
3.191746
3.191983
3.191404
3.190932
3.190772
3.190988
3.191018
3.191529
3.191945
3.192441
3.192838
3.193248
3.193467
3.193304
3.193651
3.193875
3.193715
3.192360
3.190739
3.190790
3.191025
3.190699
3.190383
3.190235
3.190658
3.190065
3.189865
3.189170
3.188772
3.189100
3.189374
3.189387
3.189413
3.189478
3.189817
3.189463
3.189073
3.188926
3.189341
3.189185
3.188997
3.188939
3.188926
3.188358
3.188899
3.188468
3.188098
3.188385
3.188782
3.188970
3.189403
3.189372
3.189078
3.188576
3.188387
3.187745
3.187691
3.187468
3.187570
3.187305
3.187467
3.186865
3.186867
3.186629
3.186707
3.186857
3.186600
3.186607
3.185702
3.185225
3.185191
3.185282
3.185322
3.185324
3.184786
3.183000
3.181688
3.182115
3.182405
3.182594
3.182933
3.183436
3.183725
3.183944
3.183942
3.184311
3.184679
3.184954
3.185434
3.185582
3.185961
3.186412
3.186619
3.186870
3.186961
3.187210
3.187490
3.188142
3.188591
3.188692
3.189007
3.189291
3.189311
3.189677
3.190054
3.190418
3.190828
3.190899
3.191331
3.191628
3.192046
3.192374
3.192620
3.192791
3.192994
3.193322
3.193712
3.193973
3.194169
3.194372
3.194613
3.195000
3.195295
3.195543
3.196011
3.196547
3.196840
3.196915
3.197071
3.197501
3.197963
3.197961
3.196852
3.196710
3.196284
3.194837
3.194411
3.194038
3.194068
3.193878
3.192997
3.191902
3.191616
3.192110
3.192459
3.192500
3.192280
3.191985
3.192196
3.192380
3.192867
3.192429
3.192717
3.192930
3.193242
3.193444
3.194034
3.194547
3.194957
3.194913
3.195299
3.195761
3.196181
3.196485
3.196674
3.196875
3.197048
3.196974
3.197001
3.196891
3.197195
3.197391
3.197447
3.197644
3.196528
3.195768
3.196335
3.196645
3.197028
3.197141
3.197447
3.196782
3.196337
3.196809
3.197194
3.197306
3.197357
3.197593
3.198140
3.198401
3.198656
3.197620
3.197278
3.197633
3.197882
3.197847
3.198506
3.198847
3.199136
3.199402
3.199893
3.200340
3.200714
3.201303
3.201749
3.202230
3.202716
3.203146
3.203521
3.204094
3.204668
3.204965
3.205290
3.205749
3.206301
3.206718
3.207343
3.207572
3.208094
3.208564
3.209023
3.209385
3.209971
3.210320
3.210416
3.210941
3.211325
3.211615
3.211811
3.212303
3.212426
3.212453
3.212712
3.212546
3.212755
3.212664
3.212584
3.212146
3.212496
3.212084
3.212164
3.210908
3.209188
3.208084
3.207618
3.206979
3.207268
3.206888
3.205438
3.205217
3.204003
3.202830
3.202166
3.201484
3.201025
3.201444
3.201646
3.201599
3.201928
3.202102
3.202204
3.201903
3.202163
3.202488
3.202759
3.203004
3.203227
3.203469
3.204214
3.204291
3.204676
3.205131
3.205253
3.205569
3.205825
3.205979
3.206313
3.206239
3.206717
3.206848
3.207088
3.207409
3.207765
3.208023
3.208493
3.208620
3.209026
3.209433
3.209946
3.210401
3.210416
3.210587
3.211051
3.211272
3.211359
3.210990
3.211143
3.210539
3.210499
3.210301
3.210620
3.210607
3.211058
3.210221
3.209766
3.209763
3.209568
3.208891
3.208035
3.207777
3.207526
3.207706
3.208001
3.207675
3.206992
3.207317
3.207069
3.205873
3.205642
3.205783
3.204685
3.203710
3.203774
3.202919
3.202623
3.202791
3.202619
3.202769
3.203278
3.203093
3.203419
3.203775
3.203801
3.203574
3.203818
3.204161
3.204183
3.204333
3.204805
3.204972
3.204992
3.205298
3.205527
3.205522
3.205783
3.206076
3.206440
3.206707
3.206751
3.207053
3.206430
3.205686
3.205193
3.205121
3.205015
3.204884
3.203761
3.203268
3.202236
3.201502
3.201314
3.200776
3.200480
3.199892
3.199873
3.199605
3.199705
3.199546
3.199714
3.199665
3.199600
3.199851
3.199666
3.199370
3.198858
3.198878
3.199229
3.199246
3.199406
3.199288
3.199318
3.199563
3.199434
3.199724
3.199697
3.199911
3.200079
3.200353
3.200727
3.200716
3.201134
3.200862
3.201131
3.201217
3.201429
3.201880
3.201668
3.201934
3.202197
3.202513
3.202241
3.201894
3.201854
3.202129
3.202557
3.202906
3.203312
3.203443
3.202625
3.202038
3.202220
3.202671
3.203079
3.203441
3.203514
3.202772
3.202867
3.203186
3.203417
3.203212
3.203327
3.203792
3.204325
3.204620
3.205041
3.204706
3.204877
3.204519
3.204262
3.204547
3.204829
3.204848
3.205147
3.205045
3.205034
3.204552
3.204670
3.205065
3.205430
3.205722
3.205628
3.205553
3.205687
3.205893
3.205689
3.205877
3.206190
3.206428
3.206662
3.206619
3.206576
3.206765
3.206102
3.205766
3.205740
3.205125
3.203903
3.203698
3.203966
3.204033
3.204348
3.204015
3.204328
3.204377
3.204260
3.203477
3.202590
3.202827
3.203265
3.203484
3.203787
3.203944
3.203936
3.202797
3.201908
3.200893
3.200184
3.200419
3.200864
3.201208
3.201342
3.201598
3.202034
3.202393
3.202730
3.202802
3.203163
3.203489
3.203879
3.204148
3.204497
3.204786
3.204811
3.203896
3.203064
3.202586
3.201352
3.200604
3.200503
3.200444
3.200480
3.200145
3.199275
3.198278
3.198133
3.198360
3.198677
3.199115
3.199522
3.199758
3.200019
3.199965
3.200334
3.200719
3.200898
3.200699
3.200728
3.200919
3.201133
3.200998
3.200722
3.199820
3.198835
3.198431
3.198120
3.198149
3.197641
3.197358
3.197561
3.197941
3.198231
3.198728
3.199104
3.199568
3.199739
3.200131
3.200490
3.200901
3.200971
3.200644
3.200997
3.201224
3.201529
3.201788
3.201813
3.201036
3.200964
3.201279
3.201702
3.201662
3.200578
3.199164
3.197596
3.195848
3.194259
3.192622
3.191018
3.189377
3.187644
3.185988
3.184524
3.182858
3.181289
3.179574
3.177991
3.176281
3.174789
3.173023
3.171484
3.169881
3.168322
3.166658
3.165017
3.163399
3.161817
3.160204
3.158604
3.157053
3.155448
3.153808
3.152222
3.150602
3.149056
3.147504
3.145891
3.144251
3.142712
3.141061
3.139504
3.137862
3.136386
3.134669
3.133293
3.131639
3.130163
3.128478
3.126872
3.125399
3.123808
3.122235
3.120690
3.119073
3.117578
3.115891
3.114420
3.112836
3.111338
3.109710
3.108210
3.106698
3.105122
3.103555
3.102107
3.100425
3.098984
3.097357
3.095854
3.094262
3.092756
3.091213
3.089650
3.088145
3.086660
3.085159
3.083607
3.082021
3.080521
3.079096
3.077512
3.075929
3.074363
3.072904
3.071478
3.069841
3.068366
3.066882
3.065381
3.063907
3.062454
3.060804
3.059354
3.057884
3.056333
3.054873
3.053323
3.051913
3.050404
3.048912
3.047429
3.045974
3.044367
3.042952
3.041475
3.039970
3.038455
3.036998
3.035584
3.034071
3.032597
3.031015
3.029644
3.028102
3.026693
3.025171
3.023799
3.022239
3.020868
3.019312
3.017936
3.016363
3.014990
3.013460
3.012134
3.010480
3.009145
3.007652
3.006212
3.004808
3.003309
3.001880
3.000416
2.999070
2.997624
2.996098
2.994619
2.993214
2.991878
2.990344
2.988941
2.987490
2.986083
2.984656
2.983185
2.981760
2.980314
2.978861
2.977585
2.976040
2.974659
2.973191
2.971821
2.970384
2.969078
2.967581
2.966142
2.964780
2.963351
2.961945
2.960517
2.959149
2.957724
2.956277
2.954839
2.953491
2.952126
2.950678
2.949357
2.947919
2.946519
2.945083
2.943666
2.942270
2.941022
2.939555
2.938166
2.936814
2.935496
2.934053
2.932737
2.931266
2.929963
2.928432
2.927203
2.925734
2.924390
2.923027
2.921692
2.920349
2.918936
2.917487
2.916239
2.914817
2.913436
2.912106
2.910748
2.909414
2.908054
2.906638
2.905372
2.903930
2.902656
2.901231
2.899937
2.898500
2.897217
2.895909
2.894551
2.893111
2.891838
2.890441
2.889187
2.887855
2.886444
2.885168
2.883826
2.882410
2.881162
2.879751
2.878526
2.877167
2.875832
2.874519
2.873197
2.871864
2.870568
2.869248
2.867899
2.866560
2.865244
2.863934
2.862640
2.861261
2.859914
2.858713
2.857429
2.856102
2.854763
2.853439
2.852129
2.850839
2.849490
2.848169
2.846945
2.845655
2.844316
