2.08763
2.58771
3.08771
3.58763
4.0876
4.58758
5.08768
5.58763
6.08774
6.58768
7.08758
7.5876
8.08762
8.59014
9.08766
9.58763
10.0877
10.5895
11.0876
11.5876
12.0876
12.5878
13.0876
13.5876
14.0881
14.5898
15.0876
15.5876
16.0876
16.5892
17.0878
17.5878
18.0876
18.5987
19.0932
19.5877
20.0878
20.589
21.0949
21.5876
22.0898
22.5878
23.0876
23.5876
24.0876
24.5891
25.0877
25.5877
26.0876
26.5877
27.0877
27.5901
28.0913
28.5876
29.0909
29.5893
30.0877
30.6064
31.0876
31.5877
32.0878
32.6086
33.0926
33.5927
34.1039
34.5876
35.0877
35.6027
36.0958
36.6046
37.098
37.5908
38.0927
38.5969
39.0908
39.5947
40.096
40.6034
41.0942
41.5921
42.1015
42.598
43.0921
43.6045
44.0878
44.5921
45.0877
45.5947
46.0876
46.5942
47.0922
47.5945
48.0965
48.6006
49.0969
49.5934
50.0948
50.5984
51.0963
51.6012
52.1084
52.5996
53.095
53.5924
54.101
54.5942
55.0999
55.6026
56.0936
56.5979
57.1019
57.6057
58.0952
58.5946
59.1057
59.6053
60.1052
60.6067
61.1068
61.6058
62.1001
62.61
63.1153
63.6125
64.1184
64.6185
65.1121
65.6114
66.1138
66.6275
67.1062
67.6177
68.1037
68.6119
69.1064
69.6093
70.1061
70.6296
71.1061
71.607
72.1065
72.6186
73.1075
73.6059
74.1061
74.6078
75.1065
75.6088
76.1063
76.6066
77.1055
77.6305
78.1057
78.6142
79.1057
79.6072
80.1068
80.607
81.1068
81.6079
82.1071
82.6056
83.111
83.6052
84.1055
84.6053
85.1134
85.6067
86.105
86.6084
87.1073
87.6158
88.1093
88.6165
89.1078
89.6221
90.1148
90.6116
91.108
91.6104
92.1079
92.6055
93.1088
93.6161
94.1066
94.6119
95.1056
95.6176
96.1054
96.6099
97.1111
97.6118
98.1072
98.6112
99.1073
99.6163
100.107
100.617
101.117
101.632
102.112
102.614
103.106
103.629
104.105
104.621
105.111
105.62
106.122
106.605
107.107
107.623
108.106
108.614
109.107
109.615
110.113
110.62
111.112
111.615
112.106
112.619
113.106
113.617
114.113
114.612
115.114
115.612
116.113
116.613
117.112
117.62
118.126
118.615
119.111
119.611
120.134
120.619
121.113
121.615
122.113
122.613
123.108
123.613
124.109
124.607
125.118
125.619
126.105
126.614
127.111
127.625
128.115
128.611
129.117
129.62
130.114
130.626
131.112
131.612
132.109
132.616
133.113
133.631
134.119
134.618
135.117
135.617
136.114
136.628
137.106
137.631
138.107
138.608
139.116
139.619
140.112
140.611
141.114
141.63
142.106
142.618
143.119
143.619
144.114
144.615
145.11
145.632
146.117
146.612
147.128
147.639
148.123
148.627
149.117
149.614
150.112
150.622
151.125
151.608
152.134
152.622
153.113
153.634
154.121
154.626
155.109
155.612
156.106
156.638
157.109
157.613
158.133
158.646
159.123
159.623
160.123
160.616
161.112
161.616
162.123
162.606
163.133
163.617
164.118
164.606
165.118
165.608
166.124
166.618
167.116
167.623
168.121
168.612
169.106
169.634
170.133
170.615
171.105
171.637
172.129
172.622
173.106
173.632
174.106
174.628
175.114
175.621
176.107
176.636
177.11
177.625
178.116
178.642
179.109
179.614
180.129
180.608
181.11
181.627
182.124
182.628
183.11
183.634
184.125
184.621
185.127
185.631
186.112
186.611
187.119
187.622
188.119
188.611
189.109
189.609
190.119
190.626
191.136
191.617
192.112
192.625
193.111
193.608
194.121
194.613
195.119
195.613
196.13
196.628
197.116
197.616
198.111
198.635
199.106
199.649
200.131
200.617
201.112
201.644
202.109
202.639
203.136
203.615
204.124
204.613
205.128
205.612
206.113
206.645
207.134
207.615
208.106
208.618
209.137
209.623
210.112
210.643
211.145
211.633
212.125
212.618
213.127
213.637
214.111
214.606
215.11
215.643
216.12
216.635
217.136
217.629
218.134
218.614
219.107
219.611
220.106
220.625
221.11
221.612
222.125
222.612
223.11
223.64
224.119
224.608
225.113
225.63
226.126
226.608
227.13
227.608
228.111
228.63
229.107
229.653
230.118
230.639
231.134
231.617
232.145
232.616
233.139
233.626
234.114
234.63
235.11
235.624
236.124
236.636
237.122
237.608
238.107
238.637
239.126
239.607
240.107
240.623
241.126
241.608
242.12
242.62
243.122
243.631
244.106
244.648
245.125
245.609
246.113
246.62
247.113
247.627
248.108
248.607
249.108
249.614
250.108
250.617
251.119
251.626
252.13
252.632
253.108
253.608
254.122
254.622
255.115
255.63
256.108
256.615
257.11
257.627
258.122
258.611
259.134
259.614
260.115
260.639
261.115
261.625
262.122
262.621
263.121
263.629
264.118
264.616
265.146
265.616
266.127
266.625
267.115
267.614
268.129
268.626
269.127
269.625
270.124
270.618
271.109
271.612
272.121
272.632
273.118
273.608
274.124
274.614
275.105
275.64
276.115
276.61
277.121
277.627
278.117
278.613
279.128
279.634
280.131
280.621
281.111
281.622
282.13
282.652
283.112
283.608
284.136
284.645
285.144
285.62
286.128
286.621
287.151
287.625
288.128
288.634
289.11
289.631
290.119
290.634
291.131
291.625
292.122
292.608
293.115
293.645
294.116
294.611
295.114
295.648
296.115
296.629
297.117
297.625
298.118
298.655
299.117
299.625
300.13
300.635
301.126
301.626
302.139
302.656
303.144
303.635
304.121
304.618
305.116
305.609
306.123
306.616
307.112
307.616
308.115
308.62
309.126
309.632
310.118
310.664
311.12
311.632
312.126
312.643
313.112
313.629
314.116
314.631
315.122
315.626
316.116
316.616
317.111
317.622
318.116
318.619
319.112
319.62
320.114
320.623
321.132
321.626
322.112
322.659
323.117
323.617
324.117
324.623
325.124
325.628
326.125
326.625
327.134
327.661
328.131
328.668
329.136
329.625
330.13
330.624
331.117
331.659
332.137
332.631
333.162
333.619
334.114
334.631
335.115
335.633
336.133
336.611
337.106
337.624
338.122
338.625
339.125
339.634
340.12
340.621
341.109
341.625
342.127
342.613
343.134
343.615
344.116
344.607
345.111
345.614
346.115
346.616
347.113
347.632
348.105
348.622
349.114
349.622
350.117
350.618
351.123
351.617
352.13
352.626
353.157
353.626
354.122
354.626
355.126
355.628
356.115
356.648
357.127
357.624
358.125
358.616
359.128
359.626
360.131
360.641
361.123
361.623
362.16
362.633
363.11
363.624
364.124
364.616
365.122
365.63
366.11
366.612
367.132
367.636
368.126
368.624
369.13
369.623
370.157
370.622
371.125
371.632
372.119
372.618
373.151
373.623
374.132
374.649
375.115
375.608
376.11
376.606
377.116
377.61
378.127
378.632
379.112
379.631
380.127
380.623
381.132
381.619
382.115
382.629
383.122
383.607
384.119
384.639
385.107
385.612
386.117
386.612
387.122
387.608
388.118
388.613
389.112
389.618
390.137
390.617
391.119
391.619
392.113
392.623
393.113
393.613
394.132
394.608
395.111
395.62
396.117
396.626
397.121
397.612
398.119
398.624
399.11
399.618
400.115
400.618
401.116
401.61
402.111
402.616
403.121
403.643
404.12
404.613
405.108
405.635
406.118
406.615
407.131
407.625
408.132
408.607
409.11
409.618
410.12
410.612
411.152
411.621
412.119
412.622
413.117
413.618
414.119
414.621
415.125
415.622
416.146
416.61
417.119
417.63
418.128
418.642
419.118
419.615
420.123
420.626
421.14
421.61
422.126
422.614
423.112
423.627
424.115
424.619
425.134
425.631
426.13
426.628
427.128
427.614
428.109
428.611
429.12
429.643
430.135
430.639
431.127
431.628
432.111
432.622
433.118
433.628
434.128
434.624
435.108
435.623
436.128
436.63
437.135
437.632
438.125
438.633
439.11
439.621
440.12
440.615
441.111
441.625
442.108
442.621
443.116
443.635
444.127
444.639
445.131
445.613
446.12
446.631
447.139
447.62
448.131
448.624
449.134
449.626
450.131
450.64
451.119
451.636
452.132
452.627
453.121
453.626
454.128
454.632
455.11
455.61
456.117
456.624
457.123
457.639
458.117
458.62
459.118
459.617
460.12
460.642
461.119
461.65
462.138
462.619
463.124
463.621
464.136
464.632
465.119
465.633
466.123
466.631
467.135
467.634
468.127
468.615
469.136
469.609
470.12
470.609
471.116
471.613
472.114
472.617
473.117
473.615
474.113
474.616
475.11
475.632
476.108
476.64
477.12
477.64
478.13
478.629
479.13
479.623
480.117
480.616
481.125
481.629
482.131
482.623
483.125
483.634
484.136
484.64
485.114
485.619
486.127
486.635
487.12
487.639
488.124
488.641
489.15
489.653
490.115
490.644
491.129
491.641
492.137
492.631
493.137
493.629
494.141
494.632
495.123
495.64
496.131
496.641
497.113
497.651
498.119
498.642
499.137
499.639
500.141
500.626
501.145
501.633
502.124
502.623
503.113
503.629
504.132
504.629
505.135
505.63
506.138
506.642
507.11
507.641
508.122
508.63
509.129
509.633
510.129
510.628
511.12
511.648
512.13
512.635
513.144
513.625
514.124
514.626
515.107
515.622
516.122
516.637
517.142
517.619
518.11
518.622
519.13
519.637
520.125
520.639
521.136
521.611
522.11
522.617
523.134
523.615
524.113
524.62
525.113
525.622
526.105
526.639
527.135
527.632
528.125
528.61
529.124
529.638
530.11
530.615
531.108
531.638
532.115
532.611
533.129
533.633
534.112
534.621
535.107
535.611
536.117
536.609
537.112
537.627
538.113
538.626
539.122
539.613
540.137
540.621
541.129
541.622
542.109
542.621
543.111
543.616
544.107
544.617
545.117
545.611
546.129
546.635
547.124
547.637
548.118
548.62
549.123
549.619
550.139
550.623
551.121
551.62
552.107
552.619
553.124
553.609
554.116
554.622
555.112
555.624
556.106
556.634
557.113
557.614
558.12
558.62
559.112
559.618
560.108
560.636
561.107
561.608
562.126
562.612
563.128
563.64
564.114
564.618
565.117
565.61
566.109
566.615
567.12
567.611
568.109
568.612
569.128
569.61
570.127
570.629
571.112
571.614
572.122
572.648
573.127
573.638
574.133
574.623
575.131
575.647
576.132
576.629
577.117
577.633
578.109
578.622
579.113
579.624
580.141
580.631
581.133
581.61
582.123
582.623
583.112
583.627
584.116
584.635
585.12
585.633
586.142
586.612
587.152
587.643
588.134
588.651
589.131
589.619
590.137
590.625
591.125
591.623
592.111
592.619
593.112
593.611
594.131
594.628
595.119
595.612
596.126
596.639
597.124
597.626
598.124
598.616
599.119
599.628
600.126
600.623
601.116
601.622
602.124
602.641
603.128
603.612
604.117
604.642
605.129
605.632
606.127
606.636
607.143
607.615
608.122
608.647
609.125
609.633
610.116
610.628
611.13
611.629
612.125
612.612
613.117
613.636
614.124
614.626
615.113
615.639
616.125
616.616
617.143
617.647
618.141
618.652
619.116
619.631
620.115
620.623
621.113
621.617
622.132
622.62
623.126
623.617
624.119
624.619
625.131
625.628
626.115
626.653
627.128
627.616
628.123
628.615
629.115
629.66
630.128
630.647
631.147
631.622
632.126
632.629
633.134
633.621
634.128
634.617
635.117
635.628
636.122
636.633
637.126
637.635
638.14
638.617
639.116
639.633
640.138
640.645
641.127
641.627
642.135
642.618
643.12
643.634
644.114
644.654
645.131
645.632
646.145
646.642
647.125
647.647
648.122
648.654
649.121
649.626
650.123
650.621
651.125
651.623
652.137
652.624
653.131
653.626
654.129
654.629
655.12
655.623
656.142
656.619
657.127
657.63
658.123
658.648
659.122
659.661
660.145
660.643
661.132
661.664
662.131
662.635
663.154
663.645
664.132
664.636
665.12
665.62
666.146
666.637
667.13
667.66
668.15
668.644
669.13
669.643
670.15
670.644
671.129
671.627
672.127
672.653
673.137
673.639
674.15
674.659
675.122
675.618
676.144
676.646
677.14
677.64
678.154
678.651
679.127
679.651
680.137
680.628
681.129
681.637
682.121
682.63
683.13
683.618
684.136
684.62
685.132
685.63
686.132
686.63
687.129
687.619
688.15
688.625
689.138
689.622
690.133
690.636
691.135
691.642
692.126
692.621
693.131
693.64
694.12
694.627
695.12
695.622
696.136
696.634
697.129
697.625
698.131
698.645
699.136
699.649
700.136
700.639
701.14
701.632
702.121
702.64
703.12
703.622
704.133
704.637
705.123
705.644
706.131
706.624
707.121
707.629
708.126
708.623
709.135
709.635
710.12
710.63
711.134
711.632
712.127
712.642
713.134
713.619
714.13
714.622
715.137
715.626
716.131
716.635
717.137
717.637
718.134
718.626
719.121
719.625
720.119
720.629
721.125
721.636
722.127
722.633
723.134
723.623
724.137
724.626
725.134
725.633
726.122
726.626
727.123
727.625
728.144
728.649
729.126
729.65
730.128
730.644
731.123
731.636
732.136
732.639
733.127
733.637
734.127
734.66
735.137
735.659
736.125
736.622
737.136
737.635
738.137
738.625
739.123
739.634
740.149
740.645
741.126
741.647
742.137
742.642
743.138
743.639
744.126
744.632
745.16
745.64
746.139
746.635
747.132
747.643
748.157
748.643
749.13
749.64
750.131
750.665
751.13
751.635
752.147
752.632
753.139
753.634
754.134
754.631
755.126
755.641
756.142
756.653
757.135
757.636
758.143
758.639
759.144
759.632
760.136
760.644
761.133
761.659
762.146
762.635
763.146
763.631
764.146
764.627
765.161
765.643
766.137
766.645
767.143
767.638
768.139
768.668
769.133
769.643
770.156
770.67
771.132
771.637
772.145
772.644
773.142
773.656
774.144
774.669
775.148
775.681
776.158
776.655
777.158
777.674
778.158
778.641
779.147
779.658
780.153
780.629
781.143
781.635
782.138
782.641
783.143
783.644
784.174
784.629
785.139
785.674
786.148
786.662
787.164
787.647
788.142
788.653
789.167
789.632
790.144
790.653
791.141
791.652
792.148
792.658
793.149
793.681
794.157
794.679
795.131
795.667
796.145
796.663
797.144
797.695
798.181
798.661
799.157
799.663
800.158
800.661
801.176
801.682
802.176
802.672
803.156
803.637
804.147
804.665
805.131
805.657
806.161
806.678
807.163
807.667
808.142
808.685
809.165
809.66
810.157
810.68
811.143
811.649
812.175
812.65
813.156
813.644
814.138
814.653
815.14
815.645
816.133
816.631
817.139
817.639
818.151
818.652
819.146
819.671
820.135
820.635
821.132
821.638
822.146
822.635
823.149
823.648
824.153
824.631
825.13
825.64
826.165
826.64
827.148
827.651
828.137
828.637
829.143
829.649
830.154
830.632
831.149
831.643
832.141
832.675
833.148
833.663
834.131
834.65
835.153
835.632
836.152
836.665
837.133
837.667
838.145
838.673
839.156
839.658
840.151
840.657
841.151
841.682
842.176
842.66
843.161
843.654
844.151
844.638
845.159
845.687
846.135
846.668
847.151
847.655
848.14
848.646
849.155
849.696
850.178
850.671
851.16
851.662
852.17
852.652
853.139
853.686
854.167
854.638
855.158
855.648
856.155
856.643
857.161
857.656
858.185
858.672
859.153
859.662
860.164
860.697
861.156
861.649
862.17
862.689
863.157
863.641
864.144
864.693
865.163
865.677
866.158
866.662
867.164
867.678
868.165
868.676
869.156
869.673
870.163
870.648
871.149
871.68
872.161
872.661
873.16
873.658
874.168
874.637
875.137
875.649
876.176
876.662
877.162
877.661
878.136
878.642
879.155
879.662
880.158
880.697
881.136
881.653
882.156
882.649
883.177
883.658
884.175
884.67
885.181
885.642
886.179
886.639
887.155
887.667
888.148
888.649
889.148
889.658
890.155
890.678
891.171
891.675
892.159
892.689
893.156
893.67
894.138
894.662
895.152
895.67
896.16
896.642
897.184
897.65
898.163
898.67
899.185
899.675
900.176
900.689
901.149
901.674
902.146
902.661
903.163
903.71
904.175
904.66
905.188
905.668
906.161
906.664
907.145
907.643
908.174
908.68
909.144
909.681
910.163
910.685
911.145
911.658
912.141
912.659
913.137
913.677
914.146
914.658
915.159
915.664
916.162
916.651
917.159
917.648
918.176
918.658
919.161
919.667
920.154
920.646
921.159
921.639
922.161
922.655
923.17
923.662
924.164
924.641
925.185
925.661
926.176
926.668
927.176
927.672
928.167
928.679
929.17
929.661
930.177
930.693
931.181
931.642
932.179
932.696
933.185
933.677
934.166
934.724
935.172
935.67
936.194
936.641
937.182
937.697
938.187
938.69
939.171
939.655
940.212
940.702
941.18
941.673
942.17
942.691
943.17
943.68
944.162
944.694
945.17
945.674
946.171
946.666
947.148
947.676
948.172
948.699
949.178
949.668
950.159
950.672
951.156
951.648
952.161
952.642
953.165
953.662
954.186
954.657
955.171
955.683
956.167
956.656
957.142
957.688
958.19
958.667
959.178
959.699
960.161
960.674
961.164
961.679
962.186
962.666
963.172
963.673
964.174
964.661
965.185
965.692
966.157
966.667
967.181
967.681
968.187
968.679
969.157
969.703
970.158
970.678
971.186
971.69
972.194
972.661
973.179
973.667
974.151
974.683
975.167
975.681
976.158
976.691
977.176
977.676
978.167
978.669
979.201
979.709
980.158
980.67
981.153
981.681
982.169
982.697
983.158
983.704
984.181
984.678
985.161
985.678
986.188
986.692
987.184
987.687
988.187
988.672
989.173
989.687
990.184
990.692
991.178
991.666
992.173
992.69
993.175
993.696
994.188
994.707
995.175
995.719
996.155
996.681
997.15
997.686
998.197
998.667
999.175
999.677
1000.17
1000.69
1001.17
1001.71
1002.18
1002.69
1003.17
1003.7
1004.18
1004.67
1005.18
1005.68
1006.15
1006.7
1007.16
1007.69
1008.18
1008.7
1009.19
1009.69
1010.2
1010.69
1011.18
1011.67
1012.18
1012.7
1013.19
1013.66
1014.18
1014.7
1015.22
1015.7
1016.17
1016.71
1017.2
1017.69
1018.19
1018.67
1019.16
1019.71
1020.19
1020.68
1021.19
1021.68
1022.2
1022.67
1023.18
1023.68
1024.17
1024.66
1025.2
1025.68
1026.17
1026.68
1027.19
1027.68
1028.16
1028.67
1029.17
1029.71
1030.18
1030.7
1031.18
1031.7
1032.16
1032.69
1033.16
1033.69
1034.16
1034.7
1035.17
1035.7
1036.15
1036.72
1037.18
1037.69
1038.19
1038.68
1039.19
1039.69
1040.19
1040.66
1041.16
1041.69
1042.2
1042.69
1043.16
1043.69
1044.18
1044.69
1045.18
1045.68
1046.19
1046.69
1047.2
1047.71
1048.16
1048.7
1049.18
1049.7
1050.18
1050.69
1051.15
1051.68
1052.19
1052.67
1053.18
1053.68
1054.19
1054.67
1055.18
1055.7
1056.21
1056.69
1057.18
1057.7
1058.17
1058.69
1059.19
1059.7
1060.21
1060.71
1061.16
1061.69
1062.19
1062.68
1063.16
1063.68
1064.16
1064.69
1065.16
1065.72
1066.17
1066.7
1067.19
1067.69
1068.17
1068.66
1069.18
1069.71
1070.17
1070.69
1071.2
1071.68
1072.18
1072.67
1073.17
1073.7
1074.16
1074.7
1075.17
1075.69
1076.17
1076.71
1077.18
1077.67
1078.17
1078.71
1079.18
1079.7
1080.17
1080.67
1081.2
1081.67
1082.18
1082.71
1083.17
1083.7
1084.16
1084.68
1085.18
1085.67
1086.17
1086.68
1087.17
1087.66
1088.18
1088.68
1089.18
1089.68
1090.17
1090.7
1091.21
1091.67
1092.16
1092.66
1093.17
1093.68
1094.18
1094.68
1095.19
1095.7
1096.17
1096.67
1097.18
