0.000000
0.000000
0.000000
0.000000
0.000000
0.000000
0.000000
0.000000
0.000000
0.000000
0.000000
0.000000
0.000000
0.000000
20.654000
22.592000
25.360000
28.922000
35.106000
46.399000
54.788000
66.774000
77.596000
88.449000
96.820000
106.174000
117.029000
126.636000
134.458000
143.754000
153.645000
164.479000
171.646000
182.421000
192.756000
204.252000
208.646000
219.361000
227.675000
235.613000
241.736000
249.784000
258.678000
267.721000
275.623000
286.732000
298.842000
308.466000
315.557000
325.451000
335.213000
344.865000
352.169000
361.245000
373.307000
387.737000
394.765000
402.666000
410.506000
424.450000
432.510000
437.799000
444.529000
452.329000
458.244000
467.826000
475.563000
482.833000
488.474000
495.101000
503.206000
512.767000
522.352000
529.076000
531.609000
533.298000
534.240000
535.635000
536.581000
537.433000
537.692000
537.876000
538.221000
538.312000
538.513000
538.808000
539.594000
541.426000
541.967000
544.956000
555.205000
564.798000
572.746000
583.673000
596.465000
618.280000
628.224000
640.127000
657.751000
669.476000
676.383000
686.185000
703.561000
713.332000
719.386000
727.589000
737.871000
746.796000
752.334000
763.119000
769.829000
779.803000
787.158000
795.848000
804.444000
814.013000
821.325000
836.503000
859.555000
870.315000
876.591000
884.532000
891.613000
898.007000
900.564000
901.822000
902.602000
903.661000
904.656000
905.164000
906.007000
906.319000
907.075000
908.820000
911.090000
921.608000
932.175000
946.875000
958.781000
975.783000
984.502000
999.812000
1012.297000
1025.034000
1033.854000
1045.464000
1057.996000
1068.523000
1078.289000
1088.634000
1100.071000
1111.802000
1119.638000
1132.962000
1150.972000
1166.898000
1175.950000
1188.566000
1199.810000
1211.750000
1220.398000
1234.167000
1252.936000
1272.953000
1285.358000
1299.908000
1312.584000
1319.902000
1324.220000
1332.351000
1340.520000
1349.857000
1359.962000
1369.735000
1381.691000
1406.557000
1419.733000
1432.725000
1443.009000
1455.173000
1469.140000
1481.142000
1495.988000
1528.419000
1547.775000
1558.848000
1567.450000
1580.309000
1591.359000
1604.662000
1614.922000
1645.437000
1670.490000
1679.881000
1687.844000
1696.818000
1706.812000
1715.614000
1723.707000
1736.290000
1769.848000
1795.993000
1806.284000
1816.278000
1826.572000
1838.796000
1847.030000
1863.419000
1894.011000
1903.593000
1910.219000
1919.105000
1929.258000
1940.571000
1961.349000
1989.328000
2005.302000
2016.264000
2023.614000
2033.977000
2045.438000
2062.380000
2080.885000
2093.049000
2103.513000
2114.963000
2121.762000
2134.109000
2145.830000
2157.757000
2160.619000
2167.539000
2176.267000
2184.470000
2195.315000
2208.085000
2218.023000
2229.813000
2243.556000
2263.791000
2286.805000
2307.750000
2311.888000
2313.052000
2313.810000
2314.348000
2320.433000
2336.623000
2346.408000
2356.981000
2365.330000
2378.710000
2392.370000
2404.302000
2410.939000
2419.126000
2428.963000
2435.317000
2441.824000
2452.070000
2460.352000
2478.813000
2488.148000
2497.815000
2503.751000
2516.235000
2525.009000
2539.370000
2554.506000
2567.887000
2577.815000
2589.540000
2599.030000
2619.342000
2628.237000
2629.921000
2635.782000
2645.361000
2660.489000
2674.340000
2687.586000
2704.501000
2714.835000
2730.750000
2743.843000
2759.075000
2768.937000
2784.471000
2801.263000
2823.912000
2847.153000
2869.775000
2887.397000
2915.135000
2932.920000
2953.821000
2970.413000
2991.142000
3007.232000
3028.603000
3049.479000
3067.681000
3090.020000
3111.875000
3130.066000
3152.805000
3165.940000
3180.163000
3189.113000
3201.990000
3214.669000
3228.138000
3233.130000
3234.100000
3237.005000
3252.733000
3258.041000
3265.468000
3275.401000
3282.947000
3299.866000
3312.754000
3321.038000
3329.931000
3341.184000
3350.076000
3358.629000
3374.470000
3379.568000
3388.071000
3396.275000
3407.440000
3415.556000
3426.519000
3437.467000
3453.433000
3463.975000
3473.822000
3479.377000
3490.862000
3497.529000
3505.650000
3513.927000
3523.359000
3530.189000
3538.641000
3548.735000
3563.063000
3570.568000
3584.028000
3591.296000
3601.276000
3608.555000
3620.720000
3627.283000
3640.063000
3652.023000
3660.531000
3664.712000
3673.464000
3680.941000
3690.639000
3698.227000
3713.949000
3720.887000
3734.314000
3741.382000
3748.832000
3755.855000
3764.246000
3770.518000
3778.473000
3785.599000
3794.541000
3802.490000
3809.667000
3815.529000
3823.927000
3838.454000
3869.302000
3887.925000
3902.610000
3909.865000
3915.564000
3923.491000
3934.522000
3947.991000
3958.478000
3971.132000
3981.415000
3987.555000
3994.550000
4001.957000
4014.426000
4029.964000
4046.596000
4055.718000
4064.736000
4069.803000
4078.172000
4085.156000
4092.803000
4098.438000
4103.787000
4106.225000
4108.385000
4109.125000
4109.630000
4123.463000
4131.932000
4139.521000
4146.699000
4148.461000
4149.664000
4150.160000
4151.462000
4151.726000
4153.981000
4154.298000
4154.919000
4155.290000
4156.142000
4156.412000
4156.860000
4157.204000
4157.719000
4158.006000
4159.693000
4170.502000
4184.960000
4192.861000
4205.590000
4219.677000
4231.490000
4235.995000
4241.279000
4250.680000
4265.559000
4276.833000
4286.214000
4295.169000
4303.930000
4313.212000
4325.858000
4339.351000
4350.941000
4358.746000
4369.471000
4378.514000
4388.094000
4396.445000
4414.185000
4439.973000
4452.643000
4461.420000
4471.430000
4478.043000
4485.767000
4488.272000
4489.370000
4490.560000
4491.925000
4492.137000
4492.956000
4495.081000
4499.062000
4499.516000
4500.043000
4501.652000
4504.259000
4510.257000
4511.505000
4512.264000
4512.806000
4513.809000
4514.878000
4518.648000
4519.171000
4519.476000
4519.733000
4519.937000
4522.647000
4530.790000
4541.809000
4547.449000
4558.102000
4567.446000
4583.441000
4599.455000
4601.034000
4604.371000
4609.946000
4617.929000
4629.193000
4640.827000
4651.899000
4662.277000
4674.198000
4683.743000
4697.666000
4711.045000
4722.364000
4730.735000
4741.008000
4748.370000
4759.196000
4769.949000
4780.027000
4788.756000
4799.824000
4807.113000
4818.307000
4829.154000
4841.631000
4853.083000
4866.539000
4878.265000
4890.015000
4908.214000
4933.281000
4956.583000
4981.571000
5005.378000
5032.672000
5042.859000
5044.260000
5044.990000
5045.533000
5046.370000
5046.631000
5049.350000
5061.415000
5073.061000
5094.056000
5112.190000
5121.739000
5122.673000
5123.803000
5125.067000
5125.462000
5125.790000
5130.910000
5142.946000
5158.049000
5173.869000
5205.555000
5225.583000
5253.227000
5262.888000
5265.956000
5266.668000
5269.845000
5270.635000
5272.701000
5275.105000
5280.816000
5286.861000
5287.660000
5287.742000
5287.834000
5288.037000
5289.052000
5292.728000
5293.084000
5293.729000
5296.927000
5299.226000
5301.725000
5302.522000
5303.360000
5304.210000
5305.286000
5307.151000
5308.158000
5308.916000
5309.484000
5309.758000
5309.960000
5310.196000
5310.486000
5310.626000
5310.781000
5310.882000
5311.179000
5311.318000
5311.453000
5311.594000
5312.216000
5312.438000
5312.704000
5313.027000
5313.137000
5313.293000
5314.006000
5314.236000
5314.695000
5315.014000
5315.885000
5316.072000
5316.412000
5316.516000
5317.044000
5317.080000
5317.148000
5317.315000
5317.582000
5317.740000
5318.165000
5319.332000
5319.715000
5319.879000
5320.187000
5320.310000
5320.395000
5320.474000
5320.637000
5321.921000
5322.190000
5322.545000
5325.451000
5326.056000
5326.557000
5326.772000
5327.090000
5327.323000
5327.810000
5328.984000
5329.312000
5329.447000
5331.142000
5333.892000
5334.847000
5338.996000
5347.837000
5355.058000
5363.952000
5369.612000
5374.676000
5376.037000
5377.246000
5377.615000
5377.929000
5378.064000
5378.212000
5378.303000
5378.423000
5378.507000
5379.019000
5379.300000
5379.496000
5380.051000
5381.008000
5381.738000
5382.113000
5382.240000
5382.480000
5382.654000
5382.709000
5383.026000
5383.365000
5383.725000
5383.955000
5384.314000
5386.544000
5386.931000
5387.394000
5388.308000
5388.789000
5388.932000
5389.352000
5389.655000
5389.885000
5390.075000
5390.890000
5391.201000
5391.402000
5391.556000
5391.956000
5392.239000
5392.685000
5394.479000
5394.861000
5395.601000
5396.379000
5397.540000
5399.068000
5399.331000
5399.545000
5400.202000
5409.557000
5414.390000
5427.348000
5429.917000
5433.190000
5442.867000
5454.425000
5467.600000
5483.174000
5487.643000
5489.154000
5490.147000
5490.466000
5490.546000
5490.724000
5490.817000
5491.267000
5491.472000
5491.732000
5491.884000
5491.920000
5492.021000
5492.303000
5492.544000
5492.643000
5492.739000
5492.755000
5492.771000
5492.805000
5492.860000
5492.939000
5493.008000
5493.212000
5493.425000
5493.520000
5493.657000
5495.053000
5495.689000
5496.036000
5496.277000
5496.500000
5496.599000
5497.098000
5497.443000
5498.880000
5499.075000
5499.357000
5499.632000
5500.576000
5500.806000
5501.298000
5501.530000
5502.081000
5502.599000
5502.799000
5502.927000
5503.189000
5503.381000
5503.657000
5504.004000
5504.453000
5504.595000
5504.730000
5506.000000
5508.090000
5509.986000
5510.805000
5516.208000
5526.282000
5531.621000
5539.480000
5545.982000
5557.968000
5563.743000
5571.663000
5579.951000
5587.100000
5596.866000
5613.595000
5619.962000
5630.707000
5637.850000
5647.411000
5656.504000
5667.024000
5680.493000
5692.761000
5700.889000
5711.360000
5723.132000
5733.924000
5743.729000
5756.505000
5767.088000
5779.082000
5789.107000
5799.942000
5807.962000
5818.371000
5832.023000
5847.189000
5856.735000
5867.331000
5874.809000
5885.435000
5896.123000
5908.752000
5918.761000
5932.089000
5942.215000
5955.637000
5966.588000
5972.888000
5974.517000
5985.054000
5996.951000
6004.459000
6005.316000
6005.469000
6005.616000
6010.886000
6017.476000
6026.739000
6035.008000
6041.295000
6048.148000
6053.949000
6061.712000
6070.533000
6074.899000
6080.859000
6087.824000
6091.890000
6097.584000
6106.499000
6113.515000
6120.431000
6128.396000
6140.242000
6148.441000
6153.488000
6159.689000
6166.229000
6172.624000
6179.845000
6186.746000
6193.974000
6202.161000
6208.958000
6209.827000
6213.201000
6221.998000
6224.651000
6225.203000
6228.697000
6234.646000
6241.272000
6247.978000
6253.736000
6256.394000
6257.631000
6258.390000
6258.894000
6259.505000
6260.281000
6260.724000
6261.091000
6261.427000
6268.619000
6273.431000
6275.521000
6276.200000
6277.674000
6279.260000
6279.343000
6281.390000
6290.598000
6297.210000
6305.447000
6314.527000
6326.577000
6328.721000
6330.037000
6330.633000
6331.520000
6332.083000
6332.328000
6332.594000
6333.555000
6334.571000
6335.632000
6344.153000
6355.476000
6356.229000
6356.927000
6362.796000
6371.591000
6374.248000
6375.573000
6376.016000
6377.292000
6377.884000
6378.474000
6379.585000
6379.796000
6380.121000
6380.787000
6381.019000
6381.334000
6382.502000
6383.074000
6383.330000
6383.485000
6383.549000
6383.644000
6383.897000
6384.242000
6384.423000
6384.849000
6385.326000
6387.069000
6398.882000
6404.982000
6408.011000
6416.740000
6423.813000
6433.376000
6437.725000
6439.190000
6439.646000
6440.059000
6440.854000
6441.577000
6441.765000
6442.237000
6442.317000
6442.438000
6442.624000
6442.881000
6443.075000
6443.694000
6443.995000
6444.548000
6444.584000
6444.921000
6445.496000
6445.744000
6446.019000
6446.425000
6446.933000
6452.129000
6459.709000
6467.973000
6474.809000
6482.150000
6488.702000
6497.556000
6512.775000
6514.270000
6515.134000
6517.345000
6526.912000
6528.370000
6529.339000
6530.582000
6530.988000
6531.346000
6531.399000
6531.450000
6531.466000
6531.491000
6531.531000
6531.540000
6531.596000
6531.840000
6532.128000
6532.997000
6533.803000
6534.044000
6534.584000
6534.969000
6535.384000
6536.027000
6536.348000
6537.007000
6537.346000
6538.257000
6538.681000
6538.879000
6539.029000
6539.402000
6539.707000
6539.957000
6540.267000
6540.575000
6540.966000
6541.326000
6541.680000
6542.085000
6542.352000
6542.433000
6542.622000
6542.948000
6543.365000
6544.037000
6544.405000
6544.751000
6545.022000
6545.349000
6545.470000
6546.147000
6546.348000
6546.557000
6546.621000
6546.853000
6547.063000
6547.307000
6547.364000
6547.484000
6547.693000
6548.015000
6548.375000
6548.552000
6548.655000
6549.001000
6549.150000
6549.352000
6549.576000
6549.877000
6550.040000
6550.150000
6550.303000
6550.602000
6550.784000
6551.341000
6551.798000
6552.033000
6552.479000
6553.056000
6553.271000
6553.743000
6554.618000
6555.326000
6556.009000
6556.431000
6556.497000
6556.701000
6556.871000
6556.963000
6557.088000
6558.141000
6559.069000
6559.593000
6560.430000
6563.976000
6565.839000
6566.471000
6567.303000
6577.508000
6592.590000
6607.009000
6618.342000
6624.108000
6627.434000
6630.021000
6630.962000
6638.439000
6653.605000
6667.901000
6678.314000
6692.857000
6707.109000
6723.002000
6731.926000
6751.358000
6769.740000
6790.619000
6805.058000
6824.691000
6826.426000
6833.742000
6846.912000
6860.238000
6868.078000
6878.437000
6889.595000
6901.760000
6912.661000
6929.059000
6945.160000
6958.972000
6969.086000
6977.932000
6987.736000
6997.124000
7005.661000
7014.988000
7029.081000
7046.860000
7066.321000
7075.138000
7081.575000
7089.187000
7096.869000
7099.934000
7101.035000
7102.122000
7102.335000
7102.574000
7102.754000
7102.940000
7103.283000
7103.587000
7103.879000
7104.311000
7105.398000
7105.740000
7109.265000
7119.483000
7122.677000
7131.883000
7141.710000
7153.701000
7162.242000
7174.715000
7180.023000
7184.949000
7190.498000
7196.900000
7212.895000
7226.847000
7235.775000
7246.223000
7255.903000
7268.395000
7279.358000
7300.993000
7326.650000
7345.436000
7352.920000
7363.922000
7372.807000
7384.176000
7393.584000
7405.024000
7417.567000
7440.234000
7464.950000
7478.749000
7487.800000
7498.587000
7503.043000
7507.717000
7513.665000
7521.964000
7532.131000
7545.871000
7564.511000
7577.853000
7578.735000
7580.629000
7581.444000
7582.534000
7583.168000
7587.950000
7593.928000
7594.989000
7597.707000
7602.342000
7614.986000
7617.109000
7617.207000
7617.499000
7621.593000
7622.787000
7623.298000
7628.425000
7640.865000
7642.945000
7644.148000
7644.856000
7645.889000
7647.002000
7647.171000
7647.213000
7647.307000
7647.553000
7647.926000
7653.874000
7666.884000
7688.490000
7692.179000
7695.331000
7701.803000
7708.901000
7722.104000
7739.858000
7752.141000
7768.858000
7780.162000
7806.943000
7834.993000
7861.899000
7875.095000
7889.577000
7904.298000
7918.172000
7935.932000
7960.766000
7965.656000
7971.610000
7975.593000
7976.153000
7978.222000
7979.080000
7979.483000
7990.951000
7993.188000
7998.273000
8014.742000
8024.465000
8035.715000
8048.893000
8051.769000
8052.950000
8054.550000
8062.159000
8072.037000
8086.718000
8097.868000
8113.430000
8126.457000
8141.369000
8154.887000
8175.303000
8194.682000
8199.676000
8201.018000
8201.974000
8202.542000
8204.058000
8219.477000
8226.961000
8230.474000
8231.486000
8231.660000
8231.791000
8232.005000
8232.215000
8232.356000
8235.336000
8245.851000
8263.872000
8291.072000
8306.508000
8320.171000
8329.219000
8337.557000
8350.122000
8358.553000
8375.751000
8395.475000
8406.283000
8412.409000
8423.326000
8427.685000
8429.556000
8430.303000
8434.313000
8437.601000
8439.198000
8440.379000
8441.743000
8442.851000
8444.142000
8451.038000
8465.163000
8473.330000
8481.971000
8492.663000
8507.331000
8520.765000
8536.194000
8546.733000
8561.471000
8575.211000
8588.538000
8601.692000
8615.212000
8629.772000
8658.478000
8670.091000
8679.813000
8686.829000
8694.151000
8704.024000
8715.373000
8727.162000
8736.478000
8750.784000
8774.341000
8787.847000
8799.258000
8807.539000
8821.537000
8827.909000
8828.622000
8828.800000
8829.000000
8831.317000
8837.354000
8844.827000
8855.984000
8863.892000
8875.452000
8888.238000
8918.860000
8939.099000
8948.761000
8957.490000
8966.745000
8978.731000
9013.071000
9032.373000
9043.668000
9050.956000
9052.836000
9053.822000
9054.183000
9054.383000
9054.677000
9054.737000
9054.848000
9054.898000
9055.017000
9055.208000
9055.376000
9055.587000
9056.505000
9059.841000
9062.224000
9071.647000
9074.938000
9075.433000
9076.284000
9076.538000
9076.603000
9076.739000
9077.525000
9078.520000
9078.888000
9079.113000
9079.617000
9080.457000
9081.675000
9081.895000
9083.424000
9084.476000
9085.095000
9085.698000
9086.681000
9087.362000
9087.676000
9087.843000
9088.556000
9088.695000
9089.285000
9089.746000
9090.009000
9090.305000
9090.647000
9091.334000
9092.364000
9093.088000
9095.346000
9101.348000
9112.936000
9119.912000
9122.989000
9129.040000
9142.245000
9151.118000
9164.655000
9175.203000
9187.523000
9200.723000
9213.734000
9226.334000
9242.388000
9261.848000
9289.480000
9305.254000
9324.226000
9341.537000
9358.675000
9364.471000
9367.667000
9368.816000
9371.288000
9379.529000
9400.257000
9414.508000
9434.675000
9450.392000
9469.388000
9488.020000
9513.953000
9517.805000
9519.370000
9520.543000
9521.292000
9521.525000
9522.987000
9525.185000
9527.389000
9528.401000
9529.006000
9533.683000
9541.820000
9548.612000
9559.029000
9567.881000
9576.669000
9587.542000
9595.629000
9602.515000
9608.644000
9610.488000
9619.250000
9627.544000
9635.330000
9641.489000
9649.121000
9658.134000
9666.155000
9673.787000
9679.876000
9685.942000
9696.650000
9708.704000
9722.114000
9730.850000
9741.847000
9754.836000
9765.251000
9773.613000
9787.685000
9801.772000
9817.674000
9823.595000
9831.762000
9839.226000
9847.312000
9857.145000
9868.606000
9880.612000
9890.585000
9901.823000
9913.817000
9924.196000
9934.785000
9942.422000
9954.581000
9968.936000
9981.041000
9992.338000
10005.693000
10016.507000
10029.444000
10044.601000
10064.257000
10084.130000
10106.439000
10125.063000
10139.797000
10149.310000
10161.935000
10169.676000
10188.935000
10206.469000
10217.256000
10218.843000
10220.195000
10234.833000
10242.650000
10245.526000
10255.909000
10265.183000
10275.835000
10285.629000
10296.854000
10305.791000
10317.289000
10325.079000
10352.297000
10372.742000
10388.532000
10400.181000
10417.657000
10434.779000
10454.949000
10471.125000
10490.495000
10504.549000
10523.607000
10537.286000
10550.685000
10562.395000
10573.777000
10584.729000
10598.259000
10607.125000
10620.882000
10630.472000
10644.377000
10656.247000
10667.591000
10679.204000
10691.328000
10702.191000
10716.415000
10726.725000
10739.107000
10749.068000
10762.058000
10773.963000
10786.198000
10797.291000
10810.409000
10829.862000
10858.418000
10881.274000
10910.889000
10933.219000
10962.776000
10986.778000
11010.517000
11033.104000
11059.923000
11084.020000
11089.708000
11090.526000
11097.838000
11105.438000
11114.505000
11132.030000
11146.545000
11152.141000
11152.503000
11152.783000
11153.029000
11153.392000
11161.640000
11179.438000
11206.568000
11227.107000
11252.649000
11276.701000
11300.224000
11307.684000
11315.017000
11318.494000
11319.993000
11321.394000
11322.599000
11323.048000
11323.273000
11323.431000
11323.618000
11324.429000
11326.087000
11326.246000
11328.864000
11337.552000
11352.117000
11368.177000
11386.807000
11406.246000
11424.874000
11443.908000
11463.265000
11469.833000
11472.839000
11473.627000
11474.267000
11475.767000
11476.236000
11476.361000
11476.783000
11477.028000
11477.313000
11477.384000
11485.110000
11498.358000
11510.654000
11512.694000
11513.681000
11514.247000
11519.154000
11520.429000
11520.942000
11521.352000
11521.689000
11522.021000
11522.086000
11522.200000
11522.293000
11522.472000
11523.002000
11523.166000
11523.735000
11524.530000
11525.766000
11526.406000
11527.840000
11528.861000
11530.637000
11531.963000
11532.288000
11532.334000
11532.648000
11533.193000
11534.252000
11534.865000
11535.557000
11535.908000
11537.335000
11539.148000
11540.420000
11540.886000
11541.332000
11541.790000
11542.147000
11542.436000
11542.969000
11543.179000
11543.640000
11543.794000
11544.801000
11545.054000
11550.369000
11560.676000
11568.897000
11578.658000
11595.088000
11610.612000
11625.453000
11631.552000
11634.143000
11643.542000
11651.131000
11660.061000
11664.925000
11667.376000
11668.593000
11669.626000
11670.713000
11680.359000
11694.040000
11696.436000
11698.872000
11705.138000
11710.474000
11716.763000
11728.975000
11738.759000
11749.112000
11759.508000
11769.930000
11778.985000
11787.528000
11795.952000
11807.309000
11817.950000
11841.929000
11854.735000
11867.697000
11880.214000
11892.234000
11903.814000
11917.309000
11931.293000
11944.148000
11953.284000
11965.080000
11974.870000
11985.590000
11996.269000
12007.076000
12013.260000
12030.044000
12042.014000
12067.051000
12089.435000
12112.502000
12135.753000
12163.229000
12187.199000
12218.160000
12241.032000
12270.867000
12295.096000
12322.448000
12344.646000
12349.785000
12362.306000
12373.312000
12384.169000
12393.809000
12403.506000
12414.129000
12418.634000
12421.651000
12435.113000
12455.322000
12473.253000
12481.566000
12485.125000
12495.445000
12503.283000
12523.472000
12535.335000
12560.630000
12567.631000
12593.748000
12606.180000
12612.777000
12615.490000
12626.591000
12632.541000
12635.301000
12635.783000
12635.991000
12639.773000
12646.844000
12647.802000
12649.144000
12649.885000
12650.903000
12651.642000
12652.388000
12653.756000
12655.141000
12655.624000
12656.229000
12656.795000
12657.739000
12658.583000
12659.659000
12659.817000
12661.630000
12662.555000
12663.264000
12664.130000
12665.921000
12666.489000
12667.317000
12671.403000
12677.513000
12679.478000
12691.644000
12697.600000
12705.546000
12712.416000
12719.657000
12721.766000
12728.378000
12734.440000
12745.008000
12762.720000
12763.415000
12766.806000
12775.876000
12786.262000
12796.346000
12808.027000
12819.236000
12830.258000
12840.993000
12851.557000
12863.458000
12873.702000
12882.910000
12889.391000
12900.908000
12910.532000
12920.640000
12931.289000
12940.789000
12946.718000
12961.532000
12969.950000
12981.195000
12989.200000
12999.987000
13008.776000
13020.278000
13024.522000
13038.872000
13045.077000
13060.613000
13087.995000
13096.927000
13103.676000
13111.482000
13114.395000
13116.883000
13117.592000
13118.082000
13118.273000
13118.768000
13119.269000
13120.779000
13122.849000
13124.256000
13124.414000
13129.650000
13130.980000
13131.267000
13131.355000
13132.661000
13133.277000
13139.784000
13147.388000
13151.927000
13159.743000
13169.533000
13177.715000
13186.459000
13194.390000
13205.485000
13214.521000
13225.867000
13236.667000
13253.759000
13261.691000
13268.690000
13273.729000
13283.686000
13292.431000
13301.253000
13309.494000
13319.149000
13329.658000
13344.601000
13353.450000
13364.275000
13373.782000
13384.614000
13391.479000
13399.769000
13409.183000
13419.278000
13426.224000
13436.175000
13445.842000
13456.035000
13466.041000
13475.501000
13485.515000
13495.789000
13500.738000
13504.876000
13508.799000
13513.250000
13513.842000
13515.215000
13518.821000
13525.044000
13531.586000
13537.844000
13545.640000
13549.224000
13553.121000
13554.054000
13554.325000
13554.629000
13555.271000
13556.162000
13557.780000
13558.213000
13569.284000
13571.200000
13572.439000
13572.611000
13572.675000
13572.806000
13572.966000
13573.321000
13573.718000
13574.365000
13574.922000
13575.594000
13576.222000
13576.834000
13577.342000
13577.841000
13578.256000
13578.717000
13579.375000
13580.423000
13581.666000
13582.725000
13583.046000
13584.142000
13591.676000
13594.862000
13601.156000
13610.096000
13615.584000
13617.962000
13622.179000
13627.666000
13632.725000
13639.408000
13645.311000
13653.931000
13660.408000
13667.872000
13673.929000
13680.727000
13686.925000
13694.435000
13700.651000
13706.711000
13710.410000
13712.205000
13713.192000
13713.944000
13714.091000
13714.933000
13716.283000
13716.604000
13716.877000
13717.723000
13719.024000
13719.299000
13719.733000
13720.810000
13721.667000
13722.440000
13723.177000
13726.266000
13726.609000
13727.775000
13729.881000
13730.370000
13730.659000
13731.039000
13731.336000
13731.816000
13733.074000
13733.583000
13733.868000
13734.120000
13734.516000
13734.690000
13734.808000
13735.072000
13735.393000
13735.998000
13735.998000
13735.998000
13735.998000
13735.998000
13735.998000
13735.998000
13735.998000
13735.998000
13735.998000
13735.998000
13735.998000
13735.998000
13735.998000
13735.998000
13735.998000
13735.998000
13735.998000
13735.998000
13735.998000
13735.998000
13735.998000
13735.998000
13735.998000
13735.998000
13735.998000
13735.998000
13735.998000
13735.998000
13735.998000
13735.998000
13735.998000
13735.998000
13735.998000
13735.998000
13735.998000
13735.998000
13735.998000
13735.998000
13735.998000
13735.998000
13735.998000
13735.998000
13735.998000
13735.998000
13735.998000
13735.998000
13735.998000
13735.998000
13735.998000
13735.998000
13735.998000
13735.998000
13735.998000
13735.998000
13735.998000
13735.998000
13735.998000
13735.998000
13735.998000
13735.998000
13735.998000
13735.998000
13735.998000
13735.998000
13735.998000
13735.998000
13735.998000
13735.998000
13735.998000
13735.998000
13735.998000
13735.998000
13735.998000
13735.998000
13735.998000
13735.998000
13735.998000
13735.998000
13735.998000
13735.998000
13735.998000
13735.998000
13735.998000
13735.998000
13735.998000
13735.998000
13735.998000
13735.998000
13735.998000
13735.998000
13735.998000
13735.998000
13735.998000
13735.998000
13735.998000
13735.998000
13735.998000
13735.998000
13735.998000
13735.998000
13735.998000
13735.998000
13735.998000
13735.998000
13735.998000
13735.998000
13735.998000
13735.998000
13735.998000
13735.998000
13735.998000
13735.998000
13735.998000
13735.998000
13735.998000
13735.998000
13735.998000
13735.998000
13735.998000
13735.998000
13735.998000
13735.998000
13735.998000
13735.998000
13735.998000
13735.998000
13735.998000
13735.998000
13735.998000
13735.998000
13735.998000
13735.998000
13735.998000
13735.998000
13735.998000
13735.998000
13735.998000
13735.998000
13735.998000
13735.998000
13735.998000
13735.998000
13735.998000
13735.998000
13735.998000
13735.998000
13735.998000
13735.998000
13735.998000
13735.998000
13735.998000
13735.998000
13735.998000
13735.998000
13735.998000
13735.998000
13735.998000
13735.998000
13735.998000
13735.998000
13735.998000
13735.998000
13735.998000
13735.998000
13735.998000
13735.998000
13735.998000
13735.998000
13735.998000
13735.998000
13735.998000
13735.998000
13735.998000
13735.998000
13735.998000
13735.998000
13735.998000
13735.998000
13735.998000
13735.998000
13735.998000
13735.998000
13735.998000
13735.998000
13735.998000
13735.998000
13735.998000
13735.998000
13735.998000
13735.998000
13735.998000
13735.998000
13735.998000
13735.998000
13735.998000
13735.998000
13735.998000
13735.998000
13735.998000
13735.998000
13735.998000
13735.998000
13735.998000
13735.998000
13735.998000
13735.998000
13735.998000
13735.998000
13735.998000
13735.998000
13735.998000
13735.998000
13735.998000
13735.998000
13735.998000
13735.998000
13735.998000
13735.998000
13735.998000
13735.998000
13735.998000
13735.998000
13735.998000
13735.998000
13735.998000
13735.998000
13735.998000
13735.998000
13735.998000
13735.998000
13735.998000
13735.998000
13735.998000
13735.998000
13735.998000
13735.998000
13735.998000
13735.998000
13735.998000
13735.998000
13735.998000
13735.998000
13735.998000
