1.5887
1.58877
2.08879
2.58885
3.08877
3.58883
4.08879
4.58877
5.08876
5.58886
6.08879
6.58877
7.08879
7.58888
8.08968
8.59059
9.08898
9.60971
10.0903
10.5908
11.0888
11.6104
12.0912
12.5898
13.0888
13.6096
14.0899
14.5906
15.0889
15.6106
16.091
16.5899
17.0888
17.6063
18.1045
18.5992
19.0933
19.6065
20.0896
20.5899
21.095
21.6122
22.0901
22.5918
23.0888
23.6083
24.0901
24.5899
25.0889
25.6057
26.0896
26.5894
27.0888
27.6052
28.0916
28.5904
29.091
29.603
30.0892
30.607
31.0888
31.5977
32.0894
32.609
33.0927
33.6027
34.1042
34.6002
35.0889
35.6112
36.0963
36.6052
37.0981
37.5986
38.104
38.6012
39.0909
39.602
40.0965
40.6042
41.0943
41.5952
42.102
42.5985
43.0922
43.6102
44.0897
44.5928
45.0888
45.6104
46.0892
46.5949
47.0923
47.6049
48.0972
48.6019
49.097
49.6046
50.0954
50.5993
51.1018
51.6127
52.109
52.6004
53.095
53.601
54.1016
54.5948
55.0999
55.6105
56.0942
56.5986
57.102
57.6147
58.0956
58.5974
59.1057
59.6154
60.1057
60.6074
61.1068
61.6142
62.1006
62.6105
63.1154
63.6222
64.1186
64.6215
65.1122
65.6215
66.1142
66.628
67.1062
67.6256
68.1043
68.613
69.1067
69.6187
70.1066
70.6303
71.1062
71.6163
72.1071
72.6193
73.1076
73.6228
74.1066
74.6087
75.1066
75.6187
76.1068
76.6076
77.1055
77.6399
78.1064
78.6292
79.1058
79.6166
80.1074
80.608
81.1069
81.6206
82.1075
82.6074
83.1114
83.615
84.1057
84.606
85.114
85.6162
86.1052
86.6092
87.1078
87.6251
88.1094
88.6171
89.1083
89.6315
90.1148
90.6148
91.1085
91.6223
92.1079
92.6084
93.1094
93.6261
94.1067
94.6126
95.106
95.6387
96.1054
96.611
97.1116
97.6232
98.1073
98.6137
99.1076
99.6285
100.107
100.628
101.118
101.641
102.113
102.615
103.106
103.638
104.105
104.622
105.112
105.631
106.122
106.608
107.108
107.635
108.106
108.615
109.108
109.624
110.113
110.62
111.112
111.624
112.106
112.62
113.107
113.626
114.113
114.613
115.114
115.621
116.114
116.614
117.119
117.632
118.126
118.616
119.111
119.622
120.134
120.62
121.113
121.623
122.121
122.614
123.108
123.622
124.11
124.609
125.119
125.63
126.105
126.615
127.112
127.634
128.115
128.612
129.117
129.63
130.114
130.626
131.113
131.622
132.11
132.617
133.114
133.644
134.119
134.621
135.117
135.625
136.115
136.629
137.107
137.639
138.108
138.609
139.116
139.629
140.112
140.612
141.115
141.638
142.106
142.619
143.119
143.628
144.114
144.616
145.111
145.645
146.118
146.613
147.129
147.648
148.123
148.628
149.118
149.624
150.121
150.625
151.125
151.621
152.134
152.623
153.113
153.643
154.121
154.627
155.11
155.621
156.106
156.652
157.11
157.621
158.133
158.647
159.124
159.632
160.123
160.617
161.112
161.625
162.123
162.607
163.133
163.626
164.118
164.607
165.118
165.619
166.125
166.624
167.117
167.633
168.121
168.613
169.106
169.643
170.133
170.616
171.106
171.646
172.13
172.623
173.107
173.641
174.106
174.628
175.115
175.629
176.107
176.637
177.111
177.633
178.116
178.643
179.11
179.622
180.13
180.61
181.11
181.636
182.124
182.629
183.118
183.645
184.125
184.621
185.127
185.644
186.113
186.612
187.12
187.635
188.119
188.618
189.118
189.631
190.119
190.635
191.136
191.633
192.112
192.626
193.112
193.622
194.121
194.623
195.119
195.622
196.13
196.633
197.117
197.627
198.111
198.636
199.107
199.66
200.131
200.618
201.113
201.653
202.109
202.64
203.136
203.648
204.125
204.614
205.128
205.622
206.113
206.645
207.134
207.623
208.106
208.625
209.138
209.632
210.113
210.644
211.146
211.642
212.126
212.621
213.128
213.646
214.111
214.611
215.11
215.653
216.125
216.636
217.136
217.64
218.134
218.615
219.107
219.633
220.106
220.632
221.11
221.623
222.125
222.613
223.111
223.649
224.12
224.615
225.114
225.641
226.126
226.617
227.131
227.62
228.112
228.632
229.107
229.664
230.118
230.64
231.135
231.627
232.146
232.626
233.139
233.635
234.114
234.631
235.11
235.641
236.124
236.637
237.122
237.618
238.108
238.658
239.126
239.617
240.108
240.625
241.126
241.617
242.12
242.633
243.123
243.64
244.107
244.649
245.126
245.619
246.114
246.621
247.114
247.637
248.109
248.611
249.109
249.622
250.108
250.619
251.119
251.634
252.13
252.633
253.108
253.623
254.122
254.623
255.116
255.639
256.108
256.616
257.111
257.636
258.122
258.612
259.135
259.626
260.116
260.641
261.116
261.635
262.123
262.638
263.121
263.636
264.119
264.617
265.146
265.638
266.127
266.627
267.115
267.624
268.129
268.632
269.128
269.633
270.125
270.621
271.109
271.621
272.122
272.633
273.118
273.619
274.124
274.615
275.105
275.652
276.115
276.616
277.122
277.639
278.117
278.613
279.129
279.643
280.131
280.624
281.111
281.631
282.13
282.653
283.113
283.616
284.136
284.645
285.144
285.629
286.129
286.622
287.151
287.633
288.128
288.635
289.111
289.641
290.12
290.635
291.132
291.635
292.123
292.613
293.115
293.649
294.117
294.612
295.114
295.657
296.124
296.63
297.133
297.634
298.118
298.656
299.117
299.634
300.131
300.636
301.126
301.636
302.139
302.657
303.144
303.65
304.121
304.619
305.117
305.617
306.123
306.617
307.113
307.632
308.115
308.621
309.127
309.639
310.118
310.675
311.121
311.641
312.127
312.644
313.112
313.646
314.116
314.632
315.123
315.633
316.116
316.617
317.112
317.633
318.116
318.62
319.112
319.629
320.115
320.629
321.132
321.644
322.12
322.659
323.117
323.625
324.118
324.633
325.124
325.637
326.126
326.626
327.135
327.669
328.132
328.669
329.136
329.634
330.131
330.625
331.129
331.672
332.137
332.632
333.162
333.626
334.114
334.632
335.115
335.643
336.134
336.612
337.107
337.634
338.122
338.643
339.125
339.644
340.121
340.622
341.11
341.63
342.127
342.614
343.135
343.624
344.116
344.608
345.112
345.627
346.116
346.617
347.114
347.662
348.112
348.623
349.114
349.631
350.118
350.64
351.123
351.645
352.13
352.627
353.158
353.649
354.123
354.627
355.126
355.638
356.115
356.649
357.127
357.633
358.125
358.635
359.128
359.635
360.131
360.642
361.143
361.648
362.161
362.634
363.111
363.649
364.124
364.617
365.123
365.663
366.11
366.621
367.133
367.658
368.127
368.647
369.131
369.633
370.157
370.634
371.125
371.65
372.12
372.619
373.151
373.636
374.133
374.666
375.116
375.617
376.11
376.63
377.116
377.619
378.128
378.633
379.113
379.641
380.127
380.624
381.139
381.628
382.116
382.63
383.123
383.618
384.12
384.657
385.107
385.622
386.117
386.639
387.122
387.623
388.119
388.615
389.112
389.635
390.138
390.618
391.119
391.628
392.113
392.634
393.114
393.623
394.132
394.609
395.111
395.631
396.118
396.627
397.121
397.62
398.12
398.626
399.11
399.626
400.115
400.621
401.136
401.617
402.111
402.618
403.122
403.649
404.121
404.621
405.109
405.642
406.118
406.624
407.153
407.636
408.133
408.608
409.11
409.627
410.12
410.613
411.152
411.631
412.119
412.627
413.117
413.629
414.126
414.638
415.125
415.649
416.146
416.629
417.12
417.66
418.129
418.658
419.119
419.626
420.124
420.627
421.14
421.64
422.127
422.615
423.112
423.641
424.116
424.62
425.135
425.64
426.131
426.629
427.128
427.628
428.109
428.612
429.12
429.664
430.135
430.64
431.128
431.65
432.112
432.623
433.118
433.672
434.128
434.644
435.109
435.633
436.128
436.661
437.136
437.642
438.126
438.655
439.111
439.631
440.121
440.641
441.111
441.638
442.108
442.622
443.117
443.651
444.127
444.64
445.132
445.623
446.12
446.632
447.139
447.628
448.132
448.625
449.136
449.635
450.131
450.641
451.119
451.667
452.133
452.628
453.121
453.637
454.128
454.632
455.111
455.62
456.128
456.65
457.124
457.65
458.118
458.621
459.118
459.625
460.12
460.643
461.119
461.66
462.138
462.62
463.125
463.633
464.136
464.633
465.119
465.643
466.123
466.652
467.135
467.643
468.128
468.616
469.137
469.639
470.121
470.611
471.117
471.623
472.115
472.622
473.118
473.623
474.119
474.622
475.111
475.641
476.108
476.642
477.121
477.648
478.13
478.63
479.131
479.627
480.119
480.637
481.126
481.637
482.132
482.664
483.126
483.641
484.137
484.642
485.114
485.628
486.128
486.637
487.121
487.649
488.125
488.642
489.151
489.663
490.115
490.645
491.13
491.652
492.137
492.636
493.137
493.633
494.141
494.633
495.123
495.647
496.132
496.648
497.114
497.665
498.119
498.657
499.137
499.647
500.141
500.654
501.145
501.657
502.125
502.624
503.114
503.641
504.132
504.647
505.136
505.638
506.139
506.648
507.118
507.665
508.122
508.631
509.129
509.64
510.13
510.629
511.12
511.666
512.131
512.636
513.145
513.634
514.125
514.627
515.108
515.631
516.122
516.637
517.143
517.656
518.11
518.623
519.131
519.669
520.126
520.64
521.137
521.621
522.111
522.619
523.135
523.652
524.113
524.659
525.114
525.634
526.105
526.64
527.135
527.641
528.126
528.616
529.124
529.65
530.111
530.616
531.109
531.649
532.115
532.612
533.13
533.643
534.113
534.622
535.108
535.621
536.118
536.61
537.112
537.637
538.114
538.628
539.122
539.625
540.138
540.626
541.129
541.635
542.109
542.625
543.111
543.629
544.107
544.618
545.118
545.621
546.13
546.655
547.124
547.648
548.118
548.623
549.124
549.629
550.14
550.624
551.121
551.628
552.107
552.62
553.124
553.617
554.116
554.623
555.113
555.636
556.107
556.635
557.113
557.627
558.12
558.621
559.112
559.63
560.108
560.637
561.107
561.621
562.126
562.613
563.128
563.652
564.114
564.619
565.118
565.622
566.109
566.616
567.121
567.624
568.11
568.614
569.128
569.624
570.127
570.631
571.112
571.625
572.123
572.649
573.128
573.662
574.134
574.624
575.132
575.658
576.133
576.653
577.118
577.644
578.11
578.623
579.119
579.635
580.142
580.632
581.134
581.618
582.124
582.646
583.113
583.639
584.116
584.636
585.12
585.642
586.142
586.621
587.152
587.653
588.134
588.652
589.132
589.663
590.137
590.626
591.126
591.66
592.112
592.621
593.112
593.622
594.131
594.629
595.119
595.657
596.127
596.646
597.125
597.637
598.124
598.621
599.12
599.641
600.127
600.624
601.117
601.629
602.125
602.642
603.128
603.622
604.118
604.643
605.129
605.644
606.128
606.637
607.144
607.624
608.123
608.647
609.126
609.643
610.117
610.629
611.131
611.642
612.126
612.618
613.117
613.644
614.125
614.627
615.114
615.649
616.126
616.617
617.144
617.692
618.141
618.653
619.117
619.641
620.116
620.626
621.113
621.628
622.132
622.621
623.15
623.633
624.12
624.635
625.131
625.639
626.115
626.654
627.129
627.635
628.124
628.621
629.115
629.667
630.129
630.648
631.148
631.654
632.126
632.63
633.135
633.633
634.129
634.633
635.117
635.637
636.122
636.634
637.127
637.646
638.14
638.623
639.116
639.642
640.138
640.646
641.128
641.637
642.135
642.619
643.121
643.646
644.123
644.657
645.132
645.641
646.145
646.643
647.125
647.656
648.122
648.655
649.121
649.633
650.124
650.622
651.126
651.633
652.137
652.625
653.131
653.639
654.13
654.632
655.12
655.671
656.142
656.621
657.127
657.64
658.124
658.668
659.129
659.669
660.145
660.644
661.133
661.674
662.132
662.636
663.155
663.654
664.133
664.653
665.121
665.63
666.147
666.639
667.13
667.668
668.151
668.645
669.13
669.649
670.151
670.66
671.13
671.662
672.127
672.654
673.138
673.649
674.15
674.672
675.123
675.629
676.145
676.684
677.14
677.667
678.155
678.665
679.128
679.659
680.137
680.629
681.13
681.645
682.122
682.642
683.131
683.629
684.137
684.621
685.132
685.64
686.132
686.631
687.13
687.631
688.15
688.652
689.139
689.633
690.134
690.638
691.135
691.654
692.127
692.646
693.131
693.672
694.12
694.633
695.121
695.634
696.136
696.635
697.129
697.639
698.132
698.652
699.136
699.658
700.137
700.64
701.14
701.642
702.122
702.641
703.121
703.632
704.134
704.638
705.124
705.656
706.132
706.625
707.121
707.642
708.127
708.624
709.135
709.644
710.12
710.631
711.134
711.641
712.127
712.643
713.134
713.628
714.13
714.625
715.137
715.635
716.132
716.637
717.137
717.646
718.134
718.627
719.122
719.635
720.119
720.63
721.125
721.647
722.127
722.634
723.135
723.635
724.146
724.627
725.134
725.642
726.123
726.627
727.124
727.646
728.145
728.652
729.127
729.663
730.128
730.648
731.124
731.65
732.136
732.642
733.128
733.646
734.128
734.661
735.138
735.667
736.126
736.623
737.136
737.646
738.138
738.627
739.124
739.65
740.149
740.646
741.126
741.657
742.138
742.643
743.139
743.652
744.127
744.635
745.16
745.651
746.14
746.636
747.133
747.653
748.158
748.646
749.13
749.65
750.132
750.666
751.13
751.666
752.147
752.633
753.14
753.647
754.134
754.632
755.126
755.65
756.143
756.654
757.136
757.648
758.143
758.642
759.145
759.642
760.137
760.652
761.133
761.667
762.147
762.639
763.147
763.641
764.146
764.629
765.162
765.677
766.137
766.672
767.143
767.647
768.139
768.669
769.133
769.651
770.157
770.672
771.133
771.646
772.145
772.645
773.142
773.691
774.145
774.68
775.149
775.692
776.158
776.667
777.158
777.683
778.159
778.642
779.148
779.668
780.153
780.634
781.144
781.646
782.138
782.643
783.143
783.656
784.174
784.63
785.14
785.703
786.148
786.664
787.164
787.655
788.142
788.654
789.168
789.638
790.144
790.655
791.141
791.662
792.148
792.659
793.15
793.694
794.157
794.68
795.132
795.676
796.146
796.664
797.145
797.705
798.182
798.662
799.158
799.675
800.159
800.673
801.177
801.691
802.177
802.673
803.157
803.653
804.148
804.677
805.132
805.667
806.162
806.679
807.163
807.694
808.143
808.686
809.166
809.67
810.157
810.681
811.144
811.676
812.176
812.663
813.157
813.654
814.139
814.655
815.141
815.656
816.133
816.633
817.139
817.66
818.151
818.653
819.147
819.682
820.136
820.637
821.133
821.646
822.146
822.668
823.15
823.659
824.154
824.638
825.131
825.65
826.166
826.648
827.148
827.662
828.137
828.651
829.144
829.672
830.154
830.633
831.149
831.653
832.142
832.675
833.148
833.674
834.131
834.662
835.153
835.643
836.153
836.666
837.134
837.678
838.146
838.674
839.156
839.686
840.151
840.658
841.151
841.692
842.176
842.662
843.161
843.684
844.151
844.639
845.16
845.698
846.136
846.669
847.152
847.664
848.14
848.647
849.155
849.702
850.178
850.672
851.161
851.672
852.17
852.668
853.139
853.695
854.168
854.639
855.159
855.701
856.155
856.659
857.161
857.67
858.185
858.674
859.153
859.678
860.165
860.698
861.157
861.658
862.171
862.69
863.158
863.651
864.145
864.694
865.163
865.716
866.158
866.684
867.165
867.688
868.166
868.677
869.157
869.681
870.163
870.673
871.15
871.688
872.162
872.682
873.161
873.691
874.168
874.657
875.138
875.66
876.182
876.663
877.163
877.67
878.137
878.643
879.156
879.674
880.158
880.711
881.136
881.674
882.157
882.659
883.177
883.679
884.175
884.682
885.181
885.653
886.179
886.64
887.156
887.691
888.148
888.667
889.149
889.673
890.155
890.679
891.171
891.685
892.159
892.695
893.157
893.694
894.138
894.666
895.152
895.695
896.16
896.644
897.184
897.66
898.164
898.683
899.185
899.71
900.176
900.69
901.149
901.684
902.147
902.662
903.164
903.719
904.175
904.661
905.189
905.677
906.162
906.665
907.145
907.655
908.174
908.704
909.149
909.691
910.163
910.686
911.146
911.667
912.141
912.66
913.138
913.686
914.147
914.659
915.159
915.676
916.162
916.652
917.159
917.66
918.176
918.659
919.162
919.697
920.155
920.647
921.16
921.648
922.162
922.656
923.17
923.674
924.164
924.643
925.186
925.675
926.177
926.67
927.176
927.681
928.167
928.68
929.171
929.67
930.177
930.694
931.181
931.654
932.179
932.696
933.185
933.685
934.167
934.725
935.172
935.68
936.194
936.642
937.182
937.706
938.188
938.699
939.171
939.664
940.212
940.703
941.18
941.725
942.171
942.691
943.171
943.688
944.162
944.695
945.171
945.683
946.179
946.667
947.149
947.684
948.173
948.701
949.178
949.677
950.16
950.673
951.157
951.658
952.162
952.654
953.165
953.671
954.186
954.689
955.172
955.693
956.168
956.682
957.143
957.697
958.19
958.673
959.179
959.748
960.162
960.675
961.165
961.689
962.187
962.667
963.184
963.683
964.174
964.662
965.186
965.702
966.158
966.675
967.181
967.69
968.187
968.68
969.157
969.712
970.159
970.679
971.187
971.699
972.195
972.662
973.179
973.676
974.152
974.684
975.172
975.69
976.159
976.692
977.177
977.703
978.168
978.671
979.201
979.718
980.159
980.672
981.153
981.691
982.17
982.698
983.159
983.713
984.182
984.679
985.162
985.687
986.189
986.693
987.185
987.696
988.188
988.673
989.174
989.696
990.185
990.693
991.179
991.678
992.174
992.691
993.176
993.705
994.189
994.709
995.176
995.728
996.156
996.682
997.168
997.695
998.198
998.668
999.175
999.686
1000.17
1000.69
1001.17
1001.72
1002.18
1002.69
1003.17
1003.71
1004.18
1004.67
1005.18
1005.69
1006.15
1006.7
1007.17
1007.7
1008.18
1008.7
1009.19
1009.7
1010.2
1010.69
1011.18
1011.68
1012.18
1012.7
1013.19
1013.67
1014.18
1014.7
1015.22
1015.71
1016.17
1016.71
1017.2
1017.7
1018.19
1018.68
1019.16
1019.71
1020.19
1020.68
1021.2
1021.69
1022.2
1022.67
1023.18
1023.68
1024.17
1024.66
1025.2
1025.69
1026.18
1026.68
1027.19
1027.69
1028.16
1028.68
1029.17
1029.72
1030.18
1030.7
1031.18
1031.7
1032.16
1032.7
1033.16
1033.7
1034.18
1034.7
1035.17
1035.71
1036.15
1036.72
1037.18
1037.7
1038.19
1038.68
1039.19
1039.7
1040.19
1040.66
1041.16
1041.7
1042.2
1042.69
1043.16
1043.7
1044.18
1044.69
1045.18
1045.69
1046.19
1046.69
1047.2
1047.72
1048.16
1048.7
1049.19
1049.71
1050.19
1050.69
1051.15
1051.71
1052.19
1052.68
1053.18
1053.69
1054.19
1054.68
1055.18
1055.71
1056.21
1056.69
1057.18
1057.71
1058.17
1058.69
1059.19
1059.71
1060.21
1060.72
1061.17
1061.7
1062.19
1062.68
1063.16
1063.69
1064.16
1064.69
1065.16
1065.73
1066.17
1066.7
1067.19
1067.7
1068.17
1068.66
1069.18
1069.72
1070.17
1070.69
1071.2
1071.69
1072.18
1072.67
1073.18
1073.71
1074.16
1074.7
1075.17
1075.7
1076.17
1076.71
1077.18
1077.68
1078.17
1078.71
1079.18
1079.71
1080.17
1080.67
1081.2
1081.68
1082.18
1082.71
1083.17
1083.71
1084.17
1084.68
1085.18
1085.68
1086.17
1086.68
1087.17
1087.67
1088.18
1088.68
1089.18
1089.69
1090.17
1090.71
1091.21
1091.68
1092.16
1092.66
1093.18
1093.69
1094.18
1094.68
1095.2
1095.71
1096.17
1096.67
1097.18
